1  1  1  1  1  1  1  1  1  1  1  1  1  1  1  1  1  1  1  1  1  1  1  1  1  1  1  1  1  1  1  
0.974235  0.973944  0.97307  0.971653  0.969756  0.967465  0.964882  0.96212  0.959301  0.956549  0.953982  0.951712  0.949837  0.948438  0.947573  0.947281  0.947573  0.948438  0.949837  0.951712  0.953982  0.956549  0.959301  0.96212  0.964882  0.967465  0.969756  0.971653  0.97307  0.973944  0.974235  
0.948496  0.947919  0.946187  0.943378  0.93962  0.935081  0.929963  0.924492  0.91891  0.91346  0.908379  0.903886  0.900175  0.897405  0.895695  0.895116  0.895695  0.897405  0.900175  0.903886  0.908379  0.91346  0.91891  0.924492  0.929963  0.935081  0.93962  0.943378  0.946187  0.947919  0.948496  
0.922807  0.921954  0.919394  0.915244  0.909693  0.902988  0.895431  0.887355  0.879116  0.871075  0.86358  0.856955  0.851484  0.8474  0.844879  0.844027  0.844879  0.8474  0.851484  0.856955  0.86358  0.871075  0.879116  0.887355  0.895431  0.902988  0.909693  0.915244  0.919394  0.921954  0.922807  
0.897185  0.896071  0.892728  0.88731  0.880063  0.871313  0.861452  0.850918  0.840176  0.829695  0.819929  0.811299  0.804174  0.798858  0.795575  0.794466  0.795575  0.798858  0.804174  0.811299  0.819929  0.829695  0.840176  0.850918  0.861452  0.871313  0.880063  0.88731  0.892728  0.896071  0.897185  
0.871642  0.870285  0.866216  0.859621  0.850801  0.840155  0.828162  0.815355  0.8023  0.789566  0.777705  0.767227  0.758579  0.752127  0.748144  0.746798  0.748144  0.752127  0.758579  0.767227  0.777705  0.789566  0.8023  0.815355  0.828162  0.840155  0.850801  0.859621  0.866216  0.870285  0.871642  
0.846177  0.8446  0.83987  0.832205  0.821956  0.809589  0.795661  0.780793  0.765642  0.750868  0.737112  0.724963  0.714938  0.707461  0.702845  0.701285  0.702845  0.707461  0.714938  0.724963  0.737112  0.750868  0.765642  0.780793  0.795661  0.809589  0.821956  0.832205  0.83987  0.8446  0.846177  
0.820777  0.819004  0.813686  0.805069  0.79355  0.779654  0.764007  0.747309  0.730296  0.713712  0.698274  0.684642  0.673395  0.665006  0.659829  0.658079  0.659829  0.665006  0.673395  0.684642  0.698274  0.713712  0.730296  0.747309  0.764007  0.779654  0.79355  0.805069  0.813686  0.819004  0.820777  
0.795415  0.793472  0.787644  0.778201  0.765579  0.750354  0.733214  0.714925  0.696295  0.678136  0.661234  0.646309  0.633997  0.624814  0.619147  0.617231  0.619147  0.624814  0.633997  0.646309  0.661234  0.678136  0.696295  0.714925  0.733214  0.750354  0.765579  0.778201  0.787644  0.793472  0.795415  
0.770047  0.76796  0.761701  0.75156  0.738006  0.721658  0.703254  0.683616  0.663612  0.644113  0.625962  0.609934  0.596709  0.586846  0.580758  0.5787  0.580758  0.586846  0.596709  0.609934  0.625962  0.644113  0.663612  0.683616  0.703254  0.721658  0.738006  0.75156  0.761701  0.76796  0.770047  
0.744609  0.742406  0.735795  0.725085  0.710769  0.6935  0.674058  0.653309  0.632168  0.611557  0.592366  0.575415  0.561426  0.55099  0.544548  0.54237  0.544548  0.55099  0.561426  0.575415  0.592366  0.611557  0.632168  0.653309  0.674058  0.6935  0.710769  0.725085  0.735795  0.742406  0.744609  
0.719019  0.716724  0.70984  0.698686  0.683773  0.665781  0.645518  0.623887  0.601838  0.580334  0.560301  0.542601  0.527987  0.517081  0.510348  0.508071  0.510348  0.517081  0.527987  0.542601  0.560301  0.580334  0.601838  0.623887  0.645518  0.665781  0.683773  0.698686  0.70984  0.716724  0.719019  
0.693171  0.69081  0.683727  0.672247  0.656897  0.638369  0.617495  0.595199  0.57246  0.550269  0.529585  0.511298  0.496192  0.484915  0.477949  0.475594  0.477949  0.484915  0.496192  0.511298  0.529585  0.550269  0.57246  0.595199  0.617495  0.638369  0.656897  0.672247  0.683727  0.69081  0.693171  
0.666937  0.664533  0.657321  0.64563  0.629992  0.611107  0.589818  0.567065  0.543843  0.521163  0.500007  0.48129  0.46582  0.454266  0.447126  0.444711  0.447126  0.454266  0.46582  0.48129  0.500007  0.521163  0.543843  0.567065  0.589818  0.611107  0.629992  0.64563  0.657321  0.664533  0.666937  
0.640164  0.637739  0.630465  0.61867  0.602885  0.583812  0.562296  0.539282  0.515774  0.492795  0.471343  0.45235  0.43664  0.4249  0.417644  0.415189  0.417644  0.4249  0.43664  0.45235  0.471343  0.492795  0.515774  0.539282  0.562296  0.583812  0.602885  0.61867  0.630465  0.637739  0.640164  
0.612677  0.610253  0.602978  0.59118  0.575382  0.556282  0.534718  0.511632  0.488031  0.464939  0.443363  0.424244  0.408421  0.396589  0.389273  0.386798  0.389273  0.396589  0.408421  0.424244  0.443363  0.464939  0.488031  0.511632  0.534718  0.556282  0.575382  0.59118  0.602978  0.610253  0.612677  
0.58428  0.581875  0.574661  0.562955  0.547272  0.528298  0.50686  0.48389  0.460384  0.437366  0.415839  0.39675  0.38094  0.369113  0.361797  0.359321  0.361797  0.369113  0.38094  0.39675  0.415839  0.437366  0.460384  0.48389  0.50686  0.528298  0.547272  0.562955  0.574661  0.581875  0.58428  
0.554757  0.552391  0.545293  0.533772  0.51833  0.499635  0.478495  0.455825  0.432607  0.409851  0.388554  0.369655  0.353993  0.342271  0.335018  0.332564  0.335018  0.342271  0.353993  0.369655  0.388554  0.409851  0.432607  0.455825  0.478495  0.499635  0.51833  0.533772  0.545293  0.552391  0.554757  
0.523879  0.521571  0.514646  0.503403  0.488325  0.47006  0.449393  0.427214  0.404481  0.382185  0.361305  0.342764  0.327392  0.315883  0.30876  0.306349  0.30876  0.315883  0.327392  0.342764  0.361305  0.382185  0.404481  0.427214  0.449393  0.47006  0.488325  0.503403  0.514646  0.521571  0.523879  
0.491412  0.489181  0.482486  0.471615  0.457029  0.439352  0.419337  0.397846  0.375805  0.354175  0.333908  0.315905  0.300973  0.28979  0.282868  0.280524  0.282868  0.28979  0.300973  0.315905  0.333908  0.354175  0.375805  0.397846  0.419337  0.439352  0.457029  0.471615  0.482486  0.489181  0.491412  
0.457129  0.454994  0.448589  0.438187  0.424226  0.407299  0.388126  0.367529  0.346398  0.325652  0.306207  0.288929  0.274595  0.263859  0.257212  0.254962  0.257212  0.263859  0.274595  0.288929  0.306207  0.325652  0.346398  0.367529  0.388126  0.407299  0.424226  0.438187  0.448589  0.454994  0.457129  
0.420821  0.418803  0.412751  0.40292  0.389723  0.373718  0.355586  0.336102  0.316108  0.296475  0.27807  0.261714  0.248144  0.237979  0.231687  0.229556  0.231687  0.237979  0.248144  0.261714  0.27807  0.296475  0.316108  0.336102  0.355586  0.373718  0.389723  0.40292  0.412751  0.418803  0.420821  
0.382318  0.38044  0.374807  0.365654  0.353368  0.338467  0.321583  0.30344  0.28482  0.266537  0.249397  0.234166  0.221531  0.212066  0.206207  0.204223  0.206207  0.212066  0.221531  0.234166  0.249397  0.266537  0.28482  0.30344  0.321583  0.338467  0.353368  0.365654  0.374807  0.38044  0.382318  
0.341505  0.33979  0.334644  0.326284  0.315062  0.301451  0.286031  0.269462  0.25246  0.235768  0.220123  0.206221  0.194691  0.186055  0.180709  0.178899  0.180709  0.186055  0.194691  0.206221  0.220123  0.235768  0.25246  0.269462  0.286031  0.301451  0.315062  0.326284  0.334644  0.33979  0.341505  
0.298342  0.296812  0.292225  0.284773  0.274771  0.262642  0.248903  0.234143  0.219002  0.204141  0.190215  0.177844  0.167586  0.159904  0.15515  0.15354  0.15515  0.159904  0.167586  0.177844  0.190215  0.204141  0.219002  0.234143  0.248903  0.262642  0.274771  0.284773  0.292225  0.296812  0.298342  
0.252877  0.251558  0.2476  0.24117  0.232542  0.222082  0.210237  0.197516  0.18447  0.171669  0.159678  0.14903  0.140202  0.133593  0.129503  0.128119  0.129503  0.133593  0.140202  0.14903  0.159678  0.171669  0.18447  0.197516  0.210237  0.222082  0.232542  0.24117  0.2476  0.251558  0.252877  
0.205265  0.204178  0.200916  0.195618  0.188511  0.179896  0.170143  0.159672  0.148939  0.13841  0.128552  0.1198  0.112546  0.107117  0.103758  0.102621  0.103758  0.107117  0.112546  0.1198  0.128552  0.13841  0.148939  0.159672  0.170143  0.179896  0.188511  0.195618  0.200916  0.204178  0.205265  
0.155766  0.154931  0.152425  0.148356  0.142899  0.136285  0.128801  0.120768  0.112536  0.104464  0.0969086  0.0902032  0.084647  0.0804891  0.0779168  0.0770462  0.0779168  0.0804891  0.084647  0.0902032  0.0969086  0.104464  0.112536  0.120768  0.128801  0.136285  0.142899  0.148356  0.152425  0.154931  0.155766  
0.104742  0.104176  0.102476  0.099716  0.0960142  0.0915297  0.0864556  0.0810114  0.0754337  0.0699664  0.0648497  0.0603099  0.056549  0.053735  0.0519943  0.0514052  0.0519943  0.053735  0.056549  0.0603099  0.0648497  0.0699664  0.0754337  0.0810114  0.0864556  0.0915297  0.0960142  0.099716  0.102476  0.104176  0.104742  
0.0526477  0.0523614  0.0515023  0.0501076  0.0482372  0.0459716  0.0434086  0.040659  0.0378426  0.0350824  0.0324997  0.0302086  0.0283108  0.0268909  0.0260127  0.0257155  0.0260127  0.0268909  0.0283108  0.0302086  0.0324997  0.0350824  0.0378426  0.040659  0.0434086  0.0459716  0.0482372  0.0501076  0.0515023  0.0523614  0.0526477  
0  0  0  0  0  0  0  0  0  0  0  0  0  0  0  0  0  0  0  0  0  0  0  0  0  0  0  0  0  0  0  
