1  1  1  1  1  1  1  1  1  1  1  1  1  1  1  1  1  1  1  1  1  1  1  1  1  1  1  1  1  1  1  
0.974096  0.973803  0.972927  0.971514  0.969609  0.967327  0.964731  0.961983  0.959147  0.956413  0.953826  0.951579  0.949681  0.948306  0.947417  0.94715  0.947417  0.948306  0.949681  0.951579  0.953826  0.956413  0.959147  0.961983  0.964731  0.967327  0.969609  0.971514  0.972927  0.973803  0.974096  
0.948217  0.94764  0.945911  0.943092  0.939347  0.934787  0.929693  0.924193  0.918644  0.913158  0.908118  0.903584  0.899921  0.897104  0.895444  0.894815  0.895444  0.897104  0.899921  0.903584  0.908118  0.913158  0.918644  0.924193  0.929693  0.934788  0.939347  0.943092  0.945911  0.94764  0.948217  
0.922402  0.921546  0.91898  0.914843  0.909269  0.902593  0.895  0.886968  0.878683  0.8707  0.863149  0.856592  0.851058  0.847048  0.844456  0.843678  0.844456  0.847048  0.851058  0.856592  0.863149  0.8707  0.878683  0.886968  0.895  0.902593  0.909269  0.914843  0.91898  0.921546  0.922402  
0.896653  0.895541  0.892206  0.88677  0.879551  0.870766  0.860955  0.850372  0.839699  0.829156  0.819475  0.810772  0.803742  0.798342  0.795156  0.793954  0.795156  0.798342  0.803742  0.810772  0.819475  0.829156  0.839699  0.850372  0.860955  0.870766  0.879551  0.88677  0.892206  0.895541  0.896653  
0.87101  0.869651  0.865573  0.859002  0.850153  0.839559  0.827519  0.81479  0.801672  0.789037  0.777101  0.766736  0.757999  0.751665  0.747579  0.746346  0.747579  0.751665  0.757999  0.766736  0.777101  0.789037  0.801672  0.81479  0.827519  0.839559  0.850154  0.859002  0.865573  0.869651  0.87101  
0.845442  0.84387  0.839154  0.83147  0.821269  0.808864  0.795016  0.780093  0.76505  0.750206  0.736579  0.724343  0.714456  0.706873  0.702392  0.700709  0.702392  0.706873  0.714455  0.724343  0.736579  0.750206  0.76505  0.780093  0.795016  0.808864  0.821269  0.83147  0.839154  0.84387  0.845442  
0.819979  0.818204  0.812881  0.804302  0.792756  0.778937  0.763246  0.746662  0.729589  0.713146  0.69763  0.684154  0.672808  0.664575  0.659276  0.657669  0.659277  0.664575  0.672808  0.684154  0.69763  0.713146  0.729589  0.746662  0.763246  0.778937  0.792756  0.804302  0.812881  0.818204  0.819979  
0.79455  0.792614  0.786808  0.777353  0.7648  0.749544  0.732517  0.714182  0.6957  0.677479  0.660746  0.645738  0.6336  0.624306  0.618801  0.616746  0.618801  0.624306  0.6336  0.645738  0.660746  0.677479  0.6957  0.714182  0.732517  0.749544  0.764799  0.777353  0.786808  0.792614  0.79455  
0.769162  0.767075  0.760816  0.750729  0.737159  0.720916  0.702482  0.682994  0.662944  0.643626  0.625409  0.609572  0.596255  0.586574  0.58036  0.57846  0.58036  0.586574  0.596255  0.609572  0.625409  0.643625  0.662944  0.682994  0.702482  0.720916  0.737159  0.750729  0.760816  0.767075  0.769162  
0.7437  0.741507  0.734928  0.724216  0.70999  0.692707  0.673408  0.652633  0.631675  0.611021  0.592032  0.575012  0.561223  0.550682  0.544418  0.542097  0.544418  0.550682  0.561223  0.575012  0.592032  0.611021  0.631675  0.652633  0.673408  0.692707  0.70999  0.724216  0.734928  0.741507  0.7437  
0.718138  0.715846  0.708969  0.697883  0.68297  0.665108  0.644836  0.623384  0.601313  0.580017  0.559939  0.542453  0.52776  0.517051  0.510197  0.508083  0.510197  0.517051  0.52776  0.542453  0.559939  0.580017  0.601313  0.623384  0.644836  0.665108  0.682971  0.697883  0.708969  0.715845  0.718138  
0.692313  0.689965  0.682921  0.671452  0.65621  0.637688  0.61698  0.594681  0.57215  0.549937  0.529475  0.511136  0.496242  0.484873  0.478089  0.475595  0.478089  0.484873  0.496242  0.511136  0.529475  0.549937  0.572149  0.594681  0.61698  0.637688  0.65621  0.671452  0.682921  0.689965  0.692313  
0.666153  0.663754  0.656557  0.644947  0.629324  0.610586  0.58931  0.566753  0.54353  0.521073  0.499892  0.481397  0.465864  0.454507  0.447258  0.445  0.447258  0.454507  0.465864  0.481397  0.499892  0.521073  0.54353  0.566753  0.58931  0.610586  0.629324  0.644947  0.656557  0.663754  0.666153  
0.639448  0.637039  0.62981  0.618036  0.60237  0.58332  0.561983  0.538985  0.515693  0.492711  0.471484  0.452454  0.436953  0.425134  0.418051  0.415468  0.418051  0.425134  0.436953  0.452454  0.471484  0.492711  0.515692  0.538985  0.561983  0.583321  0.60237  0.618036  0.62981  0.637039  0.639448  
0.612078  0.60966  0.602406  0.590694  0.574923  0.555976  0.534439  0.511553  0.487966  0.465095  0.443506  0.424601  0.408726  0.39708  0.389667  0.387335  0.389667  0.39708  0.408726  0.424601  0.443506  0.465094  0.487966  0.511553  0.534439  0.555976  0.574923  0.590694  0.602407  0.60966  0.612078  
0.583787  0.581398  0.57423  0.562552  0.546989  0.528048  0.506786  0.483842  0.460543  0.437531  0.416216  0.3971  0.381481  0.369585  0.362426  0.359837  0.362426  0.369585  0.381481  0.3971  0.416216  0.437531  0.460543  0.483842  0.506786  0.528049  0.546989  0.562552  0.57423  0.581398  0.583787  
0.554408  0.55205  0.544974  0.533537  0.518127  0.499577  0.47847  0.455985  0.432787  0.410232  0.388927  0.370218  0.354512  0.342954  0.335615  0.333287  0.335615  0.342954  0.354512  0.370218  0.388927  0.410232  0.432787  0.455985  0.47847  0.499577  0.518127  0.533537  0.544974  0.55205  0.554408  
0.523659  0.521365  0.514484  0.503269  0.488302  0.470071  0.449562  0.427408  0.404858  0.382568  0.36187  0.343304  0.328096  0.316525  0.309536  0.307026  0.309536  0.316525  0.328096  0.343304  0.36187  0.382568  0.404858  0.427409  0.449561  0.470071  0.488302  0.503269  0.514484  0.521365  0.523659  
0.491344  0.489119  0.482445  0.471647  0.457091  0.439539  0.419553  0.398219  0.376193  0.35473  0.334452  0.316606  0.301632  0.290584  0.283586  0.281349  0.283586  0.290584  0.301632  0.316606  0.334452  0.35473  0.376193  0.398219  0.419553  0.439539  0.457091  0.471646  0.482445  0.489119  0.491344  
0.457187  0.455064  0.448696  0.438316  0.424447  0.407545  0.388502  0.367922  0.346937  0.326189  0.306889  0.289582  0.275379  0.264586  0.258047  0.255714  0.258047  0.264586  0.275379  0.289582  0.306889  0.32619  0.346937  0.367922  0.388502  0.407545  0.424446  0.438317  0.448696  0.455064  0.457187  
0.421011  0.418999  0.412962  0.403187  0.390011  0.374104  0.355988  0.336626  0.316634  0.297128  0.278704  0.262467  0.248855  0.238794  0.232437  0.230391  0.232437  0.238794  0.248855  0.262467  0.278704  0.297128  0.316634  0.336626  0.355989  0.374104  0.390011  0.403187  0.412962  0.418999  0.421011  
0.382604  0.380735  0.375128  0.36599  0.35377  0.338882  0.322093  0.303953  0.285439  0.267143  0.250107  0.234844  0.222303  0.212787  0.20701  0.204958  0.20701  0.212787  0.222303  0.234844  0.250107  0.267143  0.285439  0.303953  0.322092  0.338882  0.35377  0.36599  0.375128  0.380735  0.382604  
0.341874  0.340162  0.335025  0.326704  0.31549  0.301947  0.286529  0.270043  0.253031  0.236426  0.220754  0.206935  0.195363  0.186801  0.181402  0.179656  0.181402  0.186801  0.195363  0.206935  0.220754  0.236425  0.253031  0.270043  0.286529  0.301947  0.31549  0.326704  0.335025  0.340162  0.341874  
0.298749  0.297226  0.292655  0.285208  0.275248  0.26312  0.249441  0.234673  0.219599  0.204717  0.190858  0.178454  0.168259  0.160533  0.155836  0.154175  0.155836  0.160533  0.168259  0.178454  0.190858  0.204717  0.219599  0.234673  0.249441  0.26312  0.275248  0.285208  0.292655  0.297226  0.298749  
0.253299  0.25198  0.248025  0.241618  0.23299  0.222569  0.210716  0.198044  0.184981  0.172232  0.160214  0.149616  0.140752  0.134191  0.13006  0.12872  0.13006  0.134191  0.140752  0.149616  0.160214  0.172232  0.184981  0.198044  0.210716  0.222569  0.23299  0.241618  0.248025  0.25198  0.253299  
0.205655  0.20457  0.201317  0.196018  0.188933  0.180312  0.170591  0.160107  0.14941  0.138861  0.12904  0.12026  0.113043  0.107581  0.104257  0.103086  0.104257  0.107581  0.113043  0.12026  0.12904  0.138861  0.14941  0.160107  0.170591  0.180312  0.188933  0.196018  0.201317  0.20457  0.205655  
0.156096  0.155261  0.152755  0.148697  0.143235  0.13664  0.129146  0.121137  0.11289  0.104844  0.0972672  0.0905878  0.0850071  0.0808752  0.0782768  0.0774325  0.0782768  0.0808752  0.0850071  0.0905877  0.0972672  0.104844  0.11289  0.121137  0.129146  0.13664  0.143235  0.148697  0.152755  0.155261  0.156096  
0.104979  0.104413  0.102716  0.0999544  0.0962615  0.0917714  0.0867103  0.0812565  0.0756941  0.0702134  0.0651129  0.0605569  0.0568125  0.053981  0.0522573  0.0516507  0.0522573  0.053981  0.0568125  0.060557  0.0651128  0.0702134  0.0756941  0.0812566  0.0867103  0.0917714  0.0962615  0.0999544  0.102716  0.104413  0.104979  
0.0527723  0.0524859  0.0516265  0.0502346  0.048362  0.0461016  0.0435344  0.0407916  0.0379691  0.0352164  0.0326258  0.0303426  0.028436  0.0270243  0.0261372  0.0258486  0.0261372  0.0270243  0.028436  0.0303425  0.0326259  0.0352164  0.0379691  0.0407916  0.0435344  0.0461016  0.048362  0.0502346  0.0516265  0.0524859  0.0527723  
0  0  0  0  0  0  0  0  0  0  0  0  0  0  0  0  0  0  0  0  0  0  0  0  0  0  0  0  0  0  0  
