1  1  1  1  1  1  1  1  1  1  1  1  1  1  1  1  1  1  1  1  1  1  1  1  1  1  1  1  1  1  1  
0.974088  0.9738  0.972935  0.971495  0.969632  0.967294  0.964768  0.961936  0.959197  0.956355  0.953887  0.951512  0.949749  0.948234  0.947489  0.947076  0.947489  0.948234  0.949749  0.951512  0.953887  0.956355  0.959197  0.961936  0.964768  0.967294  0.969632  0.971495  0.972935  0.9738  0.974088  
0.948225  0.947641  0.945889  0.943123  0.939295  0.934848  0.929614  0.92428  0.918541  0.913267  0.907995  0.903711  0.899783  0.897243  0.895299  0.894958  0.895299  0.897243  0.899783  0.903711  0.907995  0.913267  0.918541  0.92428  0.929614  0.934848  0.939296  0.943123  0.945889  0.947641  0.948225  
0.92238  0.921536  0.919003  0.914788  0.909337  0.902497  0.895109  0.886834  0.878828  0.870533  0.863324  0.856401  0.851253  0.846841  0.844663  0.843466  0.844663  0.846841  0.851253  0.856401  0.863324  0.870533  0.878828  0.886834  0.895109  0.902497  0.909337  0.914788  0.919003  0.921536  0.92238  
0.896668  0.895542  0.892163  0.88683  0.879453  0.870881  0.860805  0.850537  0.839504  0.829363  0.819244  0.811012  0.803485  0.798602  0.794886  0.794221  0.794886  0.798602  0.803485  0.811012  0.819244  0.829363  0.839504  0.850536  0.860805  0.87088  0.879453  0.886829  0.892163  0.895542  0.896668  
0.870975  0.869634  0.86561  0.858916  0.850259  0.839408  0.827688  0.814581  0.801897  0.78878  0.77737  0.766443  0.758299  0.751349  0.747895  0.746023  0.747895  0.751349  0.758299  0.766443  0.77737  0.788781  0.801896  0.814581  0.827688  0.839408  0.850258  0.858916  0.86561  0.869634  0.870975  
0.845463  0.843871  0.839094  0.831552  0.821132  0.809022  0.794809  0.780319  0.764783  0.750489  0.736264  0.724668  0.714109  0.707225  0.702029  0.70107  0.702029  0.707225  0.714109  0.724668  0.736265  0.750489  0.764783  0.780319  0.794809  0.809022  0.821132  0.831552  0.839094  0.843871  0.845463  
0.819934  0.818182  0.812927  0.804192  0.79289  0.778746  0.76346  0.746399  0.729871  0.712825  0.697966  0.68379  0.673181  0.664186  0.659668  0.657271  0.659668  0.664186  0.673181  0.68379  0.697966  0.712825  0.72987  0.746399  0.763459  0.778746  0.79289  0.804192  0.812927  0.818182  0.819934  
0.794575  0.792615  0.786736  0.77745  0.764636  0.749732  0.732271  0.714449  0.695386  0.677811  0.66038  0.646117  0.633199  0.624714  0.618383  0.617164  0.618383  0.624714  0.633199  0.646117  0.66038  0.67781  0.695386  0.714449  0.732272  0.749732  0.764636  0.77745  0.786736  0.792615  0.794575  
0.76911  0.76705  0.760868  0.750604  0.737311  0.720699  0.702723  0.682699  0.66326  0.643269  0.625782  0.609172  0.596666  0.586148  0.58079  0.578026  0.58079  0.586148  0.596666  0.609172  0.625782  0.643269  0.66326  0.682699  0.702722  0.7207  0.73731  0.750604  0.760868  0.76705  0.76911  
0.743727  0.741508  0.734849  0.724322  0.709812  0.692911  0.673143  0.652921  0.631339  0.611375  0.591644  0.575414  0.560801  0.551113  0.543981  0.542536  0.543981  0.551113  0.560802  0.575414  0.591645  0.611375  0.63134  0.65292  0.673143  0.69291  0.709812  0.724321  0.734849  0.741508  0.743727  
0.718083  0.715818  0.709023  0.697751  0.683129  0.664881  0.645087  0.623078  0.601639  0.579651  0.560322  0.542046  0.528179  0.516621  0.510634  0.507646  0.510634  0.516622  0.528179  0.542046  0.560322  0.579651  0.601639  0.623079  0.645086  0.664882  0.683128  0.697751  0.709023  0.715818  0.718083  
0.692339  0.689965  0.68284  0.671559  0.656029  0.637894  0.616713  0.59497  0.571814  0.550291  0.529091  0.511535  0.495829  0.485297  0.477661  0.476028  0.477661  0.485297  0.495829  0.511535  0.529092  0.550291  0.571814  0.59497  0.616713  0.637893  0.656029  0.671559  0.68284  0.689964  0.692339  
0.666098  0.663726  0.65661  0.644816  0.62948  0.610363  0.589555  0.566455  0.543848  0.52072  0.500263  0.481007  0.466267  0.454097  0.447677  0.444584  0.447677  0.454097  0.466267  0.481008  0.500262  0.52072  0.543848  0.566455  0.589555  0.610364  0.629479  0.644816  0.65661  0.663726  0.666098  
0.639473  0.637038  0.629732  0.618139  0.602196  0.583518  0.561728  0.539261  0.515375  0.493046  0.471123  0.45283  0.436567  0.425532  0.417654  0.415873  0.417654  0.425532  0.436568  0.452829  0.471124  0.493046  0.515375  0.53926  0.561728  0.583517  0.602196  0.618139  0.629732  0.637038  0.639473  
0.612026  0.609634  0.602456  0.59057  0.575069  0.555767  0.534669  0.511276  0.488262  0.464768  0.443849  0.424244  0.409097  0.396707  0.390051  0.386958  0.390051  0.396707  0.409097  0.424244  0.443848  0.464769  0.488261  0.511276  0.534668  0.555767  0.575069  0.590571  0.602456  0.609634  0.612026  
0.58381  0.581397  0.574158  0.562646  0.54683  0.528229  0.506553  0.484094  0.460255  0.437836  0.415892  0.397439  0.381136  0.369944  0.362072  0.360201  0.362073  0.369943  0.381137  0.397439  0.415892  0.437835  0.460256  0.484093  0.506554  0.528229  0.54683  0.562646  0.574158  0.581397  0.583809  
0.554362  0.552026  0.545018  0.533426  0.518258  0.49939  0.478675  0.455739  0.433051  0.409943  0.389231  0.369904  0.35484  0.342627  0.335955  0.332957  0.335955  0.342627  0.35484  0.369904  0.389231  0.409944  0.43305  0.455739  0.478675  0.499391  0.518257  0.533426  0.545018  0.552026  0.554362  
0.523678  0.521364  0.514421  0.503352  0.488162  0.470229  0.449358  0.427629  0.404608  0.382834  0.361589  0.343599  0.327799  0.316836  0.309232  0.307342  0.309232  0.316836  0.327799  0.343599  0.36159  0.382834  0.404608  0.427628  0.449358  0.470228  0.488162  0.503351  0.514421  0.521364  0.523678  
0.491304  0.489099  0.482483  0.471552  0.457203  0.439379  0.419729  0.398009  0.376418  0.354485  0.334712  0.31634  0.301911  0.290308  0.283875  0.281071  0.283875  0.290308  0.301911  0.31634  0.334712  0.354486  0.376418  0.398009  0.419729  0.439379  0.457203  0.471552  0.482483  0.489099  0.491304  
0.457203  0.455063  0.448643  0.438386  0.424329  0.407678  0.388332  0.368107  0.346728  0.326412  0.306656  0.289829  0.275132  0.264845  0.257796  0.255977  0.257796  0.264845  0.275132  0.289829  0.306656  0.326412  0.346729  0.368107  0.388332  0.407678  0.42433  0.438385  0.448643  0.455063  0.457203  
0.420979  0.418982  0.412993  0.40311  0.390103  0.373974  0.356133  0.336454  0.316819  0.296929  0.278917  0.262251  0.249084  0.238571  0.232672  0.230165  0.232672  0.238571  0.249084  0.262251  0.278917  0.296929  0.316819  0.336455  0.356133  0.373974  0.390103  0.40311  0.412993  0.418982  0.420979  
0.382617  0.380734  0.375086  0.366045  0.353678  0.338989  0.321958  0.304101  0.285273  0.267321  0.249922  0.235041  0.222108  0.212994  0.20681  0.205168  0.20681  0.212994  0.222108  0.23504  0.249923  0.26732  0.285274  0.3041  0.321958  0.338988  0.353678  0.366045  0.375086  0.380734  0.382617  
0.34185  0.34015  0.335049  0.326645  0.315562  0.301847  0.286642  0.269911  0.253175  0.236272  0.220919  0.206769  0.195541  0.186629  0.181584  0.179483  0.181584  0.186629  0.19554  0.206769  0.220919  0.236272  0.253175  0.269911  0.286641  0.301847  0.315562  0.326645  0.335049  0.34015  0.34185  
0.298759  0.297226  0.292624  0.285249  0.275179  0.263199  0.249341  0.234783  0.219476  0.20485  0.190721  0.178601  0.168114  0.160688  0.155688  0.154332  0.155689  0.160688  0.168114  0.178601  0.190721  0.20485  0.219477  0.234783  0.249341  0.263199  0.27518  0.285249  0.292624  0.297226  0.298759  
0.253282  0.251972  0.248043  0.241577  0.233041  0.222498  0.210796  0.197951  0.185083  0.172123  0.160331  0.149498  0.140878  0.134069  0.13019  0.128597  0.13019  0.134069  0.140878  0.149499  0.160331  0.172123  0.185083  0.197951  0.210796  0.222499  0.233041  0.241577  0.248043  0.251972  0.253282  
0.205662  0.20457  0.201297  0.196046  0.188888  0.180365  0.170525  0.160181  0.149329  0.138949  0.128949  0.120358  0.112947  0.107684  0.10416  0.10319  0.10416  0.107683  0.112947  0.120357  0.128949  0.138949  0.14933  0.16018  0.170526  0.180364  0.188888  0.196046  0.201297  0.20457  0.205662  
0.156086  0.155256  0.152766  0.148673  0.143265  0.136599  0.129194  0.121082  0.112951  0.104779  0.0973372  0.0905179  0.0850824  0.0808028  0.0783544  0.0773594  0.0783544  0.0808029  0.0850823  0.090518  0.0973371  0.104779  0.11295  0.121082  0.129194  0.136599  0.143265  0.148673  0.152766  0.155256  0.156086  
0.104982  0.104413  0.102707  0.0999681  0.0962393  0.0917976  0.0866778  0.081293  0.075654  0.0702574  0.0650679  0.0606056  0.056765  0.0540321  0.0522088  0.0517025  0.0522089  0.0540321  0.0567651  0.0606055  0.065068  0.0702573  0.0756541  0.0812929  0.0866779  0.0917976  0.0962394  0.0999681  0.102707  0.104413  0.104982  
0.0527691  0.0524843  0.05163  0.0502265  0.0483721  0.0460878  0.0435502  0.0407733  0.0379893  0.035195  0.0326491  0.0303194  0.028461  0.0270003  0.026163  0.0258243  0.0261629  0.0270003  0.028461  0.0303194  0.0326491  0.035195  0.0379893  0.0407734  0.0435502  0.0460879  0.0483721  0.0502266  0.05163  0.0524843  0.0527691  
0  0  0  0  0  0  0  0  0  0  0  0  0  0  0  0  0  0  0  0  0  0  0  0  0  0  0  0  0  0  0  
