1  1  1  1  1  1  1  1  1  1  1  1  1  1  1  1  1  1  1  1  1  1  1  1  1  1  1  1  1  1  1  
0.974659  0.973991  0.971985  0.97318  0.967221  0.9704  0.960987  0.966348  0.954193  0.96189  0.947878  0.957916  0.943024  0.955188  0.940391  0.954218  0.940391  0.955187  0.943025  0.957914  0.94788  0.961888  0.954195  0.966345  0.960989  0.970398  0.967222  0.973179  0.971986  0.973991  0.974659  
0.947086  0.947254  0.947757  0.939784  0.944051  0.928704  0.937069  0.915569  0.9284  0.902354  0.919823  0.891099  0.913011  0.883558  0.909253  0.880907  0.909252  0.88356  0.913008  0.891103  0.919819  0.902359  0.928395  0.915574  0.937065  0.928708  0.944048  0.939787  0.947756  0.947254  0.947087  
0.92404  0.92209  0.916242  0.919685  0.902334  0.911508  0.884154  0.899596  0.864374  0.886496  0.846019  0.874819  0.831933  0.866803  0.8243  0.863953  0.824302  0.8668  0.831938  0.874813  0.846026  0.886489  0.864381  0.899589  0.88416  0.911502  0.902339  0.919681  0.916244  0.92209  0.924039  
0.894497  0.894804  0.895727  0.880462  0.888511  0.859195  0.87496  0.834033  0.858141  0.80878  0.841504  0.787323  0.82829  0.772972  0.821001  0.767933  0.820999  0.772976  0.828284  0.78733  0.841496  0.808789  0.858132  0.834043  0.874951  0.859203  0.888505  0.880466  0.895724  0.894805  0.894498  
0.873572  0.870501  0.861286  0.866576  0.839317  0.85346  0.810645  0.834381  0.779535  0.813405  0.750751  0.794705  0.728716  0.781867  0.716796  0.777302  0.716798  0.781862  0.728723  0.794696  0.750761  0.813394  0.779546  0.83437  0.810656  0.85345  0.839325  0.866571  0.86129  0.8705  0.87357  
0.842451  0.842848  0.844039  0.822723  0.833672  0.792882  0.814305  0.757662  0.790282  0.722424  0.766515  0.692572  0.747633  0.672652  0.737215  0.665665  0.737212  0.672658  0.747624  0.692582  0.766503  0.722437  0.790268  0.757676  0.814292  0.792893  0.833662  0.822729  0.844035  0.842849  0.842453  
0.823244  0.819286  0.807411  0.813955  0.778968  0.796578  0.741899  0.771356  0.701793  0.743624  0.664797  0.718888  0.636548  0.701896  0.621292  0.695853  0.621295  0.70189  0.636558  0.718876  0.664811  0.743608  0.701809  0.771341  0.741914  0.796566  0.778979  0.813947  0.807415  0.819285  0.823242  
0.790971  0.791392  0.792654  0.76689  0.779603  0.730519  0.755398  0.687677  0.72539  0.644927  0.695682  0.6088  0.672057  0.584736  0.659013  0.576304  0.659009  0.584743  0.672046  0.608813  0.695667  0.644944  0.725373  0.687694  0.755382  0.730533  0.779591  0.766898  0.792649  0.791393  0.790974  
0.772871  0.768302  0.754594  0.761698  0.72152  0.740867  0.678426  0.710708  0.631887  0.677529  0.589042  0.647899  0.556378  0.62752  0.538754  0.620267  0.538758  0.627512  0.55639  0.647884  0.589059  0.677511  0.631906  0.71069  0.678443  0.740852  0.721532  0.761689  0.754599  0.768301  0.772868  
0.739801  0.740175  0.741297  0.712819  0.72608  0.672086  0.698116  0.62413  0.663461  0.57633  0.629103  0.535974  0.601735  0.509107  0.586605  0.499696  0.586601  0.509116  0.601723  0.535989  0.629086  0.576349  0.663442  0.62415  0.698098  0.672102  0.726067  0.712829  0.741291  0.740176  0.739805  
0.722029  0.717129  0.70243  0.709398  0.666579  0.685956  0.619786  0.652122  0.56925  0.614862  0.522728  0.581519  0.487253  0.558545  0.468108  0.55036  0.468112  0.558536  0.487266  0.581503  0.522746  0.614842  0.569271  0.652102  0.619805  0.685939  0.666592  0.709388  0.702436  0.717128  0.722025  
0.688349  0.688611  0.689397  0.659864  0.672538  0.616815  0.641902  0.566046  0.603946  0.515388  0.566242  0.47257  0.53614  0.444034  0.519471  0.434031  0.519466  0.444043  0.536127  0.472586  0.566223  0.515408  0.603925  0.566067  0.641882  0.616833  0.672523  0.659875  0.689391  0.688612  0.688352  
0.669989  0.665016  0.650095  0.656316  0.613159  0.631091  0.564749  0.594823  0.51234  0.554832  0.463987  0.518958  0.427042  0.494186  0.407073  0.485349  0.407077  0.494177  0.427055  0.518941  0.464007  0.55481  0.512362  0.594802  0.564769  0.631073  0.613174  0.656305  0.650101  0.665014  0.669986  
0.635638  0.635738  0.636036  0.606891  0.61805  0.563317  0.585794  0.511717  0.545858  0.46006  0.506105  0.416264  0.474289  0.387005  0.456639  0.376734  0.456635  0.387015  0.474276  0.416281  0.506085  0.460081  0.545836  0.511739  0.585774  0.563335  0.618035  0.606901  0.63603  0.635739  0.635642  
0.61567  0.610838  0.596341  0.601358  0.559772  0.575154  0.511523  0.537664  0.459049  0.496287  0.410443  0.459087  0.373178  0.433346  0.35299  0.424152  0.352995  0.433336  0.373192  0.45907  0.410463  0.496265  0.459071  0.537642  0.511543  0.575136  0.559787  0.601347  0.596347  0.610836  0.615666  
0.580298  0.580207  0.579933  0.552335  0.561346  0.509757  0.52851  0.459028  0.487917  0.407992  0.447449  0.364542  0.414998  0.335423  0.396968  0.325183  0.396963  0.335432  0.414984  0.364559  0.44743  0.408013  0.487895  0.459049  0.52849  0.509775  0.561332  0.552346  0.579927  0.580208  0.580302  
0.557618  0.553099  0.53954  0.543091  0.504556  0.516732  0.458004  0.479254  0.407079  0.437893  0.35968  0.400657  0.323202  0.374853  0.303391  0.365629  0.303396  0.374843  0.323215  0.40064  0.359699  0.437873  0.407101  0.479233  0.458024  0.516715  0.50457  0.54308  0.539546  0.553098  0.557615  
0.520605  0.520323  0.519477  0.494314  0.500881  0.454055  0.468557  0.405746  0.42871  0.356882  0.388976  0.315104  0.357082  0.287021  0.339348  0.277131  0.339343  0.28703  0.357069  0.31512  0.388958  0.356902  0.428689  0.405766  0.468538  0.454072  0.500867  0.494323  0.519471  0.520324  0.520608  
0.494087  0.490013  0.477789  0.479834  0.445457  0.454237  0.402033  0.418115  0.354243  0.378314  0.309558  0.342478  0.275056  0.317635  0.256281  0.308752  0.256285  0.317626  0.275069  0.342463  0.309576  0.378295  0.354262  0.418095  0.402051  0.454221  0.44547  0.479824  0.477795  0.490011  0.494084  
0.454634  0.454193  0.452873  0.430814  0.434985  0.394127  0.404408  0.349795  0.366877  0.30474  0.329501  0.266087  0.299508  0.240048  0.282832  0.230868  0.282828  0.240056  0.299496  0.266102  0.329484  0.304758  0.366859  0.349814  0.404391  0.394142  0.434973  0.430823  0.452868  0.454194  0.454637  
0.423246  0.419725  0.40916  0.409877  0.380498  0.386124  0.341661  0.352891  0.298699  0.316386  0.258394  0.283562  0.227205  0.260822  0.210213  0.252694  0.210217  0.260815  0.227216  0.283549  0.258409  0.316369  0.298717  0.352874  0.341677  0.38611  0.380509  0.409869  0.409165  0.419724  0.423243  
0.380578  0.380045  0.378445  0.360024  0.362157  0.328199  0.33476  0.289517  0.301317  0.250069  0.2681  0.216158  0.241486  0.193289  0.226701  0.185223  0.226697  0.193296  0.241476  0.216171  0.268086  0.250084  0.301301  0.289532  0.334746  0.328212  0.362146  0.360031  0.378441  0.380045  0.38058  
0.343592  0.340718  0.332099  0.331858  0.308154  0.311222  0.275468  0.282604  0.239179  0.251301  0.205069  0.223224  0.178652  0.203802  0.164254  0.196866  0.164257  0.203796  0.178661  0.223213  0.205082  0.251287  0.239193  0.282591  0.275481  0.311211  0.308163  0.331851  0.332102  0.340718  0.343589  
0.297251  0.296716  0.295111  0.280784  0.281471  0.255186  0.258855  0.223939  0.23141  0.192015  0.204246  0.164552  0.182531  0.146029  0.170484  0.139496  0.170482  0.146035  0.182524  0.164562  0.204235  0.192027  0.231398  0.223951  0.258844  0.255195  0.281463  0.28079  0.295108  0.296716  0.297253  
0.254507  0.252371  0.245963  0.245254  0.22781  0.229125  0.202893  0.206934  0.175172  0.182769  0.149101  0.161159  0.12891  0.146239  0.117909  0.140915  0.117912  0.146235  0.128917  0.16115  0.14911  0.182759  0.175183  0.206924  0.202902  0.229116  0.227816  0.245249  0.245966  0.252371  0.254506  
0.20467  0.204235  0.202932  0.193105  0.193035  0.175077  0.176807  0.153016  0.157219  0.13046  0.137898  0.111061  0.122489  0.0979822  0.113953  0.0933708  0.113951  0.0979859  0.122484  0.111068  0.13789  0.130469  0.15721  0.153024  0.176799  0.175084  0.193029  0.193109  0.20293  0.204236  0.204671  
0.156812  0.155492  0.151533  0.150855  0.140159  0.140537  0.124493  0.126428  0.107049  0.111122  0.0906444  0.097469  0.077947  0.0880593  0.0710319  0.0847046  0.0710334  0.0880565  0.077951  0.097464  0.0906502  0.111115  0.107055  0.126422  0.124499  0.140532  0.140163  0.150852  0.151534  0.155492  0.156811  
0.104491  0.104247  0.103516  0.0985109  0.0982955  0.0891744  0.0897963  0.0777341  0.0795747  0.066037  0.0695181  0.0559812  0.0615119  0.0492053  0.0570814  0.046817  0.0570804  0.0492072  0.0615093  0.0559846  0.0695142  0.0660412  0.0795704  0.0777384  0.0897924  0.0891779  0.0982927  0.098513  0.103515  0.104248  0.104492  
0.0530093  0.0525624  0.0512217  0.0509492  0.0473426  0.0473933  0.0419912  0.0425473  0.0360305  0.0373007  0.0304266  0.0326281  0.0260908  0.0294109  0.0237303  0.0282645  0.0237308  0.02941  0.0260922  0.0326264  0.0304285  0.0372986  0.0360327  0.0425452  0.0419932  0.0473916  0.047344  0.0509482  0.0512223  0.0525623  0.0530089  
0  0  0  0  0  0  0  0  0  0  0  0  0  0  0  0  0  0  0  0  0  0  0  0  0  0  0  0  0  0  0  
