1  1  1  1  1  1  1  1  1  1  1  1  1  1  1  1  1  1  1  1  1  1  1  1  1  1  1  1  1  1  1  
0.97139  0.972889  0.977385  0.963563  0.980951  0.952683  0.982525  0.941195  0.982701  0.930335  0.982114  0.921409  0.981344  0.915545  0.980837  0.913502  0.980835  0.915548  0.981339  0.921416  0.982106  0.930344  0.982692  0.941203  0.982517  0.952691  0.980945  0.963568  0.977383  0.972889  0.971391  
0.953547  0.94943  0.937082  0.958787  0.916923  0.963691  0.894553  0.96519  0.872189  0.964532  0.852395  0.962961  0.837609  0.961535  0.82971  0.960973  0.829714  0.961528  0.837619  0.962947  0.85241  0.964516  0.872206  0.965173  0.894569  0.963677  0.916935  0.958778  0.937087  0.949429  0.953544  
0.914537  0.918888  0.93194  0.89174  0.942204  0.860114  0.946553  0.826829  0.946721  0.79549  0.944614  0.769824  0.94202  0.753012  0.940334  0.747166  0.940329  0.753023  0.942004  0.769844  0.944592  0.795515  0.946695  0.826855  0.946529  0.860135  0.942186  0.891752  0.931932  0.918889  0.914542  
0.906818  0.898954  0.875361  0.916699  0.836835  0.925744  0.794241  0.928044  0.751884  0.926052  0.714605  0.922302  0.686892  0.919017  0.672137  0.917734  0.672144  0.919003  0.686913  0.922276  0.714635  0.926019  0.751918  0.92801  0.794272  0.925716  0.836857  0.916682  0.87537  0.898952  0.906813  
0.858702  0.865492  0.88586  0.822857  0.901609  0.773318  0.907717  0.721486  0.906928  0.673024  0.902417  0.633599  0.89728  0.607909  0.894008  0.599001  0.893999  0.607926  0.897255  0.633631  0.90238  0.673064  0.906886  0.721527  0.907679  0.773352  0.901581  0.822877  0.885849  0.865494  0.858709  
0.859539  0.848599  0.815781  0.872965  0.762136  0.884794  0.703135  0.886722  0.644907  0.882316  0.594069  0.875451  0.556539  0.869653  0.536649  0.867413  0.53666  0.869633  0.556568  0.875414  0.594112  0.882269  0.644956  0.886674  0.70318  0.884755  0.762169  0.872942  0.815794  0.848596  0.85953  
0.804288  0.812905  0.838756  0.758231  0.858223  0.694874  0.864697  0.629058  0.861745  0.56805  0.853777  0.518823  0.84528  0.486948  0.839967  0.475935  0.839956  0.486971  0.845246  0.518865  0.853728  0.568103  0.86169  0.629113  0.864646  0.694919  0.858186  0.758258  0.838741  0.812908  0.804297  
0.811408  0.798264  0.758833  0.826974  0.694216  0.839926  0.623523  0.840174  0.554334  0.832269  0.494448  0.821424  0.450567  0.812538  0.427428  0.809137  0.427441  0.812512  0.450604  0.821378  0.494502  0.83221  0.554395  0.840114  0.62358  0.839876  0.694256  0.826945  0.75885  0.79826  0.811397  
0.751329  0.761057  0.790242  0.698373  0.81141  0.625844  0.816803  0.551013  0.810606  0.482226  0.798362  0.427156  0.785934  0.39171  0.778284  0.379503  0.778269  0.391738  0.785894  0.427207  0.798303  0.48229  0.81054  0.551078  0.816742  0.625898  0.811366  0.698405  0.790224  0.761061  0.75134  
0.762054  0.74765  0.704437  0.778255  0.633267  0.790662  0.55571  0.788118  0.480336  0.775981  0.415582  0.76069  0.368428  0.748457  0.343664  0.743814  0.34368  0.748428  0.368471  0.760637  0.415644  0.775913  0.480406  0.788049  0.555774  0.790605  0.633314  0.778221  0.704457  0.747646  0.762042  
0.699419  0.709535  0.739881  0.64291  0.760781  0.565757  0.763871  0.486527  0.753751  0.414148  0.736913  0.356534  0.720444  0.319605  0.710434  0.306915  0.710418  0.319636  0.720399  0.35659  0.736848  0.414219  0.753678  0.486599  0.763803  0.565817  0.760732  0.642946  0.739861  0.709539  0.699431  
0.710957  0.696194  0.651906  0.726386  0.578346  0.736827  0.498267  0.730789  0.420767  0.714226  0.354485  0.694576  0.306392  0.679154  0.281191  0.67334  0.281207  0.679121  0.306438  0.694518  0.354553  0.714152  0.420843  0.730714  0.498337  0.736765  0.578397  0.726349  0.651927  0.69619  0.710944  
0.64768  0.657533  0.687091  0.590657  0.706042  0.512868  0.706008  0.433081  0.691818  0.360387  0.670654  0.302659  0.65054  0.265714  0.638443  0.253028  0.638426  0.265747  0.650492  0.302719  0.670585  0.360463  0.69174  0.433158  0.705937  0.512931  0.705991  0.590695  0.68707  0.657537  0.647693  
0.657354  0.64301  0.599977  0.67086  0.52759  0.678318  0.448557  0.668585  0.372082  0.647972  0.306721  0.624594  0.25931  0.606531  0.234467  0.599762  0.234484  0.606497  0.259358  0.624534  0.306791  0.647896  0.372161  0.668507  0.44863  0.678254  0.527643  0.670823  0.599998  0.643006  0.657341  
0.594768  0.603838  0.631049  0.539759  0.646818  0.464571  0.643317  0.387215  0.625442  0.316633  0.600755  0.260511  0.577832  0.224551  0.564169  0.212195  0.564152  0.224585  0.577784  0.260572  0.600685  0.316709  0.625363  0.387292  0.643245  0.464634  0.646766  0.539797  0.631027  0.603843  0.594781  
0.600167  0.586849  0.546893  0.61096  0.478509  0.614905  0.4033  0.601777  0.330232  0.577996  0.26759  0.551967  0.222033  0.532123  0.198116  0.524724  0.198133  0.53209  0.22208  0.551907  0.26766  0.577921  0.33031  0.601701  0.403372  0.614842  0.47856  0.610923  0.546914  0.586844  0.600155  
0.538924  0.546849  0.570625  0.487896  0.582513  0.417811  0.575695  0.345188  0.555  0.278583  0.528025  0.225403  0.503464  0.19122  0.488943  0.179454  0.488927  0.191252  0.503418  0.225461  0.527957  0.278657  0.554924  0.345263  0.575626  0.417873  0.582463  0.487933  0.570604  0.546854  0.538937  
0.537981  0.52612  0.490538  0.545691  0.428297  0.546112  0.359075  0.530359  0.291319  0.504709  0.232895  0.477445  0.190215  0.456903  0.167745  0.449281  0.167761  0.456872  0.19026  0.477389  0.23296  0.504638  0.291392  0.530287  0.359142  0.546053  0.428346  0.545656  0.490558  0.526116  0.537969  
0.478101  0.484678  0.50441  0.432529  0.512275  0.369485  0.502779  0.303485  0.48054  0.242499  0.45285  0.193527  0.428064  0.161925  0.413516  0.151025  0.413501  0.161955  0.428021  0.193581  0.452788  0.242567  0.480471  0.303554  0.502715  0.369541  0.512229  0.432562  0.504391  0.484682  0.478112  
0.469151  0.459028  0.428658  0.473844  0.374173  0.471247  0.312731  0.454066  0.252022  0.428185  0.19931  0.401348  0.160614  0.38134  0.14018  0.373948  0.140195  0.381312  0.160654  0.401297  0.199369  0.428121  0.252088  0.454001  0.312791  0.471193  0.374216  0.473813  0.428675  0.459024  0.469141  
0.410214  0.415383  0.430891  0.37122  0.435131  0.316813  0.424046  0.259182  0.401892  0.205491  0.375305  0.162126  0.351861  0.134038  0.338191  0.124333  0.338178  0.134064  0.351823  0.162173  0.375251  0.20555  0.401831  0.259242  0.42399  0.316862  0.435091  0.371249  0.430874  0.415387  0.410224  
0.392093  0.383872  0.35921  0.39424  0.313763  0.389598  0.261753  0.372554  0.209864  0.348331  0.164511  0.323732  0.131073  0.305565  0.113374  0.298879  0.113386  0.305541  0.131107  0.323688  0.164561  0.348277  0.20992  0.372499  0.261804  0.389553  0.313799  0.394213  0.359225  0.383869  0.392084  
0.333576  0.337387  0.348821  0.302073  0.350283  0.257737  0.339071  0.210236  0.318882  0.165649  0.295357  0.129462  0.274876  0.105958  0.263004  0.0978258  0.262993  0.105979  0.274845  0.129501  0.295312  0.165697  0.318832  0.210285  0.339026  0.257777  0.350251  0.302097  0.348808  0.33739  0.333584  
0.305767  0.299542  0.280867  0.306151  0.245559  0.300785  0.204598  0.285681  0.163386  0.26512  0.127171  0.244591  0.100387  0.229552  0.0861871  0.224036  0.0861968  0.229533  0.100414  0.244557  0.12721  0.265077  0.16343  0.285639  0.204638  0.30075  0.245587  0.306131  0.280879  0.29954  0.30576  
0.247457  0.250029  0.257746  0.224243  0.257558  0.191325  0.247877  0.155718  0.231608  0.122098  0.21307  0.0947191  0.197097  0.0769039  0.187884  0.070736  0.187876  0.0769199  0.197074  0.0947479  0.213037  0.122134  0.231571  0.155754  0.247844  0.191355  0.257533  0.22426  0.257736  0.250031  0.247463  
0.210267  0.206091  0.193562  0.20981  0.169363  0.20516  0.140985  0.193808  0.11225  0.178809  0.0869068  0.164023  0.0681265  0.153259  0.0581619  0.149322  0.0581685  0.153246  0.0681452  0.164  0.0869338  0.17878  0.11228  0.193778  0.141012  0.205136  0.169383  0.209796  0.19357  0.206089  0.210262  
0.152635  0.154106  0.158518  0.138387  0.157825  0.118071  0.151248  0.0959463  0.140656  0.0749759  0.128768  0.0578632  0.1186  0.0467178  0.112757  0.0428578  0.112752  0.0467276  0.118586  0.0578809  0.128748  0.0749981  0.140633  0.0959686  0.151228  0.118089  0.15781  0.138397  0.158512  0.154107  0.152639  
0.107261  0.105165  0.0988766  0.106788  0.0865587  0.104099  0.0720128  0.097996  0.0572274  0.0900737  0.0441598  0.0823256  0.034467  0.0767076  0.0293222  0.0746562  0.0293256  0.076701  0.0344765  0.0823137  0.0441736  0.0900588  0.0572427  0.097981  0.0720267  0.104087  0.0865686  0.106781  0.0988806  0.105164  0.107258  
0.0516271  0.0521039  0.0535343  0.0468198  0.0531964  0.0399457  0.0508647  0.0324337  0.047185  0.0253002  0.0430868  0.0194735  0.0395949  0.0156773  0.0375918  0.0143624  0.0375901  0.0156806  0.0395902  0.0194795  0.04308  0.0253076  0.0471773  0.0324412  0.0508577  0.0399519  0.0531915  0.0468234  0.0535323  0.0521043  0.0516283  
0  0  0  0  0  0  0  0  0  0  0  0  0  0  0  0  0  0  0  0  0  0  0  0  0  0  0  0  0  0  0  
