1  1  1  1  1  1  1  1  1  1  1  1  1  1  1  1  1  1  1  1  1  1  1  1  1  1  1  1  1  1  1  
0.960686  0.969281  0.995067  0.932079  1.02591  0.894677  1.05304  0.858841  1.07604  0.82702  1.09421  0.801876  1.10682  0.785741  1.11327  0.780183  1.11327  0.785754  1.1068  0.8019  1.09418  0.827051  1.07601  0.858873  1.05302  0.894703  1.02588  0.932094  0.995058  0.969283  0.960691  
0.9747  0.956558  0.902134  1.02101  0.828107  1.07825  0.75535  1.12766  0.688145  1.16812  0.631623  1.19825  0.590727  1.21685  0.569263  1.22313  0.569277  1.21683  0.590765  1.1982  0.631679  1.16806  0.688208  1.1276  0.755409  1.07819  0.828149  1.02097  0.902152  0.956555  0.974689  
0.883428  0.908405  0.983339  0.800248  1.07274  0.691848  1.15086  0.588584  1.21634  0.497523  1.26744  0.426053  1.30247  0.380435  1.32027  0.364772  1.32025  0.380475  1.30241  0.426125  1.26735  0.497615  1.21625  0.588677  1.15077  0.691925  1.07268  0.800294  0.983312  0.908411  0.883444  
0.947165  0.912544  0.808684  1.03535  0.667646  1.14363  0.529961  1.23585  0.403987  1.31002  0.29912  1.36425  0.223933  1.39721  0.184721  1.40823  0.184748  1.39715  0.224008  1.36416  0.299229  1.3099  0.404111  1.23573  0.530075  1.14353  0.667729  1.03529  0.808719  0.912537  0.947143  
0.810021  0.849096  0.966322  0.67972  1.10556  0.51093  1.22554  0.351861  1.32403  0.213405  1.39899  0.106119  1.44919  0.0383398  1.47424  0.0152008  1.47421  0.0384038  1.4491  0.106235  1.39886  0.213552  1.32388  0.352011  1.2254  0.511054  1.10546  0.679794  0.966279  0.849105  0.810047  
0.91549  0.867434  0.723269  1.03747  0.527932  1.18573  0.339166  1.30927  0.168947  1.40582  0.0294698  1.47422  -0.0691231  1.51467  -0.120035  1.52798  -0.119997  1.51459  -0.0690149  1.47408  0.0296277  1.40564  0.169125  1.3091  0.33933  1.18558  0.528051  1.03738  0.723319  0.867424  0.915459  
0.742231  0.792019  0.941386  0.575798  1.11771  0.361899  1.26674  0.163181  1.38543  -0.00677555  1.47251  -0.136194  1.52869  -0.21681  1.55594  -0.244112  1.5559  -0.216725  1.52856  -0.13604  1.47233  -0.00658042  1.38523  0.16338  1.26655  0.362064  1.11757  0.575897  0.94133  0.792031  0.742265  
0.878323  0.820771  0.648114  1.02369  0.414669  1.19813  0.19178  1.33945  -0.00569136  1.44563  -0.164381  1.51756  -0.27459  1.55838  -0.330796  1.57147  -0.330748  1.55828  -0.274455  1.51739  -0.164183  1.44541  -0.0054681  1.33923  0.191986  1.19794  0.414818  1.02359  0.648176  0.820758  0.878285  
0.68081  0.737347  0.906959  0.49106  1.10571  0.24928  1.26984  0.0281962  1.39572  -0.157173  1.48366  -0.295535  1.5375  -0.380325  1.56251  -0.408771  1.56246  -0.380223  1.53735  -0.29535  1.48345  -0.156939  1.39548  0.0284345  1.26962  0.249477  1.10555  0.491177  0.906892  0.737361  0.680851  
0.834914  0.772129  0.583773  0.992491  0.329419  1.17887  0.0894999  1.325  -0.11918  1.42961  -0.283451  1.49639  -0.39539  1.53208  -0.451711  1.54307  -0.451655  1.53197  -0.395234  1.49619  -0.283222  1.42937  -0.118923  1.32474  0.0897376  1.17866  0.329591  0.992366  0.583845  0.772114  0.83487  
0.625409  0.684681  0.862498  0.425254  1.06919  0.172258  1.23558  -0.0555893  1.35777  -0.242939  1.43812  -0.380019  1.48388  -0.462648  1.50379  -0.490104  1.50373  -0.462534  1.48371  -0.379812  1.43788  -0.242678  1.3575  -0.0553232  1.23533  0.172478  1.06901  0.425385  0.862423  0.684697  0.625455  
0.784979  0.72103  0.529181  0.94417  0.27  1.12972  0.028057  1.27012  -0.178903  1.36517  -0.338743  1.42137  -0.445744  1.44889  -0.498894  1.45681  -0.498833  1.44877  -0.445574  1.42116  -0.338494  1.3649  -0.178624  1.26984  0.0283147  1.12949  0.270186  0.944034  0.529259  0.721014  0.784932  
0.574657  0.633047  0.808216  0.375722  1.01012  0.125857  1.16845  -0.0963956  1.27937  -0.276146  1.34721  -0.405425  1.38221  -0.482237  1.3959  -0.507544  1.39584  -0.482116  1.38203  -0.405206  1.34696  -0.27587  1.27909  -0.0961142  1.16819  0.12609  1.00993  0.37586  0.808137  0.633063  0.574705  
0.728456  0.666828  0.481943  0.880282  0.231474  1.05479  -0.000689154  1.18211  -0.196776  1.26312  -0.345971  1.30659  -0.444443  1.32519  -0.492855  1.3299  -0.492792  1.32506  -0.444267  1.30637  -0.345714  1.26284  -0.196488  1.18182  -0.000423358  1.05456  0.231666  0.880143  0.482023  0.666811  0.728408  
0.526356  0.580936  0.744676  0.338124  0.931776  0.102582  1.07475  -0.105271  1.17014  -0.271455  1.22375  -0.389524  1.24778  -0.45895  1.2555  -0.481682  1.25543  -0.458828  1.2476  -0.389303  1.22349  -0.271176  1.16985  -0.104987  1.07449  0.102816  0.931585  0.338263  0.744597  0.580952  0.526404  
0.66522  0.608602  0.438748  0.802877  0.207355  0.959108  -0.00655695  1.06906  -0.185926  1.1345  -0.321158  1.1655  -0.409628  1.17603  -0.452836  1.17795  -0.452774  1.17591  -0.409453  1.16528  -0.320904  1.13422  -0.185641  1.06878  -0.00629503  0.958877  0.207543  0.80274  0.438826  0.608586  0.665173  
0.477742  0.526404  0.67239  0.307235  0.837703  0.0940166  0.960948  -0.093647  1.0392  -0.242886  1.07908  -0.348262  1.09354  -0.409886  1.09635  -0.429995  1.09629  -0.409767  1.09337  -0.348047  1.07883  -0.242617  1.03892  -0.0933733  0.960692  0.0942418  0.837519  0.307368  0.672314  0.526419  0.477788  
0.594871  0.545109  0.395823  0.713874  0.190721  0.847449  0.000717699  0.938257  -0.15839  0.988593  -0.277998  1.00884  -0.355991  1.013  -0.393983  1.01282  -0.393924  1.01288  -0.355827  1.00863  -0.277758  0.988332  -0.158121  0.937993  0.000964446  0.847232  0.190898  0.713746  0.395897  0.545094  0.594826  
0.425784  0.467227  0.591556  0.277699  0.730995  0.0920848  0.832551  -0.0717128  0.893944  -0.202042  0.921879  -0.294019  0.928905  -0.347759  0.92821  -0.365281  0.928154  -0.34765  0.928747  -0.293821  0.92165  -0.201793  0.893688  -0.0714606  0.832315  0.0922918  0.730827  0.277821  0.591486  0.467241  0.425826  
0.516681  0.474863  0.349408  0.614695  0.175137  0.723676  0.0126679  0.795363  -0.123905  0.832243  -0.226816  0.844083  -0.294011  0.843829  -0.32676  0.842308  -0.326707  0.843726  -0.293862  0.843896  -0.2266  0.832008  -0.123663  0.795125  0.0128893  0.723482  0.175295  0.61458  0.349473  0.47485  0.516642  
0.36757  0.401184  0.502026  0.244702  0.613956  0.0899605  0.693705  -0.0475236  0.739653  -0.157469  0.757972  -0.235345  0.759881  -0.28095  0.757102  -0.295835  0.757052  -0.280854  0.759743  -0.235171  0.757771  -0.157251  0.739428  -0.0473032  0.693499  0.090141  0.613809  0.244808  0.501966  0.401196  0.367606  
0.429791  0.39641  0.296265  0.506238  0.155379  0.590564  0.022808  0.64434  -0.0894531  0.669948  -0.174533  0.675828  -0.230315  0.673063  -0.257566  0.670913  -0.257521  0.672975  -0.230188  0.675669  -0.17435  0.669749  -0.089248  0.644139  0.0229955  0.590399  0.155513  0.506142  0.29632  0.396399  0.429758  
0.300802  0.326492  0.403561  0.2046  0.488177  0.082692  0.547247  -0.0266133  0.57975  -0.11468  0.590868  -0.177417  0.589823  -0.214297  0.586234  -0.226355  0.586194  -0.214218  0.58971  -0.177275  0.590703  -0.114502  0.579566  -0.0264332  0.547079  0.0828393  0.488057  0.204686  0.403512  0.326502  0.300832  
0.333648  0.3088  0.234257  0.38918  0.12803  0.450032  0.0270286  0.48776  -0.0592447  0.504389  -0.125086  0.506555  -0.168471  0.502928  -0.189728  0.500755  -0.189692  0.502859  -0.168372  0.506431  -0.124942  0.504233  -0.059084  0.487603  0.0271751  0.449903  0.128134  0.389105  0.2343  0.308792  0.333622  
0.224389  0.242371  0.296317  0.155484  0.354923  0.0676196  0.395108  -0.0118998  0.416317  -0.0764644  0.422437  -0.122729  0.420272  -0.15003  0.416922  -0.158973  0.416892  -0.149972  0.420188  -0.122624  0.422315  -0.0763321  0.416181  -0.0117665  0.394984  0.0677284  0.354834  0.155548  0.296281  0.242378  0.22441  
0.228591  0.212168  0.162899  0.264486  0.0918965  0.303617  0.0237516  0.327314  -0.0349183  0.337047  -0.0799753  0.337363  -0.109796  0.334181  -0.124444  0.33246  -0.12442  0.334134  -0.109728  0.337278  -0.0798764  0.33694  -0.0348079  0.327206  0.0238521  0.303529  0.0919681  0.264435  0.162929  0.212162  0.228573  
0.13897  0.149573  0.181385  0.0975871  0.215646  0.0445498  0.238815  -0.00381122  0.250648  -0.0433191  0.253543  -0.0717593  0.251657  -0.088591  0.249325  -0.0941121  0.249306  -0.088555  0.251605  -0.0716943  0.253468  -0.0432378  0.250564  -0.00372935  0.238739  0.0446165  0.215592  0.0976261  0.181363  0.149578  0.138983  
0.116328  0.10817  0.0836948  0.133878  0.0481505  0.152946  0.0138149  0.164309  -0.0159077  0.168741  -0.0388311  0.168548  -0.0540473  0.166722  -0.0615339  0.165779  -0.0615215  0.166698  -0.0540125  0.168504  -0.0387807  0.168687  -0.0158516  0.164254  0.013866  0.152901  0.0481868  0.133852  0.0837097  0.108167  0.116319  
0.0471052  0.0506048  0.0611039  0.0333072  0.0723554  0.0155733  0.079906  -0.000664237  0.0836913  -0.0139739  0.0845218  -0.0235788  0.0837928  -0.029272  0.0829611  -0.0311409  0.0829548  -0.0292598  0.0837753  -0.0235568  0.0844965  -0.0139465  0.0836632  -0.00063664  0.0798804  0.0155958  0.0723372  0.0333203  0.0610964  0.0506063  0.0471096  
0  0  0  0  0  0  0  0  0  0  0  0  0  0  0  0  0  0  0  0  0  0  0  0  0  0  0  0  0  0  0  
