1  1  1  1  1  1  1  1  1  1  1  1  1  1  1  1  1  1  1  1  1  1  1  1  1  1  1  1  1  1  1  
19620.1  6612.86  -32408.9  57709.6  -82398.9  106323  -129260  150952  -171093  189376  -205477  219107  -229998  237941  -242769  244391  -242768  237939  -229996  219105  -205474  189373  -171090  150949  -129257  106321  -82396.8  57708.1  -32408  6612.67  19619.5  
-38772.7  -13065.1  64057.8  -114043  162795  -209973  255151  -297801  337346  -373169  404674  -431294  452544  -468016  477423  -480575  477421  -468014  452540  -431289  404669  -373163  337339  -297794  255145  -209968  162791  -114040  64056  -13064.7  -38771.6  
57020.6  19212.7  -94210.8  167696  -239271  308419  -374478  436687  -494200  546161  -591724  630131  -660714  682950  -696443  700969  -696441  682946  -660709  630124  -591716  546152  -494191  436678  -374469  308411  -239264  167692  -94208.2  19212.2  57018.9  
-73951.6  -24911  122211  -217470  310106  -399374  484400  -564182  637668  -703794  761564  -810081  848601  -876531  893456  -899123  893454  -876525  848594  -810072  761553  -703782  637656  -564170  484389  -399364  310097  -217464  122208  -24910.2  -73949.5  
89224.7  30049  -147478  262349  -373821  480923  -582540  677479  -764506  842438  -910190  966840  -1.01163e+06  1.04401e+06  -1.06359e+06  1.07014e+06  -1.06358e+06  1.04401e+06  -1.01162e+06  966828  -910176  842423  -764490  677464  -582526  480910  -373810  262342  -147474  30048.1  89222  
-102552  -34524.7  169558  -301508  429259  -551564  667099  -774481  872368  -959513  1.03485e+06  -1.09749e+06  1.14679e+06  -1.18229e+06  1.20369e+06  -1.21084e+06  1.20369e+06  -1.18228e+06  1.14678e+06  -1.09748e+06  1.03483e+06  -959496  872350  -774463  667083  -551550  429247  -301499  169553  -34523.6  -102549  
113736  38275.9  -188105  334362  -475589  610278  -736875  853867  -959835  1.05356e+06  -1.13404e+06  1.20056e+06  -1.25261e+06  1.28993e+06  -1.31235e+06  1.31983e+06  -1.31235e+06  1.28992e+06  -1.2526e+06  1.20054e+06  -1.13402e+06  1.05354e+06  -959815  853847  -736856  610262  -475576  334352  -188100  38274.7  113733  
-122645  -41254.1  202920  -360548  512343  -656503  791286  -915058  1.0264e+06  -1.12416e+06  1.2075e+06  -1.2759e+06  1.32909e+06  -1.36703e+06  1.38975e+06  -1.39731e+06  1.38974e+06  -1.36702e+06  1.32908e+06  -1.27588e+06  1.20748e+06  -1.12414e+06  1.02638e+06  -915036  791265  -656485  512328  -360537  202914  -41252.8  -122642  
129239  43450.1  -213915  379945  -539374  690138  -830304  958180  -1.07237e+06  1.17185e+06  -1.25599e+06  1.32452e+06  -1.37746e+06  1.415e+06  -1.43738e+06  1.44482e+06  -1.43737e+06  1.41499e+06  -1.37744e+06  1.3245e+06  -1.25597e+06  1.17183e+06  -1.07234e+06  958156  -830282  690118  -539358  379933  -213909  43448.7  129234  
-133535  -44867  221136  -392631  556853  -711469  854409  -983931  1.09872e+06  -1.19791e+06  1.28111e+06  -1.34833e+06  1.39987e+06  -1.43619e+06  1.45776e+06  -1.4649e+06  1.45775e+06  -1.43618e+06  1.39986e+06  -1.34831e+06  1.28109e+06  -1.19788e+06  1.09869e+06  -983906  854385  -711448  556836  -392619  221128  -44865.5  -133530  
135629  45542  -224718  398881  -565201  721132  -864474  993491  -1.10695e+06  1.20419e+06  -1.28506e+06  1.34984e+06  -1.39913e+06  1.43364e+06  -1.45402e+06  1.46076e+06  -1.45402e+06  1.43362e+06  -1.39911e+06  1.34982e+06  -1.28504e+06  1.20417e+06  -1.10693e+06  993464  -864449  721110  -565183  398868  -224710  45540.4  135624  
-135658  -45518.6  224899  -399112  565065  -720013  861688  -988361  1.09893e+06  -1.19291e+06  1.27039e+06  -1.33193e+06  1.37837e+06  -1.41066e+06  1.42964e+06  -1.4359e+06  1.42964e+06  -1.41065e+06  1.37836e+06  -1.33191e+06  1.27037e+06  -1.19288e+06  1.0989e+06  -988334  861662  -719990  565046  -399099  224891  -45517  -135653  
133811  44865.7  -221971  393868  -557234  709198  -847433  970264  -1.0767e+06  1.16645e+06  -1.23981e+06  1.29758e+06  -1.34083e+06  1.37068e+06  -1.38814e+06  1.39388e+06  -1.38813e+06  1.37067e+06  -1.34081e+06  1.29756e+06  -1.23979e+06  1.16642e+06  -1.07667e+06  970236  -847406  709174  -557215  393854  -221963  44864.1  133807  
-130297  -43651.3  216287  -383764  542616  -689876  823215  -941009  1.0424e+06  -1.12723e+06  1.19602e+06  -1.24974e+06  1.28962e+06  -1.31696e+06  1.33286e+06  -1.33807e+06  1.33286e+06  -1.31695e+06  1.2896e+06  -1.24971e+06  1.196e+06  -1.1272e+06  1.04237e+06  -940980  823188  -689852  542596  -383750  216279  -43649.7  -130293  
125352  41959.4  -208217  369470  -522160  663297  -790563  902414  -998091  1.0776e+06  -1.14157e+06  1.19112e+06  -1.22763e+06  1.25249e+06  -1.26687e+06  1.27157e+06  -1.26686e+06  1.25248e+06  -1.22762e+06  1.1911e+06  -1.14154e+06  1.07757e+06  -998062  902386  -790537  663274  -522141  369456  -208209  41957.8  125347  
-119205  -39865.9  198152  -351662  496838  -630697  750982  -856220  945757  -1.01969e+06  1.07877e+06  -1.1242e+06  1.15743e+06  -1.1799e+06  1.19283e+06  -1.19705e+06  1.19283e+06  -1.17989e+06  1.15741e+06  -1.12418e+06  1.07875e+06  -1.01966e+06  945728  -856192  750956  -630674  496819  -351649  198144  -39864.3  -119200  
112096  37454.9  -186468  331014  -467582  593269  -705885  804048  -887178  955457  -1.00968e+06  1.05111e+06  -1.0812e+06  1.10143e+06  -1.11302e+06  1.11678e+06  -1.11301e+06  1.10142e+06  -1.08119e+06  1.05109e+06  -1.00966e+06  955430  -887150  804020  -705859  593246  -467564  331000  -186460  37453.3  112091  
-104240  -34797.1  173531  -308152  435280  -552112  656570  -747349  823943  -886568  936051  -973636  1.00078e+06  -1.01892e+06  1.02927e+06  -1.03263e+06  1.02927e+06  -1.01891e+06  1.00077e+06  -973615  936027  -886542  823916  -747322  656545  -552090  435262  -308139  173523  -34795.6  -104235  
95843.9  31965.6  -159669  283662  -400729  508225  -604185  687399  -757408  814449  -859329  893258  -917639  933857  -943071  946051  -943065  933846  -917623  893238  -859306  814424  -757382  687374  -604161  508204  -400712  283650  -159662  31964.1  95839.7  
-87084.2  -29017  145185  -258055  364640  -462471  549725  -625278  688714  -740262  780692  -811140  832931  -847368  855544  -858183  855539  -847358  832916  -811121  780670  -740239  688690  -625254  549703  -462451  364624  -258044  145178  -29015.7  -87080.3  
78117.9  26006.9  -130326  231775  -327613  415586  -494016  561877  -618780  664940  -701057  728182  -747532  760311  -767528  769855  -767523  760302  -747518  728164  -701037  664918  -618757  561854  -493996  415568  -327598  231764  -130320  26005.7  78114.3  
-69067  -22973.8  115306  -205180  290143  -368160  437725  -497898  548326  -589190  621115  -645043  662074  -673293  679617  -681652  679612  -673284  662061  -645027  621097  -589170  548306  -497878  437706  -368144  290129  -205170  115300  -22972.7  -69063.7  
60031.6  19953  -100283  178554  -252608  320656  -381356  433875  -477884  513531  -541357  562186  -576987  586720  -592197  593959  -592193  586713  -576975  562172  -541340  513513  -477865  433857  -381339  320641  -252596  178546  -100278  19952  60028.7  
-51078  -16964.4  85376.3  -152100  215288  -273398  325272  -370177  407820  -438310  462103  -479900  492534  -500832  505497  -506996  505494  -500825  492524  -479888  462088  -438294  407804  -370162  325257  -273385  215277  -152092  85371.9  -16963.6  -51075.4  
42251.4  14024.3  -70657.1  125947  -178355  226596  -269697  307036  -338352  363727  -383529  398338  -408843  415739  -419612  420856  -419609  415733  -408835  398327  -383517  363714  -338339  307023  -269684  226585  -178346  125940  -70653.5  14023.5  42249.2  
-33568.3  -11135.8  56161.6  -100155  141895  -180350  214738  -244552  269576  -289860  305695  -317536  325935  -331445  334539  -335532  334536  -331440  325928  -317528  305685  -289850  269564  -244541  214728  -180341  141888  -100150  56158.6  -11135.2  -33566.5  
25028.3  8299.39  -41887.2  74730  -105913  134666  -160398  182726  -201477  216686  -228562  237445  -243745  247877  -250196  250941  -250194  247873  -243739  237439  -228555  216678  -201468  182718  -160391  134660  -105908  74726.1  -41885  8298.95  25026.9  
-16610.1  -5506.04  27806.2  -49622.6  70349.7  -89473.1  106599  -121467  133961  -144100  152020  -157944  162146  -164901  166448  -166944  166447  -164899  162142  -157939  152014  -144094  133956  -121462  106594  -89468.6  70346.1  -49620  27804.7  -5505.74  -16609.2  
8281.68  2744.81  -13865.8  24749.6  -35093.5  44641.3  -53194.9  60624.3  -66869.4  71938.9  -75899.5  78862.9  -80964.6  82343.2  -83116.7  83365.1  -83116.1  82341.9  -80962.9  78860.7  -75897  71936.1  -66866.6  60621.5  -53192.4  44639.1  -35091.7  24748.3  -13865.1  2744.66  8281.23  
0  0  0  0  0  0  0  0  0  0  0  0  0  0  0  0  0  0  0  0  0  0  0  0  0  0  0  0  0  0  0  
