1  1  1  1  1  1  1  1  1  1  1  1  1  1  1  1  1  1  1  1  1  1  1  1  1  1  1  1  1  1  1  
-93138.1  -31388  153862  -273963  391183  -504750  613647  -716617  812247  -899031  975478  -1.04018e+06  1.09189e+06  -1.12959e+06  1.15252e+06  -1.16021e+06  1.15251e+06  -1.12958e+06  1.09188e+06  -1.04017e+06  975468  -899020  812236  -716605  613637  -504740  391175  -273957  153859  -31387.3  -93136.1  
184073  62030.2  -304100  541409  -772840  996822  -1.21129e+06  1.41377e+06  -1.6015e+06  1.77157e+06  -1.92113e+06  2.04751e+06  -2.14839e+06  2.22185e+06  -2.2665e+06  2.28147e+06  -2.26649e+06  2.22184e+06  -2.14837e+06  2.0475e+06  -1.92111e+06  1.77155e+06  -1.60147e+06  1.41375e+06  -1.21127e+06  996804  -772825  541398  -304093  62028.8  184070  
-270692  -91204.3  447258  -796109  1.13591e+06  -1.46417e+06  1.77779e+06  -2.07311e+06  2.34615e+06  -2.59282e+06  2.80913e+06  -2.99146e+06  3.13666e+06  -3.24221e+06  3.30628e+06  -3.32775e+06  3.30627e+06  -3.24219e+06  3.13664e+06  -2.99143e+06  2.8091e+06  -2.59278e+06  2.34612e+06  -2.07307e+06  1.77775e+06  -1.46414e+06  1.13589e+06  -796092  447248  -91202.3  -270686  
351080  118266  -580174  1.03241e+06  -1.47218e+06  1.89598e+06  -2.29962e+06  2.67838e+06  -3.02724e+06  3.34117e+06  -3.61542e+06  3.84575e+06  -4.02861e+06  4.16121e+06  -4.24156e+06  4.26847e+06  -4.24155e+06  4.1612e+06  -4.02859e+06  3.84572e+06  -3.61538e+06  3.34112e+06  -3.02719e+06  2.67833e+06  -2.29957e+06  1.89594e+06  -1.47215e+06  1.03239e+06  -580162  118264  351072  
-423576  -142648  700136  -1.24546e+06  1.77466e+06  -2.28311e+06  2.76553e+06  -3.21623e+06  3.62939e+06  -3.99935e+06  4.321e+06  -4.58993e+06  4.80259e+06  -4.9563e+06  5.04924e+06  -5.08032e+06  5.04923e+06  -4.95628e+06  4.80256e+06  -4.58989e+06  4.32095e+06  -3.9993e+06  3.62933e+06  -3.21618e+06  2.76548e+06  -2.28306e+06  1.77463e+06  -1.24543e+06  700121  -142645  -423567  
486856  163906  -804945  1.43137e+06  -2.03784e+06  2.61848e+06  -3.16695e+06  3.67674e+06  -4.14144e+06  4.55515e+06  -4.91278e+06  5.21018e+06  -5.44423e+06  5.61275e+06  -5.71435e+06  5.7483e+06  -5.71434e+06  5.61272e+06  -5.44419e+06  5.21013e+06  -4.91272e+06  4.55509e+06  -4.14137e+06  3.67668e+06  -3.16689e+06  2.61842e+06  -2.0378e+06  1.43134e+06  -804927  163902  486845  
-539942  -181705  893006  -1.58733e+06  2.25779e+06  -2.8972e+06  3.49821e+06  -4.0536e+06  4.55668e+06  -5.00161e+06  5.3837e+06  -5.69946e+06  5.9466e+06  -6.12374e+06  6.2302e+06  -6.2657e+06  6.23018e+06  -6.12371e+06  5.94656e+06  -5.69941e+06  5.38363e+06  -5.00154e+06  4.55661e+06  -4.05353e+06  3.49814e+06  -2.89714e+06  2.25775e+06  -1.5873e+06  892986  -181700  -539929  
582245  195852  -963328  1.71165e+06  -2.43227e+06  3.11665e+06  -3.75651e+06  4.34411e+06  -4.87269e+06  5.33679e+06  -5.73243e+06  6.05714e+06  -6.30968e+06  6.48978e+06  -6.59762e+06  6.63351e+06  -6.5976e+06  6.48974e+06  -6.30963e+06  6.05707e+06  -5.73236e+06  5.33671e+06  -4.87261e+06  4.34403e+06  -3.75643e+06  3.11659e+06  -2.43222e+06  1.71161e+06  -963306  195847  582232  
-613536  -206268  1.01554e+06  -1.80373e+06  2.5606e+06  -3.27632e+06  3.94175e+06  -4.54881e+06  5.0909e+06  -5.56318e+06  5.96263e+06  -6.28797e+06  6.53929e+06  -6.71748e+06  6.82376e+06  -6.85905e+06  6.82374e+06  -6.71745e+06  6.53923e+06  -6.28791e+06  5.96255e+06  -5.56309e+06  5.09082e+06  -4.54872e+06  3.94167e+06  -3.27625e+06  2.56054e+06  -1.80369e+06  1.01551e+06  -206263  -613522  
633939  213003  -1.0498e+06  1.86396e+06  -2.64357e+06  3.37759e+06  -4.05617e+06  4.67106e+06  -5.21599e+06  5.6869e+06  -6.08188e+06  6.401e+06  -6.64568e+06  6.81811e+06  -6.92049e+06  6.95441e+06  -6.92047e+06  6.81808e+06  -6.64563e+06  6.40093e+06  -6.0818e+06  5.68681e+06  -5.2159e+06  4.67097e+06  -4.05609e+06  3.37752e+06  -2.64351e+06  1.86392e+06  -1.04978e+06  212998  633923  
-643872  -216199  1.06682e+06  -1.89362e+06  2.68321e+06  -3.42346e+06  4.10396e+06  -4.71644e+06  5.25509e+06  -5.71672e+06  6.10062e+06  -6.40817e+06  6.64216e+06  -6.80596e+06  6.90275e+06  -6.93474e+06  6.90273e+06  -6.80592e+06  6.6421e+06  -6.4081e+06  6.10054e+06  -5.71662e+06  5.25499e+06  -4.71634e+06  4.10387e+06  -3.42338e+06  2.68315e+06  -1.89358e+06  1.06679e+06  -216194  -643855  
644017  216096  -1.06767e+06  1.89473e+06  -2.68255e+06  3.41815e+06  -4.09072e+06  4.69209e+06  -5.21699e+06  5.66314e+06  -6.03098e+06  6.32313e+06  -6.54361e+06  6.6969e+06  -6.78702e+06  6.81672e+06  -6.787e+06  6.69686e+06  -6.54355e+06  6.32305e+06  -6.03089e+06  5.66305e+06  -5.21689e+06  4.69199e+06  -4.09063e+06  3.41807e+06  -2.68248e+06  1.89468e+06  -1.06764e+06  216090  644000  
-635244  -212989  1.05378e+06  -1.86982e+06  2.64538e+06  -3.3668e+06  4.02305e+06  -4.60617e+06  5.11147e+06  -5.53752e+06  5.88581e+06  -6.16007e+06  6.36536e+06  -6.50709e+06  6.58997e+06  -6.61721e+06  6.58995e+06  -6.50704e+06  6.3653e+06  -6.15999e+06  5.88572e+06  -5.53742e+06  5.11137e+06  -4.60607e+06  4.02296e+06  -3.36671e+06  2.64531e+06  -1.86977e+06  1.05375e+06  -212983  -635227  
618569  207231  -1.02678e+06  1.82186e+06  -2.57597e+06  3.27507e+06  -3.90807e+06  4.46729e+06  -4.9486e+06  5.35135e+06  -5.67792e+06  5.93292e+06  -6.12226e+06  6.25205e+06  -6.32755e+06  6.35229e+06  -6.32752e+06  6.252e+06  -6.12219e+06  5.93284e+06  -5.67782e+06  5.35125e+06  -4.94849e+06  4.46718e+06  -3.90798e+06  3.27499e+06  -2.57591e+06  1.82181e+06  -1.02676e+06  207225  618552  
-595082  -199192  988480  -1.75399e+06  2.47887e+06  -3.14889e+06  3.75307e+06  -4.28406e+06  4.73827e+06  -5.1157e+06  5.4194e+06  -5.65466e+06  5.82799e+06  -5.94598e+06  6.01425e+06  -6.03656e+06  6.01423e+06  -5.94593e+06  5.82792e+06  -5.65458e+06  5.41931e+06  -5.1156e+06  4.73817e+06  -4.28396e+06  3.75297e+06  -3.1488e+06  2.4788e+06  -1.75394e+06  988452  -199186  -595065  
565910  189260  -940690  1.66946e+06  -2.35865e+06  2.99413e+06  -3.56516e+06  4.06476e+06  -4.48981e+06  4.84081e+06  -5.12129e+06  5.33696e+06  -5.4947e+06  5.60137e+06  -5.66278e+06  5.68279e+06  -5.66275e+06  5.60133e+06  -5.49464e+06  5.33689e+06  -5.1212e+06  4.84071e+06  -4.48971e+06  4.06466e+06  -3.56506e+06  2.99405e+06  -2.35858e+06  1.66941e+06  -940663  189254  565893  
-532152  -177807  885226  -1.57143e+06  2.21977e+06  -2.81644e+06  3.35107e+06  -3.81707e+06  4.21173e+06  -4.53586e+06  4.7933e+06  -4.98996e+06  5.13283e+06  -5.22885e+06  5.28386e+06  -5.30174e+06  5.28384e+06  -5.22881e+06  5.13277e+06  -4.98988e+06  4.79321e+06  -4.53577e+06  4.21163e+06  -3.81697e+06  3.35097e+06  -2.81636e+06  2.2197e+06  -1.57138e+06  885199  -177802  -532135  
494862  165196  -823802  1.4629e+06  -2.06641e+06  2.62106e+06  -3.11694e+06  3.54791e+06  -3.91152e+06  4.20883e+06  -4.44374e+06  4.62217e+06  -4.75103e+06  4.83717e+06  -4.8863e+06  4.90222e+06  -4.88628e+06  4.83713e+06  -4.75098e+06  4.62209e+06  -4.44365e+06  4.20873e+06  -3.91142e+06  3.54781e+06  -3.11686e+06  2.62098e+06  -2.06635e+06  1.46285e+06  -823776  165191  494846  
-454999  -151748  758005  -1.34663e+06  1.90239e+06  -2.4127e+06  2.86826e+06  -3.2633e+06  3.59566e+06  -3.86645e+06  4.07951e+06  -4.24058e+06  4.35633e+06  -4.43332e+06  4.47707e+06  -4.49122e+06  4.47705e+06  -4.43328e+06  4.35627e+06  -4.24051e+06  4.07943e+06  -3.86636e+06  3.59557e+06  -3.26321e+06  2.86818e+06  -2.41263e+06  1.90233e+06  -1.34659e+06  757980  -151743  -454984  
413419  137756  -689235  1.22507e+06  -1.73106e+06  2.1955e+06  -2.60972e+06  2.96839e+06  -3.26954e+06  3.51426e+06  -3.70619e+06  3.85074e+06  -3.95419e+06  4.02273e+06  -4.06155e+06  4.07408e+06  -4.06153e+06  4.02269e+06  -3.95414e+06  3.85067e+06  -3.70611e+06  3.51418e+06  -3.26945e+06  2.96831e+06  -2.60964e+06  2.19543e+06  -1.731e+06  1.22503e+06  -689211  137751  413405  
-370848  -123461  618701  -1.10031e+06  1.55528e+06  -1.97291e+06  2.34525e+06  -2.6674e+06  2.93754e+06  -3.15667e+06  3.32814e+06  -3.45691e+06  3.54877e+06  -3.60944e+06  3.64371e+06  -3.65475e+06  3.64369e+06  -3.60941e+06  3.54872e+06  -3.45684e+06  3.32807e+06  -3.1566e+06  2.93746e+06  -2.66732e+06  2.34518e+06  -1.97285e+06  1.55523e+06  -1.10027e+06  618680  -123456  -370835  
327885  109066  -547391  974054  -1.3774e+06  1.74777e+06  -2.07801e+06  2.36368e+06  -2.60307e+06  2.79707e+06  -2.94863e+06  3.06222e+06  -3.14307e+06  3.19634e+06  -3.22636e+06  3.23602e+06  -3.22634e+06  3.19631e+06  -3.14303e+06  3.06217e+06  -2.94856e+06  2.797e+06  -2.603e+06  2.3636e+06  -2.07795e+06  1.74771e+06  -1.37735e+06  974019  -547371  109062  327873  
-284987  -94721.2  476075  -847651  1.19921e+06  -1.52225e+06  1.81041e+06  -2.05974e+06  2.26866e+06  -2.43789e+06  2.56999e+06  -2.66887e+06  2.73914e+06  -2.78535e+06  2.81135e+06  -2.81971e+06  2.81134e+06  -2.78532e+06  2.7391e+06  -2.66882e+06  2.56993e+06  -2.43782e+06  2.2686e+06  -2.05967e+06  1.81035e+06  -1.5222e+06  1.19917e+06  -847620  476058  -94717.7  -284976  
242484  80537  -405305  722064  -1.02204e+06  1.2979e+06  -1.54416e+06  1.75735e+06  -1.93604e+06  2.08079e+06  -2.19374e+06  2.27824e+06  -2.33821e+06  2.37761e+06  -2.39975e+06  2.40687e+06  -2.39974e+06  2.37758e+06  -2.33818e+06  2.27819e+06  -2.19369e+06  2.08073e+06  -1.93599e+06  1.75729e+06  -1.54411e+06  1.29786e+06  -1.022e+06  722037  -405290  80534  242475  
-200579  -66575.9  335432  -597905  846704  -1.07572e+06  1.28033e+06  -1.45759e+06  1.60626e+06  -1.72672e+06  1.82073e+06  -1.89103e+06  1.94091e+06  -1.97364e+06  1.99203e+06  -1.99794e+06  1.99202e+06  -1.97362e+06  1.94088e+06  -1.89099e+06  1.82069e+06  -1.72668e+06  1.60621e+06  -1.45754e+06  1.28029e+06  -1.07568e+06  846673  -597882  335419  -66573.4  -200571  
159360  52866.3  -266615  475468  -673617  856176  -1.01942e+06  1.16096e+06  -1.27975e+06  1.37606e+06  -1.45123e+06  1.50744e+06  -1.54731e+06  1.57347e+06  -1.58816e+06  1.59288e+06  -1.58815e+06  1.57346e+06  -1.54729e+06  1.50741e+06  -1.45119e+06  1.37602e+06  -1.27972e+06  1.16093e+06  -1.01939e+06  856145  -673592  475450  -266604  52864.2  159354  
-118816  -39398.8  198852  -354765  502801  -639300  761459  -867453  956471  -1.02867e+06  1.08505e+06  -1.12722e+06  1.15713e+06  -1.17675e+06  1.18776e+06  -1.1913e+06  1.18775e+06  -1.17674e+06  1.15711e+06  -1.1272e+06  1.08503e+06  -1.02865e+06  956442  -867424  761432  -639276  502782  -354751  198844  -39397.2  -118811  
78853.7  26139.4  -132004  235574  -333970  424756  -506056  576641  -635954  684086  -721682  749807  -769755  782838  -790181  792539  -790177  782830  -769742  749792  -721664  684066  -635934  576621  -506038  424740  -333957  235564  -131998  26138.3  78850.5  
-39315.2  -13030.1  65825.3  -117494  166600  -211925  252532  -287801  317449  -341515  360318  -374386  384364  -390908  394581  -395760  394579  -390904  384358  -374378  360309  -341505  317439  -287792  252523  -211917  166593  -117489  65822.7  -13029.6  -39313.7  
0  0  0  0  0  0  0  0  0  0  0  0  0  0  0  0  0  0  0  0  0  0  0  0  0  0  0  0  0  0  0  
