1  1  1  1  1  1  1  1  1  1  1  1  1  1  1  1  1  1  1  1  1  1  1  1  1  1  1  1  1  1  1  
2.45495e+08  8.27348e+07  -4.05546e+08  7.22111e+08  -1.03107e+09  1.33042e+09  -1.61744e+09  1.88886e+09  -2.14091e+09  2.36966e+09  -2.57116e+09  2.7417e+09  -2.878e+09  2.97737e+09  -3.03781e+09  3.05809e+09  -3.0378e+09  2.97736e+09  -2.87799e+09  2.74169e+09  -2.57115e+09  2.36966e+09  -2.14091e+09  1.88885e+09  -1.61744e+09  1.33041e+09  -1.03107e+09  7.22108e+08  -4.05544e+08  8.27344e+07  2.45494e+08  
-4.85177e+08  -1.63496e+08  8.01546e+08  -1.42704e+09  2.03705e+09  -2.62741e+09  3.19271e+09  -3.72641e+09  4.22122e+09  -4.6695e+09  5.06371e+09  -5.39683e+09  5.66272e+09  -5.85635e+09  5.97404e+09  -6.01352e+09  5.97403e+09  -5.85634e+09  5.66271e+09  -5.39682e+09  5.0637e+09  -4.66948e+09  4.2212e+09  -3.72639e+09  3.1927e+09  -2.6274e+09  2.03704e+09  -1.42703e+09  8.01542e+08  -1.63495e+08  -4.85174e+08  
7.13489e+08  2.40398e+08  -1.17888e+09  2.09838e+09  -2.99401e+09  3.85925e+09  -4.68587e+09  5.46428e+09  -6.18397e+09  6.83413e+09  -7.4043e+09  7.88487e+09  -8.26759e+09  8.54581e+09  -8.71469e+09  8.77131e+09  -8.71468e+09  8.5458e+09  -8.26758e+09  7.88486e+09  -7.40428e+09  6.83411e+09  -6.18395e+09  5.46426e+09  -4.68585e+09  3.85923e+09  -2.994e+09  2.09837e+09  -1.17887e+09  2.40397e+08  7.13485e+08  
-9.2537e+08  -3.11723e+08  1.52922e+09  -2.72122e+09  3.88035e+09  -4.99739e+09  6.0613e+09  -7.05964e+09  7.97916e+09  -8.80662e+09  9.52949e+09  -1.01366e+10  1.06186e+10  -1.09681e+10  1.11799e+10  -1.12508e+10  1.11799e+10  -1.09681e+10  1.06186e+10  -1.01366e+10  9.52947e+09  -8.80659e+09  7.97914e+09  -7.05962e+09  6.06128e+09  -4.99737e+09  3.88033e+09  -2.72121e+09  1.52921e+09  -3.11721e+08  -9.25366e+08  
1.11646e+09  3.75992e+08  -1.84541e+09  3.28277e+09  -4.67763e+09  6.01778e+09  -7.28935e+09  8.47731e+09  -9.56629e+09  1.05415e+10  -1.13893e+10  1.20981e+10  -1.26586e+10  1.30638e+10  -1.33088e+10  1.33907e+10  -1.33088e+10  1.30638e+10  -1.26586e+10  1.20981e+10  -1.13892e+10  1.05414e+10  -9.56626e+09  8.47728e+09  -7.28932e+09  6.01776e+09  -4.67761e+09  3.28276e+09  -1.8454e+09  3.7599e+08  1.11645e+09  
-1.28325e+09  -4.32018e+08  2.12166e+09  -3.77278e+09  5.3713e+09  -6.90174e+09  8.34741e+09  -9.6911e+09  1.0916e+10  -1.20064e+10  1.2949e+10  -1.37329e+10  1.43499e+10  -1.4794e+10  1.50619e+10  -1.51513e+10  1.50619e+10  -1.4794e+10  1.43498e+10  -1.37329e+10  1.2949e+10  -1.20064e+10  1.09159e+10  -9.69106e+09  8.34738e+09  -6.90171e+09  5.37128e+09  -3.77277e+09  2.12165e+09  -4.32016e+08  -1.28324e+09  
1.42317e+09  4.78936e+08  -2.35377e+09  4.18386e+09  -5.95105e+09  7.6364e+09  -9.22053e+09  1.06844e+10  -1.20104e+10  1.31832e+10  -1.41903e+10  1.50226e+10  -1.5674e+10  1.61409e+10  -1.64215e+10  1.65151e+10  -1.64215e+10  1.61409e+10  -1.5674e+10  1.50225e+10  -1.41902e+10  1.31831e+10  -1.20104e+10  1.06844e+10  -9.22049e+09  7.63636e+09  -5.95103e+09  4.18384e+09  -2.35376e+09  4.78934e+08  1.42316e+09  
-1.53467e+09  -5.16221e+08  2.53913e+09  -4.51154e+09  6.41093e+09  -8.21482e+09  9.90133e+09  -1.14501e+10  1.28433e+10  -1.40666e+10  1.51094e+10  -1.59653e+10  1.6631e+10  -1.71057e+10  1.73899e+10  -1.74846e+10  1.73899e+10  -1.71057e+10  1.66309e+10  -1.59653e+10  1.51094e+10  -1.40666e+10  1.28433e+10  -1.14501e+10  9.90129e+09  -8.21478e+09  6.4109e+09  -4.51152e+09  2.53911e+09  -5.16218e+08  -1.53466e+09  
1.61715e+09  5.43679e+08  -2.67673e+09  4.75423e+09  -6.74918e+09  8.63565e+09  -1.03896e+10  1.19897e+10  -1.34185e+10  1.46633e+10  -1.57162e+10  1.65737e+10  -1.72361e+10  1.77058e+10  -1.7986e+10  1.8079e+10  -1.7986e+10  1.77058e+10  -1.72361e+10  1.65737e+10  -1.57161e+10  1.46633e+10  -1.34184e+10  1.19896e+10  -1.03895e+10  8.63561e+09  -6.74914e+09  4.7542e+09  -2.67671e+09  5.43676e+08  1.61714e+09  
-1.67092e+09  -5.61427e+08  2.76705e+09  -4.91298e+09  6.96786e+09  -8.90257e+09  1.06912e+10  -1.23119e+10  1.37482e+10  -1.49894e+10  1.60305e+10  -1.68716e+10  1.75166e+10  -1.79711e+10  1.82409e+10  -1.83304e+10  1.82409e+10  -1.7971e+10  1.75165e+10  -1.68716e+10  1.60304e+10  -1.49893e+10  1.37481e+10  -1.23118e+10  1.06911e+10  -8.90253e+09  6.96782e+09  -4.91295e+09  2.76703e+09  -5.61424e+08  -1.67091e+09  
1.6971e+09  5.69854e+08  -2.81189e+09  4.99116e+09  -7.07233e+09  9.02345e+09  -1.08171e+10  1.24315e+10  -1.38512e+10  1.5068e+10  -1.60799e+10  1.68905e+10  -1.75072e+10  1.7939e+10  -1.81941e+10  1.82785e+10  -1.81941e+10  1.7939e+10  -1.75072e+10  1.68905e+10  -1.60798e+10  1.50679e+10  -1.38512e+10  1.24314e+10  -1.0817e+10  9.02341e+09  -7.07229e+09  4.99113e+09  -2.81187e+09  5.69851e+08  1.69709e+09  
-1.69748e+09  -5.69578e+08  2.81413e+09  -4.99406e+09  7.07058e+09  -9.00945e+09  1.07822e+10  -1.23673e+10  1.37508e+10  -1.49267e+10  1.58963e+10  -1.66663e+10  1.72475e+10  -1.76515e+10  1.78891e+10  -1.79674e+10  1.78891e+10  -1.76515e+10  1.72474e+10  -1.66663e+10  1.58962e+10  -1.49267e+10  1.37507e+10  -1.23672e+10  1.07821e+10  -9.0094e+09  7.07054e+09  -4.99403e+09  2.81411e+09  -5.69574e+08  -1.69747e+09  
1.67436e+09  5.61391e+08  -2.7775e+09  4.92841e+09  -6.9726e+09  8.87409e+09  -1.06038e+10  1.21408e+10  -1.34726e+10  1.45956e+10  -1.55136e+10  1.62365e+10  -1.67776e+10  1.71512e+10  -1.73697e+10  1.74415e+10  -1.73697e+10  1.71512e+10  -1.67776e+10  1.62365e+10  -1.55136e+10  1.45955e+10  -1.34726e+10  1.21407e+10  -1.06038e+10  8.87404e+09  -6.97256e+09  4.92838e+09  -2.77749e+09  5.61387e+08  1.67435e+09  
-1.6304e+09  -5.4621e+08  2.70636e+09  -4.80199e+09  6.78966e+09  -8.63231e+09  1.03007e+10  -1.17747e+10  1.30433e+10  -1.41049e+10  1.49656e+10  -1.56378e+10  1.61368e+10  -1.64789e+10  1.6678e+10  -1.67432e+10  1.66779e+10  -1.64789e+10  1.61368e+10  -1.56377e+10  1.49656e+10  -1.41048e+10  1.30433e+10  -1.17746e+10  1.03007e+10  -8.63226e+09  6.78962e+09  -4.80196e+09  2.70634e+09  -5.46206e+08  -1.63039e+09  
1.56849e+09  5.25023e+08  -2.60539e+09  4.6231e+09  -6.5337e+09  8.29971e+09  -9.89217e+09  1.12917e+10  -1.24889e+10  1.34837e+10  -1.42842e+10  1.49043e+10  -1.53612e+10  1.56722e+10  -1.58522e+10  1.5911e+10  -1.58521e+10  1.56722e+10  -1.53611e+10  1.49043e+10  -1.42842e+10  1.34837e+10  -1.24889e+10  1.12917e+10  -9.89212e+09  8.29966e+09  -6.53366e+09  4.62307e+09  -2.60538e+09  5.25019e+08  1.56848e+09  
-1.4916e+09  -4.98841e+08  2.47943e+09  -4.40028e+09  6.21682e+09  -7.89178e+09  9.39687e+09  -1.07137e+10  1.1834e+10  -1.27592e+10  1.34985e+10  -1.40669e+10  1.44827e+10  -1.47639e+10  1.49257e+10  -1.49785e+10  1.49257e+10  -1.47638e+10  1.44827e+10  -1.40669e+10  1.34984e+10  -1.27591e+10  1.1834e+10  -1.07136e+10  9.39682e+09  -7.89173e+09  6.21678e+09  -4.40026e+09  2.47941e+09  -4.98837e+08  -1.49159e+09  
1.40262e+09  4.68657e+08  -2.33323e+09  4.14189e+09  -5.85075e+09  7.42342e+09  -8.83257e+09  1.00608e+10  -1.1101e+10  1.19554e+10  -1.26339e+10  1.31523e+10  -1.35289e+10  1.3782e+10  -1.3927e+10  1.39741e+10  -1.3927e+10  1.3782e+10  -1.35288e+10  1.31522e+10  -1.26339e+10  1.19553e+10  -1.1101e+10  1.00608e+10  -8.83251e+09  7.42337e+09  -5.85071e+09  4.14186e+09  -2.33322e+09  4.68654e+08  1.40261e+09  
-1.30433e+09  -4.35413e+08  2.17133e+09  -3.85583e+09  5.44653e+09  -6.90844e+09  8.21547e+09  -9.35137e+09  1.03098e+10  -1.10934e+10  1.17126e+10  -1.21829e+10  1.25225e+10  -1.27496e+10  1.28791e+10  -1.29211e+10  1.28791e+10  -1.27496e+10  1.25225e+10  -1.21828e+10  1.17125e+10  -1.10933e+10  1.03097e+10  -9.35132e+09  8.21542e+09  -6.90839e+09  5.44649e+09  -3.8558e+09  2.17132e+09  -4.3541e+08  -1.30432e+09  
1.19926e+09  3.99969e+08  -1.9979e+09  3.54938e+09  -5.0142e+09  6.35926e+09  -7.55999e+09  8.60121e+09  -9.47722e+09  1.0191e+10  -1.07525e+10  1.11771e+10  -1.14822e+10  1.16851e+10  -1.18004e+10  1.18378e+10  -1.18004e+10  1.16851e+10  -1.14821e+10  1.1177e+10  -1.07525e+10  1.01909e+10  -9.47716e+09  8.60116e+09  -7.55994e+09  6.35922e+09  -5.01417e+09  3.54935e+09  -1.99789e+09  3.99966e+08  1.19925e+09  
-1.08966e+09  -3.63086e+08  1.81664e+09  -3.22897e+09  4.56262e+09  -5.78675e+09  6.87853e+09  -7.8239e+09  8.61765e+09  -9.26267e+09  9.76855e+09  -1.01496e+10  1.04222e+10  -1.06029e+10  1.07052e+10  -1.07383e+10  1.07052e+10  -1.06029e+10  1.04222e+10  -1.01495e+10  9.7685e+09  -9.26262e+09  8.6176e+09  -7.82385e+09  6.87848e+09  -5.78671e+09  4.56259e+09  -3.22894e+09  1.81663e+09  -3.63083e+08  -1.08965e+09  
9.77457e+08  3.2541e+08  -1.63073e+09  2.90011e+09  -4.09931e+09  5.20007e+09  -6.18145e+09  7.03056e+09  -7.74258e+09  8.32016e+09  -8.77209e+09  9.1115e+09  -9.35364e+09  9.51356e+09  -9.60389e+09  9.63302e+09  -9.60388e+09  9.51354e+09  -9.35361e+09  9.11146e+09  -8.77205e+09  8.32011e+09  -7.74253e+09  7.03051e+09  -6.18141e+09  5.20003e+09  -4.09928e+09  2.90009e+09  -1.63072e+09  3.25408e+08  9.77449e+08  
-8.64214e+08  -2.87467e+08  1.44277e+09  -2.56734e+09  3.63044e+09  -4.60665e+09  5.47708e+09  -6.23001e+09  6.861e+09  -7.37231e+09  7.77179e+09  -8.07121e+09  8.28431e+09  -8.42472e+09  8.50386e+09  -8.52935e+09  8.50385e+09  -8.4247e+09  8.28429e+09  -8.07117e+09  7.77175e+09  -7.37227e+09  6.86095e+09  -6.22997e+09  5.47704e+09  -4.60662e+09  3.63041e+09  -2.56732e+09  1.44276e+09  -2.87465e+08  -8.64207e+08  
7.51147e+08  2.4966e+08  -1.2548e+09  2.23418e+09  -3.16079e+09  4.01223e+09  -4.77175e+09  5.4289e+09  -5.97957e+09  6.42561e+09  -6.77379e+09  7.03443e+09  -7.21964e+09  7.34144e+09  -7.41e+09  7.43206e+09  -7.40999e+09  7.34143e+09  -7.21961e+09  7.0344e+09  -6.77376e+09  6.42557e+09  -5.97953e+09  5.42886e+09  -4.77172e+09  4.0122e+09  -3.16076e+09  2.23416e+09  -1.25479e+09  2.49658e+08  7.51141e+08  
-6.39121e+08  -2.12272e+08  1.06827e+09  -1.90316e+09  2.6938e+09  -3.42091e+09  4.06999e+09  -4.63188e+09  5.10288e+09  -5.48439e+09  5.78211e+09  -6.00481e+09  6.1629e+09  -6.26675e+09  6.32513e+09  -6.3439e+09  6.32512e+09  -6.26674e+09  6.16288e+09  -6.00479e+09  5.78208e+09  -5.48436e+09  5.10284e+09  -4.63184e+09  4.06996e+09  -3.42088e+09  2.69378e+09  -1.90314e+09  1.06826e+09  -2.12271e+08  -6.39115e+08  
5.28669e+08  1.75476e+08  -8.84104e+08  1.57591e+09  -2.23167e+09  2.8353e+09  -3.3746e+09  3.8418e+09  -4.23366e+09  4.55116e+09  -4.79894e+09  4.98424e+09  -5.11571e+09  5.202e+09  -5.25047e+09  5.26605e+09  -5.25047e+09  5.20198e+09  -5.11569e+09  4.98422e+09  -4.79892e+09  4.55113e+09  -4.23363e+09  3.84177e+09  -3.37457e+09  2.83527e+09  -2.23166e+09  1.5759e+09  -8.84096e+08  1.75475e+08  5.28665e+08  
-4.20027e+08  -1.3934e+08  7.02721e+08  -1.2532e+09  1.77546e+09  -2.25664e+09  2.68692e+09  -3.05997e+09  3.37307e+09  -3.6269e+09  3.82503e+09  -3.9732e+09  4.0783e+09  -4.14725e+09  4.18597e+09  -4.19841e+09  4.18597e+09  -4.14724e+09  4.07828e+09  -3.97318e+09  3.82501e+09  -3.62687e+09  3.37305e+09  -3.05995e+09  2.68689e+09  -2.25662e+09  1.77545e+09  -1.25319e+09  7.02715e+08  -1.39339e+08  -4.20023e+08  
3.13165e+08  1.03844e+08  -5.24117e+08  9.35058e+08  -1.32524e+09  1.68501e+09  -2.00699e+09  2.28636e+09  -2.52099e+09  2.7113e+09  -2.8599e+09  2.97105e+09  -3.04988e+09  3.10159e+09  -3.13062e+09  3.13995e+09  -3.13062e+09  3.10159e+09  -3.04987e+09  2.97104e+09  -2.85989e+09  2.71128e+09  -2.52097e+09  2.28634e+09  -2.00697e+09  1.685e+09  -1.32523e+09  9.3505e+08  -5.24112e+08  1.03843e+08  3.13162e+08  
-2.07835e+08  -6.88956e+07  3.47924e+08  -6.20904e+08  8.8025e+08  -1.11953e+09  1.33382e+09  -1.51986e+09  1.6762e+09  -1.80306e+09  1.90215e+09  -1.97628e+09  2.02886e+09  -2.06335e+09  2.08271e+09  -2.08893e+09  2.08271e+09  -2.06335e+09  2.02886e+09  -1.97627e+09  1.90214e+09  -1.80305e+09  1.67618e+09  -1.51985e+09  1.33381e+09  -1.11953e+09  8.80242e+08  -6.20899e+08  3.4792e+08  -6.8895e+07  -2.07833e+08  
1.03624e+08  3.43437e+07  -1.73496e+08  3.09679e+08  -4.39108e+08  5.58574e+08  -6.65603e+08  7.58562e+08  -8.36706e+08  9.00137e+08  -9.49697e+08  9.86777e+08  -1.01308e+09  1.03033e+09  -1.04001e+09  1.04312e+09  -1.04001e+09  1.03033e+09  -1.01307e+09  9.86772e+08  -9.49691e+08  9.00131e+08  -8.367e+08  7.58556e+08  -6.65597e+08  5.5857e+08  -4.39105e+08  3.09676e+08  -1.73495e+08  3.43434e+07  1.03623e+08  
0  0  0  0  0  0  0  0  0  0  0  0  0  0  0  0  0  0  0  0  0  0  0  0  0  0  0  0  0  0  0  
