1  1  1  1  1  1  1  1  1  1  1  1  1  1  1  1  1  1  1  1  1  1  1  1  1  1  1  1  1  1  1  
1.36302e+11  4.59352e+10  -2.25164e+11  4.00924e+11  -5.72463e+11  7.38662e+11  -8.98023e+11  1.04871e+12  -1.18866e+12  1.31566e+12  -1.42754e+12  1.52222e+12  -1.5979e+12  1.65307e+12  -1.68662e+12  1.69789e+12  -1.68662e+12  1.65307e+12  -1.5979e+12  1.52222e+12  -1.42754e+12  1.31566e+12  -1.18866e+12  1.04871e+12  -8.98022e+11  7.38661e+11  -5.72463e+11  4.00923e+11  -2.25163e+11  4.59352e+10  1.36301e+11  
-2.69375e+11  -9.07748e+10  4.45027e+11  -7.92307e+11  1.13099e+12  -1.45877e+12  1.77263e+12  -2.06894e+12  2.34367e+12  -2.59256e+12  2.81143e+12  -2.99638e+12  3.144e+12  -3.25151e+12  3.31685e+12  -3.33877e+12  3.31685e+12  -3.25151e+12  3.144e+12  -2.99638e+12  2.81142e+12  -2.59255e+12  2.34366e+12  -2.06894e+12  1.77262e+12  -1.45877e+12  1.13099e+12  -7.92306e+11  4.45026e+11  -9.07746e+10  -2.69375e+11  
3.96137e+11  1.33471e+11  -6.54524e+11  1.16504e+12  -1.66231e+12  2.1427e+12  -2.60165e+12  3.03383e+12  -3.43341e+12  3.79439e+12  -4.11095e+12  4.37777e+12  -4.59026e+12  4.74473e+12  -4.83849e+12  4.86993e+12  -4.83849e+12  4.74473e+12  -4.59026e+12  4.37777e+12  -4.11094e+12  3.79438e+12  -3.4334e+12  3.03382e+12  -2.60164e+12  2.14269e+12  -1.66231e+12  1.16504e+12  -6.54523e+11  1.33471e+11  3.96136e+11  
-5.13776e+11  -1.73072e+11  8.49039e+11  -1.51085e+12  2.15441e+12  -2.7746e+12  3.3653e+12  -3.91959e+12  4.43012e+12  -4.88953e+12  5.29088e+12  -5.62796e+12  5.89557e+12  -6.08962e+12  6.20721e+12  -6.2466e+12  6.20721e+12  -6.08962e+12  5.89557e+12  -5.62796e+12  5.29087e+12  -4.88953e+12  4.43011e+12  -3.91959e+12  3.3653e+12  -2.7746e+12  2.15441e+12  -1.51085e+12  8.49038e+11  -1.73072e+11  -5.13775e+11  
6.1987e+11  2.08755e+11  -1.02459e+12  1.82263e+12  -2.59707e+12  3.34114e+12  -4.04713e+12  4.70669e+12  -5.31131e+12  5.85273e+12  -6.32344e+12  6.71701e+12  -7.02822e+12  7.25317e+12  -7.38918e+12  7.43468e+12  -7.38918e+12  7.25317e+12  -7.02822e+12  6.717e+12  -6.32344e+12  5.85272e+12  -5.3113e+12  4.70669e+12  -4.04712e+12  3.34113e+12  -2.59707e+12  1.82263e+12  -1.02459e+12  2.08755e+11  6.19869e+11  
-7.12471e+11  -2.39861e+11  1.17797e+12  -2.09469e+12  2.98221e+12  -3.83192e+12  4.63457e+12  -5.3806e+12  6.06065e+12  -6.6661e+12  7.18945e+12  -7.62468e+12  7.9672e+12  -8.21382e+12  8.36252e+12  -8.4122e+12  8.36252e+12  -8.21382e+12  7.96719e+12  -7.62467e+12  7.18945e+12  -6.66609e+12  6.06065e+12  -5.3806e+12  4.63457e+12  -3.83191e+12  2.9822e+12  -2.09469e+12  1.17797e+12  -2.39861e+11  -7.1247e+11  
7.9016e+11  2.6591e+11  -1.30684e+12  2.32292e+12  -3.30409e+12  4.23981e+12  -5.11933e+12  5.93211e+12  -6.66832e+12  7.31944e+12  -7.8786e+12  8.3407e+12  -8.70237e+12  8.9616e+12  -9.11741e+12  9.16938e+12  -9.11741e+12  8.9616e+12  -8.70236e+12  8.34069e+12  -7.87859e+12  7.31943e+12  -6.66831e+12  5.9321e+12  -5.11933e+12  4.2398e+12  -3.30408e+12  2.32292e+12  -1.30684e+12  2.6591e+11  7.90159e+11  
-8.52065e+11  -2.86611e+11  1.40975e+12  -2.50486e+12  3.55942e+12  -4.56095e+12  5.49733e+12  -6.35723e+12  7.13076e+12  -7.80993e+12  8.38893e+12  -8.86411e+12  9.2337e+12  -9.49726e+12  9.65509e+12  -9.70763e+12  9.65508e+12  -9.49725e+12  9.23369e+12  -8.8641e+12  8.38892e+12  -7.80992e+12  7.13075e+12  -6.35722e+12  5.49732e+12  -4.56095e+12  3.55941e+12  -2.50485e+12  1.40975e+12  -2.86611e+11  -8.52063e+11  
8.97857e+11  3.01856e+11  -1.48615e+12  2.6396e+12  -3.74721e+12  4.79461e+12  -5.7684e+12  6.65678e+12  -7.45009e+12  8.14122e+12  -8.72579e+12  9.20191e+12  -9.56969e+12  9.83048e+12  -9.98601e+12  1.00377e+13  -9.98601e+12  9.83047e+12  -9.56968e+12  9.2019e+12  -8.72578e+12  8.14121e+12  -7.45008e+12  6.65677e+12  -5.76839e+12  4.7946e+12  -3.74721e+12  2.63959e+12  -1.48614e+12  3.01856e+11  8.97856e+11  
-9.27711e+11  -3.1171e+11  1.53629e+12  -2.72774e+12  3.86863e+12  -4.9428e+12  5.93584e+12  -6.83568e+12  7.63314e+12  -8.32226e+12  8.9003e+12  -9.3673e+12  9.72538e+12  -9.97773e+12  1.01276e+13  -1.01772e+13  1.01276e+13  -9.97772e+12  9.72537e+12  -9.36729e+12  8.90029e+12  -8.32225e+12  7.63313e+12  -6.83567e+12  5.93583e+12  -4.94279e+12  3.86862e+12  -2.72773e+12  1.53629e+12  -3.1171e+11  -9.2771e+11  
9.42248e+11  3.16389e+11  -1.56119e+12  2.77114e+12  -3.92663e+12  5.00991e+12  -6.00576e+12  6.90207e+12  -7.69034e+12  8.36589e+12  -8.9277e+12  9.37778e+12  -9.7202e+12  9.95993e+12  -1.01016e+13  1.01484e+13  -1.01016e+13  9.95993e+12  -9.7202e+12  9.37777e+12  -8.92769e+12  8.36588e+12  -7.69033e+12  6.90206e+12  -6.00576e+12  5.0099e+12  -3.92662e+12  2.77114e+12  -1.56119e+12  3.16388e+11  9.42246e+11  
-9.42457e+11  -3.16235e+11  1.56243e+12  -2.77275e+12  3.92566e+12  -5.00214e+12  5.98638e+12  -6.86643e+12  7.63457e+12  -8.28747e+12  8.82577e+12  -9.25331e+12  9.57597e+12  -9.80031e+12  9.9322e+12  -9.97568e+12  9.9322e+12  -9.8003e+12  9.57596e+12  -9.2533e+12  8.82576e+12  -8.28746e+12  7.63456e+12  -6.86642e+12  5.98637e+12  -5.00213e+12  3.92565e+12  -2.77275e+12  1.56243e+12  -3.16235e+11  -9.42456e+11  
9.29619e+11  3.1169e+11  -1.5421e+12  2.7363e+12  -3.87126e+12  4.92698e+12  -5.88734e+12  6.74068e+12  -7.48014e+12  8.10363e+12  -8.61332e+12  9.01467e+12  -9.3151e+12  9.52252e+12  -9.64382e+12  9.6837e+12  -9.64382e+12  9.52251e+12  -9.3151e+12  9.01466e+12  -8.61331e+12  8.10362e+12  -7.48013e+12  6.74067e+12  -5.88734e+12  4.92697e+12  -3.87125e+12  2.7363e+12  -1.54209e+12  3.11689e+11  9.29617e+11  
-9.05214e+11  -3.03261e+11  1.5026e+12  -2.66611e+12  3.76968e+12  -4.79274e+12  5.71908e+12  -6.53743e+12  7.24178e+12  -7.83117e+12  8.30907e+12  -8.68224e+12  8.95933e+12  -9.14928e+12  9.25977e+12  -9.296e+12  9.25977e+12  -9.14927e+12  8.95932e+12  -8.68223e+12  8.30906e+12  -7.83116e+12  7.24177e+12  -6.53742e+12  5.71907e+12  -4.79274e+12  3.76968e+12  -2.6661e+12  1.5026e+12  -3.03261e+11  -9.05212e+11  
8.70843e+11  2.91498e+11  -1.44654e+12  2.56679e+12  -3.62757e+12  4.60808e+12  -5.49223e+12  6.26928e+12  -6.93397e+12  7.4863e+12  -7.93074e+12  8.27502e+12  -8.52868e+12  8.70136e+12  -8.80128e+12  8.83394e+12  -8.80128e+12  8.70135e+12  -8.52867e+12  8.27502e+12  -7.93073e+12  7.48629e+12  -6.93396e+12  6.26927e+12  -5.49222e+12  4.60807e+12  -3.62757e+12  2.56679e+12  -1.44654e+12  2.91497e+11  8.70842e+11  
-8.28149e+11  -2.76961e+11  1.3766e+12  -2.44308e+12  3.45164e+12  -4.38159e+12  5.21723e+12  -5.94835e+12  6.57037e+12  -7.08402e+12  7.49447e+12  -7.81009e+12  8.04094e+12  -8.19705e+12  8.28692e+12  -8.31621e+12  8.28692e+12  -8.19704e+12  8.04093e+12  -7.81009e+12  7.49446e+12  -7.08401e+12  6.57036e+12  -5.94834e+12  5.21722e+12  -4.38158e+12  3.45163e+12  -2.44307e+12  1.3766e+12  -2.7696e+11  -8.28147e+11  
7.78748e+11  2.60203e+11  -1.29543e+12  2.29961e+12  -3.24839e+12  4.12155e+12  -4.90392e+12  5.58587e+12  -6.16341e+12  6.63775e+12  -7.01448e+12  7.30227e+12  -7.51136e+12  7.65189e+12  -7.7324e+12  7.75858e+12  -7.7324e+12  7.65188e+12  -7.51135e+12  7.30226e+12  -7.01447e+12  6.63774e+12  -6.1634e+12  5.58586e+12  -4.90391e+12  4.12154e+12  -3.24838e+12  2.29961e+12  -1.29543e+12  2.60202e+11  7.78746e+11  
-7.24175e+11  -2.41745e+11  1.20554e+12  -2.14079e+12  3.02396e+12  -3.83563e+12  4.5613e+12  -5.19197e+12  5.72407e+12  -6.15915e+12  6.50292e+12  -6.76404e+12  6.95263e+12  -7.07869e+12  7.15059e+12  -7.17391e+12  7.15059e+12  -7.07868e+12  6.95263e+12  -6.76403e+12  6.50291e+12  -6.15914e+12  5.72407e+12  -5.19196e+12  4.56129e+12  -3.83562e+12  3.02396e+12  -2.14079e+12  1.20554e+12  -2.41745e+11  -7.24174e+11  
6.6584e+11  2.22067e+11  -1.10925e+12  1.97065e+12  -2.78393e+12  3.53072e+12  -4.19737e+12  4.77547e+12  -5.26184e+12  5.65811e+12  -5.9699e+12  6.20562e+12  -6.37501e+12  6.48769e+12  -6.55172e+12  6.57244e+12  -6.55172e+12  6.48769e+12  -6.375e+12  6.20561e+12  -5.9699e+12  5.6581e+12  -5.26183e+12  4.77546e+12  -4.19736e+12  3.53071e+12  -2.78392e+12  1.97064e+12  -1.10925e+12  2.22066e+11  6.65838e+11  
-6.0499e+11  -2.01589e+11  1.00862e+12  -1.79275e+12  2.53321e+12  -3.21286e+12  3.81902e+12  -4.3439e+12  4.78459e+12  -5.14272e+12  5.42358e+12  -5.63512e+12  5.78652e+12  -5.88683e+12  5.94364e+12  -5.96199e+12  5.94364e+12  -5.88682e+12  5.78651e+12  -5.63511e+12  5.42358e+12  -5.14271e+12  4.78458e+12  -4.34389e+12  3.81901e+12  -3.21285e+12  2.5332e+12  -1.79275e+12  1.00861e+12  -2.01588e+11  -6.04989e+11  
5.42693e+11  1.80671e+11  -9.05396e+11  1.61017e+12  -2.27597e+12  2.88712e+12  -3.432e+12  3.90343e+12  -4.29875e+12  4.61942e+12  -4.87034e+12  5.05878e+12  -5.19322e+12  5.28201e+12  -5.33217e+12  5.34834e+12  -5.33217e+12  5.28201e+12  -5.19322e+12  5.05878e+12  -4.87033e+12  4.61942e+12  -4.29874e+12  3.90342e+12  -3.43199e+12  2.88712e+12  -2.27597e+12  1.61016e+12  -9.05393e+11  1.8067e+11  5.42691e+11  
-4.79819e+11  -1.59604e+11  8.0104e+11  -1.42541e+12  2.01565e+12  -2.55765e+12  3.04092e+12  -3.45895e+12  3.80928e+12  -4.09317e+12  4.31496e+12  -4.4812e+12  4.59952e+12  -4.67748e+12  4.72142e+12  -4.73557e+12  4.72142e+12  -4.67748e+12  4.59952e+12  -4.4812e+12  4.31496e+12  -4.09316e+12  3.80928e+12  -3.45895e+12  3.04091e+12  -2.55765e+12  2.01565e+12  -1.42541e+12  8.01038e+11  -1.59604e+11  -4.79818e+11  
4.17043e+11  1.38613e+11  -6.96677e+11  1.24043e+12  -1.7549e+12  2.22762e+12  -2.64932e+12  3.01417e+12  -3.31991e+12  3.56755e+12  -3.76087e+12  3.90558e+12  -4.00841e+12  4.07604e+12  -4.1141e+12  4.12635e+12  -4.1141e+12  4.07603e+12  -4.0084e+12  3.90557e+12  -3.76086e+12  3.56755e+12  -3.3199e+12  3.01416e+12  -2.64931e+12  2.22762e+12  -1.75489e+12  1.24043e+12  -6.96675e+11  1.38613e+11  4.17042e+11  
-3.54845e+11  -1.17855e+11  5.93114e+11  -1.05665e+12  1.49562e+12  -1.89932e+12  2.25969e+12  -2.57166e+12  2.83316e+12  -3.04498e+12  3.21027e+12  -3.33392e+12  3.4217e+12  -3.47935e+12  3.51177e+12  -3.52219e+12  3.51177e+12  -3.47935e+12  3.42169e+12  -3.33392e+12  3.21027e+12  -3.04497e+12  2.83315e+12  -2.57165e+12  2.25968e+12  -1.89931e+12  1.49562e+12  -1.05665e+12  5.93112e+11  -1.17855e+11  -3.54844e+11  
2.93521e+11  9.74257e+10  -4.90861e+11  8.74958e+11  -1.23904e+12  1.57418e+12  -1.8736e+12  2.133e+12  -2.35056e+12  2.52684e+12  -2.66441e+12  2.76729e+12  -2.84028e+12  2.88819e+12  -2.91511e+12  2.92376e+12  -2.91511e+12  2.88819e+12  -2.84028e+12  2.76729e+12  -2.66441e+12  2.52684e+12  -2.35056e+12  2.13299e+12  -1.8736e+12  1.57418e+12  -1.23904e+12  8.74956e+11  -4.9086e+11  9.74255e+10  2.93521e+11  
-2.33202e+11  -7.73627e+10  3.90156e+11  -6.95786e+11  9.85752e+11  -1.2529e+12  1.4918e+12  -1.69892e+12  1.87276e+12  -2.01368e+12  2.12369e+12  -2.20596e+12  2.26431e+12  -2.30259e+12  2.32409e+12  -2.331e+12  2.32409e+12  -2.30259e+12  2.2643e+12  -2.20595e+12  2.12368e+12  -2.01368e+12  1.87275e+12  -1.69892e+12  1.49179e+12  -1.2529e+12  9.85749e+11  -6.95784e+11  3.90155e+11  -7.73624e+10  -2.33202e+11  
1.73871e+11  5.76552e+10  -2.90994e+11  5.19152e+11  -7.35784e+11  9.35532e+11  -1.1143e+12  1.2694e+12  -1.39967e+12  1.50533e+12  -1.58784e+12  1.64955e+12  -1.69332e+12  1.72203e+12  -1.73815e+12  1.74333e+12  -1.73815e+12  1.72203e+12  -1.69332e+12  1.64955e+12  -1.58784e+12  1.50533e+12  -1.39967e+12  1.2694e+12  -1.11429e+12  9.3553e+11  -7.35782e+11  5.1915e+11  -2.90993e+11  5.7655e+10  1.73871e+11  
-1.15392e+11  -3.82514e+10  1.9317e+11  -3.44731e+11  4.88722e+11  -6.21574e+11  7.40547e+11  -8.43839e+11  9.30637e+11  -1.00107e+12  1.05609e+12  -1.09725e+12  1.12644e+12  -1.14559e+12  1.15634e+12  -1.15979e+12  1.15634e+12  -1.14559e+12  1.12644e+12  -1.09725e+12  1.05609e+12  -1.00107e+12  9.30635e+11  -8.43837e+11  7.40545e+11  -6.21573e+11  4.8872e+11  -3.4473e+11  1.93169e+11  -3.82513e+10  -1.15391e+11  
5.75327e+10  1.90679e+10  -9.63265e+10  1.71936e+11  -2.43796e+11  3.10125e+11  -3.69548e+11  4.2116e+11  -4.64546e+11  4.99763e+11  -5.27279e+11  5.47867e+11  -5.62469e+11  5.72048e+11  -5.77424e+11  5.79151e+11  -5.77423e+11  5.72047e+11  -5.62469e+11  5.47866e+11  -5.27278e+11  4.99762e+11  -4.64545e+11  4.21159e+11  -3.69547e+11  3.10124e+11  -2.43796e+11  1.71936e+11  -9.63263e+10  1.90679e+10  5.75326e+10  
0  0  0  0  0  0  0  0  0  0  0  0  0  0  0  0  0  0  0  0  0  0  0  0  0  0  0  0  0  0  0  
