1  1  1  1  1  1  1  1  1  1  1  1  1  1  1  1  1  1  1  1  1  1  1  1  1  1  1  1  1  1  1  
1.52469e+13  5.13837e+12  -2.51871e+13  4.48479e+13  -6.40365e+13  8.26277e+13  -1.00454e+14  1.1731e+14  -1.32965e+14  1.47172e+14  -1.59686e+14  1.70278e+14  -1.78743e+14  1.84914e+14  -1.88668e+14  1.89928e+14  -1.88668e+14  1.84914e+14  -1.78743e+14  1.70278e+14  -1.59686e+14  1.47172e+14  -1.32965e+14  1.1731e+14  -1.00454e+14  8.26277e+13  -6.40364e+13  4.48478e+13  -2.51871e+13  5.13837e+12  1.52468e+13  
-3.01327e+13  -1.01542e+13  4.97813e+13  -8.86285e+13  1.26514e+14  -1.6318e+14  1.98288e+14  -2.31435e+14  2.62166e+14  -2.90007e+14  3.1449e+14  -3.35179e+14  3.51692e+14  -3.63718e+14  3.71027e+14  -3.7348e+14  3.71027e+14  -3.63718e+14  3.51692e+14  -3.35179e+14  3.1449e+14  -2.90007e+14  2.62165e+14  -2.31434e+14  1.98288e+14  -1.6318e+14  1.26514e+14  -8.86285e+13  4.97813e+13  -1.01542e+13  -3.01326e+13  
4.43123e+13  1.49303e+13  -7.32159e+13  1.30323e+14  -1.85948e+14  2.39685e+14  -2.91023e+14  3.39368e+14  -3.84065e+14  4.24445e+14  -4.59856e+14  4.89703e+14  -5.13472e+14  5.30751e+14  -5.4124e+14  5.44757e+14  -5.4124e+14  5.30751e+14  -5.13472e+14  4.89703e+14  -4.59856e+14  4.24445e+14  -3.84065e+14  3.39368e+14  -2.91023e+14  2.39685e+14  -1.85948e+14  1.30323e+14  -7.32159e+13  1.49303e+13  4.43123e+13  
-5.74716e+13  -1.936e+13  9.49746e+13  -1.69006e+14  2.40995e+14  -3.10371e+14  3.76447e+14  -4.3845e+14  4.95559e+14  -5.46949e+14  5.91844e+14  -6.29551e+14  6.59486e+14  -6.81193e+14  6.94346e+14  -6.98752e+14  6.94346e+14  -6.81193e+14  6.59486e+14  -6.29551e+14  5.91844e+14  -5.46949e+14  4.95558e+14  -4.3845e+14  3.76447e+14  -3.10371e+14  2.40995e+14  -1.69006e+14  9.49745e+13  -1.936e+13  -5.74715e+13  
6.93394e+13  2.33516e+13  -1.14612e+14  2.03882e+14  -2.90512e+14  3.73744e+14  -4.52717e+14  5.26497e+14  -5.9413e+14  6.54694e+14  -7.07348e+14  7.51373e+14  -7.86186e+14  8.11349e+14  -8.26563e+14  8.31653e+14  -8.26563e+14  8.11349e+14  -7.86186e+14  7.51373e+14  -7.07348e+14  6.54693e+14  -5.9413e+14  5.26497e+14  -4.52716e+14  3.73744e+14  -2.90512e+14  2.03882e+14  -1.14612e+14  2.33516e+13  6.93394e+13  
-7.96979e+13  -2.68311e+13  1.31769e+14  -2.34315e+14  3.33593e+14  -4.28643e+14  5.18429e+14  -6.01881e+14  6.77952e+14  -7.45678e+14  8.04221e+14  -8.52906e+14  8.91221e+14  -9.18808e+14  9.35442e+14  -9.40999e+14  9.35442e+14  -9.18808e+14  8.9122e+14  -8.52906e+14  8.04221e+14  -7.45678e+14  6.77952e+14  -6.01881e+14  5.18429e+14  -4.28643e+14  3.33593e+14  -2.34315e+14  1.31769e+14  -2.68311e+13  -7.96979e+13  
8.83883e+13  2.97451e+13  -1.46185e+14  2.59845e+14  -3.696e+14  4.7427e+14  -5.72655e+14  6.63573e+14  -7.45926e+14  8.18762e+14  -8.8131e+14  9.33001e+14  -9.73458e+14  1.00246e+15  -1.01988e+15  1.0257e+15  -1.01988e+15  1.00246e+15  -9.73457e+14  9.33001e+14  -8.81309e+14  8.18761e+14  -7.45926e+14  6.63572e+14  -5.72655e+14  4.7427e+14  -3.69599e+14  2.59845e+14  -1.46184e+14  2.9745e+13  8.83882e+13  
-9.5313e+13  -3.20607e+13  1.57696e+14  -2.80196e+14  3.98161e+14  -5.10194e+14  6.14938e+14  -7.11127e+14  7.97655e+14  -8.73628e+14  9.38396e+14  -9.9155e+14  1.03289e+15  -1.06238e+15  1.08003e+15  -1.08591e+15  1.08003e+15  -1.06238e+15  1.03289e+15  -9.9155e+14  9.38396e+14  -8.73628e+14  7.97655e+14  -7.11127e+14  6.14937e+14  -5.10194e+14  3.9816e+14  -2.80196e+14  1.57696e+14  -3.20607e+13  -9.5313e+13  
1.00435e+14  3.3766e+13  -1.66242e+14  2.95269e+14  -4.19168e+14  5.3633e+14  -6.4526e+14  7.44636e+14  -8.33376e+14  9.10687e+14  -9.76077e+14  1.02934e+15  -1.07048e+15  1.09965e+15  -1.11705e+15  1.12283e+15  -1.11705e+15  1.09965e+15  -1.07048e+15  1.02934e+15  -9.76077e+14  9.10687e+14  -8.33376e+14  7.44635e+14  -6.4526e+14  5.3633e+14  -4.19168e+14  2.95268e+14  -1.66242e+14  3.3766e+13  1.00435e+14  
-1.03775e+14  -3.48683e+13  1.71852e+14  -3.05128e+14  4.32749e+14  -5.52908e+14  6.63991e+14  -7.64648e+14  8.53853e+14  -9.30938e+14  9.95598e+14  -1.04784e+15  1.08789e+15  -1.11612e+15  1.13288e+15  -1.13844e+15  1.13288e+15  -1.11612e+15  1.08789e+15  -1.04784e+15  9.95598e+14  -9.30938e+14  8.53852e+14  -7.64647e+14  6.6399e+14  -5.52907e+14  4.32749e+14  -3.05128e+14  1.71852e+14  -3.48682e+13  -1.03775e+14  
1.05401e+14  3.53916e+13  -1.74636e+14  3.09983e+14  -4.39237e+14  5.60415e+14  -6.71812e+14  7.72074e+14  -8.60251e+14  9.35819e+14  -9.98664e+14  1.04901e+15  -1.08731e+15  1.11413e+15  -1.12998e+15  1.13521e+15  -1.12998e+15  1.11413e+15  -1.08731e+15  1.04901e+15  -9.98663e+14  9.35818e+14  -8.6025e+14  7.72074e+14  -6.71812e+14  5.60415e+14  -4.39237e+14  3.09983e+14  -1.74636e+14  3.53916e+13  1.05401e+14  
-1.05424e+14  -3.53745e+13  1.74775e+14  -3.10163e+14  4.39129e+14  -5.59545e+14  6.69644e+14  -7.68087e+14  8.54013e+14  -9.27047e+14  9.87261e+14  -1.03509e+15  1.07118e+15  -1.09627e+15  1.11103e+15  -1.11589e+15  1.11103e+15  -1.09627e+15  1.07118e+15  -1.03509e+15  9.87261e+14  -9.27046e+14  8.54012e+14  -7.68087e+14  6.69644e+14  -5.59545e+14  4.39129e+14  -3.10163e+14  1.74775e+14  -3.53744e+13  -1.05424e+14  
1.03988e+14  3.4866e+13  -1.72501e+14  3.06086e+14  -4.33044e+14  5.51138e+14  -6.58566e+14  7.54021e+14  -8.36737e+14  9.06481e+14  -9.63496e+14  1.00839e+15  -1.042e+15  1.0652e+15  -1.07877e+15  1.08323e+15  -1.07877e+15  1.0652e+15  -1.042e+15  1.00839e+15  -9.63496e+14  9.06481e+14  -8.36737e+14  7.5402e+14  -6.58565e+14  5.51138e+14  -4.33043e+14  3.06086e+14  -1.72501e+14  3.4866e+13  1.03988e+14  
-1.01258e+14  -3.39231e+13  1.68082e+14  -2.98234e+14  4.21681e+14  -5.36122e+14  6.39743e+14  -7.31284e+14  8.10074e+14  -8.76004e+14  9.29462e+14  -9.71206e+14  1.0022e+15  -1.02345e+15  1.03581e+15  -1.03986e+15  1.03581e+15  -1.02345e+15  1.0022e+15  -9.71205e+14  9.29462e+14  -8.76004e+14  8.10073e+14  -7.31284e+14  6.39742e+14  -5.36122e+14  4.21681e+14  -2.98234e+14  1.68082e+14  -3.39231e+13  -1.01258e+14  
9.74136e+13  3.26073e+13  -1.61812e+14  2.87124e+14  -4.05785e+14  5.15465e+14  -6.14367e+14  7.01289e+14  -7.75642e+14  8.37427e+14  -8.87142e+14  9.25654e+14  -9.54028e+14  9.73344e+14  -9.84522e+14  9.88176e+14  -9.84522e+14  9.73344e+14  -9.54028e+14  9.25654e+14  -8.87141e+14  8.37426e+14  -7.75642e+14  7.01288e+14  -6.14367e+14  5.15465e+14  -4.05784e+14  2.87124e+14  -1.61812e+14  3.26072e+13  9.74135e+13  
-9.26377e+13  -3.09812e+13  1.53988e+14  -2.73286e+14  3.86104e+14  -4.9013e+14  5.83606e+14  -6.65389e+14  7.34969e+14  -7.92427e+14  8.3834e+14  -8.73646e+14  8.99469e+14  -9.16931e+14  9.26985e+14  -9.30262e+14  9.26985e+14  -9.16931e+14  8.99469e+14  -8.73646e+14  8.3834e+14  -7.92426e+14  7.34969e+14  -6.65389e+14  5.83605e+14  -4.9013e+14  3.86104e+14  -2.73286e+14  1.53988e+14  -3.09812e+13  -9.26377e+13  
8.71117e+13  2.91066e+13  -1.44909e+14  2.57238e+14  -3.63369e+14  4.61042e+14  -5.48559e+14  6.24842e+14  -6.89446e+14  7.42506e+14  -7.84648e+14  8.16841e+14  -8.40229e+14  8.55949e+14  -8.64956e+14  8.67884e+14  -8.64956e+14  8.55949e+14  -8.40229e+14  8.1684e+14  -7.84647e+14  7.42506e+14  -6.89445e+14  6.24842e+14  -5.48558e+14  4.61041e+14  -3.63368e+14  2.57237e+14  -1.44909e+14  2.91066e+13  8.71116e+13  
-8.10071e+13  -2.70419e+13  1.34854e+14  -2.39471e+14  3.38264e+14  -4.29058e+14  5.10233e+14  -5.80779e+14  6.40302e+14  -6.8897e+14  7.27424e+14  -7.56634e+14  7.7773e+14  -7.9183e+14  7.99874e+14  -8.02483e+14  7.99874e+14  -7.9183e+14  7.77729e+14  -7.56633e+14  7.27424e+14  -6.8897e+14  6.40301e+14  -5.80779e+14  5.10232e+14  -4.29057e+14  3.38264e+14  -2.39471e+14  1.34854e+14  -2.70419e+13  -8.1007e+13  
7.44816e+13  2.48406e+13  -1.24082e+14  2.20439e+14  -3.11414e+14  3.9495e+14  -4.69523e+14  5.3419e+14  -5.88595e+14  6.32923e+14  -6.678e+14  6.94168e+14  -7.13116e+14  7.25721e+14  -7.32883e+14  7.35201e+14  -7.32883e+14  7.25721e+14  -7.13116e+14  6.94167e+14  -6.678e+14  6.32922e+14  -5.88595e+14  5.34189e+14  -4.69522e+14  3.9495e+14  -3.11413e+14  2.20438e+14  -1.24082e+14  2.48406e+13  7.44816e+13  
-6.76749e+13  -2.25499e+13  1.12825e+14  -2.00539e+14  2.83367e+14  -3.59394e+14  4.272e+14  -4.85913e+14  5.3521e+14  -5.7527e+14  6.06688e+14  -6.30351e+14  6.47287e+14  -6.58507e+14  6.64863e+14  -6.66915e+14  6.64862e+14  -6.58507e+14  6.47286e+14  -6.30351e+14  6.06688e+14  -5.7527e+14  5.3521e+14  -4.85913e+14  4.27199e+14  -3.59393e+14  2.83367e+14  -2.00539e+14  1.12825e+14  -2.25499e+13  -6.76748e+13  
6.07062e+13  2.021e+13  -1.01279e+14  1.80115e+14  -2.54593e+14  3.22957e+14  -3.83907e+14  4.36642e+14  -4.80863e+14  5.16734e+14  -5.44802e+14  5.65881e+14  -5.8092e+14  5.90852e+14  -5.96463e+14  5.98272e+14  -5.96463e+14  5.90852e+14  -5.8092e+14  5.65881e+14  -5.44802e+14  5.16734e+14  -4.80862e+14  4.36641e+14  -3.83907e+14  3.22957e+14  -2.54593e+14  1.80115e+14  -1.01278e+14  2.021e+13  6.07061e+13  
-5.36731e+13  -1.78535e+13  8.96053e+13  -1.59448e+14  2.25473e+14  -2.86102e+14  3.40161e+14  -3.86922e+14  4.26111e+14  -4.57867e+14  4.82677e+14  -5.01273e+14  5.14508e+14  -5.23228e+14  5.28144e+14  -5.29727e+14  5.28144e+14  -5.23228e+14  5.14508e+14  -5.01272e+14  4.82677e+14  -4.57866e+14  4.26111e+14  -3.86922e+14  3.4016e+14  -2.86102e+14  2.25473e+14  -1.59448e+14  8.96052e+13  -1.78535e+13  -5.3673e+13  
4.66509e+13  1.55054e+13  -7.7931e+13  1.38756e+14  -1.96305e+14  2.49184e+14  -2.96356e+14  3.37168e+14  -3.71369e+14  3.99071e+14  -4.20695e+14  4.36882e+14  -4.48385e+14  4.5595e+14  -4.60208e+14  4.61578e+14  -4.60208e+14  4.5595e+14  -4.48385e+14  4.36882e+14  -4.20695e+14  3.9907e+14  -3.71368e+14  3.37168e+14  -2.96355e+14  2.49184e+14  -1.96304e+14  1.38756e+14  -7.79309e+13  1.55054e+13  4.66509e+13  
-3.96934e+13  -1.31834e+13  6.63464e+13  -1.18198e+14  1.67302e+14  -2.1246e+14  2.52771e+14  -2.87668e+14  3.1692e+14  -3.40615e+14  3.59105e+14  -3.72936e+14  3.82755e+14  -3.89205e+14  3.92831e+14  -3.93997e+14  3.92831e+14  -3.89205e+14  3.82755e+14  -3.72936e+14  3.59105e+14  -3.40615e+14  3.1692e+14  -2.87668e+14  2.52771e+14  -2.1246e+14  1.67302e+14  -1.18198e+14  6.63463e+13  -1.31834e+13  -3.96933e+13  
3.28336e+13  1.08982e+13  -5.49083e+13  9.78738e+13  -1.38601e+14  1.76089e+14  -2.09583e+14  2.386e+14  -2.62936e+14  2.82655e+14  -2.98044e+14  3.09553e+14  -3.17717e+14  3.23077e+14  -3.26088e+14  3.27055e+14  -3.26087e+14  3.23077e+14  -3.17717e+14  3.09552e+14  -2.98044e+14  2.82655e+14  -2.62936e+14  2.38599e+14  -2.09583e+14  1.76089e+14  -1.38601e+14  9.78737e+13  -5.49083e+13  1.08981e+13  3.28336e+13  
-2.60863e+13  -8.65387e+12  4.36433e+13  -7.78314e+13  1.10267e+14  -1.40151e+14  1.66874e+14  -1.90043e+14  2.09489e+14  -2.25253e+14  2.37558e+14  -2.46761e+14  2.53288e+14  -2.5757e+14  2.59975e+14  -2.60748e+14  2.59975e+14  -2.5757e+14  2.53288e+14  -2.46761e+14  2.37558e+14  -2.25253e+14  2.09489e+14  -1.90043e+14  1.66874e+14  -1.40151e+14  1.10267e+14  -7.78313e+13  4.36433e+13  -8.65386e+12  -2.60862e+13  
1.94494e+13  6.44937e+12  -3.25509e+13  5.80729e+13  -8.23056e+13  1.0465e+14  -1.24646e+14  1.41997e+14  -1.56569e+14  1.68388e+14  -1.77618e+14  1.84521e+14  -1.89417e+14  1.92628e+14  -1.94431e+14  1.95011e+14  -1.94431e+14  1.92628e+14  -1.89417e+14  1.84521e+14  -1.77617e+14  1.68388e+14  -1.56569e+14  1.41997e+14  -1.24646e+14  1.0465e+14  -8.23055e+13  5.80728e+13  -3.25508e+13  6.44936e+12  1.94494e+13  
-1.29079e+13  -4.27884e+12  2.16082e+13  -3.8562e+13  5.46689e+13  -6.953e+13  8.28384e+13  -9.43927e+13  1.04102e+14  -1.11981e+14  1.18135e+14  -1.2274e+14  1.26005e+14  -1.28147e+14  1.29349e+14  -1.29736e+14  1.29349e+14  -1.28147e+14  1.26005e+14  -1.22739e+14  1.18135e+14  -1.11981e+14  1.04102e+14  -9.43926e+13  8.28383e+13  -6.95299e+13  5.46689e+13  -3.85619e+13  2.16082e+13  -4.27884e+12  -1.29078e+13  
6.43567e+12  2.13296e+12  -1.07752e+13  1.9233e+13  -2.72713e+13  3.46909e+13  -4.1338e+13  4.71114e+13  -5.19646e+13  5.59041e+13  -5.89821e+13  6.1285e+13  -6.29185e+13  6.39899e+13  -6.45913e+13  6.47845e+13  -6.45913e+13  6.39899e+13  -6.29184e+13  6.12849e+13  -5.8982e+13  5.5904e+13  -5.19646e+13  4.71113e+13  -4.1338e+13  3.46909e+13  -2.72713e+13  1.9233e+13  -1.07752e+13  2.13295e+12  6.43567e+12  
0  0  0  0  0  0  0  0  0  0  0  0  0  0  0  0  0  0  0  0  0  0  0  0  0  0  0  0  0  0  0  
