1  1  1  1  1  1  1  1  1  1  1  1  1  1  1  1  1  1  1  1  1  1  1  1  1  1  1  1  1  1  1  
9.46929e+17  3.19127e+17  -1.56428e+18  2.78535e+18  -3.97708e+18  5.13172e+18  -6.23885e+18  7.28574e+18  -8.25799e+18  9.14033e+18  -9.91755e+18  1.05754e+19  -1.11011e+19  1.14844e+19  -1.17175e+19  1.17958e+19  -1.17175e+19  1.14844e+19  -1.11011e+19  1.05753e+19  -9.91755e+18  9.14033e+18  -8.25799e+18  7.28574e+18  -6.23885e+18  5.13172e+18  -3.97708e+18  2.78535e+18  -1.56428e+18  3.19127e+17  9.46929e+17  
-1.87144e+18  -6.30641e+17  3.09174e+18  -5.50441e+18  7.85735e+18  -1.01345e+19  1.2315e+19  -1.43736e+19  1.62822e+19  -1.80113e+19  1.95319e+19  -2.08168e+19  2.18424e+19  -2.25893e+19  2.30432e+19  -2.31955e+19  2.30432e+19  -2.25893e+19  2.18424e+19  -2.08168e+19  1.95319e+19  -1.80113e+19  1.62822e+19  -1.43736e+19  1.2315e+19  -1.01345e+19  7.85735e+18  -5.50441e+18  3.09174e+18  -6.30641e+17  -1.87144e+18  
2.75209e+18  9.27268e+17  -4.54719e+18  8.09391e+18  -1.15486e+19  1.4886e+19  -1.80744e+19  2.1077e+19  -2.3853e+19  2.63608e+19  -2.85601e+19  3.04137e+19  -3.189e+19  3.29631e+19  -3.36146e+19  3.3833e+19  -3.36146e+19  3.29631e+19  -3.189e+19  3.04137e+19  -2.85601e+19  2.63608e+19  -2.3853e+19  2.1077e+19  -1.80744e+19  1.4886e+19  -1.15486e+19  8.09391e+18  -4.54719e+18  9.27268e+17  2.75209e+18  
-3.56936e+18  -1.20238e+18  5.89854e+18  -1.04964e+19  1.49674e+19  -1.9276e+19  2.33798e+19  -2.72306e+19  3.07774e+19  -3.39691e+19  3.67574e+19  -3.90992e+19  4.09584e+19  -4.23065e+19  4.31234e+19  -4.33971e+19  4.31234e+19  -4.23065e+19  4.09584e+19  -3.90992e+19  3.67574e+19  -3.39691e+19  3.07774e+19  -2.72306e+19  2.33798e+19  -1.9276e+19  1.49674e+19  -1.04964e+19  5.89854e+18  -1.20238e+18  -3.56936e+18  
4.30643e+18  1.45029e+18  -7.11815e+18  1.26624e+19  -1.80427e+19  2.32119e+19  -2.81167e+19  3.26989e+19  -3.68993e+19  4.06607e+19  -4.39309e+19  4.66652e+19  -4.88273e+19  5.03901e+19  -5.1335e+19  5.16511e+19  -5.1335e+19  5.03901e+19  -4.88273e+19  4.66652e+19  -4.39309e+19  4.06607e+19  -3.68993e+19  3.26989e+19  -2.81166e+19  2.32119e+19  -1.80427e+19  1.26624e+19  -7.11815e+18  1.45029e+18  4.30643e+18  
-4.94976e+18  -1.66639e+18  8.18373e+18  -1.45525e+19  2.07183e+19  -2.66215e+19  3.21978e+19  -3.73807e+19  4.21053e+19  -4.63115e+19  4.99474e+19  -5.2971e+19  5.53506e+19  -5.7064e+19  5.80971e+19  -5.84422e+19  5.80971e+19  -5.7064e+19  5.53506e+19  -5.2971e+19  4.99474e+19  -4.63115e+19  4.21053e+19  -3.73807e+19  3.21978e+19  -2.66215e+19  2.07183e+19  -1.45525e+19  8.18373e+18  -1.66639e+18  -4.94976e+18  
5.48949e+18  1.84736e+18  -9.07901e+18  1.61381e+19  -2.29545e+19  2.94553e+19  -3.55656e+19  4.12122e+19  -4.63269e+19  5.08504e+19  -5.47351e+19  5.79455e+19  -6.04581e+19  6.22591e+19  -6.33415e+19  6.37026e+19  -6.33415e+19  6.22591e+19  -6.04581e+19  5.79455e+19  -5.47351e+19  5.08504e+19  -4.63269e+19  4.12122e+19  -3.55656e+19  2.94553e+19  -2.29545e+19  1.61381e+19  -9.07901e+18  1.84736e+18  5.48949e+18  
-5.91956e+18  -1.99118e+18  9.79397e+18  -1.7402e+19  2.47284e+19  -3.16864e+19  3.81916e+19  -4.41656e+19  4.95396e+19  -5.4258e+19  5.82805e+19  -6.15817e+19  6.41494e+19  -6.59804e+19  6.70769e+19  -6.7442e+19  6.70769e+19  -6.59804e+19  6.41494e+19  -6.15817e+19  5.82805e+19  -5.4258e+19  4.95396e+19  -4.41656e+19  3.81916e+19  -3.16864e+19  2.47284e+19  -1.7402e+19  9.79397e+18  -1.99118e+18  -5.91956e+18  
6.23769e+18  2.09709e+18  -1.03247e+19  1.83381e+19  -2.60331e+19  3.33096e+19  -4.00749e+19  4.62467e+19  -5.17581e+19  5.65596e+19  -6.06208e+19  6.39285e+19  -6.64836e+19  6.82954e+19  -6.93759e+19  6.97349e+19  -6.93759e+19  6.82954e+19  -6.64836e+19  6.39285e+19  -6.06208e+19  5.65596e+19  -5.17581e+19  4.62467e+19  -4.00749e+19  3.33096e+19  -2.60331e+19  1.83381e+19  -1.03247e+19  2.09709e+18  6.23769e+18  
-6.4451e+18  -2.16555e+18  1.06731e+19  -1.89504e+19  2.68766e+19  -3.43392e+19  4.12381e+19  -4.74896e+19  5.30298e+19  -5.78173e+19  6.18331e+19  -6.50775e+19  6.75653e+19  -6.93184e+19  7.03593e+19  -7.07043e+19  7.03593e+19  -6.93184e+19  6.75653e+19  -6.50775e+19  6.18331e+19  -5.78173e+19  5.30298e+19  -4.74896e+19  4.12381e+19  -3.43392e+19  2.68766e+19  -1.89504e+19  1.06731e+19  -2.16555e+18  -6.4451e+18  
6.54609e+18  2.19805e+18  -1.08461e+19  1.9252e+19  -2.72795e+19  3.48054e+19  -4.17239e+19  4.79508e+19  -5.34272e+19  5.81204e+19  -6.20235e+19  6.51504e+19  -6.75293e+19  6.91947e+19  -7.01789e+19  7.05042e+19  -7.01789e+19  6.91947e+19  -6.75293e+19  6.51504e+19  -6.20235e+19  5.81204e+19  -5.34272e+19  4.79508e+19  -4.17239e+19  3.48054e+19  -2.72795e+19  1.9252e+19  -1.08461e+19  2.19805e+18  6.54609e+18  
-6.54754e+18  -2.19698e+18  1.08547e+19  -1.92632e+19  2.72728e+19  -3.47514e+19  4.15893e+19  -4.77032e+19  5.30398e+19  -5.75756e+19  6.13154e+19  -6.42856e+19  6.65272e+19  -6.80858e+19  6.90021e+19  -6.93042e+19  6.90021e+19  -6.80858e+19  6.65272e+19  -6.42856e+19  6.13154e+19  -5.75756e+19  5.30398e+19  -4.77032e+19  4.15893e+19  -3.47514e+19  2.72728e+19  -1.92632e+19  1.08547e+19  -2.19698e+18  -6.54754e+18  
6.45835e+18  2.1654e+18  -1.07134e+19  1.901e+19  -2.68948e+19  3.42293e+19  -4.09012e+19  4.68296e+19  -5.19668e+19  5.62984e+19  -5.98394e+19  6.26277e+19  -6.47149e+19  6.61559e+19  -6.69986e+19  6.72757e+19  -6.69986e+19  6.61559e+19  -6.47149e+19  6.26277e+19  -5.98394e+19  5.62984e+19  -5.19668e+19  4.68296e+19  -4.09012e+19  3.42293e+19  -2.68948e+19  1.901e+19  -1.07134e+19  2.1654e+18  6.45835e+18  
-6.2888e+18  -2.10685e+18  1.0439e+19  -1.85223e+19  2.61892e+19  -3.32967e+19  3.97322e+19  -4.54175e+19  5.03109e+19  -5.44056e+19  5.77257e+19  -6.03182e+19  6.22432e+19  -6.35629e+19  6.43305e+19  -6.45822e+19  6.43305e+19  -6.35629e+19  6.22432e+19  -6.03182e+19  5.77257e+19  -5.44056e+19  5.03108e+19  -4.54175e+19  3.97322e+19  -3.32967e+19  2.61892e+19  -1.85223e+19  1.0439e+19  -2.10685e+18  -6.2888e+18  
6.05002e+18  2.02512e+18  -1.00496e+19  1.78323e+19  -2.52019e+19  3.20137e+19  -3.81562e+19  4.35546e+19  -4.81724e+19  5.20097e+19  -5.50973e+19  5.74891e+19  -5.92514e+19  6.0451e+19  -6.11452e+19  6.13721e+19  -6.11452e+19  6.0451e+19  -5.92514e+19  5.74891e+19  -5.50973e+19  5.20097e+19  -4.81724e+19  4.35546e+19  -3.81562e+19  3.20137e+19  -2.52019e+19  1.78323e+19  -1.00496e+19  2.02512e+18  6.05002e+18  
-5.75341e+18  -1.92413e+18  9.56368e+18  -1.69728e+19  2.39796e+19  -3.04403e+19  3.62457e+19  -4.1325e+19  4.56464e+19  -4.92149e+19  5.20664e+19  -5.42591e+19  5.58629e+19  -5.69474e+19  5.75718e+19  -5.77753e+19  5.75718e+19  -5.69474e+19  5.58629e+19  -5.42591e+19  5.20664e+19  -4.92149e+19  4.56464e+19  -4.1325e+19  3.62457e+19  -3.04403e+19  2.39796e+19  -1.69728e+19  9.56368e+18  -1.92413e+18  -5.7534e+18  
5.4102e+18  1.80771e+18  -8.99977e+18  1.59761e+19  -2.25676e+19  2.86337e+19  -3.40691e+19  3.88068e+19  -4.28191e+19  4.61145e+19  -4.87317e+19  5.07311e+19  -5.21837e+19  5.316e+19  -5.37194e+19  5.39012e+19  -5.37194e+19  5.316e+19  -5.21837e+19  5.07311e+19  -4.87317e+19  4.61145e+19  -4.28191e+19  3.88068e+19  -3.4069e+19  2.86337e+19  -2.25676e+19  1.59761e+19  -8.99977e+18  1.80771e+18  5.4102e+18  
-5.03107e+18  -1.67948e+18  8.37529e+18  -1.48727e+19  2.10084e+19  -2.66473e+19  3.16888e+19  -3.60702e+19  3.97669e+19  -4.27895e+19  4.51778e+19  -4.69919e+19  4.83021e+19  -4.91778e+19  4.96774e+19  -4.98394e+19  4.96774e+19  -4.91778e+19  4.83021e+19  -4.69919e+19  4.51778e+19  -4.27895e+19  3.97669e+19  -3.60702e+19  3.16888e+19  -2.66473e+19  2.10084e+19  -1.48727e+19  8.37529e+18  -1.67948e+18  -5.03107e+18  
4.62579e+18  1.54276e+18  -7.70632e+18  1.36907e+19  -1.93408e+19  2.4529e+19  -2.91604e+19  3.31766e+19  -3.65556e+19  3.93086e+19  -4.14747e+19  4.31123e+19  -4.42891e+19  4.5072e+19  -4.55168e+19  4.56608e+19  -4.55168e+19  4.5072e+19  -4.42891e+19  4.31123e+19  -4.14747e+19  3.93086e+19  -3.65556e+19  3.31766e+19  -2.91604e+19  2.4529e+19  -1.93408e+19  1.36907e+19  -7.70632e+18  1.54276e+18  4.62579e+18  
-4.20305e+18  -1.4005e+18  7.00716e+18  -1.24548e+19  1.7599e+19  -2.23207e+19  2.65319e+19  -3.01784e+19  3.324e+19  -3.5728e+19  3.76793e+19  -3.91489e+19  4.02007e+19  -4.08976e+19  4.12923e+19  -4.14198e+19  4.12923e+19  -4.08976e+19  4.02007e+19  -3.91489e+19  3.76793e+19  -3.5728e+19  3.324e+19  -3.01784e+19  2.65319e+19  -2.23207e+19  1.7599e+19  -1.24548e+19  7.00716e+18  -1.4005e+18  -4.20305e+18  
3.77025e+18  1.25517e+18  -6.29006e+18  1.11863e+19  -1.58119e+19  2.00577e+19  -2.38431e+19  2.71183e+19  -2.98647e+19  3.20925e+19  -3.38357e+19  3.51449e+19  -3.60789e+19  3.66958e+19  -3.70442e+19  3.71566e+19  -3.70442e+19  3.66958e+19  -3.60789e+19  3.51449e+19  -3.38357e+19  3.20925e+19  -2.98647e+19  2.71183e+19  -2.38431e+19  2.00577e+19  -1.58119e+19  1.11863e+19  -6.29006e+18  1.25517e+18  3.77025e+18  
-3.33345e+18  -1.10882e+18  5.56507e+18  -9.90275e+18  1.40033e+19  -1.77688e+19  2.11262e+19  -2.40304e+19  2.64643e+19  -2.84365e+19  2.99774e+19  -3.11323e+19  3.19543e+19  -3.24959e+19  3.28012e+19  -3.28995e+19  3.28012e+19  -3.24959e+19  3.19543e+19  -3.11323e+19  2.99774e+19  -2.84365e+19  2.64642e+19  -2.40304e+19  2.11262e+19  -1.77688e+19  1.40033e+19  -9.90275e+18  5.56507e+18  -1.10882e+18  -3.33345e+18  
2.89732e+18  9.62988e+17  -4.84002e+18  8.61766e+18  -1.21918e+19  1.5476e+19  -1.84056e+19  2.09403e+19  -2.30644e+19  2.47849e+19  -2.61279e+19  2.71332e+19  -2.78476e+19  2.83175e+19  -2.85819e+19  2.8667e+19  -2.85819e+19  2.83175e+19  -2.78476e+19  2.71332e+19  -2.61279e+19  2.47849e+19  -2.30644e+19  2.09403e+19  -1.84056e+19  1.5476e+19  -1.21918e+19  8.61766e+18  -4.84002e+18  9.62988e+17  2.89732e+18  
-2.46522e+18  -8.18777e+17  4.12054e+18  -7.34086e+18  1.03905e+19  -1.31951e+19  1.56987e+19  -1.78661e+19  1.96828e+19  -2.11544e+19  2.23027e+19  -2.31618e+19  2.37716e+19  -2.41721e+19  2.43973e+19  -2.44698e+19  2.43973e+19  -2.41721e+19  2.37716e+19  -2.31618e+19  2.23027e+19  -2.11544e+19  1.96828e+19  -1.78661e+19  1.56987e+19  -1.31951e+19  1.03905e+19  -7.34086e+18  4.12054e+18  -8.18777e+17  -2.46522e+18  
2.03918e+18  6.76846e+17  -3.41016e+18  6.0786e+18  -8.60801e+18  1.09363e+19  -1.30165e+19  1.48186e+19  -1.633e+19  1.75547e+19  -1.85105e+19  1.92252e+19  -1.97323e+19  2.00652e+19  -2.02522e+19  2.03123e+19  -2.02522e+19  2.00652e+19  -1.97323e+19  1.92252e+19  -1.85105e+19  1.75547e+19  -1.633e+19  1.48186e+19  -1.30165e+19  1.09363e+19  -8.608e+18  6.0786e+18  -3.41016e+18  6.76846e+17  2.03918e+18  
-1.62013e+18  -5.37462e+17  2.71053e+18  -4.83383e+18  6.84831e+18  -8.70429e+18  1.0364e+19  -1.18029e+19  1.30106e+19  -1.39897e+19  1.47539e+19  -1.53254e+19  1.57308e+19  -1.59968e+19  1.61462e+19  -1.61942e+19  1.61462e+19  -1.59968e+19  1.57308e+19  -1.53254e+19  1.47539e+19  -1.39897e+19  1.30106e+19  -1.18029e+19  1.0364e+19  -8.70429e+18  6.84831e+18  -4.83383e+18  2.71053e+18  -5.37461e+17  -1.62013e+18  
1.20794e+18  4.00548e+17  -2.02162e+18  3.6067e+18  -5.11171e+18  6.49942e+18  -7.74135e+18  8.81894e+18  -9.72395e+18  1.0458e+19  -1.10312e+19  1.14599e+19  -1.1764e+19  1.19635e+19  -1.20755e+19  1.21114e+19  -1.20755e+19  1.19635e+19  -1.1764e+19  1.14599e+19  -1.10312e+19  1.0458e+19  -9.72394e+18  8.81893e+18  -7.74135e+18  6.49942e+18  -5.11171e+18  3.6067e+18  -2.02162e+18  4.00548e+17  1.20794e+18  
-8.01661e+17  -2.65744e+17  1.34201e+18  -2.39495e+18  3.3953e+18  -4.31826e+18  5.1448e+18  -5.8624e+18  6.46541e+18  -6.95474e+18  7.33698e+18  -7.62292e+18  7.82573e+18  -7.95876e+18  8.03343e+18  -8.05742e+18  8.03343e+18  -7.95876e+18  7.82573e+18  -7.62292e+18  7.33698e+18  -6.95474e+18  6.46541e+18  -5.8624e+18  5.1448e+18  -4.31826e+18  3.39529e+18  -2.39495e+18  1.34201e+18  -2.65744e+17  -8.01661e+17  
3.99697e+17  1.3247e+17  -6.69209e+17  1.19449e+18  -1.69373e+18  2.15453e+18  -2.56736e+18  2.92592e+18  -3.22734e+18  3.47201e+18  -3.66317e+18  3.80619e+18  -3.90764e+18  3.97419e+18  -4.01154e+18  4.02354e+18  -4.01154e+18  3.97419e+18  -3.90764e+18  3.80619e+18  -3.66317e+18  3.47201e+18  -3.22734e+18  2.92592e+18  -2.56736e+18  2.15453e+18  -1.69373e+18  1.19449e+18  -6.69209e+17  1.3247e+17  3.99697e+17  
0  0  0  0  0  0  0  0  0  0  0  0  0  0  0  0  0  0  0  0  0  0  0  0  0  0  0  0  0  0  0  
