1  1  1  1  1  1  1  1  1  1  1  1  1  1  1  1  1  1  1  1  1  1  1  1  1  1  1  1  1  1  1  
-6.87799e+24  -2.31797e+24  1.13621e+25  -2.02313e+25  2.88874e+25  -3.72741e+25  4.53157e+25  -5.29198e+25  5.99816e+25  -6.63905e+25  7.20358e+25  -7.68137e+25  8.06324e+25  -8.34164e+25  8.51098e+25  -8.56781e+25  8.51098e+25  -8.34164e+25  8.06324e+25  -7.68137e+25  7.20358e+25  -6.63905e+25  5.99816e+25  -5.29198e+25  4.53157e+25  -3.72741e+25  2.88874e+25  -2.02313e+25  1.13621e+25  -2.31797e+24  -6.87799e+24  
1.35931e+25  4.58064e+24  -2.24568e+25  3.99811e+25  -5.70716e+25  7.36118e+25  -8.94496e+25  1.04402e+26  -1.18265e+26  1.30825e+26  -1.41869e+26  1.51202e+26  -1.58652e+26  1.64077e+26  -1.67374e+26  1.6848e+26  -1.67374e+26  1.64077e+26  -1.58652e+26  1.51202e+26  -1.41869e+26  1.30825e+26  -1.18265e+26  1.04402e+26  -8.94496e+25  7.36118e+25  -5.70716e+25  3.99811e+25  -2.24568e+25  4.58064e+24  1.35931e+25  
-1.99897e+25  -6.73518e+24  3.30283e+25  -5.87899e+25  8.38828e+25  -1.08124e+26  1.31283e+26  -1.53092e+26  1.73255e+26  -1.91471e+26  2.07445e+26  -2.20909e+26  2.31632e+26  -2.39427e+26  2.44158e+26  -2.45745e+26  2.44158e+26  -2.39427e+26  2.31632e+26  -2.20909e+26  2.07445e+26  -1.91471e+26  1.73255e+26  -1.53092e+26  1.31283e+26  -1.08124e+26  8.38828e+25  -5.87899e+25  3.30283e+25  -6.73518e+24  -1.99897e+25  
2.59259e+25  8.73348e+24  -4.28439e+25  7.624e+25  -1.08715e+26  1.40011e+26  -1.69819e+26  1.97789e+26  -2.23551e+26  2.46734e+26  -2.66986e+26  2.83996e+26  -2.975e+26  3.07292e+26  -3.13226e+26  3.15213e+26  -3.13226e+26  3.07292e+26  -2.975e+26  2.83996e+26  -2.66986e+26  2.46734e+26  -2.23551e+26  1.97789e+26  -1.69819e+26  1.40011e+26  -1.08715e+26  7.624e+25  -4.28439e+25  8.73348e+24  2.59259e+25  
-3.12796e+25  -1.05341e+25  5.17024e+25  -9.19728e+25  1.31052e+26  -1.68599e+26  2.04224e+26  -2.37507e+26  2.68017e+26  -2.95338e+26  3.19091e+26  -3.38951e+26  3.54655e+26  -3.66007e+26  3.7287e+26  -3.75166e+26  3.7287e+26  -3.66007e+26  3.54655e+26  -3.38951e+26  3.19091e+26  -2.95338e+26  2.68017e+26  -2.37507e+26  2.04224e+26  -1.68599e+26  1.31052e+26  -9.19728e+25  5.17024e+25  -1.05341e+25  -3.12796e+25  
3.59524e+25  1.21038e+25  -5.94423e+25  1.05701e+26  -1.50487e+26  1.93365e+26  -2.33868e+26  2.71514e+26  -3.0583e+26  3.36382e+26  -3.62791e+26  3.84753e+26  -4.02037e+26  4.14482e+26  -4.21986e+26  4.24493e+26  -4.21986e+26  4.14482e+26  -4.02037e+26  3.84753e+26  -3.62791e+26  3.36382e+26  -3.0583e+26  2.71514e+26  -2.33868e+26  1.93365e+26  -1.50487e+26  1.05701e+26  -5.94423e+25  1.21038e+25  3.59524e+25  
-3.98727e+25  -1.34183e+25  6.59451e+25  -1.17218e+26  1.6673e+26  -2.13948e+26  2.5833e+26  -2.99343e+26  3.36494e+26  -3.69351e+26  3.97566e+26  -4.20885e+26  4.39135e+26  -4.52217e+26  4.60079e+26  -4.62701e+26  4.60079e+26  -4.52217e+26  4.39135e+26  -4.20885e+26  3.97566e+26  -3.69351e+26  3.36494e+26  -2.99343e+26  2.5833e+26  -2.13948e+26  1.6673e+26  -1.17218e+26  6.59451e+25  -1.34183e+25  -3.98727e+25  
4.29965e+25  1.44629e+25  -7.11382e+25  1.26399e+26  -1.79614e+26  2.30153e+26  -2.77404e+26  3.20796e+26  -3.59829e+26  3.94101e+26  -4.23319e+26  4.47297e+26  -4.65947e+26  4.79247e+26  -4.87211e+26  4.89862e+26  -4.87211e+26  4.79247e+26  -4.65947e+26  4.47297e+26  -4.23319e+26  3.94101e+26  -3.59829e+26  3.20796e+26  -2.77404e+26  2.30153e+26  -1.79614e+26  1.26399e+26  -7.11382e+25  1.44629e+25  4.29965e+25  
-4.53073e+25  -1.52321e+25  7.49933e+25  -1.33198e+26  1.8909e+26  -2.41943e+26  2.91082e+26  -3.35912e+26  3.75943e+26  -4.10819e+26  4.40317e+26  -4.64343e+26  4.82902e+26  -4.96061e+26  5.0391e+26  -5.06517e+26  5.0391e+26  -4.96061e+26  4.82902e+26  -4.64343e+26  4.40317e+26  -4.10819e+26  3.75943e+26  -3.35912e+26  2.91082e+26  -2.41943e+26  1.8909e+26  -1.33198e+26  7.49933e+25  -1.52321e+25  -4.53073e+25  
4.68138e+25  1.57294e+25  -7.75238e+25  1.37646e+26  -1.95217e+26  2.49421e+26  -2.99532e+26  3.44939e+26  -3.8518e+26  4.19954e+26  -4.49123e+26  4.72689e+26  -4.90758e+26  5.03492e+26  -5.11052e+26  5.13558e+26  -5.11052e+26  5.03492e+26  -4.90758e+26  4.72689e+26  -4.49123e+26  4.19954e+26  -3.8518e+26  3.44939e+26  -2.99532e+26  2.49421e+26  -1.95217e+26  1.37646e+26  -7.75238e+25  1.57294e+25  4.68138e+25  
-4.75473e+25  -1.59655e+25  7.878e+25  -1.39836e+26  1.98144e+26  -2.52808e+26  3.0306e+26  -3.48289e+26  3.88066e+26  -4.22156e+26  4.50506e+26  -4.73218e+26  4.90497e+26  -5.02594e+26  5.09742e+26  -5.12105e+26  5.09742e+26  -5.02594e+26  4.90497e+26  -4.73218e+26  4.50506e+26  -4.22156e+26  3.88066e+26  -3.48289e+26  3.0306e+26  -2.52808e+26  1.98144e+26  -1.39836e+26  7.878e+25  -1.59655e+25  -4.75473e+25  
4.75579e+25  1.59577e+25  -7.88427e+25  1.39917e+26  -1.98095e+26  2.52416e+26  -3.02082e+26  3.46491e+26  -3.85253e+26  4.18199e+26  -4.45362e+26  4.66936e+26  -4.83218e+26  4.94539e+26  -5.01194e+26  5.03389e+26  -5.01194e+26  4.94539e+26  -4.83218e+26  4.66936e+26  -4.45362e+26  4.18199e+26  -3.85253e+26  3.46491e+26  -3.02082e+26  2.52416e+26  -1.98095e+26  1.39917e+26  -7.88427e+25  1.59577e+25  4.75579e+25  
-4.691e+25  -1.57283e+25  7.78166e+25  -1.38078e+26  1.9535e+26  -2.48623e+26  2.97085e+26  -3.40145e+26  3.77459e+26  -4.08922e+26  4.34642e+26  -4.54894e+26  4.70055e+26  -4.80521e+26  4.86642e+26  -4.88655e+26  4.86642e+26  -4.80521e+26  4.70055e+26  -4.54894e+26  4.34642e+26  -4.08922e+26  3.77459e+26  -3.40145e+26  2.97085e+26  -2.48623e+26  1.9535e+26  -1.38078e+26  7.78166e+25  -1.57283e+25  -4.691e+25  
4.56785e+25  1.5303e+25  -7.58234e+25  1.34536e+26  -1.90224e+26  2.41849e+26  -2.88593e+26  3.29889e+26  -3.65431e+26  3.95173e+26  -4.19288e+26  4.38119e+26  -4.52102e+26  4.61687e+26  -4.67263e+26  4.69091e+26  -4.67263e+26  4.61687e+26  -4.52102e+26  4.38119e+26  -4.19288e+26  3.95173e+26  -3.65431e+26  3.29889e+26  -2.88593e+26  2.41849e+26  -1.90224e+26  1.34536e+26  -7.58234e+25  1.5303e+25  4.56785e+25  
-4.39441e+25  -1.47094e+25  7.29946e+25  -1.29524e+26  1.83053e+26  -2.32531e+26  2.77146e+26  -3.16357e+26  3.49899e+26  -3.7777e+26  4.00197e+26  -4.1757e+26  4.3037e+26  -4.39084e+26  4.44126e+26  -4.45775e+26  4.44126e+26  -4.39084e+26  4.3037e+26  -4.1757e+26  4.00197e+26  -3.7777e+26  3.49899e+26  -3.16357e+26  2.77146e+26  -2.32531e+26  1.83053e+26  -1.29524e+26  7.29946e+25  -1.47094e+25  -4.39441e+25  
4.17897e+25  1.39759e+25  -6.94655e+25  1.23282e+26  -1.74175e+26  2.21102e+26  -2.6327e+26  3.00163e+26  -3.31551e+26  3.57471e+26  -3.78182e+26  3.94109e+26  -4.05758e+26  4.13636e+26  -4.18171e+26  4.19649e+26  -4.18171e+26  4.13636e+26  -4.05758e+26  3.94109e+26  -3.78182e+26  3.57471e+26  -3.31551e+26  3.00163e+26  -2.6327e+26  2.21102e+26  -1.74175e+26  1.23282e+26  -6.94655e+25  1.39759e+25  4.17897e+25  
-3.92968e+25  -1.31302e+25  6.53695e+25  -1.16042e+26  1.63919e+26  -2.0798e+26  2.47459e+26  -2.81872e+26  3.11015e+26  -3.34951e+26  3.53961e+26  -3.68484e+26  3.79035e+26  -3.86126e+26  3.90189e+26  -3.9151e+26  3.90189e+26  -3.86126e+26  3.79035e+26  -3.68484e+26  3.53961e+26  -3.34951e+26  3.11015e+26  -2.81872e+26  2.47459e+26  -2.0798e+26  1.63919e+26  -1.16042e+26  6.53695e+25  -1.31302e+25  -3.92968e+25  
3.6543e+25  1.21988e+25  -6.08336e+25  1.08028e+26  -1.52594e+26  1.93552e+26  -2.3017e+26  2.61995e+26  -2.88846e+26  3.108e+26  -3.28147e+26  3.41324e+26  -3.5084e+26  3.57201e+26  -3.6083e+26  3.62007e+26  -3.6083e+26  3.57201e+26  -3.5084e+26  3.41324e+26  -3.28147e+26  3.108e+26  -2.88846e+26  2.61995e+26  -2.3017e+26  1.93552e+26  -1.52594e+26  1.08028e+26  -6.08336e+25  1.21988e+25  3.6543e+25  
-3.35993e+25  -1.12058e+25  5.59746e+25  -9.94417e+25  1.40481e+26  -1.78165e+26  2.11806e+26  -2.40977e+26  2.6552e+26  -2.85517e+26  3.0125e+26  -3.13145e+26  3.21693e+26  -3.27379e+26  3.3061e+26  -3.31656e+26  3.3061e+26  -3.27379e+26  3.21693e+26  -3.13145e+26  3.0125e+26  -2.85517e+26  2.6552e+26  -2.40977e+26  2.11806e+26  -1.78165e+26  1.40481e+26  -9.94417e+25  5.59746e+25  -1.12058e+25  -3.35993e+25  
3.05287e+25  1.01725e+25  -5.08963e+25  9.04649e+25  -1.27829e+26  1.62126e+26  -1.92713e+26  2.192e+26  -2.41438e+26  2.59509e+26  -2.73682e+26  2.84357e+26  -2.91996e+26  2.97058e+26  -2.99925e+26  3.00851e+26  -2.99925e+26  2.97058e+26  -2.91996e+26  2.84357e+26  -2.73682e+26  2.59509e+26  -2.41438e+26  2.192e+26  -1.92713e+26  1.62126e+26  -1.27829e+26  9.04649e+25  -5.08963e+25  1.01725e+25  3.05287e+25  
-2.73851e+25  -9.11691e+24  4.56876e+25  -8.12514e+25  1.14849e+26  -1.45689e+26  1.73184e+26  -1.96973e+26  2.16921e+26  -2.33103e+26  2.45765e+26  -2.55274e+26  2.62058e+26  -2.66539e+26  2.69069e+26  -2.69886e+26  2.69069e+26  -2.66539e+26  2.62058e+26  -2.55274e+26  2.45765e+26  -2.33103e+26  2.16921e+26  -1.96973e+26  1.73184e+26  -1.45689e+26  1.14849e+26  -8.12514e+25  4.56876e+25  -9.11691e+24  -2.73851e+25  
2.42124e+25  8.05386e+24  -4.04217e+25  7.19283e+25  -1.01713e+26  1.29063e+26  -1.53449e+26  1.74544e+26  -1.92222e+26  2.06548e+26  -2.1774e+26  2.26128e+26  -2.32099e+26  2.36033e+26  -2.3825e+26  2.38964e+26  -2.3825e+26  2.36033e+26  -2.32099e+26  2.26128e+26  -2.1774e+26  2.06548e+26  -1.92222e+26  1.74544e+26  -1.53449e+26  1.29063e+26  -1.01713e+26  7.19283e+25  -4.04217e+25  8.05386e+24  2.42124e+25  
-2.10446e+25  -6.99463e+24  3.51553e+25  -6.25941e+25  8.85547e+25  -1.12409e+26  1.33689e+26  -1.52099e+26  1.67528e+26  -1.80024e+26  1.89779e+26  -1.97081e+26  2.0227e+26  -2.05683e+26  2.07604e+26  -2.08222e+26  2.07604e+26  -2.05683e+26  2.0227e+26  -1.97081e+26  1.89779e+26  -1.80024e+26  1.67528e+26  -1.52099e+26  1.33689e+26  -1.12409e+26  8.85547e+25  -6.25941e+25  3.51553e+25  -6.99463e+24  -2.10446e+25  
1.7906e+25  5.94716e+24  -2.99294e+25  5.33201e+25  -7.54712e+25  9.58424e+25  -1.14027e+26  1.2977e+26  -1.42965e+26  1.53654e+26  -1.61995e+26  1.68235e+26  -1.72664e+26  1.75573e+26  -1.77209e+26  1.77735e+26  -1.77209e+26  1.75573e+26  -1.72664e+26  1.68235e+26  -1.61995e+26  1.53654e+26  -1.42965e+26  1.2977e+26  -1.14027e+26  9.58424e+25  -7.54712e+25  5.33201e+25  -2.99294e+25  5.94716e+24  1.7906e+25  
-1.48115e+25  -4.91625e+24  2.47696e+25  -4.41517e+25  6.2524e+25  -7.94354e+25  9.45448e+25  -1.07634e+26  1.18613e+26  -1.27508e+26  1.3445e+26  -1.39642e+26  1.43325e+26  -1.45743e+26  1.47101e+26  -1.47537e+26  1.47101e+26  -1.45743e+26  1.43325e+26  -1.39642e+26  1.3445e+26  -1.27508e+26  1.18613e+26  -1.07634e+26  9.45448e+25  -7.94354e+25  6.2524e+25  -4.41517e+25  2.47696e+25  -4.91625e+24  -1.48115e+25  
1.17677e+25  3.90383e+24  -1.96879e+25  3.51104e+25  -4.97425e+25  6.32233e+25  -7.52783e+25  8.57301e+25  -9.45021e+25  1.01613e+26  -1.07164e+26  1.11316e+26  -1.1426e+26  1.16192e+26  -1.17277e+26  1.17626e+26  -1.17277e+26  1.16192e+26  -1.1426e+26  1.11316e+26  -1.07164e+26  1.01613e+26  -9.45021e+25  8.57301e+25  -7.52783e+25  6.32233e+25  -4.97425e+25  3.51104e+25  -1.96879e+25  3.90383e+24  1.17677e+25  
-8.77381e+24  -2.90936e+24  1.4684e+25  -2.61972e+25  3.71287e+25  -4.72083e+25  5.6229e+25  -6.4056e+25  7.06295e+25  -7.59613e+25  8.01248e+25  -8.32389e+25  8.54475e+25  -8.68963e+25  8.77097e+25  -8.7971e+25  8.77097e+25  -8.68963e+25  8.54475e+25  -8.32389e+25  8.01248e+25  -7.59613e+25  7.06295e+25  -6.4056e+25  5.6229e+25  -4.72083e+25  3.71287e+25  -2.61972e+25  1.4684e+25  -2.90936e+24  -8.77381e+24  
5.82284e+24  1.93022e+24  -9.74764e+24  1.73956e+25  -2.46616e+25  3.13656e+25  -3.73691e+25  4.25814e+25  -4.69613e+25  5.05156e+25  -5.32919e+25  5.53688e+25  -5.68419e+25  5.78082e+25  -5.83506e+25  5.85248e+25  -5.83506e+25  5.78082e+25  -5.68419e+25  5.53688e+25  -5.32919e+25  5.05156e+25  -4.69613e+25  4.25814e+25  -3.73691e+25  3.13656e+25  -2.46616e+25  1.73956e+25  -9.74764e+24  1.93022e+24  5.82284e+24  
-2.90319e+24  -9.62195e+23  4.86078e+24  -8.67616e+24  1.23023e+25  -1.56494e+25  1.86479e+25  -2.12523e+25  2.34417e+25  -2.52188e+25  2.66073e+25  -2.76462e+25  2.8383e+25  -2.88664e+25  2.91377e+25  -2.92248e+25  2.91377e+25  -2.88664e+25  2.8383e+25  -2.76462e+25  2.66073e+25  -2.52188e+25  2.34417e+25  -2.12523e+25  1.86479e+25  -1.56494e+25  1.23023e+25  -8.67616e+24  4.86078e+24  -9.62195e+23  -2.90319e+24  
0  0  0  0  0  0  0  0  0  0  0  0  0  0  0  0  0  0  0  0  0  0  0  0  0  0  0  0  0  0  0  
