1  1  1  1  1  1  1  1  1  1  1  1  1  1  1  1  1  1  1  1  1  1  1  1  1  1  1  1  1  1  1  
-3.81873e+27  -1.28696e+27  6.30836e+27  -1.12326e+28  1.60386e+28  -2.0695e+28  2.51597e+28  -2.93816e+28  3.33024e+28  -3.68607e+28  3.9995e+28  -4.26478e+28  4.4768e+28  -4.63137e+28  4.72538e+28  -4.75694e+28  4.72538e+28  -4.63137e+28  4.4768e+28  -4.26478e+28  3.9995e+28  -3.68607e+28  3.33024e+28  -2.93816e+28  2.51597e+28  -2.0695e+28  1.60386e+28  -1.12326e+28  6.30836e+27  -1.28696e+27  -3.81873e+27  
7.54704e+27  2.54322e+27  -1.24682e+28  2.21979e+28  -3.16868e+28  4.087e+28  -4.96633e+28  5.79652e+28  -6.5662e+28  7.26351e+28  -7.87672e+28  8.3949e+28  -8.8085e+28  9.1097e+28  -9.29277e+28  9.35418e+28  -9.29277e+28  9.1097e+28  -8.8085e+28  8.3949e+28  -7.87672e+28  7.26351e+28  -6.5662e+28  5.79652e+28  -4.96633e+28  4.087e+28  -3.16868e+28  2.21979e+28  -1.24682e+28  2.54322e+27  7.54704e+27  
-1.10985e+28  -3.73944e+27  1.83377e+28  -3.26408e+28  4.65726e+28  -6.00315e+28  7.28898e+28  -8.49981e+28  9.61931e+28  -1.06307e+29  1.15176e+29  -1.22651e+29  1.28604e+29  -1.32932e+29  1.35559e+29  -1.3644e+29  1.35559e+29  -1.32932e+29  1.28604e+29  -1.22651e+29  1.15176e+29  -1.06307e+29  9.61931e+28  -8.49981e+28  7.28898e+28  -6.00315e+28  4.65726e+28  -3.26408e+28  1.83377e+28  -3.73944e+27  -1.10985e+28  
1.43943e+28  4.84892e+27  -2.37874e+28  4.23292e+28  -6.03598e+28  7.77355e+28  -9.4285e+28  1.09814e+29  -1.24118e+29  1.36989e+29  -1.48233e+29  1.57677e+29  -1.65175e+29  1.70612e+29  -1.73906e+29  1.7501e+29  -1.73906e+29  1.70612e+29  -1.65175e+29  1.57677e+29  -1.48233e+29  1.36989e+29  -1.24118e+29  1.09814e+29  -9.4285e+28  7.77355e+28  -6.03598e+28  4.23292e+28  -2.37874e+28  4.84892e+27  1.43943e+28  
-1.73668e+28  -5.84865e+27  2.87057e+28  -5.10643e+28  7.27617e+28  -9.3608e+28  1.13387e+29  -1.31867e+29  1.48806e+29  -1.63975e+29  1.77163e+29  -1.88189e+29  1.96908e+29  -2.03211e+29  2.07021e+29  -2.08296e+29  2.07021e+29  -2.03211e+29  1.96908e+29  -1.88189e+29  1.77163e+29  -1.63975e+29  1.48806e+29  -1.31867e+29  1.13387e+29  -9.3608e+28  7.27617e+28  -5.10643e+28  2.87057e+28  -5.84865e+27  -1.73668e+28  
1.99612e+28  6.72014e+27  -3.3003e+28  5.86865e+28  -8.35519e+28  1.07358e+29  -1.29846e+29  1.50747e+29  -1.698e+29  1.86763e+29  -2.01425e+29  2.13619e+29  -2.23215e+29  2.30125e+29  -2.34291e+29  2.35683e+29  -2.34291e+29  2.30125e+29  -2.23215e+29  2.13619e+29  -2.01425e+29  1.86763e+29  -1.698e+29  1.50747e+29  -1.29846e+29  1.07358e+29  -8.35519e+28  5.86865e+28  -3.3003e+28  6.72014e+27  1.99612e+28  
-2.21377e+28  -7.44996e+27  3.66134e+28  -6.50809e+28  9.257e+28  -1.18786e+29  1.43427e+29  -1.66199e+29  1.86825e+29  -2.05067e+29  2.20733e+29  -2.3368e+29  2.43812e+29  -2.51075e+29  2.55441e+29  -2.56897e+29  2.55441e+29  -2.51075e+29  2.43812e+29  -2.3368e+29  2.20733e+29  -2.05067e+29  1.86825e+29  -1.66199e+29  1.43427e+29  -1.18786e+29  9.257e+28  -6.50809e+28  3.66134e+28  -7.44996e+27  -2.21377e+28  
2.38721e+28  8.02993e+27  -3.94966e+28  7.0178e+28  -9.97234e+28  1.27783e+29  -1.54017e+29  1.78109e+29  -1.99781e+29  2.18809e+29  -2.35031e+29  2.48344e+29  -2.58699e+29  2.66083e+29  -2.70505e+29  2.71977e+29  -2.70505e+29  2.66083e+29  -2.58699e+29  2.48344e+29  -2.35031e+29  2.18809e+29  -1.99781e+29  1.78109e+29  -1.54017e+29  1.27783e+29  -9.97234e+28  7.0178e+28  -3.94966e+28  8.02993e+27  2.38721e+28  
-2.51551e+28  -8.45705e+27  4.1637e+28  -7.3953e+28  1.04985e+29  -1.34329e+29  1.61612e+29  -1.86502e+29  2.08728e+29  -2.28091e+29  2.44469e+29  -2.57808e+29  2.68112e+29  -2.75418e+29  2.79776e+29  -2.81224e+29  2.79776e+29  -2.75418e+29  2.68112e+29  -2.57808e+29  2.44469e+29  -2.28091e+29  2.08728e+29  -1.86502e+29  1.61612e+29  -1.34329e+29  1.04985e+29  -7.3953e+28  4.1637e+28  -8.45705e+27  -2.51551e+28  
2.59915e+28  8.73312e+27  -4.3042e+28  7.64224e+28  -1.08387e+29  1.38481e+29  -1.66303e+29  1.91514e+29  -2.13856e+29  2.33163e+29  -2.49358e+29  2.62442e+29  -2.72474e+29  2.79544e+29  -2.83742e+29  2.85133e+29  -2.83742e+29  2.79544e+29  -2.72474e+29  2.62442e+29  -2.49358e+29  2.33163e+29  -2.13856e+29  1.91514e+29  -1.66303e+29  1.38481e+29  -1.08387e+29  7.64224e+28  -4.3042e+28  8.73312e+27  2.59915e+28  
-2.63988e+28  -8.8642e+27  4.37395e+28  -7.76385e+28  1.10011e+29  -1.40362e+29  1.68262e+29  -1.93374e+29  2.15459e+29  -2.34385e+29  2.50126e+29  -2.62735e+29  2.72329e+29  -2.79045e+29  2.83014e+29  -2.84326e+29  2.83014e+29  -2.79045e+29  2.72329e+29  -2.62735e+29  2.50126e+29  -2.34385e+29  2.15459e+29  -1.93374e+29  1.68262e+29  -1.40362e+29  1.10011e+29  -7.76385e+28  4.37395e+28  -8.8642e+27  -2.63988e+28  
2.64046e+28  8.85989e+27  -4.37743e+28  7.76836e+28  -1.09984e+29  1.40144e+29  -1.67719e+29  1.92375e+29  -2.13896e+29  2.32188e+29  -2.4727e+29  2.59248e+29  -2.68288e+29  2.74573e+29  -2.78268e+29  2.79487e+29  -2.78268e+29  2.74573e+29  -2.68288e+29  2.59248e+29  -2.4727e+29  2.32188e+29  -2.13896e+29  1.92375e+29  -1.67719e+29  1.40144e+29  -1.09984e+29  7.76836e+28  -4.37743e+28  8.85989e+27  2.64046e+28  
-2.60449e+28  -8.73254e+27  4.32046e+28  -7.66624e+28  1.0846e+29  -1.38038e+29  1.64944e+29  -1.88852e+29  2.09569e+29  -2.27038e+29  2.41317e+29  -2.52562e+29  2.60979e+29  -2.6679e+29  2.70189e+29  -2.71306e+29  2.70189e+29  -2.6679e+29  2.60979e+29  -2.52562e+29  2.41317e+29  -2.27038e+29  2.09569e+29  -1.88852e+29  1.64944e+29  -1.38038e+29  1.0846e+29  -7.66624e+28  4.32046e+28  -8.73254e+27  -2.60449e+28  
2.53612e+28  8.4964e+27  -4.2098e+28  7.46958e+28  -1.05614e+29  1.34277e+29  -1.6023e+29  1.83158e+29  -2.02891e+29  2.19404e+29  -2.32793e+29  2.43248e+29  -2.51012e+29  2.56333e+29  -2.59429e+29  2.60444e+29  -2.59429e+29  2.56333e+29  -2.51012e+29  2.43248e+29  -2.32793e+29  2.19404e+29  -2.02891e+29  1.83158e+29  -1.6023e+29  1.34277e+29  -1.05614e+29  7.46958e+28  -4.2098e+28  8.4964e+27  2.53612e+28  
-2.43982e+28  -8.16682e+27  4.05274e+28  -7.19132e+28  1.01633e+29  -1.29103e+29  1.53875e+29  -1.75645e+29  1.94268e+29  -2.09742e+29  2.22194e+29  -2.31839e+29  2.38946e+29  -2.43784e+29  2.46584e+29  -2.47499e+29  2.46584e+29  -2.43784e+29  2.38946e+29  -2.31839e+29  2.22194e+29  -2.09742e+29  1.94268e+29  -1.75645e+29  1.53875e+29  -1.29103e+29  1.01633e+29  -7.19132e+28  4.05274e+28  -8.16682e+27  -2.43982e+28  
2.32021e+28  7.75955e+27  -3.8568e+28  6.84472e+28  -9.67037e+28  1.22758e+29  -1.4617e+29  1.66653e+29  -1.84081e+29  1.98471e+29  -2.09971e+29  2.18814e+29  -2.25281e+29  2.29655e+29  -2.32173e+29  2.32994e+29  -2.32173e+29  2.29655e+29  -2.25281e+29  2.18814e+29  -2.09971e+29  1.98471e+29  -1.84081e+29  1.66653e+29  -1.4617e+29  1.22758e+29  -9.67037e+28  6.84472e+28  -3.8568e+28  7.75955e+27  2.32021e+28  
-2.1818e+28  -7.29004e+27  3.62938e+28  -6.44277e+28  9.10094e+28  -1.15473e+29  1.37392e+29  -1.56498e+29  1.72679e+29  -1.85968e+29  1.96523e+29  -2.04586e+29  2.10444e+29  -2.14381e+29  2.16637e+29  -2.1737e+29  2.16637e+29  -2.14381e+29  2.10444e+29  -2.04586e+29  1.96523e+29  -1.85968e+29  1.72679e+29  -1.56498e+29  1.37392e+29  -1.15473e+29  9.10094e+28  -6.44277e+28  3.62938e+28  -7.29004e+27  -2.1818e+28  
2.0289e+28  6.77292e+27  -3.37755e+28  5.99781e+28  -8.47217e+28  1.07462e+29  -1.27793e+29  1.45462e+29  -1.6037e+29  1.7256e+29  -1.82191e+29  1.89507e+29  -1.9479e+29  1.98322e+29  -2.00337e+29  2.0099e+29  -2.00337e+29  1.98322e+29  -1.9479e+29  1.89507e+29  -1.82191e+29  1.7256e+29  -1.6037e+29  1.45462e+29  -1.27793e+29  1.07462e+29  -8.47217e+28  5.99781e+28  -3.37755e+28  6.77292e+27  2.0289e+28  
-1.86547e+28  -6.22159e+27  3.10777e+28  -5.52111e+28  7.79967e+28  -9.89193e+28  1.17597e+29  -1.33793e+29  1.4742e+29  -1.58522e+29  1.67257e+29  -1.73861e+29  1.78607e+29  -1.81764e+29  1.83558e+29  -1.84139e+29  1.83558e+29  -1.81764e+29  1.78607e+29  -1.73861e+29  1.67257e+29  -1.58522e+29  1.4742e+29  -1.33793e+29  1.17597e+29  -9.89193e+28  7.79967e+28  -5.52111e+28  3.10777e+28  -6.22159e+27  -1.86547e+28  
1.69499e+28  5.64786e+27  -2.82581e+28  5.0227e+28  -7.09722e+28  9.00138e+28  -1.06996e+29  1.21702e+29  -1.34049e+29  1.44082e+29  -1.51951e+29  1.57878e+29  -1.62119e+29  1.6493e+29  -1.66522e+29  1.67036e+29  -1.66522e+29  1.6493e+29  -1.62119e+29  1.57878e+29  -1.51951e+29  1.44082e+29  -1.34049e+29  1.21702e+29  -1.06996e+29  9.00138e+28  -7.09722e+28  5.0227e+28  -2.82581e+28  5.64786e+27  1.69499e+28  
-1.52045e+28  -5.0618e+27  2.53662e+28  -4.51116e+28  6.37654e+28  -8.08878e+28  9.61534e+28  -1.09361e+29  1.20437e+29  -1.29421e+29  1.36451e+29  -1.41731e+29  1.45497e+29  -1.47985e+29  1.4939e+29  -1.49843e+29  1.4939e+29  -1.47985e+29  1.45497e+29  -1.41731e+29  1.36451e+29  -1.29421e+29  1.20437e+29  -1.09361e+29  9.61534e+28  -8.08878e+28  6.37654e+28  -4.51116e+28  2.53662e+28  -5.0618e+27  -1.52045e+28  
1.3443e+28  4.47159e+27  -2.24425e+28  3.99353e+28  -5.6472e+28  7.16571e+28  -8.51967e+28  9.69086e+28  -1.06724e+29  1.14677e+29  -1.20891e+29  1.25549e+29  -1.28864e+29  1.31048e+29  -1.32279e+29  1.32675e+29  -1.32279e+29  1.31048e+29  -1.28864e+29  1.25549e+29  -1.20891e+29  1.14677e+29  -1.06724e+29  9.69086e+28  -8.51967e+28  7.16571e+28  -5.6472e+28  3.99353e+28  -2.24425e+28  4.47159e+27  1.3443e+28  
-1.16842e+28  -3.88349e+27  1.95186e+28  -3.47529e+28  4.91665e+28  -6.24108e+28  7.42253e+28  -8.44472e+28  9.3013e+28  -9.99512e+28  1.05367e+29  -1.09422e+29  1.12303e+29  -1.14197e+29  1.15264e+29  -1.15607e+29  1.15264e+29  -1.14197e+29  1.12303e+29  -1.09422e+29  1.05367e+29  -9.99512e+28  9.3013e+28  -8.44472e+28  7.42253e+28  -6.24108e+28  4.91665e+28  -3.47529e+28  1.95186e+28  -3.88349e+27  -1.16842e+28  
9.9416e+27  3.30192e+27  -1.66171e+28  2.96039e+28  -4.19024e+28  5.32127e+28  -6.33091e+28  7.20494e+28  -7.93759e+28  8.53104e+28  -8.99414e+28  9.34057e+28  -9.58648e+28  9.74802e+28  -9.83884e+28  9.86805e+28  -9.83884e+28  9.74802e+28  -9.58648e+28  9.34057e+28  -8.99414e+28  8.53104e+28  -7.93759e+28  7.20494e+28  -6.33091e+28  5.32127e+28  -4.19024e+28  2.96039e+28  -1.66171e+28  3.30192e+27  9.9416e+27  
-8.22351e+27  -2.72955e+27  1.37523e+28  -2.45135e+28  3.4714e+28  -4.41034e+28  5.24923e+28  -5.97597e+28  6.5855e+28  -7.07939e+28  7.46482e+28  -7.75306e+28  7.95755e+28  -8.09178e+28  8.16719e+28  -8.19143e+28  8.16719e+28  -8.09178e+28  7.95755e+28  -7.75306e+28  7.46482e+28  -7.07939e+28  6.5855e+28  -5.97597e+28  5.24923e+28  -4.41034e+28  3.4714e+28  -2.45135e+28  1.37523e+28  -2.72955e+27  -8.22351e+27  
6.53357e+27  2.16745e+27  -1.09309e+28  1.94937e+28  -2.76175e+28  3.51022e+28  -4.17953e+28  4.75982e+28  -5.24686e+28  5.64168e+28  -5.94988e+28  6.18037e+28  -6.34385e+28  6.45111e+28  -6.51135e+28  6.5307e+28  -6.51135e+28  6.45111e+28  -6.34385e+28  6.18037e+28  -5.94988e+28  5.64168e+28  -5.24686e+28  4.75982e+28  -4.17953e+28  3.51022e+28  -2.76175e+28  1.94937e+28  -1.09309e+28  2.16745e+27  6.53357e+27  
-4.87131e+27  -1.61531e+27  8.15269e+27  -1.45449e+28  2.06143e+28  -2.62106e+28  3.12189e+28  -3.55646e+28  3.92143e+28  -4.21745e+28  4.44861e+28  -4.62151e+28  4.74413e+28  -4.82457e+28  4.86973e+28  -4.88424e+28  4.86973e+28  -4.82457e+28  4.74413e+28  -4.62151e+28  4.44861e+28  -4.21745e+28  3.92143e+28  -3.55646e+28  3.12189e+28  -2.62106e+28  2.06143e+28  -1.45449e+28  8.15269e+27  -1.61531e+27  -4.87131e+27  
3.2329e+27  1.07168e+27  -5.41199e+27  9.65824e+27  -1.36924e+28  1.74145e+28  -2.07477e+28  2.36416e+28  -2.60734e+28  2.80468e+28  -2.95882e+28  3.07413e+28  -3.15592e+28  3.20957e+28  -3.23968e+28  3.24936e+28  -3.23968e+28  3.20957e+28  -3.15592e+28  3.07413e+28  -2.95882e+28  2.80468e+28  -2.60734e+28  2.36416e+28  -2.07477e+28  1.74145e+28  -1.36924e+28  9.65824e+27  -5.41199e+27  1.07168e+27  3.2329e+27  
-1.61188e+27  -5.3422e+26  2.69876e+27  -4.81709e+27  6.83038e+27  -8.68868e+27  1.03535e+28  -1.17995e+28  1.30151e+28  -1.40017e+28  1.47726e+28  -1.53494e+28  1.57586e+28  -1.60269e+28  1.61775e+28  -1.62259e+28  1.61775e+28  -1.60269e+28  1.57586e+28  -1.53494e+28  1.47726e+28  -1.40017e+28  1.30151e+28  -1.17995e+28  1.03535e+28  -8.68868e+27  6.83038e+27  -4.81709e+27  2.69876e+27  -5.3422e+26  -1.61188e+27  
0  0  0  0  0  0  0  0  0  0  0  0  0  0  0  0  0  0  0  0  0  0  0  0  0  0  0  0  0  0  0  
