1  1  1  1  1  1  1  1  1  1  1  1  1  1  1  1  1  1  1  1  1  1  1  1  1  1  1  1  1  1  1  
-1.47297e+37  -4.96408e+36  2.43327e+37  -4.33266e+37  6.18644e+37  -7.9825e+37  9.70466e+37  -1.13331e+38  1.28455e+38  -1.4218e+38  1.5427e+38  -1.64502e+38  1.7268e+38  -1.78642e+38  1.82268e+38  -1.83486e+38  1.82268e+38  -1.78642e+38  1.7268e+38  -1.64502e+38  1.5427e+38  -1.4218e+38  1.28455e+38  -1.13331e+38  9.70466e+37  -7.9825e+37  6.18644e+37  -4.33266e+37  2.43327e+37  -4.96408e+36  -1.47297e+37  
2.91106e+37  9.80975e+36  -4.80927e+37  8.56223e+37  -1.22223e+38  1.57645e+38  -1.91562e+38  2.23584e+38  -2.53273e+38  2.8017e+38  -3.03822e+38  3.2381e+38  -3.39763e+38  3.51381e+38  -3.58442e+38  3.60811e+38  -3.58442e+38  3.51381e+38  -3.39763e+38  3.2381e+38  -3.03822e+38  2.8017e+38  -2.53273e+38  2.23584e+38  -1.91562e+38  1.57645e+38  -1.22223e+38  8.56223e+37  -4.80927e+37  9.80975e+36  2.91106e+37  
-4.28093e+37  -1.44238e+37  7.07325e+37  -1.25903e+38  1.79641e+38  -2.31555e+38  2.81152e+38  -3.27857e+38  3.71038e+38  -4.10048e+38  4.44258e+38  -4.73092e+38  4.96055e+38  -5.12749e+38  5.22882e+38  -5.26279e+38  5.22882e+38  -5.12749e+38  4.96055e+38  -4.73092e+38  4.44258e+38  -4.10048e+38  3.71038e+38  -3.27857e+38  2.81152e+38  -2.31555e+38  1.79641e+38  -1.25903e+38  7.07325e+37  -1.44238e+37  -4.28093e+37  
5.55222e+37  1.87034e+37  -9.17531e+37  1.63273e+38  -2.32821e+38  2.99843e+38  -3.63678e+38  4.23578e+38  -4.78749e+38  5.28397e+38  -5.71769e+38  6.08197e+38  -6.37116e+38  6.58087e+38  -6.70794e+38  6.75051e+38  -6.70794e+38  6.58087e+38  -6.37116e+38  6.08197e+38  -5.71769e+38  5.28397e+38  -4.78749e+38  4.23578e+38  -3.63678e+38  2.99843e+38  -2.32821e+38  1.63273e+38  -9.17531e+37  1.87034e+37  5.55222e+37  
-6.69875e+37  -2.25595e+37  1.10724e+38  -1.96966e+38  2.80658e+38  -3.61067e+38  4.37361e+38  -5.08638e+38  5.73977e+38  -6.32487e+38  6.83355e+38  -7.25887e+38  7.59519e+38  -7.83829e+38  7.98526e+38  -8.03444e+38  7.98526e+38  -7.83829e+38  7.59519e+38  -7.25887e+38  6.83355e+38  -6.32487e+38  5.73977e+38  -5.08638e+38  4.37361e+38  -3.61067e+38  2.80658e+38  -1.96966e+38  1.10724e+38  -2.25595e+37  -6.69875e+37  
7.69946e+37  2.5921e+37  -1.273e+38  2.26367e+38  -3.22278e+38  4.14104e+38  -5.00844e+38  5.81465e+38  -6.54956e+38  7.20385e+38  -7.76942e+38  8.23976e+38  -8.60991e+38  8.87643e+38  -9.03712e+38  9.09081e+38  -9.03712e+38  8.87643e+38  -8.60991e+38  8.23976e+38  -7.76942e+38  7.20385e+38  -6.54956e+38  5.81465e+38  -5.00844e+38  4.14104e+38  -3.22278e+38  2.26367e+38  -1.273e+38  2.5921e+37  7.69946e+37  
-8.53901e+37  -2.87361e+37  1.41226e+38  -2.51031e+38  3.57063e+38  -4.58183e+38  5.53231e+38  -6.41064e+38  7.20625e+38  -7.9099e+38  8.51416e+38  -9.01354e+38  9.40438e+38  -9.68453e+38  9.85291e+38  -9.90907e+38  9.85291e+38  -9.68453e+38  9.40438e+38  -9.01354e+38  8.51416e+38  -7.9099e+38  7.20625e+38  -6.41064e+38  5.53231e+38  -4.58183e+38  3.57063e+38  -2.51031e+38  1.41226e+38  -2.87361e+37  -8.53901e+37  
9.208e+37  3.09732e+37  -1.52347e+38  2.70692e+38  -3.84655e+38  4.92888e+38  -5.94079e+38  6.87006e+38  -7.70599e+38  8.43995e+38  -9.06566e+38  9.57917e+38  -9.97857e+38  1.02634e+39  -1.0434e+39  1.04907e+39  -1.0434e+39  1.02634e+39  -9.97857e+38  9.57917e+38  -9.06566e+38  8.43995e+38  -7.70599e+38  6.87006e+38  -5.94079e+38  4.92888e+38  -3.84655e+38  2.70692e+38  -1.52347e+38  3.09732e+37  9.208e+37  
-9.70286e+37  -3.26207e+37  1.60603e+38  -2.85253e+38  4.0495e+38  -5.18138e+38  6.23373e+38  -7.19378e+38  8.05108e+38  -8.79797e+38  9.42969e+38  -9.94422e+38  1.03417e+39  -1.06235e+39  1.07916e+39  -1.08474e+39  1.07916e+39  -1.06235e+39  1.03417e+39  -9.94422e+38  9.42969e+38  -8.79797e+38  8.05108e+38  -7.19378e+38  6.23373e+38  -5.18138e+38  4.0495e+38  -2.85253e+38  1.60603e+38  -3.26207e+37  -9.70286e+37  
1.00255e+38  3.36855e+37  -1.66023e+38  2.94778e+38  -4.18071e+38  5.34153e+38  -6.41468e+38  7.38711e+38  -8.2489e+38  8.99361e+38  -9.61828e+38  1.0123e+39  -1.05099e+39  1.07826e+39  -1.09445e+39  1.09982e+39  -1.09445e+39  1.07826e+39  -1.05099e+39  1.0123e+39  -9.61828e+38  8.99361e+38  -8.2489e+38  7.38711e+38  -6.41468e+38  5.34153e+38  -4.18071e+38  2.94778e+38  -1.66023e+38  3.36855e+37  1.00255e+38  
-1.01826e+38  -3.41912e+37  1.68713e+38  -2.99469e+38  4.24339e+38  -5.41406e+38  6.49024e+38  -7.45886e+38  8.31071e+38  -9.04076e+38  9.64789e+38  -1.01343e+39  1.05043e+39  -1.07634e+39  1.09165e+39  -1.09671e+39  1.09165e+39  -1.07634e+39  1.05043e+39  -1.01343e+39  9.64789e+38  -9.04076e+38  8.31071e+38  -7.45886e+38  6.49024e+38  -5.41406e+38  4.24339e+38  -2.99469e+38  1.68713e+38  -3.41912e+37  -1.01826e+38  
1.01848e+38  3.41746e+37  -1.68847e+38  2.99643e+38  -4.24234e+38  5.40566e+38  -6.4693e+38  7.42034e+38  -8.25045e+38  8.95601e+38  -9.53773e+38  9.99976e+38  -1.03485e+39  1.05909e+39  -1.07334e+39  1.07804e+39  -1.07334e+39  1.05909e+39  -1.03485e+39  9.99976e+38  -9.53773e+38  8.95601e+38  -8.25045e+38  7.42034e+38  -6.4693e+38  5.40566e+38  -4.24234e+38  2.99643e+38  -1.68847e+38  3.41746e+37  1.01848e+38  
-1.00461e+38  -3.36833e+37  1.6665e+38  -2.95704e+38  4.18355e+38  -5.32444e+38  6.36227e+38  -7.28444e+38  8.08355e+38  -8.75734e+38  9.30815e+38  -9.74187e+38  1.00665e+39  -1.02907e+39  1.04218e+39  -1.04649e+39  1.04218e+39  -1.02907e+39  1.00665e+39  -9.74187e+38  9.30815e+38  -8.75734e+38  8.08355e+38  -7.28444e+38  6.36227e+38  -5.32444e+38  4.18355e+38  -2.95704e+38  1.6665e+38  -3.36833e+37  -1.00461e+38  
9.78237e+37  3.27725e+37  -1.62381e+38  2.88118e+38  -4.07378e+38  5.17937e+38  -6.18043e+38  7.06479e+38  -7.82596e+38  8.4629e+38  -8.97935e+38  9.38262e+38  -9.68207e+38  9.88734e+38  -1.00067e+39  1.00459e+39  -1.00067e+39  9.88734e+38  -9.68207e+38  9.38262e+38  -8.97935e+38  8.4629e+38  -7.82596e+38  7.06479e+38  -6.18043e+38  5.17937e+38  -4.07378e+38  2.88118e+38  -1.62381e+38  3.27725e+37  9.78237e+37  
-9.41093e+37  -3.15012e+37  1.56323e+38  -2.77385e+38  3.9202e+38  -4.9798e+38  5.93528e+38  -6.77501e+38  7.49333e+38  -8.09021e+38  8.5705e+38  -8.94256e+38  9.21668e+38  -9.40329e+38  9.51127e+38  -9.54657e+38  9.51127e+38  -9.40329e+38  9.21668e+38  -8.94256e+38  8.5705e+38  -8.09021e+38  7.49333e+38  -6.77501e+38  5.93528e+38  -4.9798e+38  3.9202e+38  -2.77385e+38  1.56323e+38  -3.15012e+37  -9.41093e+37  
8.94954e+37  2.99303e+37  -1.48765e+38  2.64016e+38  -3.73007e+38  4.73505e+38  -5.6381e+38  6.42819e+38  -7.10039e+38  7.65548e+38  -8.09904e+38  8.44012e+38  -8.68959e+38  8.85829e+38  -8.95541e+38  8.98707e+38  -8.95541e+38  8.85829e+38  -8.68959e+38  8.44012e+38  -8.09904e+38  7.65548e+38  -7.10039e+38  6.42819e+38  -5.6381e+38  4.73505e+38  -3.73007e+38  2.64016e+38  -1.48765e+38  2.99303e+37  8.94954e+37  
-8.41568e+37  -2.81193e+37  1.39993e+38  -2.48512e+38  3.51043e+38  -4.45403e+38  5.29951e+38  -6.03648e+38  6.6606e+38  -7.1732e+38  7.58032e+38  -7.89133e+38  8.11729e+38  -8.26915e+38  8.35616e+38  -8.38445e+38  8.35616e+38  -8.26915e+38  8.11729e+38  -7.89133e+38  7.58032e+38  -7.1732e+38  6.6606e+38  -6.03648e+38  5.29951e+38  -4.45403e+38  3.51043e+38  -2.48512e+38  1.39993e+38  -2.81193e+37  -8.41568e+37  
7.82593e+37  2.61246e+37  -1.30279e+38  2.31349e+38  -3.2679e+38  4.14504e+38  -4.92926e+38  5.61079e+38  -6.18583e+38  6.656e+38  -7.0275e+38  7.30968e+38  -7.51349e+38  7.64972e+38  -7.72742e+38  7.75262e+38  -7.72742e+38  7.64972e+38  -7.51349e+38  7.30968e+38  -7.0275e+38  6.656e+38  -6.18583e+38  5.61079e+38  -4.92926e+38  4.14504e+38  -3.2679e+38  2.31349e+38  -1.30279e+38  2.61246e+37  7.82593e+37  
-7.19552e+37  -2.3998e+37  1.19873e+38  -2.12961e+38  3.00851e+38  -3.81553e+38  4.53596e+38  -5.1607e+38  5.6863e+38  -6.11454e+38  6.45148e+38  -6.70621e+38  6.88927e+38  -7.01104e+38  7.08024e+38  -7.10263e+38  7.08024e+38  -7.01104e+38  6.88927e+38  -6.70621e+38  6.45148e+38  -6.11454e+38  5.6863e+38  -5.1607e+38  4.53596e+38  -3.81553e+38  3.00851e+38  -2.12961e+38  1.19873e+38  -2.3998e+37  -7.19552e+37  
6.53793e+37  2.1785e+37  -1.08998e+38  1.93737e+38  -2.73755e+38  3.47203e+38  -4.12709e+38  4.69431e+38  -5.17056e+38  5.55757e+38  -5.86109e+38  6.0897e+38  -6.2533e+38  6.36171e+38  -6.4231e+38  6.44293e+38  -6.4231e+38  6.36171e+38  -6.2533e+38  6.0897e+38  -5.86109e+38  5.55757e+38  -5.17056e+38  4.69431e+38  -4.12709e+38  3.47203e+38  -2.73755e+38  1.93737e+38  -1.08998e+38  2.1785e+37  6.53793e+37  
-5.8647e+37  -1.95245e+37  9.78432e+37  -1.74006e+38  2.45957e+38  -3.12002e+38  3.70885e+38  -4.21831e+38  4.64552e+38  -4.99206e+38  5.26322e+38  -5.46687e+38  5.61215e+38  -5.70811e+38  5.76231e+38  -5.77979e+38  5.76231e+38  -5.70811e+38  5.61215e+38  -5.46687e+38  5.26322e+38  -4.99206e+38  4.64552e+38  -4.21831e+38  3.70885e+38  -3.12002e+38  2.45957e+38  -1.74006e+38  9.78432e+37  -1.95245e+37  -5.8647e+37  
5.18525e+37  1.72479e+37  -8.65658e+37  1.54039e+38  -2.17825e+38  2.76397e+38  -3.28622e+38  3.73798e+38  -4.11657e+38  4.42336e+38  -4.66304e+38  4.84269e+38  -4.97056e+38  5.0548e+38  -5.10229e+38  5.11759e+38  -5.10229e+38  5.0548e+38  -4.97056e+38  4.84269e+38  -4.66304e+38  4.42336e+38  -4.11657e+38  3.73798e+38  -3.28622e+38  2.76397e+38  -2.17825e+38  1.54039e+38  -8.65658e+37  1.72479e+37  5.18525e+37  
-4.50685e+37  -1.49795e+37  7.52876e+37  -1.3405e+38  1.89646e+38  -2.40732e+38  2.86303e+38  -3.25731e+38  3.58772e+38  -3.85534e+38  4.06425e+38  -4.22063e+38  4.33176e+38  -4.40484e+38  4.44597e+38  -4.45921e+38  4.44597e+38  -4.40484e+38  4.33176e+38  -4.22063e+38  4.06425e+38  -3.85534e+38  3.58772e+38  -3.25731e+38  2.86303e+38  -2.40732e+38  1.89646e+38  -1.3405e+38  7.52876e+37  -1.49795e+37  -4.50685e+37  
3.83469e+37  1.27362e+37  -6.40958e+37  1.14189e+38  -1.61627e+38  2.05253e+38  -2.44197e+38  2.7791e+38  -3.0617e+38  3.29061e+38  -3.46924e+38  3.60286e+38  -3.69772e+38  3.76003e+38  -3.79506e+38  3.80632e+38  -3.79506e+38  3.76003e+38  -3.69772e+38  3.60286e+38  -3.46924e+38  3.29061e+38  -3.0617e+38  2.7791e+38  -2.44197e+38  2.05253e+38  -1.61627e+38  1.14189e+38  -6.40958e+37  1.27362e+37  3.83469e+37  
-3.17199e+37  -1.05285e+37  5.30458e+37  -9.45538e+37  1.33899e+38  -1.70116e+38  2.02474e+38  -2.30506e+38  2.54017e+38  -2.73068e+38  2.87934e+38  -2.99052e+38  3.0694e+38  -3.12118e+38  3.15027e+38  -3.15962e+38  3.15027e+38  -3.12118e+38  3.0694e+38  -2.99052e+38  2.87934e+38  -2.73068e+38  2.54017e+38  -2.30506e+38  2.02474e+38  -1.70116e+38  1.33899e+38  -9.45538e+37  5.30458e+37  -1.05285e+37  -3.17199e+37  
2.52014e+37  8.36033e+36  -4.21629e+37  7.51913e+37  -1.06527e+38  1.35397e+38  -1.61214e+38  1.83597e+38  -2.02383e+38  2.17612e+38  -2.295e+38  2.3839e+38  -2.44696e+38  2.48834e+38  -2.51157e+38  2.51904e+38  -2.51157e+38  2.48834e+38  -2.44696e+38  2.3839e+38  -2.295e+38  2.17612e+38  -2.02383e+38  1.83597e+38  -1.61214e+38  1.35397e+38  -1.06527e+38  7.51913e+37  -4.21629e+37  8.36033e+36  2.52014e+37  
-1.87897e+37  -6.2306e+36  3.14467e+37  -5.6103e+37  7.95137e+37  -1.011e+38  1.20418e+38  -1.3718e+38  1.51258e+38  -1.62676e+38  1.71593e+38  -1.78262e+38  1.82992e+38  -1.86094e+38  1.87836e+38  -1.88396e+38  1.87836e+38  -1.86094e+38  1.82992e+38  -1.78262e+38  1.71593e+38  -1.62676e+38  1.51258e+38  -1.3718e+38  1.20418e+38  -1.011e+38  7.95137e+37  -5.6103e+37  3.14467e+37  -6.2306e+36  -1.87897e+37  
1.247e+37  4.1337e+36  -2.08752e+37  3.72539e+37  -5.28145e+37  6.71715e+37  -8.00284e+37  9.11909e+37  -1.00571e+38  1.08183e+38  -1.14128e+38  1.18576e+38  -1.21731e+38  1.238e+38  -1.24962e+38  1.25335e+38  -1.24962e+38  1.238e+38  -1.21731e+38  1.18576e+38  -1.14128e+38  1.08183e+38  -1.00571e+38  9.11909e+37  -8.00284e+37  6.71715e+37  -5.28145e+37  3.72539e+37  -2.08752e+37  4.1337e+36  1.247e+37  
-6.21737e+36  -2.06061e+36  1.04097e+37  -1.85806e+37  2.63463e+37  -3.35142e+37  3.99358e+37  -4.55133e+37  5.02019e+37  -5.40078e+37  5.69814e+37  -5.92062e+37  6.07842e+37  -6.18193e+37  6.24003e+37  -6.2587e+37  6.24003e+37  -6.18193e+37  6.07842e+37  -5.92062e+37  5.69814e+37  -5.40078e+37  5.02019e+37  -4.55133e+37  3.99358e+37  -3.35142e+37  2.63463e+37  -1.85806e+37  1.04097e+37  -2.06061e+36  -6.21737e+36  
0  0  0  0  0  0  0  0  0  0  0  0  0  0  0  0  0  0  0  0  0  0  0  0  0  0  0  0  0  0  0  
