1  1  1  1  1  1  1  1  1  1  1  1  1  1  1  1  1  1  1  1  1  1  1  1  1  1  1  1  1  1  1  
-1.84312e+41  -6.21152e+40  3.04474e+41  -5.42143e+41  7.74105e+41  -9.98845e+41  1.21434e+42  -1.41811e+42  1.60735e+42  -1.77909e+42  1.93037e+42  -2.0584e+42  2.16073e+42  -2.23534e+42  2.28071e+42  -2.29594e+42  2.28071e+42  -2.23534e+42  2.16073e+42  -2.0584e+42  1.93037e+42  -1.77909e+42  1.60735e+42  -1.41811e+42  1.21434e+42  -9.98845e+41  7.74105e+41  -5.42143e+41  3.04474e+41  -6.21152e+40  -1.84312e+41  
3.64259e+41  1.22749e+41  -6.01781e+41  1.07139e+42  -1.52937e+42  1.9726e+42  -2.39701e+42  2.7977e+42  -3.16919e+42  3.50575e+42  -3.80171e+42  4.05181e+42  -4.25143e+42  4.39681e+42  -4.48517e+42  4.51481e+42  -4.48517e+42  4.39681e+42  -4.25143e+42  4.05181e+42  -3.80171e+42  3.50575e+42  -3.16919e+42  2.7977e+42  -2.39701e+42  1.9726e+42  -1.52937e+42  1.07139e+42  -6.01781e+41  1.22749e+41  3.64259e+41  
-5.3567e+41  -1.80485e+41  8.85071e+41  -1.57541e+42  2.24783e+42  -2.89743e+42  3.51804e+42  -4.10245e+42  4.64277e+42  -5.1309e+42  5.55897e+42  -5.91977e+42  6.20711e+42  -6.41599e+42  6.54278e+42  -6.58529e+42  6.54278e+42  -6.41599e+42  6.20711e+42  -5.91977e+42  5.55897e+42  -5.1309e+42  4.64277e+42  -4.10245e+42  3.51804e+42  -2.89743e+42  2.24783e+42  -1.57541e+42  8.85071e+41  -1.80485e+41  -5.3567e+41  
6.94745e+41  2.34034e+41  -1.1481e+42  2.04303e+42  -2.91327e+42  3.75192e+42  -4.55068e+42  5.30021e+42  -5.99056e+42  6.61179e+42  -7.15451e+42  7.61033e+42  -7.9722e+42  8.2346e+42  -8.39361e+42  8.44687e+42  -8.39361e+42  8.2346e+42  -7.9722e+42  7.61033e+42  -7.15451e+42  6.61179e+42  -5.99056e+42  5.30021e+42  -4.55068e+42  3.75192e+42  -2.91327e+42  2.04303e+42  -1.1481e+42  2.34034e+41  6.94745e+41  
-8.3821e+41  -2.82286e+41  1.38549e+42  -2.46462e+42  3.51185e+42  -4.518e+42  5.47266e+42  -6.36456e+42  7.18214e+42  -7.91426e+42  8.55078e+42  -9.08297e+42  9.50381e+42  -9.808e+42  9.99191e+42  -1.00534e+43  9.99191e+42  -9.808e+42  9.50381e+42  -9.08297e+42  8.55078e+42  -7.91426e+42  7.18214e+42  -6.36456e+42  5.47266e+42  -4.518e+42  3.51185e+42  -2.46462e+42  1.38549e+42  -2.82286e+41  -8.3821e+41  
9.63429e+41  3.24348e+41  -1.59289e+42  2.83251e+42  -4.03264e+42  5.18166e+42  -6.26703e+42  7.27584e+42  -8.19543e+42  9.01413e+42  -9.72183e+42  1.03104e+43  -1.07735e+43  1.1107e+43  -1.13081e+43  1.13753e+43  -1.13081e+43  1.1107e+43  -1.07735e+43  1.03104e+43  -9.72183e+42  9.01413e+42  -8.19543e+42  7.27584e+42  -6.26703e+42  5.18166e+42  -4.03264e+42  2.83251e+42  -1.59289e+42  3.24348e+41  9.63429e+41  
-1.06848e+42  -3.59573e+41  1.76715e+42  -3.14114e+42  4.4679e+42  -5.73322e+42  6.92254e+42  -8.0216e+42  9.01713e+42  -9.8976e+42  1.06537e+43  -1.12786e+43  1.17676e+43  -1.21182e+43  1.23289e+43  -1.23992e+43  1.23289e+43  -1.21182e+43  1.17676e+43  -1.12786e+43  1.06537e+43  -9.8976e+42  9.01713e+42  -8.0216e+42  6.92254e+42  -5.73322e+42  4.4679e+42  -3.14114e+42  1.76715e+42  -3.59573e+41  -1.06848e+42  
1.15219e+42  3.87566e+41  -1.90631e+42  3.38715e+42  -4.81317e+42  6.16748e+42  -7.43367e+42  8.59646e+42  -9.64246e+42  1.05609e+43  -1.13438e+43  1.19864e+43  -1.24861e+43  1.28425e+43  -1.30559e+43  1.3127e+43  -1.30559e+43  1.28425e+43  -1.24861e+43  1.19864e+43  -1.13438e+43  1.05609e+43  -9.64246e+42  8.59646e+42  -7.43367e+42  6.16748e+42  -4.81317e+42  3.38715e+42  -1.90631e+42  3.87566e+41  1.15219e+42  
-1.21411e+42  -4.08181e+41  2.00962e+42  -3.56935e+42  5.06711e+42  -6.48343e+42  7.80023e+42  -9.00153e+42  1.00743e+43  -1.10088e+43  1.17993e+43  -1.24431e+43  1.29405e+43  -1.32931e+43  1.35034e+43  -1.35733e+43  1.35034e+43  -1.32931e+43  1.29405e+43  -1.24431e+43  1.17993e+43  -1.10088e+43  1.00743e+43  -9.00153e+42  7.80023e+42  -6.48343e+42  5.06711e+42  -3.56935e+42  2.00962e+42  -4.08181e+41  -1.21411e+42  
1.25448e+42  4.21505e+41  -2.07743e+42  3.68854e+42  -5.23129e+42  6.68383e+42  -8.02665e+42  9.24344e+42  -1.03218e+43  1.12536e+43  -1.20353e+43  1.26668e+43  -1.3151e+43  1.34922e+43  -1.36948e+43  1.3762e+43  -1.36948e+43  1.34922e+43  -1.3151e+43  1.26668e+43  -1.20353e+43  1.12536e+43  -1.03218e+43  9.24344e+42  -8.02665e+42  6.68383e+42  -5.23129e+42  3.68854e+42  -2.07743e+42  4.21505e+41  1.25448e+42  
-1.27414e+42  -4.27832e+41  2.11109e+42  -3.74723e+42  5.30972e+42  -6.77458e+42  8.1212e+42  -9.33322e+42  1.03991e+43  -1.13126e+43  1.20723e+43  -1.2681e+43  1.3144e+43  -1.34682e+43  1.36597e+43  -1.3723e+43  1.36597e+43  -1.34682e+43  1.3144e+43  -1.2681e+43  1.20723e+43  -1.13126e+43  1.03991e+43  -9.33322e+42  8.1212e+42  -6.77458e+42  5.30972e+42  -3.74723e+42  2.11109e+42  -4.27832e+41  -1.27414e+42  
1.27442e+42  4.27624e+41  -2.11277e+42  3.74941e+42  -5.30841e+42  6.76406e+42  -8.09499e+42  9.28502e+42  -1.03237e+43  1.12066e+43  -1.19345e+43  1.25126e+43  -1.2949e+43  1.32523e+43  -1.34307e+43  1.34895e+43  -1.34307e+43  1.32523e+43  -1.2949e+43  1.25126e+43  -1.19345e+43  1.12066e+43  -1.03237e+43  9.28502e+42  -8.09499e+42  6.76406e+42  -5.30841e+42  3.74941e+42  -2.11277e+42  4.27624e+41  1.27442e+42  
-1.25706e+42  -4.21477e+41  2.08528e+42  -3.70012e+42  5.23485e+42  -6.66243e+42  7.96107e+42  -9.11498e+42  1.01149e+43  -1.0958e+43  1.16472e+43  -1.21899e+43  1.25962e+43  -1.28767e+43  1.30407e+43  -1.30946e+43  1.30407e+43  -1.28767e+43  1.25962e+43  -1.21899e+43  1.16472e+43  -1.0958e+43  1.01149e+43  -9.11498e+42  7.96107e+42  -6.66243e+42  5.23485e+42  -3.70012e+42  2.08528e+42  -4.21477e+41  -1.25706e+42  
1.22406e+42  4.1008e+41  -2.03186e+42  3.6052e+42  -5.09749e+42  6.48091e+42  -7.73353e+42  8.84013e+42  -9.79257e+42  1.05896e+43  -1.12358e+43  1.17404e+43  -1.21151e+43  1.2372e+43  -1.25214e+43  1.25704e+43  -1.25214e+43  1.2372e+43  -1.21151e+43  1.17404e+43  -1.12358e+43  1.05896e+43  -9.79257e+42  8.84013e+42  -7.73353e+42  6.48091e+42  -5.09749e+42  3.6052e+42  -2.03186e+42  4.1008e+41  1.22406e+42  
-1.17758e+42  -3.94173e+41  1.95606e+42  -3.4709e+42  4.90533e+42  -6.2312e+42  7.42678e+42  -8.47753e+42  9.37635e+42  -1.01232e+43  1.07242e+43  -1.11898e+43  1.15328e+43  -1.17663e+43  1.19014e+43  -1.19456e+43  1.19014e+43  -1.17663e+43  1.15328e+43  -1.11898e+43  1.07242e+43  -1.01232e+43  9.37635e+42  -8.47753e+42  7.42678e+42  -6.2312e+42  4.90533e+42  -3.4709e+42  1.95606e+42  -3.94173e+41  -1.17758e+42  
1.11985e+42  3.74516e+41  -1.86149e+42  3.30361e+42  -4.66742e+42  5.92494e+42  -7.05492e+42  8.04355e+42  -8.88468e+42  9.57925e+42  -1.01343e+43  1.05611e+43  -1.08732e+43  1.10843e+43  -1.12059e+43  1.12455e+43  -1.12059e+43  1.10843e+43  -1.08732e+43  1.05611e+43  -1.01343e+43  9.57925e+42  -8.88468e+42  8.04355e+42  -7.05492e+42  5.92494e+42  -4.66742e+42  3.30361e+42  -1.86149e+42  3.74516e+41  1.11985e+42  
-1.05305e+42  -3.51855e+41  1.75173e+42  -3.10961e+42  4.39258e+42  -5.5733e+42  6.63125e+42  -7.5534e+42  8.33436e+42  -8.97578e+42  9.48521e+42  -9.87438e+42  1.01571e+43  -1.03471e+43  1.0456e+43  -1.04914e+43  1.0456e+43  -1.03471e+43  1.01571e+43  -9.87438e+42  9.48521e+42  -8.97578e+42  8.33436e+42  -7.5534e+42  6.63125e+42  -5.5733e+42  4.39258e+42  -3.10961e+42  1.75173e+42  -3.51855e+41  -1.05305e+42  
9.79254e+41  3.26896e+41  -1.63018e+42  2.89485e+42  -4.0891e+42  5.18666e+42  -6.16795e+42  7.02075e+42  -7.74028e+42  8.32861e+42  -8.79347e+42  9.14656e+42  -9.40158e+42  9.57204e+42  -9.66928e+42  9.70081e+42  -9.66928e+42  9.57204e+42  -9.40158e+42  9.14656e+42  -8.79347e+42  8.32861e+42  -7.74028e+42  7.02075e+42  -6.16795e+42  5.18666e+42  -4.0891e+42  2.89485e+42  -1.63018e+42  3.26896e+41  9.79254e+41  
-9.00371e+41  -3.00286e+41  1.49997e+42  -2.66477e+42  3.76452e+42  -4.77435e+42  5.67582e+42  -6.45755e+42  7.11523e+42  -7.65108e+42  8.0727e+42  -8.39144e+42  8.6205e+42  -8.77287e+42  8.85946e+42  -8.88748e+42  8.85946e+42  -8.77287e+42  8.6205e+42  -8.39144e+42  8.0727e+42  -7.65108e+42  7.11523e+42  -6.45755e+42  5.67582e+42  -4.77435e+42  3.76452e+42  -2.66477e+42  1.49997e+42  -3.00286e+41  -9.00371e+41  
8.18087e+41  2.72595e+41  -1.36388e+42  2.42421e+42  -3.42548e+42  4.34453e+42  -5.1642e+42  5.87396e+42  -6.46988e+42  6.95415e+42  -7.33395e+42  7.62e+42  -7.82472e+42  7.96036e+42  -8.03719e+42  8.062e+42  -8.03719e+42  7.96036e+42  -7.82472e+42  7.62e+42  -7.33395e+42  6.95415e+42  -6.46988e+42  5.87396e+42  -5.1642e+42  4.34453e+42  -3.42548e+42  2.42421e+42  -1.36388e+42  2.72595e+41  8.18087e+41  
-7.33846e+41  -2.44309e+41  1.22431e+42  -2.17732e+42  3.07764e+42  -3.90406e+42  4.64086e+42  -5.27834e+42  5.8129e+42  -6.24653e+42  6.58583e+42  -6.84065e+42  7.02245e+42  -7.14252e+42  7.21034e+42  -7.23221e+42  7.21034e+42  -7.14252e+42  7.02245e+42  -6.84065e+42  6.58583e+42  -6.24653e+42  5.8129e+42  -5.27834e+42  4.64086e+42  -3.90406e+42  3.07764e+42  -2.17732e+42  1.22431e+42  -2.44309e+41  -7.33846e+41  
6.48827e+41  2.15822e+41  -1.08319e+42  1.92748e+42  -2.72563e+42  3.45854e+42  -4.11203e+42  4.67731e+42  -5.15104e+42  5.53492e+42  -5.83484e+42  6.05963e+42  -6.21963e+42  6.32504e+42  -6.38446e+42  6.4036e+42  -6.38446e+42  6.32504e+42  -6.21963e+42  6.05963e+42  -5.83484e+42  5.53492e+42  -5.15104e+42  4.67731e+42  -4.11203e+42  3.45854e+42  -2.72563e+42  1.92748e+42  -1.08319e+42  2.15822e+41  6.48827e+41  
-5.63939e+41  -1.87437e+41  9.42068e+41  -1.67735e+42  2.37303e+42  -3.01226e+42  3.58249e+42  -4.07586e+42  4.48929e+42  -4.82416e+42  5.08557e+42  -5.28125e+42  5.4203e+42  -5.51175e+42  5.56322e+42  -5.57978e+42  5.56322e+42  -5.51175e+42  5.4203e+42  -5.28125e+42  5.08557e+42  -4.82416e+42  4.48929e+42  -4.07586e+42  3.58249e+42  -3.01226e+42  2.37303e+42  -1.67735e+42  9.42068e+41  -1.87437e+41  -5.63939e+41  
4.79833e+41  1.59368e+41  -8.02027e+41  1.42884e+42  -2.02243e+42  2.56832e+42  -3.05563e+42  3.47748e+42  -3.83109e+42  4.11752e+42  -4.34104e+42  4.50824e+42  -4.62693e+42  4.7049e+42  -4.74873e+42  4.76283e+42  -4.74873e+42  4.7049e+42  -4.62693e+42  4.50824e+42  -4.34104e+42  4.11752e+42  -3.83109e+42  3.47748e+42  -3.05563e+42  2.56832e+42  -2.02243e+42  1.42884e+42  -8.02027e+41  1.59368e+41  4.79833e+41  
-3.96909e+41  -1.31742e+41  6.63759e+41  -1.18315e+42  1.67547e+42  -2.12866e+42  2.53355e+42  -2.88431e+42  3.1785e+42  -3.41688e+42  3.6029e+42  -3.74202e+42  3.84072e+42  -3.90551e+42  3.94191e+42  -3.95361e+42  3.94191e+42  -3.90551e+42  3.84072e+42  -3.74202e+42  3.6029e+42  -3.41688e+42  3.1785e+42  -2.88431e+42  2.53355e+42  -2.12866e+42  1.67547e+42  -1.18315e+42  6.63759e+41  -1.31742e+41  -3.96909e+41  
3.15344e+41  1.04612e+41  -5.27582e+41  9.40864e+41  -1.33296e+42  1.69422e+42  -2.01726e+42  2.29734e+42  -2.5324e+42  2.72297e+42  -2.87172e+42  2.98296e+42  -3.06187e+42  3.11364e+42  -3.14271e+42  3.15205e+42  -3.14271e+42  3.11364e+42  -3.06187e+42  2.98296e+42  -2.87172e+42  2.72297e+42  -2.5324e+42  2.29734e+42  -2.01726e+42  1.69422e+42  -1.33296e+42  9.40864e+41  -5.27582e+41  1.04612e+41  3.15344e+41  
-2.35114e+41  -7.79631e+40  3.93491e+41  -7.02013e+41  9.9495e+41  -1.26506e+42  1.50679e+42  -1.71653e+42  1.89268e+42  -2.03556e+42  2.14713e+42  -2.23058e+42  2.28976e+42  -2.32859e+42  2.35038e+42  -2.35739e+42  2.35038e+42  -2.32859e+42  2.28976e+42  -2.23058e+42  2.14713e+42  -2.03556e+42  1.89268e+42  -1.71653e+42  1.50679e+42  -1.26506e+42  9.9495e+41  -7.02013e+41  3.93491e+41  -7.79631e+40  -2.35114e+41  
1.56036e+41  5.17247e+40  -2.6121e+41  4.66156e+41  -6.60865e+41  8.40512e+41  -1.00139e+42  1.14107e+42  -1.25844e+42  1.35368e+42  -1.42808e+42  1.48374e+42  -1.52321e+42  1.5491e+42  -1.56364e+42  1.56831e+42  -1.56364e+42  1.5491e+42  -1.52321e+42  1.48374e+42  -1.42808e+42  1.35368e+42  -1.25844e+42  1.14107e+42  -1.00139e+42  8.40512e+41  -6.60865e+41  4.66156e+41  -2.6121e+41  5.17247e+40  1.56036e+41  
-7.77976e+40  -2.57842e+40  1.30256e+41  -2.32498e+41  3.29669e+41  -4.19361e+41  4.99714e+41  -5.69505e+41  6.28174e+41  -6.75796e+41  7.13004e+41  -7.40843e+41  7.60589e+41  -7.73541e+41  7.80811e+41  -7.83147e+41  7.80811e+41  -7.73541e+41  7.60589e+41  -7.40843e+41  7.13004e+41  -6.75796e+41  6.28174e+41  -5.69505e+41  4.99714e+41  -4.19361e+41  3.29669e+41  -2.32498e+41  1.30256e+41  -2.57842e+40  -7.77976e+40  
0  0  0  0  0  0  0  0  0  0  0  0  0  0  0  0  0  0  0  0  0  0  0  0  0  0  0  0  0  0  0  
