1  1  1  1  1  1  1  1  1  1  1  1  1  1  1  1  1  1  1  1  1  1  1  1  1  1  1  1  1  1  1  
-6.35547e+48  -2.14187e+48  1.04989e+49  -1.86943e+49  2.66928e+49  -3.44424e+49  4.1873e+49  -4.88994e+49  5.54248e+49  -6.13468e+49  6.65632e+49  -7.09782e+49  7.45068e+49  -7.70793e+49  7.8644e+49  -7.91691e+49  7.8644e+49  -7.70793e+49  7.45068e+49  -7.09782e+49  6.65632e+49  -6.13468e+49  5.54248e+49  -4.88994e+49  4.1873e+49  -3.44424e+49  2.66928e+49  -1.86943e+49  1.04989e+49  -2.14187e+48  -6.35547e+48  
1.25604e+49  4.23265e+48  -2.07507e+49  3.69437e+49  -5.27359e+49  6.80195e+49  -8.26541e+49  9.64707e+49  -1.09281e+50  1.20886e+50  -1.31091e+50  1.39715e+50  -1.46599e+50  1.51612e+50  -1.54658e+50  1.5568e+50  -1.54658e+50  1.51612e+50  -1.46599e+50  1.39715e+50  -1.31091e+50  1.20886e+50  -1.09281e+50  9.64707e+49  -8.26541e+49  6.80195e+49  -5.27359e+49  3.69437e+49  -2.07507e+49  4.23265e+48  1.25604e+49  
-1.84711e+49  -6.22351e+48  3.05192e+49  -5.43236e+49  7.75102e+49  -9.99096e+49  1.2131e+50  -1.41461e+50  1.60093e+50  -1.76925e+50  1.91685e+50  -2.04127e+50  2.14035e+50  -2.21237e+50  2.25609e+50  -2.27075e+50  2.25609e+50  -2.21237e+50  2.14035e+50  -2.04127e+50  1.91685e+50  -1.76925e+50  1.60093e+50  -1.41461e+50  1.2131e+50  -9.99096e+49  7.75102e+49  -5.43236e+49  3.05192e+49  -6.22351e+48  -1.84711e+49  
2.39563e+49  8.07e+48  -3.9589e+49  7.0448e+49  -1.00456e+50  1.29374e+50  -1.56917e+50  1.82763e+50  -2.06568e+50  2.27989e+50  -2.46703e+50  2.62421e+50  -2.74899e+50  2.83947e+50  -2.8943e+50  2.91266e+50  -2.8943e+50  2.83947e+50  -2.74899e+50  2.62421e+50  -2.46703e+50  2.27989e+50  -2.06568e+50  1.82763e+50  -1.56917e+50  1.29374e+50  -1.00456e+50  7.0448e+49  -3.9589e+49  8.07e+48  2.39563e+49  
-2.89033e+49  -9.73383e+48  4.77746e+49  -8.49856e+49  1.21096e+50  -1.55791e+50  1.88709e+50  -2.19464e+50  2.47656e+50  -2.72901e+50  2.9485e+50  -3.13201e+50  3.27712e+50  -3.38201e+50  3.44543e+50  -3.46665e+50  3.44543e+50  -3.38201e+50  3.27712e+50  -3.13201e+50  2.9485e+50  -2.72901e+50  2.47656e+50  -2.19464e+50  1.88709e+50  -1.55791e+50  1.21096e+50  -8.49856e+49  4.77746e+49  -9.73383e+48  -2.89033e+49  
3.32211e+49  1.11842e+49  -5.49264e+49  9.76712e+49  -1.39054e+50  1.78675e+50  -2.16101e+50  2.50887e+50  -2.82596e+50  3.10827e+50  -3.3523e+50  3.55524e+50  -3.71495e+50  3.82994e+50  -3.89928e+50  3.92244e+50  -3.89928e+50  3.82994e+50  -3.71495e+50  3.55524e+50  -3.3523e+50  3.10827e+50  -2.82596e+50  2.50887e+50  -2.16101e+50  1.78675e+50  -1.39054e+50  9.76712e+49  -5.49264e+49  1.11842e+49  3.32211e+49  
-3.68436e+49  -1.23989e+49  6.09352e+49  -1.08313e+50  1.54063e+50  -1.97694e+50  2.38704e+50  -2.76602e+50  3.1093e+50  -3.41291e+50  3.67363e+50  -3.8891e+50  4.05774e+50  -4.17862e+50  4.25127e+50  -4.2755e+50  4.25127e+50  -4.17862e+50  4.05774e+50  -3.8891e+50  3.67363e+50  -3.41291e+50  3.1093e+50  -2.76602e+50  2.38704e+50  -1.97694e+50  1.54063e+50  -1.08313e+50  6.09352e+49  -1.23989e+49  -3.68436e+49  
3.97301e+49  1.33641e+49  -6.57338e+49  1.16796e+50  -1.65968e+50  2.12668e+50  -2.56329e+50  2.96425e+50  -3.32493e+50  3.64161e+50  -3.91159e+50  4.13316e+50  -4.30549e+50  4.42838e+50  -4.50198e+50  4.52648e+50  -4.50198e+50  4.42838e+50  -4.30549e+50  4.13316e+50  -3.91159e+50  3.64161e+50  -3.32493e+50  2.96425e+50  -2.56329e+50  2.12668e+50  -1.65968e+50  1.16796e+50  -6.57338e+49  1.33641e+49  3.97301e+49  
-4.18653e+49  -1.4075e+49  6.9296e+49  -1.23079e+50  1.74725e+50  -2.23563e+50  2.68969e+50  -3.10392e+50  3.47383e+50  -3.79609e+50  4.06866e+50  -4.29067e+50  4.46216e+50  -4.58376e+50  4.65628e+50  -4.68037e+50  4.65628e+50  -4.58376e+50  4.46216e+50  -4.29067e+50  4.06866e+50  -3.79609e+50  3.47383e+50  -3.10392e+50  2.68969e+50  -2.23563e+50  1.74725e+50  -1.23079e+50  6.9296e+49  -1.4075e+49  -4.18653e+49  
4.32573e+49  1.45344e+49  -7.16343e+49  1.27189e+50  -1.80386e+50  2.30473e+50  -2.76776e+50  3.18734e+50  -3.55918e+50  3.8805e+50  -4.15003e+50  4.36778e+50  -4.53475e+50  4.65241e+50  -4.72228e+50  4.74543e+50  -4.72228e+50  4.65241e+50  -4.53475e+50  4.36778e+50  -4.15003e+50  3.8805e+50  -3.55918e+50  3.18734e+50  -2.76776e+50  2.30473e+50  -1.80386e+50  1.27189e+50  -7.16343e+49  1.45344e+49  4.32573e+49  
-4.39351e+49  -1.47526e+49  7.27951e+49  -1.29213e+50  1.83091e+50  -2.33602e+50  2.80037e+50  -3.2183e+50  3.58585e+50  -3.90085e+50  4.16281e+50  -4.37267e+50  4.53234e+50  -4.64412e+50  4.71017e+50  -4.732e+50  4.71017e+50  -4.64412e+50  4.53234e+50  -4.37267e+50  4.16281e+50  -3.90085e+50  3.58585e+50  -3.2183e+50  2.80037e+50  -2.33602e+50  1.83091e+50  -1.29213e+50  7.27951e+49  -1.47526e+49  -4.39351e+49  
4.39449e+49  1.47454e+49  -7.2853e+49  1.29288e+50  -1.83046e+50  2.3324e+50  -2.79133e+50  3.20168e+50  -3.55985e+50  3.86428e+50  -4.11528e+50  4.31463e+50  -4.46508e+50  4.56969e+50  -4.63119e+50  4.65146e+50  -4.63119e+50  4.56969e+50  -4.46508e+50  4.31463e+50  -4.11528e+50  3.86428e+50  -3.55985e+50  3.20168e+50  -2.79133e+50  2.3324e+50  -1.83046e+50  1.29288e+50  -7.2853e+49  1.47454e+49  4.39449e+49  
-4.33463e+49  -1.45335e+49  7.19049e+49  -1.27588e+50  1.80509e+50  -2.29735e+50  2.74515e+50  -3.14304e+50  3.48784e+50  -3.77856e+50  4.01622e+50  -4.20336e+50  4.34345e+50  -4.44016e+50  4.49672e+50  -4.51532e+50  4.49672e+50  -4.44016e+50  4.34345e+50  -4.20336e+50  4.01622e+50  -3.77856e+50  3.48784e+50  -3.14304e+50  2.74515e+50  -2.29735e+50  1.80509e+50  -1.27588e+50  7.19049e+49  -1.45335e+49  -4.33463e+49  
4.22083e+49  1.41405e+49  -7.00631e+49  1.24315e+50  -1.75773e+50  2.23476e+50  -2.66669e+50  3.04827e+50  -3.37669e+50  3.65152e+50  -3.87435e+50  4.04835e+50  -4.17755e+50  4.26612e+50  -4.31765e+50  4.33454e+50  -4.31765e+50  4.26612e+50  -4.17755e+50  4.04835e+50  -3.87435e+50  3.65152e+50  -3.37669e+50  3.04827e+50  -2.66669e+50  2.23476e+50  -1.75773e+50  1.24315e+50  -7.00631e+49  1.41405e+49  4.22083e+49  
-4.06057e+49  -1.35919e+49  6.74492e+49  -1.19684e+50  1.69146e+50  -2.14865e+50  2.56092e+50  -2.92324e+50  3.23317e+50  -3.49071e+50  3.69794e+50  -3.85848e+50  3.97675e+50  -4.05727e+50  4.10386e+50  -4.11909e+50  4.10386e+50  -4.05727e+50  3.97675e+50  -3.85848e+50  3.69794e+50  -3.49071e+50  3.23317e+50  -2.92324e+50  2.56092e+50  -2.14865e+50  1.69146e+50  -1.19684e+50  6.74492e+49  -1.35919e+49  -4.06057e+49  
3.86149e+49  1.29141e+49  -6.41882e+49  1.13916e+50  -1.60943e+50  2.04305e+50  -2.43269e+50  2.77359e+50  -3.06363e+50  3.30313e+50  -3.49452e+50  3.64169e+50  -3.74933e+50  3.82212e+50  -3.86402e+50  3.87768e+50  -3.86402e+50  3.82212e+50  -3.74933e+50  3.64169e+50  -3.49452e+50  3.30313e+50  -3.06363e+50  2.77359e+50  -2.43269e+50  2.04305e+50  -1.60943e+50  1.13916e+50  -6.41882e+49  1.29141e+49  3.86149e+49  
-3.63114e+49  -1.21327e+49  6.04034e+49  -1.07226e+50  1.51466e+50  -1.9218e+50  2.2866e+50  -2.60458e+50  2.87387e+50  -3.09505e+50  3.27071e+50  -3.4049e+50  3.50239e+50  -3.56792e+50  3.60546e+50  -3.61767e+50  3.60546e+50  -3.56792e+50  3.50239e+50  -3.4049e+50  3.27071e+50  -3.09505e+50  2.87387e+50  -2.60458e+50  2.2866e+50  -1.9218e+50  1.51466e+50  -1.07226e+50  6.04034e+49  -1.21327e+49  -3.63114e+49  
3.37668e+49  1.12721e+49  -5.62121e+49  9.98207e+49  -1.41001e+50  1.78847e+50  -2.12684e+50  2.42091e+50  -2.66902e+50  2.87189e+50  -3.03218e+50  3.15393e+50  -3.24187e+50  3.30065e+50  -3.33418e+50  3.34505e+50  -3.33418e+50  3.30065e+50  -3.24187e+50  3.15393e+50  -3.03218e+50  2.87189e+50  -2.66902e+50  2.42091e+50  -2.12684e+50  1.78847e+50  -1.41001e+50  9.98207e+49  -5.62121e+49  1.12721e+49  3.37668e+49  
-3.10467e+49  -1.03545e+49  5.17222e+49  -9.18871e+49  1.29809e+50  -1.6463e+50  1.95715e+50  -2.2267e+50  2.45349e+50  -2.63826e+50  2.78364e+50  -2.89355e+50  2.97254e+50  -3.02508e+50  3.05493e+50  -3.0646e+50  3.05493e+50  -3.02508e+50  2.97254e+50  -2.89355e+50  2.78364e+50  -2.63826e+50  2.45349e+50  -2.2267e+50  1.95715e+50  -1.6463e+50  1.29809e+50  -9.18871e+49  5.17222e+49  -1.03545e+49  -3.10467e+49  
2.82094e+49  9.39966e+48  -4.70297e+49  8.35922e+49  -1.18118e+50  1.49809e+50  -1.78073e+50  2.02547e+50  -2.23096e+50  2.39794e+50  -2.52891e+50  2.62754e+50  -2.69813e+50  2.74491e+50  -2.7714e+50  2.77995e+50  -2.7714e+50  2.74491e+50  -2.69813e+50  2.62754e+50  -2.52891e+50  2.39794e+50  -2.23096e+50  2.02547e+50  -1.78073e+50  1.49809e+50  -1.18118e+50  8.35922e+49  -4.70297e+49  9.39966e+48  2.82094e+49  
-2.53046e+49  -8.42429e+48  4.22167e+49  -7.50788e+49  1.06124e+50  -1.34621e+50  1.60027e+50  -1.82009e+50  2.00442e+50  -2.15394e+50  2.27094e+50  -2.35881e+50  2.42149e+50  -2.4629e+50  2.48628e+50  -2.49382e+50  2.48628e+50  -2.4629e+50  2.42149e+50  -2.35881e+50  2.27094e+50  -2.15394e+50  2.00442e+50  -1.82009e+50  1.60027e+50  -1.34621e+50  1.06124e+50  -7.50788e+49  4.22167e+49  -8.42429e+48  -2.53046e+49  
2.2373e+49  7.44201e+48  -3.73509e+49  6.64639e+49  -9.39856e+49  1.19258e+50  -1.41792e+50  1.61284e+50  -1.77619e+50  1.90856e+50  -2.01198e+50  2.08949e+50  -2.14466e+50  2.18101e+50  -2.2015e+50  2.2081e+50  -2.2015e+50  2.18101e+50  -2.14466e+50  2.08949e+50  -2.01198e+50  1.90856e+50  -1.77619e+50  1.61284e+50  -1.41792e+50  1.19258e+50  -9.39856e+49  6.64639e+49  -3.73509e+49  7.44201e+48  2.2373e+49  
-1.94459e+49  -6.46325e+48  3.24846e+49  -5.78388e+49  8.18272e+49  -1.03869e+50  1.23532e+50  -1.40544e+50  1.548e+50  -1.66348e+50  1.75361e+50  -1.82109e+50  1.86904e+50  -1.90057e+50  1.91832e+50  -1.92403e+50  1.91832e+50  -1.90057e+50  1.86904e+50  -1.82109e+50  1.75361e+50  -1.66348e+50  1.548e+50  -1.40544e+50  1.23532e+50  -1.03869e+50  8.18272e+49  -5.78388e+49  3.24846e+49  -6.46325e+48  -1.94459e+49  
1.65457e+49  5.49535e+48  -2.76557e+49  4.92694e+49  -6.97377e+49  8.85612e+49  -1.05365e+50  1.19911e+50  -1.32104e+50  1.41981e+50  -1.49688e+50  1.55454e+50  -1.59547e+50  1.62235e+50  -1.63747e+50  1.64233e+50  -1.63747e+50  1.62235e+50  -1.59547e+50  1.55454e+50  -1.49688e+50  1.41981e+50  -1.32104e+50  1.19911e+50  -1.05365e+50  8.85612e+49  -6.97377e+49  4.92694e+49  -2.76557e+49  5.49535e+48  1.65457e+49  
-1.36863e+49  -4.54276e+48  2.28878e+49  -4.07975e+49  5.7774e+49  -7.34007e+49  8.73622e+49  -9.94573e+49  1.09602e+50  -1.17821e+50  1.24236e+50  -1.29033e+50  1.32437e+50  -1.34671e+50  1.35926e+50  -1.36329e+50  1.35926e+50  -1.34671e+50  1.32437e+50  -1.29033e+50  1.24236e+50  -1.17821e+50  1.09602e+50  -9.94573e+49  8.73622e+49  -7.34007e+49  5.7774e+49  -4.07975e+49  2.28878e+49  -4.54276e+48  -1.36863e+49  
1.08737e+49  3.60726e+48  -1.81922e+49  3.2443e+49  -4.59635e+49  5.84202e+49  -6.95594e+49  7.92171e+49  -8.73228e+49  9.38938e+49  -9.90232e+49  1.02859e+50  -1.0558e+50  1.07365e+50  -1.08368e+50  1.0869e+50  -1.08368e+50  1.07365e+50  -1.0558e+50  1.02859e+50  -9.90232e+49  9.38938e+49  -8.73228e+49  7.92171e+49  -6.95594e+49  5.84202e+49  -4.59635e+49  3.2443e+49  -1.81922e+49  3.60726e+48  1.08737e+49  
-8.10726e+48  -2.68834e+48  1.35684e+49  -2.4207e+49  3.43081e+49  -4.36219e+49  5.19573e+49  -5.91897e+49  6.52638e+49  -7.01905e+49  7.40377e+49  -7.69152e+49  7.8956e+49  -8.02948e+49  8.10464e+49  -8.12879e+49  8.10464e+49  -8.02948e+49  7.8956e+49  -7.69152e+49  7.40377e+49  -7.01905e+49  6.52638e+49  -5.91897e+49  5.19573e+49  -4.36219e+49  3.43081e+49  -2.4207e+49  1.35684e+49  -2.68834e+48  -8.10726e+48  
5.38048e+48  1.78358e+48  -9.00711e+48  1.60741e+49  -2.27881e+49  2.89827e+49  -3.45301e+49  3.93464e+49  -4.33937e+49  4.66779e+49  -4.92433e+49  5.11624e+49  -5.25236e+49  5.34165e+49  -5.39177e+49  5.40787e+49  -5.39177e+49  5.34165e+49  -5.25236e+49  5.11624e+49  -4.92433e+49  4.66779e+49  -4.33937e+49  3.93464e+49  -3.45301e+49  2.89827e+49  -2.27881e+49  1.60741e+49  -9.00711e+48  1.78358e+48  5.38048e+48  
-2.68263e+48  -8.89096e+47  4.4915e+48  -8.01703e+48  1.13677e+49  -1.44605e+49  1.72312e+49  -1.96378e+49  2.16608e+49  -2.33029e+49  2.45859e+49  -2.55459e+49  2.62268e+49  -2.66734e+49  2.69241e+49  -2.70046e+49  2.69241e+49  -2.66734e+49  2.62268e+49  -2.55459e+49  2.45859e+49  -2.33029e+49  2.16608e+49  -1.96378e+49  1.72312e+49  -1.44605e+49  1.13677e+49  -8.01703e+48  4.4915e+48  -8.89096e+47  -2.68263e+48  
0  0  0  0  0  0  0  0  0  0  0  0  0  0  0  0  0  0  0  0  0  0  0  0  0  0  0  0  0  0  0  
