1  1  1  1  1  1  1  1  1  1  1  1  1  1  1  1  1  1  1  1  1  1  1  1  1  1  1  1  1  1  1  
0.954448  0.946998  0.924649  0.895268  0.865168  0.837145  0.811839  0.789227  0.769204  0.751701  0.736704  0.724248  0.714407  0.707277  0.702953  0.701503  0.702953  0.707277  0.714407  0.724248  0.736704  0.751701  0.769204  0.789227  0.811839  0.837145  0.865168  0.895268  0.924649  0.946998  0.954448  
0.909757  0.895606  0.853154  0.798459  0.744544  0.697216  0.657573  0.624996  0.598458  0.576942  0.559604  0.54583  0.535248  0.527694  0.52314  0.521615  0.52314  0.527694  0.535248  0.54583  0.559604  0.576942  0.598458  0.624996  0.657573  0.697216  0.744544  0.798459  0.853154  0.895606  0.909757  
0.866732  0.847187  0.788552  0.715315  0.647411  0.593405  0.553956  0.526523  0.507852  0.495008  0.485776  0.478739  0.473201  0.469009  0.46633  0.465402  0.46633  0.469009  0.473201  0.478739  0.485776  0.495008  0.507852  0.526523  0.553956  0.593405  0.647411  0.715315  0.788552  0.847187  0.866732  
0.826061  0.802696  0.732601  0.648378  0.576286  0.526517  0.49767  0.483761  0.478454  0.476844  0.475875  0.474126  0.471405  0.468337  0.465906  0.464981  0.465906  0.468337  0.471405  0.474126  0.475875  0.476844  0.478454  0.483761  0.49767  0.526517  0.576286  0.648378  0.732601  0.802696  0.826061  
0.788261  0.762643  0.685788  0.597328  0.528412  0.489183  0.474679  0.474791  0.480459  0.48584  0.488156  0.486821  0.482673  0.477429  0.473137  0.471487  0.473137  0.477429  0.482673  0.486821  0.488156  0.48584  0.480459  0.474791  0.474679  0.489183  0.528412  0.597328  0.685788  0.762643  0.788261  
0.753649  0.727148  0.647645  0.560067  0.498559  0.471722  0.470452  0.481069  0.493085  0.500974  0.502939  0.499343  0.491849  0.483053  0.476014  0.473325  0.476014  0.483053  0.491849  0.499343  0.502939  0.500974  0.493085  0.481069  0.470452  0.471722  0.498559  0.560067  0.647645  0.727148  0.753649  
0.722344  0.696045  0.61715  0.533806  0.481285  0.465822  0.474633  0.491792  0.506719  0.51489  0.515448  0.50925  0.498268  0.485694  0.475629  0.471768  0.475629  0.485694  0.498268  0.50925  0.515448  0.51489  0.506719  0.491792  0.474633  0.465822  0.481285  0.533806  0.61715  0.696045  0.722344  
0.694302  0.668992  0.593065  0.5158  0.472069  0.465648  0.48119  0.501916  0.517975  0.525905  0.525359  0.517122  0.503028  0.486675  0.473354  0.468191  0.473354  0.486675  0.503028  0.517122  0.525359  0.525905  0.517975  0.501916  0.48119  0.465648  0.472069  0.5158  0.593065  0.668992  0.694302  
0.669358  0.645558  0.574158  0.503708  0.467597  0.467574  0.487024  0.509384  0.525847  0.533757  0.532842  0.523377  0.506681  0.486599  0.469788  0.463178  0.469788  0.486599  0.506681  0.523377  0.532842  0.533757  0.525847  0.509384  0.487024  0.467574  0.467597  0.503708  0.574158  0.645558  0.669358  
0.647272  0.625285  0.559322  0.495694  0.465635  0.469547  0.490714  0.513478  0.530096  0.538433  0.537984  0.528182  0.509477  0.485763  0.465228  0.457021  0.465228  0.485763  0.509477  0.528182  0.537984  0.538433  0.530096  0.513478  0.490714  0.469547  0.465635  0.495694  0.559322  0.625285  0.647272  
0.627765  0.60773  0.547625  0.490401  0.464786  0.470535  0.491758  0.514102  0.5308  0.540034  0.540869  0.531628  0.511537  0.484312  0.45982  0.449856  0.45982  0.484312  0.511537  0.531628  0.540869  0.540034  0.5308  0.514102  0.491758  0.470535  0.464786  0.490401  0.547625  0.60773  0.627765  
0.610547  0.59249  0.538316  0.48688  0.464257  0.470162  0.49019  0.511521  0.528275  0.538824  0.541676  0.533827  0.512939  0.482308  0.453614  0.441731  0.453614  0.482308  0.512939  0.533827  0.541676  0.538824  0.528275  0.511521  0.49019  0.470162  0.464257  0.48688  0.538316  0.59249  0.610547  
0.595337  0.579205  0.530809  0.484499  0.46368  0.468473  0.486391  0.506273  0.523067  0.535256  0.540718  0.534945  0.513743  0.479759  0.446603  0.432635  0.446603  0.479759  0.513743  0.534945  0.540718  0.535256  0.523067  0.506273  0.486391  0.468473  0.46368  0.484499  0.530809  0.579205  0.595337  
0.581875  0.567572  0.524663  0.482868  0.462973  0.465784  0.480974  0.499107  0.515922  0.529967  0.538441  0.535211  0.514  0.476623  0.438725  0.42251  0.438725  0.476623  0.514  0.535211  0.538441  0.529967  0.515922  0.499107  0.480974  0.465784  0.462973  0.482868  0.524663  0.567572  0.581875  
0.569928  0.557335  0.519557  0.481772  0.462245  0.462584  0.474707  0.490922  0.507737  0.523729  0.535389  0.534893  0.513742  0.47281  0.429876  0.411266  0.429876  0.47281  0.513742  0.534893  0.535389  0.523729  0.507737  0.490922  0.474707  0.462584  0.462245  0.481772  0.519557  0.557335  0.569928  
0.559298  0.54829  0.515266  0.48112  0.461713  0.459444  0.468428  0.482692  0.499486  0.517388  0.532158  0.534265  0.512957  0.468169  0.419908  0.398778  0.419908  0.468169  0.512957  0.534265  0.532158  0.517388  0.499486  0.482692  0.468428  0.459444  0.461713  0.48112  0.515266  0.54829  0.559298  
0.549823  0.540278  0.511643  0.480899  0.461642  0.456948  0.462975  0.475387  0.492144  0.511789  0.52933  0.533554  0.511557  0.462473  0.408625  0.384894  0.408625  0.462473  0.511557  0.533554  0.52933  0.511789  0.492144  0.475387  0.462975  0.456948  0.461642  0.480899  0.511643  0.540278  0.549823  
0.541377  0.533183  0.508601  0.481143  0.462295  0.45563  0.459106  0.469893  0.486604  0.5077  0.527403  0.532883  0.509336  0.455402  0.395783  0.369436  0.395783  0.455402  0.509336  0.532883  0.527403  0.5077  0.486604  0.469893  0.459106  0.45563  0.462295  0.481143  0.508601  0.533183  0.541377  
0.533882  0.526938  0.506106  0.481912  0.463898  0.455925  0.457442  0.466942  0.483606  0.505739  0.526705  0.532187  0.505916  0.446516  0.381084  0.352202  0.381084  0.446516  0.505916  0.532187  0.526705  0.505739  0.483606  0.466942  0.457442  0.455925  0.463898  0.481912  0.506106  0.526938  0.533882  
0.527307  0.521523  0.504173  0.483278  0.466627  0.458142  0.458429  0.467069  0.483685  0.506288  0.527297  0.531117  0.500684  0.435236  0.364176  0.332971  0.364176  0.435236  0.500684  0.531117  0.527297  0.506288  0.483685  0.467069  0.458429  0.458142  0.466627  0.483278  0.504173  0.521523  0.527307  
0.521689  0.516985  0.502874  0.485337  0.470608  0.46247  0.462332  0.470592  0.487113  0.509399  0.528825  0.528909  0.492708  0.420816  0.344659  0.311509  0.344659  0.420816  0.492708  0.528909  0.528825  0.509399  0.487113  0.470592  0.462332  0.46247  0.470608  0.485337  0.502874  0.516985  0.521689  
0.517161  0.513463  0.502368  0.488239  0.475961  0.469016  0.469272  0.47761  0.493818  0.514602  0.530296  0.5242  0.480659  0.402333  0.322087  0.287581  0.322087  0.402333  0.480659  0.5242  0.530296  0.514602  0.493818  0.47761  0.469272  0.469016  0.475961  0.488239  0.502368  0.513463  0.517161  
0.514019  0.511256  0.502966  0.492266  0.482899  0.477915  0.479284  0.487936  0.503137  0.520533  0.529709  0.514801  0.462733  0.37869  0.295996  0.260971  0.295996  0.37869  0.462733  0.514801  0.529709  0.520533  0.503137  0.487936  0.479284  0.477915  0.482899  0.492266  0.502966  0.511256  0.514019  
0.512862  0.510972  0.5053  0.498021  0.491909  0.489422  0.492197  0.500657  0.513114  0.524184  0.523513  0.497451  0.436616  0.348665  0.265943  0.231503  0.265943  0.348665  0.436616  0.497451  0.523513  0.524184  0.513114  0.500657  0.492197  0.489422  0.491909  0.498021  0.5053  0.510972  0.512862  
0.515118  0.514024  0.510743  0.506684  0.503684  0.503347  0.506484  0.512549  0.518849  0.519645  0.505963  0.467686  0.399598  0.311031  0.231563  0.199082  0.231563  0.311031  0.399598  0.467686  0.505963  0.519645  0.518849  0.512549  0.506484  0.503347  0.503684  0.506684  0.510743  0.514024  0.515118  
0.522219  0.521648  0.519937  0.517773  0.516001  0.515162  0.515041  0.514237  0.509743  0.496713  0.468845  0.420119  0.348914  0.264771  0.192667  0.163731  0.192667  0.264771  0.348914  0.420119  0.468845  0.496713  0.509743  0.514237  0.515041  0.515162  0.516001  0.517773  0.519937  0.521648  0.522219  
0.522931  0.522206  0.520028  0.516526  0.51178  0.505581  0.497207  0.485242  0.467482  0.441007  0.402561  0.349558  0.282483  0.209422  0.14935  0.125643  0.14935  0.209422  0.282483  0.349558  0.402561  0.441007  0.467482  0.485242  0.497207  0.505581  0.51178  0.516526  0.520028  0.522206  0.522931  
0.469002  0.467598  0.463386  0.456342  0.446388  0.433321  0.416743  0.396027  0.370314  0.338578  0.299777  0.253248  0.199981  0.145465  0.102099  0.085216  0.102099  0.145465  0.199981  0.253248  0.299777  0.338578  0.370314  0.396027  0.416743  0.433321  0.446388  0.456342  0.463386  0.467598  0.469002  
0.293104  0.291725  0.287589  0.280748  0.271275  0.259245  0.244713  0.2277  0.208177  0.186065  0.161242  0.133666  0.103921  0.0746512  0.0518602  0.0430664  0.0518602  0.0746512  0.103921  0.133666  0.161242  0.186065  0.208177  0.2277  0.244713  0.259245  0.271275  0.280748  0.287589  0.291725  0.293104  
0  0  0  0  0  0  0  0  0  0  0  0  0  0  0  0  0  0  0  0  0  0  0  0  0  0  0  0  0  0  0  
