1  1  1  1  1  1  1  1  1  1  1  1  1  1  1  1  1  1  1  1  1  1  1  1  1  1  1  1  1  1  1  
0.962855  0.955894  0.93501  0.906476  0.875657  0.8454  0.816862  0.790542  0.766729  0.745631  0.727417  0.71224  0.700245  0.691562  0.686303  0.684541  0.686303  0.691562  0.700245  0.71224  0.727417  0.745631  0.766729  0.790542  0.816862  0.8454  0.875657  0.906476  0.93501  0.955894  0.962855  
0.926385  0.913085  0.873183  0.819531  0.763248  0.710297  0.662933  0.621739  0.586614  0.55717  0.532937  0.513498  0.498552  0.487926  0.481555  0.47943  0.481555  0.487926  0.498552  0.513498  0.532937  0.55717  0.586614  0.621739  0.662933  0.710297  0.763248  0.819531  0.873183  0.913085  0.926385  
0.891226  0.872681  0.817045  0.74403  0.670799  0.606369  0.553481  0.511748  0.479508  0.454778  0.435769  0.421138  0.410054  0.402145  0.397348  0.395734  0.397348  0.402145  0.410054  0.421138  0.435769  0.454778  0.479508  0.511748  0.553481  0.606369  0.670799  0.74403  0.817045  0.872681  0.891226  
0.857927  0.835475  0.76812  0.682302  0.600897  0.535187  0.487124  0.453997  0.431648  0.416173  0.404659  0.395359  0.387568  0.381368  0.377276  0.375836  0.377276  0.381368  0.387568  0.395359  0.404659  0.416173  0.431648  0.453997  0.487124  0.535187  0.600897  0.682302  0.76812  0.835475  0.857927  
0.826912  0.801916  0.726927  0.634366  0.551785  0.4914  0.453046  0.430887  0.418251  0.409914  0.402665  0.395088  0.387169  0.379874  0.374638  0.372725  0.374638  0.379874  0.387169  0.395088  0.402665  0.409914  0.418251  0.430887  0.453046  0.4914  0.551785  0.634366  0.726927  0.801916  0.826912  
0.798453  0.772142  0.693208  0.598758  0.519529  0.467374  0.439304  0.426511  0.420628  0.416058  0.409935  0.401434  0.391248  0.381214  0.373758  0.370991  0.373758  0.381214  0.391248  0.401434  0.409935  0.416058  0.420628  0.426511  0.439304  0.467374  0.519529  0.598758  0.693208  0.772142  0.798453  
0.772676  0.746067  0.66624  0.573374  0.499835  0.456254  0.436917  0.430887  0.429107  0.42623  0.419847  0.409499  0.396304  0.382838  0.372606  0.368767  0.372606  0.382838  0.396304  0.409499  0.419847  0.42623  0.429107  0.430887  0.436917  0.456254  0.499835  0.573374  0.66624  0.746067  0.772676  
0.749574  0.723454  0.645093  0.556061  0.489002  0.453008  0.440299  0.438827  0.439556  0.437557  0.43064  0.418346  0.401919  0.384595  0.371133  0.366024  0.371133  0.384595  0.401919  0.418346  0.43064  0.437557  0.439556  0.438827  0.440299  0.453008  0.489002  0.556061  0.645093  0.723454  0.749574  
0.729049  0.703989  0.628811  0.544922  0.484208  0.454326  0.446302  0.44783  0.450249  0.448947  0.441663  0.427614  0.40792  0.386408  0.369286  0.362708  0.369286  0.386408  0.40792  0.427614  0.441663  0.448947  0.450249  0.44783  0.446302  0.454326  0.484208  0.544922  0.628811  0.703989  0.729049  
0.710936  0.687328  0.616506  0.538413  0.48345  0.458168  0.453238  0.456695  0.460374  0.459828  0.452495  0.437014  0.414134  0.388182  0.367004  0.358764  0.367004  0.388182  0.414134  0.437014  0.452495  0.459828  0.460374  0.456695  0.453238  0.458168  0.48345  0.538413  0.616506  0.687328  0.710936  
0.695037  0.673129  0.607407  0.535338  0.485371  0.463339  0.460246  0.464855  0.469524  0.469851  0.462824  0.446294  0.420391  0.389816  0.364218  0.354132  0.364218  0.389816  0.420391  0.446294  0.462824  0.469851  0.469524  0.464855  0.460246  0.463339  0.485371  0.535338  0.607407  0.673129  0.695037  
0.68114  0.661071  0.600864  0.534801  0.489087  0.46919  0.466952  0.472108  0.477544  0.478842  0.472449  0.455255  0.426526  0.391193  0.360848  0.348744  0.360848  0.391193  0.426526  0.455255  0.472449  0.478842  0.477544  0.472108  0.466952  0.46919  0.489087  0.534801  0.600864  0.661071  0.68114  
0.669033  0.650861  0.596346  0.536139  0.494046  0.475424  0.473285  0.478494  0.484482  0.486794  0.481286  0.463752  0.432381  0.392181  0.356798  0.342521  0.356798  0.392181  0.432381  0.463752  0.481286  0.486794  0.484482  0.478494  0.473285  0.475424  0.494046  0.536139  0.596346  0.650861  0.669033  
0.658514  0.642241  0.593422  0.538869  0.499919  0.481966  0.479374  0.484236  0.490554  0.493843  0.489352  0.471692  0.437797  0.392625  0.351958  0.335376  0.351958  0.392625  0.437797  0.471692  0.489352  0.493843  0.490554  0.484236  0.479374  0.481966  0.499919  0.538869  0.593422  0.642241  0.658514  
0.649397  0.634984  0.591745  0.542641  0.506524  0.488873  0.485469  0.489675  0.496095  0.500235  0.496746  0.479011  0.442604  0.392341  0.346193  0.327208  0.346193  0.392341  0.442604  0.479011  0.496746  0.500235  0.496095  0.489675  0.485469  0.488873  0.506524  0.542641  0.591745  0.634984  0.649397  
0.641516  0.628897  0.591038  0.54719  0.51376  0.496269  0.491877  0.495213  0.501503  0.506275  0.503605  0.48565  0.446601  0.391106  0.339349  0.317905  0.339349  0.391106  0.446601  0.48565  0.503605  0.506275  0.501503  0.495213  0.491877  0.496269  0.51376  0.54719  0.591038  0.628897  0.641516  
0.634722  0.623811  0.591077  0.552313  0.521559  0.504283  0.498897  0.501244  0.507178  0.512272  0.510056  0.491518  0.449534  0.388647  0.33124  0.30734  0.33124  0.388647  0.449534  0.491518  0.510056  0.512272  0.507178  0.501244  0.498897  0.504283  0.521559  0.552313  0.591077  0.623811  0.634722  
0.628885  0.619583  0.591678  0.557836  0.529851  0.513002  0.506763  0.508093  0.513454  0.518473  0.516165  0.496442  0.45106  0.384623  0.321652  0.295372  0.321652  0.384623  0.45106  0.496442  0.516165  0.518473  0.513454  0.508093  0.506763  0.513002  0.529851  0.557836  0.591678  0.619583  0.628885  
0.623893  0.616092  0.592689  0.563605  0.538538  0.522434  0.515599  0.515962  0.520542  0.525002  0.521861  0.500109  0.450715  0.378615  0.310336  0.281848  0.310336  0.378615  0.450715  0.500109  0.521861  0.525002  0.520542  0.515962  0.515599  0.522434  0.538538  0.563605  0.592689  0.616092  0.623893  
0.619651  0.613233  0.593979  0.569463  0.547475  0.532486  0.525385  0.524887  0.528475  0.531787  0.526856  0.501987  0.44786  0.370102  0.29701  0.266607  0.29701  0.370102  0.44786  0.501987  0.526856  0.531787  0.528475  0.524887  0.525385  0.532486  0.547475  0.569463  0.593979  0.613233  0.619651  
0.616078  0.610917  0.595435  0.575257  0.556465  0.542953  0.535936  0.534701  0.537042  0.538459  0.530519  0.501223  0.441627  0.358454  0.281362  0.24948  0.281362  0.358454  0.441627  0.501223  0.530519  0.538459  0.537042  0.534701  0.535936  0.542953  0.556465  0.575257  0.595435  0.610917  0.616078  
0.613104  0.609068  0.596959  0.580826  0.565269  0.553528  0.546905  0.544997  0.545686  0.544178  0.531694  0.496507  0.430863  0.342921  0.263053  0.230304  0.263053  0.342921  0.430863  0.496507  0.531694  0.544178  0.545686  0.544997  0.546905  0.553528  0.565269  0.580826  0.596959  0.609068  0.613104  
0.610669  0.607618  0.598462  0.586013  0.573613  0.563804  0.55773  0.554983  0.553236  0.547306  0.528405  0.485901  0.414078  0.322643  0.241742  0.20893  0.241742  0.322643  0.414078  0.485901  0.528405  0.547306  0.553236  0.554983  0.55773  0.563804  0.573613  0.586013  0.598462  0.607618  0.610669  
0.60872  0.606507  0.59987  0.590663  0.581166  0.573166  0.567365  0.562989  0.557273  0.544796  0.517451  0.466679  0.389437  0.296694  0.21711  0.185248  0.21711  0.296694  0.389437  0.466679  0.517451  0.544796  0.557273  0.562989  0.567365  0.573166  0.581166  0.590663  0.59987  0.606507  0.60872  
0.607236  0.605688  0.601044  0.594388  0.587043  0.579931  0.573046  0.565031  0.552783  0.531248  0.493964  0.435261  0.354862  0.264174  0.188914  0.159207  0.188914  0.264174  0.354862  0.435261  0.493964  0.531248  0.552783  0.565031  0.573046  0.579931  0.587043  0.594388  0.601044  0.605688  0.607236  
0.604428  0.603201  0.599522  0.593816  0.586528  0.577715  0.56669  0.551762  0.530117  0.497976  0.451312  0.387493  0.308321  0.224383  0.157048  0.13085  0.157048  0.224383  0.308321  0.387493  0.451312  0.497976  0.530117  0.551762  0.56669  0.577715  0.586528  0.593816  0.599522  0.603201  0.604428  
0.585342  0.583848  0.579366  0.571897  0.561342  0.547315  0.529004  0.505103  0.473881  0.433418  0.382109  0.319572  0.2484  0.177077  0.121631  0.100347  0.121631  0.177077  0.2484  0.319572  0.382109  0.433418  0.473881  0.505103  0.529004  0.547315  0.561342  0.571897  0.579366  0.583848  0.585342  
0.504363  0.502334  0.496245  0.486058  0.471685  0.452946  0.429538  0.401052  0.367034  0.327107  0.281175  0.229798  0.175124  0.12276  0.0830859  0.068024  0.0830859  0.12276  0.175124  0.229798  0.281175  0.327107  0.367034  0.401052  0.429538  0.452946  0.471685  0.486058  0.496245  0.502334  0.504363  
0.305656  0.30397  0.29891  0.290544  0.27897  0.264309  0.246696  0.226276  0.203211  0.177703  0.150033  0.120682  0.0907507  0.0629163  0.0421808  0.0343661  0.0421808  0.0629163  0.0907507  0.120682  0.150033  0.177703  0.203211  0.226276  0.246696  0.264309  0.27897  0.290544  0.29891  0.30397  0.305656  
0  0  0  0  0  0  0  0  0  0  0  0  0  0  0  0  0  0  0  0  0  0  0  0  0  0  0  0  0  0  0  
