1  1  1  1  1  1  1  1  1  1  1  1  1  1  1  1  1  1  1  1  1  1  1  1  1  1  1  1  1  1  1  
0.962748  0.955791  0.934917  0.906414  0.87565  0.845465  0.817007  0.790766  0.767027  0.745995  0.727838  0.712709  0.70075  0.692094  0.68685  0.685094  0.68685  0.692094  0.70075  0.712709  0.727838  0.745995  0.767027  0.790766  0.817007  0.845465  0.87565  0.906414  0.934917  0.955791  0.962748  
0.926174  0.912882  0.873004  0.819417  0.763251  0.710448  0.663244  0.622205  0.587221  0.557896  0.533763  0.514403  0.499516  0.488932  0.482585  0.480469  0.482585  0.488932  0.499516  0.514403  0.533763  0.557896  0.587221  0.622205  0.663244  0.710448  0.763251  0.819417  0.873004  0.912882  0.926174  
0.890915  0.872384  0.816789  0.743882  0.670832  0.606629  0.553977  0.512458  0.4804  0.455816  0.436918  0.422369  0.411343  0.403472  0.398698  0.397091  0.398698  0.403472  0.411343  0.422369  0.436918  0.455816  0.4804  0.512458  0.553977  0.606629  0.670832  0.743882  0.816789  0.872384  0.890915  
0.857521  0.835091  0.7678  0.682136  0.600979  0.535566  0.487792  0.454912  0.432752  0.417411  0.405989  0.396749  0.388997  0.382822  0.378744  0.377309  0.378744  0.382822  0.388997  0.396749  0.405989  0.417411  0.432752  0.454912  0.487792  0.535566  0.600979  0.682136  0.7678  0.835091  0.857521  
0.826417  0.801451  0.726553  0.634193  0.551918  0.491883  0.453847  0.431934  0.419463  0.411227  0.404035  0.396492  0.388595  0.381314  0.376087  0.374176  0.376087  0.381314  0.388595  0.396492  0.404035  0.411227  0.419463  0.431934  0.453847  0.491883  0.551918  0.634193  0.726553  0.801451  0.826417  
0.797876  0.771604  0.692787  0.59858  0.519704  0.46793  0.440181  0.42761  0.421854  0.417345  0.411249  0.402764  0.392593  0.382574  0.375129  0.372366  0.375129  0.382574  0.392593  0.402764  0.411249  0.417345  0.421854  0.42761  0.440181  0.46793  0.519704  0.59858  0.692787  0.771604  0.797876  
0.772022  0.74546  0.665775  0.573186  0.500032  0.456843  0.437811  0.431966  0.43027  0.42742  0.421045  0.410709  0.397535  0.384094  0.373882  0.370051  0.373882  0.384094  0.397535  0.410709  0.421045  0.42742  0.43027  0.431966  0.437811  0.456843  0.500032  0.573186  0.665775  0.74546  0.772022  
0.748849  0.722783  0.644584  0.555854  0.489195  0.453587  0.441156  0.439829  0.440603  0.438603  0.431684  0.419408  0.403019  0.38574  0.372312  0.367215  0.372312  0.38574  0.403019  0.419408  0.431684  0.438603  0.440603  0.439829  0.441156  0.453587  0.489195  0.555854  0.644584  0.722783  0.748849  
0.728256  0.703256  0.628254  0.544682  0.484369  0.454855  0.447075  0.448708  0.451138  0.449816  0.442528  0.428511  0.408879  0.387437  0.370368  0.363809  0.370368  0.387437  0.408879  0.428511  0.442528  0.449816  0.451138  0.448708  0.447075  0.454855  0.484369  0.544682  0.628254  0.703256  0.728256  
0.710079  0.686533  0.615897  0.538123  0.483551  0.45861  0.453888  0.457413  0.461075  0.460495  0.453161  0.437733  0.414947  0.389096  0.367994  0.359781  0.367994  0.389096  0.414947  0.437733  0.453161  0.460495  0.461075  0.457413  0.453888  0.45861  0.483551  0.538123  0.615897  0.686533  0.710079  
0.694117  0.672272  0.606738  0.534983  0.485386  0.463662  0.460741  0.465385  0.470013  0.470296  0.463278  0.446827  0.421055  0.390617  0.36512  0.35507  0.36512  0.390617  0.421055  0.446827  0.463278  0.470296  0.470013  0.465385  0.460741  0.463662  0.485386  0.534983  0.606738  0.672272  0.694117  
0.680157  0.660149  0.600128  0.534363  0.488991  0.469368  0.467265  0.472427  0.477804  0.479054  0.472683  0.455598  0.427041  0.391885  0.361667  0.349609  0.361667  0.391885  0.427041  0.455598  0.472683  0.479054  0.477804  0.472427  0.467265  0.469368  0.488991  0.534363  0.600128  0.660149  0.680157  
0.667985  0.649873  0.595534  0.535604  0.493818  0.475433  0.473397  0.478588  0.484502  0.486766  0.481296  0.463907  0.43275  0.392768  0.357541  0.343319  0.357541  0.392768  0.43275  0.463907  0.481296  0.486766  0.484502  0.478588  0.473397  0.475433  0.493818  0.535604  0.595534  0.649873  0.667985  
0.657401  0.641182  0.592525  0.538223  0.499543  0.481787  0.479269  0.484093  0.490329  0.493574  0.489142  0.471662  0.438027  0.393114  0.35263  0.336113  0.35263  0.393114  0.438027  0.471662  0.489142  0.493574  0.490329  0.484093  0.479269  0.481787  0.499543  0.538223  0.592525  0.641182  0.657401  
0.648216  0.633851  0.590757  0.541872  0.505985  0.488494  0.485137  0.489291  0.495624  0.49973  0.496323  0.478805  0.442703  0.392739  0.346801  0.327889  0.346801  0.392739  0.442703  0.478805  0.496323  0.49973  0.495624  0.489291  0.485137  0.488494  0.505985  0.541872  0.590757  0.633851  0.648216  
0.640263  0.627685  0.589952  0.546289  0.513048  0.495681  0.491312  0.494586  0.500792  0.505543  0.50298  0.485281  0.44658  0.391423  0.339898  0.318534  0.339898  0.391423  0.44658  0.485281  0.50298  0.505543  0.500792  0.494586  0.491312  0.495681  0.513048  0.546289  0.589952  0.627685  0.640263  
0.633392  0.622515  0.589886  0.551272  0.520667  0.503482  0.498098  0.500378  0.506236  0.511327  0.509248  0.491003  0.449407  0.388891  0.331735  0.307921  0.331735  0.388891  0.449407  0.491003  0.509248  0.511327  0.506236  0.500378  0.498098  0.503482  0.520667  0.551272  0.589886  0.622515  0.633392  
0.627473  0.618199  0.590377  0.556652  0.528777  0.511988  0.505735  0.506998  0.512296  0.517334  0.515194  0.4958  0.450844  0.384805  0.322099  0.295909  0.322099  0.384805  0.450844  0.4958  0.515194  0.517334  0.512296  0.506998  0.505735  0.511988  0.528777  0.556652  0.590377  0.618199  0.627473  
0.622395  0.614614  0.591273  0.562273  0.537283  0.521212  0.514352  0.514652  0.519187  0.523693  0.520753  0.499365  0.450428  0.378745  0.31074  0.282344  0.31074  0.378745  0.450428  0.499365  0.520753  0.523693  0.519187  0.514652  0.514352  0.521212  0.537283  0.562273  0.591273  0.614614  0.622395  
0.61806  0.611656  0.592445  0.567986  0.546042  0.531065  0.523932  0.523381  0.526947  0.530337  0.52564  0.501169  0.447521  0.370192  0.297375  0.267063  0.297375  0.370192  0.447521  0.501169  0.52564  0.530337  0.526947  0.523381  0.523932  0.531065  0.546042  0.567986  0.592445  0.611656  0.61806  
0.614389  0.609237  0.593781  0.573634  0.554864  0.541347  0.534298  0.533025  0.535372  0.536901  0.529232  0.500361  0.441258  0.358514  0.281691  0.249897  0.281691  0.358514  0.441258  0.500361  0.529232  0.536901  0.535372  0.533025  0.534298  0.541347  0.554864  0.573634  0.593781  0.609237  0.614389  
0.611312  0.60728  0.595184  0.579064  0.56351  0.551756  0.545105  0.543181  0.543909  0.542553  0.530375  0.495633  0.430485  0.342961  0.263349  0.230682  0.263349  0.342961  0.430485  0.495633  0.530375  0.542553  0.543909  0.543181  0.545105  0.551756  0.56351  0.579064  0.595184  0.60728  0.611312  
0.608771  0.605721  0.596568  0.58412  0.571713  0.56189  0.555802  0.553067  0.551399  0.545663  0.5271  0.485051  0.413711  0.322672  0.242007  0.20927  0.242007  0.322672  0.413711  0.485051  0.5271  0.545663  0.551399  0.553067  0.555802  0.56189  0.571713  0.58412  0.596568  0.605721  0.608771  
0.606717  0.604504  0.597865  0.588654  0.57915  0.571145  0.565354  0.561028  0.555437  0.543196  0.516209  0.465887  0.3891  0.296718  0.217344  0.185546  0.217344  0.296718  0.3891  0.465887  0.516209  0.543196  0.555437  0.561028  0.565354  0.571145  0.57915  0.588654  0.597865  0.604504  0.606717  
0.605142  0.603594  0.598949  0.592294  0.584954  0.577861  0.571022  0.563102  0.551026  0.529759  0.49284  0.434561  0.354572  0.264198  0.189115  0.159462  0.189115  0.264198  0.354572  0.434561  0.49284  0.529759  0.551026  0.563102  0.571022  0.577861  0.584954  0.592294  0.598949  0.603594  0.605142  
0.602299  0.601075  0.597403  0.591715  0.584458  0.575698  0.564762  0.549974  0.528535  0.496675  0.450357  0.386913  0.308088  0.224408  0.157215  0.131059  0.157215  0.224408  0.308088  0.386913  0.450357  0.496675  0.528535  0.549974  0.564762  0.575698  0.584458  0.591715  0.597403  0.601075  0.602299  
0.583332  0.581845  0.577385  0.569954  0.559458  0.545519  0.527329  0.503593  0.472583  0.43238  0.381366  0.319131  0.248229  0.177101  0.121761  0.100508  0.121761  0.177101  0.248229  0.319131  0.381366  0.43238  0.472583  0.503593  0.527329  0.545519  0.559458  0.569954  0.577385  0.581845  0.583332  
0.502751  0.500731  0.49467  0.484532  0.470229  0.451584  0.428297  0.399959  0.366117  0.32639  0.280671  0.229504  0.175013  0.12278  0.0831748  0.0681331  0.0831748  0.12278  0.175013  0.229504  0.280671  0.32639  0.366117  0.399959  0.428297  0.451584  0.470229  0.484532  0.49467  0.500731  0.502751  
0.304751  0.303072  0.298032  0.2897  0.278174  0.263575  0.246037  0.225704  0.202739  0.177339  0.14978  0.120536  0.090697  0.0629274  0.0422261  0.0344212  0.0422261  0.0629274  0.090697  0.120536  0.14978  0.177339  0.202739  0.225704  0.246037  0.263575  0.278174  0.2897  0.298032  0.303072  0.304751  
0  0  0  0  0  0  0  0  0  0  0  0  0  0  0  0  0  0  0  0  0  0  0  0  0  0  0  0  0  0  0  
