1  1  1  1  1  1  1  1  1  1  1  1  1  1  1  1  1  1  1  1  1  1  1  1  1  1  1  1  1  1  1  
0.962706  0.955734  0.93482  0.906255  0.875418  0.845156  0.816622  0.790311  0.766508  0.74542  0.727217  0.71205  0.700063  0.691387  0.686131  0.684371  0.686131  0.691387  0.700063  0.71205  0.727217  0.74542  0.766508  0.790311  0.816622  0.845156  0.875418  0.906255  0.93482  0.955734  0.962706  
0.92609  0.91277  0.872812  0.819107  0.762801  0.709855  0.662514  0.621353  0.586262  0.556853  0.532651  0.513241  0.498317  0.487709  0.481349  0.479228  0.481349  0.487709  0.498317  0.513241  0.532651  0.556852  0.586262  0.621353  0.662514  0.709855  0.762801  0.819107  0.872812  0.91277  0.92609  
0.890789  0.872219  0.816509  0.743433  0.670189  0.605792  0.552964  0.511297  0.479123  0.454452  0.435495  0.420907  0.409861  0.401977  0.397198  0.39559  0.397198  0.401977  0.40986  0.420907  0.435495  0.454452  0.479123  0.511297  0.552964  0.605792  0.670189  0.743433  0.816509  0.872219  0.890789  
0.857356  0.834877  0.76744  0.681565  0.600171  0.534532  0.486564  0.453534  0.431267  0.415859  0.4044  0.395147  0.387395  0.381227  0.377155  0.375723  0.377155  0.381227  0.387395  0.395147  0.4044  0.415859  0.431267  0.453534  0.486564  0.534532  0.600171  0.681564  0.76744  0.834877  0.857356  
0.826213  0.80119  0.726121  0.633517  0.550978  0.490697  0.452465  0.43041  0.417852  0.409571  0.402368  0.394833  0.386957  0.379699  0.374489  0.372585  0.374489  0.379699  0.386957  0.394833  0.402368  0.409571  0.417852  0.43041  0.452465  0.490697  0.550978  0.633517  0.726121  0.80119  0.826213  
0.797637  0.771301  0.692293  0.59782  0.518659  0.466632  0.43869  0.425991  0.420165  0.415632  0.409543  0.401086  0.39095  0.380968  0.373549  0.370796  0.373549  0.380968  0.39095  0.401086  0.409543  0.415632  0.420165  0.425991  0.43869  0.466632  0.518659  0.597819  0.692293  0.771301  0.797637  
0.771749  0.745119  0.665229  0.572357  0.498909  0.455464  0.436247  0.430287  0.428537  0.425676  0.419322  0.409025  0.395901  0.382507  0.372331  0.368512  0.372331  0.382507  0.395901  0.409025  0.419322  0.425676  0.428537  0.430287  0.436247  0.455464  0.498908  0.572357  0.665229  0.745119  0.771749  
0.748545  0.722408  0.643996  0.554974  0.488015  0.452155  0.439545  0.438115  0.438845  0.436846  0.429956  0.41773  0.401399  0.384178  0.370793  0.365713  0.370793  0.384178  0.401399  0.41773  0.429957  0.436846  0.438845  0.438114  0.439545  0.452155  0.488015  0.554974  0.643996  0.722408  0.748545  
0.727924  0.702851  0.627633  0.543765  0.483154  0.453391  0.445441  0.446978  0.449375  0.448059  0.440808  0.426844  0.407279  0.385902  0.368886  0.362346  0.368886  0.385902  0.407279  0.426845  0.440808  0.448059  0.449374  0.446978  0.445441  0.453391  0.483154  0.543765  0.627633  0.702851  0.727924  
0.709721  0.686104  0.615251  0.537185  0.482316  0.457135  0.452248  0.455688  0.45932  0.458753  0.451457  0.436086  0.413369  0.387592  0.366548  0.358359  0.366548  0.387592  0.413369  0.436086  0.451457  0.458753  0.45932  0.455687  0.452248  0.457135  0.482316  0.537185  0.615251  0.686104  0.709721  
0.693737  0.671821  0.606076  0.534034  0.48415  0.462192  0.459116  0.463679  0.468285  0.468581  0.461602  0.445205  0.419504  0.389145  0.363713  0.353689  0.363713  0.389145  0.419504  0.445205  0.461601  0.468581  0.468285  0.463679  0.459116  0.462192  0.484149  0.534034  0.606076  0.671821  0.693737  
0.679757  0.659682  0.599456  0.533416  0.487766  0.467921  0.46567  0.470759  0.476115  0.47738  0.471042  0.454008  0.425519  0.390446  0.3603  0.348271  0.3603  0.390446  0.425519  0.454008  0.471042  0.47738  0.476115  0.470759  0.46567  0.467921  0.487767  0.533416  0.599456  0.659682  0.679757  
0.667569  0.649392  0.59486  0.534667  0.49262  0.474022  0.471849  0.47697  0.482868  0.485142  0.479701  0.462353  0.431261  0.391363  0.356215  0.342026  0.356215  0.391363  0.431261  0.462353  0.479701  0.485143  0.482868  0.47697  0.471848  0.474023  0.49262  0.534667  0.59486  0.649392  0.667569  
0.656971  0.640692  0.591855  0.537309  0.498382  0.480429  0.477779  0.482541  0.488759  0.492013  0.487599  0.47015  0.436571  0.391744  0.351345  0.334865  0.351345  0.391744  0.436572  0.47015  0.487599  0.492013  0.488759  0.482541  0.477779  0.480428  0.498382  0.537309  0.591855  0.640692  0.65697  
0.647774  0.633355  0.590096  0.540985  0.504873  0.487197  0.48372  0.487813  0.49413  0.498236  0.494838  0.477338  0.441284  0.391406  0.34556  0.326688  0.34556  0.391406  0.441284  0.477338  0.494838  0.498237  0.49413  0.487813  0.48372  0.487197  0.504872  0.540985  0.590096  0.633355  0.647774  
0.639812  0.627185  0.589304  0.545438  0.51199  0.494456  0.489975  0.493194  0.499379  0.504126  0.501556  0.483862  0.445199  0.390127  0.3387  0.317382  0.3387  0.390127  0.445199  0.483862  0.501557  0.504125  0.49938  0.493194  0.489975  0.494456  0.51199  0.545438  0.589304  0.627185  0.639812  
0.632935  0.622015  0.589255  0.550461  0.519672  0.502334  0.49685  0.499076  0.504912  0.509985  0.507888  0.48963  0.448065  0.387634  0.330585  0.30682  0.330585  0.387635  0.448064  0.489631  0.507888  0.509986  0.504912  0.499076  0.49685  0.502334  0.519672  0.550461  0.589255  0.622015  0.632935  
0.627013  0.617701  0.589766  0.555884  0.527847  0.510924  0.504579  0.505791  0.511059  0.516071  0.513896  0.494477  0.44954  0.38359  0.320998  0.294862  0.320998  0.38359  0.44954  0.494477  0.513896  0.516071  0.511059  0.505791  0.504579  0.510924  0.527848  0.555884  0.589766  0.617701  0.627013  
0.621933  0.614121  0.590684  0.56155  0.536421  0.520231  0.51329  0.513538  0.518038  0.522504  0.519515  0.498087  0.449165  0.377574  0.309692  0.281354  0.309692  0.377574  0.449165  0.498087  0.519515  0.522504  0.518038  0.513538  0.51329  0.520231  0.536421  0.56155  0.590684  0.614121  0.621933  
0.617599  0.611169  0.591877  0.567307  0.545246  0.530168  0.522959  0.522357  0.525879  0.529218  0.524456  0.499935  0.446299  0.369068  0.296384  0.266134  0.296384  0.369068  0.446299  0.499935  0.524456  0.529217  0.525879  0.522357  0.522959  0.530168  0.545246  0.567307  0.591877  0.611169  0.617599  
0.613929  0.608755  0.593235  0.572998  0.554131  0.540526  0.53341  0.532081  0.534377  0.53584  0.528096  0.499168  0.44008  0.357442  0.280761  0.249034  0.280761  0.357443  0.44008  0.499168  0.528096  0.535841  0.534377  0.532082  0.533409  0.540526  0.554131  0.572998  0.593235  0.608755  0.613929  
0.610853  0.606804  0.594657  0.578466  0.562832  0.551004  0.544289  0.542308  0.542973  0.541542  0.529279  0.494482  0.429356  0.34195  0.262487  0.22989  0.262487  0.34195  0.429356  0.494482  0.529279  0.541542  0.542973  0.542308  0.544289  0.551004  0.562832  0.578466  0.594657  0.606804  0.610853  
0.608311  0.605247  0.596057  0.583551  0.571081  0.561193  0.555044  0.552246  0.550508  0.544687  0.52604  0.483943  0.41264  0.32173  0.241221  0.208554  0.24122  0.32173  0.41264  0.483944  0.52604  0.544687  0.550507  0.552246  0.555044  0.561193  0.571081  0.583551  0.596057  0.605247  0.608311  
0.606251  0.604028  0.597359  0.588104  0.578546  0.570484  0.564631  0.560238  0.554569  0.542244  0.515183  0.464832  0.3881  0.295858  0.216642  0.184914  0.216642  0.295858  0.3881  0.464832  0.515183  0.542244  0.554569  0.560238  0.564631  0.570483  0.578546  0.588103  0.59736  0.604028  0.606251  
0.604659  0.603102  0.598434  0.591741  0.584355  0.577207  0.570307  0.562318  0.550169  0.528829  0.491858  0.433577  0.353663  0.263435  0.188507  0.15892  0.188507  0.263435  0.353663  0.433577  0.491858  0.528829  0.550169  0.562318  0.570307  0.577207  0.584355  0.591741  0.598434  0.603102  0.604659  
0.601771  0.60054  0.596849  0.591129  0.583831  0.575023  0.564032  0.549186  0.527691  0.495785  0.449447  0.386032  0.307298  0.223762  0.15671  0.130615  0.15671  0.223762  0.307298  0.386032  0.449447  0.495785  0.527691  0.549186  0.564032  0.575023  0.583831  0.591129  0.596849  0.60054  0.601771  
0.582736  0.581244  0.576769  0.569316  0.558792  0.544819  0.526596  0.502827  0.471793  0.431579  0.38058  0.318396  0.24759  0.176591  0.121371  0.100168  0.121371  0.176591  0.24759  0.318396  0.38058  0.431579  0.471793  0.502827  0.526596  0.54482  0.558792  0.569316  0.576769  0.581244  0.582736  
0.502143  0.500121  0.494055  0.483909  0.469597  0.450943  0.427649  0.399311  0.365474  0.325765  0.28008  0.22897  0.174561  0.122426  0.0829086  0.0679026  0.0829086  0.122426  0.174561  0.22897  0.28008  0.325765  0.365474  0.399311  0.427649  0.450943  0.469597  0.483909  0.494055  0.500121  0.502143  
0.304336  0.302657  0.297619  0.289289  0.277766  0.263172  0.245641  0.22532  0.20237  0.176991  0.14946  0.120253  0.0904618  0.062746  0.0420911  0.0343048  0.0420911  0.062746  0.0904618  0.120253  0.14946  0.176991  0.20237  0.22532  0.245641  0.263172  0.277766  0.289289  0.297619  0.302657  0.304336  
0  0  0  0  0  0  0  0  0  0  0  0  0  0  0  0  0  0  0  0  0  0  0  0  0  0  0  0  0  0  0  
