1  1  1  1  1  1  1  1  1  1  1  1  1  1  1  1  1  1  1  1  1  1  1  1  1  1  1  1  1  1  1  
-4.31886  -1.12352  8.46251  -10.8764  16.2653  -17.713  22.131  -22.859  26.3309  -26.3325  28.9486  -28.3247  30.271  -29.1799  30.6644  -29.237  30.4005  -28.6634  29.5237  -27.3785  27.8441  -25.1175  25.0578  -21.5834  20.9087  -16.5978  15.3071  -10.1234  7.97292  -0.987069  -3.97373  
11.2402  4.97431  -13.8234  23.6693  -28.7567  35.795  -38.9451  43.7265  -45.055  47.8798  -47.759  49.2209  -48.2416  49.0348  -47.7824  48.4608  -47.2595  48.0109  -46.7597  47.3437  -45.5666  45.4666  -42.5255  41.1912  -36.5151  33.5773  -26.8511  22.1719  -12.8508  4.70411  10.5557  
-14.0027  -4.99313  22.0356  -31.9389  42.2417  -47.8275  53.9799  -56.1865  58.9456  -58.5536  59.059  -57.208  56.7483  -54.6456  54.3994  -52.9773  53.6261  -53.1307  54.5543  -54.4268  55.8084  -54.9732  55.1906  -52.4211  50.3697  -44.5323  39.41  -29.7147  20.5928  -4.59447  -12.9902  
19.7432  8.26852  -26.1555  41.724  -50.7322  59.1017  -62.6526  65.8906  -65.4669  65.3701  -62.6167  60.9047  -57.4503  55.7918  -53.205  52.9766  -52.1925  53.8071  -54.5739  57.255  -58.3473  60.664  -60.5285  60.9367  -57.9018  54.7647  -47.0056  38.7987  -24.2617  7.74919  18.4195  
-21.4037  -7.93518  32.4704  -47.3092  59.5968  -65.6731  70.4986  -70.9457  71.1736  -68.2609  65.9409  -61.4011  58.3199  -54.0963  52.2862  -50.2237  51.0479  -51.6675  54.7962  -56.9253  60.7  -62.4794  65.1037  -64.8549  64.6567  -60.3402  55.0155  -43.7163  30.1506  -7.30524  -19.7905  
25.7183  10.5365  -35.009  54.1388  -64.6347  72.5309  -74.9933  76.6014  -74.5168  72.5406  -67.6779  63.6647  -57.8541  54.1066  -50.0087  49.0881  -48.5602  51.2631  -53.7239  58.4119  -61.5205  65.7425  -67.3761  69.4349  -68.1199  66.2575  -59.2478  49.9193  -32.2939  9.80799  23.8419  
-26.2172  -9.78283  39.5204  -57.4707  70.584  -76.4857  80.5692  -80.273  79.6353  -75.4806  71.4826  -64.7403  59.291  -52.8292  49.3802  -46.6008  47.7395  -49.6049  54.601  -58.767  64.4718  -67.7336  71.4943  -72.1016  72.7333  -69.3362  64.4489  -52.673  36.4459  -8.9696  -24.1081  
29.2306  11.7633  -40.6387  62.1906  -73.6762  81.6552  -84.104  85.6744  -83.2448  80.4263  -73.9254  67.7261  -59.344  53.2002  -47.3207  45.6275  -45.5076  49.6331  -54.147  61.0961  -66.1331  71.8078  -74.1838  76.5793  -75.3844  73.7032  -66.8584  56.8698  -37.2457  10.8805  26.9226  
-28.7244  -10.6225  43.6831  -63.9159  78.0688  -84.5845  89.2082  -89.3022  88.6796  -83.7316  78.2009  -69.141  61.0731  -52.0672  46.745  -43.1882  44.7816  -48.1991  55.4277  -61.9258  69.708  -74.3289  78.7896  -79.3747  79.6936  -75.9125  70.6419  -58.1341  40.0167  -9.68642  -26.2541  
30.6584  12.0892  -43.6184  67.1405  -79.9577  88.9393  -92.2835  94.5473  -92.1809  88.7128  -80.6243  72.2004  -61.1295  52.44  -44.658  42.167  -42.5679  48.3165  -55.0996  64.4786  -71.5205  78.6232  -81.5633  83.8893  -82.0723  79.6387  -72.0029  60.9655  -39.7276  11.1166  28.0646  
-29.3219  -10.6246  45.4673  -67.5772  83.2244  -91.0254  96.7953  -97.6166  97.1683  -91.5331  84.5736  -73.3021  62.6901  -51.1656  43.972  -39.6678  41.7805  -46.8353  56.3447  -65.1594  74.9574  -80.8638  85.9348  -86.3401  85.9954  -81.1962  74.8305  -61.0831  41.4047  -9.63251  -26.6449  
30.3713  11.6856  -44.3715  69.5267  -83.965  94.4272  -98.951  102.001  -99.7375  95.7061  -86.2258  75.8302  -62.3278  51.2964  -41.747  38.5279  -39.4804  46.8107  -55.7405  67.3587  -76.2037  84.5736  -88.0097  90.228  -87.6794  84.1774  -75.2276  62.7927  -40.1923  10.6909  27.652  
-28.3442  -9.9632  45.1799  -68.7045  86.0069  -95.3115  102.298  -103.797  103.487  -97.2802  89.1535  -76.0632  63.3339  -49.6689  40.8613  -35.938  38.5469  -45.0811  56.5819  -67.3607  78.8395  -85.8094  91.3959  -91.6576  90.6802  -84.7566  77.028  -61.8143  40.941  -8.98216  -25.6232  
28.6652  10.7165  -43.1296  69.362  -85.3521  97.3279  -102.947  106.641  -104.431  99.9529  -89.4201  77.5525  -62.2056  49.3686  -38.4398  34.6562  -36.1051  44.7332  -55.3691  68.7217  -78.9345  88.2765  -92.1148  94.2732  -91.115  86.5903  -76.2395  62.4033  -38.8892  9.76427  25.9821  
-26.0655  -8.80263  42.986  -67.1829  85.887  -96.5444  104.563  -106.561  106.32  -99.69  90.7755  -76.4751  62.347  -47.2322  37.303  -31.9798  34.9756  -42.6046  55.5081  -67.6221  80.2441  -87.9467  93.9235  -94.1106  92.656  -85.7524  76.7533  -60.246  38.8022  -7.89314  -23.4583  
25.7992  9.33985  -40.0382  66.4579  -83.5249  96.724  -103.18  107.317  -105.107  100.341  -89.1957  76.5411  -60.1973  46.3654  -34.6624  30.5566  -32.3695  41.8008  -53.4389  67.7746  -78.7478  88.6748  -92.7811  94.9345  -91.3432  86.0108  -74.4862  59.6345  -35.968  8.48512  23.3028  
-22.7492  -7.3049  39.0281  -62.8264  82.2712  -93.8448  102.585  -104.878  104.665  -97.809  88.5886  -73.851  59.2634  -43.6297  33.2524  -27.8193  31.0206  -39.182  52.668  -65.2802  78.3558  -86.3664  92.5645  -92.718  90.9671  -83.3472  73.4461  -56.2085  35.1266  -6.51497  -20.3955  
22.046  7.71634  -35.2725  60.6727  -77.9547  91.8155  -98.7368  103.12  -100.894  96.0804  -84.8669  72.2619  -55.9572  42.1273  -30.4035  26.269  -28.2579  37.8485  -49.605  63.9946  -74.9807  85.0098  -89.1758  91.3405  -87.4894  81.6726  -69.4622  54.3501  -31.591  6.99902  19.8624  
-18.6897  -5.63513  33.5285  -55.5913  74.7455  -86.5286  95.5703  -97.9506  97.7981  -91.0094  82.0925  -67.8322  53.8658  -38.7831  28.7264  -23.5109  26.6903  -34.722  47.8333  -59.9729  72.6818  -80.4577  86.6187  -86.7103  84.8457  -76.8793  66.7029  -49.6502  30.1135  -4.99581  -16.6989  
17.7214  6.00942  -29.1265  52.096  -68.4  82.0896  -88.9746  93.4088  -91.2325  86.7424  -76.1457  64.5503  -49.4219  36.6533  -25.714  21.8553  -23.8089  32.8546  -43.7798  57.1972  -67.3337  76.8519  -80.7454  82.8632  -78.9228  73.0696  -60.9195  46.616  -26.0184  5.45105  15.9409  
-14.2296  -3.95706  26.8606  -45.7452  63.2988  -74.3252  83.1056  -85.3578  85.3942  -79.1135  71.2539  -58.4858  46.2451  -32.7853  23.8005  -19.1256  22.0452  -29.2888  41.0569  -51.7276  63.1539  -70.0174  75.745  -75.6561  73.8702  -66.063  56.4845  -40.7968  24.0921  -3.48017  -12.6709  
13.1904  4.37587  -22.0677  41.2047  -55.1514  67.6088  -73.816  78.0928  -76.13  72.4819  -63.3172  53.7208  -40.8657  30.1156  -20.7001  17.3876  -19.1107  26.9547  -36.185  47.6337  -56.0283  64.2991  -67.4508  69.3718  -65.5285  60.2206  -49.0941  36.846  -19.6624  3.9787  11.8591  
-9.75509  -2.41949  19.5873  -34.0118  48.59  -57.7453  65.5835  -67.4863  67.9221  -62.7186  56.7199  -46.4219  36.8369  -25.9016  18.5984  -14.7389  17.1881  -23.1036  32.7062  -41.0661  50.3215  -55.5466  60.3237  -59.8618  58.3553  -51.3277  43.3619  -30.2848  17.5586  -2.09822  -8.6505  
8.85219  2.94956  -14.7583  28.9919  -39.3147  49.4448  -54.2897  58.1945  -56.6794  54.4175  -47.4723  40.6499  -30.9073  22.8382  -15.506  12.9359  -14.285  20.4231  -27.3569  36.0671  -42.0193  48.3248  -50.2416  51.7517  -48.2023  44.066  -34.9629  25.9192  -13.108  2.69857  7.96743  
-5.67512  -1.14013  12.4648  -21.6788  32.2269  -38.5511  44.8049  -46.179  47.1902  -43.5811  39.9808  -32.8139  26.3698  -18.5194  13.2647  -10.4152  12.2405  -16.5005  23.4172  -29.0254  35.4995  -38.6008  41.9525  -40.9607  39.8985  -34.2415  28.7664  -19.2591  11.1819  -0.952311  -4.99706  
5.11774  1.82613  -8.0487  17.0396  -23.0587  30.1053  -33.1126  36.4109  -35.5193  34.8375  -30.5269  26.6597  -20.382  15.2149  -10.2761  8.55061  -9.4534  13.5995  -18.0331  23.6672  -27.0142  30.963  -31.4737  32.408  -29.3751  26.8471  -20.465  15.2441  -7.10856  1.69318  4.62709  
-2.4214  -0.218202  6.3914  -10.6373  16.8581  -20.0424  24.2531  -25.02  26.3798  -24.4914  23.0734  -19.0969  15.6442  -11.0275  7.92318  -6.18916  7.30494  -9.81784  13.8955  -16.8858  20.5005  -21.6798  23.4715  -22.1691  21.6159  -17.7652  15.0633  -9.40809  5.75541  -0.130938  -2.09305  
2.27593  0.964461  -2.96996  7.23891  -9.47155  13.156  -14.3874  16.5192  -16.1805  16.4113  -14.5094  12.9896  -10.012  7.56514  -5.10501  4.2474  -4.69252  6.76049  -8.85462  11.5362  -12.8323  14.596  -14.3218  14.7164  -12.7375  11.7467  -8.37277  6.49447  -2.58902  0.913456  2.08095  
-0.501211  0.0940418  1.8798  -2.82458  4.90437  -5.70923  7.27977  -7.50371  8.20946  -7.67415  7.42254  -6.1948  5.1556  -3.64887  2.63148  -2.05122  2.42519  -3.24728  4.57996  -5.47546  6.59764  -6.78778  7.30934  -6.63831  6.49505  -5.04517  4.39142  -2.48015  1.70506  0.117051  -0.412285  
0  0  0  0  0  0  0  0  0  0  0  0  0  0  0  0  0  0  0  0  0  0  0  0  0  0  0  0  0  0  0  
