1  1  1  1  1  1  1  1  1  1  1  1  1  1  1  1  1  1  1  1  1  1  1  1  1  1  1  1  1  1  1  
5.64812e+10  2.22331e+10  -8.05115e+10  1.26076e+11  -1.64782e+11  1.98876e+11  -2.28662e+11  2.54053e+11  -2.75076e+11  2.91928e+11  -3.04944e+11  3.14562e+11  -3.21269e+11  3.25544e+11  -3.27793e+11  3.28289e+11  -3.2714e+11  3.24267e+11  -3.19421e+11  3.12222e+11  -3.02213e+11  2.88923e+11  -2.71928e+11  2.50898e+11  -2.25639e+11  1.96118e+11  -1.62413e+11  1.24214e+11  -7.93007e+10  2.18956e+10  5.56277e+10  
-1.10255e+11  -4.34142e+10  1.5711e+11  -2.44343e+11  3.15781e+11  -3.75521e+11  4.24237e+11  -4.62166e+11  4.90014e+11  -5.08961e+11  5.20526e+11  -5.26432e+11  5.28463e+11  -5.28296e+11  5.27314e+11  -5.26442e+11  5.26021e+11  -5.25763e+11  5.24798e+11  -5.21789e+11  5.15104e+11  -5.02993e+11  4.83758e+11  -4.55896e+11  4.18228e+11  -3.70037e+11  3.11069e+11  -2.40641e+11  1.54704e+11  -4.2746e+10  -1.08563e+11  
1.59105e+11  6.26587e+10  -2.2668e+11  3.4913e+11  -4.44079e+11  5.17394e+11  -5.70845e+11  6.06071e+11  -6.25523e+11  6.32205e+11  -6.2939e+11  6.20469e+11  -6.08808e+11  5.97528e+11  -5.89213e+11  5.85592e+11  -5.873e+11  5.93782e+11  -6.03383e+11  6.13591e+11  -6.21351e+11  6.23351e+11  -6.16237e+11  5.9676e+11  -5.61918e+11  5.09245e+11  -4.37076e+11  3.43629e+11  -2.23112e+11  6.16728e+10  1.56601e+11  
-2.01586e+11  -7.93535e+10  2.87343e+11  -4.37877e+11  5.47368e+11  -6.24155e+11  6.72557e+11  -6.96908e+11  7.0203e+11  -6.92664e+11  6.73307e+11  -6.48387e+11  6.22355e+11  -5.99517e+11  5.83585e+11  -5.77124e+11  5.81081e+11  -5.94609e+11  6.15242e+11  -6.39361e+11  6.62749e+11  -6.81026e+11  6.89818e+11  -6.84657e+11  6.60808e+11  -6.13429e+11  5.38152e+11  -4.30642e+11  2.8266e+11  -7.80693e+10  -1.98312e+11  
2.37045e+11  9.31758e+10  -3.38433e+11  5.10746e+11  -6.28369e+11  7.03269e+11  -7.43704e+11  7.57236e+11  -7.50521e+11  7.28865e+11  -6.96801e+11  6.58988e+11  -6.20652e+11  5.87374e+11  -5.643e+11  5.55127e+11  -5.61238e+11  5.81368e+11  -6.11938e+11  6.47919e+11  -6.83841e+11  7.14567e+11  -7.3551e+11  7.42174e+11  -7.29257e+11  6.9008e+11  -6.17039e+11  5.01861e+11  -3.32696e+11  9.16179e+10  2.33056e+11  
-2.6545e+11  -1.04046e+11  3.80166e+11  -5.69508e+11  6.91953e+11  -7.64013e+11  7.9841e+11  -8.05324e+11  7.91843e+11  -7.62449e+11  7.20871e+11  -6.71792e+11  6.21497e+11  -5.77381e+11  5.46624e+11  -5.34514e+11  5.43042e+11  -5.70349e+11  6.11283e+11  -6.58802e+11  7.05643e+11  -7.45638e+11  7.74185e+11  -7.87602e+11  7.81412e+11  -7.48499e+11  6.78632e+11  -5.59073e+11  3.73452e+11  -1.02244e+11  -2.6081e+11  
2.87153e+11  1.12053e+11  -4.13244e+11  6.16445e+11  -7.42886e+11  8.13796e+11  -8.45901e+11  8.5073e+11  -8.34442e+11  7.99902e+11  -7.49897e+11  6.89417e+11  -6.26252e+11  5.70122e+11  -5.3073e+11  5.15334e+11  -5.26673e+11  5.62149e+11  -6.14654e+11  6.74645e+11  -7.3256e+11  7.80744e+11  -8.1431e+11  8.30522e+11  -8.26523e+11  7.96115e+11  -7.27714e+11  6.0458e+11  -4.05641e+11  1.10042e+11  2.81937e+11  
-3.02691e+11  -1.17387e+11  4.38524e+11  -6.5364e+11  7.84737e+11  -8.57148e+11  8.90535e+11  -8.96543e+11  8.7965e+11  -8.41001e+11  7.82693e+11  -7.10317e+11  6.33425e+11  -5.64326e+11  5.15553e+11  -4.96601e+11  5.11069e+11  -5.55505e+11  6.20573e+11  -6.93921e+11  7.63423e+11  -8.19687e+11  8.57242e+11  -8.74051e+11  8.68971e+11  -8.37483e+11  7.67877e+11  -6.40482e+11  4.30133e+11  -1.15204e+11  -2.96983e+11  
3.12645e+11  1.2028e+11  -4.56814e+11  6.82664e+11  -8.1969e+11  8.9616e+11  -9.33452e+11  9.42517e+11  -9.26013e+11  8.8364e+11  -8.17074e+11  7.32618e+11  -6.41621e+11  5.59063e+11  -5.00484e+11  4.77824e+11  -4.95629e+11  5.49497e+11  -6.2766e+11  7.14775e+11  -7.96071e+11  8.60387e+11  -9.01556e+11  9.17966e+11  -9.09922e+11  8.74715e+11  -8.01324e+11  6.68366e+11  -4.47747e+11  1.17965e+11  3.06536e+11  
-3.17567e+11  -1.20979e+11  4.68785e+11  -7.04515e+11  8.48762e+11  -9.31282e+11  9.74079e+11  -9.87059e+11  9.71304e+11  -9.25426e+11  8.50854e+11  -7.54567e+11  6.49607e+11  -5.53584e+11  4.85115e+11  -4.58714e+11  4.79946e+11  -5.43387e+11  6.34695e+11  -7.35471e+11  8.28341e+11  -9.00475e+11  9.45047e+11  -9.60703e+11  9.48827e+11  -9.08282e+11  8.2909e+11  -6.89244e+11  4.59163e+11  -1.18574e+11  -3.11153e+11  
3.17947e+11  1.19725e+11  -4.74942e+11  7.19701e+11  -8.72136e+11  9.62008e+11  -1.01108e+12  1.02819e+12  -1.01323e+12  9.64078e+11  -8.81993e+11  7.74533e+11  -6.56253e+11  5.47242e+11  -4.69147e+11  4.39104e+11  -4.63727e+11  5.36534e+11  -6.40561e+11  7.54396e+11  -8.58212e+11  9.37693e+11  -9.85452e+11  1.0003e+12  -9.84376e+11  9.377e+11  -8.51378e+11  7.03641e+11  -4.64896e+11  1.17271e+11  3.11327e+11  
-3.14213e+11  -1.16747e+11  4.75649e+11  -7.28362e+11  8.89463e+11  -9.87342e+11  1.04287e+12  -1.06394e+12  1.04968e+12  -9.97519e+11  9.08625e+11  -7.9101e+11  6.60519e+11  -5.39466e+11  4.52357e+11  -4.18898e+11  4.46752e+11  -5.28373e+11  6.44229e+11  -7.70061e+11  8.83841e+11  -9.69989e+11  1.02068e+12  -1.03482e+12  1.015e+12  -9.61995e+11  8.67855e+11  -7.11709e+11  4.65314e+11  -1.14288e+11  -3.07488e+11  
3.06746e+11  1.12269e+11  -4.71163e+11  7.30393e+11  -9.00086e+11  1.00608e+12  -1.06784e+12  1.09248e+12  -1.07876e+12  1.02391e+12  -9.29078e+11  8.02636e+11  -6.6146e+11  5.29751e+11  -4.34577e+11  3.98053e+11  -4.28854e+11  5.18406e+11  -6.44763e+11  7.81115e+11  -9.03572e+11  9.95543e+11  -1.04886e+12  1.06246e+12  -1.03911e+12  9.79978e+11  -8.77882e+11  7.13354e+11  -4.6068e+11  1.09843e+11  3.00017e+11  
-2.95898e+11  -1.06503e+11  4.6168e+11  -7.25557e+11  9.03204e+11  -1.01696e+12  1.08447e+12  -1.11219e+12  1.09882e+12  -1.04164e+12  9.41884e+11  -8.08203e+11  6.58241e+11  -5.17664e+11  4.15684e+11  -3.76565e+11  4.0991e+11  -5.06201e+11  6.41334e+11  -7.86364e+11  9.15954e+11  -1.01277e+12  1.06836e+12  -1.0816e+12  1.05521e+12  -9.90404e+11  8.80669e+11  -7.08348e+11  4.51194e+11  -1.04149e+11  -2.89263e+11  
2.82011e+11  9.96633e+10  -4.47379e+11  7.13569e+11  -8.97978e+11  1.01874e+12  -1.09133e+12  1.1216e+12  -1.10842e+12  1.04934e+12  -9.45785e+11  8.0668e+11  -6.50153e+11  5.02848e+11  -3.95598e+11  3.54457e+11  -3.89842e+11  4.91404e+11  -6.33241e+11  7.84787e+11  -9.19741e+11  1.02029e+12  -1.07776e+12  1.09081e+12  -1.06189e+12  9.92055e+11  -8.75391e+11  6.96415e+11  -4.37033e+11  9.74142e+10  2.75563e+11  
-2.65435e+11  -9.19619e+10  4.28457e+11  -6.9418e+11  8.8362e+11  -1.01028e+12  1.08714e+12  -1.11942e+12  1.10631e+12  -1.04581e+12  9.39735e+11  -7.97228e+11  6.36633e+11  -4.85032e+11  3.74278e+11  -3.31777e+11  3.68608e+11  -4.73744e+11  6.19919e+11  -7.75549e+11  9.13898e+11  -1.01696e+12  1.07582e+12  -1.0888e+12  1.05787e+12  -9.83788e+11  8.61268e+11  -6.77306e+11  4.18392e+11  -8.98482e+10  -2.59262e+11  
2.4654e+11  8.36142e+10  -4.05163e+11  6.67231e+11  -8.59456e+11  9.90541e+11  -1.07072e+12  1.10449e+12  -1.0914e+12  1.0301e+12  -9.22916e+11  7.79224e+11  -6.17281e+11  4.64045e+11  -3.51726e+11  3.08592e+11  -3.46207e+11  4.53046e+11  -6.00971e+11  7.58028e+11  -8.97611e+11  1.00181e+12  -1.06147e+12  1.07442e+12  -1.04199e+12  9.64581e+11  -8.37632e+11  6.50865e+11  -3.95515e+11  8.16608e+10  2.40719e+11  
-2.25725e+11  -7.48372e+10  3.77826e+11  -6.32719e+11  8.25e+11  -9.58669e+11  1.04105e+12  -1.0758e+12  1.06279e+12  -1.00146e+12  8.94763e+11  -7.52283e+11  5.91885e+11  -4.39819e+11  3.27983e+11  -2.84982e+11  3.22677e+11  -4.29238e+11  5.76177e+11  -7.31839e+11  8.70315e+11  -9.74087e+11  1.03381e+12  -1.04667e+12  1.01324e+12  -9.33586e+11  8.03999e+11  -6.17084e+11  3.68722e+11  -7.30633e+10  -2.20325e+11  
2.03421e+11  6.58473e+10  -3.46874e+11  5.90847e+11  -7.80027e+11  9.14071e+11  -9.97368e+11  1.03256e+12  -1.01983e+12  9.59423e+11  -8.55009e+11  7.16303e+11  -5.6044e+11  4.12402e+11  -3.03129e+11  2.61042e+11  -2.98094e+11  4.02359e+11  -5.45521e+11  6.96867e+11  -8.31736e+11  9.33329e+11  -9.9218e+11  1.00476e+12  -9.70846e+11  8.90209e+11  -7.60138e+11  5.76155e+11  -3.38429e+11  6.42663e+10  1.98498e+11  
-1.80093e+11  -5.68565e+10  3.12853e+11  -5.42074e+11  7.2466e+11  -8.5652e+11  9.39227e+11  -9.74314e+11  9.62183e+11  -9.03881e+11  8.03757e+11  -6.71498e+11  5.23164e+11  -3.8196e+11  2.77282e+11  -2.36871e+11  2.72571e+11  -3.72566e+11  5.09211e+11  -6.53314e+11  7.81965e+11  -8.79422e+11  9.36249e+11  -9.48235e+11  9.1437e+11  -8.34214e+11  7.06161e+11  -5.28522e+11  3.05167e+11  -5.54757e+10  -1.7569e+11  
1.56235e+11  4.80673e+10  -2.76435e+11  4.87162e+11  -6.59462e+11  7.86296e+11  -8.66717e+11  9.01133e+11  -8.90057e+11  8.35237e+11  -7.41565e+11  6.18447e+11  -4.80515e+11  3.48775e+11  -2.50594e+11  2.12573e+11  -2.46253e+11  3.40128e+11  -4.67685e+11  6.01735e+11  -7.21534e+11  8.12742e+11  -8.66195e+11  8.77141e+11  -8.43878e+11  7.65864e+11  -6.4261e+11  4.74925e+11  -2.69589e+11  4.68879e+10  1.5238e+11  
-1.32363e+11  -3.96665e+10  2.38423e+11  -4.27219e+11  5.8554e+11  -7.04346e+11  7.80643e+11  -8.13805e+11  8.04353e+11  -7.54539e+11  6.69532e+11  -5.5812e+11  4.33187e+11  -3.13237e+11  2.23242e+11  -1.88251e+11  2.19311e+11  -3.05421e+11  4.21611e+11  -5.43066e+11  6.51507e+11  -7.34304e+11  7.82889e+11  -7.92239e+11  7.60148e+11  -6.86075e+11  5.70561e+11  -4.1644e+11  2.32474e+11  -3.86844e+10  -1.29071e+11  
1.0901e+11  3.18203e+10  -1.99747e+11  3.63732e+11  -5.04635e+11  6.12451e+11  -6.82761e+11  7.141e+11  -7.06896e+11  6.6363e+11  -5.89356e+11  4.91878e+11  -3.82085e+11  2.75824e+11  -1.95417e+11  1.63999e+11  -1.9193e+11  2.68905e+11  -3.7187e+11  4.78633e+11  -5.73533e+11  6.45894e+11  -6.88105e+11  6.95245e+11  -6.64885e+11  5.96581e+11  -4.91706e+11  3.54516e+11  -1.9473e+11  3.10258e+10  1.06278e+11  
-8.67137e+10  -2.46691e+10  1.61465e+11  -2.98583e+11  4.19204e+11  -5.13381e+11  5.75978e+11  -6.04971e+11  6.00597e+11  -5.65216e+11  5.03332e+11  -4.21427e+11  3.28277e+11  -2.37066e+11  1.67316e+11  -1.39901e+11  1.64296e+11  -2.31094e+11  3.19497e+11  -4.10094e+11  4.89847e+11  -5.50149e+11  5.84677e+11  -5.89039e+11  5.60924e+11  -5.00079e+11  4.08442e+11  -2.90985e+11  1.57383e+11  -2.40485e+10  -8.45257e+10  
6.60175e+10  1.8327e+10  -1.24745e+11  2.34063e+11  -3.3247e+11  4.10991e+11  -4.64482e+11  4.90657e+11  -4.89466e+11  4.62798e+11  -4.1422e+11  3.48683e+11  -2.72896e+11  1.97501e+11  -1.39117e+11  1.16016e+11  -1.36584e+11  1.92508e+11  -2.65594e+11  3.39314e+11  -4.03138e+11  4.50481e+11  -4.76513e+11  4.77753e+11  -4.52349e+11  4.00333e+11  -3.23912e+11  2.28079e+11  -1.21572e+11  1.78625e+10  6.43407e+10  
-4.74642e+10  -1.28831e+10  9.08605e+10  -1.72839e+11  2.48377e+11  -3.10155e+11  3.53608e+11  -3.76457e+11  3.78305e+11  -3.60324e+11  3.24936e+11  -2.75552e+11  2.17015e+11  -1.57615e+11  1.10969e+11  -9.23823e+10  1.08935e+11  -1.5362e+11  2.11207e+11  -2.68152e+11  3.16249e+11  -3.50743e+11  3.68301e+11  -3.66558e+11  3.44365e+11  -3.02097e+11  2.41963e+11  -1.68399e+11  8.85355e+10  -1.25543e+10  -4.62509e+10  
3.15642e+10  8.39932e+09  -6.10952e+10  1.17731e+11  -1.71206e+11  2.16199e+11  -2.49116e+11  2.67914e+11  -2.71898e+11  2.615e+11  -2.38047e+11  2.03623e+11  -1.61497e+11  1.17788e+11  -8.29725e+10  6.90045e+10  -8.14436e+10  1.14796e+11  -1.57173e+11  1.98155e+11  -2.31685e+11  2.54547e+11  -2.64706e+11  2.60864e+11  -2.42594e+11  2.10568e+11  -1.66768e+11  1.14692e+11  -5.95224e+10  8.18352e+09  3.07522e+10  
-1.8634e+10  -4.87889e+09  3.63864e+10  -7.09516e+10  1.04401e+11  -1.33409e+11  1.55534e+11  -1.69203e+11  1.73639e+11  -1.68773e+11  1.55139e+11  -1.33831e+11  1.06846e+11  -7.82405e+10  5.51674e+10  -4.58565e+10  5.41473e+10  -7.62506e+10  1.03984e+11  -1.30237e+11  1.50992e+11  -1.64284e+11  1.69042e+11  -1.64745e+11  1.51454e+11  -1.29924e+11  1.01684e+11  -6.91106e+10  3.54444e+10  -4.75276e+09  -1.81518e+10  
8.45974e+09  2.19047e+09  -1.66173e+10  3.27003e+10  -4.85827e+10  6.27052e+10  -7.38425e+10  8.11229e+10  -8.40271e+10  8.23736e+10  -7.62933e+10  6.62301e+10  -5.31274e+10  3.90162e+10  -2.75336e+10  2.28817e+10  -2.70235e+10  3.80231e+10  -5.17039e+10  6.44512e+10  -7.42533e+10  8.01817e+10  -8.18011e+10  7.89828e+10  -7.1902e+10  6.1063e+10  -4.73142e+10  3.18485e+10  -1.61852e+10  2.13357e+09  8.23983e+09  
0  0  0  0  0  0  0  0  0  0  0  0  0  0  0  0  0  0  0  0  0  0  0  0  0  0  0  0  0  0  0  
