1  1  1  1  1  1  1  1  1  1  1  1  1  1  1  1  1  1  1  1  1  1  1  1  1  1  1  1  1  1  1  
-1.68629e+17  -6.63772e+16  2.40379e+17  -3.76451e+17  4.92082e+17  -5.93989e+17  6.83089e+17  -7.59128e+17  8.22196e+17  -8.72877e+17  9.12174e+17  -9.41385e+17  9.6196e+17  -9.75312e+17  9.82634e+17  -9.84728e+17  9.81885e+17  -9.73846e+17  9.5984e+17  -9.38701e+17  9.09041e+17  -8.6943e+17  8.18584e+17  -7.5551e+17  6.79621e+17  -5.90825e+17  4.89363e+17  -3.74314e+17  2.3899e+17  -6.59901e+16  -1.6765e+17  
3.29152e+17  1.29605e+17  -4.69034e+17  7.29497e+17  -9.42846e+17  1.12133e+18  -1.26697e+18  1.38049e+18  -1.46404e+18  1.52114e+18  -1.55633e+18  1.57477e+18  -1.58177e+18  1.58232e+18  -1.58052e+18  1.5791e+18  -1.57904e+18  1.57941e+18  -1.57757e+18  1.56945e+18  -1.55011e+18  1.51429e+18  -1.45686e+18  1.3733e+18  -1.26007e+18  1.11503e+18  -9.3744e+17  7.25249e+17  -4.66275e+17  1.28839e+17  3.2721e+17  
-4.74928e+17  -1.87036e+17  6.76638e+17  -1.04215e+18  1.32556e+18  -1.54441e+18  1.70402e+18  -1.80933e+18  1.8677e+18  -1.88815e+18  1.88046e+18  -1.85477e+18  1.82114e+18  -1.78886e+18  1.76562e+18  -1.75653e+18  1.76342e+18  -1.78456e+18  1.81492e+18  -1.84688e+18  1.87123e+18  -1.87799e+18  1.85705e+18  -1.79865e+18  1.69378e+18  -1.53506e+18  1.31753e+18  -1.03584e+18  6.72545e+17  -1.85905e+17  -4.72055e+17  
6.0164e+17  2.36837e+17  -8.57569e+17  1.30674e+18  -1.63334e+18  1.86226e+18  -2.0065e+18  2.07908e+18  -2.09448e+18  2.06692e+18  -2.00986e+18  1.93653e+18  -1.86021e+18  1.79375e+18  -1.74819e+18  1.73113e+18  -1.74532e+18  1.78812e+18  -1.85205e+18  1.92617e+18  -1.99774e+18  2.05357e+18  -2.08047e+18  2.06503e+18  -1.99303e+18  1.84996e+18  -1.62276e+18  1.29844e+18  -8.52196e+17  2.35364e+17  5.97884e+17  
-7.0734e+17  -2.78045e+17  1.00984e+18  -1.52379e+18  1.87435e+18  -2.09729e+18  2.21741e+18  -2.25744e+18  2.23734e+18  -2.17304e+18  2.0781e+18  -1.96643e+18  1.85362e+18  -1.75631e+18  1.68982e+18  -1.66515e+18  1.68631e+18  -1.74942e+18  1.84363e+18  -1.95373e+18  2.06324e+18  -2.15664e+18  2.22012e+18  -2.24016e+18  2.20084e+18  -2.08216e+18  1.86135e+18  -1.5136e+18  1.00326e+18  -2.76258e+17  -7.02763e+17  
7.91939e+17  3.10425e+17  -1.13412e+18  1.69862e+18  -2.06323e+18  2.27735e+18  -2.37915e+18  2.39922e+18  -2.35884e+18  2.27145e+18  -2.1482e+18  2.00306e+18  -1.85477e+18  1.72539e+18  -1.63632e+18  1.60331e+18  -1.63221e+18  1.71732e+18  -1.84305e+18  1.98816e+18  -2.13073e+18  2.25217e+18  -2.33858e+18  2.37888e+18  -2.35965e+18  2.25955e+18  -2.04794e+18  1.68665e+18  -1.12642e+18  3.08358e+17  7.86616e+17  
-8.56505e+17  -3.3425e+17  1.23252e+18  -1.83808e+18  2.21429e+18  -2.42467e+18  2.5194e+18  -2.53311e+18  2.48433e+18  -2.38162e+18  2.23331e+18  -2.05428e+18  1.86775e+18  -1.70274e+18  1.58821e+18  -1.54578e+18  1.58355e+18  -1.69359e+18  1.85444e+18  -2.03733e+18  2.21343e+18  -2.35964e+18  2.46123e+18  -2.50993e+18  2.49717e+18  -2.40438e+18  2.19688e+18  -1.82447e+18  1.22379e+18  -3.31943e+17  -8.50522e+17  
9.02657e+17  3.5009e+17  -1.30761e+18  1.94846e+18  -2.33826e+18  2.55287e+18  -2.65125e+18  2.66842e+18  -2.61782e+18  2.5029e+18  -2.3299e+18  2.11546e+18  -1.8881e+18  1.68457e+18  -1.54229e+18  1.48959e+18  -1.53714e+18  1.67445e+18  -1.87336e+18  2.09665e+18  -2.30779e+18  2.47845e+18  -2.59212e+18  2.64261e+18  -2.62652e+18  2.53031e+18  -2.31892e+18  1.93336e+18  -1.29799e+18  3.47585e+17  8.96109e+17  
-9.32145e+17  -3.58646e+17  1.36185e+18  -2.03446e+18  2.44171e+18  -2.66824e+18  2.77817e+18  -2.80441e+18  2.75499e+18  -2.62901e+18  2.43142e+18  -2.18102e+18  1.91166e+18  -1.66809e+18  1.49674e+18  -1.43327e+18  1.49117e+18  -1.65712e+18  1.89564e+18  -2.16055e+18  2.40733e+18  -2.60233e+18  2.72694e+18  -2.77625e+18  2.75117e+18  -2.64364e+18  2.42064e+18  -2.01806e+18  1.35145e+18  -3.5599e+17  -9.25137e+17  
9.46626e+17  3.60659e+17  -1.39724e+18  2.0991e+18  -2.5277e+18  2.77215e+18  -2.89844e+18  2.93635e+18  -2.88918e+18  2.75278e+18  -2.53135e+18  2.24569e+18  -1.93473e+18  1.65107e+18  -1.45035e+18  1.37595e+18  -1.44442e+18  1.63937e+18  -1.91763e+18  2.22379e+18  -2.50552e+18  2.72415e+18  -2.85906e+18  2.90611e+18  -2.86947e+18  2.74576e+18  -2.50514e+18  2.08158e+18  -1.38621e+18  3.57899e+17  9.39268e+17  
-9.47575e+17  -3.56851e+17  1.41532e+18  -2.14392e+18  2.59681e+18  -2.8631e+18  3.00808e+18  -3.05831e+18  3.01354e+18  -2.86739e+18  2.62358e+18  -2.30462e+18  1.95395e+18  -1.63158e+18  1.40222e+18  -1.31713e+18  1.396e+18  -1.61929e+18  1.93595e+18  -2.28152e+18  2.5963e+18  -2.83712e+18  2.98167e+18  -3.02632e+18  2.97744e+18  -2.83522e+18  2.573e+18  -2.1255e+18  1.4038e+18  -3.54036e+17  -9.3998e+17  
9.36277e+17  3.47915e+17  -1.41717e+18  2.16935e+18  -2.648e+18  2.93813e+18  -3.10236e+18  3.16439e+18  -3.12173e+18  2.96664e+18  -2.70253e+18  2.35329e+18  -1.96619e+18  1.6079e+18  -1.35169e+18  1.25652e+18  -1.34526e+18  1.59517e+18  -1.9475e+18  2.32926e+18  -2.6741e+18  2.93505e+18  -3.08846e+18  3.13099e+18  -3.07038e+18  2.90905e+18  -2.62321e+18  2.15025e+18  -1.40532e+18  3.45093e+17  9.28563e+17  
-9.13875e+17  -3.34512e+17  1.40358e+18  -2.17509e+18  2.67931e+18  -2.99364e+18  3.17647e+18  -3.24917e+18  3.20812e+18  -3.04502e+18  2.76322e+18  -2.38763e+18  1.96863e+18  -1.57852e+18  1.29825e+18  -1.19399e+18  1.29168e+18  -1.56551e+18  1.94948e+18  -2.36295e+18  2.73396e+18  -3.01248e+18  3.17382e+18  -3.21473e+18  3.14351e+18  -2.96369e+18  2.65384e+18  -2.15554e+18  1.39155e+18  -3.31728e+17  -9.06156e+17  
8.81422e+17  3.17284e+17  -1.37513e+18  2.16042e+18  -2.68836e+18  3.02585e+18  -3.22584e+18  3.30776e+18  -3.26777e+18  3.09774e+18  -2.80124e+18  2.40404e+18  -1.95878e+18  1.54216e+18  -1.24153e+18  1.12953e+18  -1.2349e+18  1.529e+18  -1.93939e+18  2.37899e+18  -2.77149e+18  3.06462e+18  -3.23283e+18  3.27267e+18  -3.19228e+18  2.99539e+18  -2.6625e+18  2.14068e+18  -1.3631e+18  3.14582e+17  8.73811e+17  
-8.39941e+17  -2.96864e+17  1.33236e+18  -2.12452e+18  2.67263e+18  -3.03108e+18  3.24626e+18  -3.33581e+18  3.29639e+18  -3.12066e+18  2.81283e+18  -2.39942e+18  1.93452e+18  -1.49773e+18  1.18129e+18  -1.06322e+18  1.17469e+18  -1.4846e+18  1.91512e+18  -2.3743e+18  2.78295e+18  -3.08735e+18  3.26122e+18  -3.30049e+18  3.21248e+18  -3.00046e+18  2.64672e+18  -2.10484e+18  1.3205e+18  -2.94284e+17  -8.32544e+17  
7.90474e+17  2.73889e+17  -1.27587e+18  2.06662e+18  -2.62978e+18  3.00588e+18  -3.23384e+18  3.32944e+18  -3.29021e+18  3.11027e+18  -2.79488e+18  2.37127e+18  -1.89415e+18  1.44444e+18  -1.11742e+18  9.95191e+17  -1.11092e+18  1.43149e+18  -1.87497e+18  2.3464e+18  -2.76524e+18  3.07717e+18  -3.25525e+18  3.29431e+18  -3.20026e+18  2.97548e+18  -2.60414e+18  2.04726e+18  -1.26432e+18  2.71464e+17  7.83392e+17  
-7.34124e+17  -2.48998e+17  1.20638e+18  -1.98625e+18  2.55779e+18  -2.94716e+18  3.18508e+18  -3.28516e+18  3.24601e+18  -3.06367e+18  2.74492e+18  -2.31771e+18  1.83647e+18  -1.38175e+18  1.04992e+18  -9.25644e+17  1.04359e+18  -1.36913e+18  1.81776e+18  -2.29339e+18  2.71589e+18  -3.0312e+18  3.21169e+18  -3.25066e+18  3.15212e+18  -2.91738e+18  2.53275e+18  -1.96748e+18  1.19531e+18  -2.46757e+17  -7.27447e+17  
6.72077e+17  2.22837e+17  -1.12488e+18  1.88341e+18  -2.4552e+18  2.85237e+18  -3.09696e+18  3.19996e+18  -3.16109e+18  2.97861e+18  -2.66126e+18  2.23759e+18  -1.76086e+18  1.30947e+18  -9.78895e+17  8.54826e+17  -9.72808e+17  1.29733e+18  -1.74283e+18  2.21414e+18  -2.63322e+18  2.9472e+18  -3.12784e+18  3.16654e+18  -3.06505e+18  2.82359e+18  -2.43111e+18  1.86547e+18  -1.11444e+18  2.20802e+17  6.65883e+17  
-6.05617e+17  -1.9605e+17  1.03265e+18  -1.75868e+18  2.32133e+18  -2.71972e+18  2.96712e+18  -3.07148e+18  3.03344e+18  -2.85369e+18  2.54311e+18  -2.1306e+18  1.66726e+18  -1.22773e+18  9.04595e+17  -7.83015e+17  8.98818e+17  -1.21621e+18  1.65015e+18  -2.10831e+18  2.51641e+18  -2.82376e+18  3.00172e+18  -3.0396e+18  2.93669e+18  -2.69235e+18  2.29851e+18  -1.74183e+18  1.02297e+18  -1.94236e+17  -5.9997e+17  
5.36125e+17  1.69267e+17  -9.31308e+17  1.61344e+18  -2.15654e+18  2.54854e+18  -2.79426e+18  2.89837e+18  -2.86212e+18  2.68861e+18  -2.39075e+18  1.99737e+18  -1.55635e+18  1.13702e+18  -8.27366e+17  7.10511e+17  -8.21961e+17  1.12624e+18  -1.54034e+18  1.97651e+18  -2.36575e+18  2.66055e+18  -2.83237e+18  2.86846e+18  -2.76574e+18  2.52295e+18  -2.13532e+18  1.59789e+18  -9.2249e+17  1.67682e+17  5.31073e+17  
-4.65068e+17  -1.43089e+17  8.22847e+17  -1.44994e+18  1.9625e+18  -2.33963e+18  2.57863e+18  -2.68079e+18  2.64769e+18  -2.48452e+18  2.20583e+18  -1.8396e+18  1.42946e+18  -1.03817e+18  7.47656e+17  -6.37628e+17  7.42676e+17  -1.02825e+18  1.41474e+18  -1.82043e+18  2.18285e+18  -2.45872e+18  2.62032e+18  -2.65327e+18  2.55243e+18  -2.31619e+18  1.94317e+18  -1.43591e+18  8.14993e+17  -1.41736e+17  -4.60646e+17  
3.93983e+17  1.18073e+17  -7.09657e+17  1.27149e+18  -1.7425e+18  2.09582e+18  -2.32262e+18  2.4211e+18  -2.39284e+18  2.24456e+18  -1.99162e+18  1.66018e+18  -1.28866e+18  9.32339e+17  -6.6599e+17  5.64672e+17  -6.6148e+17  9.23372e+17  -1.27538e+18  1.64291e+18  -1.97094e+18  2.22134e+18  -2.36821e+18  2.39635e+18  -2.2991e+18  2.07486e+18  -1.72531e+18  1.25913e+18  -7.02834e+17  1.16946e+17  3.90206e+17  
-3.24452e+17  -9.47115e+16  5.94511e+17  -1.08251e+18  1.50172e+18  -1.82239e+18  2.03144e+18  -2.12453e+18  2.10298e+18  -1.97418e+18  1.75316e+18  -1.46316e+18  1.13663e+18  -8.20947e+17  5.82938e+17  -4.91928e+17  5.78937e+17  -8.13009e+17  1.12491e+18  -1.44796e+18  1.73501e+18  -1.95383e+18  2.08143e+18  -2.1029e+18  2.01093e+18  -1.80419e+18  1.48688e+18  -1.07193e+18  5.88755e+17  -9.38001e+16  -3.21318e+17  
2.58078e+17  7.34221e+16  -4.80545e+17  8.88585e+17  -1.24747e+18  1.5276e+18  -1.71375e+18  1.7999e+18  -1.78679e+18  1.68145e+18  -1.49729e+18  1.2536e+18  -9.7656e+17  7.05567e+17  -4.99079e+17  4.19642e+17  -4.95615e+17  6.98715e+17  -9.66487e+17  1.2406e+18  -1.48182e+18  1.66417e+18  -1.76853e+18  1.78162e+18  -1.69648e+18  1.51234e+18  -1.23512e+18  8.79868e+17  -4.75863e+17  7.271e+16  2.55568e+17  
-1.96472e+17  -5.4543e+16  3.71242e+17  -6.96548e+17  9.89342e+17  -1.22293e+18  1.38201e+18  -1.45981e+18  1.45619e+18  -1.37679e+18  1.23222e+18  -1.03722e+18  8.11808e+17  -5.87794e+17  4.14946e+17  -3.47999e+17  4.1204e+17  -5.82066e+17  8.03432e+17  -1.02647e+18  1.21951e+18  -1.36266e+18  1.44133e+18  -1.44501e+18  1.36809e+18  -1.2107e+18  9.79525e+17  -6.89684e+17  3.67603e+17  -5.40102e+16  -1.94548e+17  
1.41249e+17  3.83392e+16  -2.70389e+17  5.14332e+17  -7.39085e+17  9.22869e+17  -1.05211e+18  1.12004e+18  -1.12549e+18  1.07195e+18  -9.66625e+17  8.19686e+17  -6.45574e+17  4.69077e+17  -3.30976e+17  2.77108e+17  -3.28643e+17  4.64494e+17  -6.3891e+17  8.11196e+17  -9.56659e+17  1.06095e+18  -1.11401e+18  1.10869e+18  -1.04151e+18  9.13626e+17  -7.31726e+17  5.09239e+17  -2.67722e+17  3.7962e+16  1.39857e+17  
-9.3927e+16  -2.49945e+16  1.81803e+17  -3.50328e+17  5.09434e+17  -6.4329e+17  7.41201e+17  -7.97097e+17  8.08917e+17  -7.77948e+17  7.08148e+17  -6.05718e+17  4.80418e+17  -3.50542e+17  2.47466e+17  -2.06984e+17  2.45712e+17  -3.4711e+17  4.75457e+17  -5.99445e+17  7.00848e+17  -7.69971e+17  8.00666e+17  -7.8901e+17  7.33719e+17  -6.3683e+17  5.04343e+17  -3.46841e+17  1.79999e+17  -2.4747e+16  -9.29955e+16  
5.54475e+16  1.45178e+16  -1.08271e+17  2.1112e+17  -3.10643e+17  3.96942e+17  -4.62758e+17  5.03408e+17  -5.16585e+17  5.02088e+17  -4.61509e+17  3.98107e+17  -3.17841e+17  2.32845e+17  -1.64534e+17  1.3755e+17  -1.63364e+17  2.30562e+17  -3.14558e+17  3.93984e+17  -4.56752e+17  4.96938e+17  -5.11312e+17  4.98293e+17  -4.58078e+17  3.92944e+17  -3.07526e+17  2.09008e+17  -1.07191e+17  1.43731e+16  5.48943e+16  
-2.51719e+16  -6.51777e+15  4.94447e+16  -9.72982e+16  1.44553e+17  -1.86568e+17  2.19699e+17  -2.41352e+17  2.49984e+17  -2.45056e+17  2.26958e+17  -1.97014e+17  1.58041e+17  -1.16112e+17  8.21166e+16  -6.86353e+16  8.15314e+16  -1.14973e+17  1.56408e+17  -1.94974e+17  2.24618e+17  -2.42541e+17  2.4743e+17  -2.38897e+17  2.17473e+17  -1.84684e+17  1.43097e+17  -9.6321e+16  4.8949e+16  -6.45249e+15  -2.49197e+16  
0  0  0  0  0  0  0  0  0  0  0  0  0  0  0  0  0  0  0  0  0  0  0  0  0  0  0  0  0  0  0  
