1  1  1  1  1  1  1  1  1  1  1  1  1  1  1  1  1  1  1  1  1  1  1  1  1  1  1  1  1  1  1  
-6.70262e+17  -2.63834e+17  9.55452e+17  -1.49631e+18  1.95594e+18  -2.36102e+18  2.71521e+18  -3.01749e+18  3.26824e+18  -3.46976e+18  3.62605e+18  -3.74226e+18  3.82416e+18  -3.87735e+18  3.90658e+18  -3.91503e+18  3.90386e+18  -3.87202e+18  3.81644e+18  -3.7325e+18  3.61465e+18  -3.45722e+18  3.2551e+18  -3.00433e+18  2.70259e+18  -2.34951e+18  1.94605e+18  -1.48854e+18  9.504e+17  -2.62426e+17  -6.66701e+17  
1.3083e+18  5.15148e+17  -1.8643e+18  2.89958e+18  -3.74761e+18  4.45705e+18  -5.03598e+18  5.48728e+18  -5.81944e+18  6.04652e+18  -6.18655e+18  6.26e+18  -6.28802e+18  6.29041e+18  -6.28351e+18  6.27812e+18  -6.27811e+18  6.27984e+18  -6.27272e+18  6.24063e+18  -6.16393e+18  6.02161e+18  -5.79334e+18  5.46112e+18  -5.0109e+18  4.43416e+18  -3.72794e+18  2.88413e+18  -1.85426e+18  5.1236e+17  1.30123e+18  
-1.88771e+18  -7.43419e+17  2.68945e+18  -4.14225e+18  5.26875e+18  -6.13862e+18  6.77305e+18  -7.19165e+18  7.42373e+18  -7.50508e+18  7.47467e+18  -7.37279e+18  7.23935e+18  -7.11134e+18  7.01928e+18  -6.98352e+18  7.0113e+18  -7.09571e+18  7.21671e+18  -7.34409e+18  7.44113e+18  -7.46813e+18  7.38498e+18  -7.15279e+18  6.7358e+18  -6.10462e+18  5.23953e+18  -4.1193e+18  2.67456e+18  -7.39305e+17  -1.87726e+18  
2.39133e+18  9.41358e+17  -3.40857e+18  5.19388e+18  -6.49195e+18  7.40182e+18  -7.97508e+18  8.26353e+18  -8.32477e+18  8.2153e+18  -7.98865e+18  7.69739e+18  -7.39437e+18  7.13056e+18  -6.94988e+18  6.88253e+18  -6.93943e+18  7.11008e+18  -7.36469e+18  7.65973e+18  -7.94459e+18  8.16674e+18  -8.27381e+18  8.21241e+18  -7.92606e+18  7.35707e+18  -6.4535e+18  5.1637e+18  -3.38903e+18  9.35999e+17  2.37768e+18  
-2.81143e+18  -1.10514e+18  4.01376e+18  -6.0565e+18  7.44974e+18  -8.33576e+18  8.81309e+18  -8.97209e+18  8.89221e+18  -8.6367e+18  8.25951e+18  -7.8159e+18  7.36785e+18  -6.98149e+18  6.71773e+18  -6.62021e+18  6.70495e+18  -6.95642e+18  7.33149e+18  -7.76971e+18  8.20543e+18  -8.57704e+18  8.82957e+18  -8.90923e+18  8.75281e+18  -8.28072e+18  7.40246e+18  -6.01942e+18  3.98983e+18  -1.09863e+18  -2.79479e+18  
3.14765e+18  1.23382e+18  -4.50767e+18  6.75126e+18  -8.2003e+18  9.05115e+18  -9.4556e+18  9.53525e+18  -9.37473e+18  9.02747e+18  -8.53777e+18  7.96114e+18  -7.37211e+18  6.85834e+18  -6.50492e+18  6.37438e+18  -6.48997e+18  6.829e+18  -7.32949e+18  7.90694e+18  -8.47423e+18  8.95732e+18  -9.30105e+18  9.4613e+18  -9.38468e+18  8.98641e+18  -8.14471e+18  6.70772e+18  -4.47966e+18  1.2263e+18  3.12829e+18  
-3.40424e+18  -1.32851e+18  4.8987e+18  -7.30546e+18  8.80052e+18  -9.63644e+18  1.00127e+19  -1.00671e+19  9.87316e+18  -9.46502e+18  8.87574e+18  -8.16443e+18  7.42346e+18  -6.76813e+18  6.31353e+18  -6.14565e+18  6.2966e+18  -6.73485e+18  7.37506e+18  -8.10279e+18  8.8034e+18  -9.38508e+18  9.78915e+18  -9.98278e+18  9.93187e+18  -9.56266e+18  8.73721e+18  -7.25595e+18  4.86698e+18  -1.32011e+18  -3.38248e+18  
3.58763e+18  1.39145e+18  -5.19712e+18  7.74403e+18  -9.29308e+18  1.01457e+19  -1.05365e+19  1.06046e+19  -1.04035e+19  9.94679e+18  -9.25937e+18  8.40738e+18  -7.50413e+18  6.69572e+18  -6.13088e+18  5.92225e+18  -6.11217e+18  6.65891e+18  -7.45051e+18  8.33896e+18  -9.17896e+18  9.85786e+18  -1.031e+19  1.05107e+19  -1.04466e+19  1.00637e+19  -9.22273e+18  7.68912e+18  -5.1621e+18  1.38234e+18  3.56382e+18  
-3.70479e+18  -1.42544e+18  5.41262e+18  -8.08573e+18  9.70408e+18  -1.06041e+19  1.10407e+19  -1.11449e+19  1.09484e+19  -1.04478e+19  9.66266e+18  -8.66772e+18  7.59757e+18  -6.63007e+18  5.94974e+18  -5.69832e+18  5.92948e+18  -6.59015e+18  7.53932e+18  -8.59326e+18  9.57502e+18  -1.03507e+19  1.08464e+19  -1.10424e+19  1.09426e+19  -1.05146e+19  9.62744e+18  -8.02607e+18  5.37479e+18  -1.41578e+18  -3.6793e+18  
3.76231e+18  1.43342e+18  -5.55323e+18  8.34255e+18  -1.00457e+19  1.10169e+19  -1.15186e+19  1.16691e+19  -1.14816e+19  1.09395e+19  -1.00597e+19  8.92462e+18  -7.68913e+18  6.56228e+18  -5.76523e+18  5.47043e+18  -5.74366e+18  6.51972e+18  -7.6269e+18  8.84493e+18  -9.96571e+18  1.08354e+19  -1.1372e+19  1.15591e+19  -1.14132e+19  1.09209e+19  -9.96362e+18  8.27883e+18  -5.51308e+18  1.42339e+18  3.73554e+18  
-3.76604e+18  -1.41827e+18  5.62502e+18  -8.52059e+18  1.03203e+19  -1.13783e+19  1.19542e+19  -1.21537e+19  1.19757e+19  -1.13949e+19  1.04261e+19  -9.15868e+18  7.76537e+18  -6.48467e+18  5.57384e+18  -5.23657e+18  5.55122e+18  -6.43998e+18  7.69989e+18  -9.07466e+18  1.03269e+19  -1.12848e+19  1.18598e+19  -1.20373e+19  1.18428e+19  -1.12768e+19  1.02336e+19  -8.45358e+18  5.58309e+18  -1.40804e+18  -3.73841e+18  
3.7211e+18  1.38275e+18  -5.63232e+18  8.62158e+18  -1.05236e+19  1.16764e+19  -1.23288e+19  1.25752e+19  -1.24056e+19  1.17893e+19  -1.07398e+19  9.35204e+18  -7.81392e+18  6.39044e+18  -5.37289e+18  4.9956e+18  -5.3495e+18  6.34415e+18  -7.74595e+18  9.26462e+18  -1.06364e+19  1.16744e+19  -1.22846e+19  1.24537e+19  -1.22125e+19  1.15706e+19  -1.04334e+19  8.55209e+18  -5.5892e+18  1.37248e+18  3.69304e+18  
-3.63204e+18  -1.32946e+18  5.57825e+18  -8.64431e+18  1.0648e+19  -1.18969e+19  1.26233e+19  -1.29121e+19  1.27489e+19  -1.21007e+19  1.09809e+19  -9.48847e+18  7.82356e+18  -6.27361e+18  5.16039e+18  -4.74701e+18  5.13651e+18  -6.22626e+18  7.75389e+18  -9.39866e+18  1.08745e+19  -1.19824e+19  1.26241e+19  -1.27868e+19  1.25034e+19  -1.1788e+19  1.05553e+19  -8.57321e+18  5.53451e+18  -1.31934e+18  -3.60396e+18  
3.50303e+18  1.26098e+18  -5.46515e+18  8.58597e+18  -1.06839e+19  1.20249e+19  -1.28195e+19  1.31449e+19  -1.29859e+19  1.23103e+19  -1.1132e+19  9.55363e+18  -7.78436e+18  6.129e+18  -4.93489e+18  4.49075e+18  -4.9108e+18  6.08117e+18  -7.71381e+18  9.4625e+18  -1.10238e+19  1.21898e+19  -1.28588e+19  1.30173e+19  -1.26974e+19  1.19141e+19  -1.05898e+19  8.51416e+18  -5.42139e+18  1.25116e+18  3.47534e+18  
-3.33815e+18  -1.17982e+18  5.29515e+18  -8.44322e+18  1.06213e+19  -1.20456e+19  1.29006e+19  -1.32564e+19  1.30997e+19  -1.24013e+19  1.11781e+19  -9.53525e+18  7.68789e+18  -5.95239e+18  4.69542e+18  -4.2271e+18  4.6714e+18  -5.90463e+18  7.61731e+18  -9.4439e+18  1.10694e+19  -1.22802e+19  1.29717e+19  -1.31279e+19  1.27777e+19  -1.19343e+19  1.05271e+19  -8.37164e+18  5.25197e+18  -1.17044e+18  -3.31124e+18  
3.14153e+18  1.0885e+18  -5.07058e+18  8.21308e+18  -1.0451e+19  1.19455e+19  -1.28513e+19  1.32311e+19  -1.30752e+19  1.23601e+19  -1.11067e+19  9.42337e+18  -7.52742e+18  5.74053e+18  -4.4415e+18  3.95663e+18  -4.41784e+18  5.69343e+18  -7.45768e+18  9.3329e+18  -1.09989e+19  1.22397e+19  -1.2948e+19  1.31033e+19  -1.27291e+19  1.18349e+19  -1.03578e+19  8.14267e+18  -5.02858e+18  1.07968e+18  3.11577e+18  
-2.91757e+18  -9.89575e+17  4.7944e+18  -7.89367e+18  1.01649e+19  -1.17121e+19  1.26575e+19  -1.30551e+19  1.28995e+19  -1.21749e+19  1.09082e+19  -9.21052e+18  7.2982e+18  -5.49137e+18  4.17314e+18  -3.68013e+18  4.15011e+18  -5.44547e+18  7.23014e+18  -9.12208e+18  1.08026e+19  -1.20568e+19  1.27747e+19  -1.29297e+19  1.25376e+19  -1.16038e+19  1.00738e+19  -7.82538e+18  4.75414e+18  -9.81424e+17  -2.89328e+18  
2.67097e+18  8.856e+17  -4.4705e+18  7.48493e+18  -9.75719e+18  1.13354e+19  -1.23073e+19  1.27166e+19  -1.25621e+19  1.18369e+19  -1.05758e+19  8.89215e+18  -6.99768e+18  5.20408e+18  -3.89081e+18  3.39858e+18  -3.86867e+18  5.15993e+18  -6.93213e+18  8.80684e+18  -1.04738e+19  1.17227e+19  -1.24412e+19  1.2595e+19  -1.21913e+19  1.12308e+19  -9.66955e+18  7.41968e+18  -4.43251e+18  8.78198e+17  2.64843e+18  
-2.40683e+18  -7.79138e+17  4.10394e+18  -6.98924e+18  9.22517e+18  -1.08083e+19  1.17914e+19  -1.22061e+19  1.20548e+19  -1.13405e+19  1.01063e+19  -8.46698e+18  6.62573e+18  -4.8792e+18  3.59547e+18  -3.11307e+18  3.57446e+18  -4.83729e+18  6.56348e+18  -8.38588e+18  1.00091e+19  -1.12316e+19  1.19395e+19  -1.20901e+19  1.16807e+19  -1.07087e+19  9.14218e+18  -6.92793e+18  4.0687e+18  -7.72541e+17  -2.38629e+18  
2.13065e+18  6.72694e+17  -3.70116e+18  6.41201e+18  -8.57027e+18  1.0128e+19  -1.11045e+19  1.15182e+19  -1.13741e+19  1.06845e+19  -9.50079e+18  7.93751e+18  -6.18494e+18  4.51867e+18  -3.28849e+18  2.82482e+18  -3.26883e+18  4.47947e+18  -6.12672e+18  7.86163e+18  -9.40986e+18  1.05824e+19  -1.12658e+19  1.14093e+19  -1.10007e+19  1.00349e+19  -8.49308e+18  6.35546e+18  -3.66909e+18  6.66932e+17  2.11227e+18  
-1.84825e+18  -5.68658e+17  3.27011e+18  -5.76225e+18  7.79914e+18  -9.29782e+18  1.02476e+19  -1.06535e+19  1.05219e+19  -9.87348e+18  8.76594e+18  -7.31055e+18  5.68068e+18  -4.12582e+18  2.97165e+18  -2.53505e+18  2.95354e+18  -4.08974e+18  5.62714e+18  -7.24081e+18  8.68236e+18  -9.77961e+18  1.04224e+19  -1.05534e+19  1.01523e+19  -9.21257e+18  7.72882e+18  -5.71118e+18  3.24154e+18  -5.63737e+17  -1.83216e+18  
1.56574e+18  4.69239e+17  -2.82027e+18  5.05305e+18  -6.92483e+18  8.3289e+18  -9.23017e+18  9.62149e+18  -9.50917e+18  8.91987e+18  -7.91468e+18  6.59754e+18  -5.12113e+18  3.70523e+18  -2.64705e+18  2.245e+18  -2.63065e+18  3.67262e+18  -5.07283e+18  6.53473e+18  -7.83946e+18  8.83543e+18  -9.4196e+18  9.5315e+18  -9.14465e+18  8.25266e+18  -6.86233e+18  5.00807e+18  -2.79545e+18  4.6514e+17  1.552e+18  
-1.28941e+18  -3.76395e+17  2.36265e+18  -4.30199e+18  5.96795e+18  -7.24231e+18  8.07302e+18  -8.44296e+18  8.3573e+18  -7.84541e+18  6.96707e+18  -5.81458e+18  4.51699e+18  -3.26254e+18  2.31694e+18  -1.95579e+18  2.30239e+18  -3.23367e+18  4.47436e+18  -5.75932e+18  6.90104e+18  -7.7714e+18  8.27889e+18  -8.36428e+18  7.99843e+18  -7.17608e+18  5.914e+18  -4.26353e+18  2.34172e+18  -3.7308e+17  -1.27801e+18  
1.02563e+18  2.91788e+17  -1.90974e+18  3.53132e+18  -4.95753e+18  6.07079e+18  -6.81051e+18  7.15287e+18  -7.10075e+18  6.68212e+18  -5.95025e+18  4.98182e+18  -3.88086e+18  2.804e+18  -1.98363e+18  1.66839e+18  -1.97103e+18  2.77908e+18  -3.84422e+18  4.93453e+18  -5.89398e+18  6.61925e+18  -7.03432e+18  7.08638e+18  -6.7477e+18  6.01529e+18  -4.91262e+18  3.49961e+18  -1.89271e+18  2.89198e+17  1.0165e+18  
-7.80797e+17  -2.16759e+17  1.47535e+18  -2.76814e+18  3.93172e+18  -4.85998e+18  5.49218e+18  -5.80134e+18  5.78695e+18  -5.47138e+18  4.89685e+18  -4.12192e+18  3.22613e+18  -2.33595e+18  1.64923e+18  -1.38356e+18  1.63866e+18  -2.31512e+18  3.19566e+18  -4.08283e+18  4.85061e+18  -5.41999e+18  5.7329e+18  -5.74749e+18  5.44155e+18  -4.81551e+18  3.89601e+18  -2.74317e+18  1.46211e+18  -2.14821e+17  -7.738e+17  
5.61335e+17  1.52363e+17  -1.07455e+18  2.044e+18  -2.93717e+18  3.66754e+18  -4.18115e+18  4.45109e+18  -4.47272e+18  4.25993e+18  -3.84138e+18  3.25743e+18  -2.56552e+18  1.86416e+18  -1.31549e+18  1.10171e+18  -1.307e+18  1.84749e+18  -2.54128e+18  3.22655e+18  -3.80513e+18  4.21995e+18  -4.43097e+18  4.40978e+18  -4.14258e+18  3.63391e+18  -2.91041e+18  2.02547e+18  -1.06485e+18  1.50991e+17  5.56271e+17  
-3.73273e+17  -9.93302e+16  7.22498e+17  -1.39223e+18  2.02452e+18  -2.55647e+18  2.94557e+18  -3.16769e+18  3.21466e+18  -3.09158e+18  2.81419e+18  -2.40712e+18  1.90918e+18  -1.39309e+18  9.83568e+17  -8.22918e+17  9.77188e+17  -1.38061e+18  1.89114e+18  -2.38431e+18  2.78763e+18  -3.06257e+18  3.18465e+18  -3.13828e+18  2.91835e+18  -2.53297e+18  2.006e+18  -1.37954e+18  7.15935e+17  -9.84297e+16  -3.69885e+17  
2.20352e+17  5.76946e+16  -4.30277e+17  8.39002e+17  -1.23451e+18  1.57747e+18  -1.83902e+18  2.00056e+18  -2.05292e+18  1.99531e+18  -1.83404e+18  1.58208e+18  -1.2631e+18  9.25349e+17  -6.53949e+17  5.46865e+17  -6.49692e+17  9.17046e+17  -1.25116e+18  1.56708e+18  -1.81674e+18  1.97658e+18  -2.03374e+18  1.98196e+18  -1.822e+18  1.56293e+18  -1.22317e+18  8.3132e+17  -4.26346e+17  5.71683e+16  2.1834e+17  
-1.00035e+17  -2.5902e+16  1.96496e+17  -3.86668e+17  5.74459e+17  -7.41429e+17  8.73092e+17  -9.59141e+17  9.93443e+17  -9.73856e+17  9.01933e+17  -7.82935e+17  6.28057e+17  -4.61441e+17  3.26376e+17  -2.72877e+17  3.24248e+17  -4.57297e+17  6.22117e+17  -7.75512e+17  8.93421e+17  -9.64709e+17  9.84154e+17  -9.5021e+17  8.64994e+17  -7.34576e+17  5.69166e+17  -3.83114e+17  1.94693e+17  -2.56646e+16  -9.91171e+16  
0  0  0  0  0  0  0  0  0  0  0  0  0  0  0  0  0  0  0  0  0  0  0  0  0  0  0  0  0  0  0  
