1  1  1  1  1  1  1  1  1  1  1  1  1  1  1  1  1  1  1  1  1  1  1  1  1  1  1  1  1  1  1  
1.01917e+19  4.01174e+18  -1.45282e+19  2.27525e+19  -2.97417e+19  3.59019e+19  -4.12885e+19  4.58862e+19  -4.97006e+19  5.27669e+19  -5.51457e+19  5.69156e+19  -5.81639e+19  5.8976e+19  -5.94239e+19  5.95558e+19  -5.93891e+19  5.8908e+19  -5.80654e+19  5.6791e+19  -5.50003e+19  5.26069e+19  -4.95329e+19  4.57182e+19  -4.11275e+19  3.5755e+19  -2.96155e+19  2.26533e+19  -1.44637e+19  3.99376e+18  1.01463e+19  
-1.98933e+19  -7.83306e+18  2.83475e+19  -4.40897e+19  5.69848e+19  -6.77729e+19  7.6577e+19  -8.34409e+19  8.84938e+19  -9.19495e+19  9.40825e+19  -9.52039e+19  9.5635e+19  -9.56772e+19  9.55785e+19  -9.55032e+19  9.55096e+19  -9.55423e+19  9.54398e+19  -9.49566e+19  9.37938e+19  -9.16317e+19  8.81607e+19  -8.3107e+19  7.62569e+19  -6.74808e+19  5.67338e+19  -4.38925e+19  2.82194e+19  -7.79747e+18  -1.98031e+19  
2.87032e+19  1.13039e+19  -4.08939e+19  6.29841e+19  -8.01128e+19  9.33396e+19  -1.02986e+20  1.09352e+20  -1.12883e+20  1.14123e+20  -1.13664e+20  1.1212e+20  -1.10098e+20  1.08159e+20  -1.06768e+20  1.06234e+20  -1.06666e+20  1.0796e+20  -1.09809e+20  1.11754e+20  -1.13236e+20  1.13651e+20  -1.12388e+20  1.08856e+20  -1.02511e+20  9.29055e+19  -7.97398e+19  6.26911e+19  -4.07039e+19  1.12514e+19  2.85698e+19  
-3.63604e+19  -1.43134e+19  5.18275e+19  -7.89728e+19  9.8709e+19  -1.12542e+20  1.21257e+20  -1.25643e+20  1.26575e+20  -1.24912e+20  1.2147e+20  -1.17047e+20  1.12447e+20  -1.08445e+20  1.05709e+20  -1.04698e+20  1.05576e+20  -1.08184e+20  1.12068e+20  -1.16566e+20  1.20908e+20  -1.24292e+20  1.25924e+20  -1.2499e+20  1.20632e+20  -1.11971e+20  9.82181e+19  -7.85875e+19  5.15781e+19  -1.4245e+19  -3.61861e+19  
4.27474e+19  1.68034e+19  -6.10283e+19  9.20865e+19  -1.13268e+20  1.26737e+20  -1.33992e+20  1.36407e+20  -1.35192e+20  1.31309e+20  -1.25578e+20  1.18839e+20  -1.12036e+20  1.06172e+20  -1.02175e+20  1.00707e+20  -1.02012e+20  1.05852e+20  -1.11572e+20  1.1825e+20  -1.24888e+20  1.30548e+20  -1.34393e+20  1.35605e+20  -1.33222e+20  1.26034e+20  -1.12665e+20  9.16132e+19  -6.07228e+19  1.67205e+19  4.25349e+19  
-4.78586e+19  -1.87598e+19  6.85367e+19  -1.02647e+20  1.24675e+20  -1.37608e+20  1.43753e+20  -1.4496e+20  1.42519e+20  -1.37241e+20  1.29799e+20  -1.21039e+20  1.12093e+20  -1.04294e+20  9.89349e+19  -9.69675e+19  9.87442e+19  -1.03919e+20  1.11549e+20  -1.20347e+20  1.28988e+20  -1.36345e+20  1.41578e+20  -1.44016e+20  1.42847e+20  -1.36781e+20  1.23966e+20  -1.02092e+20  6.81791e+19  -1.86638e+19  -4.76115e+19  
5.17589e+19  2.0199e+19  -7.44806e+19  1.11071e+20  -1.33797e+20  1.465e+20  -1.52215e+20  1.53038e+20  -1.50088e+20  1.43885e+20  -1.3493e+20  1.24122e+20  -1.12867e+20  1.02916e+20  -9.60212e+19  9.34881e+19  -9.58051e+19  1.02492e+20  -1.12249e+20  1.23336e+20  -1.34006e+20  1.42864e+20  -1.49016e+20  1.51962e+20  -1.51183e+20  1.45558e+20  -1.32989e+20  1.10439e+20  -7.40756e+19  2.00919e+19  5.14811e+19  
-5.45462e+19  -2.11556e+19  7.90161e+19  -1.17735e+20  1.41281e+20  -1.54237e+20  1.60173e+20  -1.61203e+20  1.58144e+20  -1.51202e+20  1.40756e+20  -1.2781e+20  1.14088e+20  -1.01811e+20  9.32405e+19  -9.00897e+19  9.30016e+19  -1.01341e+20  1.13403e+20  -1.26937e+20  1.39729e+20  -1.50067e+20  1.5695e+20  -1.60005e+20  1.59024e+20  -1.5319e+20  1.40383e+20  -1.17035e+20  7.85691e+19  -2.10393e+19  -5.42422e+19  
5.63264e+19  2.16721e+19  -8.22909e+19  1.22928e+20  -1.47525e+20  1.61201e+20  -1.67832e+20  1.69411e+20  -1.66423e+20  1.58813e+20  -1.46882e+20  1.31763e+20  -1.15504e+20  1.00808e+20  -9.0483e+19  8.66832e+19  -9.02244e+19  1.00299e+20  -1.1476e+20  1.30812e+20  -1.45763e+20  1.57575e+20  -1.65121e+20  1.68104e+20  -1.66579e+20  1.60058e+20  -1.46547e+20  1.22166e+20  -8.18079e+19  2.15488e+19  5.6001e+19  
-5.71997e+19  -2.1793e+19  8.4427e+19  -1.26829e+20  1.52716e+20  -1.67473e+20  1.75092e+20  -1.77376e+20  1.74524e+20  -1.66285e+20  1.52913e+20  -1.35664e+20  1.16891e+20  -9.97737e+19  8.76747e+19  -8.32166e+19  8.73994e+19  -9.92306e+19  1.16097e+20  -1.34647e+20  1.51714e+20  -1.64956e+20  1.73126e+20  -1.75972e+20  1.73747e+20  -1.66247e+20  1.51668e+20  -1.26016e+20  8.39145e+19  -2.16649e+19  -5.68581e+19  
5.72554e+19  2.15624e+19  -8.55168e+19  1.29534e+20  -1.56886e+20  1.72963e+20  -1.81712e+20  1.8474e+20  -1.82033e+20  1.73205e+20  -1.58481e+20  1.3922e+20  -1.18047e+20  9.85905e+19  -8.47619e+19  7.9659e+19  -8.44732e+19  9.80201e+19  -1.17211e+20  1.38147e+20  -1.57214e+20  1.718e+20  -1.80553e+20  1.83255e+20  -1.80289e+20  1.71668e+20  -1.55781e+20  1.28678e+20  -8.49817e+19  2.14317e+19  5.69028e+19  
-5.65713e+19  -2.10219e+19  8.56265e+19  -1.31067e+20  1.59975e+20  -1.77492e+20  1.87404e+20  -1.91146e+20  1.88567e+20  -1.79199e+20  1.63248e+20  -1.42157e+20  1.18783e+20  -9.71552e+19  8.17042e+19  -7.59934e+19  8.14056e+19  -9.65643e+19  1.17915e+20  -1.41041e+20  1.61928e+20  -1.77732e+20  1.87022e+20  -1.89595e+20  1.8592e+20  -1.76142e+20  1.58824e+20  -1.3018e+20  8.5076e+19  -2.08908e+19  -5.62131e+19  
5.52164e+19  2.02115e+19  -8.48032e+19  1.31411e+20  -1.61864e+20  1.80843e+20  -1.91879e+20  1.96266e+20  -1.93784e+20  1.83932e+20  -1.66912e+20  1.44229e+20  -1.18927e+20  9.53766e+19  -7.8471e+19  7.22119e+19  -7.81662e+19  9.47723e+19  -1.18038e+20  1.43083e+20  -1.65554e+20  1.82422e+20  -1.92192e+20  1.94667e+20  -1.90349e+20  1.79453e+20  -1.60682e+20  1.30503e+20  -8.42449e+19  2.00823e+19  5.4858e+19  
-5.32545e+19  -1.91702e+19  8.30827e+19  -1.30522e+20  1.62409e+20  -1.82788e+20  1.94861e+20  -1.99805e+20  1.97387e+20  -1.87117e+20  1.69208e+20  -1.45219e+20  1.1833e+20  -9.31763e+19  7.50404e+19  -6.83136e+19  7.47329e+19  -9.25657e+19  1.17429e+20  -1.44056e+20  1.67827e+20  -1.85579e+20  1.95765e+20  -1.98176e+20  1.93303e+20  -1.81373e+20  1.61208e+20  -1.29606e+20  8.25242e+19  -1.90447e+19  -5.2901e+19  
5.07472e+19  1.79361e+19  -8.04973e+19  1.28351e+20  -1.61457e+20  1.83103e+20  -1.96095e+20  2.015e+20  -1.99116e+20  1.88502e+20  -1.69909e+20  1.44939e+20  -1.16862e+20  9.04897e+19  -7.13976e+19  6.4303e+19  -7.10911e+19  8.98801e+19  -1.15961e+20  1.43773e+20  -1.68521e+20  1.86955e+20  -1.97484e+20  1.9986e+20  -1.94526e+20  1.81681e+20  -1.60254e+20  1.27438e+20  -7.99462e+19  1.78163e+19  5.04038e+19  
-4.77577e+19  -1.65476e+19  7.70826e+19  -1.24852e+20  1.58868e+20  -1.8158e+20  1.95345e+20  -2.01116e+20  1.98745e+20  -1.87875e+20  1.68824e+20  -1.43238e+20  1.14422e+20  -8.72677e+19  6.75355e+19  -6.01886e+19  6.72335e+19  -8.66665e+19  1.13532e+20  -1.42083e+20  1.67448e+20  -1.86338e+20  1.97121e+20  -1.99485e+20  1.93786e+20  -1.80169e+20  1.57677e+20  -1.23953e+20  7.65465e+19  -1.6435e+19  -4.74289e+19  
4.43525e+19  1.50435e+19  -7.28835e+19  1.19995e+20  -1.54518e+20  1.78033e+20  -1.924e+20  1.98442e+20  -1.96076e+20  1.85061e+20  -1.65807e+20  1.40003e+20  -1.10937e+20  8.34789e+19  -6.34539e+19  5.59824e+19  -6.316e+19  8.28931e+19  -1.10069e+20  1.38874e+20  -1.64459e+20  1.83554e+20  -1.94482e+20  1.9684e+20  -1.9087e+20  1.76651e+20  -1.53355e+20  1.19124e+20  -7.23696e+19  1.49395e+19  4.40425e+19  
-4.06033e+19  -1.34628e+19  6.7959e+19  -1.13781e+20  1.4832e+20  -1.72308e+20  1.87078e+20  -1.93297e+20  1.90947e+20  -1.79924e+20  1.60755e+20  -1.35164e+20  1.06369e+20  -7.91108e+19  5.91602e+19  -5.16994e+19  5.88776e+19  -7.85472e+19  1.05532e+20  -1.34075e+20  1.59453e+20  -1.78466e+20  1.89404e+20  -1.91745e+20  1.85597e+20  -1.70972e+20  1.47201e+20  -1.12949e+20  6.74741e+19  -1.33683e+19  -4.03157e+19  
3.65877e+19  1.18442e+19  -6.23862e+19  1.06246e+20  -1.40232e+20  1.64295e+20  -1.79236e+20  1.85538e+20  -1.83238e+20  1.72379e+20  -1.53618e+20  1.28701e+20  -1.00715e+20  7.41714e+19  -5.46688e+19  4.73563e+19  -5.44006e+19  7.36365e+19  -9.99203e+19  1.27666e+20  -1.52379e+20  1.7099e+20  -1.81765e+20  1.84057e+20  -1.77823e+20  1.63024e+20  -1.39173e+20  1.05463e+20  -6.19364e+19  1.176e+19  3.63255e+19  
-3.2389e+19  -1.0226e+19  5.6263e+19  -9.74707e+19  1.30277e+20  -1.53954e+20  1.68795e+20  -1.75082e+20  1.7289e+20  -1.62408e+20  1.44415e+20  -1.20653e+20  9.40145e+19  -6.86904e+19  5.00006e+19  -4.29713e+19  4.97497e+19  -6.819e+19  9.32713e+19  -1.19685e+20  1.43255e+20  -1.61105e+20  1.71509e+20  -1.73693e+20  1.67471e+20  -1.52766e+20  1.29292e+20  -9.67488e+19  5.58536e+19  -1.01525e+19  -3.21545e+19  
2.8096e+19  8.64444e+18  -4.97101e+19  8.75932e+19  -1.18555e+20  1.41335e+20  -1.5577e+20  1.6194e+20  -1.59939e+20  1.50081e+20  -1.33246e+20  1.11123e+20  -8.63494e+19  6.27181e+19  -4.51828e+19  3.85634e+19  -4.49516e+19  6.22575e+19  -8.5666e+19  1.10233e+20  -1.32179e+20  1.48883e+20  -1.58668e+20  1.60662e+20  -1.54553e+20  1.40247e+20  -1.17657e+20  8.69414e+19  -4.93455e+19  8.58163e+18  2.78907e+19  
-2.38013e+19  -7.13308e+18  4.28717e+19  -7.68123e+19  1.05265e+20  -1.26607e+20  1.40305e+20  -1.46253e+20  1.44544e+20  -1.35586e+20  1.20307e+20  -1.00285e+20  7.78438e+19  -5.63243e+19  4.0247e+19  -3.4151e+19  4.00376e+19  -5.5908e+19  7.72273e+19  -9.94836e+19  1.19346e+20  -1.34509e+20  1.43401e+20  -1.45104e+20  1.39214e+20  -1.25633e+20  1.04467e+20  -7.62382e+19  4.25549e+19  -7.08076e+18  -2.3626e+19  
1.96007e+19  5.72169e+18  -3.59152e+19  6.5395e+19  -9.07188e+19  1.10089e+20  -1.22716e+20  1.28339e+20  -1.27036e+20  1.19254e+20  -1.05903e+20  8.83842e+19  -6.86606e+19  4.95947e+19  -3.52277e+19  2.97516e+19  -3.50419e+19  4.92261e+19  -6.81165e+19  8.76787e+19  -1.0506e+20  1.1831e+20  -1.26035e+20  1.27334e+20  -1.21764e+20  1.09244e+20  -9.00301e+19  6.49041e+19  -3.5648e+19  5.67938e+18  1.94552e+19  
-1.55908e+19  -4.43552e+18  2.90302e+19  -5.36799e+19  7.53593e+19  -9.22814e+19  1.03525e+20  -1.08729e+20  1.07936e+20  -1.01572e+20  9.04468e+19  -7.57259e+19  5.8991e+19  -4.26241e+19  3.01597e+19  -2.53797e+19  2.99989e+19  -4.2306e+19  5.85234e+19  -7.51223e+19  8.97285e+19  -1.00769e+20  1.07088e+20  -1.0788e+20  1.02723e+20  -9.15729e+19  7.47861e+19  -5.32751e+19  2.88128e+19  -4.40246e+18  -1.54742e+19  
1.1869e+19  3.29499e+18  -2.2427e+19  4.20786e+19  -5.97659e+19  7.3876e+19  -8.34855e+19  8.81845e+19  -8.79654e+19  8.31681e+19  -7.44347e+19  6.26551e+19  -4.90389e+19  3.55092e+19  -2.50753e+19  2.10468e+19  -2.49404e+19  3.52433e+19  -4.865e+19  6.21561e+19  -7.38444e+19  8.25121e+19  -8.72755e+19  8.74972e+19  -8.28393e+19  7.33083e+19  -5.93101e+19  4.17599e+19  -2.2258e+19  3.27025e+18  1.17797e+19  
-8.53286e+18  -2.31608e+18  1.63343e+19  -3.10707e+19  4.46477e+19  -5.57497e+19  6.35567e+19  -6.76597e+19  6.79883e+19  -6.47535e+19  5.83909e+19  -4.95145e+19  3.89971e+19  -2.83373e+19  2.00009e+19  -1.67593e+19  1.98925e+19  -2.81246e+19  3.86877e+19  -4.91203e+19  5.79282e+19  -6.42431e+19  6.74554e+19  -6.71324e+19  6.30644e+19  -5.53205e+19  4.43061e+19  -3.08342e+19  1.62104e+19  -2.29857e+18  -8.46824e+18  
5.67411e+18  1.50992e+18  -1.09827e+19  2.11632e+19  -3.07745e+19  3.88605e+19  -4.47748e+19  4.81512e+19  -4.88649e+19  4.69938e+19  -4.27771e+19  3.65894e+19  -2.90205e+19  2.11765e+19  -1.49543e+19  1.25183e+19  -1.48729e+19  2.10171e+19  -2.87902e+19  3.62981e+19  -4.24382e+19  4.66235e+19  -4.84818e+19  4.77757e+19  -4.44275e+19  3.85605e+19  -3.05381e+19  2.10013e+19  -1.08989e+19  1.49842e+18  5.63086e+18  
-3.34955e+18  -8.77011e+17  6.5406e+18  -1.27536e+19  1.87656e+19  -2.39788e+19  2.79545e+19  -3.04099e+19  3.12057e+19  -3.03298e+19  2.78784e+19  -2.40483e+19  1.91998e+19  -1.40663e+19  9.9427e+18  -8.31894e+18  9.88837e+18  -1.39603e+19  1.90473e+19  -2.38569e+19  2.76575e+19  -3.00907e+19  3.09609e+19  -3.01724e+19  2.77372e+19  -2.37931e+19  1.86209e+19  -1.26555e+19  6.49042e+18  -8.70293e+17  -3.32386e+18  
1.52061e+18  3.93732e+17  -2.98691e+18  5.87767e+18  -8.73224e+18  1.12703e+19  -1.32716e+19  1.45796e+19  -1.51009e+19  1.48032e+19  -1.37099e+19  1.1901e+19  -9.54677e+18  7.0144e+18  -4.96226e+18  4.15102e+18  -4.93508e+18  6.9615e+18  -9.47095e+18  1.18062e+19  -1.36012e+19  1.46864e+19  -1.49824e+19  1.44656e+19  -1.31683e+19  1.11828e+19  -8.66467e+18  5.8323e+18  -2.96389e+18  3.90701e+17  1.5089e+18  
0  0  0  0  0  0  0  0  0  0  0  0  0  0  0  0  0  0  0  0  0  0  0  0  0  0  0  0  0  0  0  
