1  1  1  1  1  1  1  1  1  1  1  1  1  1  1  1  1  1  1  1  1  1  1  1  1  1  1  1  1  1  1  
-1.21366e+26  -4.77726e+25  1.73007e+26  -2.70952e+26  3.54198e+26  -4.27581e+26  4.91764e+26  -5.46568e+26  5.92058e+26  -6.28655e+26  6.5708e+26  -6.78268e+26  6.93256e+26  -7.03059e+26  7.08529e+26  -7.10237e+26  7.08384e+26  -7.02775e+26  6.92845e+26  -6.77748e+26  6.56473e+26  -6.27987e+26  5.91358e+26  -5.45867e+26  4.91093e+26  -4.26968e+26  3.53671e+26  -2.70538e+26  1.72738e+26  -4.76976e+25  -1.21176e+26  
2.36889e+26  9.32758e+25  -3.37564e+26  5.25031e+26  -6.78603e+26  8.07098e+26  -9.11983e+26  9.93786e+26  -1.05405e+27  1.09532e+27  -1.12087e+27  1.1344e+27  -1.13975e+27  1.14048e+27  -1.13956e+27  1.13893e+27  -1.13927e+27  1.13992e+27  -1.13893e+27  1.13337e+27  -1.11966e+27  1.09399e+27  -1.05266e+27  9.92393e+26  -9.10647e+26  8.05879e+26  -6.77556e+26  5.24208e+26  -3.37029e+26  9.31272e+25  2.36513e+26  
-3.41785e+26  -1.34602e+26  4.86947e+26  -7.49986e+26  9.53945e+26  -1.11145e+27  1.22633e+27  -1.30217e+27  1.34427e+27  -1.35915e+27  1.35385e+27  -1.33568e+27  1.31186e+27  -1.28909e+27  1.27288e+27  -1.2669e+27  1.27245e+27  -1.28825e+27  1.31065e+27  -1.33415e+27  1.35206e+27  -1.35718e+27  1.34221e+27  -1.3001e+27  1.22435e+27  -1.10963e+27  9.52389e+26  -7.48763e+26  4.86154e+26  -1.34383e+26  -3.41228e+26  
4.32943e+26  1.70431e+26  -6.17106e+26  9.40302e+26  -1.17526e+27  1.33992e+27  -1.44364e+27  1.49583e+27  -1.50695e+27  1.48725e+27  -1.44642e+27  1.39399e+27  -1.33953e+27  1.29226e+27  -1.26013e+27  1.24858e+27  -1.25957e+27  1.29117e+27  -1.33795e+27  1.39199e+27  -1.44407e+27  1.48466e+27  -1.50424e+27  1.49311e+27  -1.44103e+27  1.33753e+27  -1.17321e+27  9.38694e+26  -6.16065e+26  1.70145e+26  4.32215e+26  
-5.08963e+26  -2.00069e+26  7.26613e+26  -1.09635e+27  1.34845e+27  -1.50868e+27  1.59494e+27  -1.62362e+27  1.60914e+27  -1.56298e+27  1.49491e+27  -1.41494e+27  1.33429e+27  -1.26492e+27  1.21786e+27  -1.20099e+27  1.21718e+27  -1.26359e+27  1.33235e+27  -1.41248e+27  1.49203e+27  -1.55981e+27  1.60581e+27  -1.62027e+27  1.59173e+27  -1.50575e+27  1.34593e+27  -1.09437e+27  7.25338e+26  -1.99723e+26  -5.08076e+26  
5.69783e+26  2.23349e+26  -8.15953e+26  1.22197e+27  -1.48408e+27  1.63784e+27  -1.71082e+27  1.72508e+27  -1.69597e+27  1.6332e+27  -1.54479e+27  1.44078e+27  -1.33466e+27  1.24231e+27  -1.17912e+27  1.15639e+27  -1.17832e+27  1.24075e+27  -1.33239e+27  1.43789e+27  -1.5414e+27  1.62947e+27  -1.69205e+27  1.72114e+27  -1.70704e+27  1.6344e+27  -1.48111e+27  1.21965e+27  -8.14461e+26  2.22949e+26  5.68752e+26  
-6.16178e+26  -2.4047e+26  8.86654e+26  -1.32213e+27  1.59247e+27  -1.74344e+27  1.81125e+27  -1.8209e+27  1.78573e+27  -1.71195e+27  1.60554e+27  -1.47718e+27  1.34361e+27  -1.22569e+27  1.14427e+27  -1.1149e+27  1.14337e+27  -1.22392e+27  1.34103e+27  -1.4739e+27  1.60168e+27  -1.70769e+27  1.78126e+27  -1.81641e+27  1.80695e+27  -1.73951e+27  1.5891e+27  -1.31949e+27  8.84964e+26  -2.40023e+26  -6.15018e+26  
6.49316e+26  2.51842e+26  -9.40579e+26  1.40135e+27  -1.68137e+27  1.83531e+27  -1.9057e+27  1.91779e+27  -1.88133e+27  1.79877e+27  -1.67461e+27  1.52082e+27  -1.35791e+27  1.21233e+27  -1.11102e+27  1.07437e+27  -1.11002e+27  1.21037e+27  -1.35505e+27  1.51718e+27  -1.67033e+27  1.79404e+27  -1.87635e+27  1.91279e+27  -1.9009e+27  1.83094e+27  -1.67763e+27  1.39842e+27  -9.38714e+26  2.51357e+26  6.48047e+26  
-6.70463e+26  -2.57974e+26  9.79493e+26  -1.46303e+27  1.75553e+27  -1.91798e+27  1.99664e+27  -2.01526e+27  1.97964e+27  -1.88914e+27  1.74731e+27  -1.56766e+27  1.37456e+27  -1.20022e+27  1.07806e+27  -1.03375e+27  1.07698e+27  -1.19809e+27  1.37146e+27  -1.5637e+27  1.74264e+27  -1.88397e+27  1.97421e+27  -2.0098e+27  1.99141e+27  -1.91322e+27  1.75145e+27  -1.45985e+27  9.77478e+26  -2.57459e+26  -6.69105e+26  
6.80815e+26  2.59398e+26  -1.00485e+27  1.50936e+27  -1.81716e+27  1.99246e+27  -2.08286e+27  2.10987e+27  -2.07588e+27  1.97789e+27  -1.81893e+27  1.61393e+27  -1.39092e+27  1.18775e+27  -1.0445e+27  9.92405e+26  -1.04336e+27  1.18549e+27  -1.3876e+27  1.60969e+27  -1.81392e+27  1.97235e+27  -2.07004e+27  2.10401e+27  -2.07725e+27  1.98734e+27  -1.81279e+27  1.50597e+27  -1.00272e+27  2.58863e+26  6.79389e+26  
-6.81437e+26  -2.56637e+26  1.01776e+27  -1.54145e+27  1.86667e+27  -2.05766e+27  2.1615e+27  -2.19737e+27  2.16511e+27  -2.06012e+27  1.88506e+27  -1.65612e+27  1.40454e+27  -1.17354e+27  1.00972e+27  -9.49979e+26  1.00851e+27  -1.17116e+27  1.40105e+27  -1.65164e+27  1.87978e+27  -2.05426e+27  2.15894e+27  -2.19117e+27  2.15557e+27  -2.05226e+27  1.86206e+27  -1.53788e+27  1.01553e+27  -2.56092e+26  -6.79965e+26  
6.73257e+26  2.5019e+26  -1.01901e+27  1.55961e+27  -1.90333e+27  2.11146e+27  -2.22915e+27  2.27351e+27  -2.24278e+27  2.13136e+27  -1.94171e+27  1.69098e+27  -1.41319e+27  1.15634e+27  -9.73211e+26  9.06264e+26  -9.71966e+26  1.15387e+27  -1.40957e+27  1.68632e+27  -1.9362e+27  2.12524e+27  -2.23633e+27  2.26704e+27  -2.22295e+27  2.10583e+27  -1.89853e+27  1.55591e+27  -1.01671e+27  2.49643e+26  6.71762e+26  
-6.57098e+26  -2.40533e+26  1.00916e+27  -1.56363e+27  1.92574e+27  -2.15127e+27  2.28234e+27  -2.33439e+27  2.30481e+27  -2.18764e+27  1.98526e+27  -1.71557e+27  1.41483e+27  -1.13508e+27  9.3463e+26  -8.61168e+26  9.33358e+26  -1.13256e+27  1.41112e+27  -1.71079e+27  1.97959e+27  -2.18134e+27  2.29817e+27  -2.32771e+27  2.27595e+27  -2.14547e+27  1.9208e+27  -1.55984e+27  1.00683e+27  -2.39994e+26  -6.55603e+26  
6.3372e+26  2.28129e+26  -9.88644e+26  1.553e+27  -1.93216e+27  2.17436e+27  -2.31779e+27  2.37647e+27  -2.34767e+27  2.22551e+27  -2.01255e+27  1.72731e+27  -1.40766e+27  1.10881e+27  -8.93707e+26  8.14679e+26  -8.92424e+26  1.10627e+27  -1.4039e+27  1.72246e+27  -2.00679e+27  2.2191e+27  -2.3409e+27  2.36968e+27  -2.31129e+27  2.16846e+27  -1.92715e+27  1.54918e+27  -9.86313e+26  2.27606e+26  6.32245e+26  
-6.03858e+26  -2.13433e+26  9.5784e+26  -1.52712e+27  1.92081e+27  -2.1781e+27  2.33246e+27  -2.39664e+27  2.36825e+27  -2.242e+27  2.02088e+27  -1.72396e+27  1.39016e+27  -1.07678e+27  8.50269e+26  -7.66849e+26  8.4899e+26  -1.07423e+27  1.3864e+27  -1.7191e+27  2.01509e+27  -2.23554e+27  2.36143e+27  -2.3898e+27  2.32592e+27  -2.17216e+27  1.91579e+27  -1.52331e+27  9.5554e+26  -2.12934e+26  -6.02425e+26  
5.68263e+26  1.96903e+26  -9.17175e+26  1.48544e+27  -1.88997e+27  2.15998e+27  -2.32356e+27  2.3921e+27  -2.36385e+27  2.23456e+27  -2.00799e+27  1.70372e+27  -1.3611e+27  1.03839e+27  -8.04228e+26  7.17783e+26  -8.02968e+26  1.03588e+27  -1.35739e+27  1.6989e+27  -2.00225e+27  2.22815e+27  -2.35707e+27  2.38529e+27  -2.31705e+27  2.15409e+27  -1.885e+27  1.48169e+27  -9.14938e+26  1.96434e+26  5.66891e+26  
-5.27727e+26  -1.78999e+26  8.67185e+26  -1.42763e+27  1.83821e+27  -2.11779e+27  2.28855e+27  -2.36033e+27  2.33214e+27  -2.20111e+27  1.97212e+27  -1.66524e+27  1.31963e+27  -9.93263e+26  7.55585e+26  -6.67623e+26  7.54358e+26  -9.90818e+26  1.316e+27  -1.66053e+27  1.9665e+27  -2.19482e+27  2.32549e+27  -2.35364e+27  2.28217e+27  -2.11202e+27  1.83336e+27  -1.424e+27  8.6504e+26  -1.78565e+26  -5.26433e+26  
4.83103e+26  1.60185e+26  -8.0857e+26  1.35368e+27  -1.76446e+27  2.04969e+27  -2.22527e+27  2.29916e+27  -2.27117e+27  2.14004e+27  -1.91204e+27  1.60768e+27  -1.26527e+27  9.41256e+26  -7.04424e+26  6.16545e+26  -7.03245e+26  9.38904e+26  -1.26178e+27  1.60314e+27  -1.90661e+27  2.13396e+27  -2.26473e+27  2.29269e+27  -2.21909e+27  2.04411e+27  -1.75979e+27  1.3502e+27  -8.06547e+26  1.5979e+26  4.81903e+26  
-4.35313e+26  -1.40923e+26  7.42248e+26  -1.26401e+27  1.66824e+27  -1.95439e+27  2.13201e+27  -2.2069e+27  2.17951e+27  -2.05034e+27  1.82718e+27  -1.53082e+27  1.198e+27  -8.82463e+26  6.50917e+26  -5.64751e+26  6.49798e+26  -8.80231e+26  1.19469e+27  -1.5265e+27  1.82201e+27  -2.04454e+27  2.17336e+27  -2.20072e+27  2.12612e+27  -1.94908e+27  1.66382e+27  -1.26074e+27  7.40371e+26  -1.40571e+26  -4.34219e+26  
3.85349e+26  1.21666e+26  -6.69382e+26  1.1596e+27  -1.54981e+27  1.83139e+27  -2.00784e+27  2.08257e+27  -2.05646e+27  1.93176e+27  -1.71774e+27  1.4351e+27  -1.1183e+27  8.17232e+26  -5.95313e+26  5.12458e+26  -5.94266e+26  8.15144e+26  -1.11519e+27  1.43106e+27  -1.71289e+27  1.92632e+27  -2.0507e+27  2.07677e+27  -2.00232e+27  1.82643e+27  -1.5457e+27  1.15658e+27  -6.67674e+26  1.21359e+26  3.8437e+26  
-3.34265e+26  -1.02846e+26  5.91408e+26  -1.04207e+27  1.41036e+27  -1.68128e+27  1.85293e+27  -1.92627e+27  1.90243e+27  -1.78516e+27  1.5849e+27  -1.32176e+27  1.02712e+27  -7.46163e+26  5.37934e+26  -4.5989e+26  5.3697e+26  -7.44241e+26  1.02426e+27  -1.31804e+27  1.58044e+27  -1.78016e+27  1.89713e+27  -1.92094e+27  1.84785e+27  -1.67674e+27  1.40661e+27  -1.03935e+27  5.89887e+26  -1.02584e+26  -3.33408e+26  
2.83165e+26  8.48632e+25  -5.10042e+26  9.13805e+26  -1.25225e+27  1.50608e+27  -1.66899e+27  1.73969e+27  -1.71934e+27  1.61277e+27  -1.431e+27  1.19285e+27  -9.25942e+26  6.70086e+26  -4.79157e+26  4.07271e+26  -4.78283e+26  6.68349e+26  -9.2337e+26  1.18951e+27  -1.427e+27  1.60827e+27  -1.71457e+27  1.7349e+27  -1.66443e+27  1.50202e+27  -1.24892e+27  9.11409e+26  -5.0872e+26  8.46449e+25  2.82433e+26  
-2.33185e+26  -6.80704e+25  4.27274e+26  -7.7797e+26  1.0792e+27  -1.3096e+27  1.45977e+27  -1.52662e+27  1.51109e+27  -1.41851e+27  1.25968e+27  -1.0513e+27  8.16708e+26  -5.90016e+26  4.1939e+26  -3.54804e+26  4.18615e+26  -5.88478e+26  8.14437e+26  -1.04835e+27  1.25617e+27  -1.41457e+27  1.50692e+27  -1.52243e+27  1.45579e+27  -1.30608e+27  1.07633e+27  -7.75922e+26  4.26159e+26  -6.78938e+25  -2.32578e+26  
1.85477e+26  5.2768e+25  -3.45359e+26  6.38594e+26  -8.96481e+26  1.09776e+27  -1.23149e+27  1.29336e+27  -1.28391e+27  1.20819e+27  -1.07584e+27  9.00735e+26  -7.01689e+26  5.07084e+26  -3.59048e+26  3.02668e+26  -3.58377e+26  5.05757e+26  -6.99737e+26  8.98216e+26  -1.07285e+27  1.20484e+27  -1.28037e+27  1.28982e+27  -1.22814e+27  1.09481e+27  -8.94089e+26  6.36905e+26  -3.44452e+26  5.263e+25  1.84991e+26  
-1.41198e+26  -3.91987e+25  2.66799e+26  -5.00576e+26  7.10975e+26  -8.78813e+26  9.93107e+26  -1.04899e+27  1.04636e+27  -9.89285e+26  8.85388e+26  -7.45264e+26  5.83309e+26  -4.22437e+26  2.98514e+26  -2.50995e+26  2.97951e+26  -4.21327e+26  5.81686e+26  -7.43181e+26  8.82924e+26  -9.86547e+26  1.04348e+27  -1.04612e+27  9.90411e+26  -8.76444e+26  7.09073e+26  -4.99246e+26  2.66094e+26  -3.90955e+25  -1.40825e+26  
1.01509e+26  2.75527e+25  -1.94315e+26  3.6962e+26  -5.31125e+26  6.63183e+26  -7.56041e+26  8.04837e+26  -8.08733e+26  7.70244e+26  -6.94552e+26  5.8896e+26  -4.63864e+26  3.37114e+26  -2.38102e+26  1.99864e+26  -2.3765e+26  3.36226e+26  -4.62573e+26  5.87316e+26  -6.92621e+26  7.68114e+26  -8.0651e+26  8.02636e+26  -7.53987e+26  6.61392e+26  -5.297e+26  3.68633e+26  -1.93799e+26  2.74796e+25  1.01239e+26  
-6.74993e+25  -1.79621e+25  1.3065e+26  -2.51755e+26  3.66087e+26  -4.6227e+26  5.32619e+26  -5.72775e+26  5.81256e+26  -5.58992e+26  5.08827e+26  -4.3522e+26  3.45194e+26  -2.51924e+26  1.78023e+26  -1.49288e+26  1.77683e+26  -2.51259e+26  3.44232e+26  -4.34005e+26  5.07413e+26  -5.57447e+26  5.79658e+26  -5.71208e+26  5.31169e+26  -4.61019e+26  3.65101e+26  -2.5108e+26  1.303e+26  -1.79141e+25  -6.73188e+25  
3.98457e+25  1.04328e+25  -7.78059e+25  1.51713e+26  -2.2323e+26  2.85241e+26  -3.32531e+26  3.61735e+26  -3.71197e+26  3.60774e+26  -3.3161e+26  2.86048e+26  -2.28377e+26  1.67338e+26  -1.18362e+26  9.92081e+25  -1.18135e+26  1.66896e+26  -2.27741e+26  2.85249e+26  -3.30688e+26  3.59776e+26  -3.70175e+26  3.60744e+26  -3.31624e+26  2.84466e+26  -2.22626e+26  1.51304e+26  -7.75965e+25  1.04048e+25  3.97385e+25  
-1.80888e+25  -4.68373e+24  3.55313e+25  -6.99187e+25  1.03875e+26  -1.34065e+26  1.57871e+26  -1.73428e+26  1.79628e+26  -1.76084e+26  1.63077e+26  -1.41559e+26  1.13557e+26  -8.34457e+25  5.90724e+25  -4.95033e+25  5.8959e+25  -8.3225e+25  1.1324e+26  -1.41163e+26  1.62623e+26  -1.75596e+26  1.79133e+26  -1.72952e+26  1.5744e+26  -1.337e+26  1.03593e+26  -6.97294e+25  3.54353e+25  -4.67109e+24  -1.80399e+25  
0  0  0  0  0  0  0  0  0  0  0  0  0  0  0  0  0  0  0  0  0  0  0  0  0  0  0  0  0  0  0  
