1  1  1  1  1  1  1  1  1  1  1  1  1  1  1  1  1  1  1  1  1  1  1  1  1  1  1  1  1  1  1  
-4.82489e+26  -1.89919e+26  6.87789e+26  -1.07717e+27  1.40811e+27  -1.69985e+27  1.95502e+27  -2.1729e+27  2.35376e+27  -2.49926e+27  2.61229e+27  -2.69654e+27  2.75614e+27  -2.79514e+27  2.81691e+27  -2.82373e+27  2.81638e+27  -2.79411e+27  2.75465e+27  -2.69465e+27  2.61008e+27  -2.49684e+27  2.35121e+27  -2.17035e+27  1.95258e+27  -1.69762e+27  1.4062e+27  -1.07566e+27  6.8681e+26  -1.89646e+26  -4.81799e+26  
9.41748e+26  3.70816e+26  -1.34198e+27  2.08725e+27  -2.69778e+27  3.20862e+27  -3.62559e+27  3.95081e+27  -4.1904e+27  4.35449e+27  -4.45609e+27  4.50993e+27  -4.53121e+27  4.53418e+27  -4.53057e+27  4.5281e+27  -4.52952e+27  4.53213e+27  -4.52825e+27  4.50618e+27  -4.45171e+27  4.34967e+27  -4.18534e+27  3.94574e+27  -3.62074e+27  3.20418e+27  -2.69397e+27  2.08426e+27  -1.34004e+27  3.70276e+26  9.4038e+26  
-1.35876e+27  -5.35107e+26  1.93585e+27  -2.98155e+27  3.79239e+27  -4.41852e+27  4.87525e+27  -5.17674e+27  5.34416e+27  -5.40331e+27  5.38227e+27  -5.31006e+27  5.21542e+27  -5.12494e+27  5.06057e+27  -5.03688e+27  5.05902e+27  -5.12192e+27  5.21104e+27  -5.3045e+27  5.37577e+27  -5.39615e+27  5.33665e+27  -5.16921e+27  4.86803e+27  -4.41194e+27  3.78673e+27  -2.9771e+27  1.93296e+27  -5.3431e+26  -1.35673e+27  
1.72115e+27  6.77542e+26  -2.45328e+27  3.73814e+27  -4.67219e+27  5.32677e+27  -5.73911e+27  5.9466e+27  -5.99082e+27  5.91249e+27  -5.7502e+27  5.54182e+27  -5.32537e+27  5.13753e+27  -5.00986e+27  4.96404e+27  -5.00783e+27  5.13356e+27  -5.31962e+27  5.53453e+27  -5.74167e+27  5.90308e+27  -5.98094e+27  5.9367e+27  -5.72961e+27  5.3181e+27  -4.66474e+27  3.73229e+27  -2.4495e+27  6.76504e+26  1.71851e+27  
-2.02336e+27  -7.95366e+26  2.88862e+27  -4.35848e+27  5.36067e+27  -5.99766e+27  6.34056e+27  -6.45455e+27  6.397e+27  -6.2135e+27  5.94292e+27  -5.62505e+27  5.30449e+27  -5.0288e+27  4.84181e+27  -4.77484e+27  4.83933e+27  -5.02394e+27  5.29744e+27  -5.6161e+27  5.93245e+27  -6.20194e+27  6.38486e+27  -6.44238e+27  6.32888e+27  -5.987e+27  5.35151e+27  -4.3513e+27  2.88398e+27  -7.94107e+26  -2.02014e+27  
2.26514e+27  8.87913e+26  -3.24378e+27  4.85787e+27  -5.89982e+27  6.51108e+27  -6.80116e+27  6.85781e+27  -6.74211e+27  6.49258e+27  -6.14112e+27  5.72769e+27  -5.30591e+27  4.93885e+27  -4.68774e+27  4.59753e+27  -4.68484e+27  4.93317e+27  -5.29765e+27  5.71719e+27  -6.12881e+27  6.47899e+27  -6.72783e+27  6.84348e+27  -6.78742e+27  6.49854e+27  -5.88905e+27  4.84944e+27  -3.23835e+27  8.86457e+26  2.26139e+27  
-2.44957e+27  -9.55973e+26  3.52483e+27  -5.25602e+27  6.33069e+27  -6.93084e+27  7.20037e+27  -7.23868e+27  7.09887e+27  -6.80558e+27  6.38256e+27  -5.87235e+27  5.34142e+27  -4.87275e+27  4.54918e+27  -4.43256e+27  4.5459e+27  -4.8663e+27  5.33204e+27  -5.86041e+27  6.36855e+27  -6.79009e+27  7.0826e+27  -7.22234e+27  7.18471e+27  -6.91655e+27  6.31843e+27  -5.24643e+27  3.51868e+27  -9.54348e+26  -2.44536e+27  
2.5813e+27  1.00118e+27  -3.73919e+27  5.57091e+27  -6.68409e+27  7.296e+27  -7.57577e+27  7.62383e+27  -7.47885e+27  7.15068e+27  -6.65712e+27  6.04579e+27  -5.39822e+27  4.81959e+27  -4.41697e+27  4.27143e+27  -4.41335e+27  4.81246e+27  -5.38783e+27  6.03253e+27  -6.64155e+27  7.13345e+27  -7.46074e+27  7.60564e+27  -7.55834e+27  7.2801e+27  -6.67046e+27  5.56027e+27  -3.73241e+27  9.99415e+26  2.57669e+27  
-2.66536e+27  -1.02555e+27  3.89388e+27  -5.81611e+27  6.97887e+27  -7.62462e+27  7.93725e+27  -8.01124e+27  7.86966e+27  -7.50988e+27  6.94609e+27  -6.23197e+27  5.4644e+27  -4.77142e+27  4.28591e+27  -4.10992e+27  4.28199e+27  -4.76368e+27  5.45311e+27  -6.21754e+27  6.92911e+27  -7.49108e+27  7.84988e+27  -7.9914e+27  7.91823e+27  -7.60728e+27  6.96402e+27  -5.80455e+27  3.88655e+27  -1.02368e+27  -2.66043e+27  
2.70651e+27  1.03121e+27  -3.99469e+27  6.00027e+27  -7.22384e+27  7.92065e+27  -8.27999e+27  8.38733e+27  -8.2522e+27  7.86268e+27  -7.23076e+27  6.41588e+27  -5.52938e+27  4.72183e+27  -4.1525e+27  3.94556e+27  -4.14832e+27  4.71359e+27  -5.51733e+27  6.40044e+27  -7.21256e+27  7.84251e+27  -8.23098e+27  8.36602e+27  -8.25958e+27  7.90206e+27  -7.20793e+27  5.98792e+27  -3.98691e+27  1.02927e+27  2.70133e+27  
-2.70898e+27  -1.02023e+27  4.04599e+27  -6.12781e+27  7.42065e+27  -8.17984e+27  8.5926e+27  -8.73516e+27  8.60691e+27  -8.18955e+27  7.49366e+27  -6.58355e+27  5.58351e+27  -4.66529e+27  4.01417e+27  -3.77688e+27  4.00979e+27  -4.65663e+27  5.57083e+27  -6.56727e+27  7.47443e+27  -8.16822e+27  8.58445e+27  -8.71261e+27  8.57101e+27  -8.16019e+27  7.40387e+27  -6.11483e+27  4.03787e+27  -1.01825e+27  -2.70362e+27  
2.67645e+27  9.946e+26  -4.05095e+27  6.2e+27  -7.56638e+27  8.3937e+27  -8.8615e+27  9.03784e+27  -8.91564e+27  8.47273e+27  -7.71882e+27  6.72212e+27  -5.61787e+27  4.59691e+27  -3.86904e+27  3.60308e+27  -3.86451e+27  4.58794e+27  -5.60471e+27  6.70518e+27  -7.69878e+27  8.45047e+27  -8.89219e+27  9.0143e+27  -8.83897e+27  8.37321e+27  -7.54891e+27  6.18653e+27  -4.04259e+27  9.92611e+26  2.67101e+27  
-2.61221e+27  -9.56209e+26  4.01179e+27  -6.21597e+27  7.65543e+27  -8.55193e+27  9.07294e+27  -9.27981e+27  9.16225e+27  -8.69646e+27  7.89193e+27  -6.81989e+27  5.62438e+27  -4.51236e+27  3.71564e+27  -3.42379e+27  3.71102e+27  -4.50319e+27  5.61088e+27  -6.80249e+27  7.87131e+27  -8.67353e+27  9.13807e+27  -9.25554e+27  9.04971e+27  -8.53083e+27  7.63748e+27  -6.20219e+27  4.00331e+27  -9.54247e+26  -2.60677e+27  
2.51926e+27  9.06896e+26  -3.93021e+27  6.17371e+27  -7.68095e+27  8.64373e+27  -9.21386e+27  9.44712e+27  -9.33261e+27  8.84701e+27  -8.00043e+27  6.86653e+27  -5.59588e+27  4.40794e+27  -3.55294e+27  3.23896e+27  -3.54828e+27  4.39867e+27  -5.58221e+27  6.84888e+27  -7.97947e+27  8.82366e+27  -9.30799e+27  9.42239e+27  -9.19021e+27  8.62227e+27  -7.66274e+27  6.15979e+27  -3.92173e+27  9.04992e+26  2.5139e+27  
-2.40055e+27  -8.48474e+26  3.80775e+27  -6.07081e+27  7.6358e+27  -8.65857e+27  9.27218e+27  -9.52731e+27  9.41441e+27  -8.91253e+27  8.03354e+27  -6.85322e+27  5.52629e+27  -4.28057e+27  3.38024e+27  -3.0488e+27  3.37559e+27  -4.27132e+27  5.51261e+27  -6.83552e+27  8.01248e+27  -8.88905e+27  9.38963e+27  -9.50242e+27  9.24837e+27  -8.63699e+27  7.61754e+27  -6.05694e+27  3.79938e+27  -8.46656e+26  -2.39533e+27  
2.25904e+27  7.82759e+26  -3.64608e+27  5.90512e+27  -7.51322e+27  8.58654e+27  -9.23678e+27  9.50923e+27  -9.39694e+27  8.88297e+27  -7.9823e+27  6.77276e+27  -5.41077e+27  4.12794e+27  -3.1972e+27  2.85373e+27  -3.19262e+27  4.11882e+27  -5.39726e+27  6.75523e+27  -7.96142e+27  8.85964e+27  -9.37229e+27  9.48448e+27  -9.21312e+27  8.56513e+27  -7.49515e+27  5.89148e+27  -3.63795e+27  7.81051e+26  2.25405e+27  
-2.09789e+27  -7.11583e+26  3.44735e+27  -5.67531e+27  7.30743e+27  -8.41883e+27  9.09764e+27  -9.38294e+27  9.27088e+27  -8.75001e+27  7.83971e+27  -6.61978e+27  5.24589e+27  -3.94855e+27  3.00381e+27  -2.6543e+27  2.99935e+27  -3.93966e+27  5.2327e+27  -6.60264e+27  7.81926e+27  -8.72714e+27  9.24669e+27  -9.35863e+27  9.07442e+27  -8.39784e+27  7.28979e+27  -5.66208e+27  3.43955e+27  -7.10003e+26  -2.09319e+27  
1.9205e+27  6.36788e+26  -3.21433e+27  5.38131e+27  -7.01427e+27  8.1481e+27  -8.84607e+27  9.13981e+27  -9.02852e+27  8.50726e+27  -7.6009e+27  6.39098e+27  -5.0298e+27  3.7418e+27  -2.80042e+27  2.45123e+27  -2.79613e+27  3.73325e+27  -5.0171e+27  6.37445e+27  -7.58113e+27  8.48512e+27  -9.0051e+27  9.11626e+27  -8.82359e+27  8.12783e+27  -6.99729e+27  5.36867e+27  -3.20697e+27  6.35354e+26  1.91613e+27  
-1.73051e+27  -5.60215e+26  2.95068e+27  -5.02483e+27  6.63178e+27  -7.76926e+27  8.47536e+27  -8.77305e+27  8.66415e+27  -8.15065e+27  7.26354e+27  -6.08543e+27  4.7624e+27  -3.50808e+27  2.5877e+27  -2.24531e+27  2.58362e+27  -3.49996e+27  4.75034e+27  -6.06972e+27  7.24472e+27  -8.12955e+27  8.6418e+27  -8.75058e+27  8.45392e+27  -7.74996e+27  6.6157e+27  -5.01295e+27  2.94385e+27  -5.58937e+26  -1.72653e+27  
1.53189e+27  4.83662e+26  -2.66101e+27  4.60975e+27  -6.16096e+27  7.2803e+27  -7.98175e+27  8.27879e+27  -8.17501e+27  7.67928e+27  -6.82848e+27  5.70493e+27  -4.44554e+27  3.24876e+27  -2.36664e+27  2.0374e+27  -2.36283e+27  3.24117e+27  -4.43426e+27  5.69023e+27  -6.81086e+27  7.65951e+27  -8.15404e+27  8.2577e+27  -7.96166e+27  7.26227e+27  -6.14601e+27  4.5988e+27  -2.65479e+27  4.82546e+26  1.52833e+27  
-1.32881e+27  -4.08848e+26  2.35104e+27  -4.14256e+27  5.60659e+27  -6.68358e+27  7.36593e+27  -7.65746e+27  7.5627e+27  -7.0965e+27  6.3004e+27  -5.25435e+27  4.08308e+27  -2.96624e+27  2.13853e+27  -1.82841e+27  2.13502e+27  -2.95925e+27  4.07271e+27  -5.24084e+27  6.28421e+27  -7.07832e+27  7.54341e+27  -7.63807e+27  7.34747e+27  -6.66707e+27  5.59297e+27  -4.13267e+27  2.3455e+27  -4.07894e+26  -1.32569e+27  
1.12567e+27  3.37358e+26  -2.02758e+27  3.63266e+27  -4.97806e+27  5.98713e+27  -6.63472e+27  6.91578e+27  -6.83488e+27  6.4112e+27  -5.68863e+27  4.74192e+27  -3.68088e+27  2.6638e+27  -1.90486e+27  1.61921e+27  -1.90168e+27  2.65748e+27  -3.67152e+27  4.72975e+27  -5.67406e+27  6.39484e+27  -6.81753e+27  6.89835e+27  -6.61815e+27  5.97236e+27  -4.96595e+27  3.62394e+27  -2.02277e+27  3.36564e+26  1.12301e+27  
-9.26984e+26  -2.70601e+26  1.69855e+27  -3.09267e+27  4.29016e+27  -5.20606e+27  5.803e+27  -6.06874e+27  6.00703e+27  -5.639e+27  5.0076e+27  -4.1792e+27  3.24664e+27  -2.3455e+27  1.66726e+27  -1.41061e+27  1.66444e+27  -2.3399e+27  3.23839e+27  -4.16849e+27  4.9948e+27  -5.62466e+27  5.99184e+27  -6.0535e+27  5.78855e+27  -5.19323e+27  4.27971e+27  -3.08522e+27  1.69449e+27  -2.69959e+26  -9.24776e+26  
7.37328e+26  2.09769e+26  -1.37291e+27  2.53861e+27  -3.56378e+27  4.36393e+27  -4.89553e+27  5.14148e+27  -5.10391e+27  4.80291e+27  -4.27679e+27  3.58067e+27  -2.78941e+27  2.01582e+27  -1.42737e+27  1.20333e+27  -1.42493e+27  2.01099e+27  -2.78231e+27  3.57151e+27  -4.26588e+27  4.79073e+27  -5.09104e+27  5.1286e+27  -4.88336e+27  4.35318e+27  -3.55508e+27  2.53246e+27  -1.36961e+27  2.09267e+26  7.3556e+26  
-5.61305e+26  -1.55827e+26  1.06061e+27  -1.98994e+27  2.82634e+27  -3.49354e+27  3.94789e+27  -4.17003e+27  4.15959e+27  -3.93269e+27  3.51967e+27  -2.96263e+27  2.31882e+27  -1.67932e+27  1.18672e+27  -9.97895e+26  1.18467e+27  -1.67528e+27  2.31291e+27  -2.95506e+27  3.51071e+27  -3.92273e+27  4.14912e+27  -4.15959e+27  3.93808e+27  -3.48493e+27  2.81942e+27  -1.9851e+27  1.05804e+27  -1.55451e+26  -5.5995e+26  
4.03528e+26  1.0953e+26  -7.72463e+26  1.46935e+27  -2.11138e+27  2.63635e+27  -3.00549e+27  3.19946e+27  -3.21495e+27  3.06194e+27  -2.76104e+27  2.34128e+27  -1.84399e+27  1.34013e+27  -9.46557e+26  7.94611e+26  -9.44913e+26  1.3369e+27  -1.83929e+27  2.3353e+27  -2.75402e+27  3.05419e+27  -3.20686e+27  3.19146e+27  -2.99801e+27  2.62983e+27  -2.1062e+27  1.46576e+27  -7.70583e+26  1.09265e+26  4.02547e+26  
-2.6833e+26  -7.14046e+25  5.19372e+26  -1.0008e+27  1.45531e+27  -1.83766e+27  2.11732e+27  -2.27695e+27  2.31066e+27  -2.22215e+27  2.02273e+27  -1.73012e+27  1.37224e+27  -1.00148e+27  7.07718e+26  -5.93531e+26  7.06481e+26  -9.99057e+26  1.36875e+27  -1.7257e+27  2.01759e+27  -2.21653e+27  2.30485e+27  -2.27125e+27  2.11204e+27  -1.83311e+27  1.45172e+27  -9.98345e+26  5.181e+26  -7.12301e+25  -2.67674e+26  
1.58399e+26  4.14735e+25  -3.09301e+26  6.03106e+26  -8.87404e+26  1.13392e+27  -1.32191e+27  1.438e+27  -1.47561e+27  1.43418e+27  -1.31824e+27  1.13712e+27  -9.07864e+26  6.65219e+26  -4.70539e+26  3.94427e+26  -4.69714e+26  6.63611e+26  -9.0555e+26  1.13421e+27  -1.31489e+27  1.43055e+27  -1.4719e+27  1.4344e+27  -1.31861e+27  1.1311e+27  -8.85208e+26  6.01617e+26  -3.0854e+26  4.13716e+25  1.58009e+26  
-7.19082e+25  -1.86192e+25  1.41248e+26  -2.77948e+26  4.12934e+26  -5.3295e+26  6.27583e+26  -6.89426e+26  7.14072e+26  -6.99983e+26  6.48276e+26  -5.62736e+26  4.5142e+26  -3.31722e+26  2.34838e+26  -1.96813e+26  2.34426e+26  -3.30919e+26  4.50269e+26  -5.61298e+26  6.46627e+26  -6.98211e+26  7.12273e+26  -6.87696e+26  6.26014e+26  -5.31622e+26  4.11908e+26  -2.77259e+26  1.40898e+26  -1.85732e+25  -7.17304e+25  
0  0  0  0  0  0  0  0  0  0  0  0  0  0  0  0  0  0  0  0  0  0  0  0  0  0  0  0  0  0  0  
