1  1  1  1  1  1  1  1  1  1  1  1  1  1  1  1  1  1  1  1  1  1  1  1  1  1  1  1  1  1  1  
-7.06278e+27  -2.78008e+27  1.0068e+28  -1.57679e+28  2.06124e+28  -2.48831e+28  2.86184e+28  -3.18081e+28  3.44558e+28  -3.65861e+28  3.8241e+28  -3.94748e+28  4.03479e+28  -4.09193e+28  4.12387e+28  -4.1339e+28  4.12322e+28  -4.09066e+28  4.03295e+28  -3.94515e+28  3.82138e+28  -3.65562e+28  3.44244e+28  -3.17767e+28  2.85883e+28  -2.48556e+28  2.05888e+28  -1.57493e+28  1.0056e+28  -2.77672e+27  -7.05428e+27  
1.37855e+28  5.42808e+27  -1.96442e+28  3.05537e+28  -3.94908e+28  4.69686e+28  -5.30726e+28  5.78336e+28  -6.13411e+28  6.37437e+28  -6.52316e+28  6.60205e+28  -6.6333e+28  6.63775e+28  -6.63258e+28  6.62909e+28  -6.63129e+28  6.63523e+28  -6.62965e+28  6.59743e+28  -6.51776e+28  6.36842e+28  -6.12788e+28  5.77711e+28  -5.30128e+28  4.6914e+28  -3.94439e+28  3.05168e+28  -1.96202e+28  5.42143e+27  1.37686e+28  
-1.98897e+28  -7.83298e+27  2.83372e+28  -4.36444e+28  5.55135e+28  -6.4679e+28  7.13647e+28  -7.57782e+28  7.82291e+28  -7.90955e+28  7.87883e+28  -7.77323e+28  7.63481e+28  -7.50251e+28  7.40843e+28  -7.37393e+28  7.40653e+28  -7.49878e+28  7.62941e+28  -7.76638e+28  7.87083e+28  -7.90073e+28  7.81367e+28  -7.56855e+28  7.12758e+28  -6.45979e+28  5.54438e+28  -4.35896e+28  2.83017e+28  -7.82317e+27  -1.98648e+28  
2.51944e+28  9.91794e+27  -3.59114e+28  5.47191e+28  -6.83917e+28  7.79733e+28  -8.40089e+28  8.70461e+28  -8.76934e+28  8.65473e+28  -8.41724e+28  8.11232e+28  -7.79562e+28  7.52082e+28  -7.33414e+28  7.26729e+28  -7.33165e+28  7.51593e+28  -7.78853e+28  8.10334e+28  -8.40673e+28  8.64314e+28  -8.75718e+28  8.69241e+28  -8.38919e+28  7.78665e+28  -6.82999e+28  5.46471e+28  -3.58648e+28  9.90515e+27  2.51618e+28  
-2.9618e+28  -1.16426e+28  4.22837e+28  -6.37993e+28  7.84689e+28  -8.77927e+28  9.28115e+28  -9.44798e+28  9.36372e+28  -9.09515e+28  8.69915e+28  -8.23396e+28  7.76489e+28  -7.36154e+28  7.08806e+28  -6.99031e+28  7.08501e+28  -7.35556e+28  7.75621e+28  -8.22294e+28  8.68625e+28  -9.08092e+28  9.34878e+28  -9.43298e+28  9.26676e+28  -8.76614e+28  7.83561e+28  -6.37108e+28  4.22266e+28  -1.16271e+28  -2.95783e+28  
3.31571e+28  1.29973e+28  -4.74822e+28  7.11089e+28  -8.63601e+28  9.5307e+28  -9.95523e+28  1.00381e+29  -9.86871e+28  9.50348e+28  -8.9891e+28  8.38405e+28  -7.76683e+28  7.22976e+28  -6.86246e+28  6.73074e+28  -6.85889e+28  7.22276e+28  -7.75666e+28  8.37112e+28  -8.97394e+28  9.48674e+28  -9.85113e+28  1.00204e+29  -9.93831e+28  9.51525e+28  -8.62275e+28  7.1005e+28  -4.74154e+28  1.29793e+28  3.31109e+28  
-3.58566e+28  -1.39935e+28  5.1596e+28  -7.69364e+28  9.26664e+28  -1.0145e+29  1.05394e+29  -1.05954e+29  1.03908e+29  -9.96149e+28  9.34237e+28  -8.59566e+28  7.81868e+28  -7.1329e+28  6.65957e+28  -6.48922e+28  6.65553e+28  -7.12496e+28  7.80714e+28  -8.58096e+28  9.32511e+28  -9.94242e+28  1.03707e+29  -1.05753e+29  1.05202e+29  -1.01274e+29  9.25153e+28  -7.68182e+28  5.15203e+28  -1.39734e+28  -3.58047e+28  
3.77846e+28  1.46551e+28  -5.47335e+28  8.15452e+28  -9.78385e+28  1.06794e+29  -1.10888e+29  1.11591e+29  -1.09469e+29  1.04665e+29  -9.74414e+28  8.84943e+28  -7.90173e+28  7.05499e+28  -6.46598e+28  6.25333e+28  -6.46151e+28  7.04621e+28  -7.88894e+28  8.8331e+28  -9.72496e+28  1.04453e+29  -1.09245e+29  1.11367e+29  -1.10673e+29  1.06598e+29  -9.76707e+28  8.14142e+28  -5.465e+28  1.46334e+28  3.77278e+28  
-3.90149e+28  -1.50118e+28  5.69975e+28  -8.51338e+28  1.02153e+29  -1.11603e+29  1.16178e+29  -1.17261e+29  1.15188e+29  -1.09922e+29  1.0167e+29  -9.12186e+28  7.9985e+28  -6.9844e+28  6.27407e+28  -6.01688e+28  6.26924e+28  -6.97488e+28  7.9846e+28  -9.10409e+28  1.01461e+29  -1.0969e+29  1.14944e+29  -1.17016e+29  1.15944e+29  -1.1139e+29  1.0197e+29  -8.49914e+28  5.69072e+28  -1.49888e+28  -3.89541e+28  
3.9617e+28  1.50946e+28  -5.84727e+28  8.78289e+28  -1.05738e+29  1.15936e+29  -1.21194e+29  1.22765e+29  -1.20787e+29  1.15085e+29  -1.05836e+29  9.39098e+28  -8.09356e+28  6.91175e+28  -6.07872e+28  5.77625e+28  -6.07357e+28  6.90159e+28  -8.07871e+28  9.37197e+28  -1.05612e+29  1.14837e+29  -1.20525e+29  1.22502e+29  -1.20943e+29  1.15707e+29  -1.05542e+29  8.76769e+28  -5.83769e+28  1.50706e+28  3.95531e+28  
-3.96529e+28  -1.49338e+28  5.92235e+28  -8.96954e+28  1.08618e+29  -1.19729e+29  1.2577e+29  -1.27855e+29  1.25978e+29  -1.19869e+29  1.09684e+29  -9.63636e+28  8.17273e+28  -6.82893e+28  5.8762e+28  -5.52931e+28  5.8708e+28  -6.81827e+28  8.1571e+28  -9.61631e+28  1.09447e+29  -1.19607e+29  1.25701e+29  -1.27578e+29  1.25504e+29  -1.19487e+29  1.08411e+29  -8.95355e+28  5.91234e+28  -1.49094e+28  -3.9587e+28  
3.91766e+28  1.45585e+28  -5.92957e+28  9.07516e+28  -1.10751e+29  1.22859e+29  -1.29705e+29  1.32286e+29  -1.30497e+29  1.24014e+29  -1.12979e+29  9.83913e+28  -8.22297e+28  6.72878e+28  -5.6637e+28  5.27487e+28  -5.65812e+28  6.71773e+28  -8.20676e+28  9.81828e+28  -1.12733e+29  1.2374e+29  -1.30208e+29  1.31996e+29  -1.29428e+29  1.22607e+29  -1.10535e+29  9.05858e+28  -5.91928e+28  1.4534e+28  3.91097e+28  
-3.82361e+28  -1.39965e+28  5.87222e+28  -9.0985e+28  1.12054e+29  -1.25175e+29  1.328e+29  -1.35827e+29  1.34106e+29  -1.27289e+29  1.15513e+29  -9.98221e+28  8.23246e+28  -6.60498e+28  5.43912e+28  -5.01239e+28  5.43342e+28  -6.59369e+28  8.21584e+28  -9.96079e+28  1.15259e+29  -1.27006e+29  1.33808e+29  -1.35528e+29  1.32514e+29  -1.24915e+29  1.11833e+29  -9.08154e+28  5.86179e+28  -1.39724e+28  -3.81691e+28  
3.68755e+28  1.32746e+28  -5.7528e+28  9.03662e+28  -1.12427e+29  1.26518e+29  -1.34862e+29  1.38276e+29  -1.366e+29  1.29492e+29  -1.17101e+29  1.00505e+29  -8.19071e+28  6.45209e+28  -5.20093e+28  4.7418e+28  -5.19518e+28  6.44068e+28  -8.17388e+28  1.00287e+29  -1.16843e+29  1.29205e+29  -1.36296e+29  1.37972e+29  -1.34571e+29  1.26254e+29  -1.12203e+29  9.01949e+28  -5.74236e+28  1.32512e+28  3.68094e+28  
-3.51377e+28  -1.24195e+28  5.57352e+28  -8.88598e+28  1.11766e+29  -1.26735e+29  1.35716e+29  -1.3945e+29  1.37797e+29  -1.30451e+29  1.17586e+29  -1.0031e+29  8.08883e+28  -6.26564e+28  4.9481e+28  -4.46341e+28  4.94237e+28  -6.25424e+28  8.07199e+28  -1.00092e+29  1.17326e+29  -1.30162e+29  1.37492e+29  -1.39143e+29  1.35423e+29  -1.2647e+29  1.11541e+29  -8.8689e+28  5.56322e+28  -1.23971e+28  -3.50735e+28  
3.30663e+28  1.14575e+28  -5.33688e+28  8.64345e+28  -1.09972e+29  1.25681e+29  -1.35198e+29  1.39185e+29  -1.37541e+29  1.30019e+29  -1.16836e+29  9.9132e+28  -7.91974e+28  6.0422e+28  -4.68013e+28  4.17782e+28  -4.67449e+28  6.03097e+28  -7.9031e+28  9.89162e+28  -1.16579e+29  1.29731e+29  -1.37238e+29  1.3888e+29  -1.34907e+29  1.25417e+29  -1.09749e+29  8.62665e+28  -5.32686e+28  1.14365e+28  3.30048e+28  
-3.07075e+28  -1.04157e+28  5.04598e+28  -8.30705e+28  1.0696e+29  -1.23226e+29  1.33161e+29  -1.37337e+29  1.35697e+29  -1.28073e+29  1.14749e+29  -9.68929e+28  7.67839e+28  -5.7796e+28  4.39703e+28  -3.88587e+28  4.39153e+28  -5.76865e+28  7.66215e+28  -9.66819e+28  1.14497e+29  -1.27791e+29  1.35399e+29  -1.37038e+29  1.32875e+29  -1.22968e+29  1.06742e+29  -8.29076e+28  5.03637e+28  -1.03962e+28  -3.06495e+28  
2.81108e+28  9.32084e+27  -4.70489e+28  7.87671e+28  -1.02668e+29  1.19264e+29  -1.29479e+29  1.33778e+29  -1.32149e+29  1.2452e+29  -1.11253e+29  9.3544e+28  -7.36209e+28  5.47697e+28  -4.09928e+28  3.58857e+28  -4.094e+28  5.46643e+28  -7.34645e+28  9.33405e+28  -1.1101e+29  1.24247e+29  -1.31861e+29  1.33488e+29  -1.29202e+29  1.19014e+29  -1.02459e+29  7.86114e+28  -4.69583e+28  9.30318e+27  2.8057e+28  
-2.53299e+28  -8.2e+27  4.31896e+28  -7.35491e+28  9.70698e+28  -1.13719e+29  1.24053e+29  -1.2841e+29  1.26816e+29  -1.193e+29  1.06316e+29  -8.90718e+28  6.9707e+28  -5.13484e+28  3.78788e+28  -3.28711e+28  3.78287e+28  -5.12484e+28  6.95585e+28  -8.88783e+28  1.06084e+29  -1.1904e+29  1.26541e+29  -1.28134e+29  1.23789e+29  -1.13481e+29  9.68718e+28  -7.34028e+28  4.31055e+28  -8.18426e+27  -2.52809e+28  
2.24225e+28  7.07946e+27  -3.89496e+28  6.74735e+28  -9.01784e+28  1.06562e+29  -1.16829e+29  1.21176e+29  -1.19657e+29  1.12401e+29  -9.99476e+28  8.35025e+28  -6.50691e+28  4.75527e+28  -3.46429e+28  2.98274e+28  -3.4596e+28  4.74591e+28  -6.49302e+28  8.33214e+28  -9.97307e+28  1.12157e+29  -1.19399e+29  1.20916e+29  -1.16581e+29  1.0634e+29  -8.99942e+28  6.73386e+28  -3.88731e+28  7.06571e+27  2.23787e+28  
-1.945e+28  -5.98438e+27  3.44125e+28  -6.06351e+28  8.20641e+28  -9.78277e+28  1.07815e+29  -1.12082e+29  1.10695e+29  -1.03871e+29  9.22184e+28  -7.69074e+28  5.97638e+28  -4.34172e+28  3.13038e+28  -2.67677e+28  3.12606e+28  -4.33311e+28  5.9636e+28  -7.67411e+28  9.2019e+28  -1.03647e+29  1.10457e+29  -1.11843e+29  1.07588e+29  -9.76243e+28  8.18963e+28  -6.05133e+28  3.43443e+28  -5.97263e+27  -1.94116e+28  
1.64766e+28  4.93796e+27  -2.96779e+28  5.31716e+28  -7.28642e+28  8.76337e+28  -9.71122e+28  1.01226e+29  -1.00042e+29  9.38402e+28  -8.3264e+28  6.9407e+28  -5.38768e+28  3.89904e+28  -2.78833e+28  2.3705e+28  -2.78441e+28  3.89126e+28  -5.37616e+28  6.92572e+28  -8.30846e+28  9.36388e+28  -9.9828e+28  1.01011e+29  -9.69082e+28  8.74518e+28  -7.2715e+28  5.30643e+28  -2.96187e+28  4.92819e+27  1.64438e+28  
-1.35684e+28  -3.96083e+27  2.48618e+28  -4.52677e+28  6.27953e+28  -7.62012e+28  8.49385e+28  -8.8828e+28  8.79246e+28  -8.25376e+28  7.32958e+28  -6.11706e+28  4.75209e+28  -3.43313e+28  2.44052e+28  -2.06512e+28  2.43705e+28  -3.42624e+28  4.74192e+28  -6.10387e+28  7.31382e+28  -8.2361e+28  8.77375e+28  -8.86403e+28  8.47606e+28  -7.60432e+28  6.26666e+28  -4.51759e+28  2.48119e+28  -3.95292e+27  -1.35412e+28  
1.07923e+28  3.07041e+27  -2.00954e+28  3.71578e+28  -5.21633e+28  6.38749e+28  -7.16558e+28  7.52557e+28  -7.47057e+28  7.02999e+28  -6.2599e+28  5.241e+28  -4.08284e+28  2.95057e+28  -2.08937e+28  1.76166e+28  -2.08637e+28  2.94463e+28  -4.0741e+28  5.22972e+28  -6.24647e+28  7.01499e+28  -7.45472e+28  7.50971e+28  -7.15059e+28  6.37425e+28  -5.20561e+28  3.70821e+28  -2.00548e+28  3.06423e+27  1.07706e+28  
-8.21587e+27  -2.28085e+27  1.55242e+28  -2.91269e+28  4.13692e+28  -5.1135e+28  5.77853e+28  -6.10366e+28  6.08838e+28  -5.75625e+28  5.15171e+28  -4.33638e+28  3.39404e+28  -2.45803e+28  1.73711e+28  -1.46091e+28  1.73459e+28  -2.45306e+28  3.38677e+28  -4.32705e+28  5.14068e+28  -5.74399e+28  6.07549e+28  -6.09081e+28  5.76645e+28  -5.10289e+28  4.12841e+28  -2.90673e+28  1.54926e+28  -2.27623e+27  -8.19918e+27  
5.90647e+27  1.6032e+27  -1.13066e+28  2.15069e+28  -3.09044e+28  3.85883e+28  -4.39913e+28  4.68304e+28  -4.70571e+28  4.48174e+28  -4.04131e+28  3.42692e+28  -2.69903e+28  1.96156e+28  -1.38556e+28  1.1633e+28  -1.38353e+28  1.95759e+28  -2.69325e+28  3.41955e+28  -4.03266e+28  4.4722e+28  -4.69575e+28  4.67319e+28  -4.38993e+28  3.85081e+28  -3.08405e+28  2.14627e+28  -1.12834e+28  1.59993e+27  5.89439e+27  
-3.92756e+27  -1.04515e+27  7.60207e+27  -1.46488e+28  2.13014e+28  -2.68979e+28  3.09911e+28  -3.33276e+28  3.38211e+28  -3.25256e+28  2.96066e+28  -2.53237e+28  2.00854e+28  -1.46587e+28  1.03595e+28  -8.68923e+27  1.03442e+28  -1.46289e+28  2.00423e+28  -2.52692e+28  2.95433e+28  -3.24563e+28  3.37495e+28  -3.32574e+28  3.09262e+28  -2.68418e+28  2.12572e+28  -1.46185e+28  7.58641e+27  -1.043e+27  -3.91947e+27  
2.31848e+27  6.07049e+26  -4.52725e+27  8.82767e+27  -1.29889e+28  1.65971e+28  -1.93487e+28  2.1048e+28  -2.15985e+28  2.0992e+28  -1.9295e+28  1.66439e+28  -1.32883e+28  9.73687e+27  -6.88768e+27  5.77437e+27  -6.87752e+27  9.71706e+27  -1.32598e+28  1.66081e+28  -1.92537e+28  2.09473e+28  -2.15527e+28  2.10036e+28  -1.93081e+28  1.65624e+28  -1.29619e+28  8.80934e+27  -4.51787e+27  6.05794e+26  2.31368e+27  
-1.05252e+27  -2.7253e+26  2.06744e+27  -4.06832e+27  6.04411e+27  -7.80078e+27  9.18592e+27  -1.00911e+28  1.04518e+28  -1.02456e+28  9.48877e+27  -8.23671e+27  6.6074e+27  -4.85544e+27  3.43752e+27  -2.88132e+27  3.43245e+27  -4.84555e+27  6.59323e+27  -8.219e+27  9.46846e+27  -1.02238e+28  1.04297e+28  -1.00698e+28  9.1666e+27  -7.78443e+27  6.03148e+27  -4.05984e+27  2.06314e+27  -2.71963e+26  -1.05033e+27  
0  0  0  0  0  0  0  0  0  0  0  0  0  0  0  0  0  0  0  0  0  0  0  0  0  0  0  0  0  0  0  
