1  1  1  1  1  1  1  1  1  1  1  1  1  1  1  1  1  1  1  1  1  1  1  1  1  1  1  1  1  1  1  
2.48561e+31  9.78396e+30  -3.54325e+31  5.54924e+31  -7.25424e+31  8.75731e+31  -1.0072e+32  1.11947e+32  -1.21268e+32  1.28768e+32  -1.34596e+32  1.38942e+32  -1.42019e+32  1.44034e+32  -1.45163e+32  1.45521e+32  -1.45149e+32  1.44008e+32  -1.4198e+32  1.38893e+32  -1.34539e+32  1.28706e+32  -1.21203e+32  1.11882e+32  -1.00658e+32  8.7516e+31  -7.24933e+31  5.54539e+31  -3.54075e+31  9.77697e+30  2.48385e+31  
-4.85153e+31  -1.9103e+31  6.91338e+31  -1.07528e+32  1.38981e+32  -1.65299e+32  1.86782e+32  -2.0354e+32  2.15887e+32  -2.24346e+32  2.29588e+32  -2.32371e+32  2.33478e+32  -2.33643e+32  2.33469e+32  -2.33356e+32  2.33443e+32  -2.3359e+32  2.33402e+32  -2.32275e+32  2.29476e+32  -2.24223e+32  2.15757e+32  -2.0341e+32  1.86658e+32  -1.65185e+32  1.38883e+32  -1.07451e+32  6.9084e+31  -1.90892e+31  -4.84803e+31  
6.99974e+31  2.75664e+31  -9.97265e+31  1.53597e+32  -1.95367e+32  2.27623e+32  -2.51152e+32  2.66686e+32  -2.75314e+32  2.78367e+32  -2.77291e+32  2.73582e+32  -2.6872e+32  2.64075e+32  -2.60776e+32  2.59576e+32  -2.60737e+32  2.63997e+32  -2.68608e+32  2.7344e+32  -2.77125e+32  2.78184e+32  -2.75122e+32  2.66493e+32  -2.50968e+32  2.27455e+32  -1.95222e+32  1.53483e+32  -9.96526e+31  2.7546e+31  6.99456e+31  
-8.86653e+31  -3.49037e+31  1.26381e+32  -1.92569e+32  2.40685e+32  -2.74403e+32  2.95642e+32  -3.0633e+32  3.08609e+32  -3.04578e+32  2.96226e+32  -2.85504e+32  2.74369e+32  -2.64711e+32  2.58157e+32  -2.55822e+32  2.58105e+32  -2.6461e+32  2.74221e+32  -2.85317e+32  2.96008e+32  -3.04337e+32  3.08356e+32  -3.06076e+32  2.95399e+32  -2.74181e+32  2.40494e+32  -1.92419e+32  1.26284e+32  -3.48771e+31  -8.85975e+31  
1.04232e+32  4.09729e+31  -1.48805e+32  2.24521e+32  -2.76143e+32  3.08952e+32  -3.26609e+32  3.32478e+32  -3.29512e+32  3.20063e+32  -3.06133e+32  2.89771e+32  -2.73276e+32  2.59096e+32  -2.49491e+32  2.46071e+32  -2.49427e+32  2.58972e+32  -2.73095e+32  2.89542e+32  -3.05865e+32  3.19767e+32  -3.29201e+32  3.32166e+32  -3.2631e+32  3.08679e+32  -2.75909e+32  2.24337e+32  -1.48686e+32  4.09406e+31  1.0415e+32  
-1.16686e+32  -4.57398e+31  1.67098e+32  -2.50241e+32  3.03908e+32  -3.35386e+32  3.5032e+32  -3.53232e+32  3.4727e+32  -3.34419e+32  3.16323e+32  -2.95041e+32  2.73333e+32  -2.5445e+32  2.41545e+32  -2.36934e+32  2.41471e+32  -2.54305e+32  2.73122e+32  -2.94772e+32  3.16008e+32  -3.34071e+32  3.46904e+32  -3.52865e+32  3.49968e+32  -3.35065e+32  3.03632e+32  -2.50025e+32  1.66959e+32  -4.57025e+31  -1.1659e+32  
1.26184e+32  4.9245e+31  -1.81573e+32  2.70745e+32  -3.26093e+32  3.56996e+32  -3.70868e+32  3.72834e+32  -3.6563e+32  3.50525e+32  -3.28744e+32  3.02477e+32  -2.75149e+32  2.51034e+32  -2.344e+32  2.28432e+32  -2.34316e+32  2.50869e+32  -2.74908e+32  3.02171e+32  -3.28385e+32  3.50128e+32  -3.65213e+32  3.72415e+32  -3.70467e+32  3.5663e+32  -3.25779e+32  2.70499e+32  -1.81415e+32  4.92034e+31  1.26076e+32  
-1.32968e+32  -5.1573e+31  1.92612e+32  -2.86959e+32  3.44288e+32  -3.75793e+32  3.90192e+32  -3.92658e+32  3.85188e+32  -3.68287e+32  3.42873e+32  -3.11398e+32  2.78063e+32  -2.48285e+32  2.27582e+32  -2.20128e+32  2.27489e+32  -2.48103e+32  2.77797e+32  -3.11059e+32  3.42474e+32  -3.67846e+32  3.84724e+32  -3.92193e+32  3.89745e+32  -3.75386e+32  3.43939e+32  -2.86687e+32  1.92438e+32  -5.15278e+31  -1.3285e+32  
1.37296e+32  5.28276e+31  -2.00576e+32  2.99584e+32  -3.59464e+32  3.9271e+32  -4.088e+32  4.12602e+32  -4.05307e+32  3.86778e+32  -3.57747e+32  3.20978e+32  -2.81462e+32  2.45795e+32  -2.20824e+32  2.11805e+32  -2.20723e+32  2.45597e+32  -2.81173e+32  3.20608e+32  -3.57312e+32  3.86297e+32  -4.048e+32  4.12094e+32  -4.08313e+32  3.92266e+32  -3.59083e+32  2.99288e+32  -2.00389e+32  5.27797e+31  1.37169e+32  
-1.39413e+32  -5.31183e+31  2.05766e+32  -3.09064e+32  3.72074e+32  -4.0795e+32  4.26445e+32  -4.31965e+32  4.25002e+32  -4.04942e+32  3.72402e+32  -3.30442e+32  2.84801e+32  -2.43233e+32  2.13945e+32  -2.03334e+32  2.13838e+32  -2.43022e+32  2.84492e+32  -3.30047e+32  3.71936e+32  -4.04426e+32  4.24459e+32  -4.3142e+32  4.25922e+32  -4.07474e+32  3.71667e+32  -3.08748e+32  2.05566e+32  -5.30685e+31  -1.3928e+32  
1.39538e+32  5.2552e+31  -2.08405e+32  3.15629e+32  -3.82206e+32  4.21294e+32  -4.4254e+32  4.49874e+32  -4.43266e+32  4.21772e+32  -3.85937e+32  3.39073e+32  -2.87582e+32  2.40314e+32  -2.06814e+32  1.94642e+32  -2.06702e+32  2.40092e+32  -2.87257e+32  3.38656e+32  -3.85444e+32  4.21226e+32  -4.42691e+32  4.49297e+32  -4.41987e+32  4.2079e+32  -3.81776e+32  3.15296e+32  -2.08197e+32  5.25012e+31  1.39401e+32  
-1.3786e+32  -5.1231e+31  2.08657e+32  -3.19343e+32  3.89707e+32  -4.32304e+32  4.56386e+32  -4.6546e+32  4.59164e+32  -4.36354e+32  3.9753e+32  -3.46205e+32  2.89347e+32  -2.36786e+32  1.99332e+32  -1.85685e+32  1.99216e+32  -2.36556e+32  2.89009e+32  -3.45771e+32  3.97017e+32  -4.35784e+32  4.58563e+32  -4.64857e+32  4.55809e+32  -4.31779e+32  3.8926e+32  -3.18998e+32  2.08443e+32  -5.118e+31  -1.37721e+32  
1.3455e+32  4.92528e+31  -2.06638e+32  3.20162e+32  -3.9429e+32  4.4045e+32  -4.67273e+32  4.77921e+32  -4.71863e+32  4.47875e+32  -4.06444e+32  3.51238e+32  -2.89678e+32  2.32426e+32  -1.91426e+32  1.76445e+32  -1.91307e+32  2.32191e+32  -2.89332e+32  3.50792e+32  -4.05916e+32  4.47288e+32  -4.71244e+32  4.77299e+32  -4.66678e+32  4.3991e+32  -3.9383e+32  3.19809e+32  -2.06421e+32  4.92026e+31  1.3441e+32  
-1.29761e+32  -4.67122e+31  2.02434e+32  -3.17982e+32  3.95602e+32  -4.45177e+32  4.7453e+32  -4.86537e+32  4.80637e+32  -4.55628e+32  4.12031e+32  -3.53638e+32  2.88207e+32  -2.27043e+32  1.83041e+32  -1.6692e+32  1.82921e+32  -2.26806e+32  2.87856e+32  -3.53186e+32  4.11494e+32  -4.5503e+32  4.80007e+32  -4.85904e+32  4.73924e+32  -4.44627e+32  3.95136e+32  -3.17626e+32  2.02216e+32  -4.66635e+31  -1.29623e+32  
1.23645e+32  4.37026e+31  -1.96124e+32  3.1268e+32  -3.93275e+32  4.4594e+32  -4.77533e+32  4.90667e+32  -4.84851e+32  4.59003e+32  -4.13736e+32  3.52952e+32  -2.8462e+32  2.2048e+32  -1.74141e+32  1.5712e+32  -1.74021e+32  2.20243e+32  -2.8427e+32  3.52498e+32  -4.13196e+32  4.58402e+32  -4.84216e+32  4.9003e+32  -4.76924e+32  4.45387e+32  -3.92807e+32  3.12324e+32  -1.9591e+32  4.3656e+31  1.23511e+32  
-1.16355e+32  -4.03174e+31  1.87796e+32  -3.04144e+32  3.8696e+32  -4.4223e+32  4.75711e+32  -4.89738e+32  4.83952e+32  -4.57482e+32  4.11098e+32  -3.48807e+32  2.78669e+32  -2.12615e+32  1.64708e+32  -1.47067e+32  1.64591e+32  -2.12382e+32  2.78323e+32  -3.48358e+32  4.10563e+32  -4.56884e+32  4.83321e+32  -4.89104e+32  4.75105e+32  -4.41682e+32  3.86497e+32  -3.03795e+32  1.87587e+32  -4.02736e+31  -1.16227e+32  
1.08054e+32  3.6651e+31  -1.77558e+32  2.92306e+32  -3.7636e+32  4.33593e+32  -4.68546e+32  4.83235e+32  -4.77462e+32  4.50636e+32  -4.03755e+32  3.40928e+32  -2.70176e+32  2.03374e+32  -1.54744e+32  1.3679e+32  -1.54629e+32  2.03146e+32  -2.69839e+32  3.4049e+32  -4.03231e+32  4.5005e+32  -4.76842e+32  4.82613e+32  -4.67951e+32  4.33055e+32  -3.75908e+32  2.91967e+32  -1.77358e+32  3.66105e+31  1.07934e+32  
-9.89162e+31  -3.27983e+31  1.65555e+32  -2.77162e+32  3.61261e+32  -4.1965e+32  4.55591e+32  -4.70715e+32  4.64982e+32  -4.38135e+32  3.91456e+32  -3.29145e+32  2.59046e+32  -1.92723e+32  1.44264e+32  -1.26324e+32  1.44154e+32  -1.92504e+32  2.58721e+32  -3.28722e+32  3.9095e+32  -4.37568e+32  4.64382e+32  -4.70112e+32  4.55015e+32  -4.19131e+32  3.60826e+32  -2.76838e+32  1.65367e+32  -3.27616e+31  -9.88044e+31  
8.91304e+31  2.88541e+31  -1.51975e+32  2.58801e+32  -3.41561e+32  4.00139e+32  -4.365e+32  4.51828e+32  -4.46217e+32  4.1977e+32  -3.74083e+32  3.13409e+32  -2.45274e+32  1.80684e+32  -1.33304e+32  1.15712e+32  -1.332e+32  1.80476e+32  -2.44965e+32  3.13007e+32  -3.73601e+32  4.1923e+32  -4.45645e+32  4.51253e+32  -4.35951e+32  3.99645e+32  -3.41149e+32  2.58497e+32  -1.518e+32  2.88214e+31  8.90285e+31  
-7.88996e+31  -2.49111e+31  1.37055e+32  -2.37422e+32  3.17312e+32  -3.74957e+32  4.1108e+32  -4.26374e+32  4.21028e+32  -3.95496e+32  3.51677e+32  -2.93813e+32  2.28955e+32  -1.67327e+32  1.21916e+32  -1.04998e+32  1.21818e+32  -1.67132e+32  2.28666e+32  -2.93437e+32  3.51226e+32  -3.94989e+32  4.20491e+32  -4.25834e+32  4.10565e+32  -3.74495e+32  3.16928e+32  -2.37141e+32  1.36895e+32  -2.48825e+31  -7.88085e+31  
6.84398e+31  2.10576e+31  -1.21089e+32  2.13359e+32  -2.88759e+32  3.44225e+32  -3.79364e+32  3.94376e+32  -3.89494e+32  3.65483e+32  -3.24482e+32  2.70608e+32  -2.10287e+32  1.52774e+32  -1.10164e+32  9.42272e+31  -1.10074e+32  1.52595e+32  -2.10021e+32  2.70262e+32  -3.24067e+32  3.65017e+32  -3.89e+32  3.93879e+32  -3.78891e+32  3.43802e+32  -2.8841e+32  2.13105e+32  -1.20947e+32  2.10332e+31  6.836e+31  
-5.79769e+31  -1.73755e+31  1.04429e+32  -1.87096e+32  2.56388e+32  -3.08355e+32  3.41706e+32  -3.56179e+32  3.52011e+32  -3.30189e+32  2.92975e+32  -2.44217e+32  1.89573e+32  -1.37197e+32  9.81259e+31  -8.34459e+31  9.80445e+31  -1.37035e+32  1.89333e+32  -2.43906e+32  2.92602e+32  -3.2977e+32  3.51566e+32  -3.55732e+32  3.41281e+32  -3.07977e+32  2.56077e+32  -1.86873e+32  1.04306e+32  -1.73551e+31  -5.79088e+31  
4.77435e+31  1.39371e+31  -8.74821e+31  1.59284e+32  -2.20958e+32  2.68128e+32  -2.98871e+32  3.12555e+32  -3.09376e+32  2.9042e+32  -2.57901e+32  2.15236e+32  -1.67209e+32  1.20803e+32  -8.58858e+31  7.2696e+31  -8.58136e+31  1.2066e+32  -1.66997e+32  2.14962e+32  -2.57573e+32  2.90053e+32  -3.08987e+32  3.12165e+32  -2.98501e+32  2.678e+32  -2.2069e+32  1.59093e+32  -8.73782e+31  1.39207e+31  4.7687e+31  
-3.79753e+31  -1.0804e+31  7.07101e+31  -1.30748e+32  1.83547e+32  -2.24756e+32  2.52133e+32  -2.64799e+32  2.62863e+32  -2.4736e+32  2.20263e+32  -1.84411e+32  1.4366e+32  -1.03823e+32  7.35281e+31  -6.20138e+31  7.34656e+31  -1.03699e+32  1.43479e+32  -1.84177e+32  2.19984e+32  -2.47048e+32  2.62534e+32  -2.6447e+32  2.51822e+32  -2.2448e+32  1.83324e+32  -1.3059e+32  7.06256e+31  -1.07911e+31  -3.793e+31  
2.89093e+31  8.02568e+30  -5.46253e+31  1.02489e+32  -1.45566e+32  1.79928e+32  -2.03328e+32  2.14767e+32  -2.14229e+32  2.02542e+32  -1.8127e+32  1.52581e+32  -1.19424e+32  8.64913e+31  -6.11312e+31  5.14265e+31  -6.10788e+31  8.63879e+31  -1.19273e+32  1.52387e+32  -1.81041e+32  2.02287e+32  -2.13961e+32  2.145e+32  -2.03076e+32  1.79707e+32  -1.45389e+32  1.02365e+32  -5.45596e+31  8.01606e+30  2.88746e+31  
-2.07831e+31  -5.64121e+30  3.97845e+31  -7.56764e+31  1.08743e+32  -1.3578e+32  1.54791e+32  -1.64781e+32  1.65578e+32  -1.57697e+32  1.42199e+32  -1.20581e+32  9.49692e+31  -6.90219e+31  4.87595e+31  -4.09503e+31  4.87174e+31  -6.89392e+31  9.48489e+31  -1.20427e+32  1.42019e+32  -1.57498e+32  1.6537e+32  -1.64576e+32  1.546e+32  -1.35613e+32  1.0861e+32  -7.55845e+31  3.97364e+31  -5.6344e+30  -2.0758e+31  
1.38199e+31  3.67758e+30  -2.67494e+31  5.15445e+31  -7.49528e+31  9.46449e+31  -1.09048e+32  1.17269e+32  -1.19005e+32  1.14446e+32  -1.04175e+32  8.91046e+31  -7.06732e+31  5.15797e+31  -3.64562e+31  3.05876e+31  -3.64246e+31  5.15178e+31  -7.05837e+31  8.89914e+31  -1.04043e+32  1.14302e+32  -1.18856e+32  1.17123e+32  -1.08913e+32  9.45283e+31  -7.48609e+31  5.14816e+31  -2.67168e+31  3.67311e+30  1.38031e+31  
-8.15802e+30  -2.13602e+30  1.593e+31  -3.10618e+31  4.57039e+31  -5.83999e+31  6.80817e+31  -7.40606e+31  7.59977e+31  -7.38634e+31  6.78922e+31  -5.85639e+31  4.67568e+31  -3.42613e+31  2.42385e+31  -2.03268e+31  2.42174e+31  -3.42201e+31  4.66976e+31  -5.84894e+31  6.78063e+31  -7.37705e+31  7.59025e+31  -7.39683e+31  6.79973e+31  -5.83277e+31  4.56477e+31  -3.10237e+31  1.59105e+31  -2.13341e+30  -8.14804e+30  
3.70349e+30  9.58946e+29  -7.27467e+30  1.43151e+31  -2.12673e+31  2.74484e+31  -3.23222e+31  3.55072e+31  -3.67764e+31  3.60507e+31  -3.33875e+31  2.8982e+31  -2.3249e+31  1.70849e+31  -1.2097e+31  1.01428e+31  -1.20865e+31  1.70643e+31  -2.32196e+31  2.89451e+31  -3.33453e+31  3.60053e+31  -3.67303e+31  3.54629e+31  -3.2282e+31  2.74144e+31  -2.1241e+31  1.42975e+31  -7.26573e+30  9.57768e+29  3.69893e+30  
0  0  0  0  0  0  0  0  0  0  0  0  0  0  0  0  0  0  0  0  0  0  0  0  0  0  0  0  0  0  0  
