1  1  1  1  1  1  1  1  1  1  1  1  1  1  1  1  1  1  1  1  1  1  1  1  1  1  1  1  1  1  1  
9.88188e+31  3.88974e+31  -1.40867e+32  2.20618e+32  -2.88402e+32  3.48159e+32  -4.00429e+32  4.45065e+32  -4.8212e+32  5.1194e+32  -5.3511e+32  5.52389e+32  -5.64625e+32  5.7264e+32  -5.77129e+32  5.78555e+32  -5.7708e+32  5.72544e+32  -5.64485e+32  5.52213e+32  -5.34904e+32  5.11714e+32  -4.81883e+32  4.44827e+32  -4.00201e+32  3.47952e+32  -2.88224e+32  2.20477e+32  -1.40776e+32  3.8872e+31  9.87545e+31  
-1.92879e+32  -7.59466e+31  2.7485e+32  -4.27491e+32  5.52537e+32  -6.57168e+32  7.42579e+32  -8.09201e+32  8.58291e+32  -8.91925e+32  9.12766e+32  -9.23832e+32  9.28237e+32  -9.28897e+32  9.28212e+32  -9.27766e+32  9.28114e+32  -9.28706e+32  9.27961e+32  -9.23483e+32  9.12358e+32  -8.91475e+32  8.5782e+32  -8.08729e+32  7.42126e+32  -6.56755e+32  5.52182e+32  -4.27212e+32  2.74669e+32  -7.58963e+31  -1.92751e+32  
2.78284e+32  1.09594e+32  -3.96475e+32  6.10643e+32  -7.76708e+32  9.04946e+32  -9.98489e+32  1.06024e+33  -1.09455e+33  1.10669e+33  -1.10241e+33  1.08767e+33  -1.06835e+33  1.04988e+33  -1.03678e+33  1.03201e+33  -1.03663e+33  1.0496e+33  -1.06794e+33  1.08715e+33  -1.10181e+33  1.10602e+33  -1.09385e+33  1.05954e+33  -9.97817e+32  9.04332e+32  -7.76181e+32  6.10229e+32  -3.96207e+32  1.0952e+32  2.78095e+32  
-3.525e+32  -1.38764e+32  5.02443e+32  -7.65582e+32  9.56872e+32  -1.09092e+33  1.17536e+33  -1.21785e+33  1.22691e+33  -1.21089e+33  1.17769e+33  -1.13506e+33  1.0908e+33  -1.05241e+33  1.02636e+33  -1.01708e+33  1.02617e+33  -1.05204e+33  1.09026e+33  -1.13438e+33  1.17689e+33  -1.21001e+33  1.22599e+33  -1.21693e+33  1.17447e+33  -1.09011e+33  9.56177e+32  -7.65037e+32  5.02091e+32  -1.38667e+32  -3.52253e+32  
4.14388e+32  1.62893e+32  -5.91592e+32  8.9261e+32  -1.09784e+33  1.22827e+33  -1.29847e+33  1.3218e+33  -1.31001e+33  1.27244e+33  -1.21706e+33  1.15202e+33  -1.08645e+33  1.03008e+33  -9.91902e+32  9.78319e+32  -9.91671e+32  1.02963e+33  -1.08579e+33  1.15119e+33  -1.21609e+33  1.27137e+33  -1.30888e+33  1.32066e+33  -1.29738e+33  1.22728e+33  -1.09699e+33  8.91941e+32  -5.9116e+32  1.62775e+32  4.14087e+32  
-4.63897e+32  -1.81844e+32  6.64316e+32  -9.94861e+32  1.20821e+33  -1.33336e+33  1.39273e+33  -1.4043e+33  1.3806e+33  -1.32951e+33  1.25757e+33  -1.17296e+33  1.08667e+33  -1.01161e+33  9.60312e+32  -9.41991e+32  9.60042e+32  -1.01108e+33  1.0859e+33  -1.17199e+33  1.25642e+33  -1.32824e+33  1.37927e+33  -1.40297e+33  1.39145e+33  -1.33219e+33  1.20721e+33  -9.94075e+32  6.6381e+32  -1.81708e+32  -4.63548e+32  
5.01659e+32  1.95779e+32  -7.21861e+32  1.07637e+33  -1.29641e+33  1.41927e+33  -1.47441e+33  1.48222e+33  -1.45358e+33  1.39353e+33  -1.30694e+33  1.20252e+33  -1.09388e+33  9.9802e+32  -9.31901e+32  9.0819e+32  -9.31596e+32  9.97419e+32  -1.09301e+33  1.20141e+33  -1.30564e+33  1.39209e+33  -1.45207e+33  1.4807e+33  -1.47295e+33  1.41793e+33  -1.29527e+33  1.07548e+33  -7.21288e+32  1.95628e+32  5.01266e+32  
-5.28627e+32  -2.05034e+32  7.65747e+32  -1.14083e+33  1.36875e+33  -1.49399e+33  1.55123e+33  -1.56103e+33  1.53133e+33  -1.46415e+33  1.36311e+33  -1.23798e+33  1.10546e+33  -9.8709e+32  9.04794e+32  -8.75176e+32  9.04456e+32  -9.86425e+32  1.1045e+33  -1.23675e+33  1.36166e+33  -1.46254e+33  1.52965e+33  -1.55934e+33  1.54961e+33  -1.49251e+33  1.36748e+33  -1.13984e+33  7.65115e+32  -2.04869e+32  -5.28197e+32  
5.45832e+32  2.10022e+32  -7.9741e+32  1.19102e+33  -1.42907e+33  1.56124e+33  -1.62521e+33  1.64032e+33  -1.61131e+33  1.53765e+33  -1.42224e+33  1.27607e+33  -1.11897e+33  9.77187e+32  -8.77924e+32  8.42084e+32  -8.77558e+32  9.76466e+32  -1.11792e+33  1.27472e+33  -1.42066e+33  1.5359e+33  -1.60947e+33  1.63847e+33  -1.62343e+33  1.55963e+33  -1.42769e+33  1.18994e+33  -7.96728e+32  2.09847e+32  5.45372e+32  
-5.54249e+32  -2.11177e+32  8.18039e+32  -1.22871e+33  1.47921e+33  -1.62183e+33  1.69535e+33  -1.7173e+33  1.68961e+33  -1.60986e+33  1.4805e+33  -1.31369e+33  1.13225e+33  -9.66998e+32  8.50574e+32  -8.08408e+32  8.50184e+32  -9.6623e+32  1.13112e+33  -1.31225e+33  1.4788e+33  -1.60798e+33  1.68764e+33  -1.71531e+33  1.69345e+33  -1.6201e+33  1.47773e+33  -1.22756e+33  8.17315e+32  -2.10996e+32  -5.53766e+32  
5.54744e+32  2.08925e+32  -8.28532e+32  1.25481e+33  -1.51948e+33  1.67487e+33  -1.75934e+33  1.78849e+33  -1.76222e+33  1.67677e+33  -1.53431e+33  1.348e+33  -1.1433e+33  9.5539e+32  -8.22222e+32  7.73848e+32  -8.21813e+32  9.54584e+32  -1.14212e+33  1.34648e+33  -1.53251e+33  1.67478e+33  -1.76013e+33  1.78639e+33  -1.75733e+33  1.67304e+33  -1.51792e+33  1.2536e+33  -8.27776e+32  2.08741e+32  5.54246e+32  
-5.48076e+32  -2.03673e+32  8.29534e+32  -1.26957e+33  1.5493e+33  -1.71865e+33  1.81438e+33  -1.85045e+33  1.82542e+33  -1.73474e+33  1.58039e+33  -1.37635e+33  1.15031e+33  -9.41362e+32  7.92476e+32  -7.38238e+32  7.92054e+32  -9.40526e+32  1.14909e+33  -1.37477e+33  1.57853e+33  -1.73267e+33  1.82324e+33  -1.84826e+33  1.81228e+33  -1.71674e+33  1.54768e+33  -1.26831e+33  8.28756e+32  -2.03488e+32  -5.47569e+32  
5.34913e+32  1.95809e+32  -8.21504e+32  1.27282e+33  -1.56752e+33  1.75103e+33  -1.85766e+33  1.89999e+33  -1.87591e+33  1.78054e+33  -1.61583e+33  1.39636e+33  -1.15163e+33  9.24028e+32  -7.61042e+32  7.01502e+32  -7.60611e+32  9.23174e+32  -1.15037e+33  1.39474e+33  -1.61391e+33  1.77841e+33  -1.87366e+33  1.89773e+33  -1.8555e+33  1.74906e+33  -1.56585e+33  1.27154e+33  -8.20714e+32  1.95626e+32  5.34406e+32  
-5.15874e+32  -1.85708e+32  8.04789e+32  -1.26416e+33  1.57274e+33  -1.76982e+33  1.88651e+33  -1.93424e+33  1.91079e+33  -1.81136e+33  1.63804e+33  -1.4059e+33  1.14578e+33  -9.02627e+32  7.27704e+32  -6.63633e+32  7.27269e+32  -9.01764e+32  1.14451e+33  -1.40426e+33  1.63609e+33  -1.80919e+33  1.90849e+33  -1.93194e+33  1.88431e+33  -1.76782e+33  1.57104e+33  -1.26286e+33  8.03999e+32  -1.85531e+32  -5.15374e+32  
4.91558e+32  1.73743e+32  -7.79704e+32  1.24308e+33  -1.56348e+33  1.77285e+33  -1.89845e+33  1.95066e+33  -1.92754e+33  1.82478e+33  -1.64482e+33  1.40317e+33  -1.13152e+33  8.76532e+32  -6.9232e+32  6.24671e+32  -6.91887e+32  8.7567e+32  -1.13025e+33  1.40152e+33  -1.64286e+33  1.82259e+33  -1.92523e+33  1.94835e+33  -1.89623e+33  1.77084e+33  -1.56178e+33  1.24178e+33  -7.78925e+32  1.73573e+32  4.91073e+32  
-4.62577e+32  -1.60285e+32  7.46594e+32  -1.20914e+33  1.53838e+33  -1.75811e+33  1.89121e+33  -1.94697e+33  1.92397e+33  -1.81873e+33  1.63433e+33  -1.3867e+33  1.10786e+33  -8.45267e+32  6.5482e+32  -5.84702e+32  6.54393e+32  -8.44417e+32  1.1066e+33  -1.38506e+33  1.63239e+33  -1.81656e+33  1.92167e+33  -1.94466e+33  1.889e+33  -1.75611e+33  1.53669e+33  -1.20787e+33  7.45836e+32  -1.60125e+32  -4.62112e+32  
4.29576e+32  1.45708e+32  -7.05894e+32  1.16208e+33  -1.49624e+33  1.72377e+33  -1.86272e+33  1.92112e+33  -1.89817e+33  1.79152e+33  -1.60514e+33  1.35537e+33  -1.0741e+33  8.08525e+32  -6.15203e+32  5.43842e+32  -6.14788e+32  8.07696e+32  -1.07287e+33  1.35378e+33  -1.60323e+33  1.78939e+33  -1.89591e+33  1.91885e+33  -1.86056e+33  1.72181e+33  -1.4946e+33  1.16085e+33  -7.05167e+32  1.45561e+32  4.29137e+32  
-3.93248e+32  -1.30392e+32  6.58175e+32  -1.10187e+33  1.43621e+33  -1.66834e+33  1.81122e+33  -1.87134e+33  1.84855e+33  -1.74182e+33  1.55625e+33  -1.30853e+33  1.02985e+33  -7.66183e+32  5.73539e+32  -5.02234e+32  5.7314e+32  -7.65386e+32  1.02867e+33  -1.30699e+33  1.55441e+33  -1.73976e+33  1.84637e+33  -1.86915e+33  1.80913e+33  -1.66645e+33  1.43463e+33  -1.1007e+33  6.5749e+32  -1.30258e+32  -3.92841e+32  
3.54343e+32  1.14711e+32  -6.04184e+32  1.02888e+33  -1.35789e+33  1.59077e+33  -1.73532e+33  1.79626e+33  -1.77395e+33  1.66881e+33  -1.48718e+33  1.24597e+33  -9.75098e+32  7.18318e+32  -5.29967e+32  4.60043e+32  -5.29588e+32  7.17562e+32  -9.73974e+32  1.24451e+33  -1.48543e+33  1.66685e+33  -1.77187e+33  1.79417e+33  -1.73333e+33  1.58897e+33  -1.35639e+33  1.02777e+33  -6.03548e+32  1.14592e+32  3.53972e+32  
-3.1367e+32  -9.90354e+31  5.44868e+32  -9.43883e+32  1.26149e+33  -1.49066e+33  1.63426e+33  -1.69507e+33  1.67381e+33  -1.57231e+33  1.39811e+33  -1.16807e+33  9.1022e+32  -6.65216e+32  4.8469e+32  -4.17445e+32  4.84335e+32  -6.64509e+32  9.09169e+32  -1.1667e+33  1.39646e+33  -1.57047e+33  1.67186e+33  -1.6931e+33  1.63239e+33  -1.48898e+33  1.26009e+33  -9.42863e+32  5.44289e+32  -9.89314e+31  -3.13338e+32  
2.72086e+32  8.37158e+31  -4.81396e+32  8.48219e+32  -1.14798e+33  1.36848e+33  -1.50818e+33  1.56786e+33  -1.54845e+33  1.45299e+33  -1.28999e+33  1.07581e+33  -8.36005e+32  6.07363e+32  -4.37969e+32  3.74624e+32  -4.37642e+32  6.06712e+32  -8.35039e+32  1.07455e+33  -1.28848e+33  1.4513e+33  -1.54665e+33  1.56605e+33  -1.50646e+33  1.36694e+33  -1.14671e+33  8.47297e+32  -4.8088e+32  8.36269e+31  2.71796e+32  
-2.3049e+32  -6.90772e+31  4.15163e+32  -7.43811e+32  1.01928e+33  -1.22588e+33  1.35847e+33  -1.416e+33  1.39943e+33  -1.31268e+33  1.16473e+33  -9.70895e+32  7.53655e+32  -5.45435e+32  3.90111e+32  -3.3176e+32  3.89815e+32  -5.44846e+32  7.52784e+32  -9.69761e+32  1.16338e+33  -1.31116e+33  1.39782e+33  -1.41438e+33  1.35692e+33  -1.2245e+33  1.01815e+33  -7.42999e+32  4.14715e+32  -6.90032e+31  -2.30242e+32  
1.89807e+32  5.54078e+31  -3.4779e+32  6.33243e+32  -8.7843e+32  1.06596e+33  -1.18817e+33  1.24258e+33  -1.22994e+33  1.15458e+33  -1.02529e+33  8.55681e+32  -6.64745e+32  4.80258e+32  -3.41448e+32  2.89021e+32  -3.41186e+32  4.79737e+32  -6.63976e+32  8.54683e+32  -1.0241e+33  1.15324e+33  -1.22852e+33  1.24116e+33  -1.18683e+33  1.06476e+33  -8.77456e+32  6.32549e+32  -3.47412e+32  5.53479e+31  1.89601e+32  
-1.50973e+32  -4.29517e+31  2.81112e+32  -5.19794e+32  7.297e+32  -8.93527e+32  1.00237e+33  -1.05272e+33  1.04502e+33  -9.8339e+32  8.75664e+32  -7.33134e+32  5.71127e+32  -4.12752e+32  2.92319e+32  -2.46551e+32  2.92092e+32  -4.12302e+32  5.70466e+32  -7.32281e+32  8.74649e+32  -9.82255e+32  1.04382e+33  -1.05152e+33  1.00123e+33  -8.92526e+32  7.28889e+32  -5.19221e+32  2.80804e+32  -4.29049e+31  -1.50808e+32  
1.1493e+32  3.19065e+31  -2.17165e+32  4.0745e+32  -5.78704e+32  7.15312e+32  -8.08338e+32  8.53816e+32  -8.51676e+32  8.05215e+32  -7.20646e+32  6.06592e+32  -4.74774e+32  3.43851e+32  -2.43034e+32  2.04459e+32  -2.42843e+32  3.43475e+32  -4.74224e+32  6.05887e+32  -7.19811e+32  8.04287e+32  -8.50701e+32  8.52844e+32  -8.07424e+32  7.1451e+32  -5.78059e+32  4.06999e+32  -2.16927e+32  3.18715e+31  1.14804e+32  
-8.26243e+31  -2.24269e+31  1.58165e+32  -3.00855e+32  4.32313e+32  -5.39799e+32  6.15378e+32  -6.55092e+32  6.5826e+32  -6.2693e+32  5.65318e+32  -4.79373e+32  3.77554e+32  -2.744e+32  1.93849e+32  -1.62808e+32  1.93696e+32  -2.74099e+32  3.77116e+32  -4.78815e+32  5.64664e+32  -6.26208e+32  6.57507e+32  -6.54346e+32  6.14682e+32  -5.39192e+32  4.3183e+32  -3.00521e+32  1.5799e+32  -2.24021e+31  -8.25329e+31  
5.49416e+31  1.46204e+31  -1.06343e+32  2.04918e+32  -2.97978e+32  3.76265e+32  -4.33524e+32  4.66206e+32  -4.73108e+32  4.54984e+32  -4.14152e+32  3.54239e+32  -2.80964e+32  2.05058e+32  -1.44936e+32  1.21609e+32  -1.4482e+32  2.04832e+32  -2.80638e+32  3.53827e+32  -4.13672e+32  4.54461e+32  -4.72566e+32  4.65675e+32  -4.33032e+32  3.75841e+32  -2.97644e+32  2.04689e+32  -1.06225e+32  1.46041e+31  5.48805e+31  
-3.24326e+31  -8.49184e+30  6.33304e+31  -1.23487e+32  1.81698e+32  -2.32171e+32  2.70662e+32  -2.94431e+32  3.02132e+32  -2.93647e+32  2.69908e+32  -2.32823e+32  1.85884e+32  -1.36207e+32  9.63629e+31  -8.08144e+31  9.62861e+31  -1.36057e+32  1.85668e+32  -2.32552e+32  2.69596e+32  -2.93309e+32  3.01786e+32  -2.94095e+32  2.70355e+32  -2.31909e+32  1.81493e+32  -1.23349e+32  6.32595e+31  -8.48234e+30  -3.23963e+31  
1.47234e+31  3.81233e+30  -2.89208e+31  5.69104e+31  -8.45489e+31  1.09122e+32  -1.28498e+32  1.4116e+32  -1.46206e+32  1.43321e+32  -1.32733e+32  1.15219e+32  -9.24275e+31  6.79219e+31  -4.80931e+31  4.03251e+31  -4.80547e+31  6.78471e+31  -9.23202e+31  1.15085e+32  -1.3258e+32  1.43156e+32  -1.46038e+32  1.40999e+32  -1.28352e+32  1.08998e+32  -8.44534e+31  5.68462e+31  -2.88882e+31  3.80805e+30  1.47068e+31  
0  0  0  0  0  0  0  0  0  0  0  0  0  0  0  0  0  0  0  0  0  0  0  0  0  0  0  0  0  0  0  
