1  1  1  1  1  1  1  1  1  1  1  1  1  1  1  1  1  1  1  1  1  1  1  1  1  1  1  1  1  1  1  
-3.78091e+32  -1.48826e+32  5.38971e+32  -8.44107e+32  1.10346e+33  -1.3321e+33  1.53209e+33  -1.70287e+33  1.84466e+33  -1.95875e+33  2.04741e+33  -2.11353e+33  2.16035e+33  -2.19103e+33  2.20821e+33  -2.21367e+33  2.20804e+33  -2.19069e+33  2.15986e+33  -2.11291e+33  2.04669e+33  -1.95796e+33  1.84382e+33  -1.70204e+33  1.53129e+33  -1.33137e+33  1.10283e+33  -8.43615e+32  5.38651e+32  -1.48737e+32  -3.77866e+32  
7.37975e+32  2.9058e+32  -1.05161e+33  1.63563e+33  -2.11407e+33  2.5144e+33  -2.84119e+33  3.0961e+33  -3.28393e+33  3.41262e+33  -3.49237e+33  3.53472e+33  -3.55158e+33  3.55412e+33  -3.55152e+33  3.54983e+33  -3.55118e+33  3.55346e+33  -3.55062e+33  3.53349e+33  -3.49094e+33  3.41104e+33  -3.28227e+33  3.09444e+33  -2.8396e+33  2.51295e+33  -2.11282e+33  1.63465e+33  -1.05097e+33  2.90403e+32  7.37528e+32  
-1.06474e+33  -4.19317e+32  1.51696e+33  -2.33638e+33  2.97177e+33  -3.46242e+33  3.82032e+33  -4.05661e+33  4.18786e+33  -4.23431e+33  4.21797e+33  -4.16158e+33  4.08765e+33  -4.01703e+33  3.9669e+33  -3.94868e+33  3.96639e+33  -4.01604e+33  4.08622e+33  -4.15976e+33  4.21585e+33  -4.23197e+33  4.1854e+33  -4.05415e+33  3.81796e+33  -3.46026e+33  2.96991e+33  -2.33493e+33  1.51601e+33  -4.19057e+32  -1.06408e+33  
1.3487e+33  5.30925e+32  -1.9224e+33  2.92919e+33  -3.66108e+33  4.17397e+33  -4.49703e+33  4.6596e+33  -4.69427e+33  4.63297e+33  -4.50595e+33  4.34287e+33  -4.17354e+33  4.02668e+33  -3.92704e+33  3.89158e+33  -3.92638e+33  4.02538e+33  -4.17166e+33  4.34049e+33  -4.50316e+33  4.6299e+33  -4.69104e+33  4.65637e+33  -4.49393e+33  4.17113e+33  -3.65865e+33  2.92728e+33  -1.92116e+33  5.30586e+32  1.34783e+33  
-1.58549e+33  -6.23243e+32  2.26349e+33  -3.41521e+33  4.20043e+33  -4.69946e+33  4.96804e+33  -5.05729e+33  5.01218e+33  -4.86846e+33  4.65659e+33  -4.40774e+33  4.15687e+33  -3.94124e+33  3.79519e+33  -3.74325e+33  3.79438e+33  -3.93965e+33  4.15456e+33  -4.40481e+33  4.65316e+33  -4.86468e+33  5.00821e+33  -5.05331e+33  4.96422e+33  -4.69597e+33  4.19743e+33  -3.41286e+33  2.26197e+33  -6.22831e+32  -1.58443e+33  
1.77491e+33  6.95751e+32  -2.54173e+33  3.80642e+33  -4.62273e+33  5.10153e+33  -5.32866e+33  5.37294e+33  -5.28224e+33  5.08678e+33  -4.81154e+33  4.48785e+33  -4.1577e+33  3.87054e+33  -3.67431e+33  3.60426e+33  -3.67337e+33  3.86868e+33  -4.155e+33  4.48442e+33  -4.80752e+33  5.08234e+33  -5.27757e+33  5.36825e+33  -5.32417e+33  5.09743e+33  -4.61921e+33  3.80367e+33  -2.53996e+33  6.95275e+32  1.77369e+33  
-1.91939e+33  -7.49068e+32  2.7619e+33  -4.11829e+33  4.96017e+33  -5.4302e+33  5.64118e+33  -5.67106e+33  5.56147e+33  -5.33172e+33  5.00044e+33  -4.60092e+33  4.18529e+33  -3.81854e+33  3.5656e+33  -3.47493e+33  3.56453e+33  -3.81643e+33  4.18222e+33  -4.59702e+33  4.99585e+33  -5.32666e+33  5.55615e+33  -5.66572e+33  5.63606e+33  -5.42552e+33  4.95616e+33  -4.11515e+33  2.75989e+33  -7.48537e+32  -1.91801e+33  
2.02257e+33  7.84476e+32  -2.92981e+33  4.36491e+33  -5.23691e+33  5.7161e+33  -5.93507e+33  5.97258e+33  -5.85894e+33  5.60187e+33  -5.21532e+33  4.73659e+33  -4.22959e+33  3.77671e+33  -3.46188e+33  3.34861e+33  -3.46069e+33  3.77438e+33  -4.22619e+33  4.73226e+33  -5.21023e+33  5.59624e+33  -5.85302e+33  5.96663e+33  -5.92938e+33  5.7109e+33  -5.23245e+33  4.36143e+33  -2.92759e+33  7.83899e+32  2.02106e+33  
-2.0884e+33  -8.03559e+32  3.05095e+33  -4.55692e+33  5.46772e+33  -5.97339e+33  6.2181e+33  -6.27591e+33  6.16493e+33  -5.88311e+33  5.44154e+33  -4.88228e+33  4.28126e+33  -3.73881e+33  3.35906e+33  -3.22199e+33  3.35778e+33  -3.73628e+33  4.27757e+33  -4.87757e+33  5.43599e+33  -5.87696e+33  6.15847e+33  -6.26943e+33  6.21188e+33  -5.96772e+33  5.46287e+33  -4.55315e+33  3.04856e+33  -8.02947e+32  -2.08678e+33  
2.1206e+33  8.07978e+32  -3.12988e+33  4.70112e+33  -5.65952e+33  6.20518e+33  -6.48647e+33  6.57042e+33  -6.4645e+33  6.15938e+33  -5.66443e+33  5.02623e+33  -4.33203e+33  3.69982e+33  -3.25441e+33  3.09314e+33  -3.25305e+33  3.69712e+33  -4.32809e+33  5.02118e+33  -5.65848e+33  6.15278e+33  -6.45756e+33  6.56345e+33  -6.4798e+33  6.1991e+33  -5.65432e+33  4.69708e+33  -3.12733e+33  8.07343e+32  2.1189e+33  
-2.12249e+33  -7.99363e+32  3.17002e+33  -4.80096e+33  5.81362e+33  -6.40813e+33  6.73128e+33  -6.84281e+33  6.74229e+33  -6.41536e+33  5.87029e+33  -5.15749e+33  4.37432e+33  -3.6554e+33  3.14593e+33  -2.9609e+33  3.1445e+33  -3.65257e+33  4.37017e+33  -5.15216e+33  5.86401e+33  -6.40839e+33  6.73495e+33  -6.83544e+33  6.72422e+33  -6.40171e+33  5.80813e+33  -4.79672e+33  3.16736e+33  -7.98714e+32  -2.12074e+33  
2.09697e+33  7.79267e+32  -3.17385e+33  4.85744e+33  -5.9277e+33  6.5756e+33  -6.94186e+33  7.07988e+33  -6.9841e+33  6.63715e+33  -6.04662e+33  5.26596e+33  -4.40115e+33  3.60172e+33  -3.03211e+33  2.82465e+33  -3.03063e+33  3.59878e+33  -4.39684e+33  5.26043e+33  -6.04007e+33  6.62987e+33  -6.97643e+33  7.07218e+33  -6.9345e+33  6.5689e+33  -5.92199e+33  4.85304e+33  -3.17112e+33  7.78617e+32  2.0952e+33  
-2.04661e+33  -7.49176e+32  3.14312e+33  -4.86989e+33  5.9974e+33  -6.6995e+33  7.10746e+33  -7.26941e+33  7.17726e+33  -6.81239e+33  6.1822e+33  -5.3425e+33  4.40617e+33  -3.53539e+33  2.91184e+33  -2.6841e+33  2.91033e+33  -3.53239e+33  4.40176e+33  -5.33682e+33  6.17546e+33  -6.80489e+33  7.16936e+33  -7.26147e+33  7.09987e+33  -6.6926e+33  5.99154e+33  -4.86538e+33  3.14035e+33  -7.48535e+32  -2.04483e+33  
1.97376e+33  7.1053e+32  -3.07917e+33  4.83673e+33  -6.01736e+33  6.77139e+33  -7.21784e+33  7.40046e+33  -7.31071e+33  6.93032e+33  -6.26718e+33  5.37901e+33  -4.38379e+33  3.45351e+33  -2.78428e+33  2.5392e+33  -2.78275e+33  3.45048e+33  -4.37932e+33  5.37324e+33  -6.26033e+33  6.92269e+33  -7.30266e+33  7.39238e+33  -7.21011e+33  6.76437e+33  -6.0114e+33  4.83218e+33  -3.0764e+33  7.09908e+32  1.97201e+33  
-1.88073e+33  -6.6475e+32  2.98319e+33  -4.75607e+33  5.98195e+33  -6.78299e+33  7.26353e+33  -7.46329e+33  7.37481e+33  -6.98165e+33  6.29312e+33  -5.36857e+33  4.32923e+33  -3.35366e+33  2.64889e+33  -2.39012e+33  2.64737e+33  -3.35064e+33  4.32476e+33  -5.36278e+33  6.28623e+33  -6.97398e+33  7.36671e+33  -7.45515e+33  7.25574e+33  -6.77594e+33  5.97598e+33  -4.75153e+33  2.98045e+33  -6.64155e+32  -1.87902e+33  
1.76984e+33  6.13257e+32  -2.8565e+33  4.62623e+33  -5.88589e+33  6.72657e+33  -7.23581e+33  7.44915e+33  -7.36114e+33  6.95851e+33  -6.25299e+33  5.30553e+33  -4.23871e+33  3.23404e+33  -2.50541e+33  2.23719e+33  -2.50391e+33  3.23105e+33  -4.23429e+33  5.2998e+33  -6.24616e+33  6.95089e+33  -7.35308e+33  7.44106e+33  -7.22807e+33  6.71956e+33  -5.87998e+33  4.62177e+33  -2.85384e+33  6.12699e+32  1.76821e+33  
-1.64358e+33  -5.57488e+32  2.70078e+33  -4.44616e+33  5.72466e+33  -6.59518e+33  7.12683e+33  -7.35024e+33  7.26242e+33  -6.85438e+33  6.1413e+33  -5.18569e+33  4.10953e+33  -3.09345e+33  2.35383e+33  -2.08085e+33  2.35237e+33  -3.09055e+33  4.10522e+33  -5.18009e+33  6.13462e+33  -6.84691e+33  7.25451e+33  -7.3423e+33  7.11924e+33  -6.58832e+33  5.7189e+33  -4.44183e+33  2.69823e+33  -5.56971e+32  -1.64204e+33  
1.50458e+33  4.98885e+32  -2.51821e+33  4.21581e+33  -5.49499e+33  6.38311e+33  -6.92978e+33  7.15981e+33  -7.0726e+33  6.66424e+33  -5.95424e+33  5.00646e+33  -3.94023e+33  2.93145e+33  -2.19442e+33  1.92165e+33  -2.19302e+33  2.92865e+33  -3.93608e+33  5.00106e+33  -5.94778e+33  6.65701e+33  -7.06494e+33  7.15211e+33  -6.92243e+33  6.37648e+33  -5.48944e+33  4.21168e+33  -2.5158e+33  4.98417e+32  1.50316e+33  
-1.35573e+33  -4.38891e+32  2.31164e+33  -3.93652e+33  5.19534e+33  -6.08633e+33  6.6394e+33  -6.87254e+33  6.78719e+33  -6.38492e+33  5.68998e+33  -4.76711e+33  3.73075e+33  -2.74832e+33  2.02771e+33  -1.76022e+33  2.02637e+33  -2.74566e+33  3.72681e+33  -4.76197e+33  5.68383e+33  -6.37802e+33  6.77988e+33  -6.86519e+33  6.63239e+33  -6.08003e+33  5.19008e+33  -3.93264e+33  2.3094e+33  -4.38473e+32  -1.35443e+33  
1.20011e+33  3.78914e+32  -2.08469e+33  3.61133e+33  -4.8265e+33  5.7033e+33  -6.25274e+33  6.48537e+33  -6.40404e+33  6.01569e+33  -5.34919e+33  4.46905e+33  -3.48253e+33  2.54514e+33  -1.85447e+33  1.59723e+33  -1.85322e+33  2.54266e+33  -3.47884e+33  4.46424e+33  -5.34343e+33  6.00922e+33  -6.39719e+33  6.47848e+33  -6.24617e+33  5.69741e+33  -4.82161e+33  3.60775e+33  -2.08266e+33  3.78549e+32  1.19895e+33  
-1.04101e+33  -3.203e+32  1.84184e+33  -3.24532e+33  4.3922e+33  -5.23585e+33  5.77034e+33  -5.99867e+33  5.92441e+33  -5.55918e+33  4.93553e+33  -4.11609e+33  3.19858e+33  -2.3238e+33  1.67571e+33  -1.43339e+33  1.67456e+33  -2.32151e+33  3.19519e+33  -4.11167e+33  4.93024e+33  -5.55324e+33  5.9181e+33  -5.99233e+33  5.7643e+33  -5.23045e+33  4.38775e+33  -3.24208e+33  1.84003e+33  -3.19988e+32  -1.03999e+33  
8.81866e+32  2.64292e+32  -1.58843e+33  2.84585e+33  -3.89981e+33  4.69026e+33  -5.19753e+33  5.41767e+33  -5.35427e+33  5.02235e+33  -4.4563e+33  3.71467e+33  -2.88351e+33  2.08686e+33  -1.4926e+33  1.26939e+33  -1.49156e+33  2.08479e+33  -2.88045e+33  3.71069e+33  -4.45154e+33  5.017e+33  -5.3486e+33  5.41197e+33  -5.19211e+33  4.68543e+33  -3.89585e+33  2.843e+33  -1.58686e+33  2.64032e+32  8.80996e+32  
-7.26209e+32  -2.11992e+32  1.33066e+33  -2.42281e+33  3.3609e+33  -4.07838e+33  4.54599e+33  -4.75414e+33  4.70577e+33  -4.41744e+33  3.9228e+33  -3.27386e+33  2.54333e+33  -1.83749e+33  1.30641e+33  -1.10586e+33  1.30549e+33  -1.83566e+33  2.54063e+33  -3.27036e+33  3.91862e+33  -4.41275e+33  4.7008e+33  -4.74915e+33  4.54126e+33  -4.07419e+33  3.35749e+33  -2.42037e+33  1.32933e+33  -2.11782e+32  -7.25487e+32  
5.77628e+32  1.64335e+32  -1.07554e+33  1.98875e+33  -2.79186e+33  3.41867e+33  -3.83509e+33  4.02774e+33  -3.99829e+33  3.76248e+33  -3.35031e+33  2.80499e+33  -2.18515e+33  1.57921e+33  -1.11844e+33  9.43358e+32  -1.11764e+33  1.57763e+33  -2.18283e+33  2.802e+33  -3.34675e+33  3.75849e+33  -3.99408e+33  4.02353e+33  -3.83111e+33  3.41515e+33  -2.78901e+33  1.98674e+33  -1.07447e+33  1.64171e+32  5.77049e+32  
-4.39728e+32  -1.22075e+32  8.30883e+32  -1.55892e+33  2.21414e+33  -2.73681e+33  3.09273e+33  -3.26673e+33  3.25854e+33  -3.08077e+33  2.75721e+33  -2.32084e+33  1.8165e+33  -1.31559e+33  9.29868e+32  -7.82304e+32  9.29199e+32  -1.31427e+33  1.81457e+33  -2.31836e+33  2.75428e+33  -3.07752e+33  3.25512e+33  -3.26332e+33  3.08952e+33  -2.73399e+33  2.21188e+33  -1.55734e+33  8.30045e+32  -1.21953e+32  -4.39285e+32  
3.16123e+32  8.58061e+31  -6.05146e+32  1.15108e+33  -1.65404e+33  2.06529e+33  -2.35446e+33  2.5064e+33  -2.51852e+33  2.39865e+33  -2.16292e+33  1.83409e+33  -1.44453e+33  1.04986e+33  -7.41682e+32  6.22939e+32  -7.41144e+32  1.04881e+33  -1.443e+33  1.83214e+33  -2.16063e+33  2.39612e+33  -2.51588e+33  2.50379e+33  -2.35201e+33  2.06316e+33  -1.65235e+33  1.14991e+33  -6.04532e+32  8.57192e+31  3.15803e+32  
-2.10209e+32  -5.59381e+31  4.06873e+32  -7.84022e+32  1.14007e+33  -1.4396e+33  1.65867e+33  -1.78372e+33  1.81013e+33  -1.74078e+33  1.58456e+33  -1.35533e+33  1.07498e+33  -7.84558e+32  5.54536e+32  -4.65301e+32  5.54132e+32  -7.83768e+32  1.07383e+33  -1.35388e+33  1.58287e+33  -1.73895e+33  1.80822e+33  -1.78186e+33  1.65695e+33  -1.43811e+33  1.1389e+33  -7.83218e+32  4.06458e+32  -5.5881e+31  -2.09994e+32  
1.24088e+32  3.24901e+31  -2.42304e+32  4.72467e+32  -6.95183e+32  8.88295e+32  -1.03556e+33  1.1265e+33  -1.15597e+33  1.1235e+33  -1.03268e+33  8.90786e+32  -7.11196e+32  5.21134e+32  -3.68693e+32  3.09213e+32  -3.68423e+32  5.20608e+32  -7.10439e+32  8.89837e+32  -1.03158e+33  1.12232e+33  -1.15475e+33  1.12532e+33  -1.03448e+33  8.87374e+32  -6.94464e+32  4.71981e+32  -2.42055e+32  3.24567e+31  1.23961e+32  
-5.63321e+31  -1.45861e+31  1.10652e+32  -2.17741e+32  3.23487e+32  -4.17505e+32  4.91638e+32  -5.40084e+32  5.59389e+32  -5.4835e+32  5.07842e+32  -4.4083e+32  3.5363e+32  -2.59872e+32  1.84008e+32  -1.54292e+32  1.83873e+32  -2.59609e+32  3.53254e+32  -4.4036e+32  5.07303e+32  -5.4777e+32  5.58801e+32  -5.39518e+32  4.91125e+32  -4.17071e+32  3.23152e+32  -2.17516e+32  1.10538e+32  -1.45711e+31  -5.6274e+31  
0  0  0  0  0  0  0  0  0  0  0  0  0  0  0  0  0  0  0  0  0  0  0  0  0  0  0  0  0  0  0  
