1  1  1  1  1  1  1  1  1  1  1  1  1  1  1  1  1  1  1  1  1  1  1  1  1  1  1  1  1  1  1  
5.75128e+33  2.26384e+33  -8.19848e+33  1.284e+34  -1.67851e+34  2.02631e+34  -2.33053e+34  2.59032e+34  -2.806e+34  2.97957e+34  -3.11445e+34  3.21504e+34  -3.28628e+34  3.33296e+34  -3.35912e+34  3.36745e+34  -3.3589e+34  3.33253e+34  -3.28566e+34  3.21425e+34  -3.11352e+34  2.97856e+34  -2.80494e+34  2.58926e+34  -2.32951e+34  2.02538e+34  -1.67771e+34  1.28337e+34  -8.19439e+33  2.2627e+33  5.7484e+33  
-1.12256e+34  -4.4201e+33  1.59963e+34  -2.48801e+34  3.21578e+34  -3.82474e+34  4.32184e+34  -4.7096e+34  4.99533e+34  -5.19111e+34  5.31244e+34  -5.37689e+34  5.40258e+34  -5.40648e+34  5.40255e+34  -5.40002e+34  5.40212e+34  -5.40562e+34  5.40134e+34  -5.37533e+34  5.31062e+34  -5.1891e+34  4.99322e+34  -4.70749e+34  4.31982e+34  -3.82289e+34  3.21419e+34  -2.48676e+34  1.59882e+34  -4.41785e+33  -1.12199e+34  
1.61961e+34  6.37837e+33  -2.30749e+34  3.55395e+34  -4.52044e+34  5.26679e+34  -5.81121e+34  6.17064e+34  -6.3703e+34  6.44098e+34  -6.41615e+34  6.3304e+34  -6.21799e+34  6.11061e+34  -6.03441e+34  6.00676e+34  -6.03377e+34  6.10935e+34  -6.21616e+34  6.32808e+34  -6.41343e+34  6.43799e+34  -6.36717e+34  6.1675e+34  -5.8082e+34  5.26404e+34  -4.51808e+34  3.55209e+34  -2.30628e+34  6.37504e+33  1.61877e+34  
-2.05155e+34  -8.07605e+33  2.92421e+34  -4.45567e+34  5.56897e+34  -6.34912e+34  6.84053e+34  -7.08782e+34  7.14056e+34  -7.04733e+34  6.85414e+34  -6.60611e+34  6.34858e+34  -6.12525e+34  5.97376e+34  -5.9199e+34  5.97291e+34  -6.1236e+34  6.34618e+34  -6.60307e+34  6.85058e+34  -7.04341e+34  7.13644e+34  -7.08369e+34  6.83657e+34  -6.3455e+34  5.56586e+34  -4.45323e+34  2.92263e+34  -8.07172e+33  -2.05044e+34  
2.41172e+34  9.48031e+33  -3.44305e+34  5.19495e+34  -6.38935e+34  7.14842e+34  -7.55695e+34  7.6927e+34  -7.62408e+34  7.40547e+34  -7.08321e+34  6.70472e+34  -6.32317e+34  5.99525e+34  -5.77317e+34  5.69426e+34  -5.77214e+34  5.99322e+34  -6.32023e+34  6.70099e+34  -7.07884e+34  7.40065e+34  -7.61902e+34  7.68762e+34  -7.55207e+34  7.14397e+34  -6.38553e+34  5.19195e+34  -3.44111e+34  9.47506e+33  2.41038e+34  
-2.69986e+34  -1.05832e+34  3.86628e+34  -5.79002e+34  7.03169e+34  -7.75998e+34  8.10545e+34  -8.17278e+34  8.03481e+34  -7.7375e+34  7.31886e+34  -6.82653e+34  6.3244e+34  -5.88766e+34  5.58927e+34  -5.48282e+34  5.58807e+34  -5.88529e+34  6.32095e+34  -6.82215e+34  7.31372e+34  -7.73183e+34  8.02885e+34  -8.1668e+34  8.09971e+34  -7.75474e+34  7.0272e+34  -5.7865e+34  3.86402e+34  -1.05771e+34  -2.69829e+34  
2.91962e+34  1.13942e+34  -4.20118e+34  6.26438e+34  -7.54496e+34  8.25988e+34  -8.58078e+34  8.6262e+34  -8.4595e+34  8.11004e+34  -7.60614e+34  6.99848e+34  -6.36631e+34  5.80853e+34  -5.42389e+34  5.28608e+34  -5.42252e+34  5.80584e+34  -6.3624e+34  6.9935e+34  -7.60029e+34  8.10357e+34  -8.45271e+34  8.61938e+34  -8.57425e+34  8.25392e+34  -7.53984e+34  6.26038e+34  -4.19861e+34  1.13874e+34  2.91786e+34  
-3.07656e+34  -1.19328e+34  4.45657e+34  -6.63951e+34  7.96588e+34  -8.69473e+34  9.02778e+34  -9.0848e+34  8.91194e+34  -8.52092e+34  7.93296e+34  -7.20481e+34  6.43366e+34  -5.74487e+34  5.26609e+34  -5.09393e+34  5.26457e+34  -5.74189e+34  6.42933e+34  -7.19928e+34  7.92646e+34  -8.51373e+34  8.90438e+34  -9.07721e+34  9.0205e+34  -8.68809e+34  7.96019e+34  -6.63507e+34  4.45374e+34  -1.19254e+34  -3.07464e+34  
3.17668e+34  1.2223e+34  -4.64084e+34  6.93156e+34  -8.31694e+34  9.08607e+34  -9.45825e+34  9.54617e+34  -9.37735e+34  8.94867e+34  -8.27703e+34  7.42639e+34  -6.51223e+34  5.68719e+34  -5.10967e+34  4.90132e+34  -5.10804e+34  5.68396e+34  -6.50752e+34  7.42037e+34  -8.26995e+34  8.94083e+34  -9.3691e+34  9.53789e+34  -9.45031e+34  9.07883e+34  -8.31074e+34  6.92674e+34  -4.63778e+34  1.22152e+34  3.17462e+34  
-3.22566e+34  -1.22902e+34  4.76088e+34  -7.15088e+34  8.60867e+34  -9.43862e+34  9.86645e+34  -9.99411e+34  9.83299e+34  -9.36888e+34  8.61604e+34  -7.64531e+34  6.58943e+34  -5.62785e+34  4.95047e+34  -4.7053e+34  4.94872e+34  -5.62441e+34  6.5844e+34  -7.63887e+34  8.60845e+34  -9.36046e+34  9.82414e+34  -9.98522e+34  9.85793e+34  -9.43086e+34  8.60203e+34  -7.14573e+34  4.75763e+34  -1.22821e+34  -3.22349e+34  
3.22853e+34  1.21592e+34  -4.82193e+34  7.30274e+34  -8.84305e+34  9.74731e+34  -1.02388e+35  1.04084e+35  -1.02555e+35  9.75824e+34  -8.92916e+34  7.84495e+34  -6.65374e+34  5.56027e+34  -4.78543e+34  4.50415e+34  -4.7836e+34  5.55666e+34  -6.64845e+34  7.83816e+34  -8.92114e+34  9.74934e+34  -1.02462e+35  1.0399e+35  -1.02298e+35  9.73911e+34  -8.83604e+34  7.29732e+34  -4.81854e+34  1.21509e+34  3.2263e+34  
-3.18971e+34  -1.18535e+34  4.82775e+34  -7.38863e+34  9.01656e+34  -1.0002e+35  1.05591e+35  -1.0769e+35  1.06233e+35  -1.00956e+35  9.19736e+34  -8.00994e+34  6.69453e+34  -5.4786e+34  4.61229e+34  -4.29688e+34  4.6104e+34  -5.47485e+34  6.68904e+34  -8.00287e+34  9.189e+34  -1.00863e+35  1.06135e+35  -1.07592e+35  1.05497e+35  -9.99347e+34  9.00927e+34  -7.38301e+34  4.82426e+34  -1.18452e+34  -3.18744e+34  
3.1131e+34  1.13957e+34  -4.781e+34  7.40755e+34  -9.12257e+34  1.01905e+35  -1.0811e+35  1.10573e+35  -1.09171e+35  1.03621e+35  -9.40358e+34  8.12636e+34  -6.70216e+34  5.37769e+34  -4.42932e+34  4.08307e+34  -4.42739e+34  5.37387e+34  -6.69653e+34  8.1191e+34  -9.39498e+34  1.03526e+35  -1.0907e+35  1.10472e+35  -1.08013e+35  1.01817e+35  -9.11508e+34  7.40181e+34  -4.77746e+34  1.13875e+34  3.11083e+34  
-3.00229e+34  -1.08079e+34  4.68371e+34  -7.3571e+34  9.15291e+34  -1.02998e+35  1.09789e+35  -1.12566e+35  1.11201e+35  -1.05415e+35  9.53284e+34  -8.18189e+34  6.6681e+34  -5.25312e+34  4.23528e+34  -3.86265e+34  4.23333e+34  -5.24926e+34  6.6624e+34  -8.17452e+34  9.52409e+34  -1.05318e+35  1.11098e+35  -1.12463e+35  1.0969e+35  -1.02909e+35  9.14531e+34  -7.3513e+34  4.68017e+34  -1.07999e+34  -3.00005e+34  
2.86077e+34  1.01115e+34  -4.53771e+34  7.23441e+34  -9.09905e+34  1.03175e+35  -1.10484e+35  1.13522e+35  -1.12176e+35  1.06196e+35  -9.57229e+34  8.166e+34  -6.58511e+34  5.10124e+34  -4.02933e+34  3.63587e+34  -4.02739e+34  5.09738e+34  -6.57941e+34  8.15861e+34  -9.5635e+34  1.06098e+35  -1.12073e+35  1.13418e+35  -1.10384e+35  1.03085e+35  -9.09143e+34  7.22862e+34  -4.53422e+34  1.01039e+34  2.85859e+34  
-2.6921e+34  -9.32823e+33  4.34501e+34  -7.03691e+34  8.95294e+34  -1.02316e+35  1.10062e+35  -1.13307e+35  1.11968e+35  -1.05844e+35  9.51126e+34  -8.07011e+34  6.44741e+34  -4.91927e+34  3.81107e+34  -3.40323e+34  3.80915e+34  -4.91546e+34  6.44178e+34  -8.06279e+34  9.50254e+34  -1.05747e+35  1.11865e+35  -1.13204e+35  1.09963e+35  -1.02227e+35  8.9454e+34  -7.03122e+34  4.34161e+34  -9.3211e+33  -2.69002e+34  
2.50003e+34  8.47991e+33  -4.10814e+34  6.763e+34  -8.70769e+34  1.00318e+35  -1.08405e+35  1.11803e+35  -1.10467e+35  1.0426e+35  -9.34137e+34  7.88782e+34  -6.25091e+34  4.70543e+34  -3.58049e+34  3.16541e+34  -3.57862e+34  4.70172e+34  -6.24541e+34  7.88067e+34  -9.33284e+34  1.04165e+35  -1.10366e+35  1.11701e+35  -1.08308e+35  1.0023e+35  -8.70033e+34  6.75748e+34  -4.10488e+34  8.47332e+33  2.49807e+34  
-2.28861e+34  -7.5885e+33  3.83042e+34  -6.41262e+34  8.35834e+34  -9.70922e+34  1.05407e+35  -1.08906e+35  1.07579e+35  -1.01368e+35  9.05684e+34  -7.6152e+34  5.9934e+34  -4.459e+34  3.33799e+34  -2.92323e+34  3.3362e+34  -4.45543e+34  5.9881e+34  -7.6083e+34  9.04859e+34  -1.01276e+35  1.07482e+35  -1.08808e+35  1.05313e+35  -9.70076e+34  8.35125e+34  -6.40734e+34  3.82735e+34  -7.58252e+33  -2.28679e+34  
2.06219e+34  6.67593e+33  -3.5162e+34  5.98779e+34  -7.90254e+34  9.2578e+34  -1.0099e+35  1.04537e+35  -1.03238e+35  9.71193e+34  -8.65489e+34  7.25113e+34  -5.67476e+34  4.18044e+34  -3.0844e+34  2.67766e+34  -3.0827e+34  4.17705e+34  -5.66973e+34  7.24458e+34  -8.64704e+34  9.70313e+34  -1.03145e+35  1.04443e+35  -1.00901e+35  9.24975e+34  -7.89583e+34  5.98283e+34  -3.51335e+34  6.67059e+33  2.06053e+34  
-1.82548e+34  -5.76362e+33  3.17099e+34  -5.49315e+34  7.3415e+34  -8.67518e+34  9.51091e+34  -9.86475e+34  9.74104e+34  -9.15032e+34  8.13652e+34  -6.79776e+34  5.29719e+34  -3.87139e+34  2.82088e+34  -2.42972e+34  2.81929e+34  -3.86822e+34  5.29248e+34  -6.79162e+34  8.12917e+34  -9.14206e+34  9.73229e+34  -9.85595e+34  9.50252e+34  -8.66766e+34  7.33526e+34  -5.48858e+34  3.1684e+34  -5.75896e+33  -1.824e+34  
1.58347e+34  4.87205e+33  -2.8016e+34  4.9364e+34  -6.6809e+34  7.96415e+34  -8.77714e+34  9.12444e+34  -9.01148e+34  8.45594e+34  -7.50731e+34  6.26088e+34  -4.86528e+34  3.5347e+34  -2.54896e+34  2.18048e+34  -2.5475e+34  3.53178e+34  -4.86095e+34  6.25524e+34  -7.50056e+34  8.44835e+34  -9.00343e+34  9.11635e+34  -8.76943e+34  7.95726e+34  -6.67522e+34  4.93228e+34  -2.79929e+34  4.86807e+33  1.58217e+34  
-1.34139e+34  -4.02011e+33  2.41614e+34  -4.32877e+34  5.93193e+34  -7.13426e+34  7.90585e+34  -8.2407e+34  8.14426e+34  -7.63938e+34  6.77837e+34  -5.65029e+34  4.38603e+34  -3.17429e+34  2.27042e+34  -1.931e+34  2.2691e+34  -3.17165e+34  4.38213e+34  -5.64522e+34  6.77229e+34  -7.63255e+34  8.13702e+34  -8.23343e+34  7.89894e+34  -7.1281e+34  5.92687e+34  -4.32514e+34  2.41413e+34  -4.0168e+33  -1.34028e+34  
1.10463e+34  3.22459e+33  -2.02404e+34  3.6853e+34  -5.11221e+34  6.20355e+34  -6.91481e+34  7.23141e+34  -7.15784e+34  6.71927e+34  -5.96689e+34  4.97978e+34  -3.86861e+34  2.79497e+34  -1.98721e+34  1.68224e+34  -1.98603e+34  2.79264e+34  -3.86516e+34  4.97532e+34  -5.96155e+34  6.71328e+34  -7.1515e+34  7.22505e+34  -6.90878e+34  6.1982e+34  -5.10785e+34  3.68219e+34  -2.02235e+34  3.22191e+33  1.1037e+34  
-8.7862e+33  -2.49967e+33  1.63599e+34  -3.02505e+34  4.24664e+34  -5.20007e+34  5.83348e+34  -6.12652e+34  6.08171e+34  -5.72302e+34  5.09609e+34  -4.26661e+34  3.32378e+34  -2.4021e+34  1.70128e+34  -1.43504e+34  1.70026e+34  -2.40009e+34  3.32082e+34  -4.26278e+34  5.09154e+34  -5.71794e+34  6.07634e+34  -6.12114e+34  5.8284e+34  -5.19558e+34  4.24301e+34  -3.02249e+34  1.63462e+34  -2.49758e+33  -8.77882e+33  
6.68863e+33  1.85687e+33  -1.26384e+34  2.37124e+34  -3.36789e+34  4.16291e+34  -4.70428e+34  4.96895e+34  -4.95649e+34  4.6861e+34  -4.19393e+34  3.53017e+34  -2.76303e+34  2.00112e+34  -1.41444e+34  1.19005e+34  -1.41359e+34  1.99943e+34  -2.76057e+34  3.52701e+34  -4.19019e+34  4.68194e+34  -4.95212e+34  4.9646e+34  -4.70019e+34  4.15931e+34  -3.365e+34  2.36922e+34  -1.26277e+34  1.8553e+33  6.68298e+33  
-4.8085e+33  -1.30518e+33  9.20477e+33  -1.75089e+34  2.51593e+34  -3.14147e+34  3.58132e+34  -3.81244e+34  3.83087e+34  -3.64853e+34  3.28997e+34  -2.78979e+34  2.19724e+34  -1.59693e+34  1.12819e+34  -9.47619e+33  1.1275e+34  -1.59558e+34  2.19528e+34  -2.7873e+34  3.28704e+34  -3.6453e+34  3.8275e+34  -3.8091e+34  3.5782e+34  -3.13875e+34  2.51377e+34  -1.74939e+34  9.19693e+33  -1.30407e+33  -4.80441e+33  
3.19744e+33  8.50864e+32  -6.18888e+33  1.19256e+34  -1.73415e+34  2.18975e+34  -2.52298e+34  2.71318e+34  -2.75334e+34  2.64787e+34  -2.41023e+34  2.06156e+34  -1.63512e+34  1.19338e+34  -8.43514e+33  7.0782e+33  -8.42999e+33  1.19237e+34  -1.63366e+34  2.05971e+34  -2.40808e+34  2.64552e+34  -2.75092e+34  2.7108e+34  -2.52078e+34  2.18785e+34  -1.73265e+34  1.19154e+34  -6.18357e+33  8.50136e+32  3.1947e+33  
-1.88748e+33  -4.942e+32  3.68564e+33  -7.18661e+33  1.05743e+34  -1.35117e+34  1.57517e+34  -1.7135e+34  1.75831e+34  -1.70893e+34  1.57078e+34  -1.35495e+34  1.08178e+34  -7.92688e+33  5.60825e+33  -4.70377e+33  5.60481e+33  -7.92017e+33  1.08082e+34  -1.35374e+34  1.56938e+34  -1.70742e+34  1.75676e+34  -1.712e+34  1.57379e+34  -1.34999e+34  1.05651e+34  -7.1804e+33  3.68247e+33  -4.93775e+32  -1.88586e+33  
8.56857e+32  2.21867e+32  -1.6831e+33  3.31201e+33  -4.92049e+33  6.35058e+33  -7.47821e+33  8.2151e+33  -8.50874e+33  8.34082e+33  -7.72466e+33  6.70537e+33  -5.37898e+33  3.95286e+33  -2.79898e+33  2.34711e+33  -2.79726e+33  3.94951e+33  -5.37418e+33  6.69937e+33  -7.71778e+33  8.33343e+33  -8.50123e+33  8.20788e+33  -7.47166e+33  6.34504e+33  -4.91621e+33  3.30914e+33  -1.68165e+33  2.21675e+32  8.56115e+32  
0  0  0  0  0  0  0  0  0  0  0  0  0  0  0  0  0  0  0  0  0  0  0  0  0  0  0  0  0  0  0  
