1  1  1  1  1  1  1  1  1  1  1  1  1  1  1  1  1  1  1  1  1  1  1  1  1  1  1  1  1  1  1  
0.967784  0.96776  0.967685  0.967565  0.967404  0.967208  0.966988  0.966752  0.96651  0.966274  0.966053  0.965858  0.965696  0.965576  0.965501  0.965476  0.965501  0.965576  0.965696  0.965858  0.966053  0.966274  0.96651  0.966752  0.966988  0.967208  0.967404  0.967565  0.967685  0.96776  0.967784  
0.935557  0.935508  0.935361  0.935121  0.9348  0.934412  0.933973  0.933504  0.933024  0.932554  0.932115  0.931726  0.931405  0.931165  0.931016  0.930966  0.931016  0.931165  0.931405  0.931726  0.932115  0.932554  0.933024  0.933504  0.933973  0.934412  0.9348  0.935121  0.935361  0.935508  0.935557  
0.903308  0.903235  0.903016  0.90266  0.902183  0.901606  0.900954  0.900256  0.899542  0.898844  0.898192  0.897614  0.897137  0.89678  0.896559  0.896484  0.896559  0.89678  0.897137  0.897614  0.898192  0.898844  0.899542  0.900256  0.900954  0.901606  0.902183  0.90266  0.903016  0.903235  0.903308  
0.871026  0.87093  0.870641  0.870173  0.869545  0.868785  0.867928  0.867009  0.866069  0.86515  0.864292  0.863532  0.862903  0.862433  0.862143  0.862045  0.862143  0.862433  0.862903  0.863532  0.864292  0.86515  0.866069  0.867009  0.867928  0.868785  0.869545  0.870173  0.870641  0.87093  0.871026  
0.8387  0.838582  0.838227  0.837651  0.836879  0.835946  0.834891  0.833762  0.832607  0.831478  0.830423  0.829488  0.828715  0.828138  0.827781  0.82766  0.827781  0.828138  0.828715  0.829488  0.830423  0.831478  0.832607  0.833762  0.834891  0.835946  0.836879  0.837651  0.838227  0.838582  0.8387  
0.80632  0.806181  0.805764  0.805087  0.80418  0.803082  0.801843  0.800515  0.799158  0.79783  0.79659  0.795491  0.794583  0.793904  0.793484  0.793342  0.793484  0.793904  0.794583  0.795491  0.79659  0.79783  0.799158  0.800515  0.801843  0.803082  0.80418  0.805087  0.805764  0.806181  0.80632  
0.773876  0.773717  0.773242  0.772472  0.771439  0.77019  0.768779  0.767268  0.765723  0.764211  0.7628  0.761549  0.760515  0.759742  0.759265  0.759103  0.759265  0.759742  0.760515  0.761549  0.7628  0.764211  0.765723  0.767268  0.768779  0.77019  0.771439  0.772472  0.773242  0.773717  0.773876  
0.741358  0.741182  0.740654  0.739799  0.738652  0.737265  0.735698  0.73402  0.732304  0.730625  0.729057  0.727669  0.72652  0.725662  0.725132  0.724952  0.725132  0.725662  0.72652  0.727669  0.729057  0.730625  0.732304  0.73402  0.735698  0.737265  0.738652  0.739799  0.740654  0.741182  0.741358  
0.708757  0.708566  0.707992  0.70706  0.705812  0.704302  0.702596  0.700769  0.698902  0.697074  0.695368  0.693856  0.692606  0.691672  0.691094  0.690899  0.691094  0.691672  0.692606  0.693856  0.695368  0.697074  0.698902  0.700769  0.702596  0.704302  0.705812  0.70706  0.707992  0.708566  0.708757  
0.676066  0.675861  0.675247  0.674249  0.672913  0.671297  0.669471  0.667516  0.665517  0.663561  0.661734  0.660116  0.658778  0.657778  0.65716  0.656951  0.65716  0.657778  0.658778  0.660116  0.661734  0.663561  0.665517  0.667516  0.669471  0.671297  0.672913  0.674249  0.675247  0.675861  0.676066  
0.643277  0.643061  0.642412  0.64136  0.639951  0.638246  0.636321  0.634258  0.632149  0.630086  0.628159  0.626453  0.625041  0.623986  0.623334  0.623114  0.623334  0.623986  0.625041  0.626453  0.628159  0.630086  0.632149  0.634258  0.636321  0.638246  0.639951  0.64136  0.642412  0.643061  0.643277  
0.610382  0.610157  0.609483  0.608388  0.606921  0.605146  0.603141  0.600994  0.598799  0.596651  0.594645  0.592869  0.591399  0.590301  0.589623  0.589393  0.589623  0.590301  0.591399  0.592869  0.594645  0.596651  0.598799  0.600994  0.603141  0.605146  0.606921  0.608388  0.609483  0.610157  0.610382  
0.577378  0.577147  0.576452  0.575326  0.573818  0.571992  0.569931  0.567722  0.565465  0.563256  0.561193  0.559366  0.557855  0.556725  0.556027  0.555791  0.556027  0.556725  0.557855  0.559366  0.561193  0.563256  0.565465  0.567722  0.569931  0.571992  0.573818  0.575326  0.576452  0.577147  0.577378  
0.544258  0.544023  0.543318  0.542173  0.540639  0.538783  0.536686  0.534441  0.532146  0.5299  0.527803  0.525945  0.524409  0.523261  0.522551  0.522311  0.522551  0.523261  0.524409  0.525945  0.527803  0.5299  0.532146  0.534441  0.536686  0.538783  0.540639  0.542173  0.543318  0.544023  0.544258  
0.51102  0.510784  0.510074  0.508923  0.507381  0.505515  0.503407  0.50115  0.498841  0.496583  0.494474  0.492607  0.491062  0.489907  0.489194  0.488953  0.489194  0.489907  0.491062  0.492607  0.494474  0.496583  0.498841  0.50115  0.503407  0.505515  0.507381  0.508923  0.510074  0.510784  0.51102  
0.477662  0.477427  0.476721  0.475576  0.474042  0.472186  0.47009  0.467845  0.46555  0.463304  0.461206  0.459349  0.457813  0.456664  0.455955  0.455715  0.455955  0.456664  0.457813  0.459349  0.461206  0.463304  0.46555  0.467845  0.47009  0.472186  0.474042  0.475576  0.476721  0.477427  0.477662  
0.444182  0.443951  0.443257  0.442131  0.440622  0.438796  0.436735  0.434527  0.432269  0.43006  0.427997  0.42617  0.424659  0.42353  0.422832  0.422596  0.422832  0.42353  0.424659  0.42617  0.427997  0.43006  0.432269  0.434527  0.436735  0.438796  0.440622  0.442131  0.443257  0.443951  0.444182  
0.410581  0.410356  0.409681  0.408586  0.407119  0.405345  0.40334  0.401193  0.398997  0.39685  0.394844  0.393067  0.391598  0.3905  0.389822  0.389592  0.389822  0.3905  0.391598  0.393067  0.394844  0.39685  0.398997  0.401193  0.40334  0.405345  0.407119  0.408586  0.409681  0.410356  0.410581  
0.376861  0.376645  0.375997  0.374945  0.373536  0.371831  0.369905  0.367843  0.365734  0.363671  0.361744  0.360037  0.358626  0.357571  0.356919  0.356699  0.356919  0.357571  0.358626  0.360037  0.361744  0.363671  0.365734  0.367843  0.369905  0.371831  0.373536  0.374945  0.375997  0.376645  0.376861  
0.343026  0.342821  0.342206  0.341209  0.339873  0.338257  0.336431  0.334475  0.332476  0.33052  0.328694  0.327076  0.325738  0.324738  0.32412  0.323911  0.32412  0.324738  0.325738  0.327076  0.328694  0.33052  0.332476  0.334475  0.336431  0.338257  0.339873  0.341209  0.342206  0.342821  0.343026  
0.309079  0.308887  0.308313  0.307382  0.306133  0.304623  0.302918  0.301091  0.299223  0.297396  0.295689  0.294178  0.292928  0.291994  0.291416  0.291221  0.291416  0.291994  0.292928  0.294178  0.295689  0.297396  0.299223  0.301091  0.302918  0.304623  0.306133  0.307382  0.308313  0.308887  0.309079  
0.275027  0.274852  0.274324  0.273468  0.272322  0.270934  0.269367  0.267689  0.265973  0.264295  0.262727  0.261339  0.26019  0.259332  0.258802  0.258623  0.258802  0.259332  0.26019  0.261339  0.262727  0.264295  0.265973  0.267689  0.269367  0.270934  0.272322  0.273468  0.274324  0.274852  0.275027  
0.240879  0.24072  0.240245  0.239475  0.238442  0.237193  0.235782  0.234271  0.232726  0.231214  0.229803  0.228552  0.227518  0.226746  0.226268  0.226107  0.226268  0.226746  0.227518  0.228552  0.229803  0.231214  0.232726  0.234271  0.235782  0.237193  0.238442  0.239475  0.240245  0.24072  0.240879  
0.206642  0.206503  0.206085  0.205408  0.204501  0.203404  0.202164  0.200837  0.199479  0.198152  0.196911  0.195813  0.194905  0.194226  0.193806  0.193664  0.193806  0.194226  0.194905  0.195813  0.196911  0.198152  0.199479  0.200837  0.202164  0.203404  0.204501  0.205408  0.206085  0.206503  0.206642  
0.172326  0.172208  0.171853  0.171277  0.170506  0.169572  0.168517  0.167388  0.166233  0.165104  0.164049  0.163115  0.162342  0.161764  0.161407  0.161287  0.161407  0.161764  0.162342  0.163115  0.164049  0.165104  0.166233  0.167388  0.168517  0.169572  0.170506  0.171277  0.171853  0.172208  0.172326  
0.137944  0.137848  0.137559  0.137091  0.136463  0.135703  0.134846  0.133927  0.132987  0.132069  0.13121  0.13045  0.129821  0.129352  0.129061  0.128963  0.129061  0.129352  0.129821  0.13045  0.13121  0.132069  0.132987  0.133927  0.134846  0.135703  0.136463  0.137091  0.137559  0.137848  0.137944  
0.103507  0.103434  0.103215  0.102859  0.102382  0.101805  0.101153  0.100455  0.0997411  0.0990429  0.0983908  0.0978133  0.0973356  0.0969787  0.0967581  0.0966834  0.0967581  0.0969787  0.0973356  0.0978133  0.0983908  0.0990429  0.0997411  0.100455  0.101153  0.101805  0.102382  0.102859  0.103215  0.103434  0.103507  
0.0690284  0.0689792  0.0688316  0.068592  0.0682711  0.0678828  0.0674443  0.0669746  0.0664944  0.0660246  0.0655858  0.0651973  0.0648759  0.0646357  0.0644873  0.0644371  0.0644873  0.0646357  0.0648759  0.0651973  0.0655858  0.0660246  0.0664944  0.0669746  0.0674443  0.0678828  0.0682711  0.068592  0.0688316  0.0689792  0.0690284  
0.0345213  0.0344966  0.0344223  0.0343019  0.0341406  0.0339454  0.0337249  0.0334887  0.0332473  0.0330111  0.0327905  0.0325951  0.0324336  0.0323128  0.0322382  0.0322129  0.0322382  0.0323128  0.0324336  0.0325951  0.0327905  0.0330111  0.0332473  0.0334887  0.0337249  0.0339454  0.0341406  0.0343019  0.0344223  0.0344966  0.0345213  
0  0  0  0  0  0  0  0  0  0  0  0  0  0  0  0  0  0  0  0  0  0  0  0  0  0  0  0  0  0  0  
