1  1  1  1  1  1  1  1  1  1  1  1  1  1  1  1  1  1  1  1  1  1  1  1  1  1  1  1  1  1  1  
0.967883  0.967856  0.967774  0.967642  0.967465  0.967251  0.967008  0.966749  0.966484  0.966224  0.965982  0.965767  0.96559  0.965457  0.965375  0.965348  0.965375  0.965457  0.96559  0.965767  0.965982  0.966224  0.966484  0.966749  0.967008  0.967251  0.967465  0.967642  0.967774  0.967856  0.967883  
0.935754  0.9357  0.935538  0.935275  0.934923  0.934496  0.934015  0.933499  0.932971  0.932455  0.931973  0.931546  0.931193  0.930929  0.930766  0.930711  0.930766  0.930929  0.931193  0.931546  0.931973  0.932455  0.932971  0.933499  0.934015  0.934496  0.934923  0.935275  0.935538  0.9357  0.935754  
0.903602  0.903522  0.903281  0.90289  0.902366  0.901732  0.901016  0.90025  0.899466  0.898699  0.897983  0.897348  0.896823  0.896431  0.896189  0.896107  0.896189  0.896431  0.896823  0.897348  0.897983  0.898699  0.899466  0.90025  0.901016  0.901732  0.902366  0.90289  0.903281  0.903522  0.903602  
0.871415  0.871309  0.870992  0.870477  0.869788  0.868954  0.868012  0.867003  0.865971  0.864961  0.864019  0.863184  0.862493  0.861977  0.861658  0.86155  0.861658  0.861977  0.862493  0.863184  0.864019  0.864961  0.865971  0.867003  0.868012  0.868954  0.869788  0.870477  0.870992  0.871309  0.871415  
0.839181  0.839051  0.838661  0.838028  0.837181  0.836156  0.834998  0.833757  0.832489  0.831249  0.83009  0.829063  0.828215  0.82758  0.827188  0.827056  0.827188  0.82758  0.828215  0.829063  0.83009  0.831249  0.832489  0.833757  0.834998  0.836156  0.837181  0.838028  0.838661  0.839051  0.839181  
0.806889  0.806736  0.806278  0.805535  0.804539  0.803334  0.801972  0.800514  0.799024  0.797565  0.796203  0.794997  0.793999  0.793253  0.792793  0.792637  0.792793  0.793253  0.793999  0.794997  0.796203  0.797565  0.799024  0.800514  0.801972  0.803334  0.804539  0.805535  0.806278  0.806736  0.806889  
0.774529  0.774355  0.773834  0.772988  0.771854  0.770482  0.768933  0.767273  0.765576  0.763916  0.762366  0.760993  0.759857  0.759008  0.758484  0.758306  0.758484  0.759008  0.759857  0.760993  0.762366  0.763916  0.765576  0.767273  0.768933  0.770482  0.771854  0.772988  0.773834  0.774355  0.774529  
0.742091  0.741898  0.741318  0.740379  0.73912  0.737596  0.735876  0.734033  0.732149  0.730305  0.728583  0.727059  0.725797  0.724855  0.724272  0.724075  0.724272  0.724855  0.725797  0.727059  0.728583  0.730305  0.732149  0.734033  0.735876  0.737596  0.73912  0.740379  0.741318  0.741898  0.742091  
0.709564  0.709354  0.708723  0.7077  0.70633  0.704672  0.702799  0.700793  0.698742  0.696735  0.694861  0.693201  0.691828  0.690802  0.690168  0.689954  0.690168  0.690802  0.691828  0.693201  0.694861  0.696735  0.698742  0.700793  0.702799  0.704672  0.70633  0.7077  0.708723  0.709354  0.709564  
0.676939  0.676714  0.67604  0.674945  0.673478  0.671703  0.669698  0.667551  0.665356  0.663208  0.661202  0.659425  0.657956  0.656858  0.656179  0.65595  0.656179  0.656858  0.657956  0.659425  0.661202  0.663208  0.665356  0.667551  0.669698  0.671703  0.673478  0.674945  0.67604  0.676714  0.676939  
0.644209  0.643972  0.64326  0.642105  0.640558  0.638686  0.636571  0.634307  0.631991  0.629726  0.62761  0.625736  0.624186  0.623028  0.622312  0.62207  0.622312  0.623028  0.624186  0.625736  0.62761  0.629726  0.631991  0.634307  0.636571  0.638686  0.640558  0.642105  0.64326  0.643972  0.644209  
0.611366  0.611119  0.610378  0.609175  0.607565  0.605616  0.603415  0.601057  0.598647  0.596289  0.594086  0.592135  0.590522  0.589316  0.588571  0.588319  0.588571  0.589316  0.590522  0.592135  0.594086  0.596289  0.598647  0.601057  0.603415  0.605616  0.607565  0.609175  0.610378  0.611119  0.611366  
0.578402  0.578148  0.577386  0.57615  0.574493  0.572489  0.570225  0.567801  0.565322  0.562897  0.560632  0.558625  0.556966  0.555726  0.55496  0.554701  0.55496  0.555726  0.556966  0.558625  0.560632  0.562897  0.565322  0.567801  0.570225  0.572489  0.574493  0.57615  0.577386  0.578148  0.578402  
0.545314  0.545056  0.544281  0.543024  0.54134  0.539302  0.537  0.534535  0.532015  0.529549  0.527246  0.525207  0.52352  0.522259  0.52148  0.521216  0.52148  0.522259  0.52352  0.525207  0.527246  0.529549  0.532015  0.534535  0.537  0.539302  0.54134  0.543024  0.544281  0.545056  0.545314  
0.512096  0.511836  0.511057  0.509793  0.5081  0.506051  0.503737  0.501258  0.498724  0.496245  0.493929  0.491878  0.490182  0.488914  0.488131  0.487866  0.488131  0.488914  0.490182  0.491878  0.493929  0.496245  0.498724  0.501258  0.503737  0.506051  0.5081  0.509793  0.511057  0.511836  0.512096  
0.478746  0.478487  0.477713  0.476456  0.474771  0.472734  0.470432  0.467967  0.465447  0.462981  0.460678  0.458639  0.456952  0.455691  0.454912  0.454648  0.454912  0.455691  0.456952  0.458639  0.460678  0.462981  0.465447  0.467967  0.470432  0.472734  0.474771  0.476456  0.477713  0.478487  0.478746  
0.445262  0.445008  0.444246  0.44301  0.441353  0.439349  0.437085  0.434661  0.432182  0.429756  0.427491  0.425485  0.423826  0.422586  0.42182  0.42156  0.42182  0.422586  0.423826  0.425485  0.427491  0.429756  0.432182  0.434661  0.437085  0.439349  0.441353  0.44301  0.444246  0.445008  0.445262  
0.411644  0.411397  0.410657  0.409454  0.407844  0.405895  0.403694  0.401336  0.398926  0.396568  0.394365  0.392414  0.390801  0.389595  0.38885  0.388598  0.38885  0.389595  0.390801  0.392414  0.394365  0.396568  0.398926  0.401336  0.403694  0.405895  0.407844  0.409454  0.410657  0.411397  0.411644  
0.377895  0.377658  0.376946  0.375791  0.374244  0.372372  0.370257  0.367993  0.365677  0.363412  0.361296  0.359422  0.357872  0.356714  0.355998  0.355756  0.355998  0.356714  0.357872  0.359422  0.361296  0.363412  0.365677  0.367993  0.370257  0.372372  0.374244  0.375791  0.376946  0.377658  0.377895  
0.344017  0.343792  0.343117  0.342022  0.340555  0.338781  0.336776  0.334629  0.332433  0.330286  0.32828  0.326503  0.325034  0.323936  0.323257  0.323028  0.323257  0.323936  0.325034  0.326503  0.32828  0.330286  0.332433  0.334629  0.336776  0.338781  0.340555  0.342022  0.343117  0.343792  0.344017  
0.310015  0.309805  0.309174  0.308151  0.306781  0.305123  0.30325  0.301244  0.299193  0.297186  0.295312  0.293653  0.29228  0.291254  0.29062  0.290406  0.29062  0.291254  0.29228  0.293653  0.295312  0.297186  0.299193  0.301244  0.30325  0.305123  0.306781  0.308151  0.309174  0.309805  0.310015  
0.275896  0.275703  0.275124  0.274184  0.272925  0.271402  0.269681  0.267838  0.265954  0.264111  0.262389  0.260864  0.259603  0.258661  0.258078  0.257881  0.258078  0.258661  0.259603  0.260864  0.262389  0.264111  0.265954  0.267838  0.269681  0.271402  0.272925  0.274184  0.275124  0.275703  0.275896  
0.241668  0.241494  0.240972  0.240126  0.238992  0.237621  0.236071  0.234412  0.232715  0.231055  0.229505  0.228132  0.226996  0.226147  0.225623  0.225446  0.225623  0.226147  0.226996  0.228132  0.229505  0.231055  0.232715  0.234412  0.236071  0.237621  0.238992  0.240126  0.240972  0.241494  0.241668  
0.20734  0.207188  0.20673  0.205986  0.20499  0.203785  0.202424  0.200966  0.199475  0.198017  0.196655  0.195449  0.194451  0.193705  0.193245  0.193089  0.193245  0.193705  0.194451  0.195449  0.196655  0.198017  0.199475  0.200966  0.202424  0.203785  0.20499  0.205986  0.20673  0.207188  0.20734  
0.172925  0.172795  0.172405  0.171773  0.170925  0.1699  0.168742  0.167502  0.166234  0.164993  0.163834  0.162808  0.161959  0.161325  0.160933  0.160801  0.160933  0.161325  0.161959  0.162808  0.163834  0.164993  0.166234  0.167502  0.168742  0.1699  0.170925  0.171773  0.172405  0.172795  0.172925  
0.138434  0.138328  0.138011  0.137497  0.136807  0.135973  0.135031  0.134022  0.13299  0.131981  0.131038  0.130203  0.129513  0.128997  0.128678  0.12857  0.128678  0.128997  0.129513  0.130203  0.131038  0.131981  0.13299  0.134022  0.135031  0.135973  0.136807  0.137497  0.138011  0.138328  0.138434  
0.103881  0.103801  0.10356  0.103169  0.102645  0.102011  0.101295  0.100529  0.0997448  0.0989779  0.0982617  0.0976274  0.0971027  0.0967107  0.0964684  0.0963864  0.0964684  0.0967107  0.0971027  0.0976274  0.0982617  0.0989779  0.0997448  0.100529  0.101295  0.102011  0.102645  0.103169  0.10356  0.103801  0.103881  
0.0692807  0.0692266  0.0690645  0.0688014  0.068449  0.0680226  0.0675409  0.067025  0.0664976  0.0659816  0.0654997  0.0650729  0.0647199  0.0644561  0.0642931  0.0642379  0.0642931  0.0644561  0.0647199  0.0650729  0.0654997  0.0659816  0.0664976  0.067025  0.0675409  0.0680226  0.068449  0.0688014  0.0690645  0.0692266  0.0692807  
0.0346484  0.0346212  0.0345397  0.0344074  0.0342302  0.0340158  0.0337737  0.0335143  0.0332491  0.0329897  0.0327474  0.0325329  0.0323554  0.0322227  0.0321408  0.0321131  0.0321408  0.0322227  0.0323554  0.0325329  0.0327474  0.0329897  0.0332491  0.0335143  0.0337737  0.0340158  0.0342302  0.0344074  0.0345397  0.0346212  0.0346484  
0  0  0  0  0  0  0  0  0  0  0  0  0  0  0  0  0  0  0  0  0  0  0  0  0  0  0  0  0  0  0  
