1  1  1  1  1  1  1  1  1  1  1  1  1  1  1  1  1  1  1  1  1  1  1  1  1  1  1  1  1  1  1  
0.967904  0.967876  0.967793  0.967658  0.967477  0.967259  0.967011  0.966747  0.966476  0.966211  0.965964  0.965745  0.965564  0.965428  0.965345  0.965316  0.965345  0.965428  0.965564  0.965745  0.965964  0.966211  0.966476  0.966747  0.967011  0.967259  0.967477  0.967658  0.967793  0.967876  0.967904  
0.935796  0.935741  0.935576  0.935307  0.934948  0.934512  0.934021  0.933494  0.932956  0.932429  0.931937  0.931502  0.931141  0.930872  0.930706  0.930649  0.930706  0.930872  0.931141  0.931502  0.931937  0.932429  0.932956  0.933494  0.934021  0.934512  0.934948  0.935307  0.935576  0.935741  0.935796  
0.903665  0.903583  0.903337  0.902938  0.902404  0.901757  0.901026  0.900244  0.899444  0.898661  0.89793  0.897282  0.896747  0.896346  0.896099  0.896015  0.896099  0.896346  0.896747  0.897282  0.89793  0.898661  0.899444  0.900244  0.901026  0.901757  0.902404  0.902938  0.903337  0.903583  0.903665  
0.871498  0.87139  0.871067  0.870542  0.869838  0.868987  0.868025  0.866995  0.865942  0.864912  0.86395  0.863098  0.862393  0.861866  0.86154  0.86143  0.86154  0.861866  0.862393  0.863098  0.86395  0.864912  0.865942  0.866995  0.868025  0.868987  0.869838  0.870542  0.871067  0.87139  0.871498  
0.839285  0.839152  0.838754  0.838109  0.837244  0.836197  0.835015  0.83375  0.832455  0.831189  0.830006  0.828959  0.828092  0.827445  0.827045  0.826909  0.827045  0.827445  0.828092  0.828959  0.830006  0.831189  0.832455  0.83375  0.835015  0.836197  0.837244  0.838109  0.838754  0.839152  0.839285  
0.807013  0.806857  0.806389  0.80563  0.804614  0.803384  0.801995  0.800507  0.798985  0.797497  0.796107  0.794875  0.793857  0.793096  0.792626  0.792466  0.792626  0.793096  0.793857  0.794875  0.796107  0.797497  0.798985  0.800507  0.801995  0.803384  0.804614  0.80563  0.806389  0.806857  0.807013  
0.774672  0.774494  0.773962  0.773098  0.771941  0.770541  0.76896  0.767266  0.765535  0.76384  0.762258  0.760856  0.759697  0.758831  0.758296  0.758115  0.758296  0.758831  0.759697  0.760856  0.762258  0.76384  0.765535  0.767266  0.76896  0.770541  0.771941  0.773098  0.773962  0.774494  0.774672  
0.742251  0.742054  0.741463  0.740504  0.739219  0.737665  0.735909  0.734028  0.732105  0.730223  0.728466  0.72691  0.725623  0.724661  0.724066  0.723865  0.724066  0.724661  0.725623  0.72691  0.728466  0.730223  0.732105  0.734028  0.735909  0.737665  0.739219  0.740504  0.741463  0.742054  0.742251  
0.709742  0.709527  0.708884  0.70784  0.706441  0.704749  0.702837  0.70079  0.698697  0.696649  0.694736  0.693042  0.691641  0.690594  0.689947  0.689728  0.689947  0.690594  0.691641  0.693042  0.694736  0.696649  0.698697  0.70079  0.702837  0.704749  0.706441  0.70784  0.708884  0.709527  0.709742  
0.677133  0.676904  0.676215  0.675098  0.6736  0.671789  0.669743  0.667552  0.665311  0.66312  0.661072  0.659259  0.657759  0.656639  0.655946  0.655712  0.655946  0.656639  0.657759  0.659259  0.661072  0.66312  0.665311  0.667552  0.669743  0.671789  0.6736  0.675098  0.676215  0.676904  0.677133  
0.644417  0.644175  0.643449  0.64227  0.640691  0.638781  0.636623  0.634311  0.631948  0.629636  0.627477  0.625564  0.623983  0.622801  0.62207  0.621823  0.62207  0.622801  0.623983  0.625564  0.627477  0.629636  0.631948  0.634311  0.636623  0.638781  0.640691  0.64227  0.643449  0.644175  0.644417  
0.611586  0.611334  0.610578  0.609351  0.607708  0.605719  0.603472  0.601067  0.598606  0.5962  0.593952  0.591961  0.590315  0.589084  0.588324  0.588066  0.588324  0.589084  0.590315  0.591961  0.593952  0.5962  0.598606  0.601067  0.603472  0.605719  0.607708  0.609351  0.610578  0.611334  0.611586  
0.578634  0.578375  0.577597  0.576335  0.574645  0.5726  0.570289  0.567815  0.565285  0.56281  0.560498  0.558451  0.556758  0.555492  0.55471  0.554445  0.55471  0.555492  0.556758  0.558451  0.560498  0.56281  0.565285  0.567815  0.570289  0.5726  0.574645  0.576335  0.577597  0.578375  0.578634  
0.545554  0.54529  0.5445  0.543217  0.541498  0.539419  0.53707  0.534554  0.531982  0.529466  0.527115  0.525034  0.523312  0.522026  0.521231  0.520962  0.521231  0.522026  0.523312  0.525034  0.527115  0.529466  0.531982  0.534554  0.53707  0.539419  0.541498  0.543217  0.5445  0.54529  0.545554  
0.512342  0.512077  0.511282  0.509992  0.508264  0.506173  0.503811  0.501282  0.498696  0.496166  0.493802  0.491709  0.489978  0.488685  0.487885  0.487615  0.487885  0.488685  0.489978  0.491709  0.493802  0.496166  0.498696  0.501282  0.503811  0.506173  0.508264  0.509992  0.511282  0.512077  0.512342  
0.478995  0.478732  0.477941  0.476658  0.47494  0.47286  0.470511  0.467996  0.465424  0.462907  0.460557  0.458476  0.456754  0.455467  0.454672  0.454403  0.454672  0.455467  0.456754  0.458476  0.460557  0.462907  0.465424  0.467996  0.470511  0.47286  0.47494  0.476658  0.477941  0.478732  0.478995  
0.445512  0.445253  0.444475  0.443214  0.441523  0.439478  0.437167  0.434693  0.432163  0.429688  0.427377  0.425329  0.423636  0.422371  0.421589  0.421324  0.421589  0.422371  0.423636  0.425329  0.427377  0.429688  0.432163  0.434693  0.437167  0.439478  0.441523  0.443214  0.444475  0.445253  0.445512  
0.411892  0.41164  0.410884  0.409657  0.408013  0.406025  0.403778  0.401372  0.398912  0.396506  0.394258  0.392267  0.390621  0.38939  0.38863  0.388373  0.38863  0.38939  0.390621  0.392267  0.394258  0.396506  0.398912  0.401372  0.403778  0.406025  0.408013  0.409657  0.410884  0.41164  0.411892  
0.378137  0.377895  0.377169  0.37599  0.374411  0.372501  0.370343  0.368031  0.365668  0.363356  0.361197  0.359285  0.357703  0.356521  0.355791  0.355544  0.355791  0.356521  0.357703  0.359285  0.361197  0.363356  0.365668  0.368031  0.370343  0.372501  0.374411  0.37599  0.377169  0.377895  0.378137  
0.34425  0.344021  0.343332  0.342215  0.340718  0.338906  0.33686  0.334669  0.332429  0.330237  0.32819  0.326377  0.324877  0.323757  0.323064  0.32283  0.323064  0.323757  0.324877  0.326377  0.32819  0.330237  0.332429  0.334669  0.33686  0.338906  0.340718  0.342215  0.343332  0.344021  0.34425  
0.310237  0.310022  0.309379  0.308335  0.306936  0.305244  0.303332  0.301285  0.299192  0.297144  0.295232  0.293538  0.292137  0.29109  0.290443  0.290224  0.290443  0.29109  0.292137  0.293538  0.295232  0.297144  0.299192  0.301285  0.303332  0.305244  0.306936  0.308335  0.309379  0.310022  0.310237  
0.276102  0.275905  0.275314  0.274355  0.27307  0.271515  0.269759  0.267879  0.265956  0.264074  0.262317  0.260761  0.259474  0.258512  0.257918  0.257717  0.257918  0.258512  0.259474  0.260761  0.262317  0.264074  0.265956  0.267879  0.269759  0.271515  0.27307  0.274355  0.275314  0.275905  0.276102  
0.241856  0.241679  0.241146  0.240283  0.239125  0.237726  0.236144  0.234451  0.232719  0.231025  0.229443  0.228041  0.226882  0.226016  0.225481  0.2253  0.225481  0.226016  0.226882  0.228041  0.229443  0.231025  0.232719  0.234451  0.236144  0.237726  0.239125  0.240283  0.241146  0.241679  0.241856  
0.207508  0.207352  0.206884  0.206125  0.205109  0.203879  0.20249  0.201002  0.19948  0.197992  0.196602  0.195371  0.194353  0.193592  0.193121  0.192962  0.193121  0.193592  0.194353  0.195371  0.196602  0.197992  0.19948  0.201002  0.20249  0.203879  0.205109  0.206125  0.206884  0.207352  0.207508  
0.173069  0.172936  0.172538  0.171893  0.171028  0.169981  0.168799  0.167534  0.166239  0.164973  0.163791  0.162743  0.161877  0.16123  0.16083  0.160694  0.16083  0.16123  0.161877  0.162743  0.163791  0.164973  0.166239  0.167534  0.168799  0.169981  0.171028  0.171893  0.172538  0.172936  0.173069  
0.138552  0.138444  0.13812  0.137595  0.136891  0.13604  0.135079  0.134049  0.132996  0.131966  0.131004  0.130151  0.129447  0.12892  0.128595  0.128485  0.128595  0.12892  0.129447  0.130151  0.131004  0.131966  0.132996  0.134049  0.135079  0.13604  0.136891  0.137595  0.13812  0.138444  0.138552  
0.103971  0.103889  0.103643  0.103244  0.102709  0.102063  0.101332  0.10055  0.0997495  0.0989668  0.0982358  0.0975884  0.0970529  0.0966528  0.0964055  0.0963219  0.0964055  0.0966528  0.0970529  0.0975884  0.0982358  0.0989668  0.0997495  0.10055  0.101332  0.102063  0.102709  0.103244  0.103643  0.103889  0.103971  
0.0693416  0.0692864  0.0691209  0.0688524  0.0684927  0.0680575  0.0675659  0.0670394  0.066501  0.0659744  0.0654826  0.0650469  0.0646866  0.0644174  0.064251  0.0641947  0.064251  0.0644174  0.0646866  0.0650469  0.0654826  0.0659744  0.066501  0.0670394  0.0675659  0.0680575  0.0684927  0.0688524  0.0691209  0.0692864  0.0693416  
0.0346791  0.0346514  0.0345682  0.0344332  0.0342523  0.0340335  0.0337863  0.0335216  0.033251  0.0329862  0.0327389  0.0325199  0.0323387  0.0322034  0.0321197  0.0320914  0.0321197  0.0322034  0.0323387  0.0325199  0.0327389  0.0329862  0.033251  0.0335216  0.0337863  0.0340335  0.0342523  0.0344332  0.0345682  0.0346514  0.0346791  
0  0  0  0  0  0  0  0  0  0  0  0  0  0  0  0  0  0  0  0  0  0  0  0  0  0  0  0  0  0  0  
