1  1  1  1  1  1  1  1  1  1  1  1  1  1  1  1  1  1  1  1  1  1  1  1  1  1  1  1  1  1  1  
0.830285  0.921888  1.1967  0.558686  1.55185  0.214246  1.88001  -0.0956628  2.16581  -0.355912  2.39495  -0.552941  2.55525  -0.675889  2.63779  -0.717698  2.6378  -0.675918  2.55529  -0.552994  2.39501  -0.355978  2.16588  -0.0957298  1.88008  0.214191  1.5519  0.558653  1.19671  0.921884  0.830274  
1.20941  1.02724  0.480727  1.7482  -0.226414  2.43108  -0.880464  3.04481  -1.45052  3.55968  -1.90783  3.94916  -2.22789  4.19207  -2.39271  4.27464  -2.39274  4.19212  -2.22797  3.94927  -1.90795  3.55981  -1.45065  3.04494  -0.880588  2.43119  -0.226503  1.74826  0.48069  1.02724  1.20943  
0.497693  0.767925  1.57862  -0.303555  2.6263  -1.31953  3.59412  -2.23336  4.43666  -3.00043  5.11187  -3.58092  5.58408  -3.94303  5.82713  -4.06614  5.82717  -3.94311  5.5842  -3.58107  5.11205  -3.00062  4.43686  -2.23355  3.59431  -1.3197  2.62644  -0.303651  1.57867  0.767913  0.49766  
1.40507  1.04981  -0.0159634  2.45581  -1.39493  3.78728  -2.6699  4.9833  -3.78049  5.98604  -4.67087  6.74412  -5.29367  7.21666  -5.61428  7.37727  -5.61433  7.21678  -5.29384  6.74432  -4.6711  5.9863  -3.78076  4.98356  -2.67014  3.78749  -1.39511  2.45594  -0.0160359  1.04982  1.40511  
0.185156  0.620588  1.92688  -1.10599  3.61496  -2.74266  5.17358  -4.21383  6.52941  -5.44773  7.61508  -6.38075  8.37376  -6.96239  8.76406  -7.16008  8.76414  -6.96253  8.37396  -6.381  7.61537  -5.44805  6.52974  -4.21415  5.17388  -2.74292  3.61517  -1.10614  1.92697  0.62057  0.185103  
1.57413  1.06336  -0.468978  3.08495  -2.45149  4.99868  -4.2834  6.71639  -5.87768  8.15506  -7.15453  9.24162  -8.04685  9.91839  -8.50591  10.1483  -8.506  9.91855  -8.04709  9.24191  -7.15487  8.15544  -5.87806  6.71677  -4.28375  4.99899  -2.45174  3.08513  -0.469082  1.06338  1.5742  
-0.0954272  0.483804  2.2215  -1.8131  4.46687  -3.98952  6.53863  -5.94408  8.33889  -7.58152  9.77869  -8.81823  10.7838  -9.5885  11.3004  -9.85016  11.3005  -9.58868  10.784  -8.81857  9.77908  -7.58194  8.33932  -5.94451  6.53903  -3.98987  4.46716  -1.81331  2.22162  0.483779  -0.0954992  
1.70548  1.0641  -0.860044  3.60273  -3.34928  6.00482  -5.64765  8.15863  -7.64547  9.96018  -9.24337  11.319  -10.3587  12.1645  -10.932  12.4515  -10.9321  12.1647  -10.359  11.3194  -9.2438  9.96065  -7.64596  8.1591  -5.6481  6.00521  -3.3496  3.60296  -0.860176  1.06412  1.70556  
-0.334202  0.360811  2.44585  -2.39543  5.13981  -5.0058  7.62334  -7.34745  9.77854  -9.30634  11.4996  -10.7837  12.6995  -11.7028  13.3157  -12.0148  13.3158  -11.703  12.6998  -10.7841  11.5001  -9.30685  9.77906  -7.34796  7.62382  -5.00623  5.14016  -2.39568  2.44599  0.360782  -0.334289  
1.7903  1.04904  -1.17475  3.98322  -4.0514  6.75808  -6.70508  9.24311  -9.00847  11.3184  -10.8478  12.8813  -12.1299  13.8525  -12.7883  14.1821  -12.7884  13.8528  -12.1302  12.8818  -10.8483  11.319  -9.00903  9.24366  -6.7056  6.75854  -4.05178  3.98349  -1.1749  1.04907  1.79039  
-0.523868  0.253995  2.58758  -2.8311  5.60242  -5.75131  8.37907  -8.36756  10.785  -10.5526  12.703  -12.1978  14.0381  -13.22  14.7231  -13.5667  14.7232  -13.2202  14.0385  -12.1983  12.7036  -10.5532  10.7856  -8.36814  8.37962  -5.75179  5.60281  -2.83138  2.58775  0.253962  -0.523966  
1.82255  1.01611  -1.4032  4.20856  -4.53255  7.22589  -7.41648  9.92445  -9.91582  12.1742  -11.9081  13.8656  -13.2946  14.9151  -14.0059  15.271  -14.006  14.9154  -13.295  13.866  -11.9087  12.1748  -9.91644  9.92506  -7.41705  7.22639  -4.53295  4.20885  -1.40336  1.01615  1.82265  
-0.659954  0.164799  2.63906  -3.10662  5.83537  -6.20141  8.77615  -8.97031  11.3201  -11.2788  13.3446  -13.0139  14.7514  -14.0904  15.4724  -14.4553  15.4725  -14.0906  14.7518  -13.0144  13.3451  -11.2794  11.3208  -8.97094  8.77674  -6.20192  5.83579  -3.10692  2.63923  0.164764  -0.660058  
1.79907  0.964242  -1.54026  4.26941  -4.7796  7.39145  -7.76187  10.1798  -10.3422  12.5002  -12.3954  14.2415  -13.8218  15.3206  -14.5527  15.6861  -14.5529  15.3208  -13.8222  14.242  -12.396  12.5009  -10.3429  10.1804  -7.76246  7.39197  -4.78003  4.26972  -1.54043  0.964278  1.79918  
-0.740843  0.0937177  2.5974  -3.217  5.83151  -6.34718  8.80401  -9.14392  11.3712  -11.4714  13.4103  -13.2177  14.825  -14.2996  15.5492  -14.6661  15.5493  -14.2999  14.8254  -13.2182  13.4109  -11.4721  11.3719  -9.14455  8.80461  -6.3477  5.83194  -3.21731  2.59758  0.0936818  -0.740949  
1.71954  0.893291  -1.58544  4.1648  -4.79133  7.25327  -7.73986  10.0079  -10.2869  12.2962  -12.3099  14.0102  -13.7131  15.0709  -14.4312  15.4299  -14.4314  15.0711  -13.7135  14.0107  -12.3105  12.2968  -10.2876  10.0085  -7.74045  7.25379  -4.79176  4.16511  -1.58562  0.893327  1.71964  
-0.76759  0.0403631  2.46422  -3.16521  5.59508  -6.19434  8.46985  -8.89724  10.9487  -11.1428  12.9141  -12.8246  14.2754  -13.8651  14.9715  -14.2173  14.9716  -13.8654  14.2758  -12.8251  12.9147  -11.1434  10.9494  -8.89787  8.47043  -6.19485  5.5955  -3.16551  2.46439  0.0403281  -0.767694  
1.58616  0.804003  -1.54247  3.90129  -4.57723  6.82373  -7.36577  9.42691  -9.77099  11.5858  -11.678  13.2001  -12.9987  14.1977  -13.6739  14.5351  -13.674  14.1979  -12.9991  13.2006  -11.6786  11.5864  -9.77161  9.42752  -7.36633  6.82423  -4.57764  3.90158  -1.54264  0.804037  1.58626  
-0.743581  0.003585  2.24508  -2.96119  5.14032  -5.76143  7.79636  -8.25707  10.0833  -10.3271  11.8934  -11.875  13.1453  -12.8314  13.7847  -13.1548  13.7848  -12.8316  13.1456  -11.8755  11.894  -10.3277  10.0839  -8.25765  7.7969  -5.7619  5.14071  -2.96147  2.24524  0.00355236  -0.743678  
1.40335  0.697859  -1.41861  3.49183  -4.15589  6.12687  -6.66899  8.47134  -8.83368  10.4127  -10.5473  11.8621  -11.7323  12.7566  -12.3376  13.059  -12.3377  12.7569  -11.7327  11.8625  -10.5478  10.4132  -8.83424  8.47189  -6.6695  6.12732  -4.15625  3.4921  -1.41876  0.69789  1.40344  
-0.67411  -0.0183836  1.94879  -2.62064  4.48969  -5.07746  6.81883  -7.26472  8.82169  -9.07642  10.4047  -10.4292  11.4979  -11.264  12.0558  -11.5462  12.0559  -11.2642  11.4983  -10.4296  10.4051  -9.07693  8.82221  -7.26523  6.81931  -5.07788  4.49003  -2.62089  1.94894  -0.0184125  -0.674196  
1.17723  0.576936  -1.22395  2.95455  -3.55312  5.19604  -5.69003  7.1884  -7.52853  8.836  -8.98196  10.0645  -9.98584  10.8218  -10.4981  11.0776  -10.4982  10.822  -9.98613  10.0648  -8.98239  8.83647  -7.52901  7.18887  -5.69047  5.19643  -3.55344  2.95478  -1.22408  0.576963  1.17731  
-0.565919  -0.0277722  1.58667  -2.16364  3.67197  -4.17947  5.58224  -5.97255  7.22315  -7.45601  8.51846  -8.56235  9.41203  -9.24444  9.86766  -9.47486  9.86775  -9.24463  9.4123  -8.56268  8.51885  -7.45643  7.22359  -5.97297  5.58263  -4.17982  3.67225  -2.16385  1.58679  -0.027796  -0.56599  
0.915246  0.443758  -0.970707  2.31135  -2.80013  4.07149  -4.47761  5.63476  -5.91947  6.92617  -7.05811  7.88801  -7.84378  8.48044  -8.24442  8.68046  -8.2445  8.4806  -7.84401  7.8883  -7.05845  6.92653  -5.91985  5.63514  -4.47795  4.0718  -2.80038  2.31153  -0.97081  0.443779  0.915308  
-0.426785  -0.027131  1.17183  -1.61347  2.7205  -3.11028  4.13848  -4.4408  5.35551  -5.54057  6.3153  -6.36  6.97682  -6.86482  7.31392  -7.03528  7.31399  -6.86496  6.97702  -6.36025  6.31558  -5.54088  5.35583  -4.44111  4.13877  -3.11054  2.72071  -1.61363  1.17192  -0.0271488  -0.426838  
0.625716  0.301161  -0.672505  1.58683  -1.93184  2.79826  -3.08611  3.87358  -4.07758  4.76121  -4.85992  5.42178  -5.39934  5.8284  -5.67427  5.96563  -5.67433  5.82851  -5.3995  5.42199  -4.86015  4.76146  -4.07784  3.87384  -3.08635  2.79847  -1.93201  1.58695  -0.672577  0.301175  0.625759  
-0.265162  -0.019215  0.718627  -0.995511  1.67169  -1.91655  2.54404  -2.73489  3.29234  -3.4109  3.88209  -3.91426  4.28833  -4.22421  4.49525  -4.32884  4.4953  -4.2243  4.28845  -3.91442  3.88227  -3.41109  3.29254  -2.73509  2.54422  -1.91671  1.67182  -0.995606  0.718681  -0.019226  -0.265195  
0.317554  0.152188  -0.343909  0.807281  -0.985569  1.42447  -1.57355  1.97212  -2.07839  2.42397  -2.47656  2.76008  -2.75097  2.96688  -2.89078  3.03666  -2.89081  2.96694  -2.75105  2.76018  -2.47668  2.4241  -2.07853  1.97225  -1.57368  1.42458  -0.985657  0.807345  -0.343946  0.152195  0.317576  
-0.0899089  -0.00689609  0.242142  -0.336429  0.563825  -0.647285  0.858215  -0.923417  1.11067  -1.15145  1.30957  -1.32119  1.44654  -1.42568  1.51629  -1.46095  1.51631  -1.42571  1.44658  -1.32124  1.30964  -1.15152  1.11074  -0.923483  0.858277  -0.647339  0.563869  -0.336461  0.242161  -0.0068998  -0.0899199  
0  0  0  0  0  0  0  0  0  0  0  0  0  0  0  0  0  0  0  0  0  0  0  0  0  0  0  0  0  0  0  
