1  1  1  1  1  1  1  1  1  1  1  1  1  1  1  1  1  1  1  1  1  1  1  1  1  1  1  1  1  1  1  
238453  79712.6  -396509  708530  -1.01234e+06  1.30453e+06  -1.5817e+06  1.84052e+06  -2.07779e+06  2.29045e+06  -2.47569e+06  2.63098e+06  -2.75414e+06  2.84342e+06  -2.89751e+06  2.91564e+06  -2.89752e+06  2.84342e+06  -2.75414e+06  2.63098e+06  -2.47569e+06  2.29046e+06  -2.07779e+06  1.84053e+06  -1.5817e+06  1.30454e+06  -1.01235e+06  708534  -396511  79713  238454  
-473931  -158427  788086  -1.40824e+06  2.01207e+06  -2.59276e+06  3.14357e+06  -3.65789e+06  4.12933e+06  -4.55184e+06  4.91985e+06  -5.22833e+06  5.47298e+06  -5.6503e+06  5.75775e+06  -5.79375e+06  5.75776e+06  -5.65031e+06  5.47298e+06  -5.22834e+06  4.91986e+06  -4.55186e+06  4.12934e+06  -3.6579e+06  3.14358e+06  -2.59277e+06  2.01208e+06  -1.40825e+06  788090  -158427  -473933  
703516  235169  -1.16987e+06  2.09046e+06  -2.98677e+06  3.84867e+06  -4.66612e+06  5.42933e+06  -6.12882e+06  6.75563e+06  -7.3015e+06  7.75902e+06  -8.12183e+06  8.38479e+06  -8.54411e+06  8.59748e+06  -8.54412e+06  8.3848e+06  -8.12185e+06  7.75904e+06  -7.30152e+06  6.75565e+06  -6.12884e+06  5.42935e+06  -4.66614e+06  3.84869e+06  -2.98678e+06  2.09047e+06  -1.16988e+06  235170  703519  
-924374  -308986  1.53718e+06  -2.7468e+06  3.92445e+06  -5.05675e+06  6.13053e+06  -7.13286e+06  8.05135e+06  -8.87426e+06  9.59077e+06  -1.01912e+07  1.06673e+07  -1.10123e+07  1.12213e+07  -1.12913e+07  1.12213e+07  -1.10123e+07  1.06673e+07  -1.01912e+07  9.5908e+06  -8.87429e+06  8.05138e+06  -7.13289e+06  6.13055e+06  -5.05678e+06  3.92447e+06  -2.74681e+06  1.53718e+06  -308988  -924378  
1.13383e+06  378986  -1.88554e+06  3.36929e+06  -4.8137e+06  6.20231e+06  -7.5189e+06  8.74763e+06  -9.87332e+06  1.08816e+07  -1.17594e+07  1.24948e+07  -1.30777e+07  1.35002e+07  -1.3756e+07  1.38418e+07  -1.37561e+07  1.35002e+07  -1.30778e+07  1.24948e+07  -1.17594e+07  1.08817e+07  -9.87335e+06  8.74767e+06  -7.51893e+06  6.20234e+06  -4.81372e+06  3.36931e+06  -1.88555e+06  378988  1.13383e+06  
-1.32936e+06  -444324  2.2108e+06  -3.95051e+06  5.64392e+06  -7.27164e+06  8.81461e+06  -1.02542e+07  1.15728e+07  -1.27535e+07  1.37811e+07  -1.46418e+07  1.53239e+07  -1.58181e+07  1.61174e+07  -1.62177e+07  1.61175e+07  -1.58181e+07  1.53239e+07  -1.46418e+07  1.37811e+07  -1.27536e+07  1.15728e+07  -1.02543e+07  8.81464e+06  -7.27167e+06  5.64394e+06  -3.95052e+06  2.21081e+06  -444326  -1.32937e+06  
1.50871e+06  504243  -2.50916e+06  4.48367e+06  -6.40541e+06  8.25226e+06  -1.00025e+07  1.16351e+07  -1.31298e+07  1.4468e+07  -1.56321e+07  1.66069e+07  -1.73793e+07  1.79388e+07  -1.82776e+07  1.83911e+07  -1.82777e+07  1.79388e+07  -1.73794e+07  1.66069e+07  -1.56321e+07  1.4468e+07  -1.31299e+07  1.16351e+07  -1.00025e+07  8.25229e+06  -6.40544e+06  4.48369e+06  -2.50918e+06  504245  1.50872e+06  
-1.66983e+06  -558057  2.77726e+06  -4.96273e+06  7.08955e+06  -9.13305e+06  1.10691e+07  -1.28745e+07  1.45268e+07  -1.60055e+07  1.72914e+07  -1.83679e+07  1.92207e+07  -1.98382e+07  2.02121e+07  -2.03373e+07  2.02121e+07  -1.98382e+07  1.92207e+07  -1.8368e+07  1.72915e+07  -1.60055e+07  1.45269e+07  -1.28745e+07  1.10692e+07  -9.13309e+06  7.08958e+06  -4.96275e+06  2.77727e+06  -558059  -1.66984e+06  
1.81096e+06  605185  -3.01215e+06  5.38248e+06  -7.68888e+06  9.90444e+06  -1.20029e+07  1.3959e+07  -1.57486e+07  1.73494e+07  -1.87412e+07  1.99058e+07  -2.0828e+07  2.14957e+07  -2.19e+07  2.20353e+07  -2.19e+07  2.14957e+07  -2.08281e+07  1.99058e+07  -1.87412e+07  1.73495e+07  -1.57486e+07  1.3959e+07  -1.20029e+07  9.90448e+06  -7.68891e+06  5.38251e+06  -3.01216e+06  605188  1.81097e+06  
-1.93065e+06  -645135  3.21141e+06  -5.73856e+06  8.1972e+06  -1.05584e+07  1.27942e+07  -1.48774e+07  1.67826e+07  -1.84861e+07  1.99665e+07  -2.12048e+07  2.21851e+07  -2.28947e+07  2.33242e+07  -2.3468e+07  2.33242e+07  -2.28947e+07  2.21852e+07  -2.12049e+07  1.99665e+07  -1.84862e+07  1.67827e+07  -1.48774e+07  1.27942e+07  -1.05585e+07  8.19724e+06  -5.73859e+06  3.21143e+06  -645138  -1.93066e+06  
2.02773e+06  677526  -3.3731e+06  6.02752e+06  -8.6096e+06  1.10888e+07  -1.34354e+07  1.5621e+07  -1.76191e+07  1.94048e+07  -2.0956e+07  2.2253e+07  -2.32794e+07  2.40222e+07  -2.44717e+07  2.46222e+07  -2.44717e+07  2.40222e+07  -2.32795e+07  2.22531e+07  -2.0956e+07  1.94049e+07  -1.76191e+07  1.56211e+07  -1.34354e+07  1.10888e+07  -8.60964e+06  6.02755e+06  -3.37312e+06  677529  2.02774e+06  
-2.10137e+06  -702071  3.49582e+06  -6.24683e+06  8.92247e+06  -1.14908e+07  1.3921e+07  -1.61836e+07  1.8251e+07  -2.00979e+07  2.17015e+07  -2.30418e+07  2.41021e+07  -2.48692e+07  2.53333e+07  -2.54887e+07  2.53333e+07  -2.48692e+07  2.41022e+07  -2.30419e+07  2.17016e+07  -2.0098e+07  1.82511e+07  -1.61836e+07  1.3921e+07  -1.14909e+07  8.92252e+06  -6.24686e+06  3.49583e+06  -702075  -2.10138e+06  
2.15101e+06  718599  -3.57864e+06  6.39489e+06  -9.13355e+06  1.17617e+07  -1.42476e+07  1.65611e+07  -1.86741e+07  2.05608e+07  -2.21982e+07  2.35663e+07  -2.46481e+07  2.54305e+07  -2.59038e+07  2.60622e+07  -2.59038e+07  2.54305e+07  -2.46481e+07  2.35663e+07  -2.21983e+07  2.05609e+07  -1.86742e+07  1.65611e+07  -1.42476e+07  1.17617e+07  -9.13359e+06  6.39492e+06  -3.57866e+06  718603  2.15102e+06  
-2.17644e+06  -727031  3.6212e+06  -6.47098e+06  9.24184e+06  -1.19002e+07  1.44137e+07  -1.6752e+07  1.88867e+07  -2.07919e+07  2.24445e+07  -2.38247e+07  2.49157e+07  -2.57045e+07  2.61816e+07  -2.63413e+07  2.61816e+07  -2.57045e+07  2.49158e+07  -2.38247e+07  2.24446e+07  -2.07919e+07  1.88867e+07  -1.67521e+07  1.44138e+07  -1.19002e+07  9.24188e+06  -6.47101e+06  3.62121e+06  -727034  -2.17645e+06  
2.17771e+06  727392  -3.62356e+06  6.47526e+06  -9.24757e+06  1.19066e+07  -1.44199e+07  1.6757e+07  -1.88897e+07  2.07921e+07  -2.24417e+07  2.38186e+07  -2.49068e+07  2.56932e+07  -2.61688e+07  2.63279e+07  -2.61688e+07  2.56932e+07  -2.49068e+07  2.38187e+07  -2.24417e+07  2.07922e+07  -1.88897e+07  1.67571e+07  -1.442e+07  1.19066e+07  -9.24761e+06  6.47529e+06  -3.62358e+06  727396  2.17772e+06  
-2.15515e+06  -719795  3.58628e+06  -6.40871e+06  9.15216e+06  -1.17828e+07  1.42685e+07  -1.6579e+07  1.86863e+07  -2.05654e+07  2.21939e+07  -2.35527e+07  2.46261e+07  -2.54017e+07  2.58706e+07  -2.60275e+07  2.58706e+07  -2.54017e+07  2.46261e+07  -2.35528e+07  2.21939e+07  -2.05654e+07  1.86864e+07  -1.6579e+07  1.42686e+07  -1.17829e+07  9.15221e+06  -6.40874e+06  3.5863e+06  -719799  -2.15516e+06  
2.10937e+06  704444  -3.51034e+06  6.27307e+06  -8.95812e+06  1.15322e+07  -1.39635e+07  1.62226e+07  -1.82821e+07  2.01178e+07  -2.17079e+07  2.30342e+07  -2.40815e+07  2.4838e+07  -2.52954e+07  2.54484e+07  -2.52954e+07  2.48381e+07  -2.40816e+07  2.30342e+07  -2.1708e+07  2.01178e+07  -1.82822e+07  1.62226e+07  -1.39636e+07  1.15322e+07  -8.95816e+06  6.2731e+06  -3.51035e+06  704447  2.10938e+06  
-2.04119e+06  -681614  3.3971e+06  -6.07079e+06  8.66895e+06  -1.11591e+07  1.35105e+07  -1.56944e+07  1.76846e+07  -1.94576e+07  2.09929e+07  -2.22729e+07  2.32833e+07  -2.4013e+07  2.4454e+07  -2.46015e+07  2.4454e+07  -2.4013e+07  2.32833e+07  -2.22729e+07  2.09929e+07  -1.94577e+07  1.76846e+07  -1.56944e+07  1.35105e+07  -1.11592e+07  8.66899e+06  -6.07082e+06  3.39712e+06  -681618  -2.0412e+06  
1.95165e+06  651661  -3.24829e+06  5.80494e+06  -8.28906e+06  1.06694e+07  -1.29163e+07  1.50025e+07  -1.69029e+07  1.85952e+07  -2.006e+07  2.12807e+07  -2.22441e+07  2.29396e+07  -2.33598e+07  2.35004e+07  -2.33599e+07  2.29396e+07  -2.22441e+07  2.12808e+07  -2.006e+07  1.85952e+07  -1.69029e+07  1.50026e+07  -1.29164e+07  1.06694e+07  -8.28909e+06  5.80497e+06  -3.24831e+06  651664  1.95166e+06  
-1.84198e+06  -614994  3.06596e+06  -5.47917e+06  7.82365e+06  -1.00697e+07  1.21893e+07  -1.41565e+07  1.59479e+07  -1.75425e+07  1.89222e+07  -2.00717e+07  2.09784e+07  -2.16329e+07  2.20284e+07  -2.21606e+07  2.20284e+07  -2.1633e+07  2.09785e+07  -2.00717e+07  1.89223e+07  -1.75426e+07  1.5948e+07  -1.41566e+07  1.21893e+07  -1.00697e+07  7.82368e+06  -5.4792e+06  3.06598e+06  -614997  -1.84199e+06  
1.71358e+06  572083  -2.85242e+06  5.09762e+06  -7.27863e+06  9.36767e+06  -1.13386e+07  1.31673e+07  -1.48319e+07  1.63131e+07  -1.75942e+07  1.86612e+07  -1.95027e+07  2.01099e+07  -2.04767e+07  2.05994e+07  -2.04767e+07  2.01099e+07  -1.95027e+07  1.86613e+07  -1.75943e+07  1.63132e+07  -1.48319e+07  1.31673e+07  -1.13386e+07  9.36771e+06  -7.27867e+06  5.09764e+06  -2.85243e+06  572086  1.71359e+06  
-1.568e+06  -523441  2.61022e+06  -4.66484e+06  6.66053e+06  -8.57173e+06  1.03744e+07  -1.20465e+07  1.35681e+07  -1.49217e+07  1.6092e+07  -1.70663e+07  1.78346e+07  -1.83888e+07  1.87236e+07  -1.88355e+07  1.87236e+07  -1.83889e+07  1.78346e+07  -1.70664e+07  1.6092e+07  -1.49217e+07  1.35682e+07  -1.20466e+07  1.03745e+07  -8.57177e+06  6.66057e+06  -4.66486e+06  2.61023e+06  -523444  -1.568e+06  
1.40687e+06  469625  -2.34212e+06  4.18576e+06  -5.97638e+06  7.69091e+06  -9.30776e+06  1.08071e+07  -1.21711e+07  1.3384e+07  -1.44325e+07  1.53052e+07  -1.59931e+07  1.64893e+07  -1.67889e+07  1.68891e+07  -1.67889e+07  1.64893e+07  -1.59931e+07  1.53052e+07  -1.44325e+07  1.33841e+07  -1.21711e+07  1.08071e+07  -9.3078e+06  7.69094e+06  -5.97641e+06  4.18578e+06  -2.34213e+06  469628  1.40688e+06  
-1.23198e+06  -411220  2.05105e+06  -3.66561e+06  5.23363e+06  -6.7348e+06  8.15018e+06  -9.4624e+06  1.06559e+07  -1.17169e+07  1.26337e+07  -1.33967e+07  1.39981e+07  -1.44317e+07  1.46936e+07  -1.47811e+07  1.46936e+07  -1.44317e+07  1.39981e+07  -1.33968e+07  1.26338e+07  -1.17169e+07  1.06559e+07  -9.46243e+06  8.15022e+06  -6.73483e+06  5.23365e+06  -3.66563e+06  2.05106e+06  -411222  -1.23198e+06  
1.04514e+06  348840  -1.74007e+06  3.10986e+06  -4.44008e+06  5.71345e+06  -6.91385e+06  8.02653e+06  -9.03829e+06  9.93758e+06  -1.07145e+07  1.13609e+07  -1.18703e+07  1.22376e+07  -1.24593e+07  1.25334e+07  -1.24593e+07  1.22376e+07  -1.18703e+07  1.1361e+07  -1.07145e+07  9.93761e+06  -9.03832e+06  8.02656e+06  -6.91388e+06  5.71347e+06  -4.4401e+06  3.10988e+06  -1.74008e+06  348842  1.04515e+06  
-848274  -283118  1.41235e+06  -2.52418e+06  3.60383e+06  -4.63724e+06  5.6113e+06  -6.51404e+06  7.33476e+06  -8.0641e+06  8.6941e+06  -9.21816e+06  9.63104e+06  -9.92872e+06  1.01084e+07  -1.01685e+07  1.01084e+07  -9.92873e+06  9.63105e+06  -9.21818e+06  8.69412e+06  -8.06412e+06  7.33478e+06  -6.51407e+06  5.61133e+06  -4.63726e+06  3.60385e+06  -2.52419e+06  1.41235e+06  -283120  -848278  
643322  214707  -1.07114e+06  1.91437e+06  -2.73317e+06  3.51684e+06  -4.25543e+06  4.93985e+06  -5.562e+06  6.1148e+06  -6.59223e+06  6.98933e+06  -7.30214e+06  7.52766e+06  -7.66379e+06  7.70931e+06  -7.6638e+06  7.52767e+06  -7.30215e+06  6.98935e+06  -6.59225e+06  6.11482e+06  -5.56202e+06  4.93987e+06  -4.25545e+06  3.51686e+06  -2.73319e+06  1.91438e+06  -1.07114e+06  214709  643326  
-432279  -144269  719762  -1.28639e+06  1.83658e+06  -2.36314e+06  2.85937e+06  -3.31917e+06  3.73708e+06  -4.10838e+06  4.42902e+06  -4.69568e+06  4.90572e+06  -5.05714e+06  5.14854e+06  -5.1791e+06  5.14855e+06  -5.05715e+06  4.90573e+06  -4.69569e+06  4.42903e+06  -4.10839e+06  3.7371e+06  -3.31918e+06  2.85938e+06  -2.36315e+06  1.83659e+06  -1.2864e+06  719766  -144269  -432281  
217160  72474.1  -361585  646243  -922638  1.18715e+06  -1.43642e+06  1.66737e+06  -1.87728e+06  2.06376e+06  -2.22478e+06  2.35869e+06  -2.46417e+06  2.5402e+06  -2.58609e+06  2.60143e+06  -2.58609e+06  2.5402e+06  -2.46417e+06  2.3587e+06  -2.22479e+06  2.06376e+06  -1.87729e+06  1.66738e+06  -1.43643e+06  1.18716e+06  -922643  646246  -361587  72474.4  217162  
0  0  0  0  0  0  0  0  0  0  0  0  0  0  0  0  0  0  0  0  0  0  0  0  0  0  0  0  0  0  0  
