1  1  1  1  1  1  1  1  1  1  1  1  1  1  1  1  1  1  1  1  1  1  1  1  1  1  1  1  1  1  1  
-3.49756e+09  -1.16919e+09  5.81592e+09  -1.03926e+10  1.48488e+10  -1.91346e+10  2.32e+10  -2.69964e+10  3.04766e+10  -3.35959e+10  3.6313e+10  -3.85907e+10  4.03972e+10  -4.17068e+10  4.25002e+10  -4.2766e+10  4.25002e+10  -4.17068e+10  4.03973e+10  -3.85907e+10  3.6313e+10  -3.35959e+10  3.04766e+10  -2.69964e+10  2.32e+10  -1.91346e+10  1.48489e+10  -1.03926e+10  5.81593e+09  -1.16919e+09  -3.49757e+09  
6.95155e+09  2.32379e+09  -1.15595e+10  2.06558e+10  -2.95127e+10  3.80302e+10  -4.61094e+10  5.36533e+10  -6.05684e+10  6.67658e+10  -7.21637e+10  7.66884e+10  -8.02769e+10  8.2878e+10  -8.4454e+10  8.49819e+10  -8.4454e+10  8.2878e+10  -8.02769e+10  7.66885e+10  -7.21637e+10  6.67659e+10  -6.05684e+10  5.36534e+10  -4.61094e+10  3.80302e+10  -2.95127e+10  2.06558e+10  -1.15595e+10  2.32379e+09  6.95155e+09  
-1.03191e+10  -3.44942e+09  1.71596e+10  -3.06627e+10  4.38097e+10  -5.64519e+10  6.84424e+10  -7.9637e+10  8.98971e+10  -9.90912e+10  1.07098e+11  -1.13809e+11  1.19131e+11  -1.22988e+11  1.25325e+11  -1.26107e+11  1.25325e+11  -1.22988e+11  1.19131e+11  -1.13809e+11  1.07098e+11  -9.90913e+10  8.98971e+10  -7.9637e+10  6.84424e+10  -5.6452e+10  4.38097e+10  -3.06627e+10  1.71596e+10  -3.44943e+09  -1.03191e+10  
1.35587e+10  4.53222e+09  -2.25473e+10  4.02901e+10  -5.75638e+10  7.41726e+10  -8.99227e+10  1.04625e+11  -1.18098e+11  1.30168e+11  -1.40678e+11  1.49485e+11  -1.56468e+11  1.61529e+11  -1.64595e+11  1.65622e+11  -1.64595e+11  1.61529e+11  -1.56468e+11  1.49485e+11  -1.40678e+11  1.30168e+11  -1.18098e+11  1.04625e+11  -8.99227e+10  7.41726e+10  -5.75639e+10  4.02901e+10  -2.25473e+10  4.53223e+09  1.35587e+10  
-1.66311e+10  -5.559e+09  2.76573e+10  -4.94212e+10  7.06081e+10  -9.09765e+10  1.10288e+11  -1.28312e+11  1.44824e+11  -1.59614e+11  1.72489e+11  -1.83276e+11  1.91827e+11  -1.98023e+11  2.01776e+11  -2.03034e+11  2.01776e+11  -1.98023e+11  1.91827e+11  -1.83276e+11  1.72489e+11  -1.59614e+11  1.44824e+11  -1.28312e+11  1.10288e+11  -9.09765e+10  7.06081e+10  -4.94213e+10  2.76573e+10  -5.55901e+09  -1.66311e+10  
1.94995e+10  6.51748e+09  -3.24286e+10  5.79472e+10  -8.27867e+10  1.06663e+11  -1.29295e+11  1.50413e+11  -1.69754e+11  1.87073e+11  -2.02146e+11  2.14771e+11  -2.24777e+11  2.32026e+11  -2.36417e+11  2.37887e+11  -2.36417e+11  2.32026e+11  -2.24777e+11  2.14771e+11  -2.02146e+11  1.87073e+11  -1.69754e+11  1.50413e+11  -1.29295e+11  1.06663e+11  -8.27868e+10  5.79473e+10  -3.24287e+10  6.51749e+09  1.94995e+10  
-2.21305e+10  -7.39646e+09  3.68056e+10  -6.57686e+10  9.39576e+10  -1.21048e+11  1.46722e+11  -1.70669e+11  1.92595e+11  -2.12224e+11  2.293e+11  -2.43599e+11  2.5493e+11  -2.63136e+11  2.68107e+11  -2.69771e+11  2.68107e+11  -2.63136e+11  2.5493e+11  -2.43599e+11  2.293e+11  -2.12224e+11  1.92596e+11  -1.70669e+11  1.46722e+11  -1.21048e+11  9.39577e+10  -6.57686e+10  3.68056e+10  -7.39646e+09  -2.21305e+10  
2.44942e+10  8.18597e+09  -4.07387e+10  7.27968e+10  -1.03994e+11  1.3397e+11  -1.6237e+11  1.88852e+11  -2.1309e+11  2.3478e+11  -2.53644e+11  2.69435e+11  -2.81943e+11  2.91002e+11  -2.96487e+11  2.98323e+11  -2.96487e+11  2.91002e+11  -2.81943e+11  2.69435e+11  -2.53644e+11  2.3478e+11  -2.1309e+11  1.88852e+11  -1.6237e+11  1.3397e+11  -1.03994e+11  7.27968e+10  -4.07387e+10  8.18597e+09  2.44942e+10  
-2.65649e+10  -8.8774e+09  4.4185e+10  -7.89552e+10  1.12788e+11  -1.45287e+11  1.7607e+11  -2.04763e+11  2.31015e+11  -2.54499e+11  2.74914e+11  -2.91997e+11  3.05526e+11  -3.15321e+11  3.21251e+11  -3.23236e+11  3.21251e+11  -3.15321e+11  3.05526e+11  -2.91998e+11  2.74914e+11  -2.54499e+11  2.31016e+11  -2.04763e+11  1.7607e+11  -1.45288e+11  1.12788e+11  -7.89552e+10  4.4185e+10  -8.87741e+09  -2.65649e+10  
2.8321e+10  9.46359e+09  -4.71087e+10  8.41799e+10  -1.20246e+11  1.54884e+11  -1.8768e+11  2.18239e+11  -2.46188e+11  2.71177e+11  -2.92893e+11  3.11059e+11  -3.25439e+11  3.35848e+11  -3.42148e+11  3.44258e+11  -3.42148e+11  3.35848e+11  -3.25439e+11  3.11059e+11  -2.92893e+11  2.71177e+11  -2.46188e+11  2.1824e+11  -1.8768e+11  1.54884e+11  -1.20246e+11  8.41799e+10  -4.71087e+10  9.4636e+09  2.8321e+10  
-2.97457e+10  -9.9389e+09  4.94815e+10  -8.84203e+10  1.26298e+11  -1.62666e+11  1.97089e+11  -2.29152e+11  2.58463e+11  -2.84659e+11  3.07414e+11  -3.26441e+11  3.41498e+11  -3.52394e+11  3.58988e+11  -3.61195e+11  3.58988e+11  -3.52394e+11  3.41498e+11  -3.26441e+11  3.07414e+11  -2.84659e+11  2.58463e+11  -2.29152e+11  1.97089e+11  -1.62666e+11  1.26298e+11  -8.84203e+10  4.94815e+10  -9.9389e+09  -2.97457e+10  
3.08264e+10  1.02992e+10  -5.12825e+10  9.16392e+10  -1.3089e+11  1.68567e+11  -2.04217e+11  2.37409e+11  -2.67738e+11  2.94832e+11  -3.18356e+11  3.38019e+11  -3.53573e+11  3.64826e+11  -3.71634e+11  3.73913e+11  -3.71634e+11  3.64826e+11  -3.53574e+11  3.38019e+11  -3.18357e+11  2.94832e+11  -2.67738e+11  2.37409e+11  -2.04217e+11  1.68567e+11  -1.3089e+11  9.16392e+10  -5.12826e+10  1.02992e+10  3.08264e+10  
-3.15553e+10  -1.05418e+10  5.24987e+10  -9.38129e+10  1.33989e+11  -1.72544e+11  2.09012e+11  -2.42952e+11  2.7395e+11  -3.01629e+11  3.2565e+11  -3.45719e+11  3.6159e+11  -3.73067e+11  3.80011e+11  -3.82335e+11  3.80011e+11  -3.73067e+11  3.6159e+11  -3.45719e+11  3.2565e+11  -3.01629e+11  2.7395e+11  -2.42952e+11  2.09012e+11  -1.72544e+11  1.33989e+11  -9.3813e+10  5.24987e+10  -1.05418e+10  -3.15553e+10  
3.1929e+10  1.06657e+10  -5.3124e+10  9.49311e+10  -1.3558e+11  1.74579e+11  -2.11454e+11  2.45757e+11  -2.77074e+11  3.05024e+11  -3.29269e+11  3.49517e+11  -3.65523e+11  3.77095e+11  -3.84094e+11  3.86437e+11  -3.84094e+11  3.77095e+11  -3.65523e+11  3.49517e+11  -3.29269e+11  3.05024e+11  -2.77074e+11  2.45758e+11  -2.11454e+11  1.74579e+11  -1.35581e+11  9.49312e+10  -5.3124e+10  1.06658e+10  3.1929e+10  
-3.19482e+10  -1.06713e+10  5.31597e+10  -9.49958e+10  1.35667e+11  -1.74677e+11  2.11549e+11  -2.45836e+11  2.77123e+11  -3.05034e+11  3.29234e+11  -3.49435e+11  3.65399e+11  -3.76937e+11  3.83914e+11  -3.86249e+11  3.83914e+11  -3.76937e+11  3.65399e+11  -3.49436e+11  3.29234e+11  -3.05034e+11  2.77124e+11  -2.45836e+11  2.11549e+11  -1.74677e+11  1.35667e+11  -9.49959e+10  5.31597e+10  -1.06713e+10  -3.19483e+10  
3.1618e+10  1.056e+10  -5.26139e+10  9.40214e+10  -1.3427e+11  1.72865e+11  -2.09332e+11  2.43229e+11  -2.74146e+11  3.01714e+11  -3.25605e+11  3.45541e+11  -3.61289e+11  3.72668e+11  -3.79548e+11  3.81849e+11  -3.79548e+11  3.72668e+11  -3.61289e+11  3.45541e+11  -3.25606e+11  3.01714e+11  -2.74146e+11  2.43229e+11  -2.09332e+11  1.72865e+11  -1.3427e+11  9.40215e+10  -5.26139e+10  1.056e+10  3.1618e+10  
-3.09469e+10  -1.0335e+10  5.15008e+10  -9.20334e+10  1.31426e+11  -1.69191e+11  2.04862e+11  -2.38005e+11  2.68222e+11  -2.95153e+11  3.18482e+11  -3.37941e+11  3.53307e+11  -3.64406e+11  3.71115e+11  -3.7336e+11  3.71115e+11  -3.64406e+11  3.53307e+11  -3.37941e+11  3.18482e+11  -2.95153e+11  2.68222e+11  -2.38005e+11  2.04862e+11  -1.69191e+11  1.31426e+11  -9.20334e+10  5.15008e+10  -1.0335e+10  -3.09469e+10  
2.99472e+10  1.00003e+10  -4.98404e+10  8.90674e+10  -1.27186e+11  1.63721e+11  -1.98219e+11  2.3026e+11  -2.5946e+11  2.85473e+11  -3.07998e+11  3.26778e+11  -3.41603e+11  3.52308e+11  -3.58778e+11  3.60943e+11  -3.58778e+11  3.52308e+11  -3.41603e+11  3.26778e+11  -3.07998e+11  2.85473e+11  -2.5946e+11  2.3026e+11  -1.98219e+11  1.63721e+11  -1.27186e+11  8.90675e+10  -4.98405e+10  1.00003e+10  2.99472e+10  
-2.8634e+10  -9.561e+09  4.76582e+10  -8.51686e+10  1.21615e+11  -1.56539e+11  1.89506e+11  -2.20114e+11  2.47996e+11  -2.72825e+11  2.94316e+11  -3.12228e+11  3.26362e+11  -3.36566e+11  3.42732e+11  -3.44795e+11  3.42732e+11  -3.36566e+11  3.26362e+11  -3.12228e+11  2.94316e+11  -2.72825e+11  2.47996e+11  -2.20114e+11  1.89506e+11  -1.56539e+11  1.21615e+11  -8.51687e+10  4.76582e+10  -9.561e+09  -2.86341e+10  
2.70255e+10  9.0232e+09  -4.49838e+10  8.03905e+10  -1.14789e+11  1.47743e+11  -1.78842e+11  2.07706e+11  -2.33989e+11  2.57385e+11  -2.77628e+11  2.94494e+11  -3.07798e+11  3.17401e+11  -3.23203e+11  3.25143e+11  -3.23203e+11  3.17401e+11  -3.07798e+11  2.94494e+11  -2.77629e+11  2.57386e+11  -2.33989e+11  2.07706e+11  -1.78842e+11  1.47743e+11  -1.14789e+11  8.03906e+10  -4.49839e+10  9.02321e+09  2.70256e+10  
-2.51422e+10  -8.39375e+09  4.18515e+10  -7.47936e+10  1.06794e+11  -1.37445e+11  1.66363e+11  -1.93194e+11  2.17618e+11  -2.39351e+11  2.58149e+11  -2.73804e+11  2.86151e+11  -2.9506e+11  3.00442e+11  -3.02242e+11  3.00442e+11  -2.9506e+11  2.86151e+11  -2.73804e+11  2.58149e+11  -2.39352e+11  2.17618e+11  -1.93194e+11  1.66363e+11  -1.37445e+11  1.06794e+11  -7.47937e+10  4.18515e+10  -8.39376e+09  -2.51422e+10  
2.30064e+10  7.6802e+09  -3.82985e+10  6.84449e+10  -9.77268e+10  1.25769e+11  -1.52219e+11  1.76754e+11  -1.9908e+11  2.18939e+11  -2.36111e+11  2.50407e+11  -2.6168e+11  2.69812e+11  -2.74724e+11  2.76366e+11  -2.74724e+11  2.69812e+11  -2.6168e+11  2.50407e+11  -2.36111e+11  2.18939e+11  -1.9908e+11  1.76754e+11  -1.52219e+11  1.25769e+11  -9.77269e+10  6.8445e+10  -3.82985e+10  7.68021e+09  2.30064e+10  
-2.06427e+10  -6.89068e+09  3.43653e+10  -6.14166e+10  8.76899e+10  -1.12847e+11  1.3657e+11  -1.5857e+11  1.78584e+11  -1.96381e+11  2.11765e+11  -2.2457e+11  2.34663e+11  -2.41944e+11  2.4634e+11  -2.47811e+11  2.4634e+11  -2.41944e+11  2.34663e+11  -2.2457e+11  2.11765e+11  -1.96381e+11  1.78584e+11  -1.5857e+11  1.36571e+11  -1.12847e+11  8.76899e+10  -6.14166e+10  3.43654e+10  -6.89069e+09  -2.06427e+10  
1.80767e+10  6.0338e+09  -3.00949e+10  5.37853e+10  -7.67926e+10  9.88194e+10  -1.19587e+11  1.38841e+11  -1.56353e+11  1.71921e+11  -1.85375e+11  1.9657e+11  -2.05393e+11  2.11757e+11  -2.15599e+11  2.16883e+11  -2.15599e+11  2.11757e+11  -2.05393e+11  1.9657e+11  -1.85375e+11  1.71921e+11  -1.56353e+11  1.38841e+11  -1.19587e+11  9.88194e+10  -7.67927e+10  5.37853e+10  -3.0095e+10  6.0338e+09  1.80767e+10  
-1.53355e+10  -5.11856e+09  2.55322e+10  -4.56313e+10  6.51498e+10  -8.3834e+10  1.01448e+11  -1.17774e+11  1.3262e+11  -1.45815e+11  1.57216e+11  -1.66701e+11  1.74174e+11  -1.79564e+11  1.82817e+11  -1.83905e+11  1.82817e+11  -1.79564e+11  1.74174e+11  -1.66701e+11  1.57216e+11  -1.45816e+11  1.3262e+11  -1.17774e+11  1.01448e+11  -8.38341e+10  6.51498e+10  -4.56314e+10  2.55322e+10  -5.11856e+09  -1.53355e+10  
1.24469e+10  4.15426e+09  -2.07237e+10  3.70379e+10  -5.28798e+10  6.80434e+10  -8.23361e+10  9.55822e+10  -1.07625e+11  1.18327e+11  -1.27571e+11  1.35261e+11  -1.41319e+11  1.45687e+11  -1.48324e+11  1.49206e+11  -1.48324e+11  1.45687e+11  -1.41319e+11  1.35261e+11  -1.27571e+11  1.18327e+11  -1.07625e+11  9.55823e+10  -8.23361e+10  6.80434e+10  -5.28799e+10  3.70379e+10  -2.07237e+10  4.15427e+09  1.24469e+10  
-9.43969e+09  -3.15047e+09  1.57172e+10  -2.80903e+10  4.01048e+10  -5.16039e+10  6.24415e+10  -7.24843e+10  8.16133e+10  -8.97248e+10  9.67304e+10  -1.02557e+11  1.07147e+11  -1.10456e+11  1.12454e+11  -1.13122e+11  1.12454e+11  -1.10456e+11  1.07147e+11  -1.02557e+11  9.67304e+10  -8.97248e+10  8.16134e+10  -7.24843e+10  6.24416e+10  -5.1604e+10  4.01048e+10  -2.80903e+10  1.57172e+10  -3.15048e+09  -9.4397e+09  
6.34301e+09  2.11692e+09  -1.05614e+10  1.88758e+10  -2.6949e+10  3.46754e+10  -4.19568e+10  4.87036e+10  -5.48359e+10  6.02841e+10  -6.4989e+10  6.8902e+10  -7.1984e+10  7.42059e+10  -7.5547e+10  7.59954e+10  -7.5547e+10  7.42059e+10  -7.1984e+10  6.8902e+10  -6.49891e+10  6.02841e+10  -5.48359e+10  4.87036e+10  -4.19568e+10  3.46754e+10  -2.6949e+10  1.88758e+10  -1.05614e+10  2.11692e+09  6.34302e+09  
-3.1865e+09  -1.06345e+09  5.30571e+09  -9.48263e+09  1.35383e+10  -1.74197e+10  2.10773e+10  -2.44662e+10  2.75463e+10  -3.02825e+10  3.26454e+10  -3.46103e+10  3.6158e+10  -3.72736e+10  3.79471e+10  -3.81722e+10  3.79471e+10  -3.72737e+10  3.6158e+10  -3.46104e+10  3.26454e+10  -3.02825e+10  2.75463e+10  -2.44662e+10  2.10773e+10  -1.74197e+10  1.35383e+10  -9.48263e+09  5.30571e+09  -1.06345e+09  -3.1865e+09  
0  0  0  0  0  0  0  0  0  0  0  0  0  0  0  0  0  0  0  0  0  0  0  0  0  0  0  0  0  0  0  
