1  1  1  1  1  1  1  1  1  1  1  1  1  1  1  1  1  1  1  1  1  1  1  1  1  1  1  1  1  1  1  
-2.48214e+14  -8.2975e+13  4.12743e+14  -7.37537e+14  1.05379e+15  -1.35794e+15  1.64645e+15  -1.91588e+15  2.16286e+15  -2.38423e+15  2.57705e+15  -2.7387e+15  2.8669e+15  -2.95984e+15  3.01615e+15  -3.03501e+15  3.01615e+15  -2.95984e+15  2.8669e+15  -2.7387e+15  2.57705e+15  -2.38423e+15  2.16286e+15  -1.91588e+15  1.64646e+15  -1.35794e+15  1.05379e+15  -7.37537e+14  4.12743e+14  -8.2975e+13  -2.48214e+14  
4.93336e+14  1.64914e+14  -8.20352e+14  1.4659e+15  -2.09445e+15  2.69892e+15  -3.27228e+15  3.80766e+15  -4.29841e+15  4.73823e+15  -5.1213e+15  5.44241e+15  -5.69708e+15  5.88167e+15  -5.99352e+15  6.03098e+15  -5.99352e+15  5.88167e+15  -5.69708e+15  5.44241e+15  -5.1213e+15  4.73823e+15  -4.29841e+15  3.80766e+15  -3.27228e+15  2.69892e+15  -2.09445e+15  1.4659e+15  -8.20352e+14  1.64914e+14  4.93336e+14  
-7.32324e+14  -2.44798e+14  1.21778e+15  -2.17606e+15  3.10908e+15  -4.00627e+15  4.85721e+15  -5.65167e+15  6.37981e+15  -7.0323e+15  7.60053e+15  -8.07679e+15  8.45446e+15  -8.72818e+15  8.89403e+15  -8.94958e+15  8.89403e+15  -8.72818e+15  8.45446e+15  -8.07679e+15  7.60053e+15  -7.0323e+15  6.37981e+15  -5.65167e+15  4.85721e+15  -4.00628e+15  3.10908e+15  -2.17607e+15  1.21778e+15  -2.44798e+14  -7.32324e+14  
9.62236e+14  3.21643e+14  -1.60014e+15  2.85931e+15  -4.08519e+15  5.26388e+15  -6.38163e+15  7.42503e+15  -8.38115e+15  9.23777e+15  -9.98363e+15  1.06087e+16  -1.11043e+16  1.14634e+16  -1.1681e+16  1.17539e+16  -1.1681e+16  1.14634e+16  -1.11043e+16  1.06087e+16  -9.98363e+15  9.23777e+15  -8.38115e+15  7.42503e+15  -6.38163e+15  5.26388e+15  -4.08519e+15  2.85931e+15  -1.60014e+15  3.21643e+14  9.62236e+14  
-1.18028e+15  -3.94512e+14  1.96279e+15  -3.50733e+15  5.01092e+15  -6.45643e+15  7.82696e+15  -9.10604e+15  1.02779e+16  -1.13275e+16  1.22412e+16  -1.30067e+16  1.36136e+16  -1.40533e+16  1.43197e+16  -1.44089e+16  1.43197e+16  -1.40533e+16  1.36136e+16  -1.30067e+16  1.22412e+16  -1.13275e+16  1.02779e+16  -9.10604e+15  7.82696e+15  -6.45643e+15  5.01092e+15  -3.50733e+15  1.96279e+15  -3.94512e+14  -1.18028e+15  
1.38385e+15  4.62534e+14  -2.3014e+15  4.11241e+15  -5.87523e+15  7.56967e+15  -9.17587e+15  1.06745e+16  -1.20471e+16  1.32763e+16  -1.43459e+16  1.52419e+16  -1.5952e+16  1.64665e+16  -1.67781e+16  1.68824e+16  -1.67781e+16  1.64665e+16  -1.5952e+16  1.52419e+16  -1.43459e+16  1.32763e+16  -1.20471e+16  1.06745e+16  -9.17587e+15  7.56967e+15  -5.87523e+15  4.11241e+15  -2.3014e+15  4.62534e+14  1.38385e+15  
-1.57057e+15  -5.24915e+14  2.61204e+15  -4.66749e+15  6.66802e+15  -8.5906e+15  1.04126e+16  -1.21121e+16  1.36682e+16  -1.50612e+16  1.62731e+16  -1.72879e+16  1.8092e+16  -1.86744e+16  1.90271e+16  -1.91452e+16  1.90271e+16  -1.86744e+16  1.8092e+16  -1.72879e+16  1.62731e+16  -1.50612e+16  1.36682e+16  -1.21121e+16  1.04126e+16  -8.5906e+15  6.66802e+15  -4.66749e+15  2.61204e+15  -5.24915e+14  -1.57057e+15  
1.73832e+15  5.80947e+14  -2.89117e+15  5.16628e+15  -7.38034e+15  9.50767e+15  -1.15232e+16  1.34026e+16  -1.51227e+16  1.6662e+16  -1.80008e+16  1.91214e+16  -2.00091e+16  2.0652e+16  -2.10413e+16  2.11716e+16  -2.10413e+16  2.0652e+16  -2.00091e+16  1.91214e+16  -1.80008e+16  1.6662e+16  -1.51227e+16  1.34026e+16  -1.15232e+16  9.50767e+15  -7.38034e+15  5.16628e+15  -2.89117e+15  5.80947e+14  1.73832e+15  
-1.88528e+15  -6.30018e+14  3.13575e+15  -5.60335e+15  8.0044e+15  -1.03109e+16  1.24955e+16  -1.45318e+16  1.63949e+16  -1.80615e+16  1.95103e+16  -2.07227e+16  2.16829e+16  -2.2378e+16  2.27988e+16  -2.29397e+16  2.27988e+16  -2.2378e+16  2.16829e+16  -2.07227e+16  1.95103e+16  -1.80615e+16  1.63949e+16  -1.45318e+16  1.24955e+16  -1.03109e+16  8.0044e+15  -5.60335e+15  3.13575e+15  -6.30018e+14  -1.88528e+15  
2.00991e+15  6.71622e+14  -3.34326e+15  5.97416e+15  -8.53375e+15  1.09919e+16  -1.33195e+16  1.54882e+16  -1.74717e+16  1.92452e+16  -2.07864e+16  2.20755e+16  -2.30961e+16  2.38348e+16  -2.4282e+16  2.44317e+16  -2.4282e+16  2.38348e+16  -2.30961e+16  2.20755e+16  -2.07864e+16  1.92452e+16  -1.74717e+16  1.54882e+16  -1.33195e+16  1.09919e+16  -8.53375e+15  5.97416e+15  -3.34326e+15  6.71622e+14  2.00992e+15  
-2.11103e+15  -7.05356e+14  3.51166e+15  -6.27512e+15  8.96327e+15  -1.15443e+16  1.39873e+16  -1.62628e+16  1.83429e+16  -2.02021e+16  2.1817e+16  -2.31673e+16  2.42359e+16  -2.50092e+16  2.54771e+16  -2.56338e+16  2.54771e+16  -2.50092e+16  2.42359e+16  -2.31673e+16  2.1817e+16  -2.02021e+16  1.83429e+16  -1.62628e+16  1.39873e+16  -1.15443e+16  8.96327e+15  -6.27512e+15  3.51166e+15  -7.05356e+14  -2.11103e+15  
2.18774e+15  7.30927e+14  -3.6395e+15  6.50359e+15  -9.28921e+15  1.19631e+16  -1.44932e+16  1.68488e+16  -1.90012e+16  2.09241e+16  -2.25936e+16  2.39891e+16  -2.5093e+16  2.58916e+16  -2.63748e+16  2.65365e+16  -2.63748e+16  2.58916e+16  -2.5093e+16  2.39891e+16  -2.25936e+16  2.09241e+16  -1.90012e+16  1.68488e+16  -1.44932e+16  1.19631e+16  -9.28921e+15  6.50359e+15  -3.6395e+15  7.30928e+14  2.18774e+15  
-2.23947e+15  -7.48151e+14  3.72582e+15  -6.65789e+15  9.50918e+15  -1.22454e+16  1.48335e+16  -1.72422e+16  1.94422e+16  -2.14065e+16  2.31113e+16  -2.45356e+16  2.5662e+16  -2.64765e+16  2.69693e+16  -2.71343e+16  2.69693e+16  -2.64765e+16  2.5662e+16  -2.45356e+16  2.31113e+16  -2.14065e+16  1.94422e+16  -1.72422e+16  1.48335e+16  -1.22454e+16  9.50918e+15  -6.65789e+15  3.72582e+15  -7.48151e+14  -2.23947e+15  
2.266e+15  7.56949e+14  -3.77021e+15  6.73727e+15  -9.62215e+15  1.23899e+16  -1.50069e+16  1.74414e+16  -1.9664e+16  2.16476e+16  -2.33683e+16  2.48053e+16  -2.59412e+16  2.67625e+16  -2.72592e+16  2.74255e+16  -2.72592e+16  2.67625e+16  -2.59412e+16  2.48053e+16  -2.33683e+16  2.16476e+16  -1.9664e+16  1.74414e+16  -1.50069e+16  1.23899e+16  -9.62215e+15  6.73727e+15  -3.77021e+15  7.56949e+14  2.266e+15  
-2.26738e+15  -7.57342e+14  3.77276e+15  -6.74189e+15  9.62835e+15  -1.23969e+16  1.50137e+16  -1.74471e+16  1.96676e+16  -2.16484e+16  2.33659e+16  -2.47996e+16  2.59325e+16  -2.67514e+16  2.72466e+16  -2.74123e+16  2.72466e+16  -2.67514e+16  2.59325e+16  -2.47996e+16  2.33659e+16  -2.16484e+16  1.96676e+16  -1.74471e+16  1.50137e+16  -1.23969e+16  9.62835e+15  -6.74189e+15  3.77276e+15  -7.57342e+14  -2.26738e+15  
2.24395e+15  7.49451e+14  -3.73404e+15  6.67276e+15  -9.52925e+15  1.22683e+16  -1.48564e+16  1.72621e+16  -1.94563e+16  2.14128e+16  -2.31084e+16  2.45233e+16  -2.56409e+16  2.64485e+16  -2.69368e+16  2.71001e+16  -2.69368e+16  2.64485e+16  -2.56409e+16  2.45233e+16  -2.31084e+16  2.14128e+16  -1.94563e+16  1.72621e+16  -1.48564e+16  1.22683e+16  -9.52925e+15  6.67276e+15  -3.73404e+15  7.49451e+14  2.24395e+15  
-2.19633e+15  -7.33484e+14  3.65505e+15  -6.53169e+15  9.32744e+15  -1.20076e+16  1.45392e+16  -1.68914e+16  1.90359e+16  -2.09473e+16  2.2603e+16  -2.3984e+16  2.50745e+16  -2.58623e+16  2.63384e+16  -2.64977e+16  2.63384e+16  -2.58623e+16  2.50745e+16  -2.3984e+16  2.2603e+16  -2.09473e+16  1.90359e+16  -1.68914e+16  1.45392e+16  -1.20076e+16  9.32744e+15  -6.53169e+15  3.65505e+15  -7.33484e+14  -2.19633e+15  
2.12539e+15  7.09731e+14  -3.53723e+15  6.32121e+15  -9.02656e+15  1.16194e+16  -1.40678e+16  1.63418e+16  -1.84142e+16  2.02604e+16  -2.1859e+16  2.31918e+16  -2.4244e+16  2.50038e+16  -2.54629e+16  2.56166e+16  -2.54629e+16  2.50038e+16  -2.4244e+16  2.31918e+16  -2.1859e+16  2.02604e+16  -1.84142e+16  1.63418e+16  -1.40678e+16  1.16194e+16  -9.02656e+15  6.32122e+15  -3.53723e+15  7.09731e+14  2.12539e+15  
-2.0322e+15  -6.78557e+14  3.38237e+15  -6.04454e+15  8.63119e+15  -1.11098e+16  1.34495e+16  -1.56218e+16  1.76006e+16  -1.93628e+16  2.08881e+16  -2.21593e+16  2.31624e+16  -2.38866e+16  2.43242e+16  -2.44706e+16  2.43242e+16  -2.38866e+16  2.31624e+16  -2.21593e+16  2.08881e+16  -1.93628e+16  1.76006e+16  -1.56218e+16  1.34495e+16  -1.11098e+16  8.63119e+15  -6.04454e+15  3.38237e+15  -6.78557e+14  -2.0322e+15  
1.91805e+15  6.40391e+14  -3.19258e+15  5.70545e+15  -8.14675e+15  1.04856e+16  -1.26927e+16  1.47412e+16  -1.66066e+16  1.82671e+16  -1.97038e+16  2.09007e+16  -2.1845e+16  2.25265e+16  -2.29383e+16  2.3076e+16  -2.29383e+16  2.25265e+16  -2.1845e+16  2.09007e+16  -1.97038e+16  1.82671e+16  -1.66066e+16  1.47412e+16  -1.26927e+16  1.04856e+16  -8.14675e+15  5.70545e+15  -3.19258e+15  6.40391e+14  1.91805e+15  
-1.78439e+15  -5.9572e+14  2.97028e+15  -5.30824e+15  7.57939e+15  -9.75475e+15  1.18071e+16  -1.37114e+16  1.54448e+16  -1.69872e+16  1.83213e+16  -1.94324e+16  2.03087e+16  -2.0941e+16  2.1323e+16  -2.14507e+16  2.1323e+16  -2.0941e+16  2.03087e+16  -1.94324e+16  1.83213e+16  -1.69872e+16  1.54448e+16  -1.37114e+16  1.18071e+16  -9.75475e+15  7.57939e+15  -5.30825e+15  2.97028e+15  -5.9572e+14  -1.78439e+15  
1.63281e+15  5.4508e+14  -2.71812e+15  4.85768e+15  -6.93588e+15  8.92609e+15  -1.08033e+16  1.25446e+16  -1.41291e+16  1.55386e+16  -1.67573e+16  1.7772e+16  -1.8572e+16  1.91492e+16  -1.94977e+16  1.96143e+16  -1.94977e+16  1.91492e+16  -1.8572e+16  1.7772e+16  -1.67573e+16  1.55386e+16  -1.41291e+16  1.25446e+16  -1.08033e+16  8.92609e+15  -6.93588e+15  4.85768e+15  -2.71812e+15  5.4508e+14  1.63281e+15  
-1.46506e+15  -4.89048e+14  2.43899e+15  -4.35888e+15  6.22355e+15  -8.009e+15  9.69272e+15  -1.12541e+16  1.26745e+16  -1.39376e+16  1.50294e+16  -1.59382e+16  1.66546e+16  -1.71713e+16  1.74834e+16  -1.75877e+16  1.74834e+16  -1.71713e+16  1.66546e+16  -1.59382e+16  1.50294e+16  -1.39376e+16  1.26745e+16  -1.12541e+16  9.69272e+15  -8.009e+15  6.22355e+15  -4.35888e+15  2.43899e+15  -4.89048e+14  -1.46506e+15  
1.28295e+15  4.28234e+14  -2.13591e+15  3.81728e+15  -5.45016e+15  7.01346e+15  -8.4874e+15  9.85392e+15  -1.10968e+16  1.22017e+16  -1.31565e+16  1.39511e+16  -1.45773e+16  1.50289e+16  -1.53016e+16  1.53928e+16  -1.53016e+16  1.50289e+16  -1.45773e+16  1.39511e+16  -1.31565e+16  1.22017e+16  -1.10968e+16  9.85392e+15  -8.48741e+15  7.01346e+15  -5.45017e+15  3.81728e+15  -2.13591e+15  4.28234e+14  1.28295e+15  
-1.0884e+15  -3.63277e+14  1.81209e+15  -3.23858e+15  4.62385e+15  -5.94992e+15  7.20001e+15  -8.35875e+15  9.4124e+15  -1.03489e+16  1.1158e+16  -1.18312e+16  1.23616e+16  -1.27441e+16  1.2975e+16  -1.30522e+16  1.2975e+16  -1.27441e+16  1.23616e+16  -1.18312e+16  1.1158e+16  -1.03489e+16  9.4124e+15  -8.35875e+15  7.20001e+15  -5.94992e+15  4.62385e+15  -3.23858e+15  1.81209e+15  -3.63277e+14  -1.0884e+15  
8.83392e+14  2.9484e+14  -1.47082e+15  2.62868e+15  -3.75303e+15  4.82923e+15  -5.84362e+15  6.78374e+15  -7.63844e+15  8.39798e+15  -9.05407e+15  9.59984e+15  -1.00298e+16  1.03398e+16  -1.0527e+16  1.05895e+16  -1.0527e+16  1.03398e+16  -1.00298e+16  9.59984e+15  -9.05407e+15  8.39798e+15  -7.63844e+15  6.78374e+15  -5.84362e+15  4.82923e+15  -3.75303e+15  2.62868e+15  -1.47082e+15  2.9484e+14  8.83392e+14  
-6.69962e+14  -2.23598e+14  1.11549e+15  -1.99365e+15  2.84635e+15  -3.66248e+15  4.43165e+15  -5.14442e+15  5.79233e+15  -6.36803e+15  6.86524e+15  -7.27878e+15  7.60455e+15  -7.83941e+15  7.98118e+15  -8.02858e+15  7.98118e+15  -7.83941e+15  7.60455e+15  -7.27878e+15  6.86524e+15  -6.36803e+15  5.79233e+15  -5.14442e+15  4.43165e+15  -3.66248e+15  2.84635e+15  -1.99365e+15  1.11549e+15  -2.23598e+14  -6.69962e+14  
4.50182e+14  1.50244e+14  -7.49572e+14  1.33967e+15  -1.91265e+15  2.46102e+15  -2.9778e+15  3.45664e+15  -3.89187e+15  4.27854e+15  -4.61247e+15  4.89018e+15  -5.10892e+15  5.26661e+15  -5.3618e+15  5.39362e+15  -5.3618e+15  5.26661e+15  -5.10892e+15  4.89018e+15  -4.61247e+15  4.27854e+15  -3.89187e+15  3.45664e+15  -2.9778e+15  2.46102e+15  -1.91265e+15  1.33967e+15  -7.49572e+14  1.50244e+14  4.50182e+14  
-2.26155e+14  -7.54759e+13  3.76562e+14  -6.7301e+14  9.60854e+14  -1.23633e+15  1.49592e+15  -1.73644e+15  1.95504e+15  -2.14924e+15  2.31694e+15  -2.4564e+15  2.56624e+15  -2.64542e+15  2.69322e+15  -2.7092e+15  2.69322e+15  -2.64542e+15  2.56624e+15  -2.4564e+15  2.31694e+15  -2.14924e+15  1.95504e+15  -1.73644e+15  1.49592e+15  -1.23633e+15  9.60855e+14  -6.7301e+14  3.76562e+14  -7.54759e+13  -2.26155e+14  
0  0  0  0  0  0  0  0  0  0  0  0  0  0  0  0  0  0  0  0  0  0  0  0  0  0  0  0  0  0  0  
