1  1  1  1  1  1  1  1  1  1  1  1  1  1  1  1  1  1  1  1  1  1  1  1  1  1  1  1  1  1  1  
-2.93947e+16  -9.8263e+15  4.8879e+16  -8.73427e+16  1.24795e+17  -1.60814e+17  1.94981e+17  -2.26887e+17  2.56136e+17  -2.82352e+17  3.05187e+17  -3.2433e+17  3.39513e+17  -3.50518e+17  3.57187e+17  -3.59421e+17  3.57187e+17  -3.50518e+17  3.39513e+17  -3.2433e+17  3.05187e+17  -2.82352e+17  2.56136e+17  -2.26887e+17  1.94981e+17  -1.60814e+17  1.24795e+17  -8.73427e+16  4.8879e+16  -9.8263e+15  -2.93947e+16  
5.84233e+16  1.95299e+16  -9.71501e+16  1.73599e+17  -2.48035e+17  3.19619e+17  -3.8752e+17  4.50922e+17  -5.09038e+17  5.61124e+17  -6.0649e+17  6.44517e+17  -6.74676e+17  6.96536e+17  -7.09782e+17  7.14219e+17  -7.09782e+17  6.96536e+17  -6.74676e+17  6.44517e+17  -6.0649e+17  5.61124e+17  -5.09038e+17  4.50922e+17  -3.8752e+17  3.19619e+17  -2.48035e+17  1.73599e+17  -9.71501e+16  1.95299e+16  5.84233e+16  
-8.67253e+16  -2.89902e+16  1.44215e+17  -2.577e+17  3.68192e+17  -4.74443e+17  5.75214e+17  -6.69298e+17  7.55528e+17  -8.32799e+17  9.00091e+17  -9.56492e+17  1.00122e+18  -1.03363e+18  1.05327e+18  -1.05985e+18  1.05327e+18  -1.03363e+18  1.00122e+18  -9.56492e+17  9.00091e+17  -8.32799e+17  7.55528e+17  -6.69298e+17  5.75214e+17  -4.74443e+17  3.68192e+17  -2.577e+17  1.44215e+17  -2.89902e+16  -8.67253e+16  
1.13953e+17  3.80905e+16  -1.89496e+17  3.38613e+17  -4.83788e+17  6.23374e+17  -7.55744e+17  8.79308e+17  -9.92536e+17  1.09398e+18  -1.18231e+18  1.25633e+18  -1.31502e+18  1.35755e+18  -1.38332e+18  1.39195e+18  -1.38332e+18  1.35755e+18  -1.31502e+18  1.25633e+18  -1.18231e+18  1.09398e+18  -9.92536e+17  8.79308e+17  -7.55744e+17  6.23374e+17  -4.83788e+17  3.38613e+17  -1.89496e+17  3.80905e+16  1.13953e+17  
-1.39774e+17  -4.672e+16  2.32443e+17  -4.15355e+17  5.93418e+17  -7.64602e+17  9.26907e+17  -1.07838e+18  1.21715e+18  -1.34146e+18  1.44966e+18  -1.54032e+18  1.61219e+18  -1.66426e+18  1.69581e+18  -1.70638e+18  1.69581e+18  -1.66426e+18  1.61219e+18  -1.54032e+18  1.44966e+18  -1.34146e+18  1.21715e+18  -1.07838e+18  9.26907e+17  -7.64602e+17  5.93418e+17  -4.15355e+17  2.32443e+17  -4.672e+16  -1.39774e+17  
1.63882e+17  5.47756e+16  -2.72543e+17  4.87012e+17  -6.95773e+17  8.96437e+17  -1.08665e+18  1.26413e+18  -1.42668e+18  1.57224e+18  -1.69891e+18  1.80502e+18  -1.88912e+18  1.95004e+18  -1.98694e+18  1.9993e+18  -1.98694e+18  1.95004e+18  -1.88912e+18  1.80502e+18  -1.69891e+18  1.57224e+18  -1.42668e+18  1.26413e+18  -1.08665e+18  8.96437e+17  -6.95773e+17  4.87012e+17  -2.72543e+17  5.47756e+16  1.63882e+17  
-1.85994e+17  -6.2163e+16  3.0933e+17  -5.52747e+17  7.8966e+17  -1.01734e+18  1.23311e+18  -1.43438e+18  1.61866e+18  -1.78362e+18  1.92714e+18  -2.04731e+18  2.14254e+18  -2.21151e+18  2.25329e+18  -2.26727e+18  2.25329e+18  -2.21151e+18  2.14254e+18  -2.04731e+18  1.92714e+18  -1.78362e+18  1.61866e+18  -1.43438e+18  1.23311e+18  -1.01734e+18  7.8966e+17  -5.52747e+17  3.0933e+17  -6.2163e+16  -1.85994e+17  
2.0586e+17  6.87986e+16  -3.42387e+17  6.11817e+17  -8.74016e+17  1.12595e+18  -1.36463e+18  1.5872e+18  -1.79091e+18  1.9732e+18  -2.13174e+18  2.26445e+18  -2.36958e+18  2.44571e+18  -2.49181e+18  2.50725e+18  -2.49181e+18  2.44571e+18  -2.36958e+18  2.26445e+18  -2.13174e+18  1.9732e+18  -1.79091e+18  1.5872e+18  -1.36463e+18  1.12595e+18  -8.74016e+17  6.11817e+17  -3.42387e+17  6.87986e+16  2.0586e+17  
-2.23264e+17  -7.46099e+16  3.71352e+17  -6.63577e+17  9.47921e+17  -1.22107e+18  1.47978e+18  -1.72093e+18  1.94157e+18  -2.13893e+18  2.31051e+18  -2.45409e+18  2.56779e+18  -2.65011e+18  2.69995e+18  -2.71664e+18  2.69995e+18  -2.65011e+18  2.56779e+18  -2.45409e+18  2.31051e+18  -2.13893e+18  1.94157e+18  -1.72093e+18  1.47978e+18  -1.22107e+18  9.47921e+17  -6.63577e+17  3.71352e+17  -7.46099e+16  -2.23264e+17  
2.38024e+17  7.95369e+16  -3.95925e+17  7.07491e+17  -1.01061e+18  1.30172e+18  -1.57736e+18  1.8342e+18  -2.06909e+18  2.27911e+18  -2.46163e+18  2.6143e+18  -2.73516e+18  2.82264e+18  -2.87559e+18  2.89332e+18  -2.87559e+18  2.82264e+18  -2.73516e+18  2.6143e+18  -2.46163e+18  2.27911e+18  -2.06909e+18  1.8342e+18  -1.57736e+18  1.30172e+18  -1.01061e+18  7.07491e+17  -3.95925e+17  7.95369e+16  2.38024e+17  
-2.49999e+17  -8.35319e+16  4.15869e+17  -7.43132e+17  1.06148e+18  -1.36713e+18  1.65645e+18  -1.92592e+18  2.17226e+18  -2.39243e+18  2.58367e+18  -2.74359e+18  2.87014e+18  -2.96171e+18  3.01713e+18  -3.03569e+18  3.01713e+18  -2.96171e+18  2.87014e+18  -2.74359e+18  2.58367e+18  -2.39243e+18  2.17226e+18  -1.92592e+18  1.65645e+18  -1.36713e+18  1.06148e+18  -7.43132e+17  4.15869e+17  -8.35319e+16  -2.49999e+17  
2.59083e+17  8.65602e+16  -4.31008e+17  7.70188e+17  -1.10008e+18  1.41673e+18  -1.71636e+18  1.99532e+18  -2.25023e+18  2.47794e+18  -2.67565e+18  2.84091e+18  -2.97164e+18  3.06621e+18  -3.12343e+18  3.14259e+18  -3.12343e+18  3.06621e+18  -2.97164e+18  2.84091e+18  -2.67565e+18  2.47794e+18  -2.25023e+18  1.99532e+18  -1.71636e+18  1.41673e+18  -1.10008e+18  7.70188e+17  -4.31008e+17  8.65602e+16  2.59083e+17  
-2.6521e+17  -8.85999e+16  4.41231e+17  -7.88461e+17  1.12613e+18  -1.45017e+18  1.75667e+18  -2.04191e+18  2.30244e+18  -2.53507e+18  2.73696e+18  -2.90564e+18  3.03902e+18  -3.13549e+18  3.19385e+18  -3.21338e+18  3.19385e+18  -3.13549e+18  3.03902e+18  -2.90564e+18  2.73696e+18  -2.53507e+18  2.30244e+18  -2.04191e+18  1.75667e+18  -1.45017e+18  1.12613e+18  -7.88461e+17  4.41231e+17  -8.85999e+16  -2.6521e+17  
2.68352e+17  8.96418e+16  -4.46488e+17  7.97862e+17  -1.13951e+18  1.46727e+18  -1.77719e+18  2.0655e+18  -2.32871e+18  2.56362e+18  -2.76739e+18  2.93757e+18  -3.0721e+18  3.16936e+18  -3.22818e+18  3.24787e+18  -3.22818e+18  3.16936e+18  -3.0721e+18  2.93757e+18  -2.76739e+18  2.56362e+18  -2.32871e+18  2.0655e+18  -1.77719e+18  1.46727e+18  -1.13951e+18  7.97862e+17  -4.46488e+17  8.96418e+16  2.68352e+17  
-2.68515e+17  -8.96884e+16  4.4679e+17  -7.98409e+17  1.14024e+18  -1.4681e+18  1.778e+18  -2.06618e+18  2.32914e+18  -2.56372e+18  2.76711e+18  -2.9369e+18  3.07107e+18  -3.16804e+18  3.22668e+18  -3.2463e+18  3.22668e+18  -3.16804e+18  3.07107e+18  -2.9369e+18  2.76711e+18  -2.56372e+18  2.32914e+18  -2.06618e+18  1.778e+18  -1.4681e+18  1.14024e+18  -7.98409e+17  4.4679e+17  -8.96884e+16  -2.68515e+17  
2.6574e+17  8.8754e+16  -4.42204e+17  7.90223e+17  -1.1285e+18  1.45288e+18  -1.75938e+18  2.04427e+18  -2.30412e+18  2.53582e+18  -2.73662e+18  2.90418e+18  -3.03654e+18  3.13217e+18  -3.18999e+18  3.20934e+18  -3.18999e+18  3.13217e+18  -3.03654e+18  2.90418e+18  -2.73662e+18  2.53582e+18  -2.30412e+18  2.04427e+18  -1.75938e+18  1.45288e+18  -1.1285e+18  7.90223e+17  -4.42204e+17  8.8754e+16  2.6574e+17  
-2.60101e+17  -8.68631e+16  4.32851e+17  -7.73517e+17  1.1046e+18  -1.422e+18  1.72181e+18  -2.00037e+18  2.25434e+18  -2.48069e+18  2.67677e+18  -2.84031e+18  2.96946e+18  -3.06275e+18  3.11914e+18  -3.138e+18  3.11914e+18  -3.06275e+18  2.96946e+18  -2.84031e+18  2.67677e+18  -2.48069e+18  2.25434e+18  -2.00037e+18  1.72181e+18  -1.422e+18  1.1046e+18  -7.73517e+17  4.32851e+17  -8.68631e+16  -2.60101e+17  
2.517e+17  8.40502e+16  -4.18898e+17  7.48592e+17  -1.06897e+18  1.37604e+18  -1.66599e+18  1.93529e+18  -2.1807e+18  2.39934e+18  -2.58866e+18  2.7465e+18  -2.8711e+18  2.96108e+18  -3.01546e+18  3.03365e+18  -3.01546e+18  2.96108e+18  -2.8711e+18  2.7465e+18  -2.58866e+18  2.39934e+18  -2.1807e+18  1.93529e+18  -1.66599e+18  1.37604e+18  -1.06897e+18  7.48592e+17  -4.18898e+17  8.40502e+16  2.517e+17  
-2.40664e+17  -8.03584e+16  4.00558e+17  -7.15827e+17  1.02215e+18  -1.31568e+18  1.59276e+18  -1.85002e+18  2.08436e+18  -2.29305e+18  2.47368e+18  -2.62422e+18  2.74301e+18  -2.82878e+18  2.88061e+18  -2.89794e+18  2.88061e+18  -2.82878e+18  2.74301e+18  -2.62422e+18  2.47368e+18  -2.29305e+18  2.08436e+18  -1.85002e+18  1.59276e+18  -1.31568e+18  1.02215e+18  -7.15827e+17  4.00558e+17  -8.03584e+16  -2.40664e+17  
2.27146e+17  7.58386e+16  -3.78082e+17  6.7567e+17  -9.64782e+17  1.24176e+18  -1.50314e+18  1.74574e+18  -1.96664e+18  2.16329e+18  -2.33343e+18  2.47518e+18  -2.587e+18  2.66771e+18  -2.71647e+18  2.73278e+18  -2.71647e+18  2.66771e+18  -2.587e+18  2.47518e+18  -2.33343e+18  2.16329e+18  -1.96664e+18  1.74574e+18  -1.50314e+18  1.24176e+18  -9.64782e+17  6.7567e+17  -3.78082e+17  7.58386e+16  2.27146e+17  
-2.11317e+17  -7.05485e+16  3.51756e+17  -6.28631e+17  8.97592e+17  -1.15521e+18  1.39826e+18  -1.62378e+18  1.82906e+18  -2.01172e+18  2.16971e+18  -2.30129e+18  2.40506e+18  -2.47995e+18  2.52518e+18  -2.54031e+18  2.52518e+18  -2.47995e+18  2.40506e+18  -2.30129e+18  2.16971e+18  -2.01172e+18  1.82906e+18  -1.62378e+18  1.39826e+18  -1.15521e+18  8.97592e+17  -6.28631e+17  3.51756e+17  -7.05485e+16  -2.11317e+17  
1.93367e+17  6.45514e+16  -3.21895e+17  5.75273e+17  -8.21385e+17  1.05708e+18  -1.27939e+18  1.4856e+18  -1.67325e+18  1.84017e+18  -1.98449e+18  2.10465e+18  -2.1994e+18  2.26775e+18  -2.30903e+18  2.32284e+18  -2.30903e+18  2.26775e+18  -2.1994e+18  2.10465e+18  -1.98449e+18  1.84017e+18  -1.67325e+18  1.4856e+18  -1.27939e+18  1.05708e+18  -8.21385e+17  5.75273e+17  -3.21895e+17  6.45514e+16  1.93367e+17  
-1.735e+17  -5.79157e+16  2.88838e+17  -5.16202e+17  7.37027e+17  -9.4847e+17  1.14787e+18  -1.33277e+18  1.50098e+18  -1.65057e+18  1.77987e+18  -1.88749e+18  1.97233e+18  -2.03352e+18  2.07048e+18  -2.08283e+18  2.07048e+18  -2.03352e+18  1.97233e+18  -1.88749e+18  1.77987e+18  -1.65057e+18  1.50098e+18  -1.33277e+18  1.14787e+18  -9.4847e+17  7.37027e+17  -5.16202e+17  2.88838e+17  -5.79157e+16  -1.735e+17  
1.51934e+17  5.07138e+16  -2.52947e+17  4.52063e+17  -6.45439e+17  8.30572e+17  -1.00513e+18  1.16696e+18  -1.31414e+18  1.44499e+18  -1.55807e+18  1.65217e+18  -1.72632e+18  1.77981e+18  -1.8121e+18  1.8229e+18  -1.8121e+18  1.77981e+18  -1.72632e+18  1.65217e+18  -1.55807e+18  1.44499e+18  -1.31414e+18  1.16696e+18  -1.00513e+18  8.30573e+17  -6.45439e+17  4.52063e+17  -2.52947e+17  5.07138e+16  1.51934e+17  
-1.28894e+17  -4.30213e+16  2.14598e+17  -3.8353e+17  5.47582e+17  -7.04623e+17  8.52665e+17  -9.8989e+17  1.11467e+18  -1.22558e+18  1.3214e+18  -1.40112e+18  1.46393e+18  -1.50923e+18  1.53658e+18  -1.54572e+18  1.53658e+18  -1.50923e+18  1.46393e+18  -1.40112e+18  1.3214e+18  -1.22558e+18  1.11467e+18  -9.8989e+17  8.52665e+17  -7.04623e+17  5.47582e+17  -3.8353e+17  2.14598e+17  -4.30213e+16  -1.28894e+17  
1.04616e+17  3.49166e+16  -1.74183e+17  3.11303e+17  -4.44455e+17  5.71904e+17  -6.92034e+17  8.03368e+17  -9.04586e+17  9.94536e+17  -1.07223e+18  1.13687e+18  -1.18779e+18  1.2245e+18  -1.24666e+18  1.25407e+18  -1.24666e+18  1.2245e+18  -1.18779e+18  1.13687e+18  -1.07223e+18  9.94536e+17  -9.04586e+17  8.03368e+17  -6.92034e+17  5.71904e+17  -4.44455e+17  3.11303e+17  -1.74183e+17  3.49166e+16  1.04616e+17  
-7.93406e+16  -2.64798e+16  1.32103e+17  -2.36099e+17  3.37081e+17  -4.33731e+17  5.24821e+17  -6.09231e+17  6.85961e+17  -7.54137e+17  8.1302e+17  -8.61995e+17  9.00574e+17  -9.28387e+17  9.45176e+17  -9.5079e+17  9.45176e+17  -9.28387e+17  9.00574e+17  -8.61995e+17  8.1302e+17  -7.54137e+17  6.85961e+17  -6.09231e+17  5.24821e+17  -4.33731e+17  3.37081e+17  -2.36099e+17  1.32103e+17  -2.64798e+16  -7.93406e+16  
5.33131e+16  1.77927e+16  -8.87685e+16  1.58651e+17  -2.26506e+17  2.91447e+17  -3.52648e+17  4.09355e+17  -4.60897e+17  5.06689e+17  -5.46234e+17  5.79122e+17  -6.05027e+17  6.23702e+17  -6.34974e+17  6.38743e+17  -6.34974e+17  6.23702e+17  -6.05027e+17  5.79122e+17  -5.46234e+17  5.06689e+17  -4.60897e+17  4.09355e+17  -3.52648e+17  2.91447e+17  -2.26506e+17  1.58651e+17  -8.87685e+16  1.77927e+16  5.33131e+16  
-2.67826e+16  -8.93828e+15  4.45946e+16  -7.97017e+16  1.1379e+17  -1.46413e+17  1.77155e+17  -2.05639e+17  2.31527e+17  -2.54525e+17  2.74385e+17  -2.90901e+17  3.03909e+17  -3.13286e+17  3.18946e+17  -3.20838e+17  3.18946e+17  -3.13286e+17  3.03909e+17  -2.90901e+17  2.74385e+17  -2.54525e+17  2.31527e+17  -2.05639e+17  1.77155e+17  -1.46413e+17  1.1379e+17  -7.97017e+16  4.45946e+16  -8.93828e+15  -2.67826e+16  
0  0  0  0  0  0  0  0  0  0  0  0  0  0  0  0  0  0  0  0  0  0  0  0  0  0  0  0  0  0  0  
