1  1  1  1  1  1  1  1  1  1  1  1  1  1  1  1  1  1  1  1  1  1  1  1  1  1  1  1  1  1  1  
4.31239e+20  1.44158e+20  -7.17086e+20  1.28137e+21  -1.83082e+21  2.35924e+21  -2.8605e+21  3.32858e+21  -3.75768e+21  4.14228e+21  -4.47728e+21  4.75812e+21  -4.98086e+21  5.14232e+21  -5.24016e+21  5.27293e+21  -5.24016e+21  5.14232e+21  -4.98086e+21  4.75812e+21  -4.47728e+21  4.14228e+21  -3.75768e+21  3.32858e+21  -2.8605e+21  2.35924e+21  -1.83082e+21  1.28137e+21  -7.17086e+20  1.44158e+20  4.31239e+20  
-8.57106e+20  -2.86516e+20  1.42525e+21  -2.5468e+21  3.63883e+21  -4.68902e+21  5.68516e+21  -6.6153e+21  7.46791e+21  -8.23204e+21  8.89758e+21  -9.45547e+21  9.89792e+21  -1.02186e+22  1.04129e+22  -1.0478e+22  1.04129e+22  -1.02186e+22  9.89792e+21  -9.45547e+21  8.89758e+21  -8.23204e+21  7.46791e+21  -6.6153e+21  5.68516e+21  -4.68902e+21  3.63883e+21  -2.5468e+21  1.42525e+21  -2.86516e+20  -8.57106e+20  
1.27231e+21  4.25304e+20  -2.11573e+21  3.78062e+21  -5.40161e+21  6.96037e+21  -8.43876e+21  9.81903e+21  -1.10841e+22  1.22177e+22  -1.32049e+22  1.40323e+22  -1.46885e+22  1.51641e+22  -1.54522e+22  1.55487e+22  -1.54522e+22  1.51641e+22  -1.46885e+22  1.40323e+22  -1.32049e+22  1.22177e+22  -1.10841e+22  9.81903e+21  -8.43876e+21  6.96037e+21  -5.40161e+21  3.78062e+21  -2.11573e+21  4.25304e+20  1.27231e+21  
-1.67176e+21  -5.58812e+20  2.78002e+21  -4.96766e+21  7.09747e+21  -9.14529e+21  1.10872e+22  -1.29e+22  1.45611e+22  -1.60494e+22  1.73452e+22  -1.84312e+22  1.92922e+22  -1.99161e+22  2.02942e+22  -2.04208e+22  2.02942e+22  -1.99161e+22  1.92922e+22  -1.84312e+22  1.73452e+22  -1.60494e+22  1.45611e+22  -1.29e+22  1.10872e+22  -9.14529e+21  7.09747e+21  -4.96766e+21  2.78002e+21  -5.58812e+20  -1.67176e+21  
2.05058e+21  6.85412e+20  -3.41008e+21  6.09352e+21  -8.70581e+21  1.12172e+22  -1.35983e+22  1.58205e+22  -1.78564e+22  1.968e+22  -2.12675e+22  2.25975e+22  -2.36518e+22  2.44158e+22  -2.48786e+22  2.50336e+22  -2.48786e+22  2.44158e+22  -2.36518e+22  2.25975e+22  -2.12675e+22  1.968e+22  -1.78564e+22  1.58205e+22  -1.35983e+22  1.12172e+22  -8.70581e+21  6.09352e+21  -3.41008e+21  6.85412e+20  2.05058e+21  
-2.40425e+21  -8.03592e+20  3.99838e+21  -7.14477e+21  1.02074e+22  -1.31513e+22  1.59419e+22  -1.85456e+22  2.09303e+22  -2.30657e+22  2.49241e+22  -2.64808e+22  2.77145e+22  -2.86083e+22  2.91497e+22  -2.9331e+22  2.91497e+22  -2.86083e+22  2.77145e+22  -2.64808e+22  2.49241e+22  -2.30657e+22  2.09303e+22  -1.85456e+22  1.59419e+22  -1.31513e+22  1.02074e+22  -7.14477e+21  3.99838e+21  -8.03592e+20  -2.40425e+21  
2.72865e+21  9.11971e+20  -4.53807e+21  8.10915e+21  -1.15848e+22  1.4925e+22  -1.80905e+22  2.10432e+22  -2.37467e+22  2.61668e+22  -2.82723e+22  3.00354e+22  -3.14324e+22  3.24443e+22  -3.30571e+22  3.32623e+22  -3.30571e+22  3.24443e+22  -3.14324e+22  3.00354e+22  -2.82723e+22  2.61668e+22  -2.37467e+22  2.10432e+22  -1.80905e+22  1.4925e+22  -1.15848e+22  8.10915e+21  -4.53807e+21  9.11971e+20  2.72865e+21  
-3.0201e+21  -1.00932e+21  5.02303e+21  -8.97574e+21  1.28224e+22  -1.65183e+22  2.002e+22  -2.32852e+22  2.62738e+22  -2.89481e+22  3.1274e+22  -3.3221e+22  3.47633e+22  -3.58802e+22  3.65565e+22  -3.67829e+22  3.65565e+22  -3.58802e+22  3.47633e+22  -3.3221e+22  3.1274e+22  -2.89481e+22  2.62738e+22  -2.32852e+22  2.002e+22  -1.65183e+22  1.28224e+22  -8.97574e+21  5.02303e+21  -1.00932e+21  -3.0201e+21  
3.27542e+21  1.09458e+21  -5.44797e+21  9.7351e+21  -1.39066e+22  1.79138e+22  -2.17092e+22  2.52471e+22  -2.8484e+22  3.13795e+22  -3.38966e+22  3.60031e+22  -3.76711e+22  3.88788e+22  -3.961e+22  3.98548e+22  -3.961e+22  3.88788e+22  -3.76711e+22  3.60031e+22  -3.38966e+22  3.13795e+22  -2.8484e+22  2.52471e+22  -2.17092e+22  1.79138e+22  -1.39066e+22  9.7351e+21  -5.44797e+21  1.09458e+21  3.27542e+21  
-3.49197e+21  -1.16686e+21  5.80848e+21  -1.03793e+22  1.48263e+22  -1.90971e+22  2.31409e+22  -2.69088e+22  3.03548e+22  -3.3436e+22  3.61136e+22  -3.83534e+22  4.01265e+22  -4.14099e+22  4.21868e+22  -4.24469e+22  4.21868e+22  -4.14099e+22  4.01265e+22  -3.83534e+22  3.61136e+22  -3.3436e+22  3.03548e+22  -2.69088e+22  2.31409e+22  -1.90971e+22  1.48263e+22  -1.03793e+22  5.80848e+21  -1.16686e+21  -3.49197e+21  
3.66764e+21  1.22547e+21  -6.10106e+21  1.09022e+22  -1.55725e+22  2.00567e+22  -2.43011e+22  2.82545e+22  -3.18685e+22  3.50985e+22  -3.79042e+22  4.02502e+22  -4.21068e+22  4.34502e+22  -4.42633e+22  4.45355e+22  -4.42633e+22  4.34502e+22  -4.21068e+22  4.02502e+22  -3.79042e+22  3.50985e+22  -3.18685e+22  2.82545e+22  -2.43011e+22  2.00567e+22  -1.55725e+22  1.09022e+22  -6.10106e+21  1.22547e+21  3.66764e+21  
-3.80091e+21  -1.26989e+21  6.32316e+21  -1.12992e+22  1.61388e+22  -2.07844e+22  2.51801e+22  -2.92726e+22  3.30122e+22  -3.6353e+22  3.92536e+22  -4.16779e+22  4.35959e+22  -4.49833e+22  4.58228e+22  -4.61038e+22  4.58228e+22  -4.49833e+22  4.35959e+22  -4.16779e+22  3.92536e+22  -3.6353e+22  3.30122e+22  -2.92726e+22  2.51801e+22  -2.07844e+22  1.61388e+22  -1.12992e+22  6.32316e+21  -1.26989e+21  -3.80091e+21  
3.8908e+21  1.29982e+21  -6.47314e+21  1.15672e+22  -1.6521e+22  2.12749e+22  -2.57714e+22  2.99562e+22  -3.37783e+22  3.71912e+22  -4.0153e+22  4.26276e+22  -4.45845e+22  4.59997e+22  -4.68558e+22  4.71424e+22  -4.68558e+22  4.59997e+22  -4.45845e+22  4.26276e+22  -4.0153e+22  3.71912e+22  -3.37783e+22  2.99562e+22  -2.57714e+22  2.12749e+22  -1.6521e+22  1.15672e+22  -6.47314e+21  1.29982e+21  3.8908e+21  
-3.93689e+21  -1.3151e+21  6.55027e+21  -1.17052e+22  1.67173e+22  -2.15259e+22  2.60726e+22  -3.03023e+22  3.41637e+22  -3.761e+22  4.05995e+22  -4.3096e+22  4.50696e+22  -4.64965e+22  4.73595e+22  -4.76483e+22  4.73595e+22  -4.64965e+22  4.50696e+22  -4.3096e+22  4.05995e+22  -3.761e+22  3.41637e+22  -3.03023e+22  2.60726e+22  -2.15259e+22  1.67173e+22  -1.17052e+22  6.55027e+21  -1.3151e+21  -3.93689e+21  
3.93928e+21  1.31579e+21  -6.5547e+21  1.17132e+22  -1.67281e+22  2.1538e+22  -2.60845e+22  3.03121e+22  -3.41699e+22  3.76114e+22  -4.05953e+22  4.30862e+22  -4.50546e+22  4.64772e+22  -4.73375e+22  4.76254e+22  -4.73375e+22  4.64772e+22  -4.50546e+22  4.30862e+22  -4.05953e+22  3.76114e+22  -3.41699e+22  3.03121e+22  -2.60845e+22  2.1538e+22  -1.67281e+22  1.17132e+22  -6.5547e+21  1.31579e+21  3.93928e+21  
-3.89858e+21  -1.30208e+21  6.48743e+21  -1.15931e+22  1.65559e+22  -2.13147e+22  2.58112e+22  -2.99908e+22  3.3803e+22  -3.72021e+22  4.01481e+22  -4.26062e+22  4.4548e+22  -4.5951e+22  4.67993e+22  -4.70831e+22  4.67993e+22  -4.5951e+22  4.4548e+22  -4.26062e+22  4.01481e+22  -3.72021e+22  3.3803e+22  -2.99908e+22  2.58112e+22  -2.13147e+22  1.65559e+22  -1.15931e+22  6.48743e+21  -1.30208e+21  -3.89858e+21  
3.81585e+21  1.27434e+21  -6.35021e+21  1.1348e+22  -1.62053e+22  2.08617e+22  -2.52601e+22  2.93468e+22  -3.30726e+22  3.63933e+22  -3.92699e+22  4.16693e+22  -4.35639e+22  4.49325e+22  -4.57598e+22  4.60366e+22  -4.57598e+22  4.49325e+22  -4.35639e+22  4.16693e+22  -3.92699e+22  3.63933e+22  -3.30726e+22  2.93468e+22  -2.52601e+22  2.08617e+22  -1.62053e+22  1.1348e+22  -6.35021e+21  1.27434e+21  3.81585e+21  
-3.6926e+21  -1.23307e+21  6.14551e+21  -1.09823e+22  1.56825e+22  -2.01874e+22  2.44411e+22  -2.83919e+22  3.19924e+22  -3.51999e+22  3.79773e+22  -4.0293e+22  4.21209e+22  -4.3441e+22  4.42388e+22  -4.45057e+22  4.42388e+22  -4.3441e+22  4.21209e+22  -4.0293e+22  3.79773e+22  -3.51999e+22  3.19924e+22  -2.83919e+22  2.44411e+22  -2.01874e+22  1.56825e+22  -1.09823e+22  6.14551e+21  -1.23307e+21  -3.6926e+21  
3.5307e+21  1.17891e+21  -5.87645e+21  1.05017e+22  -1.49957e+22  1.93019e+22  -2.33668e+22  2.7141e+22  -3.0579e+22  3.36405e+22  -3.62905e+22  3.8499e+22  -4.02419e+22  4.15001e+22  -4.22604e+22  4.25147e+22  -4.22604e+22  4.15001e+22  -4.02419e+22  3.8499e+22  -3.62905e+22  3.36405e+22  -3.0579e+22  2.7141e+22  -2.33668e+22  1.93019e+22  -1.49957e+22  1.05017e+22  -5.87645e+21  1.17891e+21  3.5307e+21  
-3.33238e+21  -1.1126e+21  5.54672e+21  -9.91253e+21  1.4154e+22  -1.82174e+22  2.2052e+22  -2.56111e+22  2.8852e+22  -3.17369e+22  3.42329e+22  -3.63125e+22  3.7953e+22  -3.91371e+22  3.98525e+22  -4.00917e+22  3.98525e+22  -3.91371e+22  3.7953e+22  -3.63125e+22  3.42329e+22  -3.17369e+22  2.8852e+22  -2.56111e+22  2.2052e+22  -1.82174e+22  1.4154e+22  -9.91253e+21  5.54672e+21  -1.1126e+21  -3.33238e+21  
3.10016e+21  1.03499e+21  -5.1605e+21  9.22244e+21  -1.31683e+22  1.69477e+22  -2.05135e+22  2.38219e+22  -2.68335e+22  2.95133e+22  -3.18311e+22  3.37615e+22  -3.52839e+22  3.63825e+22  -3.70461e+22  3.7268e+22  -3.70461e+22  3.63825e+22  -3.52839e+22  3.37615e+22  -3.18311e+22  2.95133e+22  -2.68335e+22  2.38219e+22  -2.05135e+22  1.69477e+22  -1.31683e+22  9.22244e+21  -5.1605e+21  1.03499e+21  3.10016e+21  
-2.83682e+21  -9.47012e+20  4.72242e+21  -8.43964e+21  1.20503e+22  -1.5508e+22  1.87695e+22  -2.17947e+22  2.45476e+22  -2.69965e+22  2.91138e+22  -3.08767e+22  3.22666e+22  -3.32694e+22  3.3875e+22  -3.40776e+22  3.3875e+22  -3.32694e+22  3.22666e+22  -3.08767e+22  2.91138e+22  -2.69965e+22  2.45476e+22  -2.17947e+22  1.87695e+22  -1.5508e+22  1.20503e+22  -8.43964e+21  4.72242e+21  -9.47012e+20  -2.83682e+21  
2.54537e+21  8.49663e+20  -4.23745e+21  7.57304e+21  -1.08127e+22  1.39147e+22  -1.684e+22  1.95526e+22  -2.20204e+22  2.4215e+22  -2.61119e+22  2.76908e+22  -2.89354e+22  2.98332e+22  -3.03753e+22  3.05566e+22  -3.03753e+22  2.98332e+22  -2.89354e+22  2.76908e+22  -2.61119e+22  2.4215e+22  -2.20204e+22  1.95526e+22  -1.684e+22  1.39147e+22  -1.08127e+22  7.57304e+21  -4.23745e+21  8.49663e+20  2.54537e+21  
-2.22897e+21  -7.44006e+20  3.7109e+21  -6.63207e+21  9.46902e+21  -1.21851e+22  1.47459e+22  -1.712e+22  1.92793e+22  -2.1199e+22  2.28579e+22  -2.42384e+22  2.53263e+22  -2.6111e+22  2.65847e+22  -2.67431e+22  2.65847e+22  -2.6111e+22  2.53263e+22  -2.42384e+22  2.28579e+22  -2.1199e+22  1.92793e+22  -1.712e+22  1.47459e+22  -1.21851e+22  9.46902e+21  -6.63207e+21  3.7109e+21  -7.44006e+20  -2.22897e+21  
1.89097e+21  6.31152e+20  -3.14829e+21  5.62665e+21  -8.0334e+21  1.03373e+22  -1.25092e+22  1.45224e+22  -1.63529e+22  1.798e+22  -1.93858e+22  2.05553e+22  -2.14769e+22  2.21414e+22  -2.25426e+22  2.26768e+22  -2.25426e+22  2.21414e+22  -2.14769e+22  2.05553e+22  -1.93858e+22  1.798e+22  -1.63529e+22  1.45224e+22  -1.25092e+22  1.03373e+22  -8.0334e+21  5.62665e+21  -3.14829e+21  6.31152e+20  1.89097e+21  
-1.53479e+21  -5.1225e+20  2.55538e+21  -4.56702e+21  6.52045e+21  -8.39022e+21  1.01526e+22  -1.1786e+22  1.32709e+22  -1.45905e+22  1.57304e+22  -1.66786e+22  1.74256e+22  -1.79642e+22  1.82894e+22  -1.83981e+22  1.82894e+22  -1.79642e+22  1.74256e+22  -1.66786e+22  1.57304e+22  -1.45905e+22  1.32709e+22  -1.1786e+22  1.01526e+22  -8.39022e+21  6.52045e+21  -4.56702e+21  2.55538e+21  -5.1225e+20  -1.53479e+21  
1.16398e+21  3.88476e+20  -1.93804e+21  3.46373e+21  -4.94521e+21  6.36313e+21  -7.69949e+21  8.93783e+21  -1.00635e+22  1.10637e+22  -1.19276e+22  1.2646e+22  -1.3212e+22  1.36201e+22  -1.38664e+22  1.39487e+22  -1.38664e+22  1.36201e+22  -1.3212e+22  1.2646e+22  -1.19276e+22  1.10637e+22  -1.00635e+22  8.93783e+21  -7.69949e+21  6.36313e+21  -4.94521e+21  3.46373e+21  -1.93804e+21  3.88476e+20  1.16398e+21  
-7.8214e+20  -2.61031e+20  1.30229e+21  -2.32752e+21  3.323e+21  -4.27573e+21  5.17358e+21  -6.00551e+21  6.76167e+21  -7.43347e+21  8.01363e+21  -8.49612e+21  8.87616e+21  -9.15013e+21  9.31551e+21  -9.37079e+21  9.31551e+21  -9.15013e+21  8.87616e+21  -8.49612e+21  8.01363e+21  -7.43347e+21  6.76167e+21  -6.00551e+21  5.17358e+21  -4.27573e+21  3.323e+21  -2.32752e+21  1.30229e+21  -2.61031e+20  -7.8214e+20  
3.92919e+20  1.31131e+20  -6.54233e+20  1.16928e+21  -1.66937e+21  2.14797e+21  -2.59899e+21  3.01687e+21  -3.39666e+21  3.73406e+21  -4.02542e+21  4.26771e+21  -4.45855e+21  4.59612e+21  -4.67916e+21  4.70692e+21  -4.67916e+21  4.59612e+21  -4.45855e+21  4.26771e+21  -4.02542e+21  3.73406e+21  -3.39666e+21  3.01687e+21  -2.59899e+21  2.14797e+21  -1.66937e+21  1.16928e+21  -6.54233e+20  1.31131e+20  3.92919e+20  
0  0  0  0  0  0  0  0  0  0  0  0  0  0  0  0  0  0  0  0  0  0  0  0  0  0  0  0  0  0  0  
