1  1  1  1  1  1  1  1  1  1  1  1  1  1  1  1  1  1  1  1  1  1  1  1  1  1  1  1  1  1  1  
-1.05569e+22  -3.52903e+21  1.75545e+22  -3.13683e+22  4.48189e+22  -5.77548e+22  7.00257e+22  -8.14845e+22  9.1989e+22  -1.01404e+23  1.09605e+23  -1.1648e+23  1.21933e+23  -1.25886e+23  1.28281e+23  -1.29083e+23  1.28281e+23  -1.25886e+23  1.21933e+23  -1.1648e+23  1.09605e+23  -1.01404e+23  9.1989e+22  -8.14845e+22  7.00257e+22  -5.77548e+22  4.48189e+22  -3.13683e+22  1.75545e+22  -3.52903e+21  -1.05569e+22  
2.09822e+22  7.014e+21  -3.48906e+22  6.23465e+22  -8.90796e+22  1.14788e+23  -1.39174e+23  1.61944e+23  -1.82816e+23  2.01523e+23  -2.17815e+23  2.31473e+23  -2.42304e+23  2.50155e+23  -2.54912e+23  2.56505e+23  -2.54912e+23  2.50155e+23  -2.42304e+23  2.31473e+23  -2.17815e+23  2.01523e+23  -1.82816e+23  1.61944e+23  -1.39174e+23  1.14788e+23  -8.90796e+22  6.23465e+22  -3.48906e+22  7.014e+21  2.09822e+22  
-3.11466e+22  -1.04116e+22  5.17936e+22  -9.25507e+22  1.32233e+23  -1.70392e+23  2.06583e+23  -2.40373e+23  2.71341e+23  -2.99092e+23  3.2326e+23  -3.43516e+23  3.59578e+23  -3.7122e+23  3.78274e+23  -3.80637e+23  3.78274e+23  -3.7122e+23  3.59578e+23  -3.43516e+23  3.2326e+23  -2.99092e+23  2.71341e+23  -2.40373e+23  2.06583e+23  -1.70392e+23  1.32233e+23  -9.25507e+22  5.17936e+22  -1.04116e+22  -3.11466e+22  
4.09251e+22  1.36799e+22  -6.80558e+22  1.2161e+23  -1.73748e+23  2.23879e+23  -2.71419e+23  3.15796e+23  -3.56461e+23  3.92894e+23  -4.24616e+23  4.512e+23  -4.72278e+23  4.87553e+23  -4.96807e+23  4.99906e+23  -4.96807e+23  4.87553e+23  -4.72278e+23  4.512e+23  -4.24616e+23  3.92894e+23  -3.56461e+23  3.15796e+23  -2.71419e+23  2.23879e+23  -1.73748e+23  1.2161e+23  -6.80558e+22  1.36799e+22  4.09251e+22  
-5.01987e+22  -1.67791e+22  8.34798e+22  -1.49171e+23  2.13121e+23  -2.746e+23  3.3289e+23  -3.87291e+23  4.3713e+23  -4.81772e+23  5.20633e+23  -5.53193e+23  5.79003e+23  -5.97706e+23  6.09035e+23  -6.12829e+23  6.09035e+23  -5.97706e+23  5.79003e+23  -5.53193e+23  5.20633e+23  -4.81772e+23  4.3713e+23  -3.87291e+23  3.3289e+23  -2.746e+23  2.13121e+23  -1.49171e+23  8.34798e+22  -1.67791e+22  -5.01987e+22  
5.88567e+22  1.96722e+22  -9.78816e+22  1.74906e+23  -2.49881e+23  3.21947e+23  -3.90261e+23  4.54001e+23  -5.12379e+23  5.64656e+23  -6.1015e+23  6.48257e+23  -6.7846e+23  7.0034e+23  -7.13593e+23  7.18032e+23  -7.13593e+23  7.0034e+23  -6.7846e+23  6.48257e+23  -6.1015e+23  5.64656e+23  -5.12379e+23  4.54001e+23  -3.90261e+23  3.21947e+23  -2.49881e+23  1.74906e+23  -9.78816e+22  1.96722e+22  5.88567e+22  
-6.67981e+22  -2.23253e+22  1.11093e+23  -1.98514e+23  2.836e+23  -3.65369e+23  4.42862e+23  -5.15144e+23  5.81326e+23  -6.40571e+23  6.92114e+23  -7.35275e+23  7.69474e+23  -7.94246e+23  8.09248e+23  -8.14272e+23  8.09248e+23  -7.94246e+23  7.69474e+23  -7.35275e+23  6.92114e+23  -6.40571e+23  5.81326e+23  -5.15144e+23  4.42862e+23  -3.65369e+23  2.836e+23  -1.98514e+23  1.11093e+23  -2.23253e+22  -6.67981e+22  
7.39329e+22  2.47084e+22  -1.22965e+23  2.19729e+23  -3.13895e+23  4.04373e+23  -4.90095e+23  5.70028e+23  -6.43189e+23  7.08658e+23  -7.65596e+23  8.13259e+23  -8.51015e+23  8.78357e+23  -8.94913e+23  9.00457e+23  -8.94913e+23  8.78357e+23  -8.51015e+23  8.13259e+23  -7.65596e+23  7.08658e+23  -6.43189e+23  5.70028e+23  -4.90095e+23  4.04373e+23  -3.13895e+23  2.19729e+23  -1.22965e+23  2.47084e+22  7.39329e+22  
-8.01833e+22  -2.67955e+22  1.33368e+23  -2.38318e+23  3.40438e+23  -4.38535e+23  5.31448e+23  -6.18057e+23  6.97297e+23  -7.68178e+23  8.29799e+23  -8.81365e+23  9.222e+23  -9.51764e+23  9.69663e+23  -9.75656e+23  9.69663e+23  -9.51764e+23  9.222e+23  -8.81365e+23  8.29799e+23  -7.68178e+23  6.97297e+23  -6.18057e+23  5.31448e+23  -4.38535e+23  3.40438e+23  -2.38318e+23  1.33368e+23  -2.67955e+22  -8.01833e+22  
8.54844e+22  2.8565e+22  -1.42193e+23  2.54089e+23  -3.62952e+23  4.67502e+23  -5.66495e+23  6.58736e+23  -7.43095e+23  8.18524e+23  -8.84072e+23  9.38903e+23  -9.82309e+23  1.01373e+24  -1.03274e+24  1.03911e+24  -1.03274e+24  1.01373e+24  -9.82309e+23  9.38903e+23  -8.84072e+23  8.18524e+23  -7.43095e+23  6.58736e+23  -5.66495e+23  4.67502e+23  -3.62952e+23  2.54089e+23  -1.42193e+23  2.8565e+22  8.54844e+22  
-8.97849e+22  -2.99997e+22  1.49356e+23  -2.66889e+23  3.8122e+23  -4.90994e+23  5.94898e+23  -6.91678e+23  7.8015e+23  -8.59221e+23  9.27905e+23  -9.85336e+23  1.03079e+24  -1.06367e+24  1.08358e+24  -1.09024e+24  1.08358e+24  -1.06367e+24  1.03079e+24  -9.85336e+23  9.27905e+23  -8.59221e+23  7.8015e+23  -6.91678e+23  5.94898e+23  -4.90994e+23  3.8122e+23  -2.66889e+23  1.49356e+23  -2.99997e+22  -8.97849e+22  
9.30474e+22  3.10873e+22  -1.54793e+23  2.76607e+23  -3.95083e+23  5.08808e+23  -6.16415e+23  7.16602e+23  -8.08149e+23  8.89931e+23  -9.60938e+23  1.02029e+24  -1.06724e+24  1.1012e+24  -1.12175e+24  1.12863e+24  -1.12175e+24  1.1012e+24  -1.06724e+24  1.02029e+24  -9.60938e+23  8.89931e+23  -8.08149e+23  7.16602e+23  -6.16415e+23  5.08808e+23  -3.95083e+23  2.76607e+23  -1.54793e+23  3.10873e+22  9.30474e+22  
-9.5248e+22  -3.18199e+22  1.58464e+23  -2.83169e+23  4.04439e+23  -5.20815e+23  6.30892e+23  -7.33336e+23  8.26903e+23  -9.1045e+23  9.82957e+23  -1.04353e+24  1.09144e+24  -1.12608e+24  1.14704e+24  -1.15406e+24  1.14704e+24  -1.12608e+24  1.09144e+24  -1.04353e+24  9.82957e+23  -9.1045e+23  8.26903e+23  -7.33336e+23  6.30892e+23  -5.20815e+23  4.04439e+23  -2.83169e+23  1.58464e+23  -3.18199e+22  -9.5248e+22  
9.63763e+22  3.21941e+22  -1.60352e+23  2.86545e+23  -4.09244e+23  5.26959e+23  -6.38264e+23  7.41809e+23  -8.36337e+23  9.20703e+23  -9.93886e+23  1.055e+24  -1.10332e+24  1.13825e+24  -1.15937e+24  1.16645e+24  -1.15937e+24  1.13825e+24  -1.10332e+24  1.055e+24  -9.93886e+23  9.20703e+23  -8.36337e+23  7.41809e+23  -6.38264e+23  5.26959e+23  -4.09244e+23  2.86545e+23  -1.60352e+23  3.21941e+22  9.63763e+22  
-9.64348e+22  -3.22109e+22  1.60461e+23  -2.86742e+23  4.09508e+23  -5.27257e+23  6.38555e+23  -7.4205e+23  8.3649e+23  -9.20737e+23  9.93785e+23  -1.05476e+24  1.10295e+24  -1.13778e+24  1.15884e+24  -1.16588e+24  1.15884e+24  -1.13778e+24  1.10295e+24  -1.05476e+24  9.93785e+23  -9.20737e+23  8.3649e+23  -7.4205e+23  6.38555e+23  -5.27257e+23  4.09508e+23  -2.86742e+23  1.60461e+23  -3.22109e+22  -9.64348e+22  
9.54384e+22  3.18753e+22  -1.58814e+23  2.83802e+23  -4.05293e+23  5.2179e+23  -6.31866e+23  7.34183e+23  -8.27506e+23  9.10719e+23  -9.82836e+23  1.04301e+24  -1.09055e+24  1.12489e+24  -1.14566e+24  1.15261e+24  -1.14566e+24  1.12489e+24  -1.09055e+24  1.04301e+24  -9.82836e+23  9.10719e+23  -8.27506e+23  7.34183e+23  -6.31866e+23  5.2179e+23  -4.05293e+23  2.83802e+23  -1.58814e+23  3.18753e+22  9.54384e+22  
-9.34132e+22  -3.11962e+22  1.55455e+23  -2.77802e+23  3.9671e+23  -5.10702e+23  6.18375e+23  -7.18418e+23  8.09627e+23  -8.90918e+23  9.61339e+23  -1.02008e+24  1.06646e+24  -1.09996e+24  1.12021e+24  -1.12699e+24  1.12021e+24  -1.09996e+24  1.06646e+24  -1.02008e+24  9.61339e+23  -8.90918e+23  8.09627e+23  -7.18418e+23  6.18375e+23  -5.10702e+23  3.9671e+23  -2.77802e+23  1.55455e+23  -3.11962e+22  -9.34132e+22  
9.03959e+22  3.0186e+22  -1.50444e+23  2.68851e+23  -3.83913e+23  4.94193e+23  -5.98326e+23  6.95043e+23  -7.83182e+23  8.61704e+23  -9.29696e+23  9.86384e+23  -1.03113e+24  1.06345e+24  -1.08298e+24  1.08951e+24  -1.08298e+24  1.06345e+24  -1.03113e+24  9.86384e+23  -9.29696e+23  8.61704e+23  -7.83182e+23  6.95043e+23  -5.98326e+23  4.94193e+23  -3.83913e+23  2.68851e+23  -1.50444e+23  3.0186e+22  9.03959e+22  
-8.64325e+22  -2.88601e+22  1.43857e+23  -2.57084e+23  3.67098e+23  -4.72515e+23  5.72027e+23  -6.64418e+23  7.48582e+23  -8.2353e+23  8.88402e+23  -9.42467e+23  9.85132e+23  -1.01593e+24  1.03455e+24  -1.04077e+24  1.03455e+24  -1.01593e+24  9.85132e+23  -9.42467e+23  8.88402e+23  -8.2353e+23  7.48582e+23  -6.64418e+23  5.72027e+23  -4.72515e+23  3.67098e+23  -2.57084e+23  1.43857e+23  -2.88601e+22  -8.64325e+22  
8.15776e+22  2.72368e+22  -1.35785e+23  2.42662e+23  -3.46494e+23  4.45967e+23  -5.3984e+23  6.26967e+23  -7.06305e+23  7.76928e+23  -8.38032e+23  8.8894e+23  -9.29101e+23  9.58088e+23  -9.756e+23  9.81457e+23  -9.756e+23  9.58088e+23  -9.29101e+23  8.8894e+23  -8.38032e+23  7.76928e+23  -7.06305e+23  6.26967e+23  -5.3984e+23  4.45967e+23  -3.46494e+23  2.42662e+23  -1.35785e+23  2.72368e+22  8.15776e+22  
-7.58928e+22  -2.53369e+22  1.26331e+23  -2.25768e+23  3.22363e+23  -4.14885e+23  5.02175e+23  -5.83166e+23  6.56891e+23  -7.22494e+23  7.79235e+23  -8.26491e+23  8.6376e+23  -8.90654e+23  9.06899e+23  -9.12332e+23  9.06899e+23  -8.90654e+23  8.6376e+23  -8.26491e+23  7.79235e+23  -7.22494e+23  6.56891e+23  -5.83166e+23  5.02175e+23  -4.14885e+23  3.22363e+23  -2.25768e+23  1.26331e+23  -2.53369e+22  -7.58928e+22  
6.94462e+22  2.31831e+22  -1.15606e+23  2.06605e+23  -2.94994e+23  3.79641e+23  -4.59483e+23  5.33541e+23  -6.00933e+23  6.60881e+23  -7.12714e+23  7.5587e+23  -7.89896e+23  8.14444e+23  -8.2927e+23  8.34229e+23  -8.2927e+23  8.14444e+23  -7.89896e+23  7.5587e+23  -7.12714e+23  6.60881e+23  -6.00933e+23  5.33541e+23  -4.59483e+23  3.79641e+23  -2.94994e+23  2.06605e+23  -1.15606e+23  2.31831e+22  6.94462e+22  
-6.23113e+22  -2.08e+22  1.03734e+23  -1.8539e+23  2.64698e+23  -3.40636e+23  4.12247e+23  -4.78654e+23  5.39067e+23  -5.9279e+23  6.39226e+23  -6.77879e+23  7.08347e+23  -7.30324e+23  7.43596e+23  -7.48034e+23  7.43596e+23  -7.30324e+23  7.08347e+23  -6.77879e+23  6.39226e+23  -5.9279e+23  5.39067e+23  -4.78654e+23  4.12247e+23  -3.40636e+23  2.64698e+23  -1.8539e+23  1.03734e+23  -2.08e+22  -6.23113e+22  
5.45659e+22  1.82135e+22  -9.08439e+22  1.62355e+23  -2.31804e+23  2.98294e+23  -3.60983e+23  4.19103e+23  -4.71964e+23  5.18958e+23  -5.59568e+23  5.93363e+23  -6.19996e+23  6.39204e+23  -6.50802e+23  6.5468e+23  -6.50802e+23  6.39204e+23  -6.19996e+23  5.93363e+23  -5.59568e+23  5.18958e+23  -4.71964e+23  4.19103e+23  -3.60983e+23  2.98294e+23  -2.31804e+23  1.62355e+23  -9.08439e+22  1.82135e+22  5.45659e+22  
-4.62914e+22  -1.54508e+22  7.70711e+22  -1.37742e+23  1.9666e+23  -2.5306e+23  3.06228e+23  -3.55512e+23  4.00325e+23  -4.40156e+23  4.74569e+23  -5.032e+23  5.2576e+23  -5.42028e+23  5.5185e+23  -5.55134e+23  5.5185e+23  -5.42028e+23  5.2576e+23  -5.032e+23  4.74569e+23  -4.40156e+23  4.00325e+23  -3.55512e+23  3.06228e+23  -2.5306e+23  1.9666e+23  -1.37742e+23  7.70711e+22  -1.54508e+22  -4.62914e+22  
3.75721e+22  1.254e+22  -6.25563e+22  1.11802e+23  -1.59623e+23  2.05395e+23  -2.48539e+23  2.88524e+23  -3.24875e+23  3.5718e+23  -3.85085e+23  4.08297e+23  -4.26584e+23  4.3977e+23  -4.4773e+23  4.50391e+23  -4.4773e+23  4.3977e+23  -4.26584e+23  4.08297e+23  -3.85085e+23  3.5718e+23  -3.24875e+23  2.88524e+23  -2.48539e+23  2.05395e+23  -1.59623e+23  1.11802e+23  -6.25563e+22  1.254e+22  3.75721e+22  
-2.84946e+22  -9.51e+21  4.74438e+22  -8.47932e+22  1.2106e+23  -1.55771e+23  1.88486e+23  -2.18801e+23  2.46358e+23  -2.70843e+23  2.9199e+23  -3.09579e+23  3.23434e+23  -3.33423e+23  3.39453e+23  -3.41469e+23  3.39453e+23  -3.33423e+23  3.23434e+23  -3.09579e+23  2.9199e+23  -2.70843e+23  2.46358e+23  -2.18801e+23  1.88486e+23  -1.55771e+23  1.2106e+23  -8.47932e+22  4.74438e+22  -9.51e+21  -2.84946e+22  
1.9147e+22  6.39012e+21  -3.18806e+22  5.69783e+22  -8.13481e+22  1.04671e+23  -1.26651e+23  1.47017e+23  -1.65528e+23  1.81974e+23  -1.96176e+23  2.07987e+23  -2.17291e+23  2.23998e+23  -2.28046e+23  2.294e+23  -2.28046e+23  2.23998e+23  -2.17291e+23  2.07987e+23  -1.96176e+23  1.81974e+23  -1.65528e+23  1.47017e+23  -1.26651e+23  1.04671e+23  -8.13481e+22  5.69783e+22  -3.18806e+22  6.39012e+21  1.9147e+22  
-9.61876e+21  -3.21012e+21  1.60158e+22  -2.86243e+22  4.08668e+22  -5.2583e+22  6.3624e+22  -7.38537e+22  8.31512e+22  -9.14109e+22  9.85434e+22  -1.04475e+23  1.09147e+23  -1.12514e+23  1.14547e+23  -1.15227e+23  1.14547e+23  -1.12514e+23  1.09147e+23  -1.04475e+23  9.85434e+22  -9.14109e+22  8.31512e+22  -7.38537e+22  6.3624e+22  -5.2583e+22  4.08668e+22  -2.86243e+22  1.60158e+22  -3.21012e+21  -9.61876e+21  
0  0  0  0  0  0  0  0  0  0  0  0  0  0  0  0  0  0  0  0  0  0  0  0  0  0  0  0  0  0  0  
