1  1  1  1  1  1  1  1  1  1  1  1  1  1  1  1  1  1  1  1  1  1  1  1  1  1  1  1  1  1  1  
5.10696e+22  1.70719e+22  -8.4921e+22  1.51747e+23  -2.16815e+23  2.79393e+23  -3.38755e+23  3.94188e+23  -4.45004e+23  4.9055e+23  -5.30223e+23  5.63482e+23  -5.8986e+23  6.08981e+23  -6.20567e+23  6.24448e+23  -6.20567e+23  6.08981e+23  -5.8986e+23  5.63482e+23  -5.30223e+23  4.9055e+23  -4.45004e+23  3.94188e+23  -3.38755e+23  2.79393e+23  -2.16815e+23  1.51747e+23  -8.4921e+22  1.70719e+22  5.10696e+22  
-1.01503e+23  -3.39307e+22  1.68786e+23  -3.01606e+23  4.30929e+23  -5.55298e+23  6.73266e+23  -7.83419e+23  8.84389e+23  -9.74881e+23  1.0537e+24  -1.11977e+24  1.17216e+24  -1.21014e+24  1.23315e+24  -1.24086e+24  1.23315e+24  -1.21014e+24  1.17216e+24  -1.11977e+24  1.0537e+24  -9.74881e+23  8.84389e+23  -7.83419e+23  6.73266e+23  -5.55298e+23  4.30929e+23  -3.01606e+23  1.68786e+23  -3.39307e+22  -1.01503e+23  
1.50674e+23  5.03668e+22  -2.50555e+23  4.47721e+23  -6.39687e+23  8.24283e+23  -9.99361e+23  1.16282e+24  -1.31263e+24  1.44688e+24  -1.56379e+24  1.66178e+24  -1.73949e+24  1.79581e+24  -1.82993e+24  1.84136e+24  -1.82993e+24  1.79581e+24  -1.73949e+24  1.66178e+24  -1.56379e+24  1.44688e+24  -1.31263e+24  1.16282e+24  -9.99361e+23  8.24283e+23  -6.39687e+23  4.47721e+23  -2.50555e+23  5.03668e+22  1.50674e+23  
-1.97978e+23  -6.61774e+22  3.29225e+23  -5.88297e+23  8.4052e+23  -1.08303e+24  1.31301e+24  -1.52769e+24  1.7244e+24  -1.90065e+24  2.05411e+24  -2.18271e+24  2.28468e+24  -2.35857e+24  2.40334e+24  -2.41834e+24  2.40334e+24  -2.35857e+24  2.28468e+24  -2.18271e+24  2.05411e+24  -1.90065e+24  1.7244e+24  -1.52769e+24  1.31301e+24  -1.08303e+24  8.4052e+23  -5.88297e+23  3.29225e+23  -6.61774e+22  -1.97978e+23  
2.4284e+23  8.11701e+22  -4.0384e+23  7.21627e+23  -1.03099e+24  1.3284e+24  -1.61038e+24  1.87355e+24  -2.11465e+24  2.33061e+24  -2.5186e+24  2.67611e+24  -2.80097e+24  2.89145e+24  -2.94625e+24  2.96461e+24  -2.94625e+24  2.89145e+24  -2.80097e+24  2.67611e+24  -2.5186e+24  2.33061e+24  -2.11465e+24  1.87355e+24  -1.61038e+24  1.3284e+24  -1.03099e+24  7.21627e+23  -4.0384e+23  8.11701e+22  2.4284e+23  
-2.84724e+23  -9.51656e+22  4.7351e+23  -8.46121e+23  1.20882e+24  -1.55745e+24  1.88792e+24  -2.19626e+24  2.47867e+24  -2.73156e+24  2.95165e+24  -3.13599e+24  3.2821e+24  -3.38795e+24  3.45206e+24  -3.47353e+24  3.45206e+24  -3.38795e+24  3.2821e+24  -3.13599e+24  2.95165e+24  -2.73156e+24  2.47867e+24  -2.19626e+24  1.88792e+24  -1.55745e+24  1.20882e+24  -8.46121e+23  4.7351e+23  -9.51656e+22  -2.84724e+23  
3.23141e+23  1.08e+23  -5.37422e+23  9.60328e+23  -1.37193e+24  1.7675e+24  -2.14238e+24  2.49205e+24  -2.81221e+24  3.09881e+24  -3.34815e+24  3.55695e+24  -3.72239e+24  3.84222e+24  -3.9148e+24  3.9391e+24  -3.9148e+24  3.84222e+24  -3.72239e+24  3.55695e+24  -3.34815e+24  3.09881e+24  -2.81221e+24  2.49205e+24  -2.14238e+24  1.7675e+24  -1.37193e+24  9.60328e+23  -5.37422e+23  1.08e+23  3.23141e+23  
-3.57656e+23  -1.19529e+23  5.94853e+23  -1.06295e+24  1.51849e+24  -1.95619e+24  2.37087e+24  -2.75756e+24  3.11148e+24  -3.42819e+24  3.70363e+24  -3.9342e+24  4.11685e+24  -4.24912e+24  4.32921e+24  -4.35603e+24  4.32921e+24  -4.24912e+24  4.11685e+24  -3.9342e+24  3.70363e+24  -3.42819e+24  3.11148e+24  -2.75756e+24  2.37087e+24  -1.95619e+24  1.51849e+24  -1.06295e+24  5.94853e+23  -1.19529e+23  -3.57656e+23  
3.87893e+23  1.29625e+23  -6.45177e+23  1.15288e+24  -1.64689e+24  2.12145e+24  -2.57092e+24  2.9899e+24  -3.37323e+24  3.71612e+24  -4.01422e+24  4.26367e+24  -4.46121e+24  4.60423e+24  -4.69082e+24  4.71981e+24  -4.69082e+24  4.60423e+24  -4.46121e+24  4.26367e+24  -4.01422e+24  3.71612e+24  -3.37323e+24  2.9899e+24  -2.57092e+24  2.12145e+24  -1.64689e+24  1.15288e+24  -6.45177e+23  1.29625e+23  3.87893e+23  
-4.13537e+23  -1.38185e+23  6.8787e+23  -1.22918e+24  1.75581e+24  -2.26158e+24  2.74046e+24  -3.18668e+24  3.59478e+24  -3.95967e+24  4.27676e+24  -4.54201e+24  4.752e+24  -4.90398e+24  4.99598e+24  -5.02678e+24  4.99598e+24  -4.90398e+24  4.752e+24  -4.54201e+24  4.27676e+24  -3.95967e+24  3.59478e+24  -3.18668e+24  2.74046e+24  -2.26158e+24  1.75581e+24  -1.22918e+24  6.8787e+23  -1.38185e+23  -4.13537e+23  
4.34341e+23  1.45126e+23  -7.2252e+23  1.2911e+24  -1.84418e+24  2.37522e+24  -2.87787e+24  3.34604e+24  -3.77403e+24  4.15655e+24  -4.48881e+24  4.76664e+24  -4.98651e+24  5.1456e+24  -5.24189e+24  5.27412e+24  -5.24189e+24  5.1456e+24  -4.98651e+24  4.76664e+24  -4.48881e+24  4.15655e+24  -3.77403e+24  3.34604e+24  -2.87787e+24  2.37522e+24  -1.84418e+24  1.2911e+24  -7.2252e+23  1.45126e+23  4.34341e+23  
-4.50124e+23  -1.50387e+23  7.48822e+23  -1.33811e+24  1.91124e+24  -2.4614e+24  2.98195e+24  -3.46662e+24  3.90948e+24  -4.30511e+24  4.64861e+24  -4.93572e+24  5.16285e+24  -5.32716e+24  5.42657e+24  -5.45985e+24  5.42657e+24  -5.32716e+24  5.16285e+24  -4.93572e+24  4.64861e+24  -4.30511e+24  3.90948e+24  -3.46662e+24  2.98195e+24  -2.4614e+24  1.91124e+24  -1.33811e+24  7.48822e+23  -1.50387e+23  -4.50124e+23  
4.60769e+23  1.53931e+23  -7.66583e+23  1.36985e+24  -1.9565e+24  2.51948e+24  -3.05199e+24  3.54757e+24  -4.00021e+24  4.40437e+24  -4.75513e+24  5.04818e+24  -5.27992e+24  5.44752e+24  -5.54891e+24  5.58285e+24  -5.54891e+24  5.44752e+24  -5.27992e+24  5.04818e+24  -4.75513e+24  4.40437e+24  -4.00021e+24  3.54757e+24  -3.05199e+24  2.51948e+24  -1.9565e+24  1.36985e+24  -7.66583e+23  1.53931e+23  4.60769e+23  
-4.66228e+23  -1.55741e+23  7.75717e+23  -1.38619e+24  1.97975e+24  -2.54921e+24  3.08765e+24  -3.58856e+24  4.04584e+24  -4.45397e+24  4.808e+24  -5.10366e+24  5.33738e+24  -5.50636e+24  5.60856e+24  -5.64277e+24  5.60856e+24  -5.50636e+24  5.33738e+24  -5.10366e+24  4.808e+24  -4.45397e+24  4.04584e+24  -3.58856e+24  3.08765e+24  -2.54921e+24  1.97975e+24  -1.38619e+24  7.75717e+23  -1.55741e+23  -4.66228e+23  
4.66511e+23  1.55823e+23  -7.76242e+23  1.38714e+24  -1.98102e+24  2.55065e+24  -3.08906e+24  3.58972e+24  -4.04658e+24  4.45414e+24  -4.80751e+24  5.10249e+24  -5.3356e+24  5.50408e+24  -5.60596e+24  5.64005e+24  -5.60596e+24  5.50408e+24  -5.3356e+24  5.10249e+24  -4.80751e+24  4.45414e+24  -4.04658e+24  3.58972e+24  -3.08906e+24  2.55065e+24  -1.98102e+24  1.38714e+24  -7.76242e+23  1.55823e+23  4.66511e+23  
-4.6169e+23  -1.54199e+23  7.68275e+23  -1.37291e+24  1.96064e+24  -2.5242e+24  3.0567e+24  -3.55167e+24  4.00312e+24  -4.40567e+24  4.75455e+24  -5.04565e+24  5.27561e+24  -5.44176e+24  5.54222e+24  -5.57583e+24  5.54222e+24  -5.44176e+24  5.27561e+24  -5.04565e+24  4.75455e+24  -4.40567e+24  4.00312e+24  -3.55167e+24  3.0567e+24  -2.5242e+24  1.96064e+24  -1.37291e+24  7.68275e+23  -1.54199e+23  -4.6169e+23  
4.51894e+23  1.50914e+23  -7.52025e+23  1.34389e+24  -1.91911e+24  2.47056e+24  -2.99143e+24  3.4754e+24  -3.91663e+24  4.30989e+24  -4.65055e+24  4.93469e+24  -5.15907e+24  5.32114e+24  -5.41911e+24  5.45189e+24  -5.41911e+24  5.32114e+24  -5.15907e+24  4.93469e+24  -4.65055e+24  4.30989e+24  -3.91663e+24  3.4754e+24  -2.99143e+24  2.47056e+24  -1.91911e+24  1.34389e+24  -7.52025e+23  1.50914e+23  4.51894e+23  
-4.37297e+23  -1.46027e+23  7.27784e+23  -1.30059e+24  1.85721e+24  -2.39069e+24  2.89445e+24  -3.36232e+24  3.7887e+24  -4.16856e+24  4.49748e+24  -4.77171e+24  4.98818e+24  -5.14451e+24  5.23899e+24  -5.27059e+24  5.23899e+24  -5.14451e+24  4.98818e+24  -4.77171e+24  4.49748e+24  -4.16856e+24  3.7887e+24  -3.36232e+24  2.89445e+24  -2.39069e+24  1.85721e+24  -1.30059e+24  7.27784e+23  -1.46027e+23  -4.37297e+23  
4.18124e+23  1.39613e+23  -6.9592e+23  1.24366e+24  -1.77586e+24  2.28583e+24  -2.76722e+24  3.21417e+24  -3.62132e+24  3.98389e+24  -4.29771e+24  4.55926e+24  -4.76565e+24  4.91466e+24  -5.0047e+24  5.03482e+24  -5.0047e+24  4.91466e+24  -4.76565e+24  4.55926e+24  -4.29771e+24  3.98389e+24  -3.62132e+24  3.21417e+24  -2.76722e+24  2.28583e+24  -1.77586e+24  1.24366e+24  -6.9592e+23  1.39613e+23  4.18124e+23  
-3.94638e+23  -1.3176e+23  6.56872e+23  -1.17389e+24  1.67619e+24  -2.1574e+24  2.61152e+24  -3.033e+24  3.4168e+24  -3.75845e+24  4.05405e+24  -4.30032e+24  4.4946e+24  -4.63482e+24  4.71954e+24  -4.74787e+24  4.71954e+24  -4.63482e+24  4.4946e+24  -4.30032e+24  4.05405e+24  -3.75845e+24  3.4168e+24  -3.033e+24  2.61152e+24  -2.1574e+24  1.67619e+24  -1.17389e+24  6.56872e+23  -1.3176e+23  -3.94638e+23  
3.67137e+23  1.22569e+23  -6.11134e+23  1.09217e+24  -1.55946e+24  2.00704e+24  -2.42931e+24  2.82111e+24  -3.17776e+24  3.49512e+24  -3.76961e+24  3.99821e+24  -4.17851e+24  4.30861e+24  -4.38719e+24  4.41348e+24  -4.38719e+24  4.30861e+24  -4.17851e+24  3.99821e+24  -3.76961e+24  3.49512e+24  -3.17776e+24  2.82111e+24  -2.42931e+24  2.00704e+24  -1.55946e+24  1.09217e+24  -6.11134e+23  1.22569e+23  3.67137e+23  
-3.35951e+23  -1.1215e+23  5.59254e+23  -9.99467e+23  1.42706e+24  -1.83654e+24  2.22278e+24  -2.58104e+24  2.90706e+24  -3.19706e+24  3.44781e+24  -3.65658e+24  3.82118e+24  -3.93994e+24  4.01166e+24  -4.03564e+24  4.01166e+24  -3.93994e+24  3.82118e+24  -3.65658e+24  3.44781e+24  -3.19706e+24  2.90706e+24  -2.58104e+24  2.22278e+24  -1.83654e+24  1.42706e+24  -9.99467e+23  5.59254e+23  -1.1215e+23  -3.35951e+23  
3.01436e+23  1.00622e+23  -5.01822e+23  8.96839e+23  -1.2805e+24  1.64785e+24  -1.99428e+24  2.31553e+24  -2.60778e+24  2.86767e+24  -3.09231e+24  3.27929e+24  -3.42668e+24  3.533e+24  -3.5972e+24  3.61867e+24  -3.5972e+24  3.533e+24  -3.42668e+24  3.27929e+24  -3.09231e+24  2.86767e+24  -2.60778e+24  2.31553e+24  -1.99428e+24  1.64785e+24  -1.2805e+24  8.96839e+23  -5.01822e+23  1.00622e+23  3.01436e+23  
-2.63967e+23  -8.81091e+22  4.39464e+23  -7.85405e+23  1.12137e+24  -1.44302e+24  1.74628e+24  -2.02744e+24  2.28316e+24  -2.5105e+24  2.70695e+24  -2.87044e+24  2.99928e+24  -3.0922e+24  3.1483e+24  -3.16706e+24  3.1483e+24  -3.0922e+24  2.99928e+24  -2.87044e+24  2.70695e+24  -2.5105e+24  2.28316e+24  -2.02744e+24  1.74628e+24  -1.44302e+24  1.12137e+24  -7.85405e+23  4.39464e+23  -8.81091e+22  -2.63967e+23  
2.23938e+23  7.47444e+22  -3.72837e+23  6.66337e+23  -9.51358e+23  1.2242e+24  -1.4814e+24  1.71981e+24  -1.9366e+24  2.12929e+24  -2.29576e+24  2.43427e+24  -2.54341e+24  2.6221e+24  -2.66961e+24  2.6855e+24  -2.66961e+24  2.6221e+24  -2.54341e+24  2.43427e+24  -2.29576e+24  2.12929e+24  -1.9366e+24  1.71981e+24  -1.4814e+24  1.2242e+24  -9.51358e+23  6.66337e+23  -3.72837e+23  7.47444e+22  2.23938e+23  
-1.81758e+23  -6.06633e+22  3.02621e+23  -5.40851e+23  7.72186e+23  -9.93614e+23  1.20233e+24  -1.39576e+24  1.57161e+24  -1.72789e+24  1.86288e+24  -1.97517e+24  2.06363e+24  -2.12742e+24  2.16593e+24  -2.1788e+24  2.16593e+24  -2.12742e+24  2.06363e+24  -1.97517e+24  1.86288e+24  -1.72789e+24  1.57161e+24  -1.39576e+24  1.20233e+24  -9.93614e+23  7.72186e+23  -5.40851e+23  3.02621e+23  -6.06633e+22  -1.81758e+23  
1.37845e+23  4.60054e+22  -2.29513e+23  4.10194e+23  -5.85638e+23  7.53556e+23  -9.11814e+23  1.05847e+24  -1.19177e+24  1.31022e+24  -1.41252e+24  1.49761e+24  -1.56464e+24  1.61296e+24  -1.64213e+24  1.65188e+24  -1.64213e+24  1.61296e+24  -1.56464e+24  1.49761e+24  -1.41252e+24  1.31022e+24  -1.19177e+24  1.05847e+24  -9.11814e+23  7.53556e+23  -5.85638e+23  4.10194e+23  -2.29513e+23  4.60054e+22  1.37845e+23  
-9.26251e+22  -3.09127e+22  1.54225e+23  -2.75637e+23  3.93528e+23  -5.06355e+23  6.12683e+23  -7.11204e+23  8.00753e+23  -8.80311e+23  9.49016e+23  -1.00616e+24  1.05116e+24  -1.08361e+24  1.10319e+24  -1.10974e+24  1.10319e+24  -1.08361e+24  1.05116e+24  -1.00616e+24  9.49016e+23  -8.80311e+23  8.00753e+23  -7.11204e+23  6.12683e+23  -5.06355e+23  3.93528e+23  -2.75637e+23  1.54225e+23  -3.09127e+22  -9.26251e+22  
4.65315e+22  1.55292e+22  -7.74777e+22  1.38472e+23  -1.97696e+23  2.54375e+23  -3.07786e+23  3.57273e+23  -4.0225e+23  4.42207e+23  -4.76711e+23  5.05405e+23  -5.28005e+23  5.44297e+23  -5.5413e+23  5.57418e+23  -5.5413e+23  5.44297e+23  -5.28005e+23  5.05405e+23  -4.76711e+23  4.42207e+23  -4.0225e+23  3.57273e+23  -3.07786e+23  2.54375e+23  -1.97696e+23  1.38472e+23  -7.74777e+22  1.55292e+22  4.65315e+22  
0  0  0  0  0  0  0  0  0  0  0  0  0  0  0  0  0  0  0  0  0  0  0  0  0  0  0  0  0  0  0  
