1  1  1  1  1  1  1  1  1  1  1  1  1  1  1  1  1  1  1  1  1  1  1  1  1  1  1  1  1  1  1  
3.06052e+25  1.02309e+25  -5.08918e+25  9.09394e+25  -1.29934e+26  1.67436e+26  -2.0301e+26  2.3623e+26  -2.66684e+26  2.93979e+26  -3.17755e+26  3.37686e+26  -3.53494e+26  3.64953e+26  -3.71896e+26  3.74222e+26  -3.71896e+26  3.64953e+26  -3.53494e+26  3.37686e+26  -3.17755e+26  2.93979e+26  -2.66684e+26  2.3623e+26  -2.0301e+26  1.67436e+26  -1.29934e+26  9.09394e+25  -5.08918e+25  1.02309e+25  3.06052e+25  
-6.08291e+25  -2.03342e+25  1.01151e+26  -1.80748e+26  2.58249e+26  -3.32781e+26  4.03478e+26  -4.69491e+26  5.3e+26  -5.84231e+26  6.31465e+26  -6.71058e+26  7.02459e+26  -7.25219e+26  7.3901e+26  -7.4363e+26  7.3901e+26  -7.25219e+26  7.02459e+26  -6.71058e+26  6.31465e+26  -5.84231e+26  5.3e+26  -4.69491e+26  4.03478e+26  -3.32781e+26  2.58249e+26  -1.80748e+26  1.01151e+26  -2.03342e+25  -6.08291e+25  
9.02967e+25  3.0184e+25  -1.50154e+26  2.68312e+26  -3.83355e+26  4.9398e+26  -5.98902e+26  6.9686e+26  -7.8664e+26  8.67093e+26  -9.37157e+26  9.9588e+26  -1.04245e+27  1.0762e+27  -1.09665e+27  1.1035e+27  -1.09665e+27  1.0762e+27  -1.04245e+27  9.9588e+26  -9.37157e+26  8.67093e+26  -7.8664e+26  6.9686e+26  -5.98902e+26  4.9398e+26  -3.83355e+26  2.68312e+26  -1.50154e+26  3.0184e+25  9.02967e+25  
-1.18645e+26  -3.96591e+25  1.97299e+26  -3.52557e+26  5.0371e+26  -6.49045e+26  7.86866e+26  -9.15518e+26  1.03341e+27  -1.13903e+27  1.231e+27  -1.30807e+27  1.36917e+27  -1.41346e+27  1.44028e+27  -1.44927e+27  1.44028e+27  -1.41346e+27  1.36917e+27  -1.30807e+27  1.231e+27  -1.13903e+27  1.03341e+27  -9.15518e+26  7.86866e+26  -6.49045e+26  5.0371e+26  -3.52557e+26  1.97299e+26  -3.96591e+25  -1.18645e+26  
1.4553e+26  4.8644e+25  -2.42015e+26  4.3246e+26  -6.17855e+26  7.96088e+26  -9.65077e+26  1.12279e+27  -1.26728e+27  1.3967e+27  -1.50936e+27  1.60375e+27  -1.67858e+27  1.7328e+27  -1.76564e+27  1.77664e+27  -1.76564e+27  1.7328e+27  -1.67858e+27  1.60375e+27  -1.50936e+27  1.3967e+27  -1.26728e+27  1.12279e+27  -9.65077e+26  7.96088e+26  -6.17855e+26  4.3246e+26  -2.42015e+26  4.8644e+25  1.4553e+26  
-1.70631e+26  -5.70312e+25  2.83767e+26  -5.07067e+26  7.24425e+26  -9.33353e+26  1.1314e+27  -1.31619e+27  1.48543e+27  -1.63698e+27  1.76888e+27  -1.87935e+27  1.96691e+27  -2.03034e+27  2.06877e+27  -2.08163e+27  2.06877e+27  -2.03034e+27  1.96691e+27  -1.87935e+27  1.76888e+27  -1.63698e+27  1.48543e+27  -1.31619e+27  1.1314e+27  -9.33353e+26  7.24425e+26  -5.07067e+26  2.83767e+26  -5.70312e+25  -1.70631e+26  
1.93653e+26  6.47229e+25  -3.22069e+26  5.7551e+26  -8.22179e+26  1.05924e+27  -1.28389e+27  1.49345e+27  -1.68531e+27  1.85707e+27  -2.0065e+27  2.13162e+27  -2.23077e+27  2.30258e+27  -2.34608e+27  2.36064e+27  -2.34608e+27  2.30258e+27  -2.23077e+27  2.13162e+27  -2.0065e+27  1.85707e+27  -1.68531e+27  1.49345e+27  -1.28389e+27  1.05924e+27  -8.22179e+26  5.7551e+26  -3.22069e+26  6.47229e+25  1.93653e+26  
-2.14338e+26  -7.16317e+25  3.56486e+26  -6.37012e+26  9.10008e+26  -1.17231e+27  1.42083e+27  -1.65256e+27  1.86466e+27  -2.05446e+27  2.21953e+27  -2.35771e+27  2.46716e+27  -2.54643e+27  2.59443e+27  -2.6105e+27  2.59443e+27  -2.54643e+27  2.46716e+27  -2.35771e+27  2.21953e+27  -2.05446e+27  1.86466e+27  -1.65256e+27  1.42083e+27  -1.17231e+27  9.10008e+26  -6.37012e+26  3.56486e+26  -7.16317e+25  -2.14338e+26  
2.32458e+26  7.76824e+25  -3.86644e+26  6.90904e+26  -9.86957e+26  1.27135e+27  -1.54071e+27  1.7918e+27  -2.02152e+27  2.22701e+27  -2.40566e+27  2.55515e+27  -2.67354e+27  2.75924e+27  -2.81113e+27  2.82851e+27  -2.81113e+27  2.75924e+27  -2.67354e+27  2.55515e+27  -2.40566e+27  2.22701e+27  -2.02152e+27  1.7918e+27  -1.54071e+27  1.27135e+27  -9.86957e+26  6.90904e+26  -3.86644e+26  7.76824e+25  2.32458e+26  
-2.47826e+26  -8.28123e+25  4.1223e+26  -7.36626e+26  1.05223e+27  -1.35533e+27  1.64232e+27  -1.90973e+27  2.15429e+27  -2.37297e+27  2.563e+27  -2.72196e+27  2.8478e+27  -2.93888e+27  2.99401e+27  -3.01247e+27  2.99401e+27  -2.93888e+27  2.8478e+27  -2.72196e+27  2.563e+27  -2.37297e+27  2.15429e+27  -1.90973e+27  1.64232e+27  -1.35533e+27  1.05223e+27  -7.36626e+26  4.1223e+26  -8.28123e+25  -2.47826e+26  
2.60294e+26  8.69718e+25  -4.32995e+26  7.73735e+26  -1.10519e+27  1.42343e+27  -1.72466e+27  2.00523e+27  -2.26172e+27  2.49095e+27  -2.69007e+27  2.85657e+27  -2.98833e+27  3.08368e+27  -3.14138e+27  3.1607e+27  -3.14138e+27  3.08368e+27  -2.98833e+27  2.85657e+27  -2.69007e+27  2.49095e+27  -2.26172e+27  2.00523e+27  -1.72466e+27  1.42343e+27  -1.10519e+27  7.73735e+26  -4.32995e+26  8.69718e+25  2.60294e+26  
-2.69752e+26  -9.01248e+25  4.48757e+26  -8.01906e+26  1.14538e+27  -1.47508e+27  1.78704e+27  -2.07749e+27  2.34289e+27  -2.57999e+27  2.78584e+27  -2.9579e+27  3.09402e+27  -3.19248e+27  3.25206e+27  -3.272e+27  3.25206e+27  -3.19248e+27  3.09402e+27  -2.9579e+27  2.78584e+27  -2.57999e+27  2.34289e+27  -2.07749e+27  1.78704e+27  -1.47508e+27  1.14538e+27  -8.01906e+26  4.48757e+26  -9.01248e+25  -2.69752e+26  
2.76132e+26  9.22486e+25  -4.59401e+26  8.20931e+26  -1.1725e+27  1.50989e+27  -1.82901e+27  2.126e+27  -2.39726e+27  2.63947e+27  -2.84967e+27  3.02529e+27  -3.16418e+27  3.26461e+27  -3.32538e+27  3.34571e+27  -3.32538e+27  3.26461e+27  -3.16418e+27  3.02529e+27  -2.84967e+27  2.63947e+27  -2.39726e+27  2.126e+27  -1.82901e+27  1.50989e+27  -1.1725e+27  8.20931e+26  -4.59401e+26  9.22486e+25  2.76132e+26  
-2.79403e+26  -9.33334e+25  4.64875e+26  -8.30719e+26  1.18643e+27  -1.5277e+27  1.85038e+27  -2.15057e+27  2.42461e+27  -2.66919e+27  2.88136e+27  -3.05854e+27  3.19861e+27  -3.29988e+27  3.36112e+27  -3.38162e+27  3.36112e+27  -3.29988e+27  3.19861e+27  -3.05854e+27  2.88136e+27  -2.66919e+27  2.42461e+27  -2.15057e+27  1.85038e+27  -1.5277e+27  1.18643e+27  -8.30719e+26  4.64875e+26  -9.33334e+25  -2.79403e+26  
2.79573e+26  9.3382e+25  -4.6519e+26  8.3129e+26  -1.1872e+27  1.52856e+27  -1.85123e+27  2.15127e+27  -2.42505e+27  2.6693e+27  -2.88107e+27  3.05784e+27  -3.19754e+27  3.29851e+27  -3.35956e+27  3.37999e+27  -3.35956e+27  3.29851e+27  -3.19754e+27  3.05784e+27  -2.88107e+27  2.6693e+27  -2.42505e+27  2.15127e+27  -1.85123e+27  1.52856e+27  -1.1872e+27  8.3129e+26  -4.6519e+26  9.3382e+25  2.79573e+26  
-2.76684e+26  -9.24091e+25  4.60415e+26  -8.22766e+26  1.17498e+27  -1.51271e+27  1.83183e+27  -2.12846e+27  2.39901e+27  -2.64025e+27  2.84932e+27  -3.02378e+27  3.16159e+27  -3.26116e+27  3.32137e+27  -3.34151e+27  3.32137e+27  -3.26116e+27  3.16159e+27  -3.02378e+27  2.84932e+27  -2.64025e+27  2.39901e+27  -2.12846e+27  1.83183e+27  -1.51271e+27  1.17498e+27  -8.22766e+26  4.60415e+26  -9.24091e+25  -2.76684e+26  
2.70813e+26  9.04403e+25  -4.50677e+26  8.05373e+26  -1.1501e+27  1.48057e+27  -1.79272e+27  2.08275e+27  -2.34718e+27  2.58285e+27  -2.787e+27  2.95728e+27  -3.09175e+27  3.18888e+27  -3.24759e+27  3.26723e+27  -3.24759e+27  3.18888e+27  -3.09175e+27  2.95728e+27  -2.787e+27  2.58285e+27  -2.34718e+27  2.08275e+27  -1.79272e+27  1.48057e+27  -1.1501e+27  8.05373e+26  -4.50677e+26  9.04403e+25  2.70813e+26  
-2.62065e+26  -8.75116e+25  4.36149e+26  -7.79421e+26  1.113e+27  -1.43271e+27  1.7346e+27  -2.01499e+27  2.27051e+27  -2.49815e+27  2.69527e+27  -2.85961e+27  2.98934e+27  -3.08303e+27  3.13964e+27  -3.15859e+27  3.13964e+27  -3.08303e+27  2.98934e+27  -2.85961e+27  2.69527e+27  -2.49815e+27  2.27051e+27  -2.01499e+27  1.7346e+27  -1.43271e+27  1.113e+27  -7.79421e+26  4.36149e+26  -8.75116e+25  -2.62065e+26  
2.50575e+26  8.36678e+25  -4.17054e+26  7.45307e+26  -1.06425e+27  1.36986e+27  -1.65835e+27  1.9262e+27  -2.1702e+27  2.38748e+27  -2.57555e+27  2.73229e+27  -2.85598e+27  2.94528e+27  -2.99924e+27  3.01729e+27  -2.99924e+27  2.94528e+27  -2.85598e+27  2.73229e+27  -2.57555e+27  2.38748e+27  -2.1702e+27  1.9262e+27  -1.65835e+27  1.36986e+27  -1.06425e+27  7.45307e+26  -4.17054e+26  8.36678e+25  2.50575e+26  
-2.365e+26  -7.89619e+25  3.93653e+26  -7.03496e+26  1.00452e+27  -1.2929e+27  1.56504e+27  -1.81763e+27  2.04764e+27  -2.25238e+27  2.42953e+27  -2.57711e+27  2.69354e+27  -2.77758e+27  2.82835e+27  -2.84533e+27  2.82835e+27  -2.77758e+27  2.69354e+27  -2.57711e+27  2.42953e+27  -2.25238e+27  2.04764e+27  -1.81763e+27  1.56504e+27  -1.2929e+27  1.00452e+27  -7.03496e+26  3.93653e+26  -7.89619e+25  -2.365e+26  
2.2002e+26  7.34539e+25  -3.66243e+26  6.54521e+26  -9.34558e+26  1.20279e+27  -1.45585e+27  1.69065e+27  -1.90438e+27  2.09457e+27  -2.25907e+27  2.39607e+27  -2.50411e+27  2.58208e+27  -2.62918e+27  2.64493e+27  -2.62918e+27  2.58208e+27  -2.50411e+27  2.39607e+27  -2.25907e+27  2.09457e+27  -1.90438e+27  1.69065e+27  -1.45585e+27  1.20279e+27  -9.34558e+26  6.54521e+26  -3.66243e+26  7.34539e+25  2.2002e+26  
-2.0133e+26  -6.72099e+25  3.35152e+26  -5.98965e+26  8.55213e+26  -1.10061e+27  1.33208e+27  -1.54678e+27  1.74216e+27  -1.91595e+27  2.06622e+27  -2.19133e+27  2.28997e+27  -2.36114e+27  2.40412e+27  -2.4185e+27  2.40412e+27  -2.36114e+27  2.28997e+27  -2.19133e+27  2.06622e+27  -1.91595e+27  1.74216e+27  -1.54678e+27  1.33208e+27  -1.10061e+27  8.55213e+26  -5.98965e+26  3.35152e+26  -6.72099e+25  -2.0133e+26  
1.80646e+26  6.03009e+25  -3.00734e+26  5.37462e+26  -7.67381e+26  9.87531e+26  -1.19514e+27  1.38766e+27  -1.5628e+27  1.71855e+27  -1.85317e+27  1.96523e+27  -2.05356e+27  2.11727e+27  -2.15575e+27  2.16861e+27  -2.15575e+27  2.11727e+27  -2.05356e+27  1.96523e+27  -1.85317e+27  1.71855e+27  -1.5628e+27  1.38766e+27  -1.19514e+27  9.87531e+26  -7.67381e+26  5.37462e+26  -3.00734e+26  6.03009e+25  1.80646e+26  
-1.58191e+26  -5.28024e+25  2.63364e+26  -4.70681e+26  6.72021e+26  -8.64779e+26  1.04652e+27  -1.21502e+27  1.36826e+27  -1.5045e+27  1.62224e+27  -1.72021e+27  1.79742e+27  -1.85311e+27  1.88673e+27  -1.89797e+27  1.88673e+27  -1.85311e+27  1.79742e+27  -1.72021e+27  1.62224e+27  -1.5045e+27  1.36826e+27  -1.21502e+27  1.04652e+27  -8.64779e+26  6.72021e+26  -4.70681e+26  2.63364e+26  -5.28024e+25  -1.58191e+26  
1.34203e+26  4.47931e+25  -2.23436e+26  3.99326e+26  -5.70134e+26  7.33643e+26  -8.87782e+26  1.03066e+27  -1.16058e+27  1.27605e+27  -1.37582e+27  1.45882e+27  -1.52422e+27  1.57139e+27  -1.59986e+27  1.60938e+27  -1.59986e+27  1.57139e+27  -1.52422e+27  1.45882e+27  -1.37582e+27  1.27605e+27  -1.16058e+27  1.03066e+27  -8.87782e+26  7.33643e+26  -5.70134e+26  3.99326e+26  -2.23436e+26  4.47931e+25  1.34203e+26  
-1.08925e+26  -3.63546e+25  1.81356e+26  -3.24124e+26  4.62759e+26  -5.95458e+26  7.20535e+26  -8.36454e+26  9.41841e+26  -1.03549e+27  1.11639e+27  -1.18369e+27  1.2367e+27  -1.27493e+27  1.29801e+27  -1.30572e+27  1.29801e+27  -1.27493e+27  1.2367e+27  -1.18369e+27  1.11639e+27  -1.03549e+27  9.41841e+26  -8.36454e+26  7.20535e+26  -5.95458e+26  4.62759e+26  -3.24124e+26  1.81356e+26  -3.63546e+25  -1.08925e+26  
8.26082e+25  2.75703e+25  -1.37544e+26  2.45823e+26  -3.50964e+26  4.51594e+26  -5.46436e+26  6.34322e+26  -7.14211e+26  7.85196e+26  -8.46504e+26  8.97495e+26  -9.37663e+26  9.66622e+26  -9.84103e+26  9.89948e+26  -9.84103e+26  9.66622e+26  -9.37663e+26  8.97495e+26  -8.46504e+26  7.85196e+26  -7.14211e+26  6.34322e+26  -5.46436e+26  4.51594e+26  -3.50964e+26  2.45823e+26  -1.37544e+26  2.75703e+25  8.26082e+25  
-5.55088e+25  -1.85255e+25  9.24244e+25  -1.65185e+26  2.35835e+26  -3.0345e+26  3.67171e+26  -4.26214e+26  4.79879e+26  -5.27557e+26  5.68731e+26  -6.02973e+26  6.29945e+26  -6.49389e+26  6.61125e+26  -6.65049e+26  6.61125e+26  -6.49389e+26  6.29945e+26  -6.02973e+26  5.68731e+26  -5.27557e+26  4.79879e+26  -4.26214e+26  3.67171e+26  -3.0345e+26  2.35835e+26  -1.65185e+26  9.24244e+25  -1.85255e+25  -5.55088e+25  
2.78856e+25  9.3064e+24  -4.64312e+25  8.29842e+25  -1.18476e+26  1.52443e+26  -1.84451e+26  2.14108e+26  -2.41062e+26  2.65008e+26  -2.85686e+26  3.02881e+26  -3.16425e+26  3.26189e+26  -3.32082e+26  3.34052e+26  -3.32082e+26  3.26189e+26  -3.16425e+26  3.02881e+26  -2.85686e+26  2.65008e+26  -2.41062e+26  2.14108e+26  -1.84451e+26  1.52443e+26  -1.18476e+26  8.29842e+25  -4.64312e+25  9.3064e+24  2.78856e+25  
0  0  0  0  0  0  0  0  0  0  0  0  0  0  0  0  0  0  0  0  0  0  0  0  0  0  0  0  0  0  0  
