1  1  1  1  1  1  1  1  1  1  1  1  1  1  1  1  1  1  1  1  1  1  1  1  1  1  1  1  1  1  1  
-1.90966e+37  -6.38374e+36  3.17547e+37  -5.67429e+37  8.10741e+37  -1.04474e+38  1.26671e+38  -1.47399e+38  1.66401e+38  -1.83432e+38  1.98267e+38  -2.10704e+38  2.20567e+38  -2.27717e+38  2.3205e+38  -2.33501e+38  2.3205e+38  -2.27717e+38  2.20567e+38  -2.10704e+38  1.98267e+38  -1.83432e+38  1.66401e+38  -1.47399e+38  1.26671e+38  -1.04474e+38  8.10741e+37  -5.67429e+37  3.17547e+37  -6.38374e+36  -1.90966e+37  
3.79552e+37  1.26878e+37  -6.31144e+37  1.1278e+38  -1.61138e+38  2.07644e+38  -2.51756e+38  2.92945e+38  -3.30701e+38  3.64539e+38  -3.94011e+38  4.18716e+38  -4.38309e+38  4.52511e+38  -4.61116e+38  4.63998e+38  -4.61116e+38  4.52511e+38  -4.38309e+38  4.18716e+38  -3.94011e+38  3.64539e+38  -3.30701e+38  2.92945e+38  -2.51756e+38  2.07644e+38  -1.61138e+38  1.1278e+38  -6.31144e+37  1.26878e+37  3.79552e+37  
-5.63419e+37  -1.88337e+37  9.36907e+37  -1.67417e+38  2.39199e+38  -3.08226e+38  3.73693e+38  -4.34816e+38  4.90835e+38  -5.41035e+38  5.84752e+38  -6.21394e+38  6.5045e+38  -6.7151e+38  6.84269e+38  -6.88543e+38  6.84269e+38  -6.7151e+38  6.5045e+38  -6.21394e+38  5.84752e+38  -5.41035e+38  4.90835e+38  -4.34816e+38  3.73693e+38  -3.08226e+38  2.39199e+38  -1.67417e+38  9.36907e+37  -1.88337e+37  -5.63419e+37  
7.40304e+37  2.47458e+37  -1.23108e+38  2.19983e+38  -3.14297e+38  4.04981e+38  -4.90976e+38  5.7125e+38  -6.4481e+38  7.10715e+38  -7.68099e+38  8.16187e+38  -8.54315e+38  8.81946e+38  -8.98686e+38  9.04293e+38  -8.98686e+38  8.81946e+38  -8.54315e+38  8.16187e+38  -7.68099e+38  7.10715e+38  -6.4481e+38  5.7125e+38  -4.90976e+38  4.04981e+38  -3.14297e+38  2.19983e+38  -1.23108e+38  2.47458e+37  7.40304e+37  
-9.08056e+37  -3.03521e+37  1.51009e+38  -2.69839e+38  3.85519e+38  -4.9673e+38  6.02173e+38  -7.00581e+38  7.90735e+38  -8.71489e+38  9.41786e+38  -1.00068e+39  1.04737e+39  -1.0812e+39  1.1017e+39  -1.10856e+39  1.1017e+39  -1.0812e+39  1.04737e+39  -1.00068e+39  9.41786e+38  -8.71489e+38  7.90735e+38  -7.00581e+38  6.02173e+38  -4.9673e+38  3.85519e+38  -2.69839e+38  1.51009e+38  -3.03521e+37  -9.08056e+37  
1.06467e+38  3.55854e+37  -1.7706e+38  3.16392e+38  -4.52015e+38  5.82378e+38  -7.05953e+38  8.21253e+38  -9.26855e+38  1.02142e+39  -1.10372e+39  1.17265e+39  -1.22728e+39  1.26686e+39  -1.29084e+39  1.29886e+39  -1.29084e+39  1.26686e+39  -1.22728e+39  1.17265e+39  -1.10372e+39  1.02142e+39  -9.26855e+38  8.21253e+38  -7.05953e+38  5.82378e+38  -4.52015e+38  3.16392e+38  -1.7706e+38  3.55854e+37  1.06467e+38  
-1.20833e+38  -4.03848e+37  2.00959e+38  -3.59097e+38  5.1301e+38  -6.60925e+38  8.01103e+38  -9.31857e+38  1.05157e+39  -1.15874e+39  1.25198e+39  -1.33006e+39  1.39192e+39  -1.43673e+39  1.46387e+39  -1.47296e+39  1.46387e+39  -1.43673e+39  1.39192e+39  -1.33006e+39  1.25198e+39  -1.15874e+39  1.05157e+39  -9.31857e+38  8.01103e+38  -6.60925e+38  5.1301e+38  -3.59097e+38  2.00959e+38  -4.03848e+37  -1.20833e+38  
1.33739e+38  4.46956e+37  -2.22435e+38  3.97473e+38  -5.67813e+38  7.31481e+38  -8.86545e+38  1.03114e+39  -1.16348e+39  1.28191e+39  -1.3849e+39  1.47112e+39  -1.53942e+39  1.58888e+39  -1.61883e+39  1.62886e+39  -1.61883e+39  1.58888e+39  -1.53942e+39  1.47112e+39  -1.3849e+39  1.28191e+39  -1.16348e+39  1.03114e+39  -8.86545e+38  7.31481e+38  -5.67813e+38  3.97473e+38  -2.22435e+38  4.46956e+37  1.33739e+38  
-1.45045e+38  -4.8471e+37  2.41252e+38  -4.31099e+38  6.15826e+38  -7.93277e+38  9.6135e+38  -1.11802e+39  1.26136e+39  -1.38958e+39  1.50104e+39  -1.59432e+39  1.66819e+39  -1.72167e+39  1.75405e+39  -1.76489e+39  1.75405e+39  -1.72167e+39  1.66819e+39  -1.59432e+39  1.50104e+39  -1.38958e+39  1.26136e+39  -1.11802e+39  9.6135e+38  -7.93277e+38  6.15826e+38  -4.31099e+38  2.41252e+38  -4.8471e+37  -1.45045e+38  
1.54635e+38  5.16719e+37  -2.57217e+38  4.59628e+38  -6.56552e+38  8.45675e+38  -1.02475e+39  1.1916e+39  -1.3442e+39  1.48065e+39  -1.59922e+39  1.6984e+39  -1.77692e+39  1.83376e+39  -1.86816e+39  1.87968e+39  -1.86816e+39  1.83376e+39  -1.77692e+39  1.6984e+39  -1.59922e+39  1.48065e+39  -1.3442e+39  1.1916e+39  -1.02475e+39  8.45675e+38  -6.56552e+38  4.59628e+38  -2.57217e+38  5.16719e+37  1.54635e+38  
-1.62414e+38  -5.42673e+37  2.70173e+38  -4.82783e+38  6.89598e+38  -8.88171e+38  1.07613e+39  -1.25119e+39  1.41123e+39  -1.55427e+39  1.67851e+39  -1.7824e+39  1.86461e+39  -1.92411e+39  1.96011e+39  -1.97216e+39  1.96011e+39  -1.92411e+39  1.86461e+39  -1.7824e+39  1.67851e+39  -1.55427e+39  1.41123e+39  -1.25119e+39  1.07613e+39  -8.88171e+38  6.89598e+38  -4.82783e+38  2.70173e+38  -5.42673e+37  -1.62414e+38  
1.68316e+38  5.62347e+37  -2.80008e+38  5.0036e+38  -7.14675e+38  9.20395e+38  -1.11505e+39  1.29628e+39  -1.46188e+39  1.60982e+39  -1.73826e+39  1.84562e+39  -1.93055e+39  1.99199e+39  -2.02917e+39  2.04161e+39  -2.02917e+39  1.99199e+39  -1.93055e+39  1.84562e+39  -1.73826e+39  1.60982e+39  -1.46188e+39  1.29628e+39  -1.11505e+39  9.20395e+38  -7.14675e+38  5.0036e+38  -2.80008e+38  5.62347e+37  1.68316e+38  
-1.72296e+38  -5.75598e+37  2.8665e+38  -5.12232e+38  7.31599e+38  -9.42114e+38  1.14124e+39  -1.32655e+39  1.4958e+39  -1.64694e+39  1.77809e+39  -1.88768e+39  1.97433e+39  -2.037e+39  2.07491e+39  -2.0876e+39  2.07491e+39  -2.037e+39  1.97433e+39  -1.88768e+39  1.77809e+39  -1.64694e+39  1.4958e+39  -1.32655e+39  1.14124e+39  -9.42114e+38  7.31599e+38  -5.12232e+38  2.8665e+38  -5.75598e+37  -1.72296e+38  
1.74337e+38  5.82367e+37  -2.90065e+38  5.18339e+38  -7.40291e+38  9.5323e+38  -1.15457e+39  1.34188e+39  -1.51287e+39  1.66548e+39  -1.79787e+39  1.90842e+39  -1.99582e+39  2.059e+39  -2.09722e+39  2.11001e+39  -2.09722e+39  2.059e+39  -1.99582e+39  1.90842e+39  -1.79787e+39  1.66548e+39  -1.51287e+39  1.34188e+39  -1.15457e+39  9.5323e+38  -7.40291e+38  5.18339e+38  -2.90065e+38  5.82367e+37  1.74337e+38  
-1.74443e+38  -5.8267e+37  2.90262e+38  -5.18695e+38  7.40769e+38  -9.53768e+38  1.1551e+39  -1.34231e+39  1.51315e+39  -1.66554e+39  1.79768e+39  -1.90799e+39  1.99515e+39  -2.05815e+39  2.09625e+39  -2.109e+39  2.09625e+39  -2.05815e+39  1.99515e+39  -1.90799e+39  1.79768e+39  -1.66554e+39  1.51315e+39  -1.34231e+39  1.1551e+39  -9.53768e+38  7.40769e+38  -5.18695e+38  2.90262e+38  -5.8267e+37  -1.74443e+38  
1.72641e+38  5.76599e+37  -2.87283e+38  5.13377e+38  -7.33144e+38  9.43879e+38  -1.143e+39  1.32808e+39  -1.4969e+39  1.64742e+39  -1.77788e+39  1.88673e+39  -1.97272e+39  2.03485e+39  -2.07241e+39  2.08498e+39  -2.07241e+39  2.03485e+39  -1.97272e+39  1.88673e+39  -1.77788e+39  1.64742e+39  -1.4969e+39  1.32808e+39  -1.143e+39  9.43879e+38  -7.33144e+38  5.13377e+38  -2.87283e+38  5.76599e+37  1.72641e+38  
-1.68977e+38  -5.64315e+37  2.81206e+38  -5.02524e+38  7.17618e+38  -9.2382e+38  1.11859e+39  -1.29956e+39  1.46455e+39  -1.6116e+39  1.73899e+39  -1.84524e+39  1.92914e+39  -1.98975e+39  2.02638e+39  -2.03864e+39  2.02638e+39  -1.98975e+39  1.92914e+39  -1.84524e+39  1.73899e+39  -1.6116e+39  1.46455e+39  -1.29956e+39  1.11859e+39  -9.2382e+38  7.17618e+38  -5.02524e+38  2.81206e+38  -5.64315e+37  -1.68977e+38  
1.63519e+38  5.46041e+37  -2.72142e+38  4.86331e+38  -6.9447e+38  8.93957e+38  -1.08233e+39  1.25728e+39  -1.41672e+39  1.55876e+39  -1.68175e+39  1.78429e+39  -1.86524e+39  1.9237e+39  -1.95903e+39  1.97084e+39  -1.95903e+39  1.9237e+39  -1.86524e+39  1.78429e+39  -1.68175e+39  1.55876e+39  -1.41672e+39  1.25728e+39  -1.08233e+39  8.93957e+38  -6.9447e+38  4.86331e+38  -2.72142e+38  5.46041e+37  1.63519e+38  
-1.5635e+38  -5.22057e+37  2.60227e+38  -4.65045e+38  6.64052e+38  -8.54744e+38  1.03475e+39  -1.20188e+39  1.35413e+39  -1.4897e+39  1.60705e+39  -1.70485e+39  1.78203e+39  -1.83775e+39  1.87142e+39  -1.88268e+39  1.87142e+39  -1.83775e+39  1.78203e+39  -1.70485e+39  1.60705e+39  -1.4897e+39  1.35413e+39  -1.20188e+39  1.03475e+39  -8.54744e+38  6.64052e+38  -4.65045e+38  2.60227e+38  -5.22057e+37  -1.5635e+38  
1.47568e+38  4.92694e+37  -2.45625e+38  4.38957e+38  -6.26782e+38  8.06721e+38  -9.76531e+38  1.13414e+39  -1.27765e+39  1.4054e+39  -1.51594e+39  1.60803e+39  -1.68067e+39  1.73311e+39  -1.76479e+39  1.77538e+39  -1.76479e+39  1.73311e+39  -1.68067e+39  1.60803e+39  -1.51594e+39  1.4054e+39  -1.27765e+39  1.13414e+39  -9.76531e+38  8.06721e+38  -6.26782e+38  4.38957e+38  -2.45625e+38  4.92694e+37  1.47568e+38  
-1.37284e+38  -4.58326e+37  2.28522e+38  -4.08397e+38  5.83131e+38  -7.50496e+38  9.08398e+38  -1.0549e+39  1.18827e+39  -1.30694e+39  1.40958e+39  -1.49506e+39  1.56248e+39  -1.61113e+39  1.64051e+39  -1.65034e+39  1.64051e+39  -1.61113e+39  1.56248e+39  -1.49506e+39  1.40958e+39  -1.30694e+39  1.18827e+39  -1.0549e+39  9.08398e+38  -7.50496e+38  5.83131e+38  -4.08397e+38  2.28522e+38  -4.58326e+37  -1.37284e+38  
1.25623e+38  4.19365e+37  -2.09123e+38  3.73733e+38  -5.33622e+38  6.86742e+38  -8.31169e+38  9.65135e+38  -1.08704e+39  1.19548e+39  -1.28925e+39  1.36731e+39  -1.42886e+39  1.47327e+39  -1.50009e+39  1.50906e+39  -1.50009e+39  1.47327e+39  -1.42886e+39  1.36731e+39  -1.28925e+39  1.19548e+39  -1.08704e+39  9.65135e+38  -8.31169e+38  6.86742e+38  -5.33622e+38  3.73733e+38  -2.09123e+38  4.19365e+37  1.25623e+38  
-1.12717e+38  -3.76256e+37  1.87647e+38  -3.35357e+38  4.78818e+38  -6.16184e+38  7.45724e+38  -8.6585e+38  9.75131e+38  -1.07231e+39  1.15631e+39  -1.22623e+39  1.28135e+39  -1.3211e+39  1.34511e+39  -1.35314e+39  1.34511e+39  -1.3211e+39  1.28135e+39  -1.22623e+39  1.15631e+39  -1.07231e+39  9.75131e+38  -8.6585e+38  7.45724e+38  -6.16184e+38  4.78818e+38  -3.35357e+38  1.87647e+38  -3.76256e+37  -1.12717e+38  
9.87057e+37  3.29468e+37  -1.6433e+38  2.93688e+38  -4.19317e+38  5.39591e+38  -6.52992e+38  7.58126e+38  -8.53747e+38  9.38756e+38  -1.01222e+39  1.07335e+39  -1.12153e+39  1.15627e+39  -1.17725e+39  1.18427e+39  -1.17725e+39  1.15627e+39  -1.12153e+39  1.07335e+39  -1.01222e+39  9.38756e+38  -8.53747e+38  7.58126e+38  -6.52992e+38  5.39591e+38  -4.19317e+38  2.93688e+38  -1.6433e+38  3.29468e+37  9.87057e+37  
-8.37377e+37  -2.79493e+37  1.39416e+38  -2.49165e+38  3.55743e+38  -4.57767e+38  5.53944e+38  -6.43094e+38  7.24158e+38  -7.9621e+38  8.5846e+38  -9.10252e+38  9.51061e+38  -9.80488e+38  9.98254e+38  -1.00419e+39  9.98254e+38  -9.80488e+38  9.51061e+38  -9.10252e+38  8.5846e+38  -7.9621e+38  7.24158e+38  -6.43094e+38  5.53944e+38  -4.57767e+38  3.55743e+38  -2.49165e+38  1.39416e+38  -2.79493e+37  -8.37377e+37  
6.79652e+37  2.2684e+37  -1.1316e+38  2.02242e+38  -2.88745e+38  3.71544e+38  -4.49588e+38  5.21918e+38  -5.87675e+38  6.46112e+38  -6.96589e+38  7.38579e+38  -7.71659e+38  7.95511e+38  -8.09909e+38  8.14724e+38  -8.09909e+38  7.95511e+38  -7.71659e+38  7.38579e+38  -6.96589e+38  6.46112e+38  -5.87675e+38  5.21918e+38  -4.49588e+38  3.71544e+38  -2.88745e+38  2.02242e+38  -1.1316e+38  2.2684e+37  6.79652e+37  
-5.15446e+37  -1.72029e+37  8.58222e+37  -1.53384e+38  2.18989e+38  -2.81779e+38  3.40956e+38  -3.95794e+38  4.45642e+38  -4.89934e+38  5.28188e+38  -5.60005e+38  5.85068e+38  -6.03138e+38  6.14045e+38  -6.17692e+38  6.14045e+38  -6.03138e+38  5.85068e+38  -5.60005e+38  5.28188e+38  -4.89934e+38  4.45642e+38  -3.95794e+38  3.40956e+38  -2.81779e+38  2.18989e+38  -1.53384e+38  8.58222e+37  -1.72029e+37  -5.15446e+37  
3.46355e+37  1.15592e+37  -5.76695e+37  1.0307e+38  -1.47153e+38  1.89342e+38  -2.29102e+38  2.65942e+38  -2.99427e+38  3.29176e+38  -3.54868e+38  3.76234e+38  -3.93063e+38  4.05195e+38  -4.12519e+38  4.14967e+38  -4.12519e+38  4.05195e+38  -3.93063e+38  3.76234e+38  -3.54868e+38  3.29176e+38  -2.99427e+38  2.65942e+38  -2.29102e+38  1.89342e+38  -1.47153e+38  1.0307e+38  -5.76695e+37  1.15592e+37  3.46355e+37  
-1.73996e+37  -5.80686e+36  2.89714e+37  -5.17791e+37  7.39249e+37  -9.51188e+37  1.15091e+38  -1.33596e+38  1.50414e+38  -1.65355e+38  1.78258e+38  -1.88987e+38  1.97438e+38  -2.0353e+38  2.07207e+38  -2.08436e+38  2.07207e+38  -2.0353e+38  1.97438e+38  -1.88987e+38  1.78258e+38  -1.65355e+38  1.50414e+38  -1.33596e+38  1.15091e+38  -9.51188e+37  7.39249e+37  -5.17791e+37  2.89714e+37  -5.80686e+36  -1.73996e+37  
0  0  0  0  0  0  0  0  0  0  0  0  0  0  0  0  0  0  0  0  0  0  0  0  0  0  0  0  0  0  0  
