1  1  1  1  1  1  1  1  1  1  1  1  1  1  1  1  1  1  1  1  1  1  1  1  1  1  1  1  1  1  1  
-2.26151e+39  -7.55996e+38  3.76056e+39  -6.71979e+39  9.60122e+39  -1.23724e+40  1.50011e+40  -1.74558e+40  1.97061e+40  -2.1723e+40  2.34799e+40  -2.49526e+40  2.61208e+40  -2.69675e+40  2.74805e+40  -2.76524e+40  2.74805e+40  -2.69675e+40  2.61208e+40  -2.49526e+40  2.34799e+40  -2.1723e+40  1.97061e+40  -1.74558e+40  1.50011e+40  -1.23724e+40  9.60122e+39  -6.71979e+39  3.76056e+39  -7.55996e+38  -2.26151e+39  
4.49485e+39  1.50255e+39  -7.47434e+39  1.3356e+40  -1.90828e+40  2.45902e+40  -2.98142e+40  3.46921e+40  -3.91634e+40  4.31706e+40  -4.66609e+40  4.95866e+40  -5.19069e+40  5.35887e+40  -5.46078e+40  5.49491e+40  -5.46078e+40  5.35887e+40  -5.19069e+40  4.95866e+40  -4.66609e+40  4.31706e+40  -3.91634e+40  3.46921e+40  -2.98142e+40  2.45902e+40  -1.90828e+40  1.3356e+40  -7.47434e+39  1.50255e+39  4.49485e+39  
-6.6723e+39  -2.23039e+39  1.10953e+40  -1.98264e+40  2.83273e+40  -3.65017e+40  4.42547e+40  -5.14931e+40  5.81273e+40  -6.40722e+40  6.92494e+40  -7.35887e+40  7.70297e+40  -7.95237e+40  8.10347e+40  -8.15409e+40  8.10347e+40  -7.95237e+40  7.70297e+40  -7.35887e+40  6.92494e+40  -6.40722e+40  5.81273e+40  -5.14931e+40  4.42547e+40  -3.65017e+40  2.83273e+40  -1.98264e+40  1.10953e+40  -2.23039e+39  -6.6723e+39  
8.76706e+39  2.93053e+39  -1.45791e+40  2.60515e+40  -3.72207e+40  4.79599e+40  -5.81439e+40  6.76505e+40  -7.63618e+40  8.41666e+40  -9.09623e+40  9.66571e+40  -1.01172e+41  1.04445e+41  -1.06427e+41  1.07091e+41  -1.06427e+41  1.04445e+41  -1.01172e+41  9.66571e+40  -9.09623e+40  8.41666e+40  -7.63618e+40  6.76505e+40  -5.81439e+40  4.79599e+40  -3.72207e+40  2.60515e+40  -1.45791e+40  2.93053e+39  8.76706e+39  
-1.07537e+40  -3.59445e+39  1.78832e+40  -3.19558e+40  4.56552e+40  -5.88254e+40  7.13125e+40  -8.29664e+40  9.3643e+40  -1.03206e+41  1.11531e+41  -1.18506e+41  1.24035e+41  -1.28042e+41  1.30469e+41  -1.31282e+41  1.30469e+41  -1.28042e+41  1.24035e+41  -1.18506e+41  1.11531e+41  -1.03206e+41  9.3643e+40  -8.29664e+40  7.13125e+40  -5.88254e+40  4.56552e+40  -3.19558e+40  1.78832e+40  -3.59445e+39  -1.07537e+40  
1.26084e+40  4.21422e+39  -2.09684e+40  3.74688e+40  -5.353e+40  6.89683e+40  -8.36027e+40  9.72572e+40  -1.09763e+41  1.20962e+41  -1.30708e+41  1.38871e+41  -1.45341e+41  1.50028e+41  -1.52868e+41  1.53818e+41  -1.52868e+41  1.50028e+41  -1.45341e+41  1.38871e+41  -1.30708e+41  1.20962e+41  -1.09763e+41  9.72572e+40  -8.36027e+40  6.89683e+40  -5.353e+40  3.74688e+40  -2.09684e+40  4.21422e+39  1.26084e+40  
-1.43096e+40  -4.78258e+39  2.37986e+40  -4.25262e+40  6.07533e+40  -7.82702e+40  9.48708e+40  -1.10355e+41  1.24533e+41  -1.37225e+41  1.48266e+41  -1.57512e+41  1.64839e+41  -1.70145e+41  1.73359e+41  -1.74435e+41  1.73359e+41  -1.70145e+41  1.64839e+41  -1.57512e+41  1.48266e+41  -1.37225e+41  1.24533e+41  -1.10355e+41  9.48708e+40  -7.82702e+40  6.07533e+40  -4.25262e+40  2.37986e+40  -4.78258e+39  -1.43096e+40  
1.58381e+40  5.29309e+39  -2.63419e+40  4.70708e+40  -6.72433e+40  8.66258e+40  -1.04989e+41  1.22113e+41  -1.37785e+41  1.5181e+41  -1.64008e+41  1.74218e+41  -1.82306e+41  1.88164e+41  -1.9171e+41  1.92898e+41  -1.9171e+41  1.88164e+41  -1.82306e+41  1.74218e+41  -1.64008e+41  1.5181e+41  -1.37785e+41  1.22113e+41  -1.04989e+41  8.66258e+40  -6.72433e+40  4.70708e+40  -2.63419e+40  5.29309e+39  1.58381e+40  
-1.7177e+40  -5.74019e+39  2.85703e+40  -5.1053e+40  7.29293e+40  -9.3944e+40  1.13848e+41  -1.32402e+41  1.49377e+41  -1.64561e+41  1.77762e+41  -1.88808e+41  1.97556e+41  -2.03889e+41  2.07723e+41  -2.09007e+41  2.07723e+41  -2.03889e+41  1.97556e+41  -1.88808e+41  1.77762e+41  -1.64561e+41  1.49377e+41  -1.32402e+41  1.13848e+41  -9.3944e+40  7.29293e+40  -5.1053e+40  2.85703e+40  -5.74019e+39  -1.7177e+40  
1.83127e+40  6.11926e+39  -3.04609e+40  5.44316e+40  -7.77524e+40  1.00149e+41  -1.21356e+41  1.41116e+41  -1.59188e+41  1.75346e+41  -1.89388e+41  2.01134e+41  -2.10433e+41  2.17163e+41  -2.21237e+41  2.22601e+41  -2.21237e+41  2.17163e+41  -2.10433e+41  2.01134e+41  -1.89388e+41  1.75346e+41  -1.59188e+41  1.41116e+41  -1.21356e+41  1.00149e+41  -7.77524e+40  5.44316e+40  -3.04609e+40  6.11926e+39  1.83127e+40  
-1.92339e+40  -6.42662e+39  3.19953e+40  -5.71737e+40  8.16658e+40  -1.05182e+41  1.2744e+41  -1.48173e+41  1.67125e+41  -1.84064e+41  1.98778e+41  -2.11081e+41  2.20817e+41  -2.27863e+41  2.32126e+41  -2.33554e+41  2.32126e+41  -2.27863e+41  2.20817e+41  -2.11081e+41  1.98778e+41  -1.84064e+41  1.67125e+41  -1.48173e+41  1.2744e+41  -1.05182e+41  8.16658e+40  -5.71737e+40  3.19953e+40  -6.42662e+39  -1.92339e+40  
1.99328e+40  6.6596e+39  -3.31601e+40  5.92553e+40  -8.46356e+40  1.08998e+41  -1.3205e+41  1.53512e+41  -1.73124e+41  1.90643e+41  -2.05854e+41  2.18568e+41  -2.28626e+41  2.35902e+41  -2.40305e+41  2.41779e+41  -2.40305e+41  2.35902e+41  -2.28626e+41  2.18568e+41  -2.05854e+41  1.90643e+41  -1.73124e+41  1.53512e+41  -1.3205e+41  1.08998e+41  -8.46356e+40  5.92553e+40  -3.31601e+40  6.6596e+39  1.99328e+40  
-2.04042e+40  -6.81654e+39  3.39466e+40  -6.06612e+40  8.66398e+40  -1.1157e+41  1.35151e+41  -1.57097e+41  1.77141e+41  -1.95039e+41  2.10571e+41  -2.23548e+41  2.33811e+41  -2.41233e+41  2.45722e+41  -2.47225e+41  2.45722e+41  -2.41233e+41  2.33811e+41  -2.23548e+41  2.10571e+41  -1.95039e+41  1.77141e+41  -1.57097e+41  1.35151e+41  -1.1157e+41  8.66398e+40  -6.06612e+40  3.39466e+40  -6.81654e+39  -2.04042e+40  
2.06459e+40  6.8967e+39  -3.43511e+40  6.13844e+40  -8.76691e+40  1.12886e+41  -1.3673e+41  1.58912e+41  -1.79162e+41  1.97235e+41  -2.12913e+41  2.26005e+41  -2.36355e+41  2.43838e+41  -2.48364e+41  2.49879e+41  -2.48364e+41  2.43838e+41  -2.36355e+41  2.26005e+41  -2.12913e+41  1.97235e+41  -1.79162e+41  1.58912e+41  -1.3673e+41  1.12886e+41  -8.76691e+40  6.13844e+40  -3.43511e+40  6.8967e+39  2.06459e+40  
-2.06585e+40  -6.90029e+39  3.43743e+40  -6.14266e+40  8.77257e+40  -1.1295e+41  1.36793e+41  -1.58964e+41  1.79195e+41  -1.97243e+41  2.12891e+41  -2.25954e+41  2.36276e+41  -2.43737e+41  2.48249e+41  -2.49758e+41  2.48249e+41  -2.43737e+41  2.36276e+41  -2.25954e+41  2.12891e+41  -1.97243e+41  1.79195e+41  -1.58964e+41  1.36793e+41  -1.1295e+41  8.77257e+40  -6.14266e+40  3.43743e+40  -6.90029e+39  -2.06585e+40  
2.0445e+40  6.82839e+39  -3.40215e+40  6.07968e+40  -8.68228e+40  1.11779e+41  -1.3536e+41  1.57278e+41  -1.7727e+41  1.95096e+41  -2.10545e+41  2.23436e+41  -2.3362e+41  2.40977e+41  -2.45426e+41  2.46914e+41  -2.45426e+41  2.40977e+41  -2.3362e+41  2.23436e+41  -2.10545e+41  1.95096e+41  -1.7727e+41  1.57278e+41  -1.3536e+41  1.11779e+41  -8.68228e+40  6.07968e+40  -3.40215e+40  6.82839e+39  2.0445e+40  
-2.00112e+40  -6.68292e+39  3.33019e+40  -5.95115e+40  8.49841e+40  -1.09404e+41  1.3247e+41  -1.53901e+41  1.7344e+41  -1.90855e+41  2.0594e+41  -2.18523e+41  2.28459e+41  -2.35636e+41  2.39975e+41  -2.41426e+41  2.39975e+41  -2.35636e+41  2.28459e+41  -2.18523e+41  2.0594e+41  -1.90855e+41  1.7344e+41  -1.53901e+41  1.3247e+41  -1.09404e+41  8.49841e+40  -5.95115e+40  3.33019e+40  -6.68292e+39  -2.00112e+40  
1.93648e+40  6.46651e+39  -3.22284e+40  5.75939e+40  -8.22428e+40  1.05867e+41  -1.28175e+41  1.48894e+41  -1.67775e+41  1.84596e+41  -1.99162e+41  2.11305e+41  -2.20892e+41  2.27814e+41  -2.31998e+41  2.33398e+41  -2.31998e+41  2.27814e+41  -2.20892e+41  2.11305e+41  -1.99162e+41  1.84596e+41  -1.67775e+41  1.48894e+41  -1.28175e+41  1.05867e+41  -8.22428e+40  5.75939e+40  -3.22284e+40  6.46651e+39  1.93648e+40  
-1.85158e+40  -6.18248e+39  3.08174e+40  -5.5073e+40  7.86406e+40  -1.01223e+41  1.22541e+41  -1.42333e+41  1.60363e+41  -1.76419e+41  1.90315e+41  -2.01898e+41  2.11037e+41  -2.17636e+41  2.21623e+41  -2.22957e+41  2.21623e+41  -2.17636e+41  2.11037e+41  -2.01898e+41  1.90315e+41  -1.76419e+41  1.60363e+41  -1.42333e+41  1.22541e+41  -1.01223e+41  7.86406e+40  -5.5073e+40  3.08174e+40  -6.18248e+39  -1.85158e+40  
1.74757e+40  5.83474e+39  -2.90882e+40  5.19835e+40  -7.42268e+40  9.55361e+40  -1.15646e+41  1.3431e+41  -1.51306e+41  1.66435e+41  -1.79525e+41  1.90431e+41  -1.99034e+41  2.05244e+41  -2.08995e+41  2.1025e+41  -2.08995e+41  2.05244e+41  -1.99034e+41  1.90431e+41  -1.79525e+41  1.66435e+41  -1.51306e+41  1.3431e+41  -1.15646e+41  9.55361e+40  -7.42268e+40  5.19835e+40  -2.90882e+40  5.83474e+39  1.74757e+40  
-1.62579e+40  -5.42774e+39  2.70628e+40  -4.83646e+40  6.90574e+40  -8.88776e+40  1.07577e+41  -1.24927e+41  1.40721e+41  -1.54774e+41  1.66929e+41  -1.77053e+41  1.85037e+41  -1.90798e+41  1.94278e+41  -1.95442e+41  1.94278e+41  -1.90798e+41  1.85037e+41  -1.77053e+41  1.66929e+41  -1.54774e+41  1.40721e+41  -1.24927e+41  1.07577e+41  -8.88776e+40  6.90574e+40  -4.83646e+40  2.70628e+40  -5.42774e+39  -1.62579e+40  
1.48769e+40  4.96635e+39  -2.47654e+40  4.42594e+40  -6.31943e+40  8.13276e+40  -9.84315e+40  1.14296e+41  -1.28733e+41  1.41576e+41  -1.52679e+41  1.61924e+41  -1.69213e+41  1.74472e+41  -1.77648e+41  1.7871e+41  -1.77648e+41  1.74472e+41  -1.69213e+41  1.61924e+41  -1.52679e+41  1.41576e+41  -1.28733e+41  1.14296e+41  -9.84315e+40  8.13276e+40  -6.31943e+40  4.42594e+40  -2.47654e+40  4.96635e+39  1.48769e+40  
-1.33485e+40  -4.45582e+39  2.22222e+40  -3.97147e+40  5.67042e+40  -7.29718e+40  8.83126e+40  -1.02538e+41  1.1548e+41  -1.26989e+41  1.36937e+41  -1.45217e+41  1.51744e+41  -1.56452e+41  1.59295e+41  -1.60246e+41  1.59295e+41  -1.56452e+41  1.51744e+41  -1.45217e+41  1.36937e+41  -1.26989e+41  1.1548e+41  -1.02538e+41  8.83126e+40  -7.29718e+40  5.67042e+40  -3.97147e+40  2.22222e+40  -4.45582e+39  -1.33485e+40  
1.16892e+40  3.90173e+39  -1.94608e+40  3.47801e+40  -4.96577e+40  6.39012e+40  -7.73307e+40  8.97813e+40  -1.01105e+41  1.11172e+41  -1.19872e+41  1.27112e+41  -1.32817e+41  1.36932e+41  -1.39416e+41  1.40247e+41  -1.39416e+41  1.36932e+41  -1.32817e+41  1.27112e+41  -1.19872e+41  1.11172e+41  -1.01105e+41  8.97813e+40  -7.73307e+40  6.39012e+40  -4.96577e+40  3.47801e+40  -1.94608e+40  3.90173e+39  1.16892e+40  
-9.91666e+39  -3.3099e+39  1.65104e+40  -2.95074e+40  4.2129e+40  -5.42111e+40  6.5601e+40  -7.61585e+40  8.57586e+40  -9.42914e+40  1.01663e+41  -1.07797e+41  1.1263e+41  -1.16115e+41  1.18219e+41  -1.18922e+41  1.18219e+41  -1.16115e+41  1.1263e+41  -1.07797e+41  1.01663e+41  -9.42914e+40  8.57586e+40  -7.61585e+40  6.5601e+40  -5.42111e+40  4.2129e+40  -2.95074e+40  1.65104e+40  -3.3099e+39  -9.91666e+39  
8.04879e+39  2.68635e+39  -1.3401e+40  2.39505e+40  -3.41947e+40  4.40002e+40  -5.32426e+40  6.18082e+40  -6.95956e+40  7.65159e+40  -8.24937e+40  8.74664e+40  -9.13839e+40  9.42085e+40  -9.59137e+40  9.64838e+40  -9.59137e+40  9.42085e+40  -9.13839e+40  8.74664e+40  -8.24937e+40  7.65159e+40  -6.95956e+40  6.18082e+40  -5.32426e+40  4.40002e+40  -3.41947e+40  2.39505e+40  -1.3401e+40  2.68635e+39  8.04879e+39  
-6.10418e+39  -2.03726e+39  1.01635e+40  -1.81646e+40  2.59338e+40  -3.33697e+40  4.03778e+40  -4.6872e+40  5.27753e+40  -5.80206e+40  6.25508e+40  -6.63187e+40  6.92869e+40  -7.14267e+40  7.27184e+40  -7.31503e+40  7.27184e+40  -7.14267e+40  6.92869e+40  -6.63187e+40  6.25508e+40  -5.80206e+40  5.27753e+40  -4.6872e+40  4.03778e+40  -3.33697e+40  2.59338e+40  -1.81646e+40  1.01635e+40  -2.03726e+39  -6.10418e+39  
4.10172e+39  1.36891e+39  -6.82953e+39  1.2206e+40  -1.74266e+40  2.24229e+40  -2.71314e+40  3.14943e+40  -3.54597e+40  3.89828e+40  -4.20253e+40  4.45556e+40  -4.65486e+40  4.79854e+40  -4.88526e+40  4.91426e+40  -4.88526e+40  4.79854e+40  -4.65486e+40  4.45556e+40  -4.20253e+40  3.89828e+40  -3.54597e+40  3.14943e+40  -2.71314e+40  2.24229e+40  -1.74266e+40  1.2206e+40  -6.82953e+39  1.36891e+39  4.10172e+39  
-2.06055e+39  -6.87679e+38  3.43095e+39  -6.13196e+39  8.75457e+39  -1.12645e+40  1.36297e+40  -1.58211e+40  1.78128e+40  -1.95823e+40  2.11102e+40  -2.23809e+40  2.33816e+40  -2.41031e+40  2.45385e+40  -2.46841e+40  2.45385e+40  -2.41031e+40  2.33816e+40  -2.23809e+40  2.11102e+40  -1.95823e+40  1.78128e+40  -1.58211e+40  1.36297e+40  -1.12645e+40  8.75457e+39  -6.13196e+39  3.43095e+39  -6.87679e+38  -2.06055e+39  
0  0  0  0  0  0  0  0  0  0  0  0  0  0  0  0  0  0  0  0  0  0  0  0  0  0  0  0  0  0  0  
