1  1  1  1  1  1  1  1  1  1  1  1  1  1  1  1  1  1  1  1  1  1  1  1  1  1  1  1  1  1  1  
5.53625e+40  1.8507e+40  -9.20595e+40  1.64502e+41  -2.3504e+41  3.02879e+41  -3.67231e+41  4.27323e+41  -4.82411e+41  5.31786e+41  -5.74794e+41  6.10848e+41  -6.39443e+41  6.60172e+41  -6.72732e+41  6.76939e+41  -6.72732e+41  6.60172e+41  -6.39443e+41  6.10848e+41  -5.74794e+41  5.31786e+41  -4.82411e+41  4.27323e+41  -3.67231e+41  3.02879e+41  -2.3504e+41  1.64502e+41  -9.20595e+40  1.8507e+40  5.53625e+40  
-1.10035e+41  -3.6783e+40  1.82974e+41  -3.26959e+41  4.67153e+41  -6.01976e+41  7.29861e+41  -8.49273e+41  9.5873e+41  -1.05683e+42  1.14227e+42  -1.21389e+42  1.27069e+42  -1.31187e+42  1.33681e+42  -1.34517e+42  1.33681e+42  -1.31187e+42  1.27069e+42  -1.21389e+42  1.14227e+42  -1.05683e+42  9.5873e+41  -8.49273e+41  7.29861e+41  -6.01976e+41  4.67153e+41  -3.26959e+41  1.82974e+41  -3.6783e+40  -1.10035e+41  
1.6334e+41  5.46006e+40  -2.71617e+41  4.85357e+41  -6.93459e+41  8.93572e+41  -1.08337e+42  1.26057e+42  -1.42297e+42  1.56851e+42  -1.69525e+42  1.80147e+42  -1.88571e+42  1.94676e+42  -1.98375e+42  1.99614e+42  -1.98375e+42  1.94676e+42  -1.88571e+42  1.80147e+42  -1.69525e+42  1.56851e+42  -1.42297e+42  1.26057e+42  -1.08337e+42  8.93572e+41  -6.93459e+41  4.85357e+41  -2.71617e+41  5.46006e+40  1.6334e+41  
-2.1462e+41  -7.17403e+40  3.569e+41  -6.37749e+41  9.11174e+41  -1.17407e+42  1.42338e+42  -1.6561e+42  1.86936e+42  -2.06042e+42  2.22678e+42  -2.36619e+42  2.47673e+42  -2.55684e+42  2.60537e+42  -2.62162e+42  2.60537e+42  -2.55684e+42  2.47673e+42  -2.36619e+42  2.22678e+42  -2.06042e+42  1.86936e+42  -1.6561e+42  1.42338e+42  -1.17407e+42  9.11174e+41  -6.37749e+41  3.569e+41  -7.17403e+40  -2.1462e+41  
2.63253e+41  8.79933e+40  -4.37786e+41  7.82287e+41  -1.11765e+42  1.44006e+42  -1.74575e+42  2.03104e+42  -2.29241e+42  2.52652e+42  -2.73032e+42  2.90106e+42  -3.03642e+42  3.1345e+42  -3.19391e+42  3.21381e+42  -3.19391e+42  3.1345e+42  -3.03642e+42  2.90106e+42  -2.73032e+42  2.52652e+42  -2.29241e+42  2.03104e+42  -1.74575e+42  1.44006e+42  -1.11765e+42  7.82287e+41  -4.37786e+41  8.79933e+40  2.63253e+41  
-3.08658e+41  -1.03165e+41  5.13313e+41  -9.17246e+41  1.31043e+42  -1.68836e+42  2.04662e+42  -2.38088e+42  2.68703e+42  -2.96118e+42  3.19976e+42  -3.39961e+42  3.55799e+42  -3.67274e+42  3.74224e+42  -3.76552e+42  3.74224e+42  -3.67274e+42  3.55799e+42  -3.39961e+42  3.19976e+42  -2.96118e+42  2.68703e+42  -2.38088e+42  2.04662e+42  -1.68836e+42  1.31043e+42  -9.17246e+41  5.13313e+41  -1.03165e+41  -3.08658e+41  
3.50304e+41  1.17079e+41  -5.82598e+41  1.04105e+42  -1.48726e+42  1.91608e+42  -2.32246e+42  2.70153e+42  -3.0486e+42  3.3593e+42  -3.6296e+42  3.85595e+42  -4.03529e+42  4.1652e+42  -4.24388e+42  4.27022e+42  -4.24388e+42  4.1652e+42  -4.03529e+42  3.85595e+42  -3.6296e+42  3.3593e+42  -3.0486e+42  2.70153e+42  -2.32246e+42  1.91608e+42  -1.48726e+42  1.04105e+42  -5.82598e+41  1.17079e+41  3.50304e+41  
-3.87721e+41  -1.29576e+41  6.44856e+41  -1.15231e+42  1.64614e+42  -2.12062e+42  2.57017e+42  -2.98936e+42  3.37303e+42  -3.71636e+42  4.01495e+42  -4.26491e+42  4.46291e+42  -4.6063e+42  4.69312e+42  -4.72219e+42  4.69312e+42  -4.6063e+42  4.46291e+42  -4.26491e+42  4.01495e+42  -3.71636e+42  3.37303e+42  -2.98936e+42  2.57017e+42  -2.12062e+42  1.64614e+42  -1.15231e+42  6.44856e+41  -1.29576e+41  -3.87721e+41  
4.20499e+41  1.40522e+41  -6.9941e+41  1.24979e+42  -1.78533e+42  2.29978e+42  -2.78703e+42  3.24123e+42  -3.65678e+42  4.0285e+42  -4.35165e+42  4.62208e+42  -4.83622e+42  4.99126e+42  -5.08513e+42  5.11656e+42  -5.08513e+42  4.99126e+42  -4.83622e+42  4.62208e+42  -4.35165e+42  4.0285e+42  -3.65678e+42  3.24123e+42  -2.78703e+42  2.29978e+42  -1.78533e+42  1.24979e+42  -6.9941e+41  1.40522e+41  4.20499e+41  
-4.48299e+41  -1.49801e+41  7.45693e+41  -1.3325e+42  1.9034e+42  -2.45168e+42  2.97083e+42  -3.45456e+42  3.89696e+42  -4.29252e+42  4.63627e+42  -4.92381e+42  5.15145e+42  -5.31621e+42  5.41594e+42  -5.44934e+42  5.41594e+42  -5.31621e+42  5.15145e+42  -4.92381e+42  4.63627e+42  -4.29252e+42  3.89696e+42  -3.45456e+42  2.97083e+42  -2.45168e+42  1.9034e+42  -1.3325e+42  7.45693e+41  -1.49801e+41  -4.48299e+41  
4.70852e+41  1.57325e+41  -7.83255e+41  1.39963e+42  -1.9992e+42  2.57488e+42  -3.11978e+42  3.62731e+42  -4.09128e+42  4.50595e+42  -4.86614e+42  5.16732e+42  -5.40567e+42  5.57814e+42  -5.68252e+42  5.71746e+42  -5.68252e+42  5.57814e+42  -5.40567e+42  5.16732e+42  -4.86614e+42  4.50595e+42  -4.09128e+42  3.62731e+42  -3.11978e+42  2.57488e+42  -1.9992e+42  1.39963e+42  -7.83255e+41  1.57325e+41  4.70852e+41  
-4.87961e+41  -1.63029e+41  8.11768e+41  -1.45059e+42  2.0719e+42  -2.6683e+42  3.23262e+42  -3.75802e+42  4.23812e+42  -4.667e+42  5.03937e+42  -5.35062e+42  5.59684e+42  -5.77496e+42  5.88273e+42  -5.91881e+42  5.88273e+42  -5.77496e+42  5.59684e+42  -5.35062e+42  5.03937e+42  -4.667e+42  4.23812e+42  -3.75802e+42  3.23262e+42  -2.6683e+42  2.0719e+42  -1.45059e+42  8.11768e+41  -1.63029e+41  -4.87961e+41  
4.99502e+41  1.66871e+41  -8.31022e+41  1.485e+42  -2.12097e+42  2.73127e+42  -3.30854e+42  3.84578e+42  -4.33646e+42  4.7746e+42  -5.15485e+42  5.47253e+42  -5.72376e+42  5.90544e+42  -6.01535e+42  6.05214e+42  -6.01535e+42  5.90544e+42  -5.72376e+42  5.47253e+42  -5.15485e+42  4.7746e+42  -4.33646e+42  3.84578e+42  -3.30854e+42  2.73127e+42  -2.12097e+42  1.485e+42  -8.31022e+41  1.66871e+41  4.99502e+41  
-5.05419e+41  -1.68833e+41  8.40924e+41  -1.50271e+42  2.14617e+42  -2.76349e+42  3.3472e+42  -3.89021e+42  4.38594e+42  -4.82837e+42  5.21216e+42  -5.53267e+42  5.78604e+42  -5.96923e+42  6.08002e+42  -6.1171e+42  6.08002e+42  -5.96923e+42  5.78604e+42  -5.53267e+42  5.21216e+42  -4.82837e+42  4.38594e+42  -3.89021e+42  3.3472e+42  -2.76349e+42  2.14617e+42  -1.50271e+42  8.40924e+41  -1.68833e+41  -5.05419e+41  
5.05726e+41  1.68921e+41  -8.41493e+41  1.50374e+42  -2.14755e+42  2.76505e+42  -3.34873e+42  3.89148e+42  -4.38674e+42  4.82855e+42  -5.21163e+42  5.53141e+42  -5.78411e+42  5.96675e+42  -6.0772e+42  6.11415e+42  -6.0772e+42  5.96675e+42  -5.78411e+42  5.53141e+42  -5.21163e+42  4.82855e+42  -4.38674e+42  3.89148e+42  -3.34873e+42  2.76505e+42  -2.14755e+42  1.50374e+42  -8.41493e+41  1.68921e+41  5.05726e+41  
-5.005e+41  -1.67161e+41  8.32857e+41  -1.48832e+42  2.12545e+42  -2.73638e+42  3.31365e+42  -3.85022e+42  4.33963e+42  -4.77601e+42  5.15421e+42  -5.46979e+42  5.71907e+42  -5.8992e+42  6.0081e+42  -6.04454e+42  6.0081e+42  -5.8992e+42  5.71907e+42  -5.46979e+42  5.15421e+42  -4.77601e+42  4.33963e+42  -3.85022e+42  3.31365e+42  -2.73638e+42  2.12545e+42  -1.48832e+42  8.32857e+41  -1.67161e+41  -5.005e+41  
4.8988e+41  1.636e+41  -8.1524e+41  1.45686e+42  -2.08044e+42  2.67823e+42  -3.24289e+42  3.76754e+42  -4.24586e+42  4.67217e+42  -5.04148e+42  5.3495e+42  -5.59274e+42  5.76844e+42  -5.87465e+42  5.91018e+42  -5.87465e+42  5.76844e+42  -5.59274e+42  5.3495e+42  -5.04148e+42  4.67217e+42  -4.24586e+42  3.76754e+42  -3.24289e+42  2.67823e+42  -2.08044e+42  1.45686e+42  -8.1524e+41  1.636e+41  4.8988e+41  
-4.74056e+41  -1.58302e+41  7.88961e+41  -1.40991e+42  2.01333e+42  -2.59166e+42  3.13775e+42  -3.64496e+42  4.10718e+42  -4.51897e+42  4.87553e+42  -5.17282e+42  5.40749e+42  -5.57696e+42  5.67938e+42  -5.71364e+42  5.67938e+42  -5.57696e+42  5.40749e+42  -5.17282e+42  4.87553e+42  -4.51897e+42  4.10718e+42  -3.64496e+42  3.13775e+42  -2.59166e+42  2.01333e+42  -1.40991e+42  7.88961e+41  -1.58302e+41  -4.74056e+41  
4.53272e+41  1.51349e+41  -7.5442e+41  1.3482e+42  -1.92514e+42  2.47798e+42  -2.99984e+42  3.48436e+42  -3.92573e+42  4.31878e+42  -4.65898e+42  4.94251e+42  -5.16625e+42  5.32779e+42  -5.42539e+42  5.45804e+42  -5.42539e+42  5.32779e+42  -5.16625e+42  4.94251e+42  -4.65898e+42  4.31878e+42  -3.92573e+42  3.48436e+42  -2.99984e+42  2.47798e+42  -1.92514e+42  1.3482e+42  -7.5442e+41  1.51349e+41  4.53272e+41  
-4.27811e+41  -1.42836e+41  7.12089e+41  -1.27257e+42  1.81709e+42  -2.33875e+42  2.83104e+42  -3.28796e+42  3.70402e+42  -4.07438e+42  4.39483e+42  -4.6618e+42  4.87241e+42  -5.02443e+42  5.11627e+42  -5.14698e+42  5.11627e+42  -5.02443e+42  4.87241e+42  -4.6618e+42  4.39483e+42  -4.07438e+42  3.70402e+42  -3.28796e+42  2.83104e+42  -2.33875e+42  1.81709e+42  -1.27257e+42  7.12089e+41  -1.42836e+41  -4.27811e+41  
3.97999e+41  1.32873e+41  -6.62506e+41  1.18398e+42  -1.69055e+42  2.17575e+42  -2.63352e+42  3.05826e+42  -3.44489e+42  3.78892e+42  -4.08648e+42  4.3343e+42  -4.52975e+42  4.67079e+42  -4.75598e+42  4.78447e+42  -4.75598e+42  4.67079e+42  -4.52975e+42  4.3343e+42  -4.08648e+42  3.78892e+42  -3.44489e+42  3.05826e+42  -2.63352e+42  2.17575e+42  -1.69055e+42  1.18398e+42  -6.62506e+41  1.32873e+41  3.97999e+41  
-3.64192e+41  -1.21578e+41  6.06265e+41  -1.08348e+42  1.54702e+42  -1.99092e+42  2.40963e+42  -2.79801e+42  3.15143e+42  -3.46581e+42  3.73763e+42  -3.96395e+42  4.14239e+42  -4.27113e+42  4.34888e+42  -4.37488e+42  4.34888e+42  -4.27113e+42  4.14239e+42  -3.96395e+42  3.73763e+42  -3.46581e+42  3.15143e+42  -2.79801e+42  2.40963e+42  -1.99092e+42  1.54702e+42  -1.08348e+42  6.06265e+41  -1.21578e+41  -3.64192e+41  
3.26775e+41  1.0908e+41  -5.44005e+41  9.72227e+41  -1.38813e+42  1.78637e+42  -2.16192e+42  2.51017e+42  -2.82699e+42  3.10872e+42  -3.35225e+42  3.55495e+42  -3.71473e+42  3.82999e+42  -3.89958e+42  3.92286e+42  -3.89958e+42  3.82999e+42  -3.71473e+42  3.55495e+42  -3.35225e+42  3.10872e+42  -2.82699e+42  2.51017e+42  -2.16192e+42  1.78637e+42  -1.38813e+42  9.72227e+41  -5.44005e+41  1.0908e+41  3.26775e+41  
-2.86156e+41  -9.55156e+40  4.76406e+41  -8.51426e+41  1.21563e+42  -1.56432e+42  1.89308e+42  -2.19787e+42  2.47508e+42  -2.72153e+42  2.9345e+42  -3.11173e+42  3.2514e+42  -3.35213e+42  3.41295e+42  -3.43329e+42  3.41295e+42  -3.35213e+42  3.2514e+42  -3.11173e+42  2.9345e+42  -2.72153e+42  2.47508e+42  -2.19787e+42  1.89308e+42  -1.56432e+42  1.21563e+42  -8.51426e+41  4.76406e+41  -9.55156e+40  -2.86156e+41  
2.42763e+41  8.10274e+40  -4.04178e+41  7.2235e+41  -1.03133e+42  1.3271e+42  -1.60593e+42  1.86438e+42  -2.09939e+42  2.30828e+42  -2.48875e+42  2.6389e+42  -2.7572e+42  2.84252e+42  -2.89402e+42  2.91125e+42  -2.89402e+42  2.84252e+42  -2.7572e+42  2.6389e+42  -2.48875e+42  2.30828e+42  -2.09939e+42  1.86438e+42  -1.60593e+42  1.3271e+42  -1.03133e+42  7.2235e+41  -4.04178e+41  8.10274e+40  2.42763e+41  
-1.97037e+41  -6.57627e+40  3.2806e+41  -5.86315e+41  8.37097e+41  -1.07714e+42  1.30339e+42  -1.51308e+42  1.70372e+42  -1.87313e+42  2.01947e+42  -2.1412e+42  2.2371e+42  -2.30625e+42  2.348e+42  -2.36195e+42  2.348e+42  -2.30625e+42  2.2371e+42  -2.1412e+42  2.01947e+42  -1.87313e+42  1.70372e+42  -1.51308e+42  1.30339e+42  -1.07714e+42  8.37097e+41  -5.86315e+41  3.2806e+41  -6.57627e+40  -1.97037e+41  
1.49432e+41  4.98726e+40  -2.48806e+41  4.44675e+41  -6.34867e+41  8.169e+41  -9.88461e+41  1.14744e+42  -1.29195e+42  1.42036e+42  -1.53126e+42  1.6235e+42  -1.69616e+42  1.74855e+42  -1.78017e+42  1.79074e+42  -1.78017e+42  1.74855e+42  -1.69616e+42  1.6235e+42  -1.53126e+42  1.42036e+42  -1.29195e+42  1.14744e+42  -9.88461e+41  8.169e+41  -6.34867e+41  4.44675e+41  -2.48806e+41  4.98726e+40  1.49432e+41  
-1.00411e+41  -3.35112e+40  1.67189e+41  -2.98807e+41  4.26608e+41  -5.48919e+41  6.64185e+41  -7.70989e+41  8.68064e+41  -9.5431e+41  1.02879e+42  -1.09073e+42  1.13952e+42  -1.1747e+42  1.19593e+42  -1.20302e+42  1.19593e+42  -1.1747e+42  1.13952e+42  -1.09073e+42  1.02879e+42  -9.5431e+41  8.68064e+41  -7.70989e+41  6.64185e+41  -5.48919e+41  4.26608e+41  -2.98807e+41  1.67189e+41  -3.35112e+40  -1.00411e+41  
5.04429e+40  1.68346e+40  -8.39905e+40  1.50112e+41  -2.14314e+41  2.75757e+41  -3.33659e+41  3.87306e+41  -4.36064e+41  4.79379e+41  -5.16784e+41  5.4789e+41  -5.72389e+41  5.9005e+41  -6.00711e+41  6.04275e+41  -6.00711e+41  5.9005e+41  -5.72389e+41  5.4789e+41  -5.16784e+41  4.79379e+41  -4.36064e+41  3.87306e+41  -3.33659e+41  2.75757e+41  -2.14314e+41  1.50112e+41  -8.39905e+40  1.68346e+40  5.04429e+40  
0  0  0  0  0  0  0  0  0  0  0  0  0  0  0  0  0  0  0  0  0  0  0  0  0  0  0  0  0  0  0  
