1  1  1  1  1  1  1  1  1  1  1  1  1  1  1  1  1  1  1  1  1  1  1  1  1  1  1  1  1  1  1  
-1.35529e+42  -4.53057e+41  2.25364e+42  -4.02707e+42  5.75386e+42  -7.41456e+42  8.98991e+42  -1.0461e+43  1.18095e+43  -1.30183e+43  1.40711e+43  -1.49537e+43  1.56538e+43  -1.61612e+43  1.64687e+43  -1.65717e+43  1.64687e+43  -1.61612e+43  1.56538e+43  -1.49537e+43  1.40711e+43  -1.30183e+43  1.18095e+43  -1.0461e+43  8.98991e+42  -7.41456e+42  5.75386e+42  -4.02707e+42  2.25364e+42  -4.53057e+41  -1.35529e+42  
2.69369e+42  9.00457e+41  -4.47925e+42  8.00405e+42  -1.1436e+43  1.47365e+43  -1.78672e+43  2.07904e+43  -2.347e+43  2.58715e+43  -2.79631e+43  2.97165e+43  -3.1107e+43  3.21149e+43  -3.27256e+43  3.29302e+43  -3.27256e+43  3.21149e+43  -3.1107e+43  2.97165e+43  -2.79631e+43  2.58715e+43  -2.347e+43  2.07904e+43  -1.78672e+43  1.47365e+43  -1.1436e+43  8.00405e+42  -4.47925e+42  9.00457e+41  2.69369e+42  
-3.99861e+42  -1.33664e+42  6.64926e+42  -1.18817e+43  1.69761e+43  -2.18749e+43  2.65212e+43  -3.0859e+43  3.48348e+43  -3.83975e+43  4.15001e+43  -4.41006e+43  4.61627e+43  -4.76573e+43  4.85628e+43  -4.88662e+43  4.85628e+43  -4.76573e+43  4.61627e+43  -4.41006e+43  4.15001e+43  -3.83975e+43  3.48348e+43  -3.0859e+43  2.65212e+43  -2.18749e+43  1.69761e+43  -1.18817e+43  6.64926e+42  -1.33664e+42  -3.99861e+42  
5.25396e+42  1.75622e+42  -8.737e+42  1.56123e+43  -2.23058e+43  2.87416e+43  -3.48448e+43  4.05419e+43  -4.57624e+43  5.04397e+43  -5.45123e+43  5.79251e+43  -6.06311e+43  6.25921e+43  -6.37801e+43  6.4178e+43  -6.37801e+43  6.25921e+43  -6.06311e+43  5.79251e+43  -5.45123e+43  5.04397e+43  -4.57624e+43  4.05419e+43  -3.48448e+43  2.87416e+43  -2.23058e+43  1.56123e+43  -8.737e+42  1.75622e+42  5.25396e+42  
-6.44451e+42  -2.1541e+42  1.07171e+43  -1.91506e+43  2.73605e+43  -3.52532e+43  4.27365e+43  -4.97205e+43  5.61188e+43  -6.18499e+43  6.6839e+43  -7.10189e+43  7.43325e+43  -7.67335e+43  7.81879e+43  -7.86751e+43  7.81879e+43  -7.67335e+43  7.43325e+43  -7.10189e+43  6.6839e+43  -6.18499e+43  5.61188e+43  -4.97205e+43  4.27365e+43  -3.52532e+43  2.73605e+43  -1.91506e+43  1.07171e+43  -2.1541e+42  -6.44451e+42  
7.55603e+42  2.52551e+42  -1.2566e+43  2.24545e+43  -3.20797e+43  4.13316e+43  -5.01018e+43  5.82847e+43  -6.57793e+43  7.24905e+43  -7.83311e+43  8.32233e+43  -8.71007e+43  8.99097e+43  -9.16111e+43  9.2181e+43  -9.16111e+43  8.99097e+43  -8.71007e+43  8.32233e+43  -7.83311e+43  7.24905e+43  -6.57793e+43  5.82847e+43  -5.01018e+43  4.13316e+43  -3.20797e+43  2.24545e+43  -1.2566e+43  2.52551e+42  7.55603e+42  
-8.57555e+42  -2.86612e+42  1.42622e+43  -2.54853e+43  3.64085e+43  -4.69061e+43  5.68546e+43  -6.61343e+43  7.46307e+43  -8.22366e+43  8.88537e+43  -9.43947e+43  9.87852e+43  -1.01965e+44  1.03891e+44  -1.04536e+44  1.03891e+44  -1.01965e+44  9.87852e+43  -9.43947e+43  8.88537e+43  -8.22366e+43  7.46307e+43  -6.61343e+43  5.68546e+43  -4.69061e+43  3.64085e+43  -2.54853e+43  1.42622e+43  -2.86612e+42  -8.57555e+42  
9.49151e+42  3.17207e+42  -1.57863e+43  2.82088e+43  -4.02979e+43  5.19135e+43  -6.29185e+43  7.31803e+43  -8.25727e+43  9.09776e+43  -9.82872e+43  1.04406e+44  -1.09253e+44  1.12763e+44  -1.14889e+44  1.15601e+44  -1.14889e+44  1.12763e+44  -1.09253e+44  1.04406e+44  -9.82872e+43  9.09776e+43  -8.25727e+43  7.31803e+43  -6.29185e+43  5.19135e+43  -4.02979e+43  2.82088e+43  -1.57863e+43  3.17207e+42  9.49151e+42  
-1.02939e+43  -3.44001e+42  1.71218e+43  -3.05953e+43  4.37054e+43  -5.62992e+43  6.82274e+43  -7.93462e+43  8.9519e+43  -9.86188e+43  1.0653e+44  -1.1315e+44  1.18392e+44  -1.22188e+44  1.24485e+44  -1.25255e+44  1.24485e+44  -1.22188e+44  1.18392e+44  -1.1315e+44  1.0653e+44  -9.86188e+43  8.9519e+43  -7.93462e+43  6.82274e+43  -5.62992e+43  4.37054e+43  -3.05953e+43  1.71218e+43  -3.44001e+42  -1.02939e+43  
1.09745e+43  3.66717e+42  -1.82548e+43  3.262e+43  -4.65958e+43  6.00179e+43  -7.27266e+43  8.45686e+43  -9.53986e+43  1.05082e+44  -1.13497e+44  1.20536e+44  -1.26109e+44  1.30142e+44  -1.32584e+44  1.33401e+44  -1.32584e+44  1.30142e+44  -1.26109e+44  1.20536e+44  -1.13497e+44  1.05082e+44  -9.53986e+43  8.45686e+43  -7.27266e+43  6.00179e+43  -4.65958e+43  3.262e+43  -1.82548e+43  3.66717e+42  1.09745e+43  
-1.15266e+43  -3.85137e+42  1.91743e+43  -3.42633e+43  4.89411e+43  -6.30338e+43  7.63731e+43  -8.87977e+43  1.00156e+44  -1.10307e+44  1.19124e+44  -1.26498e+44  1.32332e+44  -1.36555e+44  1.3911e+44  -1.39965e+44  1.3911e+44  -1.36555e+44  1.32332e+44  -1.26498e+44  1.19124e+44  -1.10307e+44  1.00156e+44  -8.87977e+43  7.63731e+43  -6.30338e+43  4.89411e+43  -3.42633e+43  1.91743e+43  -3.85137e+42  -1.15266e+43  
1.19454e+43  3.991e+42  -1.98723e+43  3.55108e+43  -5.07208e+43  6.53208e+43  -7.91354e+43  9.19975e+43  -1.0375e+44  1.14249e+44  -1.23365e+44  1.30985e+44  -1.37012e+44  1.41373e+44  -1.44011e+44  1.44894e+44  -1.44011e+44  1.41373e+44  -1.37012e+44  1.30985e+44  -1.23365e+44  1.14249e+44  -1.0375e+44  9.19975e+43  -7.91354e+43  6.53208e+43  -5.07208e+43  3.55108e+43  -1.98723e+43  3.991e+42  1.19454e+43  
-1.22279e+43  -4.08504e+42  2.03437e+43  -3.63533e+43  5.19219e+43  -6.68622e+43  8.09939e+43  -9.41457e+43  1.06158e+44  -1.16884e+44  1.26192e+44  -1.33969e+44  1.40119e+44  -1.44567e+44  1.47258e+44  -1.48158e+44  1.47258e+44  -1.44567e+44  1.40119e+44  -1.33969e+44  1.26192e+44  -1.16884e+44  1.06158e+44  -9.41457e+43  8.09939e+43  -6.68622e+43  5.19219e+43  -3.63533e+43  2.03437e+43  -4.08504e+42  -1.22279e+43  
1.23728e+43  4.13308e+42  -2.05861e+43  3.67867e+43  -5.25387e+43  6.76511e+43  -8.19404e+43  9.52335e+43  -1.07369e+44  1.182e+44  -1.27595e+44  1.35441e+44  -1.41644e+44  1.46128e+44  -1.48841e+44  1.49748e+44  -1.48841e+44  1.46128e+44  -1.41644e+44  1.35441e+44  -1.27595e+44  1.182e+44  -1.07369e+44  9.52335e+43  -8.19404e+43  6.76511e+43  -5.25387e+43  3.67867e+43  -2.05861e+43  4.13308e+42  1.23728e+43  
-1.23803e+43  -4.13523e+42  2.06e+43  -3.6812e+43  5.25726e+43  -6.76893e+43  8.19778e+43  -9.52645e+43  1.07389e+44  -1.18204e+44  1.27582e+44  -1.3541e+44  1.41597e+44  -1.46068e+44  1.48771e+44  -1.49676e+44  1.48771e+44  -1.46068e+44  1.41597e+44  -1.3541e+44  1.27582e+44  -1.18204e+44  1.07389e+44  -9.52645e+43  8.19778e+43  -6.76893e+43  5.25726e+43  -3.6812e+43  2.06e+43  -4.13523e+42  -1.23803e+43  
1.22524e+43  4.09215e+42  -2.03886e+43  3.64346e+43  -5.20316e+43  6.69874e+43  -8.11191e+43  9.42545e+43  -1.06235e+44  1.16918e+44  -1.26177e+44  1.33902e+44  -1.40005e+44  1.44414e+44  -1.4708e+44  1.47972e+44  -1.4708e+44  1.44414e+44  -1.40005e+44  1.33902e+44  -1.26177e+44  1.16918e+44  -1.06235e+44  9.42545e+43  -8.11191e+43  6.69874e+43  -5.20316e+43  3.64346e+43  -2.03886e+43  4.09215e+42  1.22524e+43  
-1.19924e+43  -4.00497e+42  1.99573e+43  -3.56643e+43  5.09297e+43  -6.55639e+43  7.9387e+43  -9.22305e+43  1.0394e+44  -1.14376e+44  1.23417e+44  -1.30957e+44  1.36912e+44  -1.41213e+44  1.43813e+44  -1.44683e+44  1.43813e+44  -1.41213e+44  1.36912e+44  -1.30957e+44  1.23417e+44  -1.14376e+44  1.0394e+44  -9.22305e+43  7.9387e+43  -6.55639e+43  5.09297e+43  -3.56643e+43  1.99573e+43  -4.00497e+42  -1.19924e+43  
1.1605e+43  3.87528e+42  -1.9314e+43  3.45151e+43  -4.92868e+43  6.34445e+43  -7.68131e+43  8.92297e+43  -1.00545e+44  1.10626e+44  -1.19354e+44  1.26632e+44  -1.32377e+44  1.36526e+44  -1.39033e+44  1.39872e+44  -1.39033e+44  1.36526e+44  -1.32377e+44  1.26632e+44  -1.19354e+44  1.10626e+44  -1.00545e+44  8.92297e+43  -7.68131e+43  6.34445e+43  -4.92868e+43  3.45151e+43  -1.9314e+43  3.87528e+42  1.1605e+43  
-1.10962e+43  -3.70506e+42  1.84684e+43  -3.30044e+43  4.71281e+43  -6.06616e+43  7.34369e+43  -8.52981e+43  9.6103e+43  -1.05725e+44  1.14053e+44  -1.20994e+44  1.26471e+44  -1.30426e+44  1.32815e+44  -1.33614e+44  1.32815e+44  -1.30426e+44  1.26471e+44  -1.20994e+44  1.14053e+44  -1.05725e+44  9.6103e+43  -8.52981e+43  7.34369e+43  -6.06616e+43  4.71281e+43  -3.30044e+43  1.84684e+43  -3.70506e+42  -1.10962e+43  
1.04729e+43  3.49667e+42  -1.74321e+43  3.11529e+43  -4.44829e+43  5.72533e+43  -6.93048e+43  8.04901e+43  -9.06755e+43  9.97421e+43  -1.07587e+44  1.14122e+44  -1.19278e+44  1.22999e+44  -1.25248e+44  1.26e+44  -1.25248e+44  1.22999e+44  -1.19278e+44  1.14122e+44  -1.07587e+44  9.97421e+43  -9.06755e+43  8.04901e+43  -6.93048e+43  5.72533e+43  -4.44829e+43  3.11529e+43  -1.74321e+43  3.49667e+42  1.04729e+43  
-9.74312e+42  -3.25276e+42  1.62183e+43  -2.89841e+43  4.1385e+43  -5.3263e+43  6.44693e+43  -7.4867e+43  8.43318e+43  -9.27539e+43  1.00038e+44  -1.06105e+44  1.1089e+44  -1.14342e+44  1.16428e+44  -1.17125e+44  1.16428e+44  -1.14342e+44  1.1089e+44  -1.06105e+44  1.00038e+44  -9.27539e+43  8.43318e+43  -7.4867e+43  6.44693e+43  -5.3263e+43  4.1385e+43  -2.89841e+43  1.62183e+43  -3.25276e+42  -9.74312e+42  
8.91551e+42  2.97625e+42  -1.48415e+43  2.6524e+43  -3.78714e+43  4.87383e+43  -5.89884e+43  6.8496e+43  -7.71479e+43  8.4844e+43  -9.14983e+43  9.70387e+43  -1.01407e+44  1.04558e+44  -1.06462e+44  1.07098e+44  -1.06462e+44  1.04558e+44  -1.01407e+44  9.70387e+43  -9.14983e+43  8.4844e+43  -7.71479e+43  6.8496e+43  -5.89884e+43  4.87383e+43  -3.78714e+43  2.6524e+43  -1.48415e+43  2.97625e+42  8.91551e+42  
-7.99954e+42  -2.6703e+42  1.33174e+43  -2.38004e+43  3.39819e+43  -4.37308e+43  5.29243e+43  -6.14497e+43  6.92055e+43  -7.61024e+43  8.2064e+43  -8.70262e+43  9.09377e+43  -9.37591e+43  9.54629e+43  -9.60327e+43  9.54629e+43  -9.37591e+43  9.09377e+43  -8.70262e+43  8.2064e+43  -7.61024e+43  6.92055e+43  -6.14497e+43  5.29243e+43  -4.37308e+43  3.39819e+43  -2.38004e+43  1.33174e+43  -2.6703e+42  -7.99954e+42  
7.00518e+42  2.33825e+42  -1.16625e+43  2.08432e+43  -2.97591e+43  3.8295e+43  -4.63431e+43  5.38045e+43  -6.05907e+43  6.66239e+43  -7.18374e+43  7.6176e+43  -7.95952e+43  8.20611e+43  -8.355e+43  8.40478e+43  -8.355e+43  8.20611e+43  -7.95952e+43  7.6176e+43  -7.18374e+43  6.66239e+43  -6.05907e+43  5.38045e+43  -4.63431e+43  3.8295e+43  -2.97591e+43  2.08432e+43  -1.16625e+43  2.33825e+42  7.00518e+42  
-5.9429e+42  -1.98357e+42  9.8944e+42  -1.76833e+43  2.52472e+43  -3.24879e+43  3.93136e+43  -4.56406e+43  5.13938e+43  -5.65073e+43  6.09252e+43  -6.46009e+43  6.74972e+43  -6.95856e+43  7.08465e+43  -7.12681e+43  7.08465e+43  -6.95856e+43  6.74972e+43  -6.46009e+43  6.09252e+43  -5.65073e+43  5.13938e+43  -4.56406e+43  3.93136e+43  -3.24879e+43  2.52472e+43  -1.76833e+43  9.8944e+42  -1.98357e+42  -5.9429e+42  
4.82352e+42  1.60989e+42  -8.03099e+42  1.43532e+43  -2.04924e+43  2.63686e+43  -3.19074e+43  3.70407e+43  -4.17075e+43  4.58548e+43  -4.94372e+43  5.24172e+43  -5.4765e+43  5.64577e+43  -5.74796e+43  5.78213e+43  -5.74796e+43  5.64577e+43  -5.4765e+43  5.24172e+43  -4.94372e+43  4.58548e+43  -4.17075e+43  3.70407e+43  -3.19074e+43  2.63686e+43  -2.04924e+43  1.43532e+43  -8.03099e+42  1.60989e+42  4.82352e+42  
-3.65814e+42  -1.2209e+42  6.09084e+42  -1.08858e+43  1.55417e+43  -1.99979e+43  2.41978e+43  -2.80897e+43  3.16274e+43  -3.47708e+43  3.74857e+43  -3.97438e+43  4.15225e+43  -4.28049e+43  4.3579e+43  -4.38378e+43  4.3579e+43  -4.28049e+43  4.15225e+43  -3.97438e+43  3.74857e+43  -3.47708e+43  3.16274e+43  -2.80897e+43  2.41978e+43  -1.99979e+43  1.55417e+43  -1.08858e+43  6.09084e+42  -1.2209e+42  -3.65814e+42  
2.4581e+42  8.20364e+41  -4.09283e+42  7.31489e+42  -1.04435e+43  1.34377e+43  -1.62594e+43  1.8874e+43  -2.12505e+43  2.33618e+43  -2.51851e+43  2.67015e+43  -2.78958e+43  2.87569e+43  -2.92766e+43  2.94504e+43  -2.92766e+43  2.87569e+43  -2.78958e+43  2.67015e+43  -2.51851e+43  2.33618e+43  -2.12505e+43  1.8874e+43  -1.62594e+43  1.34377e+43  -1.04435e+43  7.31489e+42  -4.09283e+42  8.20364e+41  2.4581e+42  
-1.23486e+42  -4.12115e+41  2.05611e+42  -3.67479e+42  5.24648e+42  -6.75062e+42  8.16806e+42  -9.48135e+42  1.0675e+43  -1.17353e+43  1.2651e+43  -1.34125e+43  1.40123e+43  -1.44446e+43  1.47056e+43  -1.47928e+43  1.47056e+43  -1.44446e+43  1.40123e+43  -1.34125e+43  1.2651e+43  -1.17353e+43  1.0675e+43  -9.48135e+42  8.16806e+42  -6.75062e+42  5.24648e+42  -3.67479e+42  2.05611e+42  -4.12115e+41  -1.23486e+42  
0  0  0  0  0  0  0  0  0  0  0  0  0  0  0  0  0  0  0  0  0  0  0  0  0  0  0  0  0  0  0  
