1  1  1  1  1  1  1  1  1  1  1  1  1  1  1  1  1  1  1  1  1  1  1  1  1  1  1  1  1  1  1  
-8.12204e+44  -2.7151e+44  1.35057e+45  -2.41336e+45  3.4482e+45  -4.44343e+45  5.38751e+45  -6.26911e+45  7.07728e+45  -7.80164e+45  8.4326e+45  -8.96154e+45  9.38105e+45  -9.68515e+45  9.86941e+45  -9.93113e+45  9.86941e+45  -9.68515e+45  9.38105e+45  -8.96154e+45  8.4326e+45  -7.80164e+45  7.07728e+45  -6.26911e+45  5.38751e+45  -4.44343e+45  3.4482e+45  -2.41336e+45  1.35057e+45  -2.7151e+44  -8.12204e+44  
1.61429e+45  5.3963e+44  -2.68435e+45  4.7967e+45  -6.85344e+45  8.83138e+45  -1.07075e+46  1.24594e+46  -1.40652e+46  1.55044e+46  -1.67579e+46  1.78086e+46  -1.86419e+46  1.92459e+46  -1.96119e+46  1.97345e+46  -1.96119e+46  1.92459e+46  -1.86419e+46  1.78086e+46  -1.67579e+46  1.55044e+46  -1.40652e+46  1.24594e+46  -1.07075e+46  8.83138e+45  -6.85344e+45  4.7967e+45  -2.68435e+45  5.3963e+44  1.61429e+45  
-2.3963e+45  -8.01026e+44  3.9848e+45  -7.1205e+45  1.01735e+46  -1.31093e+46  1.58937e+46  -1.84933e+46  2.08759e+46  -2.3011e+46  2.48704e+46  -2.64288e+46  2.76646e+46  -2.85603e+46  2.9103e+46  -2.92847e+46  2.9103e+46  -2.85603e+46  2.76646e+46  -2.64288e+46  2.48704e+46  -2.3011e+46  2.08759e+46  -1.84933e+46  1.58937e+46  -1.31093e+46  1.01735e+46  -7.1205e+45  3.9848e+45  -8.01026e+44  -2.3963e+45  
3.14862e+45  1.05248e+45  -5.23595e+45  9.35619e+45  -1.33675e+46  1.72244e+46  -2.08819e+46  2.42961e+46  -2.74247e+46  3.02277e+46  -3.26684e+46  3.47136e+46  -3.63352e+46  3.75104e+46  -3.82224e+46  3.84609e+46  -3.82224e+46  3.75104e+46  -3.63352e+46  3.47136e+46  -3.26684e+46  3.02277e+46  -2.74247e+46  2.42961e+46  -2.08819e+46  1.72244e+46  -1.33675e+46  9.35619e+45  -5.23595e+45  1.05248e+45  3.14862e+45  
-3.8621e+45  -1.29092e+45  6.42261e+45  -1.14767e+46  1.63967e+46  -2.11267e+46  2.56113e+46  -2.97967e+46  3.36311e+46  -3.70657e+46  4.00555e+46  -4.25605e+46  4.45463e+46  -4.59852e+46  4.68568e+46  -4.71487e+46  4.68568e+46  -4.59852e+46  4.45463e+46  -4.25605e+46  4.00555e+46  -3.70657e+46  3.36311e+46  -2.97967e+46  2.56113e+46  -2.11267e+46  1.63967e+46  -1.14767e+46  6.42261e+45  -1.29092e+45  -3.8621e+45  
4.52821e+45  1.5135e+45  -7.53063e+45  1.34566e+46  -1.92249e+46  2.47694e+46  -3.00252e+46  3.49291e+46  -3.94205e+46  4.34424e+46  -4.69426e+46  4.98744e+46  -5.21981e+46  5.38815e+46  -5.49011e+46  5.52426e+46  -5.49011e+46  5.38815e+46  -5.21981e+46  4.98744e+46  -4.69426e+46  4.34424e+46  -3.94205e+46  3.49291e+46  -3.00252e+46  2.47694e+46  -1.92249e+46  1.34566e+46  -7.53063e+45  1.5135e+45  4.52821e+45  
-5.13919e+45  -1.71762e+45  8.54709e+45  -1.52729e+46  2.18191e+46  -2.81101e+46  3.40721e+46  -3.96332e+46  4.4725e+46  -4.92831e+46  5.32486e+46  -5.65692e+46  5.92004e+46  -6.11062e+46  6.22604e+46  -6.26469e+46  6.22604e+46  -6.11062e+46  5.92004e+46  -5.65692e+46  5.32486e+46  -4.92831e+46  4.4725e+46  -3.96332e+46  3.40721e+46  -2.81101e+46  2.18191e+46  -1.52729e+46  8.54709e+45  -1.71762e+45  -5.13919e+45  
5.68811e+45  1.90097e+45  -9.46046e+45  1.69051e+46  -2.41499e+46  3.11109e+46  -3.7706e+46  4.38558e+46  -4.94845e+46  5.45214e+46  -5.8902e+46  6.2569e+46  -6.54738e+46  6.75774e+46  -6.88511e+46  6.92777e+46  -6.88511e+46  6.75774e+46  -6.54738e+46  6.2569e+46  -5.8902e+46  5.45214e+46  -4.94845e+46  4.38558e+46  -3.7706e+46  3.11109e+46  -2.41499e+46  1.69051e+46  -9.46046e+45  1.90097e+45  5.68811e+45  
-6.16899e+45  -2.06154e+45  1.02608e+46  -1.83353e+46  2.6192e+46  -3.37392e+46  4.08876e+46  -4.75509e+46  5.36473e+46  -5.91007e+46  6.38416e+46  -6.78089e+46  7.09506e+46  -7.32251e+46  7.46022e+46  -7.50633e+46  7.46022e+46  -7.32251e+46  7.09506e+46  -6.78089e+46  6.38416e+46  -5.91007e+46  5.36473e+46  -4.75509e+46  4.08876e+46  -3.37392e+46  2.6192e+46  -1.83353e+46  1.02608e+46  -2.06154e+45  -6.16899e+45  
6.57684e+45  2.19768e+45  -1.09398e+46  1.95486e+46  -2.79241e+46  3.59678e+46  -4.35839e+46  5.06806e+46  -5.71709e+46  6.29741e+46  -6.80171e+46  7.22356e+46  -7.55751e+46  7.79923e+46  -7.94554e+46  7.99453e+46  -7.94554e+46  7.79923e+46  -7.55751e+46  7.22356e+46  -6.80171e+46  6.29741e+46  -5.71709e+46  5.06806e+46  -4.35839e+46  3.59678e+46  -2.79241e+46  1.95486e+46  -1.09398e+46  2.19768e+45  6.57684e+45  
-6.90771e+45  -2.30807e+45  1.14909e+46  -2.05334e+46  2.93296e+46  -3.77752e+46  4.57692e+46  -5.3215e+46  6.00217e+46  -6.61052e+46  7.13894e+46  -7.5808e+46  7.93047e+46  -8.1835e+46  8.33663e+46  -8.38789e+46  8.33663e+46  -8.1835e+46  7.93047e+46  -7.5808e+46  7.13894e+46  -6.61052e+46  6.00217e+46  -5.3215e+46  4.57692e+46  -3.77752e+46  2.93296e+46  -2.05334e+46  1.14909e+46  -2.30807e+45  -6.90771e+45  
7.15871e+45  2.39174e+45  -1.19092e+46  2.12811e+46  -3.03962e+46  3.91457e+46  -4.74246e+46  5.51327e+46  -6.21759e+46  6.84679e+46  -7.39309e+46  7.8497e+46  -8.21093e+46  8.47224e+46  -8.63035e+46  8.68328e+46  -8.63035e+46  8.47224e+46  -8.21093e+46  7.8497e+46  -7.39309e+46  6.84679e+46  -6.21759e+46  5.51327e+46  -4.74246e+46  3.91457e+46  -3.03962e+46  2.12811e+46  -1.19092e+46  2.39174e+45  7.15871e+45  
-7.32802e+45  -2.4481e+45  1.21916e+46  -2.1786e+46  3.1116e+46  -4.00695e+46  4.85384e+46  -5.64201e+46  6.36187e+46  -7.00466e+46  7.5625e+46  -8.02856e+46  8.39712e+46  -8.66367e+46  8.82491e+46  -8.87888e+46  8.82491e+46  -8.66367e+46  8.39712e+46  -8.02856e+46  7.5625e+46  -7.00466e+46  6.36187e+46  -5.64201e+46  4.85384e+46  -4.00695e+46  3.1116e+46  -2.1786e+46  1.21916e+46  -2.4481e+45  -7.32802e+45  
7.41482e+45  2.47689e+45  -1.23369e+46  2.20457e+46  -3.14857e+46  4.05422e+46  -4.91056e+46  5.70719e+46  -6.43445e+46  7.08354e+46  -7.64658e+46  8.11679e+46  -8.4885e+46  8.75724e+46  -8.91979e+46  8.97418e+46  -8.91979e+46  8.75724e+46  -8.4885e+46  8.11679e+46  -7.64658e+46  7.08354e+46  -6.43445e+46  5.70719e+46  -4.91056e+46  4.05422e+46  -3.14857e+46  2.20457e+46  -1.23369e+46  2.47689e+45  7.41482e+45  
-7.41933e+45  -2.47818e+45  1.23453e+46  -2.20608e+46  3.1506e+46  -4.05652e+46  4.9128e+46  -5.70905e+46  6.43563e+46  -7.0838e+46  7.6458e+46  -8.11494e+46  8.48566e+46  -8.75361e+46  8.91564e+46  -8.96986e+46  8.91564e+46  -8.75361e+46  8.48566e+46  -8.11494e+46  7.6458e+46  -7.0838e+46  6.43563e+46  -5.70905e+46  4.9128e+46  -4.05652e+46  3.1506e+46  -2.20608e+46  1.23453e+46  -2.47818e+45  -7.41933e+45  
7.34267e+45  2.45236e+45  -1.22186e+46  2.18347e+46  -3.11817e+46  4.01445e+46  -4.86134e+46  5.64852e+46  -6.36652e+46  7.00672e+46  -7.56157e+46  8.02454e+46  -8.39026e+46  8.65451e+46  -8.81427e+46  8.86773e+46  -8.81427e+46  8.65451e+46  -8.39026e+46  8.02454e+46  -7.56157e+46  7.00672e+46  -6.36652e+46  5.64852e+46  -4.86134e+46  4.01445e+46  -3.11817e+46  2.18347e+46  -1.22186e+46  2.45236e+45  7.34267e+45  
-7.18686e+45  -2.40012e+45  1.19601e+46  -2.13731e+46  3.05213e+46  -3.92914e+46  4.75754e+46  -5.52723e+46  6.22896e+46  -6.85439e+46  7.39618e+46  -7.84807e+46  8.20491e+46  -8.46268e+46  8.61849e+46  -8.67062e+46  8.61849e+46  -8.46268e+46  8.20491e+46  -7.84807e+46  7.39618e+46  -6.85439e+46  6.22896e+46  -5.52723e+46  4.75754e+46  -3.92914e+46  3.05213e+46  -2.13731e+46  1.19601e+46  -2.40012e+45  -7.18686e+45  
6.95472e+45  2.32239e+45  -1.15746e+46  2.06844e+46  -2.95368e+46  3.80213e+46  -4.60329e+46  5.34739e+46  -6.02551e+46  6.62962e+46  -7.15273e+46  7.58886e+46  -7.93314e+46  8.18176e+46  -8.33202e+46  8.38229e+46  -8.33202e+46  8.18176e+46  -7.93314e+46  7.58886e+46  -7.15273e+46  6.62962e+46  -6.02551e+46  5.34739e+46  -4.60329e+46  3.80213e+46  -2.95368e+46  2.06844e+46  -1.15746e+46  2.32239e+45  6.95472e+45  
-6.64979e+45  -2.22038e+45  1.10678e+46  -1.9779e+46  2.82431e+46  -3.63535e+46  4.40096e+46  -5.11178e+46  5.7593e+46  -6.33593e+46  6.83502e+46  -7.25098e+46  7.57923e+46  -7.81621e+46  7.95941e+46  -8.00731e+46  7.95941e+46  -7.81621e+46  7.57923e+46  -7.25098e+46  6.83502e+46  -6.33593e+46  5.7593e+46  -5.11178e+46  4.40096e+46  -3.63535e+46  2.82431e+46  -1.9779e+46  1.10678e+46  -2.22038e+45  -6.64979e+45  
6.27627e+45  2.0955e+45  -1.04468e+46  1.86695e+46  -2.66579e+46  3.4311e+46  -4.15333e+46  4.82365e+46  -5.43404e+46  5.97739e+46  -6.4475e+46  6.83917e+46  -7.14815e+46  7.37116e+46  -7.50589e+46  7.55096e+46  -7.50589e+46  7.37116e+46  -7.14815e+46  6.83917e+46  -6.4475e+46  5.97739e+46  -5.43404e+46  4.82365e+46  -4.15333e+46  3.4311e+46  -2.66579e+46  1.86695e+46  -1.04468e+46  2.0955e+45  6.27627e+45  
-5.8389e+45  -1.94933e+45  9.71939e+45  -1.73697e+46  2.48014e+46  -3.19197e+46  3.86355e+46  -4.48666e+46  5.05387e+46  -5.55859e+46  5.99513e+46  -6.35871e+46  6.64544e+46  -6.85235e+46  6.97734e+46  -7.01914e+46  6.97734e+46  -6.85235e+46  6.64544e+46  -6.35871e+46  5.99513e+46  -5.55859e+46  5.05387e+46  -4.48666e+46  3.86355e+46  -3.19197e+46  2.48014e+46  -1.73697e+46  9.71939e+45  -1.94933e+45  -5.8389e+45  
5.34293e+45  1.78362e+45  -8.8943e+45  1.58954e+46  -2.26957e+46  2.92081e+46  -3.53508e+46  4.10486e+46  -4.62335e+46  5.08457e+46  -5.48335e+46  5.81538e+46  -6.07716e+46  6.26603e+46  -6.38009e+46  6.41824e+46  -6.38009e+46  6.26603e+46  -6.07716e+46  5.81538e+46  -5.48335e+46  5.08457e+46  -4.62335e+46  4.10486e+46  -3.53508e+46  2.92081e+46  -2.26957e+46  1.58954e+46  -8.8943e+45  1.78362e+45  5.34293e+45  
-4.794e+45  -1.60027e+45  7.9809e+45  -1.42632e+46  2.03648e+46  -2.62072e+46  3.17167e+46  -3.68258e+46  4.14737e+46  -4.5607e+46  4.91797e+46  -5.21534e+46  5.44975e+46  -5.61884e+46  5.72094e+46  -5.75509e+46  5.72094e+46  -5.61884e+46  5.44975e+46  -5.21534e+46  4.91797e+46  -4.5607e+46  4.14737e+46  -3.68258e+46  3.17167e+46  -2.62072e+46  2.03648e+46  -1.42632e+46  7.9809e+45  -1.60027e+45  -4.794e+45  
4.1981e+45  1.40128e+45  -6.98918e+45  1.2491e+46  -1.78342e+46  2.29496e+46  -2.77727e+46  3.22442e+46  -3.63111e+46  3.99267e+46  -4.30511e+46  4.56511e+46  -4.77001e+46  4.91779e+46  -5.00702e+46  5.03686e+46  -5.00702e+46  4.91779e+46  -4.77001e+46  4.56511e+46  -4.30511e+46  3.99267e+46  -3.63111e+46  3.22442e+46  -2.77727e+46  2.29496e+46  -1.78342e+46  1.2491e+46  -6.98918e+45  1.40128e+45  4.1981e+45  
-3.56149e+45  -1.18872e+45  5.92956e+45  -1.05973e+46  1.51303e+46  -1.94695e+46  2.356e+46  -2.73517e+46  3.07995e+46  -3.3864e+46  3.65115e+46  -3.87143e+46  4.045e+46  -4.17016e+46  4.24572e+46  -4.27099e+46  4.24572e+46  -4.17016e+46  4.045e+46  -3.87143e+46  3.65115e+46  -3.3864e+46  3.07995e+46  -2.73517e+46  2.356e+46  -1.94695e+46  1.51303e+46  -1.05973e+46  5.92956e+45  -1.18872e+45  -3.56149e+45  
2.89066e+45  9.64781e+44  -4.81285e+45  8.60163e+45  -1.22808e+46  1.58023e+46  -1.91216e+46  2.21979e+46  -2.49947e+46  2.74801e+46  -2.96269e+46  3.14128e+46  -3.28198e+46  3.38342e+46  -3.44466e+46  3.46514e+46  -3.44466e+46  3.38342e+46  -3.28198e+46  3.14128e+46  -2.96269e+46  2.74801e+46  -2.49947e+46  2.21979e+46  -1.91216e+46  1.58023e+46  -1.22808e+46  8.60163e+45  -4.81285e+45  9.64781e+44  2.89066e+45  
-2.19227e+45  -7.31664e+44  3.65014e+45  -6.52366e+45  9.31391e+45  -1.19845e+46  1.45014e+46  -1.68337e+46  1.89538e+46  -2.08376e+46  2.24646e+46  -2.38178e+46  2.48838e+46  -2.56523e+46  2.61162e+46  -2.62713e+46  2.61162e+46  -2.56523e+46  2.48838e+46  -2.38178e+46  2.24646e+46  -2.08376e+46  1.89538e+46  -1.68337e+46  1.45014e+46  -1.19845e+46  9.31391e+45  -6.52366e+45  3.65014e+45  -7.31664e+44  -2.19227e+45  
1.4731e+45  4.91631e+44  -2.45277e+45  4.3837e+45  -6.25861e+45  8.053e+45  -9.74403e+45  1.13109e+46  -1.27351e+46  1.40004e+46  -1.5093e+46  1.60018e+46  -1.67175e+46  1.72335e+46  -1.7545e+46  1.76491e+46  -1.7545e+46  1.72335e+46  -1.67175e+46  1.60018e+46  -1.5093e+46  1.40004e+46  -1.27351e+46  1.13109e+46  -9.74403e+45  8.053e+45  -6.25861e+45  4.3837e+45  -2.45277e+45  4.91631e+44  1.4731e+45  
-7.40031e+44  -2.46974e+44  1.2322e+45  -2.20224e+45  3.14413e+45  -4.04554e+45  4.89499e+45  -5.68203e+45  6.39734e+45  -7.03281e+45  7.58155e+45  -8.0379e+45  8.39733e+45  -8.65643e+45  8.81282e+45  -8.8651e+45  8.81282e+45  -8.65643e+45  8.39733e+45  -8.0379e+45  7.58155e+45  -7.03281e+45  6.39734e+45  -5.68203e+45  4.89499e+45  -4.04554e+45  3.14413e+45  -2.20224e+45  1.2322e+45  -2.46974e+44  -7.40031e+44  
0  0  0  0  0  0  0  0  0  0  0  0  0  0  0  0  0  0  0  0  0  0  0  0  0  0  0  0  0  0  0  
