1  1  1  1  1  1  1  1  1  1  1  1  1  1  1  1  1  1  1  1  1  1  1  1  1  1  1  1  1  1  1  
4.65305e+47  1.55546e+47  -7.73731e+47  1.38259e+48  -1.97544e+48  2.5456e+48  -3.08646e+48  3.59152e+48  -4.05451e+48  4.46949e+48  -4.83096e+48  5.13399e+48  -5.37432e+48  5.54854e+48  -5.6541e+48  5.68946e+48  -5.6541e+48  5.54854e+48  -5.37432e+48  5.13399e+48  -4.83096e+48  4.46949e+48  -4.05451e+48  3.59152e+48  -3.08646e+48  2.5456e+48  -1.97544e+48  1.38259e+48  -7.73731e+47  1.55546e+47  4.65305e+47  
-9.24812e+47  -3.09149e+47  1.53784e+48  -2.74799e+48  3.92628e+48  -5.05942e+48  6.13425e+48  -7.13787e+48  8.05783e+48  -8.88232e+48  9.60044e+48  -1.02024e+49  1.06798e+49  -1.10258e+49  1.12355e+49  -1.13057e+49  1.12355e+49  -1.10258e+49  1.06798e+49  -1.02024e+49  9.60044e+48  -8.88232e+48  8.05783e+48  -7.13787e+48  6.13425e+48  -5.05942e+48  3.92628e+48  -2.74799e+48  1.53784e+48  -3.09149e+47  -9.24812e+47  
1.37282e+48  4.58901e+47  -2.28286e+48  4.07927e+48  -5.82831e+48  7.5102e+48  -9.10537e+48  1.05947e+49  -1.19596e+49  1.31828e+49  -1.4248e+49  1.51408e+49  -1.58488e+49  1.63619e+49  -1.66728e+49  1.6777e+49  -1.66728e+49  1.63619e+49  -1.58488e+49  1.51408e+49  -1.4248e+49  1.31828e+49  -1.19596e+49  1.05947e+49  -9.10537e+48  7.5102e+48  -5.82831e+48  4.07927e+48  -2.28286e+48  4.58901e+47  1.37282e+48  
-1.80382e+48  -6.02954e+47  2.99963e+48  -5.36008e+48  7.65813e+48  -9.86771e+48  1.19631e+49  -1.3919e+49  1.57114e+49  -1.73172e+49  1.87154e+49  -1.98871e+49  2.08161e+49  -2.14894e+49  2.18973e+49  -2.20339e+49  2.18973e+49  -2.14894e+49  2.08161e+49  -1.98871e+49  1.87154e+49  -1.73172e+49  1.57114e+49  -1.3919e+49  1.19631e+49  -9.86771e+48  7.65813e+48  -5.36008e+48  2.99963e+48  -6.02954e+47  -1.80382e+48  
2.21256e+48  7.39556e+47  -3.67946e+48  6.57488e+48  -9.39352e+48  1.21033e+49  -1.46725e+49  1.70703e+49  -1.9267e+49  2.12346e+49  -2.29475e+49  2.43825e+49  -2.55202e+49  2.63445e+49  -2.68439e+49  2.70111e+49  -2.68439e+49  2.63445e+49  -2.55202e+49  2.43825e+49  -2.29475e+49  2.12346e+49  -1.9267e+49  1.70703e+49  -1.46725e+49  1.21033e+49  -9.39352e+48  6.57488e+48  -3.67946e+48  7.39556e+47  2.21256e+48  
-2.59417e+48  -8.67071e+47  4.31423e+48  -7.70917e+48  1.10138e+49  -1.41902e+49  1.72012e+49  -2.00106e+49  2.25837e+49  -2.48878e+49  2.6893e+49  -2.85726e+49  2.99038e+49  -3.08682e+49  3.14524e+49  -3.1648e+49  3.14524e+49  -3.08682e+49  2.99038e+49  -2.85726e+49  2.6893e+49  -2.48878e+49  2.25837e+49  -2.00106e+49  1.72012e+49  -1.41902e+49  1.10138e+49  -7.70917e+48  4.31423e+48  -8.67071e+47  -2.59417e+48  
2.9442e+48  9.84011e+47  -4.89655e+48  8.74973e+48  -1.24999e+49  1.6104e+49  -1.95196e+49  2.27055e+49  -2.56226e+49  2.82339e+49  -3.05057e+49  3.2408e+49  -3.39154e+49  3.50072e+49  -3.56684e+49  3.58899e+49  -3.56684e+49  3.50072e+49  -3.39154e+49  3.2408e+49  -3.05057e+49  2.82339e+49  -2.56226e+49  2.27055e+49  -1.95196e+49  1.6104e+49  -1.24999e+49  8.74973e+48  -4.89655e+48  9.84011e+47  2.9442e+48  
-3.25867e+48  -1.08905e+48  5.41982e+48  -9.68478e+48  1.38353e+49  -1.78232e+49  2.16015e+49  -2.51246e+49  2.83492e+49  -3.12348e+49  3.37444e+49  -3.58452e+49  3.75094e+49  -3.87145e+49  3.94442e+49  -3.96886e+49  3.94442e+49  -3.87145e+49  3.75094e+49  -3.58452e+49  3.37444e+49  -3.12348e+49  2.83492e+49  -2.51246e+49  2.16015e+49  -1.78232e+49  1.38353e+49  -9.68478e+48  5.41982e+48  -1.08905e+48  -3.25867e+48  
3.53416e+48  1.18104e+48  -5.87832e+48  1.05041e+49  -1.50051e+49  1.93289e+49  -2.34242e+49  2.72415e+49  -3.07341e+49  3.38583e+49  -3.65743e+49  3.88471e+49  -4.06469e+49  4.195e+49  -4.27389e+49  4.30031e+49  -4.27389e+49  4.195e+49  -4.06469e+49  3.88471e+49  -3.65743e+49  3.38583e+49  -3.07341e+49  2.72415e+49  -2.34242e+49  1.93289e+49  -1.50051e+49  1.05041e+49  -5.87832e+48  1.18104e+48  3.53416e+48  
-3.76781e+48  -1.25903e+48  6.26731e+48  -1.11992e+49  1.59975e+49  -2.06056e+49  2.49689e+49  -2.90345e+49  3.27527e+49  -3.60773e+49  3.89664e+49  -4.13831e+49  4.32963e+49  -4.46811e+49  4.55193e+49  -4.58e+49  4.55193e+49  -4.46811e+49  4.32963e+49  -4.13831e+49  3.89664e+49  -3.60773e+49  3.27527e+49  -2.90345e+49  2.49689e+49  -2.06056e+49  1.59975e+49  -1.11992e+49  6.26731e+48  -1.25903e+48  -3.76781e+48  
3.95737e+48  1.32227e+48  -6.58301e+48  1.17634e+49  -1.68027e+49  2.16411e+49  -2.62208e+49  3.04864e+49  -3.43859e+49  3.78711e+49  -4.08984e+49  4.34297e+49  -4.5433e+49  4.68825e+49  -4.77598e+49  4.80535e+49  -4.77598e+49  4.68825e+49  -4.5433e+49  4.34297e+49  -4.08984e+49  3.78711e+49  -3.43859e+49  3.04864e+49  -2.62208e+49  2.16411e+49  -1.68027e+49  1.17634e+49  -6.58301e+48  1.32227e+48  3.95737e+48  
-4.10116e+48  -1.37021e+48  6.82266e+48  -1.21917e+49  1.74137e+49  -2.24262e+49  2.71691e+49  -3.1585e+49  3.562e+49  -3.92247e+49  4.23544e+49  -4.49703e+49  4.70397e+49  -4.85367e+49  4.94425e+49  -4.97457e+49  4.94425e+49  -4.85367e+49  4.70397e+49  -4.49703e+49  4.23544e+49  -3.92247e+49  3.562e+49  -3.1585e+49  2.71691e+49  -2.24262e+49  1.74137e+49  -1.21917e+49  6.82266e+48  -1.37021e+48  -4.10116e+48  
4.19816e+48  1.4025e+48  -6.98448e+48  1.2481e+49  -1.78261e+49  2.29555e+49  -2.78072e+49  3.23226e+49  -3.64466e+49  4.01291e+49  -4.33249e+49  4.59949e+49  -4.81064e+49  4.96334e+49  -5.05572e+49  5.08663e+49  -5.05572e+49  4.96334e+49  -4.81064e+49  4.59949e+49  -4.33249e+49  4.01291e+49  -3.64466e+49  3.23226e+49  -2.78072e+49  2.29555e+49  -1.78261e+49  1.2481e+49  -6.98448e+48  1.4025e+48  4.19816e+48  
-4.24789e+48  -1.41899e+48  7.0677e+48  -1.26298e+49  1.80379e+49  -2.32263e+49  2.81322e+49  -3.2696e+49  3.68624e+49  -4.0581e+49  4.38066e+49  -4.65004e+49  4.86299e+49  -5.01695e+49  5.11007e+49  -5.14123e+49  5.11007e+49  -5.01695e+49  4.86299e+49  -4.65004e+49  4.38066e+49  -4.0581e+49  3.68624e+49  -3.2696e+49  2.81322e+49  -2.32263e+49  1.80379e+49  -1.26298e+49  7.0677e+48  -1.41899e+48  -4.24789e+48  
4.25047e+48  1.41973e+48  -7.07249e+48  1.26385e+49  -1.80495e+49  2.32394e+49  -2.8145e+49  3.27066e+49  -3.68692e+49  4.05825e+49  -4.38021e+49  4.64898e+49  -4.86136e+49  5.01487e+49  -5.10769e+49  5.13876e+49  -5.10769e+49  5.01487e+49  -4.86136e+49  4.64898e+49  -4.38021e+49  4.05825e+49  -3.68692e+49  3.27066e+49  -2.8145e+49  2.32394e+49  -1.80495e+49  1.26385e+49  -7.07249e+48  1.41973e+48  4.25047e+48  
-4.20655e+48  -1.40494e+48  6.9999e+48  -1.25089e+49  1.78637e+49  -2.29984e+49  2.78502e+49  -3.23599e+49  3.64732e+49  -4.01409e+49  4.33196e+49  -4.59719e+49  4.8067e+49  -4.95809e+49  5.04962e+49  -5.08024e+49  5.04962e+49  -4.95809e+49  4.8067e+49  -4.59719e+49  4.33196e+49  -4.01409e+49  3.64732e+49  -3.23599e+49  2.78502e+49  -2.29984e+49  1.78637e+49  -1.25089e+49  6.9999e+48  -1.40494e+48  -4.20655e+48  
4.11729e+48  1.375e+48  -6.85184e+48  1.22444e+49  -1.74854e+49  2.25097e+49  -2.72555e+49  3.1665e+49  -3.56852e+49  3.92682e+49  -4.2372e+49  4.49609e+49  -4.70052e+49  4.84819e+49  -4.93746e+49  4.96732e+49  -4.93746e+49  4.84819e+49  -4.70052e+49  4.49609e+49  -4.2372e+49  3.92682e+49  -3.56852e+49  3.1665e+49  -2.72555e+49  2.25097e+49  -1.74854e+49  1.22444e+49  -6.85184e+48  1.375e+48  4.11729e+48  
-3.9843e+48  -1.33048e+48  6.63097e+48  -1.18499e+49  1.69214e+49  -2.17821e+49  2.63718e+49  -3.06348e+49  3.45196e+49  -3.79805e+49  4.09773e+49  -4.34759e+49  4.54483e+49  -4.68726e+49  4.77334e+49  -4.80214e+49  4.77334e+49  -4.68726e+49  4.54483e+49  -4.34759e+49  4.09773e+49  -3.79805e+49  3.45196e+49  -3.06348e+49  2.63718e+49  -2.17821e+49  1.69214e+49  -1.18499e+49  6.63097e+48  -1.33048e+48  -3.9843e+48  
3.80961e+48  1.27204e+48  -6.34066e+48  1.13312e+49  -1.61802e+49  2.08266e+49  -2.52127e+49  2.92849e+49  -3.29945e+49  3.6298e+49  -3.91572e+49  4.15403e+49  -4.34207e+49  4.47784e+49  -4.55987e+49  4.58731e+49  -4.55987e+49  4.47784e+49  -4.34207e+49  4.15403e+49  -3.91572e+49  3.6298e+49  -3.29945e+49  2.92849e+49  -2.52127e+49  2.08266e+49  -1.61802e+49  1.13312e+49  -6.34066e+48  1.27204e+48  3.80961e+48  
-3.59562e+48  -1.20049e+48  5.98488e+48  -1.06956e+49  1.52721e+49  -1.96565e+49  2.3794e+49  -2.76342e+49  3.11311e+49  -3.42439e+49  3.69372e+49  -3.9181e+49  4.09511e+49  -4.22287e+49  4.30006e+49  -4.32588e+49  4.30006e+49  -4.22287e+49  4.09511e+49  -3.9181e+49  3.69372e+49  -3.42439e+49  3.11311e+49  -2.76342e+49  2.3794e+49  -1.96565e+49  1.52721e+49  -1.06956e+49  5.98488e+48  -1.20049e+48  -3.59562e+48  
3.34505e+48  1.11675e+48  -5.56815e+48  9.95097e+48  -1.42085e+49  1.82865e+49  -2.21339e+49  2.57037e+49  -2.89532e+49  3.18447e+49  -3.43456e+49  3.64285e+49  -3.80711e+49  3.92565e+49  -3.99725e+49  4.0212e+49  -3.99725e+49  3.92565e+49  -3.80711e+49  3.64285e+49  -3.43456e+49  3.18447e+49  -2.89532e+49  2.57037e+49  -2.21339e+49  1.82865e+49  -1.42085e+49  9.95097e+48  -5.56815e+48  1.11675e+48  3.34505e+48  
-3.06092e+48  -1.02182e+48  5.09546e+48  -9.10633e+48  1.30022e+49  -1.67331e+49  2.02522e+49  -2.35164e+49  2.64868e+49  -2.91291e+49  3.14136e+49  -3.33158e+49  3.48155e+49  -3.58975e+49  3.6551e+49  -3.67695e+49  3.6551e+49  -3.58975e+49  3.48155e+49  -3.33158e+49  3.14136e+49  -2.91291e+49  2.64868e+49  -2.35164e+49  2.02522e+49  -1.67331e+49  1.30022e+49  -9.10633e+48  5.09546e+48  -1.02182e+48  -3.06092e+48  
2.74644e+48  9.16782e+47  -4.57219e+48  8.17127e+48  -1.16668e+49  1.50139e+49  -1.81702e+49  2.10972e+49  -2.37599e+49  2.61278e+49  -2.81746e+49  2.98782e+49  -3.12212e+49  3.21898e+49  -3.27748e+49  3.29704e+49  -3.27748e+49  3.21898e+49  -3.12212e+49  2.98782e+49  -2.81746e+49  2.61278e+49  -2.37599e+49  2.10972e+49  -1.81702e+49  1.50139e+49  -1.16668e+49  8.17127e+48  -4.57219e+48  9.16782e+47  2.74644e+48  
-2.40505e+48  -8.02779e+47  4.00404e+48  -7.15597e+48  1.0217e+49  -1.31476e+49  1.59107e+49  -1.84724e+49  2.08023e+49  -2.28736e+49  2.46636e+49  -2.61531e+49  2.7327e+49  -2.81736e+49  2.86848e+49  -2.88557e+49  2.86848e+49  -2.81736e+49  2.7327e+49  -2.61531e+49  2.46636e+49  -2.28736e+49  2.08023e+49  -1.84724e+49  1.59107e+49  -1.31476e+49  1.0217e+49  -7.15597e+48  4.00404e+48  -8.02779e+47  -2.40505e+48  
2.04034e+48  6.8101e+47  -3.39699e+48  6.07113e+48  -8.668e+48  1.11539e+49  -1.34973e+49  1.56696e+49  -1.76448e+49  1.94004e+49  -2.09171e+49  2.21791e+49  -2.31734e+49  2.38905e+49  -2.43234e+49  2.44681e+49  -2.43234e+49  2.38905e+49  -2.31734e+49  2.21791e+49  -2.09171e+49  1.94004e+49  -1.76448e+49  1.56696e+49  -1.34973e+49  1.11539e+49  -8.668e+48  6.07113e+48  -3.39699e+48  6.8101e+47  2.04034e+48  
-1.65603e+48  -5.52715e+47  2.75724e+48  -4.9278e+48  7.03554e+48  -9.05301e+48  1.09546e+49  -1.2717e+49  1.43192e+49  -1.57431e+49  1.6973e+49  -1.79961e+49  1.88022e+49  -1.93833e+49  1.97342e+49  -1.98515e+49  1.97342e+49  -1.93833e+49  1.88022e+49  -1.79961e+49  1.6973e+49  -1.57431e+49  1.43192e+49  -1.2717e+49  1.09546e+49  -9.05301e+48  7.03554e+48  -4.9278e+48  2.75724e+48  -5.52715e+47  -1.65603e+48  
1.25593e+48  4.19164e+47  -2.09114e+48  3.73735e+48  -5.33586e+48  6.86579e+48  -8.30771e+48  9.64388e+48  -1.08585e+49  1.19377e+49  -1.28698e+49  1.3645e+49  -1.42557e+49  1.4696e+49  -1.49618e+49  1.50506e+49  -1.49618e+49  1.4696e+49  -1.42557e+49  1.3645e+49  -1.28698e+49  1.19377e+49  -1.08585e+49  9.64388e+48  -8.30771e+48  6.86579e+48  -5.33586e+48  3.73735e+48  -2.09114e+48  4.19164e+47  1.25593e+48  
-8.43925e+47  -2.81651e+47  1.40517e+48  -2.51138e+48  3.5855e+48  -4.61349e+48  5.58227e+48  -6.47992e+48  7.29581e+48  -8.02068e+48  8.64666e+48  -9.16727e+48  9.57733e+48  -9.87295e+48  1.00514e+49  -1.0111e+49  1.00514e+49  -9.87295e+48  9.57733e+48  -9.16727e+48  8.64666e+48  -8.02068e+48  7.29581e+48  -6.47992e+48  5.58227e+48  -4.61349e+48  3.5855e+48  -2.51138e+48  1.40517e+48  -2.81651e+47  -8.43925e+47  
4.23957e+47  1.41489e+47  -7.05914e+47  1.26165e+48  -1.80125e+48  2.31765e+48  -2.8043e+48  3.25518e+48  -3.66498e+48  4.02903e+48  -4.34341e+48  4.60484e+48  -4.81075e+48  4.95919e+48  -5.04879e+48  5.07874e+48  -5.04879e+48  4.95919e+48  -4.81075e+48  4.60484e+48  -4.34341e+48  4.02903e+48  -3.66498e+48  3.25518e+48  -2.8043e+48  2.31765e+48  -1.80125e+48  1.26165e+48  -7.05914e+47  1.41489e+47  4.23957e+47  
0  0  0  0  0  0  0  0  0  0  0  0  0  0  0  0  0  0  0  0  0  0  0  0  0  0  0  0  0  0  0  
