1  1  1  1  1  1  1  1  1  1  1  1  1  1  1  1  1  1  1  1  1  1  1  1  1  1  1  1  1  1  1  
0.97468  0.974453  0.973771  0.972665  0.971184  0.969392  0.967369  0.965203  0.962989  0.960824  0.958802  0.957013  0.955532  0.954427  0.953743  0.953512  0.953743  0.954427  0.955532  0.957013  0.958802  0.960824  0.962989  0.965203  0.967369  0.969392  0.971184  0.972665  0.973771  0.974453  0.97468  
0.949328  0.948876  0.947522  0.945326  0.942384  0.938826  0.934808  0.930507  0.926111  0.921812  0.917798  0.914245  0.911306  0.909111  0.907754  0.907296  0.907754  0.909111  0.911306  0.914245  0.917798  0.921812  0.926111  0.930507  0.934808  0.938826  0.942384  0.945326  0.947522  0.948876  0.949328  
0.923909  0.92324  0.921232  0.917976  0.913613  0.908338  0.902382  0.896006  0.88949  0.883119  0.877171  0.871906  0.867552  0.8643  0.86229  0.86161  0.86229  0.8643  0.867552  0.871906  0.877171  0.883119  0.88949  0.896006  0.902382  0.908338  0.913613  0.917976  0.921232  0.92324  0.923909  
0.89839  0.897511  0.894877  0.890604  0.884881  0.877961  0.870149  0.861787  0.853242  0.844888  0.83709  0.830187  0.824481  0.820218  0.817584  0.816693  0.817584  0.820218  0.824481  0.830187  0.83709  0.844888  0.853242  0.861787  0.870149  0.877961  0.884881  0.890604  0.894877  0.897511  0.89839  
0.87273  0.871654  0.868428  0.863196  0.856189  0.847717  0.838153  0.827918  0.817461  0.807239  0.797698  0.789253  0.782272  0.777058  0.773836  0.772747  0.773836  0.777058  0.782272  0.789253  0.797698  0.807239  0.817461  0.827918  0.838153  0.847717  0.856189  0.863196  0.868428  0.871654  0.87273  
0.846886  0.845628  0.841853  0.835729  0.82753  0.817617  0.806427  0.794455  0.782223  0.770268  0.75911  0.749236  0.741074  0.734978  0.731212  0.729938  0.731212  0.734978  0.741074  0.749236  0.75911  0.770268  0.782223  0.794455  0.806427  0.817617  0.82753  0.835729  0.841853  0.845628  0.846886  
0.820812  0.819386  0.81511  0.808173  0.798885  0.787658  0.774986  0.761427  0.747578  0.734042  0.721411  0.710234  0.700995  0.694095  0.689832  0.68839  0.689832  0.694095  0.700995  0.710234  0.721411  0.734042  0.747578  0.761427  0.774986  0.787658  0.798885  0.808173  0.81511  0.819386  0.820812  
0.794453  0.792878  0.788153  0.780489  0.770227  0.757823  0.743825  0.728848  0.713551  0.698601  0.684651  0.672307  0.662104  0.654484  0.649776  0.648184  0.649776  0.654484  0.662104  0.672307  0.684651  0.698601  0.713551  0.728848  0.743825  0.757823  0.770227  0.780489  0.788153  0.792878  0.794453  
0.767749  0.766044  0.760926  0.752627  0.741514  0.728082  0.712924  0.696706  0.680141  0.663953  0.648848  0.635481  0.624433  0.616182  0.611084  0.60936  0.611084  0.616182  0.624433  0.635481  0.648848  0.663953  0.680141  0.696706  0.712924  0.728082  0.741514  0.752627  0.760926  0.766044  0.767749  
0.740634  0.738817  0.733367  0.724528  0.712693  0.698388  0.682243  0.66497  0.647326  0.630082  0.61399  0.599751  0.58798  0.579189  0.573757  0.57192  0.573757  0.579189  0.58798  0.599751  0.61399  0.630082  0.647326  0.66497  0.682243  0.698388  0.712693  0.724528  0.733367  0.738817  0.740634  
0.713033  0.711126  0.705404  0.696124  0.683699  0.668679  0.651726  0.633587  0.615056  0.596945  0.580041  0.565081  0.552714  0.543476  0.537768  0.535838  0.537768  0.543476  0.552714  0.565081  0.580041  0.596945  0.615056  0.633587  0.651726  0.668679  0.683699  0.696124  0.705404  0.711126  0.713033  
0.684865  0.682888  0.676957  0.667337  0.654455  0.638881  0.621302  0.60249  0.583268  0.564478  0.546939  0.531413  0.518577  0.508988  0.503063  0.501059  0.503063  0.508988  0.518577  0.531413  0.546939  0.564478  0.583268  0.60249  0.621302  0.638881  0.654455  0.667337  0.676957  0.682888  0.684865  
0.656043  0.654017  0.647939  0.63808  0.624876  0.608911  0.590887  0.571595  0.55188  0.532603  0.514605  0.498671  0.485495  0.47565  0.469567  0.467509  0.469567  0.47565  0.485495  0.498671  0.514605  0.532603  0.55188  0.571595  0.590887  0.608911  0.624876  0.63808  0.647939  0.654017  0.656043  
0.626474  0.624419  0.618256  0.608258  0.594867  0.578673  0.560386  0.540809  0.520798  0.501226  0.482949  0.466764  0.453378  0.443375  0.437193  0.435102  0.437193  0.443375  0.453378  0.466764  0.482949  0.501226  0.520798  0.540809  0.560386  0.578673  0.594867  0.608258  0.618256  0.624419  0.626474  
0.596058  0.593996  0.58781  0.577773  0.564329  0.548066  0.529699  0.51003  0.48992  0.470247  0.451871  0.435594  0.422129  0.412067  0.405847  0.403742  0.405847  0.412067  0.422129  0.435594  0.451871  0.470247  0.48992  0.51003  0.529699  0.548066  0.564329  0.577773  0.58781  0.593996  0.596058  
0.564697  0.562648  0.556499  0.546523  0.533157  0.516987  0.498719  0.479152  0.459142  0.43956  0.421265  0.405057  0.391647  0.381623  0.375427  0.37333  0.375427  0.381623  0.391647  0.405057  0.421265  0.43956  0.459142  0.479152  0.498719  0.516987  0.533157  0.546523  0.556499  0.562648  0.564697  
0.532291  0.530275  0.524224  0.514406  0.50125  0.48533  0.467342  0.448071  0.428356  0.409061  0.391029  0.375051  0.361829  0.351944  0.345833  0.343766  0.345833  0.351944  0.361829  0.375051  0.391029  0.409061  0.428356  0.448071  0.467342  0.48533  0.50125  0.514406  0.524224  0.530275  0.532291  
0.498745  0.49678  0.490887  0.481324  0.468508  0.452997  0.435468  0.416683  0.397463  0.378648  0.361062  0.345475  0.332576  0.322931  0.316968  0.314951  0.316968  0.322931  0.332576  0.345475  0.361062  0.378648  0.397463  0.416683  0.435468  0.452997  0.468508  0.481324  0.490887  0.49678  0.498745  
0.46397  0.462078  0.456402  0.447189  0.434842  0.419896  0.403002  0.384897  0.366368  0.348227  0.331267  0.316236  0.303793  0.29449  0.288738  0.286792  0.288738  0.29449  0.303793  0.316236  0.331267  0.348227  0.366368  0.384897  0.403002  0.419896  0.434842  0.447189  0.456402  0.462078  0.46397  
0.427895  0.426094  0.420693  0.411926  0.400174  0.385948  0.369867  0.352629  0.334988  0.317713  0.301562  0.287246  0.275395  0.266534  0.261055  0.259201  0.261055  0.266534  0.275395  0.287246  0.301562  0.317713  0.334988  0.352629  0.369867  0.385948  0.400174  0.411926  0.420693  0.426094  0.427895  
0.390465  0.388775  0.383706  0.375477  0.364447  0.351094  0.335998  0.319816  0.303254  0.287035  0.271871  0.25843  0.247303  0.238983  0.233838  0.232098  0.233838  0.238983  0.247303  0.25843  0.271871  0.287035  0.303254  0.319816  0.335998  0.351094  0.364447  0.375477  0.383706  0.388775  0.390465  
0.351652  0.350092  0.34541  0.337812  0.327626  0.315294  0.301354  0.28641  0.271115  0.256137  0.242134  0.229722  0.219447  0.211765  0.207015  0.205407  0.207015  0.211765  0.219447  0.229722  0.242134  0.256137  0.271115  0.28641  0.301354  0.315294  0.327626  0.337812  0.34541  0.350092  0.351652  
0.31146  0.310047  0.305808  0.298927  0.289704  0.278539  0.265916  0.252386  0.238539  0.22498  0.212305  0.201069  0.19177  0.184817  0.180518  0.179063  0.180518  0.184817  0.19177  0.201069  0.212305  0.22498  0.238539  0.252386  0.265916  0.278539  0.289704  0.298927  0.305808  0.310047  0.31146  
0.269929  0.26868  0.264935  0.258856  0.250708  0.240845  0.229695  0.217745  0.205516  0.193543  0.182351  0.172431  0.164221  0.158083  0.154289  0.153005  0.154289  0.158083  0.164221  0.172431  0.182351  0.193543  0.205516  0.217745  0.229695  0.240845  0.250708  0.258856  0.264935  0.26868  0.269929  
0.227138  0.22607  0.222867  0.217667  0.210698  0.202263  0.192729  0.182511  0.172056  0.161821  0.152255  0.143778  0.136762  0.131517  0.128275  0.127178  0.128275  0.131517  0.136762  0.143778  0.152255  0.161821  0.172056  0.182511  0.192729  0.202263  0.210698  0.217667  0.222867  0.22607  0.227138  
0.183213  0.18234  0.17972  0.17547  0.169773  0.162878  0.155085  0.146735  0.138193  0.129831  0.122016  0.115092  0.109362  0.105079  0.102431  0.101536  0.102431  0.105079  0.109362  0.115092  0.122016  0.129831  0.138193  0.146735  0.155085  0.162878  0.169773  0.17547  0.17972  0.18234  0.183213  
0.138317  0.137651  0.135653  0.13241  0.128063  0.122804  0.11686  0.110492  0.103978  0.0976023  0.0916447  0.0863663  0.081999  0.0787346  0.0767166  0.0760339  0.0767166  0.0787346  0.081999  0.0863663  0.0916447  0.0976023  0.103978  0.110492  0.11686  0.122804  0.128063  0.13241  0.135653  0.137651  0.138317  
0.0926553  0.0922057  0.0908568  0.0886679  0.0857346  0.0821851  0.0781743  0.0738775  0.0694824  0.0651814  0.0611627  0.0576026  0.0546571  0.0524555  0.0510947  0.0506343  0.0510947  0.0524555  0.0546571  0.0576026  0.0611627  0.0651814  0.0694824  0.0738775  0.0781743  0.0821851  0.0857346  0.0886679  0.0908568  0.0922057  0.0926553  
0.0464632  0.0462367  0.0455572  0.0444545  0.042977  0.041189  0.0391689  0.0370048  0.0347914  0.0326255  0.0306019  0.0288093  0.0273262  0.0262178  0.0255326  0.0253009  0.0255326  0.0262178  0.0273262  0.0288093  0.0306019  0.0326255  0.0347914  0.0370048  0.0391689  0.041189  0.042977  0.0444545  0.0455572  0.0462367  0.0464632  
0  0  0  0  0  0  0  0  0  0  0  0  0  0  0  0  0  0  0  0  0  0  0  0  0  0  0  0  0  0  0  
