1  1  1  1  1  1  1  1  1  1  1  1  1  1  1  1  1  1  1  1  1  1  1  1  1  1  1  1  1  1  1  
0.974965  0.974711  0.97395  0.972715  0.971061  0.969062  0.966805  0.964389  0.96192  0.959507  0.957254  0.95526  0.953611  0.95238  0.951619  0.951361  0.951619  0.95238  0.953611  0.95526  0.957254  0.959507  0.96192  0.964389  0.966805  0.969062  0.971061  0.972715  0.97395  0.974711  0.974965  
0.94991  0.949406  0.947895  0.945444  0.942162  0.938193  0.933713  0.928919  0.92402  0.919232  0.914762  0.910806  0.907536  0.905093  0.903584  0.903074  0.903584  0.905093  0.907536  0.910806  0.914762  0.919232  0.92402  0.928919  0.933713  0.938193  0.942162  0.945444  0.947895  0.949406  0.94991  
0.924815  0.924069  0.92183  0.918199  0.913337  0.907458  0.900824  0.893724  0.886472  0.879383  0.872767  0.866913  0.862073  0.858459  0.856226  0.85547  0.856226  0.858459  0.862073  0.866913  0.872767  0.879383  0.886472  0.893724  0.900824  0.907458  0.913337  0.918199  0.92183  0.924069  0.924815  
0.899656  0.898678  0.895744  0.890986  0.884615  0.876914  0.868223  0.858925  0.849428  0.840147  0.831487  0.823824  0.817491  0.812761  0.809839  0.808851  0.809839  0.812761  0.817491  0.823824  0.831487  0.840147  0.849428  0.858925  0.868223  0.876914  0.884615  0.890986  0.895744  0.898678  0.899656  
0.874405  0.873209  0.869622  0.863804  0.856015  0.846602  0.83598  0.824619  0.813016  0.80168  0.791104  0.781747  0.774015  0.768242  0.764675  0.763469  0.764675  0.768242  0.774015  0.781747  0.791104  0.80168  0.813016  0.824619  0.83598  0.846602  0.856015  0.863804  0.869622  0.873209  0.874405  
0.849027  0.84763  0.843439  0.836642  0.827544  0.81655  0.804146  0.79088  0.777336  0.764104  0.751762  0.740845  0.731824  0.725089  0.720928  0.719521  0.720928  0.725089  0.731824  0.740845  0.751762  0.764104  0.777336  0.79088  0.804146  0.81655  0.827544  0.836642  0.843439  0.84763  0.849027  
0.823481  0.821902  0.817163  0.809479  0.799193  0.786765  0.772746  0.757755  0.742451  0.727502  0.71356  0.701229  0.69104  0.683434  0.678735  0.677146  0.678735  0.683434  0.69104  0.701229  0.71356  0.727502  0.742451  0.757755  0.772746  0.786765  0.799193  0.809479  0.817163  0.821902  0.823481  
0.797718  0.795976  0.790751  0.782278  0.770938  0.757236  0.741782  0.725258  0.70839  0.691915  0.67655  0.662961  0.651734  0.643352  0.638175  0.636424  0.638175  0.643352  0.651734  0.662961  0.67655  0.691915  0.70839  0.725258  0.741782  0.757236  0.770938  0.782278  0.790751  0.795976  0.797718  
0.771678  0.769795  0.764148  0.754992  0.742737  0.727931  0.711231  0.693375  0.675148  0.657345  0.640742  0.626058  0.613925  0.604867  0.599272  0.59738  0.599272  0.604867  0.613925  0.626058  0.640742  0.657345  0.675148  0.693375  0.711231  0.727931  0.742737  0.754992  0.764148  0.769795  0.771678  
0.745291  0.74329  0.737289  0.727557  0.714532  0.698795  0.681044  0.662063  0.642686  0.623759  0.606106  0.59049  0.577588  0.567953  0.562002  0.559989  0.562002  0.567953  0.577588  0.59049  0.606106  0.623759  0.642686  0.662063  0.681044  0.698795  0.714532  0.727557  0.737289  0.74329  0.745291  
0.718477  0.716381  0.710093  0.699896  0.686247  0.669755  0.65115  0.631254  0.610938  0.591091  0.572576  0.556195  0.542658  0.532549  0.526303  0.524191  0.526303  0.532549  0.542658  0.556195  0.572576  0.591091  0.610938  0.631254  0.65115  0.669755  0.686247  0.699896  0.710093  0.716381  0.718477  
0.691144  0.688976  0.682469  0.671917  0.657791  0.64072  0.621459  0.600855  0.579812  0.559249  0.54006  0.52308  0.509044  0.49856  0.492082  0.489892  0.492082  0.49856  0.509044  0.52308  0.54006  0.559249  0.579812  0.600855  0.621459  0.64072  0.657791  0.671917  0.682469  0.688976  0.691144  
0.66319  0.660971  0.654313  0.643516  0.629058  0.611583  0.591859  0.570755  0.549195  0.528118  0.508445  0.49103  0.476631  0.465873  0.459226  0.456977  0.459226  0.465873  0.476631  0.49103  0.508445  0.528118  0.549195  0.570755  0.591859  0.611583  0.629058  0.643516  0.654313  0.660971  0.66319  
0.634501  0.632254  0.625511  0.614575  0.599929  0.582221  0.562229  0.54083  0.518959  0.497572  0.477601  0.459917  0.44529  0.43436  0.427605  0.42532  0.427605  0.43436  0.44529  0.459917  0.477601  0.497572  0.518959  0.54083  0.562229  0.582221  0.599929  0.614575  0.625511  0.632254  0.634501  
0.604954  0.6027  0.595938  0.584969  0.570275  0.552504  0.532433  0.510942  0.488969  0.467473  0.447392  0.429604  0.414887  0.403887  0.397088  0.394787  0.397088  0.403887  0.414887  0.429604  0.447392  0.467473  0.488969  0.510942  0.532433  0.552504  0.570275  0.584969  0.595938  0.6027  0.604954  
0.574419  0.57218  0.565463  0.554563  0.53996  0.522293  0.502333  0.480952  0.459083  0.437679  0.417677  0.399953  0.385284  0.374318  0.367539  0.365245  0.367539  0.374318  0.385284  0.399953  0.417677  0.437679  0.459083  0.480952  0.502333  0.522293  0.53996  0.554563  0.565463  0.57218  0.574419  
0.542763  0.540559  0.533949  0.523222  0.508846  0.491449  0.471787  0.450718  0.429159  0.408051  0.388319  0.370828  0.356349  0.345522  0.338827  0.336562  0.338827  0.345522  0.356349  0.370828  0.388319  0.408051  0.429159  0.450718  0.471787  0.491449  0.508846  0.523222  0.533949  0.540559  0.542763  
0.509852  0.507705  0.501263  0.490809  0.476797  0.459834  0.440658  0.420102  0.399061  0.378455  0.359185  0.3421  0.327954  0.317374  0.310831  0.308617  0.310831  0.317374  0.327954  0.3421  0.359185  0.378455  0.399061  0.420102  0.440658  0.459834  0.476797  0.490809  0.501263  0.507705  0.509852  
0.475558  0.473488  0.467278  0.457197  0.443683  0.42732  0.408818  0.388978  0.368666  0.348767  0.330155  0.31365  0.299982  0.289759  0.283436  0.281296  0.283436  0.289759  0.299982  0.31365  0.330155  0.348767  0.368666  0.388978  0.408818  0.42732  0.443683  0.457197  0.467278  0.473488  0.475558  
0.439769  0.437796  0.431879  0.422272  0.409392  0.393794  0.376153  0.357234  0.33786  0.318878  0.301121  0.285372  0.272329  0.262572  0.256538  0.254496  0.256538  0.262572  0.272329  0.285372  0.301121  0.318878  0.33786  0.357234  0.376153  0.393794  0.409392  0.422272  0.431879  0.437796  0.439769  
0.40239  0.400536  0.394972  0.38594  0.373829  0.359162  0.342571  0.324777  0.306553  0.288697  0.271991  0.257174  0.244903  0.235723  0.230046  0.228125  0.230046  0.235723  0.244903  0.257174  0.271991  0.288697  0.306553  0.324777  0.342571  0.359162  0.373829  0.38594  0.394972  0.400536  0.40239  
0.363361  0.361645  0.356497  0.348139  0.336933  0.323359  0.308007  0.29154  0.274676  0.258151  0.242692  0.228981  0.217626  0.209132  0.203879  0.202101  0.203879  0.209132  0.217626  0.228981  0.242692  0.258151  0.274676  0.29154  0.308007  0.323359  0.336933  0.348139  0.356497  0.361645  0.363361  
0.322656  0.321099  0.316427  0.308843  0.298674  0.286357  0.272426  0.257485  0.242185  0.227194  0.213171  0.200735  0.190436  0.182733  0.177969  0.176357  0.177969  0.182733  0.190436  0.200735  0.213171  0.227194  0.242185  0.257485  0.272426  0.286357  0.298674  0.308843  0.316427  0.321099  0.322656  
0.280303  0.278924  0.274787  0.268072  0.259067  0.248163  0.235832  0.222607  0.209066  0.195801  0.183395  0.172393  0.163284  0.156471  0.152257  0.150832  0.152257  0.156471  0.163284  0.172393  0.183395  0.195801  0.209066  0.222607  0.235832  0.248163  0.259067  0.268072  0.274787  0.278924  0.280303  
0.236379  0.235197  0.231651  0.225894  0.218177  0.208832  0.198265  0.186935  0.175336  0.163975  0.153351  0.143932  0.136134  0.130302  0.126696  0.125476  0.126696  0.130302  0.136134  0.143932  0.153351  0.163975  0.175336  0.186935  0.198265  0.208832  0.218177  0.225894  0.231651  0.235197  0.236379  
0.191023  0.190055  0.18715  0.182434  0.176113  0.16846  0.159808  0.150532  0.141038  0.131741  0.123048  0.115342  0.108964  0.104194  0.101245  0.100247  0.101245  0.104194  0.108964  0.115342  0.123048  0.131741  0.141038  0.150532  0.159808  0.16846  0.176113  0.182434  0.18715  0.190055  0.191023  
0.144433  0.143693  0.141473  0.137869  0.133039  0.127192  0.120582  0.113498  0.106247  0.0991486  0.0925126  0.0866311  0.081763  0.0781234  0.0758732  0.0751118  0.0758732  0.0781234  0.081763  0.0866311  0.0925126  0.0991486  0.106247  0.113498  0.120582  0.127192  0.133039  0.137869  0.141473  0.143693  0.144433  
0.0968607  0.0963605  0.09486  0.0924248  0.0891608  0.08521  0.0807445  0.0759589  0.0710621  0.0662682  0.0617875  0.0578167  0.0545305  0.0520737  0.0505549  0.050041  0.0505549  0.0520737  0.0545305  0.0578167  0.0617875  0.0662682  0.0710621  0.0759589  0.0807445  0.08521  0.0891608  0.0924248  0.09486  0.0963605  0.0968607  
0.0486055  0.0483534  0.0475969  0.0463692  0.0447237  0.0427322  0.0404814  0.0380694  0.0356017  0.0331861  0.0309284  0.0289279  0.0272723  0.0260347  0.0252696  0.0250108  0.0252696  0.0260347  0.0272723  0.0289279  0.0309284  0.0331861  0.0356017  0.0380694  0.0404814  0.0427322  0.0447237  0.0463692  0.0475969  0.0483534  0.0486055  
0  0  0  0  0  0  0  0  0  0  0  0  0  0  0  0  0  0  0  0  0  0  0  0  0  0  0  0  0  0  0  
