1  1  1  1  1  1  1  1  1  1  1  1  1  1  1  1  1  1  1  1  1  1  1  1  1  1  1  1  1  1  1  
0.97409  0.973798  0.972924  0.971506  0.969609  0.967317  0.964733  0.961971  0.959152  0.956399  0.953833  0.951564  0.94969  0.94829  0.947426  0.947134  0.947426  0.94829  0.94969  0.951564  0.953833  0.956399  0.959152  0.961971  0.964733  0.967317  0.969609  0.971506  0.972924  0.973798  0.97409  
0.948209  0.947631  0.945898  0.943089  0.939329  0.934789  0.929671  0.9242  0.918619  0.91317  0.90809  0.9036  0.899891  0.897122  0.895413  0.894835  0.895413  0.897122  0.899891  0.9036  0.90809  0.91317  0.918619  0.9242  0.929671  0.934789  0.939329  0.943089  0.945898  0.947631  0.948209  
0.922384  0.92153  0.91897  0.91482  0.909268  0.902564  0.895007  0.886933  0.878698  0.87066  0.86317  0.85655  0.851083  0.847004  0.844484  0.843633  0.844484  0.847004  0.851083  0.85655  0.86317  0.87066  0.878698  0.886933  0.895007  0.902564  0.909268  0.91482  0.91897  0.92153  0.922384  
0.896637  0.895523  0.89218  0.886763  0.879517  0.87077  0.860913  0.850386  0.839651  0.829179  0.819423  0.810802  0.803686  0.798377  0.795099  0.793991  0.795099  0.798377  0.803686  0.810802  0.819423  0.829179  0.839651  0.850386  0.860913  0.87077  0.879517  0.886763  0.89218  0.895523  0.896637  
0.870981  0.869625  0.865557  0.858966  0.850151  0.839512  0.827529  0.814735  0.801694  0.788977  0.777133  0.766672  0.758038  0.751598  0.747622  0.746278  0.747622  0.751598  0.758038  0.766672  0.777133  0.788977  0.801694  0.814735  0.827529  0.839512  0.850151  0.858966  0.865557  0.869625  0.870981  
0.845419  0.843843  0.839117  0.831459  0.821221  0.808868  0.794958  0.780112  0.764984  0.750237  0.736508  0.724384  0.714382  0.706921  0.702316  0.70076  0.702316  0.706921  0.714382  0.724384  0.736508  0.750237  0.764984  0.780112  0.794958  0.808868  0.821221  0.831459  0.839117  0.843843  0.845419  
0.81994  0.81817  0.812859  0.804254  0.792752  0.778878  0.763259  0.746593  0.729616  0.713071  0.697671  0.684075  0.672858  0.664494  0.659332  0.657587  0.659332  0.664494  0.672858  0.684075  0.697671  0.713071  0.729616  0.746593  0.763259  0.778878  0.792752  0.804254  0.812859  0.81817  0.81994  
0.79452  0.792581  0.786763  0.777337  0.76474  0.749548  0.732447  0.714203  0.695623  0.677516  0.660664  0.645787  0.633515  0.624364  0.618716  0.616807  0.618716  0.624364  0.633515  0.645787  0.660664  0.677516  0.695623  0.714203  0.732447  0.749548  0.76474  0.777337  0.786763  0.792581  0.79452  
0.769115  0.767034  0.760789  0.750673  0.737152  0.720847  0.702495  0.682916  0.662975  0.643542  0.625455  0.609486  0.596312  0.586487  0.580423  0.578373  0.580423  0.586487  0.596312  0.609486  0.625455  0.643542  0.662975  0.682916  0.702495  0.720847  0.737152  0.750673  0.760789  0.767034  0.769115  
0.743665  0.741468  0.734876  0.724197  0.709924  0.692709  0.673331  0.652655  0.631592  0.611061  0.591946  0.575066  0.561136  0.550745  0.544331  0.542162  0.544331  0.550745  0.561136  0.575066  0.591946  0.611061  0.631592  0.652655  0.673331  0.692709  0.709924  0.724197  0.734876  0.741468  0.743665  
0.718086  0.715799  0.708938  0.697821  0.682961  0.665034  0.644848  0.623302  0.601345  0.579932  0.559987  0.542366  0.52782  0.516965  0.510263  0.507997  0.510263  0.516965  0.52782  0.542366  0.559987  0.579932  0.601345  0.623302  0.644848  0.665034  0.682961  0.697821  0.708938  0.715799  0.718086  
0.692273  0.689921  0.682865  0.67143  0.65614  0.637688  0.616901  0.594702  0.572066  0.549977  0.52939  0.511191  0.496159  0.484937  0.478006  0.475662  0.478006  0.484937  0.496159  0.511191  0.52939  0.549977  0.572066  0.594702  0.616901  0.637688  0.65614  0.67143  0.682865  0.689921  0.692273  
0.666098  0.663704  0.656522  0.644882  0.629311  0.610511  0.589319  0.566672  0.543561  0.520991  0.499939  0.481316  0.465923  0.454427  0.447323  0.444921  0.447323  0.454427  0.465923  0.481316  0.499939  0.520991  0.543561  0.566672  0.589319  0.610511  0.629311  0.644882  0.656522  0.663704  0.666098  
0.639407  0.636993  0.629752  0.618012  0.6023  0.583318  0.561906  0.539004  0.515613  0.492749  0.471405  0.452507  0.436876  0.425196  0.417976  0.415533  0.417976  0.425196  0.436876  0.452507  0.471405  0.492749  0.515613  0.539004  0.561906  0.583318  0.6023  0.618012  0.629752  0.636993  0.639407  
0.612022  0.609609  0.60237  0.590629  0.574909  0.555903  0.534446  0.511477  0.487994  0.465018  0.443551  0.424527  0.408782  0.397009  0.389729  0.387266  0.389729  0.397009  0.408782  0.424527  0.443551  0.465018  0.487994  0.511477  0.534446  0.555903  0.574909  0.590629  0.60237  0.609609  0.612022  
0.583745  0.581352  0.574173  0.562526  0.546922  0.528044  0.506714  0.483858  0.46047  0.437566  0.416145  0.397148  0.381414  0.369643  0.362361  0.359897  0.362361  0.369643  0.381414  0.397148  0.416145  0.437566  0.46047  0.483858  0.506714  0.528044  0.546922  0.562526  0.574173  0.581352  0.583745  
0.554355  0.552  0.544938  0.533476  0.518111  0.499509  0.478475  0.455916  0.432811  0.410164  0.388967  0.370154  0.354563  0.342893  0.335672  0.333228  0.335672  0.342893  0.354563  0.370154  0.388967  0.410164  0.432811  0.455916  0.478475  0.499509  0.518111  0.533476  0.544938  0.552  0.554355  
0.523618  0.521321  0.514431  0.503243  0.48824  0.470064  0.449496  0.427422  0.404794  0.382598  0.361809  0.343347  0.328039  0.316577  0.309482  0.30708  0.309482  0.316577  0.328039  0.343347  0.361809  0.382598  0.404794  0.427422  0.449496  0.470064  0.48824  0.503243  0.514431  0.521321  0.523618  
0.491294  0.489074  0.482411  0.471592  0.457075  0.439479  0.419556  0.398159  0.376213  0.354673  0.334487  0.316552  0.301676  0.290534  0.283636  0.281301  0.283636  0.290534  0.301676  0.316552  0.334487  0.354673  0.376213  0.398159  0.419556  0.439479  0.457075  0.471592  0.482411  0.489074  0.491294  
0.457149  0.455024  0.448649  0.438292  0.424393  0.407538  0.388446  0.367932  0.346883  0.326215  0.306839  0.289619  0.275332  0.26463  0.258004  0.25576  0.258004  0.26463  0.275332  0.289619  0.306839  0.326215  0.346883  0.367932  0.388446  0.407538  0.424393  0.438292  0.448649  0.455024  0.457149  
0.420968  0.418959  0.412932  0.40314  0.389996  0.374054  0.35599  0.336576  0.31665  0.297081  0.278733  0.262424  0.248892  0.238755  0.232478  0.230353  0.232478  0.238755  0.248892  0.262424  0.278733  0.297081  0.31665  0.336576  0.35599  0.374054  0.389996  0.40314  0.412932  0.418959  0.420968  
0.382572  0.380701  0.375088  0.365969  0.353726  0.338876  0.322047  0.30396  0.285395  0.267163  0.250068  0.234874  0.222267  0.212823  0.206976  0.204996  0.206976  0.212823  0.222267  0.234874  0.250068  0.267163  0.285395  0.30396  0.322047  0.338876  0.353726  0.365969  0.375088  0.380701  0.382572  
0.34184  0.34013  0.335  0.326666  0.315478  0.301907  0.28653  0.270004  0.253044  0.236389  0.220777  0.206902  0.195393  0.186772  0.181435  0.179628  0.181435  0.186772  0.195393  0.206902  0.220777  0.236389  0.253044  0.270004  0.28653  0.301907  0.315478  0.326666  0.335  0.34013  0.34184  
0.298725  0.2972  0.292624  0.285191  0.275214  0.263114  0.249407  0.234678  0.219567  0.204732  0.190829  0.178477  0.168233  0.160561  0.155812  0.154204  0.155812  0.160561  0.168233  0.178477  0.190829  0.204732  0.219567  0.234678  0.249407  0.263114  0.275214  0.285191  0.292624  0.2972  0.298725  
0.253273  0.251957  0.248007  0.241591  0.23298  0.22254  0.210716  0.198016  0.184989  0.172206  0.16023  0.149593  0.140774  0.13417  0.130084  0.1287  0.130084  0.13417  0.140774  0.149593  0.16023  0.172206  0.184989  0.198016  0.210716  0.22254  0.23298  0.241591  0.248007  0.251957  0.253273  
0.205638  0.204552  0.201296  0.196007  0.18891  0.180308  0.170568  0.160111  0.149389  0.138871  0.129021  0.120275  0.113026  0.107599  0.104242  0.103105  0.104242  0.107599  0.113026  0.120275  0.129021  0.138871  0.149389  0.160111  0.170568  0.180308  0.18891  0.196007  0.201296  0.204552  0.205638  
0.156081  0.155247  0.152744  0.148681  0.143229  0.136623  0.129146  0.12112  0.112895  0.104829  0.0972768  0.0905743  0.0850199  0.0808631  0.0782913  0.0774208  0.0782913  0.0808631  0.0850199  0.0905743  0.0972768  0.104829  0.112895  0.12112  0.129146  0.136623  0.143229  0.148681  0.152744  0.155247  0.156081  
0.10497  0.104404  0.102706  0.0999486  0.0962502  0.0917693  0.086699  0.0812582  0.0756835  0.0702185  0.0651033  0.0605645  0.0568041  0.0539903  0.0522496  0.0516605  0.0522496  0.0539903  0.0568041  0.0605645  0.0651033  0.0702185  0.0756835  0.0812582  0.086699  0.0917693  0.0962502  0.0999486  0.102706  0.104404  0.10497  
0.0527672  0.0524811  0.0516227  0.0502291  0.04836  0.0460959  0.0435343  0.0407861  0.0379708  0.0352113  0.0326291  0.0303381  0.0284403  0.0270203  0.026142  0.0258447  0.026142  0.0270203  0.0284403  0.0303381  0.0326291  0.0352113  0.0379708  0.0407861  0.0435343  0.0460959  0.04836  0.0502291  0.0516227  0.0524811  0.0527672  
0  0  0  0  0  0  0  0  0  0  0  0  0  0  0  0  0  0  0  0  0  0  0  0  0  0  0  0  0  0  0  
