1  1  1  1  1  1  1  1  1  1  1  1  1  1  1  1  1  1  1  1  1  1  1  1  1  1  1  1  1  1  1  
0.974089  0.973797  0.972923  0.971505  0.969608  0.967316  0.964732  0.96197  0.959151  0.956398  0.953832  0.951563  0.949689  0.948289  0.947425  0.947133  0.947425  0.948289  0.949689  0.951563  0.953832  0.956398  0.959151  0.96197  0.964732  0.967316  0.969608  0.971505  0.972923  0.973797  0.974089  
0.948207  0.947629  0.945897  0.943087  0.939328  0.934788  0.929669  0.924199  0.918617  0.913168  0.908088  0.903598  0.899889  0.89712  0.895411  0.894833  0.895411  0.89712  0.899889  0.903598  0.908088  0.913168  0.918617  0.924199  0.929669  0.934788  0.939328  0.943087  0.945897  0.947629  0.948207  
0.922382  0.921528  0.918968  0.914818  0.909266  0.902561  0.895005  0.886931  0.878695  0.870658  0.863167  0.856547  0.85108  0.847  0.844481  0.84363  0.844481  0.847  0.85108  0.856547  0.863167  0.870658  0.878695  0.886931  0.895005  0.902561  0.909266  0.914818  0.918968  0.921528  0.922382  
0.896634  0.89552  0.892177  0.88676  0.879514  0.870766  0.86091  0.850382  0.839648  0.829175  0.819419  0.810799  0.803682  0.798373  0.795095  0.793987  0.795095  0.798373  0.803682  0.810799  0.819419  0.829175  0.839648  0.850382  0.86091  0.870766  0.879514  0.88676  0.892177  0.89552  0.896634  
0.870978  0.869622  0.865554  0.858962  0.850147  0.839509  0.827525  0.814731  0.80169  0.788973  0.777129  0.766667  0.758034  0.751593  0.747618  0.746274  0.747618  0.751593  0.758034  0.766667  0.777129  0.788973  0.80169  0.814731  0.827525  0.839509  0.850147  0.858962  0.865554  0.869622  0.870978  
0.845415  0.843839  0.839113  0.831455  0.821216  0.808863  0.794953  0.780107  0.764979  0.750232  0.736503  0.724379  0.714376  0.706916  0.702311  0.700754  0.702311  0.706916  0.714376  0.724379  0.736503  0.750232  0.764979  0.780107  0.794953  0.808863  0.821216  0.831455  0.839113  0.843839  0.845415  
0.819935  0.818165  0.812854  0.804249  0.792747  0.778872  0.763253  0.746587  0.729611  0.713065  0.697665  0.684069  0.672852  0.664488  0.659326  0.657581  0.659326  0.664488  0.672852  0.684069  0.697665  0.713065  0.729611  0.746587  0.763253  0.778872  0.792747  0.804249  0.812854  0.818165  0.819935  
0.794515  0.792575  0.786757  0.777332  0.764734  0.749542  0.732441  0.714197  0.695616  0.677509  0.660658  0.645781  0.633509  0.624357  0.618709  0.6168  0.618709  0.624357  0.633509  0.645781  0.660658  0.677509  0.695616  0.714197  0.732441  0.749542  0.764734  0.777332  0.786757  0.792575  0.794515  
0.769109  0.767028  0.760783  0.750666  0.737146  0.720841  0.702488  0.682909  0.662968  0.643535  0.625448  0.609479  0.596305  0.586479  0.580415  0.578365  0.580415  0.586479  0.596305  0.609479  0.625448  0.643535  0.662968  0.682909  0.702488  0.720841  0.737146  0.750666  0.760783  0.767028  0.769109  
0.743659  0.741461  0.734869  0.72419  0.709917  0.692702  0.673324  0.652648  0.631585  0.611053  0.591939  0.575058  0.561128  0.550737  0.544323  0.542155  0.544323  0.550737  0.561128  0.575058  0.591939  0.611053  0.631585  0.652648  0.673324  0.692702  0.709917  0.72419  0.734869  0.741461  0.743659  
0.718079  0.715792  0.70893  0.697814  0.682953  0.665026  0.64484  0.623294  0.601337  0.579924  0.55998  0.542359  0.527812  0.516958  0.510256  0.50799  0.510256  0.516958  0.527812  0.542359  0.55998  0.579924  0.601337  0.623294  0.64484  0.665026  0.682953  0.697814  0.70893  0.715792  0.718079  
0.692266  0.689913  0.682857  0.671422  0.656132  0.63768  0.616893  0.594694  0.572058  0.549969  0.529382  0.511183  0.49615  0.484929  0.477998  0.475654  0.477998  0.484929  0.49615  0.511183  0.529382  0.549969  0.572058  0.594694  0.616893  0.63768  0.656132  0.671422  0.682857  0.689913  0.692266  
0.66609  0.663696  0.656514  0.644874  0.629303  0.610503  0.589311  0.566664  0.543552  0.520983  0.499931  0.481308  0.465915  0.454419  0.447315  0.444913  0.447315  0.454419  0.465915  0.481308  0.499931  0.520983  0.543552  0.566664  0.589311  0.610503  0.629303  0.644874  0.656514  0.663696  0.66609  
0.639398  0.636984  0.629743  0.618003  0.602292  0.58331  0.561897  0.538996  0.515604  0.49274  0.471396  0.452498  0.436868  0.425188  0.417968  0.415525  0.417968  0.425188  0.436868  0.452498  0.471396  0.49274  0.515604  0.538996  0.561897  0.58331  0.602292  0.618003  0.629743  0.636984  0.639398  
0.612013  0.6096  0.602362  0.590621  0.5749  0.555894  0.534438  0.511468  0.487985  0.46501  0.443542  0.424519  0.408774  0.397001  0.389721  0.387258  0.389721  0.397001  0.408774  0.424519  0.443542  0.46501  0.487985  0.511468  0.534438  0.555894  0.5749  0.590621  0.602362  0.6096  0.612013  
0.583736  0.581343  0.574164  0.562517  0.546913  0.528035  0.506705  0.48385  0.460462  0.437557  0.416137  0.39714  0.381406  0.369635  0.362354  0.35989  0.362354  0.369635  0.381406  0.39714  0.416137  0.437557  0.460462  0.48385  0.506705  0.528035  0.546913  0.562517  0.574164  0.581343  0.583736  
0.554345  0.551991  0.544929  0.533467  0.518102  0.499501  0.478466  0.455907  0.432803  0.410156  0.388959  0.370146  0.354555  0.342886  0.335665  0.333221  0.335665  0.342886  0.354555  0.370146  0.388959  0.410156  0.432803  0.455907  0.478466  0.499501  0.518102  0.533467  0.544929  0.551991  0.554345  
0.523609  0.521312  0.514421  0.503234  0.488231  0.470056  0.449488  0.427413  0.404786  0.38259  0.361801  0.34334  0.328032  0.31657  0.309475  0.307073  0.309475  0.31657  0.328032  0.34334  0.361801  0.38259  0.404786  0.427413  0.449488  0.470056  0.488231  0.503234  0.514421  0.521312  0.523609  
0.491285  0.489064  0.482402  0.471583  0.457066  0.43947  0.419547  0.398151  0.376205  0.354665  0.334479  0.316545  0.301669  0.290527  0.283629  0.281294  0.283629  0.290527  0.301669  0.316545  0.334479  0.354665  0.376205  0.398151  0.419547  0.43947  0.457066  0.471583  0.482402  0.489064  0.491285  
0.45714  0.455015  0.44864  0.438283  0.424384  0.40753  0.388438  0.367924  0.346875  0.326207  0.306832  0.289612  0.275326  0.264624  0.257998  0.255754  0.257998  0.264624  0.275326  0.289612  0.306832  0.326207  0.346875  0.367924  0.388438  0.40753  0.424384  0.438283  0.44864  0.455015  0.45714  
0.420959  0.41895  0.412923  0.403132  0.389988  0.374046  0.355982  0.336568  0.316643  0.297074  0.278726  0.262418  0.248886  0.238749  0.232473  0.230347  0.232473  0.238749  0.248886  0.262418  0.278726  0.297074  0.316643  0.336568  0.355982  0.374046  0.389988  0.403132  0.412923  0.41895  0.420959  
0.382564  0.380693  0.37508  0.365961  0.353718  0.338868  0.32204  0.303953  0.285389  0.267156  0.250061  0.234868  0.222261  0.212818  0.206971  0.204991  0.206971  0.212818  0.222261  0.234868  0.250061  0.267156  0.285389  0.303953  0.32204  0.338868  0.353718  0.365961  0.37508  0.380693  0.382564  
0.341832  0.340122  0.334993  0.326659  0.31547  0.3019  0.286523  0.269997  0.253037  0.236384  0.220771  0.206897  0.195388  0.186767  0.18143  0.179623  0.18143  0.186767  0.195388  0.206897  0.220771  0.236384  0.253037  0.269997  0.286523  0.3019  0.31547  0.326659  0.334993  0.340122  0.341832  
0.298718  0.297193  0.292617  0.285185  0.275208  0.263108  0.249401  0.234673  0.219561  0.204727  0.190824  0.178472  0.168228  0.160556  0.155808  0.1542  0.155808  0.160556  0.168228  0.178472  0.190824  0.204727  0.219561  0.234673  0.249401  0.263108  0.275208  0.285185  0.292617  0.297193  0.298718  
0.253267  0.251951  0.248001  0.241585  0.232975  0.222535  0.210711  0.198011  0.184985  0.172202  0.160225  0.149589  0.14077  0.134167  0.13008  0.128697  0.13008  0.134167  0.14077  0.149589  0.160225  0.172202  0.184985  0.198011  0.210711  0.222535  0.232975  0.241585  0.248001  0.251951  0.253267  
0.205633  0.204547  0.201291  0.196002  0.188905  0.180303  0.170564  0.160107  0.149385  0.138867  0.129017  0.120272  0.113023  0.107596  0.104239  0.103102  0.104239  0.107596  0.113023  0.120272  0.129017  0.138867  0.149385  0.160107  0.170564  0.180303  0.188905  0.196002  0.201291  0.204547  0.205633  
0.156077  0.155243  0.15274  0.148677  0.143226  0.13662  0.129143  0.121117  0.112892  0.104826  0.0972743  0.0905718  0.0850176  0.0808609  0.0782891  0.0774187  0.0782891  0.0808609  0.0850176  0.0905718  0.0972743  0.104826  0.112892  0.121117  0.129143  0.13662  0.143226  0.148677  0.15274  0.155243  0.156077  
0.104968  0.104401  0.102703  0.0999461  0.0962477  0.091767  0.0866967  0.0812561  0.0756815  0.0702166  0.0651016  0.0605629  0.0568025  0.0539888  0.0522481  0.051659  0.0522481  0.0539888  0.0568025  0.0605629  0.0651016  0.0702166  0.0756815  0.0812561  0.0866967  0.091767  0.0962477  0.0999461  0.102703  0.104401  0.104968  
0.0527659  0.0524798  0.0516214  0.0502278  0.0483588  0.0460947  0.0435332  0.040785  0.0379698  0.0352104  0.0326282  0.0303373  0.0284395  0.0270196  0.0261413  0.025844  0.0261413  0.0270196  0.0284395  0.0303373  0.0326282  0.0352104  0.0379698  0.040785  0.0435332  0.0460947  0.0483588  0.0502278  0.0516214  0.0524798  0.0527659  
0  0  0  0  0  0  0  0  0  0  0  0  0  0  0  0  0  0  0  0  0  0  0  0  0  0  0  0  0  0  0  
