1  1  1  1  1  1  1  1  1  1  1  1  1  1  1  1  1  1  1  1  1  1  1  1  1  1  1  1  1  1  1  
0.974088  0.973797  0.972922  0.971505  0.969607  0.967316  0.964732  0.961969  0.95915  0.956398  0.953832  0.951562  0.949688  0.948289  0.947425  0.947132  0.947425  0.948289  0.949688  0.951562  0.953832  0.956398  0.95915  0.961969  0.964732  0.967316  0.969607  0.971505  0.972922  0.973797  0.974088  
0.948206  0.947629  0.945896  0.943086  0.939327  0.934787  0.929668  0.924198  0.918616  0.913167  0.908087  0.903596  0.899888  0.897119  0.89541  0.894831  0.89541  0.897119  0.899888  0.903596  0.908087  0.913167  0.918616  0.924198  0.929668  0.934787  0.939327  0.943086  0.945896  0.947629  0.948206  
0.922381  0.921527  0.918967  0.914817  0.909264  0.90256  0.895003  0.886929  0.878694  0.870656  0.863166  0.856545  0.851078  0.846999  0.84448  0.843628  0.84448  0.846999  0.851078  0.856545  0.863166  0.870656  0.878694  0.886929  0.895003  0.90256  0.909264  0.914817  0.918967  0.921527  0.922381  
0.896633  0.895519  0.892176  0.886758  0.879512  0.870765  0.860908  0.850381  0.839646  0.829173  0.819417  0.810796  0.80368  0.798371  0.795093  0.793984  0.795093  0.798371  0.80368  0.810796  0.819417  0.829173  0.839646  0.850381  0.860908  0.870765  0.879512  0.886758  0.892176  0.895519  0.896633  
0.870976  0.86962  0.865552  0.85896  0.850145  0.839507  0.827523  0.814729  0.801688  0.78897  0.777126  0.766665  0.758031  0.75159  0.747615  0.746271  0.747615  0.75159  0.758031  0.766665  0.777126  0.78897  0.801688  0.814729  0.827523  0.839507  0.850145  0.85896  0.865552  0.86962  0.870976  
0.845413  0.843837  0.839111  0.831453  0.821214  0.808861  0.794951  0.780104  0.764977  0.750229  0.7365  0.724376  0.714373  0.706912  0.702308  0.700751  0.702308  0.706912  0.714373  0.724376  0.7365  0.750229  0.764977  0.780104  0.794951  0.808861  0.821214  0.831453  0.839111  0.843837  0.845413  
0.819933  0.818163  0.812851  0.804246  0.792744  0.77887  0.76325  0.746584  0.729608  0.713062  0.697662  0.684065  0.672849  0.664484  0.659322  0.657577  0.659322  0.664484  0.672849  0.684065  0.697662  0.713062  0.729608  0.746584  0.76325  0.77887  0.792744  0.804246  0.812851  0.818163  0.819933  
0.794512  0.792573  0.786754  0.777329  0.764732  0.749539  0.732438  0.714194  0.695613  0.677506  0.660654  0.645777  0.633505  0.624353  0.618705  0.616796  0.618705  0.624353  0.633505  0.645777  0.660654  0.677506  0.695613  0.714194  0.732438  0.749539  0.764732  0.777329  0.786754  0.792573  0.794512  
0.769107  0.767025  0.76078  0.750663  0.737143  0.720837  0.702485  0.682906  0.662965  0.643532  0.625444  0.609475  0.596301  0.586475  0.580411  0.578361  0.580411  0.586475  0.596301  0.609475  0.625444  0.643532  0.662965  0.682906  0.702485  0.720837  0.737143  0.750663  0.76078  0.767025  0.769107  
0.743655  0.741458  0.734866  0.724187  0.709914  0.692699  0.673321  0.652644  0.631581  0.611049  0.591935  0.575054  0.561124  0.550733  0.544319  0.542151  0.544319  0.550733  0.561124  0.575054  0.591935  0.611049  0.631581  0.652644  0.673321  0.692699  0.709914  0.724187  0.734866  0.741458  0.743655  
0.718075  0.715788  0.708927  0.69781  0.68295  0.665023  0.644837  0.623291  0.601333  0.57992  0.559975  0.542354  0.527808  0.516953  0.510251  0.507985  0.510251  0.516953  0.527808  0.542354  0.559975  0.57992  0.601333  0.623291  0.644837  0.665023  0.68295  0.69781  0.708927  0.715788  0.718075  
0.692262  0.68991  0.682853  0.671418  0.656128  0.637676  0.616889  0.59469  0.572054  0.549965  0.529378  0.511178  0.496146  0.484924  0.477993  0.47565  0.477993  0.484924  0.496146  0.511178  0.529378  0.549965  0.572054  0.59469  0.616889  0.637676  0.656128  0.671418  0.682853  0.68991  0.692262  
0.666086  0.663692  0.65651  0.64487  0.629299  0.610499  0.589307  0.566659  0.543548  0.520978  0.499927  0.481303  0.465911  0.454414  0.447311  0.444908  0.447311  0.454414  0.465911  0.481303  0.499927  0.520978  0.543548  0.566659  0.589307  0.610499  0.629299  0.64487  0.65651  0.663692  0.666086  
0.639394  0.63698  0.629739  0.617999  0.602287  0.583305  0.561893  0.538991  0.5156  0.492736  0.471392  0.452494  0.436864  0.425183  0.417964  0.415521  0.417964  0.425183  0.436864  0.452494  0.471392  0.492736  0.5156  0.538991  0.561893  0.583305  0.602287  0.617999  0.629739  0.63698  0.639394  
0.612009  0.609596  0.602357  0.590616  0.574896  0.55589  0.534433  0.511464  0.487981  0.465006  0.443538  0.424515  0.40877  0.396997  0.389717  0.387254  0.389717  0.396997  0.40877  0.424515  0.443538  0.465006  0.487981  0.511464  0.534433  0.55589  0.574896  0.590616  0.602357  0.609596  0.612009  
0.583731  0.581339  0.57416  0.562513  0.546909  0.528031  0.506701  0.483845  0.460457  0.437553  0.416133  0.397136  0.381402  0.369631  0.36235  0.359886  0.36235  0.369631  0.381402  0.397136  0.416133  0.437553  0.460457  0.483845  0.506701  0.528031  0.546909  0.562513  0.57416  0.581339  0.583731  
0.554341  0.551987  0.544925  0.533462  0.518098  0.499496  0.478461  0.455903  0.432798  0.410152  0.388955  0.370142  0.354551  0.342882  0.335661  0.333217  0.335661  0.342882  0.354551  0.370142  0.388955  0.410152  0.432798  0.455903  0.478461  0.499496  0.518098  0.533462  0.544925  0.551987  0.554341  
0.523604  0.521307  0.514417  0.50323  0.488227  0.470051  0.449484  0.427409  0.404782  0.382586  0.361797  0.343336  0.328028  0.316566  0.309471  0.30707  0.309471  0.316566  0.328028  0.343336  0.361797  0.382586  0.404782  0.427409  0.449484  0.470051  0.488227  0.50323  0.514417  0.521307  0.523604  
0.491281  0.48906  0.482398  0.471578  0.457062  0.439466  0.419543  0.398146  0.376201  0.354661  0.334475  0.316541  0.301665  0.290523  0.283626  0.281291  0.283626  0.290523  0.301665  0.316541  0.334475  0.354661  0.376201  0.398146  0.419543  0.439466  0.457062  0.471578  0.482398  0.48906  0.491281  
0.457136  0.455011  0.448635  0.438279  0.42438  0.407526  0.388434  0.36792  0.346871  0.326204  0.306828  0.289609  0.275322  0.26462  0.257994  0.255751  0.257994  0.26462  0.275322  0.289609  0.306828  0.326204  0.346871  0.36792  0.388434  0.407526  0.42438  0.438279  0.448635  0.455011  0.457136  
0.420955  0.418946  0.412919  0.403128  0.389984  0.374042  0.355978  0.336564  0.316639  0.297071  0.278723  0.262415  0.248883  0.238746  0.232469  0.230344  0.232469  0.238746  0.248883  0.262415  0.278723  0.297071  0.316639  0.336564  0.355978  0.374042  0.389984  0.403128  0.412919  0.418946  0.420955  
0.38256  0.380689  0.375076  0.365957  0.353714  0.338864  0.322036  0.30395  0.285385  0.267153  0.250058  0.234865  0.222258  0.212815  0.206968  0.204988  0.206968  0.212815  0.222258  0.234865  0.250058  0.267153  0.285385  0.30395  0.322036  0.338864  0.353714  0.365957  0.375076  0.380689  0.38256  
0.341828  0.340119  0.334989  0.326655  0.315467  0.301896  0.28652  0.269994  0.253034  0.236381  0.220768  0.206895  0.195385  0.186764  0.181427  0.179621  0.181427  0.186764  0.195385  0.206895  0.220768  0.236381  0.253034  0.269994  0.28652  0.301896  0.315467  0.326655  0.334989  0.340119  0.341828  
0.298714  0.297189  0.292614  0.285182  0.275205  0.263105  0.249398  0.23467  0.219559  0.204724  0.190821  0.17847  0.168226  0.160554  0.155806  0.154198  0.155806  0.160554  0.168226  0.17847  0.190821  0.204724  0.219559  0.23467  0.249398  0.263105  0.275205  0.285182  0.292614  0.297189  0.298714  
0.253265  0.251948  0.247998  0.241582  0.232972  0.222532  0.210708  0.198008  0.184982  0.172199  0.160223  0.149587  0.140768  0.134165  0.130078  0.128695  0.130078  0.134165  0.140768  0.149587  0.160223  0.172199  0.184982  0.198008  0.210708  0.222532  0.232972  0.241582  0.247998  0.251948  0.253265  
0.205631  0.204545  0.201289  0.196  0.188903  0.180301  0.170562  0.160105  0.149383  0.138866  0.129015  0.12027  0.113021  0.107595  0.104237  0.103101  0.104237  0.107595  0.113021  0.12027  0.129015  0.138866  0.149383  0.160105  0.170562  0.180301  0.188903  0.196  0.201289  0.204545  0.205631  
0.156075  0.155241  0.152739  0.148675  0.143224  0.136618  0.129141  0.121116  0.11289  0.104824  0.0972729  0.0905706  0.0850164  0.0808598  0.078288  0.0774176  0.078288  0.0808598  0.0850164  0.0905706  0.0972729  0.104824  0.11289  0.121116  0.129141  0.136618  0.143224  0.148675  0.152739  0.155241  0.156075  
0.104966  0.1044  0.102702  0.0999448  0.0962465  0.0917658  0.0866956  0.0812551  0.0756805  0.0702156  0.0651007  0.0605621  0.0568017  0.053988  0.0522474  0.0516583  0.0522474  0.053988  0.0568017  0.0605621  0.0651007  0.0702156  0.0756805  0.0812551  0.0866956  0.0917658  0.0962465  0.0999448  0.102702  0.1044  0.104966  
0.0527652  0.0524791  0.0516208  0.0502272  0.0483582  0.0460941  0.0435326  0.0407845  0.0379693  0.0352099  0.0326277  0.0303369  0.0284391  0.0270192  0.0261409  0.0258437  0.0261409  0.0270192  0.0284391  0.0303369  0.0326277  0.0352099  0.0379693  0.0407845  0.0435326  0.0460941  0.0483582  0.0502272  0.0516208  0.0524791  0.0527652  
0  0  0  0  0  0  0  0  0  0  0  0  0  0  0  0  0  0  0  0  0  0  0  0  0  0  0  0  0  0  0  
