1  1  1  1  1  1  1  1  1  1  1  1  1  1  1  1  1  1  1  1  1  1  1  1  1  1  1  1  1  1  1  
0.974088  0.973797  0.972922  0.971504  0.969607  0.967316  0.964731  0.961969  0.95915  0.956398  0.953831  0.951562  0.949688  0.948288  0.947424  0.947132  0.947424  0.948288  0.949688  0.951562  0.953831  0.956398  0.95915  0.961969  0.964731  0.967316  0.969607  0.971504  0.972922  0.973797  0.974088  
0.948206  0.947628  0.945895  0.943086  0.939327  0.934787  0.929668  0.924197  0.918615  0.913166  0.908087  0.903596  0.899887  0.897119  0.895409  0.894831  0.895409  0.897119  0.899887  0.903596  0.908087  0.913166  0.918615  0.924197  0.929668  0.934787  0.939327  0.943086  0.945895  0.947628  0.948206  
0.92238  0.921527  0.918966  0.914816  0.909264  0.902559  0.895003  0.886929  0.878693  0.870655  0.863165  0.856544  0.851077  0.846998  0.844479  0.843627  0.844479  0.846998  0.851077  0.856544  0.863165  0.870655  0.878693  0.886929  0.895003  0.902559  0.909264  0.914816  0.918966  0.921527  0.92238  
0.896632  0.895518  0.892175  0.886758  0.879511  0.870764  0.860907  0.85038  0.839645  0.829172  0.819416  0.810795  0.803679  0.798369  0.795091  0.793983  0.795091  0.798369  0.803679  0.810795  0.819416  0.829172  0.839645  0.85038  0.860907  0.870764  0.879511  0.886758  0.892175  0.895518  0.896632  
0.870975  0.869619  0.865551  0.858959  0.850144  0.839506  0.827522  0.814728  0.801687  0.788969  0.777125  0.766663  0.758029  0.751589  0.747613  0.746269  0.747613  0.751589  0.758029  0.766663  0.777125  0.788969  0.801687  0.814728  0.827522  0.839506  0.850144  0.858959  0.865551  0.869619  0.870975  
0.845412  0.843836  0.83911  0.831451  0.821213  0.80886  0.794949  0.780103  0.764975  0.750228  0.736498  0.724375  0.714371  0.706911  0.702306  0.700749  0.702306  0.706911  0.714371  0.724375  0.736498  0.750228  0.764975  0.780103  0.794949  0.80886  0.821213  0.831451  0.83911  0.843836  0.845412  
0.819932  0.818161  0.81285  0.804245  0.792743  0.778868  0.763249  0.746583  0.729606  0.71306  0.69766  0.684064  0.672847  0.664483  0.65932  0.657575  0.65932  0.664483  0.672847  0.684064  0.69766  0.71306  0.729606  0.746583  0.763249  0.778868  0.792743  0.804245  0.81285  0.818161  0.819932  
0.794511  0.792571  0.786753  0.777327  0.76473  0.749537  0.732436  0.714192  0.695611  0.677504  0.660652  0.645775  0.633503  0.624351  0.618703  0.616794  0.618703  0.624351  0.633503  0.645775  0.660652  0.677504  0.695611  0.714192  0.732436  0.749537  0.76473  0.777327  0.786753  0.792571  0.794511  
0.769105  0.767023  0.760778  0.750662  0.737141  0.720836  0.702483  0.682904  0.662963  0.64353  0.625442  0.609473  0.596299  0.586473  0.580409  0.578359  0.580409  0.586473  0.596299  0.609473  0.625442  0.64353  0.662963  0.682904  0.702483  0.720836  0.737141  0.750662  0.760778  0.767023  0.769105  
0.743654  0.741456  0.734864  0.724185  0.709912  0.692697  0.673319  0.652642  0.631579  0.611047  0.591932  0.575052  0.561122  0.550731  0.544317  0.542148  0.544317  0.550731  0.561122  0.575052  0.591932  0.611047  0.631579  0.652642  0.673319  0.692697  0.709912  0.724185  0.734864  0.741456  0.743654  
0.718074  0.715787  0.708925  0.697808  0.682948  0.665021  0.644835  0.623289  0.601331  0.579918  0.559973  0.542352  0.527806  0.516951  0.510249  0.507983  0.510249  0.516951  0.527806  0.542352  0.559973  0.579918  0.601331  0.623289  0.644835  0.665021  0.682948  0.697808  0.708925  0.715787  0.718074  
0.69226  0.689908  0.682851  0.671416  0.656126  0.637674  0.616887  0.594688  0.572052  0.549963  0.529376  0.511176  0.496144  0.484922  0.477991  0.475647  0.477991  0.484922  0.496144  0.511176  0.529376  0.549963  0.572052  0.594688  0.616887  0.637674  0.656126  0.671416  0.682851  0.689908  0.69226  
0.666084  0.66369  0.656508  0.644868  0.629297  0.610497  0.589305  0.566657  0.543546  0.520976  0.499925  0.481301  0.465909  0.454412  0.447309  0.444906  0.447309  0.454412  0.465909  0.481301  0.499925  0.520976  0.543546  0.566657  0.589305  0.610497  0.629297  0.644868  0.656508  0.66369  0.666084  
0.639392  0.636978  0.629737  0.617997  0.602285  0.583303  0.561891  0.538989  0.515598  0.492734  0.47139  0.452492  0.436862  0.425181  0.417961  0.415519  0.417961  0.425181  0.436862  0.452492  0.47139  0.492734  0.515598  0.538989  0.561891  0.583303  0.602285  0.617997  0.629737  0.636978  0.639392  
0.612007  0.609594  0.602355  0.590614  0.574894  0.555888  0.534431  0.511461  0.487978  0.465003  0.443536  0.424513  0.408768  0.396994  0.389715  0.387251  0.389715  0.396994  0.408768  0.424513  0.443536  0.465003  0.487978  0.511461  0.534431  0.555888  0.574894  0.590614  0.602355  0.609594  0.612007  
0.583729  0.581336  0.574158  0.562511  0.546907  0.528028  0.506698  0.483843  0.460455  0.437551  0.416131  0.397134  0.3814  0.369629  0.362348  0.359883  0.362348  0.369629  0.3814  0.397134  0.416131  0.437551  0.460455  0.483843  0.506698  0.528028  0.546907  0.562511  0.574158  0.581336  0.583729  
0.554339  0.551985  0.544922  0.53346  0.518096  0.499494  0.478459  0.455901  0.432796  0.410149  0.388952  0.37014  0.354549  0.34288  0.335659  0.333215  0.335659  0.34288  0.354549  0.37014  0.388952  0.410149  0.432796  0.455901  0.478459  0.499494  0.518096  0.53346  0.544922  0.551985  0.554339  
0.523602  0.521305  0.514415  0.503228  0.488225  0.470049  0.449481  0.427407  0.404779  0.382584  0.361795  0.343334  0.328026  0.316564  0.309469  0.307068  0.309469  0.316564  0.328026  0.343334  0.361795  0.382584  0.404779  0.427407  0.449481  0.470049  0.488225  0.503228  0.514415  0.521305  0.523602  
0.491279  0.489058  0.482396  0.471576  0.457059  0.439464  0.419541  0.398144  0.376199  0.354659  0.334473  0.316539  0.301664  0.290522  0.283624  0.281289  0.283624  0.290522  0.301664  0.316539  0.334473  0.354659  0.376199  0.398144  0.419541  0.439464  0.457059  0.471576  0.482396  0.489058  0.491279  
0.457134  0.455009  0.448633  0.438277  0.424378  0.407524  0.388432  0.367918  0.346869  0.326202  0.306826  0.289607  0.275321  0.264618  0.257992  0.255749  0.257992  0.264618  0.275321  0.289607  0.306826  0.326202  0.346869  0.367918  0.388432  0.407524  0.424378  0.438277  0.448633  0.455009  0.457134  
0.420953  0.418944  0.412917  0.403126  0.389982  0.37404  0.355976  0.336563  0.316637  0.297069  0.278721  0.262413  0.248882  0.238744  0.232468  0.230343  0.232468  0.238744  0.248882  0.262413  0.278721  0.297069  0.316637  0.336563  0.355976  0.37404  0.389982  0.403126  0.412917  0.418944  0.420953  
0.382558  0.380687  0.375074  0.365955  0.353713  0.338862  0.322035  0.303948  0.285384  0.267152  0.250057  0.234863  0.222257  0.212813  0.206967  0.204987  0.206967  0.212813  0.222257  0.234863  0.250057  0.267152  0.285384  0.303948  0.322035  0.338862  0.353713  0.365955  0.375074  0.380687  0.382558  
0.341827  0.340117  0.334987  0.326653  0.315465  0.301895  0.286518  0.269993  0.253033  0.236379  0.220767  0.206893  0.195384  0.186763  0.181426  0.179619  0.181426  0.186763  0.195384  0.206893  0.220767  0.236379  0.253033  0.269993  0.286518  0.301895  0.315465  0.326653  0.334987  0.340117  0.341827  
0.298713  0.297188  0.292613  0.28518  0.275203  0.263103  0.249396  0.234668  0.219557  0.204723  0.19082  0.178469  0.168225  0.160553  0.155805  0.154197  0.155805  0.160553  0.168225  0.178469  0.19082  0.204723  0.219557  0.234668  0.249396  0.263103  0.275203  0.28518  0.292613  0.297188  0.298713  
0.253263  0.251946  0.247997  0.241581  0.232971  0.222531  0.210707  0.198007  0.184981  0.172198  0.160222  0.149586  0.140767  0.134164  0.130077  0.128694  0.130077  0.134164  0.140767  0.149586  0.160222  0.172198  0.184981  0.198007  0.210707  0.222531  0.232971  0.241581  0.247997  0.251946  0.253263  
0.205629  0.204544  0.201287  0.195999  0.188902  0.1803  0.170561  0.160104  0.149382  0.138865  0.129015  0.120269  0.11302  0.107594  0.104237  0.1031  0.104237  0.107594  0.11302  0.120269  0.129015  0.138865  0.149382  0.160104  0.170561  0.1803  0.188902  0.195999  0.201287  0.204544  0.205629  
0.156074  0.15524  0.152738  0.148674  0.143223  0.136617  0.12914  0.121115  0.11289  0.104824  0.0972723  0.09057  0.0850158  0.0808592  0.0782875  0.0774171  0.0782875  0.0808592  0.0850158  0.09057  0.0972723  0.104824  0.11289  0.121115  0.12914  0.136617  0.143223  0.148674  0.152738  0.15524  0.156074  
0.104966  0.1044  0.102702  0.0999442  0.0962459  0.0917653  0.0866951  0.0812546  0.07568  0.0702152  0.0651003  0.0605617  0.0568013  0.0539876  0.052247  0.0516579  0.052247  0.0539876  0.0568013  0.0605617  0.0651003  0.0702152  0.07568  0.0812546  0.0866951  0.0917653  0.0962459  0.0999442  0.102702  0.1044  0.104966  
0.0527649  0.0524788  0.0516205  0.0502269  0.0483579  0.0460938  0.0435324  0.0407843  0.037969  0.0352097  0.0326275  0.0303366  0.0284389  0.027019  0.0261407  0.0258435  0.0261407  0.027019  0.0284389  0.0303366  0.0326275  0.0352097  0.037969  0.0407843  0.0435324  0.0460938  0.0483579  0.0502269  0.0516205  0.0524788  0.0527649  
0  0  0  0  0  0  0  0  0  0  0  0  0  0  0  0  0  0  0  0  0  0  0  0  0  0  0  0  0  0  0  
