1  1  1  1  1  1  1  1  1  1  1  1  1  1  1  1  1  1  1  1  1  1  1  1  1  1  1  1  1  1  1  
0.974088  0.973796  0.972922  0.971504  0.969607  0.967315  0.964731  0.961969  0.95915  0.956397  0.953831  0.951562  0.949687  0.948288  0.947424  0.947132  0.947424  0.948288  0.949687  0.951562  0.953831  0.956397  0.95915  0.961969  0.964731  0.967315  0.969607  0.971504  0.972922  0.973796  0.974088  
0.948206  0.947628  0.945895  0.943085  0.939326  0.934786  0.929667  0.924196  0.918615  0.913166  0.908086  0.903595  0.899886  0.897118  0.895408  0.89483  0.895408  0.897118  0.899886  0.903595  0.908086  0.913166  0.918615  0.924196  0.929667  0.934786  0.939326  0.943085  0.945895  0.947628  0.948206  
0.922379  0.921526  0.918966  0.914815  0.909263  0.902559  0.895002  0.886927  0.878692  0.870654  0.863164  0.856543  0.851076  0.846997  0.844477  0.843626  0.844477  0.846997  0.851076  0.856543  0.863164  0.870654  0.878692  0.886927  0.895002  0.902559  0.909263  0.914815  0.918966  0.921526  0.922379  
0.896631  0.895517  0.892174  0.886757  0.87951  0.870763  0.860906  0.850378  0.839643  0.829171  0.819414  0.810794  0.803677  0.798368  0.79509  0.793981  0.79509  0.798368  0.803677  0.810794  0.819414  0.829171  0.839643  0.850378  0.860906  0.870763  0.87951  0.886757  0.892174  0.895517  0.896631  
0.870974  0.869618  0.86555  0.858958  0.850142  0.839504  0.827521  0.814726  0.801685  0.788967  0.777123  0.766661  0.758027  0.751587  0.747611  0.746267  0.747611  0.751587  0.758027  0.766661  0.777123  0.788967  0.801685  0.814726  0.827521  0.839504  0.850142  0.858958  0.86555  0.869618  0.870974  
0.84541  0.843835  0.839108  0.83145  0.821211  0.808858  0.794947  0.780101  0.764973  0.750226  0.736496  0.724372  0.714369  0.706908  0.702304  0.700747  0.702304  0.706908  0.714369  0.724372  0.736496  0.750226  0.764973  0.780101  0.794947  0.808858  0.821211  0.83145  0.839108  0.843835  0.84541  
0.81993  0.81816  0.812848  0.804243  0.792741  0.778866  0.763247  0.746581  0.729604  0.713058  0.697658  0.684061  0.672845  0.66448  0.659318  0.657573  0.659318  0.66448  0.672845  0.684061  0.697658  0.713058  0.729604  0.746581  0.763247  0.778866  0.792741  0.804243  0.812848  0.81816  0.81993  
0.794508  0.792569  0.786751  0.777325  0.764728  0.749535  0.732434  0.71419  0.695609  0.677502  0.66065  0.645772  0.6335  0.624349  0.6187  0.616791  0.6187  0.624349  0.6335  0.645772  0.66065  0.677502  0.695609  0.71419  0.732434  0.749535  0.764728  0.777325  0.786751  0.792569  0.794508  
0.769103  0.767021  0.760776  0.750659  0.737139  0.720833  0.70248  0.682901  0.66296  0.643527  0.625439  0.60947  0.596296  0.58647  0.580406  0.578356  0.580406  0.58647  0.596296  0.60947  0.625439  0.643527  0.66296  0.682901  0.70248  0.720833  0.737139  0.750659  0.760776  0.767021  0.769103  
0.743651  0.741454  0.734862  0.724182  0.709909  0.692694  0.673316  0.652639  0.631576  0.611044  0.591929  0.575049  0.561119  0.550728  0.544314  0.542145  0.544314  0.550728  0.561119  0.575049  0.591929  0.611044  0.631576  0.652639  0.673316  0.692694  0.709909  0.724182  0.734862  0.741454  0.743651  
0.718071  0.715784  0.708922  0.697806  0.682945  0.665018  0.644832  0.623286  0.601328  0.579915  0.55997  0.542349  0.527802  0.516948  0.510246  0.50798  0.510246  0.516948  0.527802  0.542349  0.55997  0.579915  0.601328  0.623286  0.644832  0.665018  0.682945  0.697806  0.708922  0.715784  0.718071  
0.692257  0.689905  0.682848  0.671413  0.656123  0.637671  0.616884  0.594685  0.572048  0.549959  0.529373  0.511173  0.496141  0.484919  0.477988  0.475644  0.477988  0.484919  0.496141  0.511173  0.529373  0.549959  0.572048  0.594685  0.616884  0.637671  0.656123  0.671413  0.682848  0.689905  0.692257  
0.666081  0.663687  0.656505  0.644865  0.629294  0.610494  0.589302  0.566654  0.543543  0.520973  0.499921  0.481298  0.465905  0.454409  0.447305  0.444903  0.447305  0.454409  0.465905  0.481298  0.499921  0.520973  0.543543  0.566654  0.589302  0.610494  0.629294  0.644865  0.656505  0.663687  0.666081  
0.639389  0.636975  0.629734  0.617994  0.602282  0.5833  0.561888  0.538986  0.515594  0.492731  0.471387  0.452489  0.436858  0.425178  0.417958  0.415516  0.417958  0.425178  0.436858  0.452489  0.471387  0.492731  0.515594  0.538986  0.561888  0.5833  0.602282  0.617994  0.629734  0.636975  0.639389  
0.612004  0.609591  0.602352  0.590611  0.57489  0.555884  0.534428  0.511458  0.487975  0.465  0.443533  0.424509  0.408764  0.396991  0.389711  0.387248  0.389711  0.396991  0.408764  0.424509  0.443533  0.465  0.487975  0.511458  0.534428  0.555884  0.57489  0.590611  0.602352  0.609591  0.612004  
0.583726  0.581333  0.574154  0.562507  0.546903  0.528025  0.506695  0.48384  0.460452  0.437548  0.416127  0.397131  0.381397  0.369626  0.362344  0.35988  0.362344  0.369626  0.381397  0.397131  0.416127  0.437548  0.460452  0.48384  0.506695  0.528025  0.546903  0.562507  0.574154  0.581333  0.583726  
0.554336  0.551981  0.544919  0.533457  0.518092  0.499491  0.478456  0.455898  0.432793  0.410146  0.388949  0.370137  0.354546  0.342877  0.335656  0.333212  0.335656  0.342877  0.354546  0.370137  0.388949  0.410146  0.432793  0.455898  0.478456  0.499491  0.518092  0.533457  0.544919  0.551981  0.554336  
0.523599  0.521302  0.514411  0.503224  0.488221  0.470046  0.449478  0.427404  0.404776  0.382581  0.361792  0.343331  0.328023  0.316561  0.309467  0.307065  0.309467  0.316561  0.328023  0.343331  0.361792  0.382581  0.404776  0.427404  0.449478  0.470046  0.488221  0.503224  0.514411  0.521302  0.523599  
0.491275  0.489055  0.482392  0.471573  0.457056  0.439461  0.419538  0.398141  0.376196  0.354656  0.334471  0.316537  0.301661  0.290519  0.283621  0.281286  0.283621  0.290519  0.301661  0.316537  0.334471  0.354656  0.376196  0.398141  0.419538  0.439461  0.457056  0.471573  0.482392  0.489055  0.491275  
0.457131  0.455006  0.44863  0.438274  0.424375  0.407521  0.388429  0.367916  0.346867  0.326199  0.306823  0.289604  0.275318  0.264616  0.25799  0.255747  0.25799  0.264616  0.275318  0.289604  0.306823  0.326199  0.346867  0.367916  0.388429  0.407521  0.424375  0.438274  0.44863  0.455006  0.457131  
0.42095  0.418941  0.412914  0.403123  0.389979  0.374037  0.355973  0.33656  0.316634  0.297066  0.278718  0.26241  0.248879  0.238742  0.232466  0.230341  0.232466  0.238742  0.248879  0.26241  0.278718  0.297066  0.316634  0.33656  0.355973  0.374037  0.389979  0.403123  0.412914  0.418941  0.42095  
0.382555  0.380684  0.375071  0.365952  0.35371  0.33886  0.322032  0.303945  0.285381  0.267149  0.250054  0.234861  0.222255  0.212811  0.206964  0.204985  0.206964  0.212811  0.222255  0.234861  0.250054  0.267149  0.285381  0.303945  0.322032  0.33886  0.35371  0.365952  0.375071  0.380684  0.382555  
0.341824  0.340114  0.334984  0.326651  0.315463  0.301892  0.286515  0.26999  0.253031  0.236377  0.220765  0.206891  0.195382  0.186761  0.181424  0.179618  0.181424  0.186761  0.195382  0.206891  0.220765  0.236377  0.253031  0.26999  0.286515  0.301892  0.315463  0.326651  0.334984  0.340114  0.341824  
0.29871  0.297185  0.29261  0.285178  0.275201  0.263101  0.249394  0.234666  0.219555  0.204721  0.190818  0.178467  0.168223  0.160552  0.155803  0.154195  0.155803  0.160552  0.168223  0.178467  0.190818  0.204721  0.219555  0.234666  0.249394  0.263101  0.275201  0.285178  0.29261  0.297185  0.29871  
0.253261  0.251944  0.247995  0.241579  0.232969  0.222529  0.210705  0.198005  0.18498  0.172197  0.160221  0.149585  0.140766  0.134163  0.130076  0.128693  0.130076  0.134163  0.140766  0.149585  0.160221  0.172197  0.18498  0.198005  0.210705  0.222529  0.232969  0.241579  0.247995  0.251944  0.253261  
0.205628  0.204542  0.201286  0.195997  0.1889  0.180299  0.170559  0.160102  0.149381  0.138863  0.129013  0.120268  0.113019  0.107593  0.104235  0.103099  0.104235  0.107593  0.113019  0.120268  0.129013  0.138863  0.149381  0.160102  0.170559  0.180299  0.1889  0.195997  0.201286  0.204542  0.205628  
0.156073  0.155239  0.152736  0.148673  0.143222  0.136616  0.129139  0.121114  0.112889  0.104823  0.0972713  0.0905691  0.085015  0.0808583  0.0782866  0.0774162  0.0782866  0.0808583  0.085015  0.0905691  0.0972713  0.104823  0.112889  0.121114  0.129139  0.136616  0.143222  0.148673  0.152736  0.155239  0.156073  
0.104965  0.104399  0.102701  0.0999434  0.0962451  0.0917644  0.0866943  0.0812538  0.0756793  0.0702145  0.0650996  0.060561  0.0568008  0.0539871  0.0522464  0.0516574  0.0522464  0.0539871  0.0568008  0.060561  0.0650996  0.0702145  0.0756793  0.0812538  0.0866943  0.0917644  0.0962451  0.0999434  0.102701  0.104399  0.104965  
0.0527644  0.0524783  0.05162  0.0502264  0.0483575  0.0460934  0.043532  0.0407839  0.0379687  0.0352093  0.0326272  0.0303363  0.0284386  0.0270187  0.0261404  0.0258432  0.0261404  0.0270187  0.0284386  0.0303363  0.0326272  0.0352093  0.0379687  0.0407839  0.043532  0.0460934  0.0483575  0.0502264  0.05162  0.0524783  0.0527644  
0  0  0  0  0  0  0  0  0  0  0  0  0  0  0  0  0  0  0  0  0  0  0  0  0  0  0  0  0  0  0  
