1  1  1  1  1  1  1  1  1  1  1  1  1  1  1  1  1  1  1  1  1  1  1  1  1  1  1  1  1  1  1  
0.974088  0.973796  0.972922  0.971504  0.969607  0.967315  0.964731  0.961968  0.959149  0.956397  0.95383  0.951561  0.949687  0.948287  0.947423  0.947131  0.947423  0.948287  0.949687  0.951561  0.95383  0.956397  0.959149  0.961968  0.964731  0.967315  0.969607  0.971504  0.972922  0.973796  0.974088  
0.948205  0.947627  0.945894  0.943085  0.939325  0.934785  0.929666  0.924195  0.918614  0.913164  0.908085  0.903594  0.899885  0.897116  0.895407  0.894829  0.895407  0.897116  0.899885  0.903594  0.908085  0.913164  0.918614  0.924195  0.929666  0.934785  0.939325  0.943085  0.945894  0.947627  0.948205  
0.922378  0.921525  0.918965  0.914814  0.909262  0.902557  0.895  0.886926  0.87869  0.870653  0.863162  0.856541  0.851074  0.846995  0.844476  0.843624  0.844476  0.846995  0.851074  0.856541  0.863162  0.870653  0.87869  0.886926  0.895  0.902557  0.909262  0.914814  0.918965  0.921525  0.922378  
0.89663  0.895515  0.892173  0.886755  0.879509  0.870761  0.860904  0.850376  0.839642  0.829169  0.819412  0.810792  0.803675  0.798366  0.795087  0.793979  0.795087  0.798366  0.803675  0.810792  0.819412  0.829169  0.839642  0.850376  0.860904  0.870761  0.879509  0.886755  0.892173  0.895515  0.89663  
0.870972  0.869616  0.865548  0.858956  0.850141  0.839502  0.827518  0.814724  0.801683  0.788965  0.777121  0.766659  0.758025  0.751584  0.747609  0.746265  0.747609  0.751584  0.758025  0.766659  0.777121  0.788965  0.801683  0.814724  0.827518  0.839502  0.850141  0.858956  0.865548  0.869616  0.870972  
0.845408  0.843832  0.839106  0.831448  0.821209  0.808855  0.794945  0.780098  0.764971  0.750223  0.736493  0.724369  0.714366  0.706905  0.7023  0.700744  0.7023  0.706905  0.714366  0.724369  0.736493  0.750223  0.764971  0.780098  0.794945  0.808855  0.821209  0.831448  0.839106  0.843832  0.845408  
0.819928  0.818157  0.812846  0.804241  0.792738  0.778863  0.763244  0.746578  0.729601  0.713055  0.697654  0.684058  0.672841  0.664477  0.659314  0.657569  0.659314  0.664477  0.672841  0.684058  0.697654  0.713055  0.729601  0.746578  0.763244  0.778863  0.792738  0.804241  0.812846  0.818157  0.819928  
0.794506  0.792566  0.786748  0.777323  0.764725  0.749532  0.732431  0.714187  0.695605  0.677498  0.660646  0.645769  0.633496  0.624345  0.618697  0.616788  0.618697  0.624345  0.633496  0.645769  0.660646  0.677498  0.695605  0.714187  0.732431  0.749532  0.764725  0.777323  0.786748  0.792566  0.794506  
0.7691  0.767018  0.760773  0.750656  0.737136  0.72083  0.702477  0.682898  0.662957  0.643523  0.625436  0.609466  0.596292  0.586466  0.580402  0.578352  0.580402  0.586466  0.596292  0.609466  0.625436  0.643523  0.662957  0.682898  0.702477  0.72083  0.737136  0.750656  0.760773  0.767018  0.7691  
0.743648  0.741451  0.734859  0.724179  0.709906  0.692691  0.673312  0.652636  0.631572  0.61104  0.591925  0.575045  0.561115  0.550724  0.54431  0.542141  0.54431  0.550724  0.561115  0.575045  0.591925  0.61104  0.631572  0.652636  0.673312  0.692691  0.709906  0.724179  0.734859  0.741451  0.743648  
0.718068  0.71578  0.708919  0.697802  0.682941  0.665014  0.644828  0.623282  0.601324  0.57991  0.559966  0.542345  0.527798  0.516944  0.510242  0.507976  0.510242  0.516944  0.527798  0.542345  0.559966  0.57991  0.601324  0.623282  0.644828  0.665014  0.682941  0.697802  0.708919  0.71578  0.718068  
0.692254  0.689901  0.682845  0.67141  0.65612  0.637667  0.61688  0.594681  0.572044  0.549955  0.529368  0.511169  0.496136  0.484915  0.477984  0.47564  0.477984  0.484915  0.496136  0.511169  0.529368  0.549955  0.572044  0.594681  0.61688  0.637667  0.65612  0.67141  0.682845  0.689901  0.692254  
0.666077  0.663683  0.656501  0.644861  0.62929  0.61049  0.589298  0.56665  0.543539  0.520969  0.499917  0.481293  0.465901  0.454404  0.447301  0.444899  0.447301  0.454404  0.465901  0.481293  0.499917  0.520969  0.543539  0.56665  0.589298  0.61049  0.62929  0.644861  0.656501  0.663683  0.666077  
0.639385  0.636971  0.62973  0.61799  0.602278  0.583296  0.561884  0.538982  0.51559  0.492726  0.471382  0.452484  0.436854  0.425174  0.417954  0.415512  0.417954  0.425174  0.436854  0.452484  0.471382  0.492726  0.51559  0.538982  0.561884  0.583296  0.602278  0.61799  0.62973  0.636971  0.639385  
0.612  0.609587  0.602348  0.590607  0.574886  0.55588  0.534424  0.511454  0.487971  0.464996  0.443528  0.424505  0.40876  0.396987  0.389707  0.387244  0.389707  0.396987  0.40876  0.424505  0.443528  0.464996  0.487971  0.511454  0.534424  0.55588  0.574886  0.590607  0.602348  0.609587  0.612  
0.583722  0.581329  0.57415  0.562503  0.546899  0.528021  0.506691  0.483836  0.460448  0.437544  0.416123  0.397127  0.381393  0.369622  0.36234  0.359876  0.36234  0.369622  0.381393  0.397127  0.416123  0.437544  0.460448  0.483836  0.506691  0.528021  0.546899  0.562503  0.57415  0.581329  0.583722  
0.554331  0.551977  0.544915  0.533453  0.518088  0.499486  0.478452  0.455894  0.432789  0.410142  0.388945  0.370133  0.354542  0.342873  0.335652  0.333208  0.335652  0.342873  0.354542  0.370133  0.388945  0.410142  0.432789  0.455894  0.478452  0.499486  0.518088  0.533453  0.544915  0.551977  0.554331  
0.523594  0.521298  0.514407  0.50322  0.488217  0.470042  0.449474  0.427399  0.404772  0.382577  0.361788  0.343327  0.328019  0.316557  0.309463  0.307061  0.309463  0.316557  0.328019  0.343327  0.361788  0.382577  0.404772  0.427399  0.449474  0.470042  0.488217  0.50322  0.514407  0.521298  0.523594  
0.491271  0.48905  0.482388  0.471569  0.457052  0.439457  0.419534  0.398137  0.376192  0.354652  0.334467  0.316533  0.301657  0.290515  0.283618  0.281283  0.283618  0.290515  0.301657  0.316533  0.334467  0.354652  0.376192  0.398137  0.419534  0.439457  0.457052  0.471569  0.482388  0.48905  0.491271  
0.457127  0.455002  0.448626  0.43827  0.424371  0.407517  0.388425  0.367912  0.346863  0.326195  0.30682  0.289601  0.275315  0.264613  0.257987  0.255743  0.257987  0.264613  0.275315  0.289601  0.30682  0.326195  0.346863  0.367912  0.388425  0.407517  0.424371  0.43827  0.448626  0.455002  0.457127  
0.420946  0.418937  0.41291  0.403119  0.389975  0.374033  0.355969  0.336556  0.316631  0.297063  0.278715  0.262407  0.248876  0.238739  0.232463  0.230338  0.232463  0.238739  0.248876  0.262407  0.278715  0.297063  0.316631  0.336556  0.355969  0.374033  0.389975  0.403119  0.41291  0.418937  0.420946  
0.382551  0.38068  0.375068  0.365949  0.353706  0.338856  0.322028  0.303942  0.285378  0.267146  0.250052  0.234858  0.222252  0.212808  0.206962  0.204982  0.206962  0.212808  0.222252  0.234858  0.250052  0.267146  0.285378  0.303942  0.322028  0.338856  0.353706  0.365949  0.375068  0.38068  0.382551  
0.34182  0.340111  0.334981  0.326647  0.315459  0.301889  0.286512  0.269987  0.253028  0.236374  0.220762  0.206889  0.195379  0.186759  0.181422  0.179615  0.181422  0.186759  0.195379  0.206889  0.220762  0.236374  0.253028  0.269987  0.286512  0.301889  0.315459  0.326647  0.334981  0.340111  0.34182  
0.298707  0.297182  0.292607  0.285175  0.275198  0.263098  0.249391  0.234664  0.219553  0.204719  0.190816  0.178465  0.168221  0.160549  0.155801  0.154193  0.155801  0.160549  0.168221  0.178465  0.190816  0.204719  0.219553  0.234664  0.249391  0.263098  0.275198  0.285175  0.292607  0.297182  0.298707  
0.253258  0.251942  0.247992  0.241576  0.232966  0.222526  0.210703  0.198003  0.184977  0.172195  0.160219  0.149583  0.140764  0.134161  0.130074  0.128691  0.130074  0.134161  0.140764  0.149583  0.160219  0.172195  0.184977  0.198003  0.210703  0.222526  0.232966  0.241576  0.247992  0.251942  0.253258  
0.205625  0.20454  0.201284  0.195995  0.188898  0.180296  0.170557  0.1601  0.149379  0.138862  0.129012  0.120267  0.113018  0.107592  0.104234  0.103098  0.104234  0.107592  0.113018  0.120267  0.129012  0.138862  0.149379  0.1601  0.170557  0.180296  0.188898  0.195995  0.201284  0.20454  0.205625  
0.156071  0.155237  0.152735  0.148671  0.14322  0.136614  0.129138  0.121112  0.112887  0.104821  0.0972701  0.0905679  0.0850138  0.0808572  0.0782856  0.0774152  0.0782856  0.0808572  0.0850138  0.0905679  0.0972701  0.104821  0.112887  0.121112  0.129138  0.136614  0.14322  0.148671  0.152735  0.155237  0.156071  
0.104964  0.104398  0.102699  0.0999422  0.096244  0.0917634  0.0866933  0.0812528  0.0756784  0.0702136  0.0650988  0.0605602  0.0568  0.0539863  0.0522457  0.0516567  0.0522457  0.0539863  0.0568  0.0605602  0.0650988  0.0702136  0.0756784  0.0812528  0.0866933  0.0917634  0.096244  0.0999422  0.102699  0.104398  0.104964  
0.0527638  0.0524777  0.0516194  0.0502259  0.0483569  0.0460929  0.0435314  0.0407834  0.0379682  0.0352089  0.0326268  0.0303359  0.0284382  0.0270184  0.0261401  0.0258428  0.0261401  0.0270184  0.0284382  0.0303359  0.0326268  0.0352089  0.0379682  0.0407834  0.0435314  0.0460929  0.0483569  0.0502259  0.0516194  0.0524777  0.0527638  
0  0  0  0  0  0  0  0  0  0  0  0  0  0  0  0  0  0  0  0  0  0  0  0  0  0  0  0  0  0  0  
