1  1  1  1  1  1  1  1  1  1  1  1  1  1  1  1  1  1  1  1  1  1  1  1  1  1  1  1  1  1  1  
0.974087  0.973796  0.972922  0.971504  0.969606  0.967315  0.96473  0.961968  0.959149  0.956397  0.95383  0.951561  0.949686  0.948287  0.947423  0.947131  0.947423  0.948287  0.949686  0.951561  0.95383  0.956397  0.959149  0.961968  0.96473  0.967315  0.969606  0.971504  0.972922  0.973796  0.974087  
0.948205  0.947627  0.945894  0.943084  0.939325  0.934785  0.929666  0.924195  0.918613  0.913164  0.908084  0.903594  0.899884  0.897116  0.895406  0.894828  0.895406  0.897116  0.899884  0.903594  0.908084  0.913164  0.918613  0.924195  0.929666  0.934785  0.939325  0.943084  0.945894  0.947627  0.948205  
0.922378  0.921524  0.918964  0.914814  0.909261  0.902557  0.895  0.886925  0.87869  0.870652  0.863161  0.856541  0.851074  0.846994  0.844475  0.843623  0.844475  0.846994  0.851074  0.856541  0.863161  0.870652  0.87869  0.886925  0.895  0.902557  0.909261  0.914814  0.918964  0.921524  0.922378  
0.896629  0.895515  0.892172  0.886755  0.879508  0.870761  0.860904  0.850376  0.839641  0.829168  0.819411  0.810791  0.803674  0.798365  0.795086  0.793978  0.795086  0.798365  0.803674  0.810791  0.819411  0.829168  0.839641  0.850376  0.860904  0.870761  0.879508  0.886755  0.892172  0.895515  0.896629  
0.870971  0.869615  0.865547  0.858955  0.85014  0.839501  0.827518  0.814723  0.801682  0.788963  0.77712  0.766657  0.758024  0.751583  0.747608  0.746263  0.747608  0.751583  0.758024  0.766657  0.77712  0.788963  0.801682  0.814723  0.827518  0.839501  0.85014  0.858955  0.865547  0.869615  0.870971  
0.845407  0.843832  0.839105  0.831447  0.821208  0.808855  0.794944  0.780097  0.764969  0.750222  0.736492  0.724368  0.714365  0.706904  0.702299  0.700743  0.702299  0.706904  0.714365  0.724368  0.736492  0.750222  0.764969  0.780097  0.794944  0.808855  0.821208  0.831447  0.839105  0.843832  0.845407  
0.819927  0.818156  0.812845  0.80424  0.792737  0.778862  0.763243  0.746576  0.7296  0.713053  0.697653  0.684056  0.67284  0.664475  0.659313  0.657568  0.659313  0.664475  0.67284  0.684056  0.697653  0.713053  0.7296  0.746576  0.763243  0.778862  0.792737  0.80424  0.812845  0.818156  0.819927  
0.794505  0.792565  0.786747  0.777322  0.764724  0.749531  0.732429  0.714186  0.695604  0.677497  0.660644  0.645768  0.633495  0.624344  0.618695  0.616786  0.618695  0.624344  0.633495  0.645768  0.660644  0.677497  0.695604  0.714186  0.732429  0.749531  0.764724  0.777322  0.786747  0.792565  0.794505  
0.769099  0.767017  0.760772  0.750655  0.737135  0.720828  0.702476  0.682896  0.662955  0.643521  0.625434  0.609464  0.596291  0.586465  0.580401  0.57835  0.580401  0.586465  0.596291  0.609464  0.625434  0.643521  0.662955  0.682896  0.702476  0.720828  0.737135  0.750655  0.760772  0.767017  0.769099  
0.743647  0.741449  0.734857  0.724178  0.709904  0.69269  0.673311  0.652634  0.631571  0.611039  0.591924  0.575043  0.561113  0.550723  0.544308  0.54214  0.544308  0.550723  0.561113  0.575043  0.591924  0.611039  0.631571  0.652634  0.673311  0.69269  0.709904  0.724178  0.734857  0.741449  0.743647  
0.718066  0.715779  0.708918  0.697801  0.68294  0.665013  0.644827  0.62328  0.601322  0.579909  0.559965  0.542343  0.527797  0.516942  0.51024  0.507974  0.51024  0.516942  0.527797  0.542343  0.559965  0.579909  0.601322  0.62328  0.644827  0.665013  0.68294  0.697801  0.708918  0.715779  0.718066  
0.692252  0.6899  0.682843  0.671408  0.656118  0.637666  0.616879  0.59468  0.572043  0.549954  0.529366  0.511167  0.496134  0.484913  0.477982  0.475639  0.477982  0.484913  0.496134  0.511167  0.529366  0.549954  0.572043  0.59468  0.616879  0.637666  0.656118  0.671408  0.682843  0.6899  0.692252  
0.666076  0.663682  0.6565  0.644859  0.629289  0.610488  0.589296  0.566648  0.543537  0.520967  0.499916  0.481292  0.4659  0.454403  0.4473  0.444897  0.4473  0.454403  0.4659  0.481292  0.499916  0.520967  0.543537  0.566648  0.589296  0.610488  0.629289  0.644859  0.6565  0.663682  0.666076  
0.639383  0.63697  0.629728  0.617988  0.602276  0.583294  0.561882  0.53898  0.515588  0.492725  0.47138  0.452483  0.436852  0.425172  0.417952  0.41551  0.417952  0.425172  0.436852  0.452483  0.47138  0.492725  0.515588  0.53898  0.561882  0.583294  0.602276  0.617988  0.629728  0.63697  0.639383  
0.611998  0.609585  0.602346  0.590605  0.574885  0.555878  0.534422  0.511452  0.48797  0.464994  0.443527  0.424503  0.408759  0.396985  0.389706  0.387242  0.389706  0.396985  0.408759  0.424503  0.443527  0.464994  0.48797  0.511452  0.534422  0.555878  0.574885  0.590605  0.602346  0.609585  0.611998  
0.58372  0.581327  0.574149  0.562502  0.546897  0.528019  0.506689  0.483834  0.460446  0.437542  0.416121  0.397125  0.381391  0.369621  0.362339  0.359875  0.362339  0.369621  0.381391  0.397125  0.416121  0.437542  0.460446  0.483834  0.506689  0.528019  0.546897  0.562502  0.574149  0.581327  0.58372  
0.55433  0.551976  0.544913  0.533451  0.518087  0.499485  0.47845  0.455892  0.432787  0.41014  0.388944  0.370131  0.354541  0.342871  0.335651  0.333206  0.335651  0.342871  0.354541  0.370131  0.388944  0.41014  0.432787  0.455892  0.47845  0.499485  0.518087  0.533451  0.544913  0.551976  0.55433  
0.523593  0.521296  0.514406  0.503219  0.488215  0.47004  0.449472  0.427398  0.404771  0.382576  0.361787  0.343326  0.328018  0.316556  0.309461  0.30706  0.309461  0.316556  0.328018  0.343326  0.361787  0.382576  0.404771  0.427398  0.449472  0.47004  0.488215  0.503219  0.514406  0.521296  0.523593  
0.491269  0.489049  0.482387  0.471567  0.457051  0.439455  0.419532  0.398136  0.37619  0.354651  0.334466  0.316531  0.301656  0.290514  0.283617  0.281281  0.283617  0.290514  0.301656  0.316531  0.334466  0.354651  0.37619  0.398136  0.419532  0.439455  0.457051  0.471567  0.482387  0.489049  0.491269  
0.457125  0.455  0.448624  0.438268  0.424369  0.407515  0.388423  0.36791  0.346861  0.326194  0.306818  0.2896  0.275313  0.264612  0.257985  0.255742  0.257985  0.264612  0.275313  0.2896  0.306818  0.326194  0.346861  0.36791  0.388423  0.407515  0.424369  0.438268  0.448624  0.455  0.457125  
0.420945  0.418936  0.412909  0.403117  0.389974  0.374031  0.355968  0.336555  0.31663  0.297061  0.278714  0.262406  0.248875  0.238738  0.232462  0.230336  0.232462  0.238738  0.248875  0.262406  0.278714  0.297061  0.31663  0.336555  0.355968  0.374031  0.389974  0.403117  0.412909  0.418936  0.420945  
0.38255  0.380679  0.375066  0.365947  0.353705  0.338855  0.322027  0.303941  0.285377  0.267145  0.25005  0.234857  0.222251  0.212808  0.206961  0.204981  0.206961  0.212808  0.222251  0.234857  0.25005  0.267145  0.285377  0.303941  0.322027  0.338855  0.353705  0.365947  0.375066  0.380679  0.38255  
0.341819  0.340109  0.33498  0.326646  0.315458  0.301888  0.286511  0.269986  0.253027  0.236373  0.220761  0.206887  0.195379  0.186758  0.181421  0.179614  0.181421  0.186758  0.195379  0.206887  0.220761  0.236373  0.253027  0.269986  0.286511  0.301888  0.315458  0.326646  0.33498  0.340109  0.341819  
0.298706  0.297181  0.292606  0.285173  0.275197  0.263097  0.24939  0.234663  0.219552  0.204718  0.190815  0.178464  0.16822  0.160549  0.1558  0.154193  0.1558  0.160549  0.16822  0.178464  0.190815  0.204718  0.219552  0.234663  0.24939  0.263097  0.275197  0.285173  0.292606  0.297181  0.298706  
0.253257  0.251941  0.247991  0.241575  0.232965  0.222525  0.210702  0.198002  0.184977  0.172194  0.160218  0.149582  0.140763  0.13416  0.130074  0.12869  0.130074  0.13416  0.140763  0.149582  0.160218  0.172194  0.184977  0.198002  0.210702  0.222525  0.232965  0.241575  0.247991  0.251941  0.253257  
0.205624  0.204539  0.201283  0.195994  0.188897  0.180296  0.170557  0.1601  0.149378  0.138861  0.129011  0.120266  0.113017  0.107591  0.104233  0.103097  0.104233  0.107591  0.113017  0.120266  0.129011  0.138861  0.149378  0.1601  0.170557  0.180296  0.188897  0.195994  0.201283  0.204539  0.205624  
0.15607  0.155236  0.152734  0.148671  0.143219  0.136614  0.129137  0.121112  0.112887  0.104821  0.0972697  0.0905674  0.0850135  0.0808568  0.0782852  0.0774147  0.0782852  0.0808568  0.0850135  0.0905674  0.0972697  0.104821  0.112887  0.121112  0.129137  0.136614  0.143219  0.148671  0.152734  0.155236  0.15607  
0.104963  0.104397  0.102699  0.0999418  0.0962435  0.091763  0.0866928  0.0812525  0.075678  0.0702133  0.0650984  0.06056  0.0567997  0.0539861  0.0522454  0.0516564  0.0522454  0.0539861  0.0567997  0.06056  0.0650984  0.0702133  0.075678  0.0812525  0.0866928  0.091763  0.0962435  0.0999418  0.102699  0.104397  0.104963  
0.0527636  0.0524775  0.0516192  0.0502256  0.0483567  0.0460927  0.0435312  0.0407832  0.037968  0.0352087  0.0326266  0.0303358  0.0284381  0.0270182  0.0261399  0.0258427  0.0261399  0.0270182  0.0284381  0.0303358  0.0326266  0.0352087  0.037968  0.0407832  0.0435312  0.0460927  0.0483567  0.0502256  0.0516192  0.0524775  0.0527636  
0  0  0  0  0  0  0  0  0  0  0  0  0  0  0  0  0  0  0  0  0  0  0  0  0  0  0  0  0  0  0  
