1  1  1  1  1  1  1  1  1  1  1  1  1  1  1  1  1  1  1  1  1  1  1  1  1  1  1  1  1  1  1  
0.973944  0.973747  0.973159  0.971081  0.970211  0.966535  0.965678  0.960861  0.960404  0.955008  0.955337  0.949954  0.951373  0.946542  0.949203  0.945339  0.949203  0.946542  0.951373  0.949954  0.955337  0.955008  0.960404  0.960861  0.965678  0.966535  0.970211  0.971081  0.973159  0.973747  0.973944  
0.948489  0.947723  0.945424  0.94392  0.938131  0.936324  0.927795  0.926379  0.91614  0.9159  0.905117  0.906756  0.896566  0.900548  0.891906  0.898352  0.891906  0.900548  0.896566  0.906756  0.905117  0.9159  0.91614  0.926379  0.927795  0.936324  0.938131  0.94392  0.945424  0.947723  0.948489  
0.92196  0.921384  0.919655  0.913584  0.911016  0.900295  0.897746  0.883723  0.882313  0.866647  0.8675  0.85192  0.855918  0.841986  0.849582  0.838483  0.849582  0.841986  0.855918  0.85192  0.8675  0.866647  0.882313  0.883723  0.897746  0.900295  0.911016  0.913584  0.919655  0.921384  0.92196  
0.897171  0.895697  0.891276  0.888349  0.877234  0.873689  0.857352  0.854512  0.834965  0.834329  0.813827  0.816731  0.797452  0.804792  0.788535  0.800571  0.788535  0.804792  0.797452  0.816731  0.813827  0.834329  0.834965  0.854512  0.857352  0.873689  0.877234  0.888349  0.891276  0.895697  0.897171  
0.870317  0.869395  0.866629  0.857031  0.852881  0.835975  0.831789  0.809755  0.807287  0.782786  0.783793  0.759568  0.765441  0.743928  0.755406  0.738417  0.755406  0.743928  0.765441  0.759568  0.783793  0.782786  0.807287  0.809755  0.831789  0.835975  0.852881  0.857031  0.866629  0.869395  0.870317  
0.846159  0.844085  0.837862  0.833657  0.81806  0.812899  0.790052  0.785776  0.758573  0.757257  0.728904  0.732415  0.705956  0.715573  0.693473  0.709621  0.693473  0.715573  0.705956  0.732415  0.728904  0.757257  0.758573  0.785776  0.790052  0.812899  0.81806  0.833657  0.837862  0.844085  0.846159  
0.819093  0.817875  0.814224  0.801788  0.796224  0.774387  0.768646  0.740315  0.736637  0.705328  0.705968  0.675253  0.682024  0.655017  0.668935  0.64789  0.668935  0.655017  0.682024  0.675253  0.705968  0.705328  0.736637  0.740315  0.768646  0.774387  0.796224  0.801788  0.814224  0.817875  0.819093  
0.795404  0.792868  0.785259  0.779965  0.760967  0.754344  0.726627  0.720895  0.688078  0.685739  0.65179  0.655123  0.623749  0.634367  0.608505  0.627032  0.608505  0.634367  0.623749  0.655123  0.65179  0.685739  0.688078  0.720895  0.726627  0.754344  0.760967  0.779965  0.785259  0.792868  0.795404  
0.768151  0.766698  0.76234  0.747869  0.741089  0.715768  0.708564  0.675871  0.670818  0.634929  0.634643  0.599753  0.60639  0.576089  0.59094  0.567756  0.59094  0.576089  0.60639  0.599753  0.634643  0.634929  0.670818  0.675871  0.708564  0.715768  0.741089  0.747869  0.76234  0.766698  0.768151  
0.744626  0.741778  0.733236  0.727057  0.705821  0.697906  0.667046  0.659849  0.623514  0.619822  0.58253  0.584929  0.550848  0.561253  0.533619  0.552881  0.533619  0.561253  0.550848  0.584929  0.58253  0.619822  0.623514  0.659849  0.667046  0.697906  0.705821  0.727057  0.733236  0.741778  0.744626  
0.717072  0.715445  0.710565  0.694876  0.687084  0.659725  0.651165  0.615995  0.609439  0.571079  0.569387  0.532446  0.538055  0.50643  0.520901  0.497263  0.520901  0.50643  0.538055  0.532446  0.569387  0.571079  0.609439  0.615995  0.651165  0.659725  0.687084  0.694876  0.710565  0.715445  0.717072  
0.693247  0.690234  0.681194  0.674334  0.651975  0.642945  0.61056  0.601926  0.563985  0.5587  0.520052  0.520933  0.486028  0.495256  0.467499  0.486167  0.467499  0.495256  0.486028  0.520933  0.520052  0.5587  0.563985  0.601926  0.61056  0.642945  0.651975  0.674334  0.681194  0.690234  0.693247  
0.665094  0.663352  0.658127  0.641971  0.633374  0.605288  0.595509  0.559534  0.551431  0.512414  0.509006  0.471777  0.47573  0.444352  0.457478  0.434676  0.457478  0.444352  0.47573  0.471777  0.509006  0.512414  0.551431  0.559534  0.595509  0.605288  0.633374  0.641971  0.658127  0.663352  0.665094  
0.640339  0.637289  0.628142  0.620802  0.598298  0.588352  0.555846  0.54588  0.507945  0.50099  0.462611  0.461646  0.427396  0.434828  0.408179  0.425321  0.408179  0.434828  0.427396  0.461646  0.462611  0.50099  0.507945  0.54588  0.555846  0.588352  0.598298  0.620802  0.628142  0.637289  0.640339  
0.611079  0.609277  0.603873  0.587896  0.578713  0.551015  0.540218  0.504835  0.495287  0.457093  0.451897  0.41577  0.41776  0.387802  0.398995  0.377919  0.398995  0.387802  0.41776  0.41577  0.451897  0.457093  0.495287  0.504835  0.540218  0.551015  0.578713  0.587896  0.603873  0.609277  0.611079  
0.584594  0.581619  0.572695  0.56508  0.543254  0.532643  0.501183  0.490112  0.453511  0.445018  0.408212  0.405368  0.372904  0.378271  0.353592  0.368652  0.353592  0.378271  0.372904  0.405368  0.408212  0.445018  0.453511  0.490112  0.501183  0.532643  0.543254  0.56508  0.572695  0.581619  0.584594  
0.553507  0.551701  0.54628  0.531024  0.521515  0.495134  0.483626  0.449996  0.439292  0.403135  0.396347  0.362424  0.362468  0.334795  0.343811  0.325018  0.343811  0.334795  0.362468  0.362424  0.396347  0.403135  0.439292  0.449996  0.483626  0.495134  0.521515  0.531024  0.54628  0.551701  0.553507  
0.524357  0.521551  0.513133  0.505478  0.485024  0.474088  0.444658  0.432877  0.398729  0.389076  0.354923  0.350464  0.32068  0.324027  0.301914  0.314631  0.301914  0.324027  0.32068  0.350464  0.354923  0.389076  0.398729  0.432877  0.444658  0.474088  0.485024  0.505478  0.513133  0.521551  0.524357  
0.490566  0.488814  0.483557  0.469487  0.459988  0.435728  0.423962  0.393095  0.381743  0.348679  0.340766  0.309982  0.308384  0.283667  0.290531  0.274345  0.290531  0.283667  0.308384  0.309982  0.340766  0.348679  0.381743  0.393095  0.423962  0.435728  0.459988  0.469487  0.483557  0.488814  0.490566  
0.457763  0.455212  0.44756  0.44016  0.421695  0.410906  0.384392  0.372495  0.341811  0.331621  0.301094  0.295547  0.269206  0.270824  0.251712  0.262034  0.251712  0.270824  0.269206  0.295547  0.301094  0.331621  0.341811  0.372495  0.384392  0.410906  0.421695  0.44016  0.44756  0.455212  0.457763  
0.420372  0.418745  0.413864  0.401418  0.392375  0.370984  0.35959  0.332435  0.321166  0.292186  0.283854  0.257067  0.254356  0.233163  0.238089  0.224692  0.238089  0.233163  0.254356  0.257067  0.283854  0.292186  0.321166  0.332435  0.35959  0.370984  0.392375  0.401418  0.413864  0.418745  0.420372  
0.383056  0.380847  0.37422  0.367451  0.351577  0.341554  0.318817  0.307591  0.281356  0.271465  0.245496  0.239586  0.217396  0.217744  0.201977  0.209979  0.201977  0.217744  0.217396  0.239586  0.245496  0.271465  0.281356  0.307591  0.318817  0.341554  0.351577  0.367451  0.37422  0.380847  0.383056  
0.341379  0.339963  0.335715  0.325337  0.31731  0.299536  0.289307  0.266805  0.25653  0.232608  0.22473  0.202765  0.199609  0.182456  0.185763  0.175259  0.185763  0.182456  0.199609  0.202765  0.22473  0.232608  0.25653  0.266805  0.289307  0.299536  0.31731  0.325337  0.335715  0.339963  0.341379  
0.29908  0.297305  0.29198  0.286288  0.273618  0.265102  0.247005  0.237377  0.216561  0.207931  0.187427  0.181982  0.164609  0.164221  0.152094  0.15791  0.152094  0.164221  0.164609  0.181982  0.187427  0.207931  0.216561  0.237377  0.247005  0.265102  0.273618  0.286288  0.29198  0.297305  0.29908  
0.252947  0.251838  0.248509  0.240652  0.234273  0.220864  0.212679  0.195751  0.187457  0.169527  0.16303  0.146661  0.143761  0.131112  0.13315  0.125604  0.13315  0.131112  0.143761  0.146661  0.16303  0.169527  0.187457  0.195751  0.212679  0.220864  0.234273  0.240652  0.248509  0.251838  0.252947  
0.20587  0.204621  0.200871  0.196728  0.187857  0.181618  0.168982  0.161893  0.147402  0.140986  0.12677  0.122594  0.110627  0.110021  0.101781  0.105557  0.101781  0.110021  0.110627  0.122594  0.12677  0.140986  0.147402  0.161893  0.168982  0.181618  0.187857  0.196728  0.200871  0.204621  0.20587  
0.155887  0.155175  0.153041  0.148122  0.143996  0.135626  0.130313  0.119772  0.114364  0.103232  0.0989454  0.0888264  0.0868005  0.0790393  0.0801196  0.0755748  0.0801196  0.0790393  0.0868005  0.0888264  0.0989454  0.103232  0.114364  0.119772  0.130313  0.135626  0.143996  0.148122  0.153041  0.155175  0.155887  
0.105085  0.104437  0.102495  0.100306  0.0957276  0.0924189  0.0859112  0.082143  0.0746958  0.0712698  0.0639838  0.061718  0.0556108  0.0551951  0.051025  0.0528804  0.051025  0.0551951  0.0556108  0.061718  0.0639838  0.0712698  0.0746958  0.082143  0.0859112  0.0924189  0.0957276  0.100306  0.102495  0.104437  0.105085  
0.0527029  0.0524573  0.0517208  0.0500441  0.0486139  0.0457653  0.0439212  0.0403387  0.0384583  0.0346812  0.0331831  0.0297575  0.0290317  0.0264144  0.0267493  0.0252314  0.0267493  0.0264144  0.0290317  0.0297575  0.0331831  0.0346812  0.0384583  0.0403387  0.0439212  0.0457653  0.0486139  0.0500441  0.0517208  0.0524573  0.0527029  
0  0  0  0  0  0  0  0  0  0  0  0  0  0  0  0  0  0  0  0  0  0  0  0  0  0  0  0  0  0  0  
