1  1  1  1  1  1  1  1  1  1  1  1  1  1  1  1  1  1  1  1  1  1  1  1  1  1  1  1  1  1  1  
0.971639  0.967675  0.95578  0.937622  0.915304  0.890838  0.865859  0.841577  0.818851  0.798285  0.780307  0.765228  0.753276  0.744621  0.73938  0.737625  0.73938  0.744621  0.753276  0.765228  0.780307  0.798285  0.818851  0.841577  0.865859  0.890838  0.915304  0.937622  0.95578  0.967675  0.971639  
0.943746  0.936051  0.912967  0.877904  0.835181  0.788927  0.742466  0.69818  0.65763  0.62176  0.591088  0.565868  0.546211  0.532157  0.52372  0.520908  0.52372  0.532157  0.546211  0.565868  0.591088  0.62176  0.65763  0.69818  0.742466  0.788927  0.835181  0.877904  0.912967  0.936051  0.943746  
0.91676  0.905773  0.872811  0.823135  0.763418  0.700014  0.637939  0.580577  0.529849  0.486567  0.45082  0.422321  0.400658  0.385454  0.376436  0.373446  0.376436  0.385454  0.400658  0.422321  0.45082  0.486567  0.529849  0.580577  0.637939  0.700014  0.763418  0.823135  0.872811  0.905773  0.91676  
0.891077  0.877378  0.836282  0.774961  0.702493  0.627438  0.556321  0.493168  0.439757  0.396232  0.361793  0.335296  0.315669  0.302112  0.294136  0.2915  0.294136  0.302112  0.315669  0.335296  0.361793  0.396232  0.439757  0.493168  0.556321  0.627438  0.702493  0.774961  0.836282  0.877378  0.891077  
0.867025  0.851273  0.804018  0.734291  0.653462  0.572056  0.497722  0.434618  0.383853  0.344481  0.314599  0.292217  0.275793  0.264399  0.257627  0.255373  0.257627  0.264399  0.275793  0.292217  0.314599  0.344481  0.383853  0.434618  0.497722  0.572056  0.653462  0.734291  0.804018  0.851273  0.867025  
0.844857  0.827724  0.776326  0.70136  0.616172  0.532822  0.459567  0.400179  0.354711  0.320961  0.295991  0.277231  0.26304  0.252757  0.246402  0.244239  0.246402  0.252757  0.26304  0.277231  0.295991  0.320961  0.354711  0.400179  0.459567  0.532822  0.616172  0.70136  0.776326  0.827724  0.844857  
0.824747  0.806869  0.753235  0.675879  0.589655  0.507613  0.438095  0.384113  0.34451  0.315916  0.294614  0.277794  0.264071  0.253368  0.246393  0.243954  0.246393  0.253368  0.264071  0.277794  0.294614  0.315916  0.34451  0.384113  0.438095  0.507613  0.589655  0.675879  0.753235  0.806869  0.824747  
0.806795  0.788738  0.734566  0.657229  0.572529  0.493949  0.429503  0.381265  0.346941  0.322228  0.302931  0.286271  0.271343  0.258848  0.250349  0.247318  0.250349  0.258848  0.271343  0.286271  0.302931  0.322228  0.346941  0.381265  0.429503  0.493949  0.572529  0.657229  0.734566  0.788738  0.806795  
0.791037  0.773279  0.720006  0.644621  0.563301  0.489469  0.430543  0.387669  0.357618  0.335433  0.316669  0.298732  0.281298  0.265948  0.255216  0.251343  0.255216  0.265948  0.281298  0.298732  0.316669  0.335433  0.357618  0.387669  0.430543  0.489469  0.563301  0.644621  0.720006  0.773279  0.791037  
0.777454  0.760383  0.70917  0.637218  0.56055  0.49214  0.438684  0.400514  0.373721  0.352929  0.333577  0.313303  0.29239  0.273362  0.25983  0.254911  0.25983  0.273362  0.29239  0.313303  0.333577  0.352929  0.373721  0.400514  0.438684  0.49214  0.56055  0.637218  0.70917  0.760383  0.777454  
0.765992  0.749906  0.701647  0.634209  0.563017  0.500312  0.452032  0.417871  0.393471  0.373197  0.352435  0.329043  0.303901  0.280529  0.263721  0.257582  0.263721  0.280529  0.303901  0.329043  0.352435  0.373197  0.393471  0.417871  0.452032  0.500312  0.563017  0.634209  0.701647  0.749906  0.765992  
0.756569  0.741684  0.697027  0.634849  0.569626  0.512669  0.469187  0.438402  0.415693  0.395273  0.372487  0.345375  0.315405  0.287134  0.266648  0.259139  0.266648  0.287134  0.315405  0.345375  0.372487  0.395273  0.415693  0.438402  0.469187  0.512669  0.569626  0.634849  0.697027  0.741684  0.756569  
0.749085  0.735545  0.694925  0.638474  0.579466  0.528162  0.489086  0.461131  0.439543  0.418454  0.393158  0.361846  0.326559  0.292938  0.268442  0.259441  0.268442  0.292938  0.326559  0.361846  0.393158  0.418454  0.439543  0.461131  0.489086  0.528162  0.579466  0.638474  0.694925  0.735545  0.749085  
0.743436  0.731322  0.694982  0.644498  0.591769  0.545939  0.510891  0.485291  0.464347  0.442146  0.413932  0.378024  0.337034  0.297715  0.268961  0.258377  0.268961  0.297715  0.337034  0.378024  0.413932  0.442146  0.464347  0.485291  0.510891  0.545939  0.591769  0.644498  0.694982  0.731322  0.743436  
0.73951  0.728852  0.696878  0.652409  0.605881  0.565288  0.533906  0.510239  0.489509  0.465794  0.434292  0.393455  0.346471  0.301225  0.268065  0.255847  0.268065  0.301225  0.346471  0.393455  0.434292  0.465794  0.489509  0.510239  0.533906  0.565288  0.605881  0.652409  0.696878  0.728852  0.73951  
0.737198  0.727979  0.700321  0.661757  0.621234  0.585592  0.55752  0.535386  0.51446  0.488831  0.453685  0.407637  0.354474  0.303206  0.265609  0.251753  0.265609  0.303206  0.354474  0.407637  0.453685  0.488831  0.51446  0.535386  0.55752  0.585592  0.621234  0.661757  0.700321  0.727979  0.737198  
0.736392  0.728557  0.705052  0.67215  0.637332  0.606302  0.581167  0.560164  0.538611  0.510647  0.471497  0.420004  0.36059  0.303367  0.261441  0.245997  0.261441  0.303367  0.36059  0.420004  0.471497  0.510647  0.538611  0.560164  0.581167  0.606302  0.637332  0.67215  0.705052  0.728557  0.736392  
0.736981  0.730445  0.710835  0.683234  0.653723  0.626903  0.604294  0.583977  0.56132  0.530546  0.487015  0.4299  0.364307  0.30138  0.255399  0.238483  0.255399  0.30138  0.364307  0.4299  0.487015  0.530546  0.56132  0.583977  0.604294  0.626903  0.653723  0.683234  0.710835  0.730445  0.736981  
0.738847  0.733497  0.717446  0.694683  0.669981  0.646884  0.626312  0.606156  0.581825  0.547694  0.499389  0.436557  0.365036  0.296889  0.247313  0.229115  0.247313  0.296889  0.365036  0.436557  0.499389  0.547694  0.581825  0.606156  0.626312  0.646884  0.669981  0.694683  0.717446  0.733497  0.738847  
0.741843  0.737545  0.724648  0.706161  0.685659  0.665676  0.646522  0.62586  0.599153  0.56103  0.507572  0.439067  0.362112  0.289502  0.237011  0.217802  0.237011  0.289502  0.362112  0.439067  0.507572  0.56103  0.599153  0.62586  0.646522  0.665676  0.685659  0.706161  0.724648  0.737545  0.741843  
0.745752  0.742347  0.732132  0.717249  0.700188  0.68253  0.663966  0.641922  0.61197  0.569158  0.510251  0.436354  0.354789  0.278809  0.224328  0.204468  0.224328  0.278809  0.354789  0.436354  0.510251  0.569158  0.61197  0.641922  0.663966  0.68253  0.700188  0.717249  0.732132  0.742347  0.745752  
0.750131  0.747433  0.73934  0.727234  0.712635  0.696235  0.677133  0.652568  0.618352  0.57019  0.505779  0.427159  0.342258  0.264395  0.209111  0.189054  0.209111  0.264395  0.342258  0.427159  0.505779  0.57019  0.618352  0.652568  0.677133  0.696235  0.712635  0.727234  0.73934  0.747433  0.750131  
0.753867  0.751643  0.744969  0.734577  0.721134  0.704547  0.683432  0.654984  0.615495  0.561597  0.492127  0.410066  0.323681  0.245871  0.191246  0.171534  0.191246  0.245871  0.323681  0.410066  0.492127  0.561597  0.615495  0.654984  0.683432  0.704547  0.721134  0.734577  0.744969  0.751643  0.753867  
0.753968  0.751919  0.745772  0.735725  0.721762  0.703202  0.678401  0.644791  0.599435  0.540134  0.466934  0.383583  0.29827  0.222924  0.170672  0.151926  0.170672  0.222924  0.29827  0.383583  0.466934  0.540134  0.599435  0.644791  0.678401  0.703202  0.721762  0.735725  0.745772  0.751919  0.753968  
0.743214  0.741  0.734359  0.723132  0.706883  0.684665  0.654928  0.615682  0.565022  0.502001  0.427725  0.346327  0.265405  0.195372  0.147409  0.130304  0.147409  0.195372  0.265405  0.346327  0.427725  0.502001  0.565022  0.615682  0.654928  0.684665  0.706883  0.723132  0.734359  0.741  0.743214  
0.707431  0.704797  0.696895  0.68345  0.663949  0.637578  0.603256  0.559837  0.506517  0.443439  0.372375  0.297334  0.224799  0.163241  0.121588  0.106818  0.121588  0.163241  0.224799  0.297334  0.372375  0.443439  0.506517  0.559837  0.603256  0.637578  0.663949  0.68345  0.696895  0.704797  0.707431  
0.625775  0.622783  0.613807  0.598673  0.577096  0.548686  0.513027  0.469826  0.41917  0.361868  0.299837  0.236449  0.176687  0.126839  0.0934687  0.0816942  0.0934687  0.126839  0.176687  0.236449  0.299837  0.361868  0.41917  0.469826  0.513027  0.548686  0.577096  0.598673  0.613807  0.622783  0.625775  
0.478565  0.475762  0.467353  0.453341  0.433736  0.408573  0.377959  0.342143  0.301643  0.257399  0.21097  0.164728  0.121978  0.0868035  0.063453  0.0552465  0.063453  0.0868035  0.121978  0.164728  0.21097  0.257399  0.301643  0.342143  0.377959  0.408573  0.433736  0.453341  0.467353  0.475762  0.478565  
0.262101  0.260359  0.255134  0.246499  0.234572  0.219521  0.201571  0.181033  0.158332  0.134072  0.109109  0.0846504  0.0623198  0.0441067  0.0320808  0.0278649  0.0320808  0.0441067  0.0623198  0.0846504  0.109109  0.134072  0.158332  0.181033  0.201571  0.219521  0.234572  0.246499  0.255134  0.260359  0.262101  
0  0  0  0  0  0  0  0  0  0  0  0  0  0  0  0  0  0  0  0  0  0  0  0  0  0  0  0  0  0  0  
