1  1  1  1  1  1  1  1  1  1  1  1  1  1  1  1  1  1  1  1  1  1  1  1  1  1  1  1  1  1  1  
0.965899  0.962306  0.951528  0.935431  0.916228  0.895823  0.875562  0.856301  0.838566  0.822695  0.808921  0.797417  0.788321  0.781741  0.777759  0.776426  0.777759  0.781741  0.788321  0.797417  0.808921  0.822695  0.838566  0.856301  0.875562  0.895823  0.916228  0.935431  0.951528  0.962306  0.965899  
0.93233  0.925386  0.904555  0.873633  0.83713  0.798932  0.761758  0.727252  0.696302  0.66933  0.6465  0.627849  0.613362  0.603023  0.59682  0.594752  0.59682  0.603023  0.613362  0.627849  0.6465  0.66933  0.696302  0.727252  0.761758  0.798932  0.83713  0.873633  0.904555  0.925386  0.93233  
0.899791  0.889942  0.860395  0.816943  0.766485  0.714941  0.666348  0.622935  0.585606  0.554439  0.529091  0.509075  0.493934  0.483324  0.47703  0.474943  0.47703  0.483324  0.493934  0.509075  0.529091  0.554439  0.585606  0.622935  0.666348  0.714941  0.766485  0.816943  0.860395  0.889942  0.899791  
0.868716  0.856544  0.820029  0.766964  0.706612  0.646828  0.592734  0.546764  0.509371  0.479843  0.45699  0.439616  0.426783  0.417891  0.412632  0.410888  0.412632  0.417891  0.426783  0.439616  0.45699  0.479843  0.509371  0.546764  0.592734  0.646828  0.706612  0.766964  0.820029  0.856544  0.868716  
0.839452  0.825603  0.784057  0.724476  0.65828  0.594955  0.540287  0.49644  0.462987  0.438143  0.41979  0.40613  0.395984  0.38879  0.384424  0.382952  0.384424  0.38879  0.395984  0.40613  0.41979  0.438143  0.462987  0.49644  0.540287  0.594955  0.65828  0.724476  0.784057  0.825603  0.839452  
0.812249  0.797363  0.752704  0.689527  0.62101  0.55779  0.505831  0.466614  0.438588  0.418876  0.404601  0.39366  0.384964  0.37831  0.374023  0.372531  0.374023  0.37831  0.384964  0.39366  0.404601  0.418876  0.438588  0.466614  0.505831  0.55779  0.62101  0.689527  0.752704  0.797363  0.812249  
0.787257  0.771917  0.725898  0.661638  0.593542  0.53286  0.485304  0.451441  0.428609  0.413033  0.401371  0.391502  0.382681  0.375269  0.370205  0.368396  0.370205  0.375269  0.382681  0.391502  0.401371  0.413033  0.428609  0.451441  0.485304  0.53286  0.593542  0.661638  0.725898  0.771917  0.787257  
0.764534  0.749239  0.703352  0.640021  0.574291  0.517525  0.474899  0.446057  0.427426  0.414622  0.404095  0.393882  0.383689  0.374526  0.368036  0.365681  0.368036  0.374526  0.383689  0.393882  0.404095  0.414622  0.427426  0.446057  0.474899  0.517525  0.574291  0.640021  0.703352  0.749239  0.764534  
0.744064  0.729214  0.684661  0.623769  0.561666  0.509428  0.471581  0.446992  0.431459  0.420257  0.409778  0.398259  0.385855  0.37425  0.365864  0.362793  0.365864  0.37425  0.385855  0.398259  0.409778  0.420257  0.431459  0.446992  0.471581  0.509428  0.561666  0.623769  0.684661  0.729214  0.744064  
0.725772  0.71167  0.669364  0.611976  0.554242  0.50667  0.473143  0.451981  0.438625  0.428191  0.417062  0.403629  0.388446  0.373885  0.363225  0.359298  0.363225  0.373885  0.388446  0.403629  0.417062  0.428191  0.438625  0.451981  0.473143  0.50667  0.554242  0.611976  0.669364  0.71167  0.725772  
0.709541  0.696405  0.656995  0.603815  0.550827  0.5078  0.47806  0.459603  0.447738  0.437521  0.425307  0.409561  0.391176  0.373232  0.359962  0.355051  0.359962  0.373232  0.391176  0.409561  0.425307  0.437521  0.447738  0.459603  0.47806  0.5078  0.550827  0.603815  0.656995  0.696405  0.709541  
0.695233  0.683204  0.647116  0.598561  0.550457  0.511741  0.485286  0.468961  0.458094  0.44773  0.434145  0.415794  0.39386  0.372156  0.355972  0.349959  0.355972  0.372156  0.39386  0.415794  0.434145  0.44773  0.458094  0.468961  0.485286  0.511741  0.550457  0.598561  0.647116  0.683204  0.695233  
0.682694  0.671853  0.639328  0.595599  0.552365  0.517693  0.494097  0.479462  0.469232  0.458459  0.443291  0.422099  0.396316  0.370519  0.351149  0.343927  0.351149  0.370519  0.396316  0.422099  0.443291  0.458459  0.469232  0.479462  0.494097  0.517693  0.552365  0.595599  0.639328  0.671853  0.682694  
0.671771  0.662147  0.633276  0.594413  0.555942  0.525052  0.503967  0.490681  0.480809  0.469412  0.452471  0.428225  0.398332  0.368159  0.345374  0.336855  0.345374  0.368159  0.398332  0.428225  0.452471  0.469412  0.480809  0.490681  0.503967  0.525052  0.555942  0.594413  0.633276  0.662147  0.671771  
0.662311  0.653897  0.628653  0.594574  0.560697  0.533344  0.514492  0.502284  0.492533  0.480306  0.461397  0.43389  0.399658  0.364882  0.338511  0.328631  0.338511  0.364882  0.399658  0.43389  0.461397  0.480306  0.492533  0.502284  0.514492  0.533344  0.560697  0.594574  0.628653  0.653897  0.662311  
0.654173  0.646928  0.625194  0.595724  0.566231  0.542186  0.525337  0.513981  0.504127  0.490847  0.469747  0.438761  0.399995  0.360465  0.330411  0.319136  0.330411  0.360465  0.399995  0.438761  0.469747  0.490847  0.504127  0.513981  0.525337  0.542186  0.566231  0.595724  0.625194  0.646928  0.654173  
0.647221  0.641084  0.622672  0.597564  0.572209  0.551255  0.536209  0.525498  0.515305  0.500705  0.477139  0.442441  0.398988  0.354642  0.320904  0.308242  0.320904  0.354642  0.398988  0.442441  0.477139  0.500705  0.515305  0.525498  0.536209  0.551255  0.572209  0.597564  0.622672  0.641084  0.647221  
0.641334  0.636224  0.620894  0.599847  0.57835  0.560263  0.546825  0.536544  0.525737  0.50948  0.483109  0.444443  0.39621  0.347108  0.309806  0.295816  0.309806  0.347108  0.39621  0.444443  0.483109  0.50948  0.525737  0.536544  0.546825  0.560263  0.57835  0.599847  0.620894  0.636224  0.641334  
0.6364  0.632225  0.619699  0.602362  0.58441  0.568941  0.556894  0.546781  0.535003  0.516655  0.48706  0.444167  0.39115  0.337512  0.296918  0.281719  0.296918  0.337512  0.39115  0.444167  0.48706  0.516655  0.535003  0.546781  0.556894  0.568941  0.58441  0.602362  0.619699  0.632225  0.6364  
0.632318  0.628975  0.618945  0.604931  0.590161  0.57701  0.566064  0.555757  0.542522  0.521516  0.488203  0.440855  0.383198  0.325457  0.282027  0.265815  0.282027  0.325457  0.383198  0.440855  0.488203  0.521516  0.542522  0.555757  0.566064  0.57701  0.590161  0.604931  0.618945  0.628975  0.632318  
0.628989  0.626367  0.618502  0.607375  0.595352  0.584111  0.57383  0.562782  0.54741  0.523036  0.485477  0.433557  0.37164  0.310506  0.264921  0.247973  0.264921  0.310506  0.37164  0.433557  0.485477  0.523036  0.54741  0.562782  0.57383  0.584111  0.595352  0.607375  0.618502  0.626367  0.628989  
0.62627  0.624246  0.618174  0.609416  0.599566  0.589622  0.579307  0.566691  0.548272  0.519711  0.477455  0.421098  0.355656  0.292198  0.245396  0.228084  0.245396  0.292198  0.355656  0.421098  0.477455  0.519711  0.548272  0.566691  0.579307  0.589622  0.599566  0.609416  0.618174  0.624246  0.62627  
0.623734  0.622154  0.617411  0.610334  0.601817  0.592209  0.580777  0.565432  0.542874  0.509367  0.462261  0.402072  0.334354  0.270076  0.223276  0.206069  0.223276  0.270076  0.334354  0.402072  0.462261  0.509367  0.542874  0.565432  0.580777  0.592209  0.601817  0.610334  0.617411  0.622154  0.623734  
0.619808  0.618458  0.614408  0.608027  0.599602  0.588921  0.574905  0.555476  0.527793  0.489007  0.437571  0.374909  0.306836  0.243733  0.198439  0.181896  0.198439  0.243733  0.306836  0.374909  0.437571  0.489007  0.527793  0.555476  0.574905  0.588921  0.599602  0.608027  0.614408  0.618458  0.619808  
0.609673  0.608275  0.604082  0.597114  0.58722  0.573831  0.555774  0.531271  0.498227  0.454874  0.400776  0.338042  0.272326  0.212887  0.17085  0.155601  0.17085  0.212887  0.272326  0.338042  0.400776  0.454874  0.498227  0.531271  0.555774  0.573831  0.58722  0.597114  0.604082  0.608275  0.609673  
0.582204  0.580496  0.575369  0.566675  0.554088  0.537001  0.51448  0.485339  0.448398  0.402951  0.349435  0.290232  0.23035  0.177462  0.140592  0.127306  0.140592  0.177462  0.23035  0.290232  0.349435  0.402951  0.448398  0.485339  0.51448  0.537001  0.554088  0.566675  0.575369  0.580496  0.582204  
0.518982  0.516922  0.51074  0.500311  0.485408  0.465682  0.440674  0.4099  0.373017  0.3301  0.282033  0.231002  0.180959  0.137684  0.107897  0.0972273  0.107897  0.137684  0.180959  0.231002  0.282033  0.3301  0.373017  0.4099  0.440674  0.465682  0.485408  0.500311  0.51074  0.516922  0.518982  
0.400591  0.398554  0.392445  0.382257  0.367973  0.349572  0.327034  0.300394  0.26981  0.235697  0.198929  0.161117  0.124924  0.0941433  0.0731686  0.0656901  0.0731686  0.0941433  0.124924  0.161117  0.198929  0.235697  0.26981  0.300394  0.327034  0.349572  0.367973  0.382257  0.392445  0.398554  0.400591  
0.22101  0.219702  0.215776  0.209287  0.200311  0.188956  0.175354  0.159675  0.142148  0.123106  0.103067  0.0828703  0.0638336  0.0478152  0.0369703  0.033115  0.0369703  0.0478152  0.0638336  0.0828703  0.103067  0.123106  0.142148  0.159675  0.175354  0.188956  0.200311  0.209287  0.215776  0.219702  0.22101  
0  0  0  0  0  0  0  0  0  0  0  0  0  0  0  0  0  0  0  0  0  0  0  0  0  0  0  0  0  0  0  
