1  1  1  1  1  1  1  1  1  1  1  1  1  1  1  1  1  1  1  1  1  1  1  1  1  1  1  1  1  1  1  
0.966095  0.962514  0.951771  0.935718  0.916551  0.896164  0.8759  0.856617  0.838847  0.822934  0.809116  0.797571  0.788439  0.781832  0.777833  0.776494  0.777833  0.781832  0.788439  0.797571  0.809116  0.822934  0.838847  0.856617  0.8759  0.896164  0.916551  0.935718  0.951771  0.962514  0.966095  
0.932717  0.925796  0.905031  0.874187  0.837744  0.799566  0.762366  0.727795  0.696751  0.669672  0.646732  0.627978  0.613406  0.603001  0.596758  0.594677  0.596758  0.603001  0.613406  0.627978  0.646732  0.669672  0.696751  0.727795  0.762366  0.799566  0.837744  0.874187  0.905031  0.925796  0.932717  
0.900361  0.890541  0.861082  0.81773  0.767334  0.715786  0.667115  0.623561  0.586049  0.554681  0.529134  0.508938  0.493648  0.482928  0.476568  0.474458  0.476568  0.482928  0.493648  0.508938  0.529134  0.554681  0.586049  0.623561  0.667115  0.715786  0.767334  0.81773  0.861082  0.890541  0.900361  
0.869456  0.857317  0.820901  0.767939  0.70763  0.647792  0.59354  0.547329  0.509644  0.479809  0.456664  0.439035  0.425996  0.416956  0.411608  0.409834  0.411608  0.416956  0.425996  0.439035  0.456664  0.479809  0.509644  0.547329  0.59354  0.647792  0.70763  0.767939  0.820901  0.857317  0.869456  
0.840348  0.826532  0.785083  0.725592  0.659402  0.595953  0.541033  0.496837  0.462986  0.437741  0.419019  0.40505  0.394663  0.387299  0.382833  0.381329  0.382833  0.387299  0.394663  0.40505  0.419019  0.437741  0.462986  0.496837  0.541033  0.595953  0.659402  0.725592  0.785083  0.826532  0.840348  
0.813283  0.798426  0.753856  0.690741  0.622178  0.558758  0.506454  0.46679  0.438278  0.418094  0.403404  0.392124  0.383175  0.376349  0.371964  0.370441  0.371964  0.376349  0.383175  0.392124  0.403404  0.418094  0.438278  0.46679  0.506454  0.558758  0.622178  0.690741  0.753856  0.798426  0.813283  
0.788411  0.773095  0.727146  0.662913  0.594714  0.533759  0.485774  0.451387  0.428005  0.411915  0.399814  0.3896  0.380529  0.372955  0.367802  0.365964  0.367802  0.372955  0.380529  0.3896  0.399814  0.411915  0.428005  0.451387  0.485774  0.533759  0.594714  0.662913  0.727146  0.773095  0.788411  
0.765791  0.750511  0.704672  0.641329  0.575441  0.518336  0.475216  0.445794  0.426573  0.413231  0.402258  0.391704  0.381273  0.371961  0.365393  0.363014  0.365393  0.371961  0.381273  0.391704  0.402258  0.413231  0.426573  0.445794  0.475216  0.518336  0.575441  0.641329  0.704672  0.750511  0.765791  
0.745405  0.730562  0.686032  0.625088  0.562779  0.51015  0.471762  0.446557  0.430411  0.418659  0.407732  0.395879  0.383249  0.371511  0.363059  0.359969  0.363059  0.371511  0.383249  0.395879  0.407732  0.418659  0.430411  0.446557  0.471762  0.51015  0.562779  0.625088  0.686032  0.730562  0.745405  
0.727181  0.713078  0.670769  0.613293  0.555312  0.50731  0.473213  0.451413  0.437432  0.426441  0.414863  0.401101  0.385705  0.371026  0.360312  0.356371  0.360312  0.371026  0.385705  0.401101  0.414863  0.426441  0.437432  0.451413  0.473213  0.50731  0.555312  0.613293  0.670769  0.713078  0.727181  
0.711002  0.697856  0.65842  0.60512  0.551853  0.508372  0.478044  0.45894  0.446442  0.435665  0.422999  0.406926  0.388338  0.37029  0.356981  0.352061  0.356981  0.37029  0.388338  0.406926  0.422999  0.435665  0.446442  0.45894  0.478044  0.508372  0.551853  0.60512  0.65842  0.697856  0.711002  
0.69673  0.684685  0.64855  0.599849  0.551442  0.512259  0.48521  0.468236  0.456732  0.445801  0.431759  0.413082  0.390953  0.369161  0.352953  0.346937  0.352953  0.369161  0.390953  0.413082  0.431759  0.445801  0.456732  0.468236  0.48521  0.512259  0.551442  0.599849  0.64855  0.684685  0.69673  
0.684214  0.67335  0.64076  0.596864  0.553314  0.51817  0.493982  0.478699  0.46783  0.456483  0.440849  0.41933  0.393361  0.367493  0.348115  0.340898  0.348115  0.367493  0.393361  0.41933  0.440849  0.456483  0.46783  0.478699  0.493982  0.51817  0.553314  0.596864  0.64076  0.67335  0.684214  
0.673299  0.663648  0.634697  0.595652  0.556857  0.525496  0.503827  0.489898  0.479386  0.467406  0.44999  0.425414  0.395345  0.365119  0.342346  0.33384  0.342346  0.365119  0.395345  0.425414  0.44999  0.467406  0.479386  0.489898  0.503827  0.525496  0.556857  0.595652  0.634697  0.663648  0.673299  
0.663834  0.655389  0.630053  0.595782  0.561579  0.533761  0.514335  0.501491  0.491098  0.478281  0.458887  0.431048  0.396651  0.361846  0.335508  0.325649  0.335508  0.361846  0.396651  0.431048  0.458887  0.478281  0.491098  0.501491  0.514335  0.533761  0.561579  0.595782  0.630053  0.655389  0.663834  
0.655675  0.648397  0.626562  0.596893  0.567076  0.542576  0.525165  0.513181  0.502684  0.488805  0.467212  0.435896  0.39698  0.357445  0.327449  0.316206  0.327449  0.357445  0.39698  0.435896  0.467212  0.488805  0.502684  0.513181  0.525165  0.542576  0.567076  0.596893  0.626562  0.648397  0.655675  
0.648687  0.642514  0.623996  0.598685  0.573009  0.551611  0.536016  0.524684  0.513848  0.498643  0.47458  0.439556  0.395974  0.351654  0.318002  0.305383  0.318002  0.351654  0.395974  0.439556  0.47458  0.498643  0.513848  0.524684  0.536016  0.551611  0.573009  0.598685  0.623996  0.642514  0.648687  
0.642745  0.637598  0.622157  0.600905  0.579093  0.560572  0.546597  0.535703  0.524253  0.507388  0.480522  0.441544  0.393207  0.344167  0.306981  0.293046  0.306981  0.344167  0.393207  0.441544  0.480522  0.507388  0.524253  0.535703  0.546597  0.560572  0.579093  0.600905  0.622157  0.637598  0.642745  
0.637732  0.633519  0.620879  0.603338  0.585073  0.56918  0.556606  0.545888  0.533471  0.514519  0.484439  0.441256  0.388171  0.334634  0.294188  0.279057  0.294188  0.334634  0.388171  0.441256  0.484439  0.514519  0.533471  0.545888  0.556606  0.56918  0.585073  0.603338  0.620879  0.633519  0.637732  
0.633542  0.63016  0.620015  0.605795  0.590716  0.577148  0.565684  0.554779  0.540915  0.519318  0.485544  0.437941  0.38026  0.322663  0.279414  0.263282  0.279414  0.322663  0.38026  0.437941  0.485544  0.519318  0.540915  0.554779  0.565684  0.577148  0.590716  0.605795  0.620015  0.63016  0.633542  
0.630066  0.627405  0.619421  0.608087  0.595756  0.584104  0.573312  0.561679  0.545696  0.52076  0.482779  0.430653  0.368763  0.30782  0.262448  0.245591  0.262448  0.30782  0.368763  0.430653  0.482779  0.52076  0.545696  0.561679  0.573312  0.584104  0.595756  0.608087  0.619421  0.627405  0.630066  
0.627145  0.62508  0.618886  0.609918  0.599761  0.58941  0.578596  0.565416  0.54642  0.517345  0.474726  0.418227  0.352871  0.289649  0.243087  0.225876  0.243087  0.289649  0.352871  0.418227  0.474726  0.517345  0.54642  0.565416  0.578596  0.58941  0.599761  0.609918  0.618886  0.62508  0.627145  
0.624327  0.622705  0.617839  0.610549  0.601727  0.591722  0.579814  0.563943  0.540864  0.506914  0.459526  0.399272  0.3317  0.267698  0.221159  0.204059  0.221159  0.267698  0.3317  0.399272  0.459526  0.506914  0.540864  0.563943  0.579814  0.591722  0.601727  0.610549  0.617839  0.622705  0.624327  
0.620015  0.618624  0.614451  0.607861  0.599143  0.58809  0.573641  0.55375  0.52563  0.4865  0.43488  0.372234  0.304365  0.241567  0.196544  0.18011  0.196544  0.241567  0.304365  0.372234  0.43488  0.4865  0.52563  0.55375  0.573641  0.58809  0.599143  0.607861  0.614451  0.618624  0.620015  
0.609385  0.607949  0.603641  0.596483  0.586328  0.572618  0.554201  0.529333  0.495965  0.452386  0.39821  0.335571  0.2701  0.210977  0.169208  0.154064  0.169208  0.210977  0.2701  0.335571  0.39821  0.452386  0.495965  0.529333  0.554201  0.572618  0.586328  0.596483  0.603641  0.607949  0.609385  
0.581377  0.579637  0.574418  0.565573  0.552784  0.535458  0.51268  0.483295  0.44616  0.400608  0.347109  0.288059  0.22844  0.175857  0.139232  0.126041  0.139232  0.175857  0.22844  0.288059  0.347109  0.400608  0.44616  0.483295  0.51268  0.535458  0.552784  0.565573  0.574418  0.579637  0.581377  
0.517744  0.515664  0.509422  0.498897  0.48387  0.464003  0.438854  0.407959  0.371  0.328076  0.280092  0.229236  0.17944  0.136429  0.106849  0.0962574  0.106849  0.136429  0.17944  0.229236  0.280092  0.328076  0.371  0.407959  0.438854  0.464003  0.48387  0.498897  0.509422  0.515664  0.517744  
0.399307  0.397261  0.391125  0.380894  0.366559  0.348101  0.325515  0.298844  0.26826  0.234193  0.197523  0.159865  0.123865  0.0932802  0.072455  0.0650326  0.072455  0.0932802  0.123865  0.159865  0.197523  0.234193  0.26826  0.298844  0.325515  0.348101  0.366559  0.380894  0.391125  0.397261  0.399307  
0.220182  0.218871  0.214939  0.208439  0.199452  0.188087  0.17448  0.158807  0.141301  0.1223  0.102327  0.0822197  0.063289  0.0473753  0.0366088  0.0327829  0.0366088  0.0473753  0.063289  0.0822197  0.102327  0.1223  0.141301  0.158807  0.17448  0.188087  0.199452  0.208439  0.214939  0.218871  0.220182  
0  0  0  0  0  0  0  0  0  0  0  0  0  0  0  0  0  0  0  0  0  0  0  0  0  0  0  0  0  0  0  
