1  1  1  1  1  1  1  1  1  1  1  1  1  1  1  1  1  1  1  1  1  1  1  1  1  1  1  1  1  1  1  
0.966095  0.962514  0.95177  0.935717  0.91655  0.896162  0.875898  0.856615  0.838846  0.822932  0.809114  0.797569  0.788437  0.78183  0.77783  0.776492  0.77783  0.78183  0.788437  0.797569  0.809114  0.822932  0.838846  0.856615  0.875898  0.896162  0.91655  0.935717  0.95177  0.962514  0.966095  
0.932717  0.925795  0.90503  0.874186  0.837742  0.799563  0.762363  0.727791  0.696748  0.669668  0.646728  0.627974  0.613401  0.602997  0.596754  0.594673  0.596754  0.602997  0.613401  0.627974  0.646728  0.669668  0.696748  0.727791  0.762363  0.799563  0.837742  0.874186  0.90503  0.925795  0.932717  
0.90036  0.89054  0.86108  0.817727  0.767332  0.715782  0.667111  0.623557  0.586044  0.554676  0.529129  0.508932  0.493643  0.482923  0.476562  0.474452  0.476562  0.482923  0.493643  0.508932  0.529129  0.554676  0.586044  0.623557  0.667111  0.715782  0.767332  0.817727  0.86108  0.89054  0.90036  
0.869454  0.857315  0.820899  0.767936  0.707626  0.647788  0.593535  0.547323  0.509638  0.479803  0.456658  0.439029  0.42599  0.41695  0.411602  0.409828  0.411602  0.41695  0.42599  0.439029  0.456658  0.479803  0.509638  0.547323  0.593535  0.647788  0.707626  0.767936  0.820899  0.857315  0.869454  
0.840345  0.826529  0.785081  0.725589  0.659397  0.595948  0.541027  0.496831  0.46298  0.437734  0.419013  0.405043  0.394656  0.387293  0.382827  0.381323  0.382827  0.387293  0.394656  0.405043  0.419013  0.437734  0.46298  0.496831  0.541027  0.595948  0.659397  0.725589  0.785081  0.826529  0.840345  
0.81328  0.798423  0.753852  0.690737  0.622173  0.558752  0.506448  0.466784  0.438271  0.418087  0.403397  0.392118  0.383169  0.376343  0.371958  0.370435  0.371958  0.376343  0.383169  0.392118  0.403397  0.418087  0.438271  0.466784  0.506448  0.558752  0.622173  0.690737  0.753852  0.798423  0.81328  
0.788408  0.773092  0.727142  0.662909  0.594709  0.533753  0.485768  0.45138  0.427999  0.411908  0.399807  0.389593  0.380523  0.372949  0.367796  0.365958  0.367796  0.372949  0.380523  0.389593  0.399807  0.411908  0.427999  0.45138  0.485768  0.533753  0.594709  0.662909  0.727142  0.773092  0.788408  
0.765788  0.750508  0.704668  0.641325  0.575436  0.51833  0.47521  0.445788  0.426566  0.413225  0.402251  0.391698  0.381267  0.371955  0.365388  0.363008  0.365388  0.371955  0.381267  0.391698  0.402251  0.413225  0.426566  0.445788  0.47521  0.51833  0.575436  0.641325  0.704668  0.750508  0.765788  
0.745402  0.730558  0.686028  0.625084  0.562773  0.510143  0.471755  0.44655  0.430404  0.418652  0.407725  0.395872  0.383243  0.371505  0.363053  0.359963  0.363053  0.371505  0.383243  0.395872  0.407725  0.418652  0.430404  0.44655  0.471755  0.510143  0.562773  0.625084  0.686028  0.730558  0.745402  
0.727177  0.713074  0.670764  0.613288  0.555306  0.507303  0.473206  0.451406  0.437425  0.426435  0.414856  0.401095  0.385699  0.37102  0.360306  0.356365  0.360306  0.37102  0.385699  0.401095  0.414856  0.426435  0.437425  0.451406  0.473206  0.507303  0.555306  0.613288  0.670764  0.713074  0.727177  
0.710998  0.697852  0.658416  0.605115  0.551847  0.508365  0.478037  0.458933  0.446435  0.435658  0.422992  0.40692  0.388332  0.370284  0.356975  0.352056  0.356975  0.370284  0.388332  0.40692  0.422992  0.435658  0.446435  0.458933  0.478037  0.508365  0.551847  0.605115  0.658416  0.697852  0.710998  
0.696726  0.68468  0.648545  0.599843  0.551436  0.512252  0.485204  0.468229  0.456725  0.445794  0.431752  0.413076  0.390947  0.369155  0.352947  0.346932  0.352947  0.369155  0.390947  0.413076  0.431752  0.445794  0.456725  0.468229  0.485204  0.512252  0.551436  0.599843  0.648545  0.68468  0.696726  
0.684209  0.673346  0.640754  0.596859  0.553308  0.518163  0.493975  0.478692  0.467823  0.456476  0.440843  0.419323  0.393355  0.367488  0.34811  0.340893  0.34811  0.367488  0.393355  0.419323  0.440843  0.456476  0.467823  0.478692  0.493975  0.518163  0.553308  0.596859  0.640754  0.673346  0.684209  
0.673294  0.663643  0.634691  0.595646  0.556851  0.525489  0.50382  0.489891  0.479378  0.467399  0.449984  0.425408  0.395339  0.365114  0.342341  0.333835  0.342341  0.365114  0.395339  0.425408  0.449984  0.467399  0.479378  0.489891  0.50382  0.525489  0.556851  0.595646  0.634691  0.663643  0.673294  
0.663829  0.655384  0.630048  0.595776  0.561573  0.533754  0.514328  0.501484  0.491091  0.478274  0.458881  0.431042  0.396646  0.36184  0.335503  0.325645  0.335503  0.36184  0.396646  0.431042  0.458881  0.478274  0.491091  0.501484  0.514328  0.533754  0.561573  0.595776  0.630048  0.655384  0.663829  
0.65567  0.648392  0.626557  0.596887  0.567069  0.54257  0.525158  0.513174  0.502677  0.488798  0.467205  0.435889  0.396974  0.35744  0.327445  0.316202  0.327445  0.35744  0.396974  0.435889  0.467205  0.488798  0.502677  0.513174  0.525158  0.54257  0.567069  0.596887  0.626557  0.648392  0.65567  
0.648682  0.642509  0.62399  0.598679  0.573003  0.551605  0.536009  0.524677  0.513841  0.498636  0.474574  0.43955  0.395969  0.351649  0.317997  0.305379  0.317997  0.351649  0.395969  0.43955  0.474574  0.498636  0.513841  0.524677  0.536009  0.551605  0.573003  0.598679  0.62399  0.642509  0.648682  
0.642739  0.637592  0.622151  0.600899  0.579086  0.560565  0.54659  0.535696  0.524246  0.507381  0.480515  0.441537  0.393202  0.344162  0.306977  0.293042  0.306977  0.344162  0.393202  0.441537  0.480515  0.507381  0.524246  0.535696  0.54659  0.560565  0.579086  0.600899  0.622151  0.637592  0.642739  
0.637727  0.633513  0.620873  0.603332  0.585067  0.569174  0.556599  0.545881  0.533464  0.514512  0.484433  0.44125  0.388166  0.33463  0.294184  0.279053  0.294184  0.33463  0.388166  0.44125  0.484433  0.514512  0.533464  0.545881  0.556599  0.569174  0.585067  0.603332  0.620873  0.633513  0.637727  
0.633537  0.630155  0.620009  0.605789  0.59071  0.577142  0.565677  0.554773  0.540908  0.519312  0.485538  0.437935  0.380254  0.322659  0.27941  0.263278  0.27941  0.322659  0.380254  0.437935  0.485538  0.519312  0.540908  0.554773  0.565677  0.577142  0.59071  0.605789  0.620009  0.630155  0.633537  
0.63006  0.627399  0.619415  0.60808  0.59575  0.584097  0.573305  0.561672  0.54569  0.520753  0.482773  0.430648  0.368758  0.307816  0.262444  0.245587  0.262444  0.307816  0.368758  0.430648  0.482773  0.520753  0.54569  0.561672  0.573305  0.584097  0.59575  0.60808  0.619415  0.627399  0.63006  
0.627139  0.625074  0.61888  0.609912  0.599754  0.589404  0.578589  0.56541  0.546413  0.517338  0.47472  0.418222  0.352866  0.289645  0.243084  0.225873  0.243084  0.289645  0.352866  0.418222  0.47472  0.517338  0.546413  0.56541  0.578589  0.589404  0.599754  0.609912  0.61888  0.625074  0.627139  
0.624321  0.622699  0.617833  0.610543  0.601721  0.591716  0.579807  0.563936  0.540857  0.506908  0.45952  0.399267  0.331696  0.267694  0.221156  0.204056  0.221156  0.267694  0.331696  0.399267  0.45952  0.506908  0.540857  0.563936  0.579807  0.591716  0.601721  0.610543  0.617833  0.622699  0.624321  
0.620009  0.618618  0.614445  0.607854  0.599137  0.588084  0.573634  0.553743  0.525624  0.486494  0.434874  0.372229  0.304361  0.241564  0.196542  0.180107  0.196542  0.241564  0.304361  0.372229  0.434874  0.486494  0.525624  0.553743  0.573634  0.588084  0.599137  0.607854  0.614445  0.618618  0.620009  
0.609379  0.607943  0.603635  0.596477  0.586322  0.572612  0.554194  0.529326  0.495959  0.45238  0.398205  0.335566  0.270096  0.210974  0.169205  0.154062  0.169205  0.210974  0.270096  0.335566  0.398205  0.45238  0.495959  0.529326  0.554194  0.572612  0.586322  0.596477  0.603635  0.607943  0.609379  
0.581371  0.579631  0.574412  0.565567  0.552778  0.535452  0.512674  0.483289  0.446155  0.400603  0.347105  0.288055  0.228437  0.175855  0.13923  0.126039  0.13923  0.175855  0.228437  0.288055  0.347105  0.400603  0.446155  0.483289  0.512674  0.535452  0.552778  0.565567  0.574412  0.579631  0.581371  
0.517739  0.515658  0.509416  0.498891  0.483865  0.463998  0.438849  0.407954  0.370996  0.328072  0.280088  0.229233  0.179437  0.136427  0.106848  0.096256  0.106848  0.136427  0.179437  0.229233  0.280088  0.328072  0.370996  0.407954  0.438849  0.463998  0.483865  0.498891  0.509416  0.515658  0.517739  
0.399302  0.397257  0.391121  0.38089  0.366555  0.348097  0.325511  0.29884  0.268257  0.23419  0.197521  0.159863  0.123863  0.093279  0.072454  0.0650317  0.072454  0.093279  0.123863  0.159863  0.197521  0.23419  0.268257  0.29884  0.325511  0.348097  0.366555  0.38089  0.391121  0.397257  0.399302  
0.22018  0.218869  0.214937  0.208437  0.19945  0.188085  0.174478  0.158805  0.141299  0.122299  0.102326  0.0822186  0.0632882  0.0473747  0.0366083  0.0327825  0.0366083  0.0473747  0.0632882  0.0822186  0.102326  0.122299  0.141299  0.158805  0.174478  0.188085  0.19945  0.208437  0.214937  0.218869  0.22018  
0  0  0  0  0  0  0  0  0  0  0  0  0  0  0  0  0  0  0  0  0  0  0  0  0  0  0  0  0  0  0  
