1  1  1  1  1  1  1  1  1  1  1  1  1  1  1  1  1  1  1  1  1  1  1  1  1  1  1  1  1  1  1  
0.966097  0.962513  0.951761  0.935723  0.916532  0.896173  0.875873  0.856629  0.838814  0.822949  0.809078  0.797586  0.788398  0.781847  0.777791  0.77651  0.777791  0.781847  0.788398  0.797586  0.809078  0.822949  0.838814  0.856629  0.875872  0.896173  0.916531  0.935723  0.951761  0.962513  0.966097  
0.932705  0.925788  0.905036  0.874159  0.837759  0.79952  0.762387  0.727737  0.696776  0.669605  0.646759  0.627907  0.613433  0.602927  0.596786  0.594603  0.596786  0.602927  0.613433  0.627907  0.646759  0.669605  0.696776  0.727736  0.762387  0.79952  0.837759  0.874159  0.905036  0.925788  0.932705  
0.900365  0.890537  0.861054  0.817746  0.767281  0.715813  0.667041  0.623593  0.585964  0.554715  0.529043  0.508972  0.493555  0.482962  0.476474  0.474491  0.476474  0.482962  0.493555  0.508972  0.529043  0.554715  0.585964  0.623593  0.667041  0.715813  0.767281  0.817746  0.861054  0.890537  0.900365  
0.869432  0.857302  0.820911  0.767887  0.707658  0.647712  0.593577  0.547233  0.509683  0.479707  0.456702  0.438932  0.426033  0.416855  0.411643  0.409734  0.411643  0.416855  0.426033  0.438932  0.456703  0.479706  0.509683  0.547232  0.593577  0.647712  0.707658  0.767886  0.820911  0.857302  0.869432  
0.840353  0.826525  0.785042  0.725616  0.659323  0.595991  0.540932  0.49688  0.462876  0.437782  0.418911  0.405087  0.394559  0.387333  0.382733  0.381362  0.382733  0.387334  0.394559  0.405088  0.418911  0.437782  0.462876  0.49688  0.540931  0.595991  0.659323  0.725616  0.785042  0.826525  0.840353  
0.81325  0.798404  0.753868  0.690672  0.622213  0.558657  0.506498  0.466676  0.438322  0.417981  0.403443  0.392018  0.383209  0.37625  0.371995  0.370344  0.371995  0.376249  0.38321  0.392018  0.403444  0.417981  0.438322  0.466676  0.506499  0.558657  0.622214  0.690672  0.753868  0.798404  0.81325  
0.788416  0.773086  0.727094  0.662941  0.59462  0.533803  0.485659  0.451433  0.427888  0.411957  0.399704  0.389635  0.380429  0.372985  0.367708  0.365992  0.367708  0.372985  0.380429  0.389636  0.399703  0.411958  0.427887  0.451434  0.485659  0.533803  0.59462  0.662942  0.727094  0.773086  0.788416  
0.765751  0.750485  0.704685  0.641249  0.575481  0.518224  0.475265  0.445674  0.426619  0.413116  0.402296  0.3916  0.381304  0.371868  0.36542  0.362925  0.36542  0.371868  0.381304  0.3916  0.402297  0.413116  0.426619  0.445673  0.475265  0.518224  0.575482  0.641249  0.704685  0.750485  0.765751  
0.745409  0.73055  0.685974  0.625118  0.562676  0.510197  0.47164  0.446605  0.43029  0.418702  0.407622  0.395912  0.383154  0.371538  0.362973  0.359992  0.362972  0.371538  0.383153  0.395913  0.407622  0.418702  0.43029  0.446606  0.47164  0.510197  0.562676  0.625119  0.685974  0.73055  0.745409  
0.727137  0.713048  0.67078  0.613207  0.555353  0.507192  0.473263  0.451289  0.437478  0.426325  0.414901  0.400999  0.385733  0.370938  0.360334  0.356289  0.360334  0.370938  0.385734  0.400999  0.414901  0.426324  0.437479  0.451288  0.473263  0.507192  0.555353  0.613207  0.670781  0.713048  0.727137  
0.711003  0.697842  0.658359  0.60515  0.551746  0.50842  0.477919  0.45899  0.44632  0.435708  0.422889  0.406958  0.388245  0.370313  0.356901  0.352081  0.356901  0.370313  0.388245  0.406959  0.422889  0.435708  0.446319  0.458991  0.477919  0.50842  0.551746  0.60515  0.658359  0.697842  0.711003  
0.696684  0.684653  0.648559  0.599761  0.551483  0.512139  0.485261  0.468109  0.456779  0.445684  0.431796  0.412982  0.390979  0.369079  0.352972  0.346862  0.352972  0.369078  0.39098  0.412982  0.431797  0.445683  0.456779  0.468109  0.485262  0.512139  0.551484  0.59976  0.648559  0.684653  0.696684  
0.684211  0.673333  0.640697  0.596891  0.553207  0.518217  0.493856  0.478749  0.467706  0.456526  0.44074  0.41936  0.393272  0.367513  0.348042  0.340914  0.348042  0.367513  0.393272  0.419361  0.44074  0.456526  0.467706  0.478749  0.493856  0.518217  0.553207  0.596892  0.640697  0.673333  0.684212  
0.673252  0.663615  0.634703  0.595565  0.556896  0.525377  0.503877  0.489772  0.479432  0.467289  0.450026  0.425317  0.395368  0.365042  0.342362  0.333772  0.342362  0.365042  0.395369  0.425316  0.450027  0.467289  0.479433  0.489771  0.503877  0.525377  0.556896  0.595565  0.634703  0.663615  0.673252  
0.663828  0.655369  0.629991  0.595804  0.561475  0.533805  0.514212  0.501539  0.490976  0.478321  0.45878  0.431076  0.396567  0.361863  0.335441  0.325662  0.335441  0.361863  0.396567  0.431077  0.45878  0.478322  0.490975  0.50154  0.514211  0.533806  0.561474  0.595805  0.629991  0.655369  0.663828  
0.655629  0.648363  0.626564  0.596809  0.567109  0.542462  0.525211  0.513058  0.502728  0.488691  0.467245  0.435802  0.397  0.357374  0.327462  0.316145  0.327462  0.357374  0.397  0.435802  0.467245  0.48869  0.502728  0.513057  0.525212  0.542461  0.56711  0.596809  0.626564  0.648363  0.655629  
0.648676  0.642492  0.623937  0.598702  0.572911  0.55165  0.535897  0.524728  0.51373  0.498679  0.474478  0.43958  0.395895  0.351667  0.317942  0.305393  0.317942  0.351668  0.395895  0.439581  0.474477  0.49868  0.51373  0.524729  0.535897  0.551651  0.57291  0.598703  0.623936  0.642492  0.648677  
0.6427  0.637563  0.622153  0.600827  0.579119  0.560464  0.546636  0.535586  0.524291  0.50728  0.48055  0.441456  0.393223  0.344102  0.30699  0.292992  0.30699  0.344102  0.393224  0.441455  0.48055  0.507279  0.524291  0.535586  0.546637  0.560464  0.579119  0.600827  0.622154  0.637563  0.6427  
0.637717  0.633494  0.620823  0.603347  0.584982  0.569211  0.556497  0.545924  0.533361  0.514549  0.484344  0.441275  0.388099  0.334644  0.294135  0.279064  0.294135  0.334644  0.388099  0.441275  0.484343  0.514549  0.533361  0.545925  0.556496  0.569211  0.584982  0.603347  0.620823  0.633494  0.637717  
0.633499  0.630126  0.620005  0.605724  0.590733  0.577051  0.565713  0.554673  0.540944  0.519219  0.485565  0.437861  0.380271  0.322606  0.27942  0.263236  0.27942  0.322606  0.380271  0.437861  0.485565  0.519219  0.540944  0.554673  0.565714  0.577051  0.590733  0.605724  0.620005  0.630125  0.633499  
0.630046  0.627377  0.61937  0.608087  0.595676  0.584123  0.573214  0.561704  0.545598  0.520781  0.482694  0.430666  0.3687  0.307827  0.262403  0.245595  0.262403  0.307827  0.3687  0.430666  0.482694  0.520781  0.545598  0.561704  0.573214  0.584123  0.595675  0.608087  0.61937  0.627377  0.630046  
0.627103  0.625045  0.61887  0.609855  0.599766  0.589326  0.578613  0.565324  0.546438  0.517258  0.474739  0.418158  0.352878  0.289602  0.243091  0.225838  0.243091  0.289602  0.352878  0.418158  0.474739  0.517258  0.546438  0.565323  0.578613  0.589326  0.599767  0.609854  0.61887  0.625045  0.627103  
0.624303  0.622675  0.617791  0.61054  0.601658  0.591728  0.579731  0.563955  0.54078  0.506925  0.459454  0.399278  0.331648  0.267701  0.221124  0.204061  0.221123  0.267701  0.331648  0.399278  0.459454  0.506925  0.54078  0.563955  0.579731  0.591729  0.601658  0.61054  0.617791  0.622675  0.624303  
0.619975  0.618588  0.614428  0.607806  0.599137  0.58802  0.573644  0.553674  0.525636  0.486429  0.434884  0.372178  0.304368  0.241529  0.196546  0.180081  0.196546  0.241529  0.304368  0.372178  0.434885  0.486429  0.525637  0.553673  0.573644  0.58802  0.599137  0.607806  0.614429  0.618588  0.619975  
0.609357  0.607917  0.603598  0.596465  0.586271  0.572612  0.554135  0.529332  0.495899  0.452387  0.398154  0.335572  0.27006  0.210978  0.169182  0.154065  0.169182  0.210978  0.27006  0.335572  0.398154  0.452388  0.495899  0.529332  0.554134  0.572612  0.586271  0.596465  0.603598  0.607917  0.609357  
0.58134  0.579603  0.574392  0.565528  0.552769  0.535403  0.512673  0.483238  0.446157  0.400556  0.347108  0.288019  0.22844  0.175831  0.139233  0.126022  0.139233  0.175831  0.228441  0.288019  0.347109  0.400556  0.446157  0.483238  0.512673  0.535403  0.552769  0.565527  0.574392  0.579603  0.58134  
0.517717  0.515634  0.509387  0.498876  0.483828  0.46399  0.438809  0.407952  0.370957  0.328073  0.280056  0.229235  0.179415  0.136429  0.106833  0.0962577  0.106833  0.136429  0.179415  0.229235  0.280056  0.328073  0.370957  0.407952  0.438809  0.46399  0.483828  0.498876  0.509387  0.515634  0.517717  
0.399281  0.397237  0.391104  0.380866  0.366545  0.34807  0.325506  0.298812  0.268255  0.234165  0.197521  0.159844  0.123864  0.093267  0.072455  0.0650228  0.0724551  0.0932669  0.123864  0.159844  0.197521  0.234165  0.268255  0.298812  0.325506  0.34807  0.366545  0.380866  0.391104  0.397237  0.399281  
0.22017  0.218858  0.214925  0.208429  0.199436  0.18808  0.174464  0.158803  0.141286  0.122298  0.102314  0.0822189  0.0632805  0.0473751  0.0366034  0.032783  0.0366034  0.0473752  0.0632805  0.0822189  0.102314  0.122298  0.141285  0.158803  0.174463  0.18808  0.199436  0.208429  0.214925  0.218858  0.22017  
0  0  0  0  0  0  0  0  0  0  0  0  0  0  0  0  0  0  0  0  0  0  0  0  0  0  0  0  0  0  0  
