1  1  1  1  1  1  1  1  1  1  1  1  1  1  1  1  1  1  1  1  1  1  1  1  1  1  1  1  1  1  1  
0.96615  0.962532  0.951679  0.935859  0.916349  0.896396  0.875615  0.856918  0.8385  0.823283  0.808727  0.79795  0.788025  0.782227  0.777407  0.776895  0.777407  0.782228  0.788024  0.79795  0.808726  0.823284  0.838499  0.856918  0.875614  0.896396  0.916349  0.935859  0.951679  0.962532  0.96615  
0.9326  0.925749  0.905197  0.873894  0.838113  0.799091  0.76288  0.727191  0.697363  0.668986  0.6474  0.627248  0.614102  0.602251  0.597465  0.593922  0.597465  0.602251  0.614102  0.627248  0.647401  0.668985  0.697364  0.72719  0.762881  0.79909  0.838114  0.873893  0.905197  0.925749  0.9326  
0.900517  0.890593  0.860821  0.818128  0.766774  0.716421  0.666352  0.624344  0.585169  0.555537  0.528203  0.509818  0.492706  0.48381  0.475627  0.475337  0.475627  0.48381  0.492705  0.509819  0.528202  0.555539  0.585167  0.624345  0.66635  0.716423  0.766773  0.818129  0.86082  0.890593  0.900517  
0.869238  0.857231  0.821208  0.767401  0.708294  0.646957  0.594418  0.546333  0.510615  0.478759  0.457649  0.437994  0.426957  0.415942  0.412546  0.408833  0.412546  0.415941  0.426958  0.437992  0.45765  0.478757  0.510618  0.546331  0.59442  0.646955  0.708296  0.7674  0.821208  0.857231  0.869238  
0.840581  0.826609  0.78469  0.726186  0.65858  0.596858  0.53998  0.497878  0.46186  0.438792  0.41792  0.40605  0.393624  0.388243  0.381839  0.38225  0.381838  0.388245  0.393622  0.406052  0.417918  0.438795  0.461858  0.497881  0.539977  0.59686  0.658579  0.726188  0.784689  0.826609  0.840582  
0.812993  0.79831  0.754263  0.690032  0.623037  0.557705  0.507526  0.465614  0.439383  0.416942  0.404444  0.39106  0.384125  0.375368  0.372853  0.369493  0.372853  0.375367  0.384126  0.391058  0.404446  0.416939  0.439386  0.465611  0.507529  0.557702  0.62304  0.69003  0.754265  0.79831  0.812992  
0.788695  0.773187  0.726663  0.663634  0.593734  0.534815  0.484578  0.452535  0.4268  0.413007  0.398705  0.390577  0.37954  0.37383  0.366891  0.366799  0.366891  0.373831  0.379538  0.39058  0.398702  0.41301  0.426796  0.452539  0.484574  0.534818  0.593731  0.663636  0.726662  0.773187  0.788695  
0.765458  0.750378  0.70514  0.640517  0.576412  0.517167  0.476382  0.444544  0.427723  0.41206  0.403289  0.390674  0.382167  0.371056  0.366197  0.362159  0.366198  0.371055  0.382169  0.390671  0.403292  0.412057  0.427726  0.44454  0.476386  0.517164  0.576415  0.640514  0.705141  0.750378  0.765457  
0.745712  0.730659  0.685502  0.625877  0.561714  0.511283  0.470496  0.447754  0.429173  0.419762  0.406633  0.396825  0.382313  0.372318  0.362231  0.360719  0.36223  0.372319  0.38231  0.396828  0.406629  0.419766  0.429169  0.447758  0.470492  0.511287  0.56171  0.625879  0.6855  0.73066  0.745713  
0.72683  0.712938  0.671261  0.612432  0.556334  0.506086  0.474424  0.450124  0.438606  0.425259  0.415887  0.400097  0.386553  0.370186  0.36104  0.355598  0.361041  0.370184  0.386555  0.400094  0.415891  0.425255  0.43861  0.45012  0.474429  0.506082  0.556338  0.61243  0.671263  0.712937  0.726829  
0.711309  0.697951  0.657876  0.605931  0.550755  0.509537  0.476745  0.460165  0.445182  0.436777  0.421904  0.407849  0.387445  0.371037  0.356227  0.352736  0.356226  0.371039  0.387442  0.407852  0.4219  0.436782  0.445178  0.46017  0.476741  0.509541  0.550751  0.605933  0.657874  0.697951  0.71131  
0.696382  0.684546  0.649038  0.598982  0.552474  0.511018  0.48644  0.466927  0.457921  0.444611  0.432777  0.412102  0.391759  0.368382  0.353612  0.346241  0.353613  0.36838  0.391762  0.412098  0.432781  0.444606  0.457926  0.466922  0.486445  0.511014  0.552478  0.598979  0.64904  0.684546  0.696381  
0.684505  0.673435  0.640227  0.59766  0.552224  0.519332  0.492678  0.479931  0.466563  0.457596  0.439765  0.420226  0.392512  0.368182  0.347434  0.341501  0.347433  0.368184  0.392509  0.42023  0.439761  0.457601  0.466558  0.479936  0.492674  0.519337  0.55222  0.597662  0.640225  0.673436  0.684506  
0.67297  0.663517  0.635158  0.594814  0.557862  0.524275  0.505044  0.488595  0.480569  0.466225  0.450989  0.424467  0.396105  0.364402  0.342936  0.333219  0.342937  0.3644  0.396107  0.424463  0.450993  0.466221  0.480574  0.48859  0.505049  0.52427  0.557865  0.594811  0.63516  0.663516  0.672969  
0.664096  0.655461  0.629554  0.59653  0.560533  0.534884  0.513062  0.502699  0.489852  0.47937  0.457834  0.431905  0.395856  0.362472  0.334899  0.326179  0.334898  0.362474  0.395853  0.431908  0.457829  0.479375  0.489846  0.502704  0.513057  0.534889  0.56053  0.596533  0.629553  0.655461  0.664097  
0.655376  0.648277  0.626978  0.596114  0.568016  0.541414  0.526331  0.511923  0.503828  0.487664  0.468167  0.434999  0.397682  0.356796  0.327969  0.315662  0.32797  0.356794  0.397685  0.434995  0.468171  0.487659  0.503833  0.511918  0.526336  0.54141  0.56802  0.596112  0.626979  0.648276  0.655375  
0.648911  0.64257  0.623548  0.599359  0.572046  0.552654  0.534817  0.525825  0.512664  0.499672  0.473586  0.440351  0.395245  0.352212  0.317468  0.305841  0.317467  0.352213  0.395243  0.440354  0.473582  0.499677  0.512659  0.52583  0.534812  0.552659  0.572042  0.599362  0.623546  0.64257  0.648912  
0.642485  0.637491  0.622512  0.600213  0.579932  0.559512  0.547664  0.534536  0.525311  0.506328  0.4814  0.440722  0.393836  0.343593  0.307428  0.292579  0.307429  0.343591  0.393839  0.440719  0.481404  0.506324  0.525315  0.534532  0.547669  0.559508  0.579936  0.60021  0.622514  0.637491  0.642484  
0.637911  0.633557  0.620495  0.603912  0.584227  0.570099  0.55553  0.546912  0.532397  0.515447  0.483541  0.441964  0.387526  0.335116  0.293733  0.279442  0.293732  0.335117  0.387523  0.441967  0.483537  0.515451  0.532393  0.546917  0.555526  0.570103  0.584224  0.603914  0.620494  0.633557  0.637912  
0.633326  0.630069  0.620299  0.605212  0.591422  0.576234  0.566605  0.553756  0.541839  0.518383  0.486311  0.437221  0.3808  0.322173  0.279786  0.262893  0.279787  0.322172  0.380803  0.437218  0.486315  0.518379  0.541843  0.553752  0.566609  0.57623  0.591425  0.60521  0.6203  0.630069  0.633325  
0.630197  0.627425  0.61911  0.608542  0.595058  0.58486  0.572405  0.562538  0.54478  0.521545  0.482011  0.43125  0.368217  0.308219  0.262073  0.245902  0.262073  0.30822  0.368215  0.431253  0.482007  0.521548  0.544776  0.562542  0.572401  0.584863  0.595055  0.608544  0.619109  0.627425  0.630198  
0.626974  0.625004  0.619093  0.609458  0.600308  0.588675  0.579331  0.564579  0.547169  0.516572  0.475352  0.417632  0.353311  0.289251  0.243383  0.225566  0.243384  0.28925  0.353313  0.41763  0.475355  0.516569  0.547172  0.564576  0.579334  0.588672  0.60031  0.609457  0.619094  0.625004  0.626973  
0.624411  0.622709  0.617603  0.610876  0.601195  0.592288  0.579109  0.564602  0.54014  0.507526  0.458914  0.399741  0.331267  0.268009  0.220867  0.204298  0.220867  0.26801  0.331265  0.399743  0.458911  0.507529  0.540137  0.564605  0.579107  0.59229  0.601193  0.610877  0.617602  0.622709  0.624411  
0.619887  0.618561  0.614582  0.607529  0.599521  0.587552  0.574166  0.553126  0.526179  0.485915  0.435347  0.37178  0.304696  0.241265  0.196765  0.179878  0.196765  0.241264  0.304697  0.371779  0.435349  0.485913  0.526182  0.553124  0.574168  0.58755  0.599523  0.607527  0.614583  0.618561  0.619887  
0.609425  0.607938  0.603477  0.596684  0.585964  0.572988  0.553711  0.529778  0.495453  0.452811  0.39777  0.335903  0.269787  0.211198  0.168999  0.154233  0.168999  0.211199  0.269786  0.335905  0.397768  0.452813  0.495451  0.52978  0.553709  0.57299  0.585962  0.596685  0.603476  0.607938  0.609425  
0.581289  0.579587  0.574483  0.565361  0.553002  0.535114  0.513  0.48289  0.446507  0.400221  0.347413  0.287755  0.228659  0.175655  0.139378  0.125887  0.139378  0.175654  0.22866  0.287753  0.347414  0.400219  0.446509  0.482888  0.513001  0.535113  0.553003  0.56536  0.574483  0.579587  0.581288  
0.517752  0.515645  0.509322  0.498994  0.483661  0.464198  0.438571  0.408206  0.370699  0.32832  0.279829  0.229432  0.179251  0.136561  0.106724  0.0963581  0.106724  0.136561  0.17925  0.229433  0.279828  0.328322  0.370698  0.408207  0.43857  0.464199  0.48366  0.498994  0.509322  0.515645  0.517753  
0.399259  0.39723  0.391145  0.380791  0.366651  0.347936  0.325659  0.298647  0.268423  0.234002  0.197671  0.159713  0.123973  0.0931791  0.0725274  0.0649559  0.0725276  0.0931788  0.123974  0.159713  0.197671  0.234001  0.268424  0.298646  0.32566  0.347936  0.366651  0.380791  0.391145  0.39723  0.399258  
0.22018  0.218861  0.214905  0.208465  0.199385  0.188145  0.174388  0.158884  0.141202  0.122379  0.10224  0.0822841  0.0632261  0.047419  0.0365672  0.0328163  0.0365671  0.0474191  0.0632258  0.0822844  0.102239  0.122379  0.141202  0.158884  0.174388  0.188145  0.199384  0.208465  0.214905  0.218862  0.22018  
0  0  0  0  0  0  0  0  0  0  0  0  0  0  0  0  0  0  0  0  0  0  0  0  0  0  0  0  0  0  0  
