1  1  1  1  1  1  1  1  1  1  1  1  1  1  1  1  1  1  1  1  1  1  1  1  1  1  1  1  1  1  1  
0.965676  0.962359  0.952407  0.934657  0.917963  0.894423  0.877901  0.854363  0.841281  0.820317  0.811841  0.794722  0.791337  0.778858  0.780809  0.773481  0.78081  0.778857  0.791338  0.79472  0.811843  0.820314  0.841284  0.85436  0.877903  0.89442  0.917965  0.934655  0.952408  0.962358  0.965675  
0.933529  0.92609  0.903772  0.876242  0.834977  0.802898  0.758509  0.732025  0.692161  0.674469  0.641711  0.633082  0.608172  0.60824  0.591444  0.599953  0.591443  0.608242  0.608169  0.633086  0.641707  0.674474  0.692156  0.73203  0.758504  0.802902  0.834973  0.876245  0.90377  0.92609  0.93353  
0.89917  0.890099  0.862888  0.814737  0.771267  0.711025  0.672464  0.617688  0.59221  0.548245  0.53564  0.502315  0.500228  0.476294  0.483131  0.467838  0.483133  0.476291  0.500232  0.502309  0.535647  0.548238  0.592218  0.61768  0.672472  0.711018  0.771273  0.814732  0.862891  0.890099  0.899168  
0.870954  0.857859  0.818572  0.771702  0.702649  0.653648  0.586959  0.554306  0.502345  0.487152  0.449259  0.446303  0.418762  0.424026  0.404539  0.416813  0.404537  0.424031  0.418756  0.446311  0.44925  0.487162  0.502334  0.554317  0.586948  0.653658  0.702641  0.771708  0.818569  0.85786  0.870957  
0.838554  0.825867  0.787807  0.721125  0.665159  0.589165  0.548416  0.489024  0.470866  0.429834  0.426701  0.397512  0.401909  0.380175  0.389763  0.374375  0.389766  0.380169  0.401916  0.397502  0.426713  0.429821  0.470879  0.489011  0.548429  0.589154  0.665169  0.721118  0.787812  0.825866  0.838551  
0.815271  0.799142  0.750753  0.695704  0.61573  0.566143  0.498409  0.475028  0.429969  0.426148  0.395571  0.399548  0.376009  0.383176  0.365247  0.37703  0.365244  0.383182  0.376  0.399559  0.395558  0.426162  0.429954  0.475043  0.498394  0.566157  0.615719  0.695713  0.750748  0.799143  0.815274  
0.786225  0.772288  0.730478  0.65749  0.601589  0.525836  0.494163  0.442765  0.436443  0.403701  0.407554  0.382227  0.387418  0.366338  0.37413  0.359646  0.374134  0.366331  0.387428  0.382214  0.407568  0.403685  0.43646  0.442747  0.49418  0.525821  0.601602  0.65748  0.730484  0.772287  0.786221  
0.768061  0.751322  0.701103  0.647008  0.568157  0.526531  0.466472  0.454554  0.417933  0.421416  0.394485  0.398884  0.374516  0.378248  0.359307  0.368945  0.359303  0.378255  0.374505  0.398898  0.394469  0.421435  0.417914  0.454574  0.466454  0.526548  0.568143  0.647019  0.701096  0.751323  0.768065  
0.743026  0.729691  0.689686  0.619149  0.570244  0.501651  0.480635  0.437568  0.439075  0.410361  0.415402  0.388732  0.389762  0.3654  0.368798  0.354274  0.368802  0.365392  0.389774  0.388716  0.41542  0.410341  0.439096  0.437547  0.480655  0.501633  0.570259  0.619137  0.689693  0.729689  0.743021  
0.729552  0.713913  0.666998  0.619301  0.547632  0.515893  0.464124  0.460444  0.428606  0.434705  0.407138  0.408091  0.379285  0.376849  0.354779  0.36172  0.354774  0.376858  0.379272  0.408107  0.407119  0.434726  0.428584  0.460467  0.464103  0.515913  0.547615  0.619314  0.66699  0.713915  0.729557  
0.708592  0.696983  0.662158  0.599006  0.559541  0.499629  0.48715  0.449745  0.455261  0.42729  0.430635  0.399948  0.394539  0.364619  0.362194  0.346926  0.362198  0.364609  0.394553  0.399931  0.430655  0.427268  0.455285  0.449721  0.487173  0.499609  0.559559  0.598993  0.662166  0.696981  0.708587  
0.699059  0.685491  0.64479  0.605885  0.543684  0.520954  0.475986  0.477405  0.447791  0.454119  0.424077  0.419903  0.384839  0.374557  0.347935  0.351743  0.34793  0.374566  0.384825  0.41992  0.424056  0.454142  0.447766  0.477429  0.475963  0.520975  0.543666  0.605899  0.644782  0.685493  0.699064  
0.681901  0.672524  0.644392  0.590846  0.56094  0.509441  0.503118  0.469446  0.4767  0.448102  0.448407  0.412544  0.399247  0.362253  0.35282  0.336303  0.352825  0.362243  0.399261  0.412526  0.448428  0.448078  0.476725  0.469421  0.503142  0.509419  0.560958  0.590832  0.644401  0.672522  0.681895  
0.675474  0.664385  0.631118  0.601471  0.549294  0.534046  0.494689  0.499021  0.470482  0.475655  0.442446  0.432001  0.389573  0.370076  0.337841  0.338112  0.337836  0.370085  0.389559  0.432019  0.442424  0.475679  0.470457  0.499046  0.494665  0.534069  0.549275  0.601485  0.63111  0.664387  0.675479  
0.661714  0.654643  0.633428  0.590092  0.568876  0.525313  0.52325  0.492411  0.499815  0.470069  0.466226  0.424557  0.402159  0.357066  0.339699  0.321593  0.339704  0.357056  0.402173  0.424538  0.466247  0.470045  0.49984  0.492385  0.523274  0.525291  0.568895  0.590078  0.633437  0.654641  0.661709  
0.657615  0.649037  0.623303  0.602274  0.559973  0.550698  0.5164  0.521983  0.494073  0.496761  0.459988  0.442115  0.391635  0.361921  0.32347  0.319941  0.323465  0.36193  0.391621  0.442133  0.459966  0.496784  0.494048  0.522008  0.516376  0.55072  0.559955  0.602288  0.623295  0.649038  0.657619  
0.646832  0.641872  0.626991  0.593533  0.579711  0.543747  0.544393  0.516092  0.522115  0.490863  0.481484  0.433516  0.401004  0.347384  0.321662  0.301871  0.321666  0.347375  0.401018  0.433499  0.481505  0.49084  0.52214  0.516067  0.544417  0.543726  0.579729  0.59352  0.626999  0.64187  0.646827  
0.64439  0.638124  0.619327  0.605653  0.572717  0.567952  0.538544  0.543839  0.516262  0.514759  0.473856  0.447221  0.388399  0.348106  0.303546  0.296238  0.303541  0.348115  0.388386  0.447238  0.473836  0.514782  0.516239  0.543863  0.538521  0.567972  0.5727  0.605666  0.61932  0.638126  0.644394  
0.636189  0.632992  0.623401  0.598903  0.590921  0.562216  0.564094  0.538146  0.540941  0.507482  0.490657  0.435853  0.392607  0.330933  0.297299  0.276094  0.297303  0.330924  0.39262  0.435837  0.490676  0.507461  0.540963  0.538123  0.564116  0.562197  0.590937  0.598892  0.623407  0.632991  0.636185  
0.634858  0.630566  0.617691  0.609748  0.58531  0.583478  0.558693  0.561886  0.533897  0.525794  0.479692  0.442892  0.376105  0.32601  0.276541  0.265928  0.276537  0.326018  0.376093  0.442907  0.479674  0.525813  0.533876  0.561907  0.558673  0.583496  0.585295  0.609759  0.617685  0.630567  0.634861  
0.628858  0.626996  0.621408  0.604508  0.600534  0.578325  0.579579  0.555136  0.552031  0.514766  0.488069  0.426064  0.372497  0.304741  0.264995  0.243178  0.264999  0.304734  0.372507  0.426051  0.488085  0.514748  0.55205  0.555117  0.579597  0.578309  0.600547  0.604498  0.621414  0.626995  0.628855  
0.62812  0.625367  0.61711  0.612969  0.595505  0.594442  0.572964  0.571178  0.540681  0.522653  0.469909  0.422293  0.349471  0.292358  0.240788  0.227979  0.240784  0.292364  0.349461  0.422305  0.469894  0.522669  0.540664  0.571195  0.572947  0.594457  0.595494  0.612978  0.617105  0.625368  0.628122  
0.623453  0.622408  0.619272  0.607896  0.6053  0.587325  0.58462  0.558861  0.545809  0.502193  0.463701  0.395636  0.334646  0.265282  0.223136  0.202194  0.223139  0.265276  0.334655  0.395625  0.463714  0.502179  0.545824  0.558846  0.584634  0.587312  0.60531  0.607889  0.619276  0.622407  0.623451  
0.620663  0.618802  0.613218  0.609982  0.596116  0.591696  0.569535  0.557978  0.521363  0.490467  0.431245  0.375307  0.301789  0.243606  0.194824  0.181675  0.194821  0.243611  0.301782  0.375317  0.431234  0.490479  0.52135  0.55799  0.569522  0.591707  0.596107  0.609988  0.613215  0.618803  0.620665  
0.608817  0.60775  0.604551  0.594737  0.588686  0.569651  0.557465  0.525819  0.499407  0.449053  0.401173  0.332966  0.272211  0.209247  0.170613  0.152741  0.170616  0.209243  0.272217  0.332958  0.401183  0.449043  0.499418  0.525809  0.557475  0.569642  0.588693  0.594732  0.604554  0.60775  0.608815  
0.581743  0.579726  0.573675  0.566836  0.550926  0.537678  0.510094  0.485976  0.443403  0.403189  0.34471  0.290096  0.226721  0.177215  0.13809  0.127077  0.138088  0.177218  0.226716  0.290103  0.344703  0.403197  0.443395  0.485984  0.510086  0.537684  0.550921  0.566839  0.573673  0.579726  0.581744  
0.517434  0.515548  0.509891  0.497948  0.485143  0.462354  0.440676  0.405954  0.37298  0.326125  0.281839  0.227683  0.180701  0.135392  0.107689  0.0954679  0.10769  0.13539  0.180705  0.227679  0.281844  0.326119  0.372986  0.405948  0.440682  0.462349  0.485147  0.497945  0.509893  0.515548  0.517433  
0.399459  0.39729  0.390786  0.381454  0.365705  0.34912  0.324299  0.300112  0.26693  0.235447  0.196341  0.160874  0.123008  0.0939572  0.0718855  0.065548  0.0718845  0.093959  0.123005  0.160877  0.196337  0.235451  0.266926  0.300116  0.324295  0.349123  0.365703  0.381455  0.390785  0.397291  0.399459  
0.220084  0.218833  0.215078  0.208145  0.199843  0.187569  0.175054  0.158164  0.141939  0.121662  0.102901  0.0817053  0.063708  0.0470302  0.0368879  0.0325206  0.0368883  0.0470293  0.0637093  0.0817037  0.102903  0.12166  0.141941  0.158162  0.175056  0.187567  0.199844  0.208145  0.215078  0.218832  0.220084  
0  0  0  0  0  0  0  0  0  0  0  0  0  0  0  0  0  0  0  0  0  0  0  0  0  0  0  0  0  0  0  
