1  1  1  1  1  1  1  1  1  1  1  1  1  1  1  1  1  1  1  1  1  1  1  1  1  1  1  1  1  1  1  
0.971973  0.964667  0.942747  0.950617  0.896538  0.920624  0.847543  0.888288  0.804357  0.859701  0.770495  0.83758  0.747366  0.823586  0.735642  0.818794  0.735637  0.823596  0.747352  0.837598  0.770474  0.859723  0.804333  0.888311  0.84752  0.920645  0.89652  0.95063  0.942739  0.964669  0.971979  
0.921193  0.921569  0.922696  0.845064  0.876614  0.752347  0.816552  0.667838  0.761225  0.601674  0.717243  0.555632  0.686893  0.528736  0.671367  0.519896  0.671376  0.528717  0.686921  0.555597  0.717284  0.601629  0.761272  0.667791  0.816597  0.752306  0.876649  0.845038  0.922713  0.921565  0.921182  
0.917059  0.896653  0.835435  0.859769  0.711597  0.782682  0.591291  0.706064  0.498719  0.645067  0.436902  0.601941  0.400365  0.576069  0.383514  0.567389  0.3835  0.576097  0.400324  0.601993  0.436842  0.645134  0.498649  0.706134  0.591224  0.782744  0.711545  0.859809  0.83541  0.896659  0.917075  
0.848168  0.849518  0.853566  0.714595  0.77761  0.564795  0.686009  0.448421  0.612167  0.375707  0.560658  0.335981  0.527562  0.316695  0.510833  0.310884  0.510852  0.316658  0.527615  0.335913  0.560737  0.37562  0.612258  0.448329  0.686097  0.564714  0.777679  0.714543  0.853599  0.84951  0.848147  
0.865476  0.835709  0.746411  0.788332  0.5778  0.691324  0.436385  0.606603  0.351276  0.548795  0.310094  0.510885  0.291902  0.487301  0.284558  0.478914  0.284535  0.487346  0.291837  0.510968  0.309997  0.548902  0.351164  0.606715  0.436276  0.691422  0.577716  0.788396  0.746371  0.835719  0.865501  
0.785017  0.788104  0.797364  0.620376  0.712763  0.454081  0.619487  0.350008  0.554987  0.303897  0.513394  0.286837  0.483764  0.279516  0.466218  0.276985  0.466245  0.279464  0.48384  0.286741  0.513507  0.303772  0.555119  0.349876  0.619614  0.453965  0.712861  0.620301  0.79741  0.788093  0.784987  
0.819016  0.784217  0.67982  0.739087  0.497266  0.645079  0.36687  0.572521  0.30838  0.527278  0.290047  0.49311  0.282809  0.465809  0.278021  0.454596  0.277991  0.465868  0.282723  0.493219  0.289919  0.52742  0.308231  0.572671  0.366726  0.64521  0.497154  0.739172  0.679768  0.784229  0.819049  
0.733486  0.738792  0.754713  0.560804  0.677781  0.402177  0.598075  0.321609  0.547943  0.297159  0.511399  0.289846  0.476113  0.282758  0.450785  0.278853  0.450819  0.282693  0.476208  0.289725  0.511541  0.297002  0.548108  0.321443  0.598235  0.402031  0.677905  0.56071  0.754771  0.738779  0.733449  
0.778698  0.742554  0.634122  0.708499  0.456959  0.629562  0.345985  0.572844  0.307556  0.535209  0.298927  0.496214  0.290833  0.457256  0.281611  0.439839  0.281575  0.457327  0.29073  0.496345  0.298773  0.535379  0.307377  0.573025  0.345811  0.62972  0.456825  0.708601  0.63406  0.742568  0.778738  
0.693399  0.700953  0.723617  0.528081  0.663211  0.385636  0.600921  0.323375  0.561421  0.309241  0.523344  0.301924  0.475805  0.288372  0.437914  0.280445  0.437953  0.288297  0.475914  0.301785  0.523508  0.309059  0.561612  0.323182  0.601106  0.385468  0.663354  0.527973  0.723683  0.700939  0.693357  
0.74468  0.709831  0.605282  0.690968  0.442847  0.631211  0.348959  0.588138  0.321387  0.553296  0.314671  0.504881  0.300315  0.449846  0.282971  0.42405  0.282931  0.449925  0.3002  0.505028  0.314499  0.553487  0.321185  0.588341  0.348764  0.631388  0.442697  0.691082  0.605214  0.709846  0.744723  
0.663512  0.672936  0.701207  0.514194  0.660424  0.388997  0.614825  0.338233  0.582344  0.32783  0.539631  0.316292  0.476745  0.29255  0.423305  0.278698  0.423346  0.292469  0.476864  0.31614  0.539809  0.327632  0.582553  0.338022  0.615027  0.388813  0.660579  0.514077  0.701278  0.672921  0.663468  
0.716487  0.684633  0.589072  0.681334  0.445173  0.640817  0.364459  0.608705  0.342042  0.574205  0.333623  0.514581  0.309802  0.440986  0.281295  0.405297  0.281253  0.44107  0.30968  0.514737  0.33344  0.574409  0.341827  0.608922  0.364251  0.641005  0.445014  0.681454  0.589001  0.684649  0.716531  
0.642209  0.652848  0.684766  0.513058  0.663086  0.404258  0.632219  0.360543  0.604468  0.350406  0.55592  0.331926  0.476317  0.294728  0.405493  0.273166  0.405536  0.294644  0.476439  0.331769  0.556105  0.3502  0.604685  0.360324  0.63243  0.404068  0.663246  0.512938  0.684837  0.652833  0.642166  
0.693345  0.665502  0.581972  0.6756  0.458066  0.652436  0.38793  0.629063  0.36747  0.593611  0.354755  0.522159  0.318438  0.428867  0.27597  0.382476  0.275927  0.428951  0.318316  0.522315  0.35457  0.593817  0.367253  0.629283  0.38772  0.652626  0.457906  0.675719  0.581902  0.665516  0.693388  
0.627884  0.638939  0.672105  0.520458  0.66679  0.427387  0.648306  0.388354  0.623644  0.375929  0.568632  0.347589  0.47195  0.293857  0.38321  0.263141  0.383251  0.293774  0.472071  0.347435  0.568815  0.375726  0.623859  0.388137  0.648513  0.427199  0.666946  0.520342  0.672173  0.638925  0.627843  
0.67444  0.651145  0.581257  0.670915  0.477897  0.662055  0.417195  0.645382  0.396572  0.607867  0.376578  0.524296  0.324517  0.411497  0.265982  0.354566  0.265941  0.411578  0.324399  0.524447  0.3764  0.608066  0.396362  0.645593  0.416993  0.662237  0.477745  0.671027  0.581192  0.651158  0.67448  
0.619082  0.62972  0.661636  0.533394  0.668547  0.455853  0.659688  0.420274  0.636448  0.402765  0.57406  0.360892  0.460614  0.288164  0.355094  0.247666  0.355133  0.288087  0.460727  0.360747  0.574232  0.402574  0.63665  0.42007  0.659883  0.455679  0.668692  0.533287  0.661698  0.629708  0.619045  
0.659062  0.6405  0.584813  0.665424  0.502001  0.666927  0.450341  0.65459  0.427456  0.613273  0.396126  0.517023  0.325108  0.386486  0.249948  0.32053  0.249911  0.386559  0.325001  0.517161  0.395963  0.613455  0.427264  0.654783  0.450158  0.667092  0.501865  0.665524  0.584756  0.640511  0.659096  
0.61451  0.623963  0.652325  0.549491  0.666489  0.487248  0.663783  0.453899  0.639388  0.427354  0.567618  0.367558  0.438467  0.27505  0.319637  0.225634  0.319672  0.274981  0.438567  0.367429  0.56777  0.427184  0.639567  0.45372  0.663954  0.487095  0.666615  0.549399  0.652378  0.623954  0.614479  
0.646639  0.6327  0.590884  0.65809  0.527793  0.66512  0.484285  0.653456  0.455706  0.604811  0.407593  0.494948  0.315654  0.350927  0.226198  0.279336  0.226165  0.35099  0.315562  0.495067  0.407454  0.604967  0.455542  0.65362  0.484129  0.665259  0.527678  0.658173  0.590837  0.632709  0.646666  
0.612901  0.620538  0.643449  0.566333  0.659289  0.517836  0.657536  0.483527  0.626857  0.441881  0.542215  0.360383  0.400468  0.251098  0.275256  0.195946  0.275285  0.25104  0.400552  0.360276  0.542342  0.441741  0.627005  0.48338  0.657675  0.517712  0.659391  0.56626  0.64349  0.620531  0.612877  
0.636166  0.6264  0.597102  0.647474  0.550771  0.653247  0.511418  0.635112  0.470515  0.573022  0.400118  0.450159  0.289754  0.301498  0.193013  0.230124  0.192987  0.301549  0.289679  0.450254  0.400006  0.573145  0.470385  0.635241  0.511296  0.653355  0.550683  0.647538  0.597067  0.626406  0.636186  
0.610349  0.615595  0.631332  0.577389  0.641344  0.536645  0.631049  0.493531  0.585335  0.430007  0.485731  0.32846  0.340391  0.212516  0.220598  0.157821  0.22062  0.212472  0.340456  0.328378  0.485827  0.429901  0.585445  0.493422  0.631153  0.536554  0.641418  0.577337  0.631361  0.61559  0.610332  
0.616892  0.610239  0.590281  0.620607  0.552527  0.613974  0.507598  0.578404  0.446886  0.49897  0.35597  0.371972  0.240015  0.235161  0.14918  0.17255  0.149161  0.235199  0.239961  0.37204  0.35589  0.499058  0.446795  0.578495  0.507514  0.614048  0.552467  0.620649  0.590257  0.610243  0.616905  
0.575705  0.57788  0.584404  0.547244  0.578506  0.503622  0.54869  0.444982  0.484627  0.363761  0.38061  0.25899  0.252456  0.156497  0.1552  0.111281  0.155215  0.156467  0.2525  0.258935  0.380674  0.363691  0.484699  0.444912  0.548756  0.503565  0.578552  0.547212  0.584422  0.577877  0.575695  
0.521667  0.516833  0.502334  0.511836  0.465455  0.486842  0.412715  0.43587  0.342683  0.355287  0.255141  0.250913  0.161433  0.150913  0.0948815  0.107283  0.0948698  0.150936  0.161401  0.250954  0.255093  0.355339  0.34263  0.435922  0.412667  0.486884  0.465421  0.51186  0.502321  0.516836  0.521674  
0.3968  0.396487  0.39555  0.372649  0.378262  0.333399  0.34237  0.280649  0.286764  0.216248  0.214001  0.145452  0.135829  0.0836219  0.0804098  0.0576872  0.0804176  0.0836067  0.13585  0.145425  0.214033  0.216214  0.286799  0.280615  0.342401  0.333372  0.378284  0.372634  0.395558  0.396486  0.396795  
0.221359  0.219216  0.212788  0.212394  0.193757  0.195223  0.166213  0.167731  0.132147  0.131178  0.0941191  0.0893931  0.0573068  0.0521935  0.0326301  0.036446  0.0326262  0.0522011  0.0572958  0.0894068  0.0941034  0.131195  0.13213  0.167747  0.166197  0.195237  0.193746  0.212401  0.212784  0.219217  0.221362  
0  0  0  0  0  0  0  0  0  0  0  0  0  0  0  0  0  0  0  0  0  0  0  0  0  0  0  0  0  0  0  
