1  1  1  1  1  1  1  1  1  1  1  1  1  1  1  1  1  1  1  1  1  1  1  1  1  1  1  1  1  1  1  
-3.55455  -0.694469  7.88577  -10.5209  16.2964  -17.9119  22.6676  -23.495  27.3422  -27.4455  30.485  -29.9627  32.3456  -31.3177  33.1915  -31.7403  33.1925  -31.3198  32.3487  -29.9666  30.4896  -27.4505  27.3475  -23.5003  22.6726  -17.9165  16.3003  -10.5239  7.88762  -0.694916  -3.55576  
9.78827  4.17117  -12.6801  23.2548  -29.051  37.0864  -40.9024  46.8019  -48.8774  52.9202  -53.567  56.2161  -55.8852  57.6608  -56.7586  58.0433  -56.7608  57.665  -55.8913  56.2238  -53.576  52.9301  -48.8878  46.8123  -40.9124  37.0955  -29.0587  23.2607  -12.6838  4.17206  9.79068  
-11.9417  -3.81404  20.569  -31.5089  43.6017  -50.7238  58.9366  -62.8159  67.6954  -68.9445  71.4011  -70.9983  72.1673  -71.1238  71.9659  -70.9637  71.9691  -71.13  72.1763  -71.0097  71.4144  -68.9592  67.7108  -62.8314  58.9515  -50.7373  43.6132  -31.5177  20.5745  -3.81535  -11.9453  
17.227  6.84519  -24.3002  41.7628  -53.1044  64.4326  -70.5111  76.5574  -78.3255  80.4786  -79.5064  79.6257  -77.6647  77.4488  -75.8712  76.4247  -75.8753  77.4569  -77.6765  79.6407  -79.5239  80.4979  -78.3458  76.5778  -70.5306  64.4503  -53.1195  41.7745  -24.3074  6.8469  17.2317  
-18.4862  -6.23888  30.503  -47.5205  63.373  -72.7422  80.9663  -83.9108  86.3132  -84.9606  84.1245  -80.9759  79.3545  -76.5  75.8846  -74.636  75.8897  -76.51  79.3689  -80.9942  84.1459  -84.9842  86.338  -83.9358  80.9903  -72.764  63.3916  -47.5347  30.5118  -6.24096  -18.4919  
22.532  8.72215  -32.7073  54.7682  -69.0372  81.0086  -86.4166  90.2199  -89.3134  88.1819  -84.1795  81.3016  -76.964  74.7776  -72.0932  72.1628  -72.0991  74.7892  -76.9809  81.323  -84.2046  88.2096  -89.3424  90.2491  -86.4447  81.0342  -69.059  54.7849  -32.7175  8.72455  22.5386  
-22.7518  -7.79026  37.0943  -57.9163  75.4901  -85.0734  91.8729  -92.7061  92.369  -88.3087  84.76  -79.2122  75.4732  -71.0251  69.3449  -67.7704  69.3516  -71.0382  75.4922  -79.2364  84.7884  -88.3401  92.4021  -92.7393  91.9048  -85.1024  75.5148  -57.9352  37.1058  -7.79295  -22.7592  
25.588  9.7453  -37.7827  62.5287  -78.1266  89.7974  -94.0094  95.8955  -92.9167  89.6257  -83.5366  78.6728  -72.5531  68.9144  -65.2899  65.0132  -65.2973  68.9289  -72.5741  78.6996  -83.568  89.6605  -92.9533  95.9323  -94.0447  89.8296  -78.154  62.5495  -37.7954  9.74824  25.5961  
-24.8649  -8.50457  40.5764  -63.5223  81.8947  -91.325  97.1469  -96.6803  94.8609  -89.2219  84.0351  -76.772  71.405  -65.5655  62.9388  -61.0422  62.9468  -65.5812  71.4278  -76.801  84.0692  -89.2596  94.9007  -96.7203  97.1853  -91.36  81.9244  -63.5449  40.5901  -8.5077  -24.8736  
26.6829  10.0175  -39.9787  66.1042  -82.4261  94.0289  -97.746  98.8684  -94.9265  90.5125  -83.0229  76.627  -68.9091  63.8842  -59.3093  58.6799  -59.3178  63.9008  -68.9334  76.6579  -83.0593  90.5527  -94.9689  98.9111  -97.787  94.0662  -82.4578  66.1283  -39.9932  10.0208  26.6921  
-25.1988  -8.52605  41.4923  -65.4203  84.3355  -93.9662  99.7009  -98.9109  96.5734  -90.0418  83.6886  -74.9358  68.0376  -60.8123  57.2188  -54.9926  57.2277  -60.8298  68.063  -74.9683  83.7267  -90.0841  96.618  -98.9559  99.744  -94.0054  84.3688  -65.4455  41.5075  -8.52941  -25.2084  
26.2174  9.69878  -39.8572  66.4318  -83.2663  95.2579  -99.2045  100.4  -96.1597  91.1279  -82.5416  74.808  -65.5955  59.2409  -53.7446  52.7642  -53.7537  59.259  -65.6218  74.8416  -82.5812  91.1718  -96.206  100.446  -99.2494  95.2987  -83.3007  66.4578  -39.8727  9.70218  26.2271  
-24.148  -8.02124  40.3591  -64.3725  83.6742  -93.8123  100.056  -99.5169  97.1611  -90.0945  82.8628  -72.8483  64.6146  -56.1561  51.6868  -49.1695  51.6962  -56.1746  64.6415  -72.8826  82.9033  -90.1395  97.2086  -99.5647  100.102  -93.854  83.7093  -64.3989  40.3748  -8.02462  -24.1578  
24.5569  8.94683  -37.8833  64.0752  -81.1471  93.717  -98.2491  99.9254  -95.7321  90.4059  -81.0331  72.2848  -61.8875  54.459  -48.2176  46.9387  -48.227  54.4776  -61.9147  72.3195  -81.0741  90.4514  -95.7803  99.9739  -98.2956  93.7591  -81.1826  64.1017  -37.899  8.95016  24.5665  
-22.0469  -7.14127  37.5757  -60.7994  80.1257  -90.7447  97.6808  -97.6243  95.5249  -88.2355  80.5036  -69.6539  60.5101  -51.1877  46.0797  -43.3642  46.0891  -51.2062  60.5372  -69.6886  80.5446  -88.2811  95.5731  -97.6729  97.7273  -90.7868  80.161  -60.8257  37.5912  -7.14448  -22.0564  
22.0024  7.89852  -34.4132  59.3421  -76.13  89.0855  -94.1911  96.4687  -92.5405  87.2566  -77.5493  68.3127  -57.2725  49.2242  -42.5542  41.0762  -42.5635  49.2425  -57.2992  68.3469  -77.5897  87.3016  -92.5881  96.5167  -94.237  89.127  -76.1647  59.3679  -34.4282  7.90159  22.0115  
-19.1747  -6.01564  33.4617  -54.9632  73.6789  -84.3995  91.8719  -92.3155  90.6646  -83.5213  75.8072  -64.748  55.3172  -45.6796  40.2857  -37.5091  40.2947  -45.6974  55.3432  -64.7814  75.8466  -83.5652  90.7111  -92.3623  91.9166  -84.4398  73.7125  -54.9881  33.4761  -6.01852  -19.1834  
18.8145  6.67163  -29.7571  52.4855  -68.2305  81.053  -86.4436  89.2654  -85.7799  80.9305  -71.476  62.4333  -51.461  43.3811  -36.6956  35.1484  -36.7043  43.3982  -51.486  62.4654  -71.5139  80.9728  -85.8246  89.3104  -86.4866  81.0917  -68.2626  52.5092  -29.7707  6.6743  18.8226  
-15.7858  -4.75738  28.3279  -47.1613  64.4338  -74.6197  82.2393  -83.0711  82.0259  -75.4543  68.3673  -57.8466  48.8568  -39.5517  34.284  -31.6081  34.2923  -39.5679  48.8806  -57.8771  68.4033  -75.4944  82.0683  -83.1137  82.2799  -74.6562  64.464  -47.1835  28.3405  -4.75982  -15.7933  
15.2443  5.37102  -24.2489  43.8732  -57.7  69.6764  -74.8968  78.098  -75.2117  71.2091  -62.6546  54.5354  -44.3998  36.9116  -30.6569  29.1787  -30.6646  36.9269  -44.422  54.5639  -62.6883  71.2465  -75.2513  78.1377  -74.9346  69.7103  -57.728  43.8936  -24.2604  5.3732  15.2511  
-12.1372  -3.4686  22.5371  -37.8671  52.8279  -61.7404  69.0014  -70.0406  69.7166  -64.1413  58.2726  -49.0351  41.1857  -32.8536  28.113  -25.701  28.1202  -32.8677  41.2062  -49.0614  58.3036  -64.1757  69.7528  -70.0769  69.036  -61.7713  52.8533  -37.8855  22.5475  -3.47052  -12.1432  
11.5548  4.09256  -18.2941  34.0971  -45.2013  55.598  -60.1512  63.5063  -61.3367  58.5196  -51.4493  44.8757  -36.2669  29.9144  -24.4998  23.2129  -24.5063  29.9272  -36.2855  44.8994  -51.4773  58.5506  -61.3693  63.5389  -60.1821  55.6255  -45.2238  34.1133  -18.3031  4.09421  11.56  
-8.50408  -2.24376  16.5372  -27.8094  39.7568  -46.7458  53.1454  -54.1913  54.6093  -50.3554  46.1188  -38.7539  32.5682  -25.7358  21.8446  -19.8384  21.8504  -25.7471  32.5847  -38.7749  46.1435  -50.3826  54.6379  -54.2198  53.1724  -46.7697  39.7763  -27.8234  16.545  -2.24515  -8.50852  
8.02646  2.92169  -12.3926  24.0118  -31.8785  40.1191  -43.5996  46.8324  -45.4128  43.9031  -38.6926  34.0135  -27.4151  22.5644  -18.3054  17.2975  -18.3104  22.5742  -27.4294  34.0317  -38.7138  43.9265  -45.4372  46.8567  -43.6224  40.1392  -31.8949  24.0234  -12.3991  2.92282  8.03012  
-5.189  -1.17907  10.8507  -17.9804  26.5514  -31.2551  36.363  -37.2322  38.2111  -35.3938  32.8596  -27.6746  23.3893  -18.3959  15.5556  -14.0608  15.5599  -18.4042  23.4013  -27.6898  32.8773  -35.4132  38.2312  -37.2521  36.3817  -31.2715  26.5647  -17.9898  10.8559  -1.17996  -5.19191  
4.91726  1.9053  -7.13057  14.6336  -19.252  24.9901  -27.2032  29.9208  -29.1573  28.7147  -25.4333  22.6256  -18.2519  15.0517  -12.1435  11.4618  -12.1469  15.0584  -18.2615  22.6378  -25.4474  28.7301  -29.1732  29.9365  -27.2178  25.0028  -19.2622  14.6408  -7.1345  1.90598  4.91947  
-2.52197  -0.407492  5.93595  -9.47446  14.6219  -17.1213  20.5179  -21.0755  22.1271  -20.6138  19.4523  -16.4525  14.0157  -11.0081  9.30059  -8.38261  9.30318  -11.0131  14.0229  -16.4616  19.4629  -20.6252  22.1389  -21.087  20.5286  -17.1306  14.6293  -9.47963  5.93875  -0.407968  -2.52354  
2.30864  0.974045  -3.02973  6.70303  -8.65059  11.6374  -12.6515  14.2755  -13.9744  14.021  -12.4845  11.2347  -9.08272  7.51435  -6.04688  5.70598  -6.04861  7.51772  -9.08756  11.2407  -12.4915  14.0286  -13.9821  14.283  -12.6585  11.6434  -8.65534  6.70634  -3.03151  0.974346  2.30963  
-0.695555  -0.0568385  1.85931  -2.84235  4.56955  -5.30885  6.52351  -6.71147  7.17307  -6.71105  6.4086  -5.43856  4.65996  -3.66001  3.09308  -2.78406  3.09395  -3.6617  4.66238  -5.44158  6.41208  -6.7148  7.17689  -6.71518  6.52692  -5.31178  4.57187  -2.84396  1.86018  -0.0569834  -0.696037  
0  0  0  0  0  0  0  0  0  0  0  0  0  0  0  0  0  0  0  0  0  0  0  0  0  0  0  0  0  0  0  
