1  1  1  1  1  1  1  1  1  1  1  1  1  1  1  1  1  1  1  1  1  1  1  1  1  1  1  1  1  1  1  
64.7412  24.3384  -96.8699  162.56  -216.054  266.231  -306.549  344.395  -373.054  399.614  -417.835  434.737  -444.391  453.609  -456.478  459.483  -456.487  453.627  -444.417  434.771  -417.874  399.657  -373.099  344.44  -306.592  266.27  -216.088  162.586  -96.8859  24.3423  64.7516  
-123.997  -44.8586  192.558  -314.861  422.493  -511.117  588.546  -649.259  700.058  -736.445  765.454  -783.564  797.644  -804.312  809.703  -809.822  809.721  -804.348  797.697  -783.63  765.531  -736.53  700.147  -649.349  588.632  -511.195  422.56  -314.912  192.59  -44.8662  -124.018  
182.071  67.2607  -277.17  456.867  -603.52  726.4  -821.37  895.593  -946.154  981.005  -999.284  1009.28  -1010.62  1010.64  -1008.02  1008.24  -1008.05  1010.69  -1010.69  1009.38  -999.399  981.132  -946.287  895.726  -821.498  726.516  -603.619  456.943  -277.217  67.2719  182.102  
-229.896  -83.6172  355.219  -577.571  759.864  -899.2  1003.71  -1071.77  1112.68  -1128.1  1128.53  -1116.67  1102.07  -1086.28  1076.53  -1071.92  1076.56  -1086.35  1102.17  -1116.8  1128.68  -1128.27  1112.85  -1071.94  1003.87  -899.353  759.994  -577.671  355.28  -83.6319  -229.936  
273.491  100.502  -418.464  681.362  -884.08  1035.22  -1134.07  1191.29  -1210.68  1205.2  -1180.46  1148.48  -1113.52  1085.05  -1064.72  1058.63  -1064.76  1085.13  -1113.64  1148.64  -1180.64  1205.4  -1210.89  1191.5  -1134.27  1035.41  -884.24  681.485  -418.539  100.52  273.54  
-305.586  -110.987  472.811  -762.216  983.353  -1134.4  1226.79  -1265.74  1266.63  -1237.73  1193.67  -1141.04  1091.55  -1049.22  1022.64  -1012.39  1022.69  -1049.32  1091.7  -1141.22  1193.88  -1237.96  1266.88  -1265.99  1227.03  -1134.62  983.54  -762.359  472.899  -111.007  -305.643  
332.885  121.582  -512.329  827.08  -1056.01  1208.26  -1288.78  1314.7  -1296.66  1252.06  -1189.73  1123.38  -1058.99  1007.61  -972.697  961.551  -972.754  1007.72  -1059.15  1123.59  -1189.97  1252.33  -1296.94  1314.98  -1289.06  1208.51  -1056.22  827.243  -512.428  121.605  332.949  
-349.418  -126.145  543.673  -872.449  1110.88  -1259.01  1333.45  -1346.15  1317.3  -1258.19  1184.6  -1103.98  1029.31  -966.582  926.571  -911.645  926.634  -966.707  1029.49  -1104.21  1184.87  -1258.48  1317.62  -1346.46  1333.75  -1259.29  1111.12  -872.628  543.782  -126.171  -349.488  
362.048  131.017  -562.078  905.601  -1146.85  1296.11  -1363.41  1370.71  -1331.79  1265.06  -1179.4  1089.07  -1001.57  930.575  -882.403  866.548  -882.471  930.71  -1001.77  1089.32  -1179.69  1265.39  -1332.13  1371.05  -1363.74  1296.41  -1147.11  905.795  -562.195  131.044  362.124  
-365.45  -130.552  574.145  -923.32  1171.24  -1318.89  1386.14  -1388.01  1345.83  -1270.51  1177.55  -1074.99  977.98  -895.642  842.13  -822.402  842.203  -895.786  978.188  -1075.25  1177.87  -1270.86  1346.2  -1388.38  1386.5  -1319.21  1171.52  -923.527  574.269  -130.58  -365.529  
366.242  130.827  -575.42  932.082  -1181.46  1333.35  -1399.36  1402.37  -1355.72  1276.9  -1174.29  1063.34  -953.996  863.509  -801.806  781.088  -801.882  863.659  -954.215  1063.62  -1174.62  1277.26  -1356.1  1402.76  -1399.73  1333.69  -1181.74  932.298  -575.549  130.855  366.324  
-359.346  -126.485  572.097  -928.15  1183.05  -1336.16  1406.91  -1409.37  1363.53  -1278.91  1171.03  -1049.15  931.321  -830.173  763.521  -739.093  763.599  -830.328  931.547  -1049.44  1171.37  -1279.29  1363.93  -1409.77  1407.3  -1336.51  1183.34  -928.373  572.231  -126.514  -359.429  
351.014  123.335  -559.701  917.179  -1172.11  1331.33  -1404.14  1411.23  -1363.7  1277.96  -1162.38  1034.08  -905.638  797.785  -723.903  698.774  -723.983  797.943  -905.869  1034.38  -1162.73  1278.35  -1364.1  1411.64  -1404.53  1331.69  -1172.41  917.406  -559.836  123.364  351.098  
-336.275  -116.195  544.043  -894.971  1153.24  -1314.22  1393.72  -1402.36  1357.85  -1268.4  1150.03  -1013.38  879.081  -762.778  685.393  -657.112  685.474  -762.938  879.314  -1013.67  1150.38  -1268.79  1358.26  -1402.78  1394.12  -1314.59  1153.54  -895.199  544.178  -116.224  -336.358  
321.066  110.65  -520.598  866.757  -1121.93  1288.3  -1370.32  1384.88  -1340.26  1252.07  -1128.83  989.201  -847.687  727.612  -644.995  616.65  -645.076  727.771  -847.919  989.499  -1129.18  1252.46  -1340.68  1385.29  -1370.72  1288.66  -1122.23  866.983  -520.731  110.677  321.147  
-300.504  -101.637  494.966  -828.181  1082.61  -1248.63  1336.79  -1353.25  1313.17  -1223.65  1101.14  -957.183  814.002  -689.047  605.276  -574.677  605.355  -689.204  814.231  -957.477  1101.49  -1224.04  1313.58  -1353.66  1337.19  -1248.99  1082.91  -828.403  495.095  -101.663  -300.582  
280.317  94.5752  -462.651  784.468  -1030.81  1199.05  -1288.04  1310.33  -1271.35  1185.87  -1062.34  920.119  -774.438  649.754  -563.524  533.746  -563.601  649.907  -774.662  920.405  -1062.67  1186.25  -1271.75  1310.73  -1288.43  1199.4  -1031.1  784.681  -462.775  94.6  280.392  
-255.726  -84.4911  429.213  -731.391  971.35  -1135.04  1227.82  -1251.28  1218.12  -1134.12  1015.66  -874.153  731.958  -606.817  522.318  -491.405  522.393  -606.964  732.173  -874.429  1015.99  -1134.49  1218.51  -1251.67  1228.19  -1135.37  971.626  -731.594  429.33  -84.5141  -255.795  
232.341  76.6881  -390.272  674.47  -900.2  1061.34  -1151.84  1180.23  -1149.18  1072.3  -957.224  822.78  -683.415  563.047  -479.216  450.105  -479.287  563.187  -683.619  823.042  -957.534  1072.65  -1149.55  1180.6  -1152.19  1061.66  -900.46  674.661  -390.38  76.7091  232.406  
-205.497  -66.2546  351.472  -609.815  822.963  -974.286  1065.2  -1093.44  1069.28  -996.791  891.284  -762.783  632.144  -515.873  436.712  -407.641  436.779  -516.004  632.335  -763.028  891.573  -997.112  1069.62  -1093.78  1065.53  -974.577  823.203  -609.99  351.571  -66.2734  -205.555  
180.751  58.4137  -308.598  543.42  -736.303  879.868  -964.824  996.633  -975.334  912.79  -814.832  698.306  -575.485  468.148  -392.64  366.269  -392.702  468.269  -575.661  698.532  -815.098  913.085  -975.646  996.945  -965.121  880.133  -736.521  543.578  -308.687  58.4302  180.803  
-153.541  -48.295  267.445  -471.832  646.767  -775.482  857.366  -887.419  873.608  -817.795  733.033  -626.8  516.992  -417.656  349.304  -324.047  349.36  -417.766  517.151  -627.004  733.274  -818.061  873.888  -887.699  857.631  -775.719  646.961  -471.971  267.523  -48.3092  -153.586  
129.409  41.0626  -223.976  401.563  -551.806  668.437  -741.028  773.063  -762.271  718.085  -643.716  552.782  -454.468  367.124  -304.832  282.938  -304.882  367.222  -454.61  552.963  -643.928  718.32  -762.517  773.308  -741.259  668.643  -551.973  401.683  -224.042  41.0746  129.447  
-103.872  -31.8738  184.12  -329.579  458.8  -557.123  623.778  -652.357  648.637  -612.048  552.456  -474.249  391.376  -314.689  261.213  -241.291  261.256  -314.774  391.499  -474.405  552.638  -612.249  648.847  -652.566  623.975  -557.297  458.94  -329.679  184.175  -31.8836  -103.903  
82.4135  25.819  -143.965  262.682  -365.735  449.604  -504.645  533.277  -531.6  506.18  -457.578  395.511  -325.901  262.717  -216.896  200.68  -216.932  262.789  -326.004  395.641  -457.73  506.347  -531.773  533.449  -504.806  449.745  -365.849  262.763  -144.009  25.8267  82.4385  
-60.5906  -18.1236  109.277  -197.909  279.962  -344.477  391.535  -414.829  418.1  -399.064  364.064  -314.857  260.953  -209.693  173.419  -159.785  173.448  -209.75  261.036  -314.961  364.185  -399.196  418.236  -414.964  391.66  -344.586  280.05  -197.971  109.311  -18.1294  -60.6096  
43.4023  13.5393  -76.0497  141.205  -198.979  248.562  -282.842  303.502  -306.571  295.782  -270.208  235.581  -195.025  157.363  -129.595  119.706  -129.617  157.407  -195.088  235.659  -270.299  295.88  -306.672  303.601  -282.934  248.641  -199.043  141.249  -76.0738  13.5434  43.4158  
-26.5383  -7.74051  48.6529  -88.8136  127.582  -158.924  183.409  -196.888  201.208  -194.275  179.119  -156.087  130.013  -104.604  86.4014  -79.5108  86.4163  -104.633  130.054  -156.139  179.179  -194.34  201.274  -196.953  183.468  -158.976  127.623  -88.8421  48.6683  -7.74309  -26.5469  
13.1394  4.10845  -22.9845  43.2495  -61.4552  77.7402  -89.3996  97.0864  -99.0651  96.5292  -88.8687  77.971  -64.7878  52.3513  -43.0829  39.7694  -43.0903  52.3658  -64.8086  77.997  -88.8986  96.5614  -99.098  97.1183  -89.4289  77.7654  -61.4751  43.2634  -22.9919  4.1097  13.1436  
0  0  0  0  0  0  0  0  0  0  0  0  0  0  0  0  0  0  0  0  0  0  0  0  0  0  0  0  0  0  0  
