1  1  1  1  1  1  1  1  1  1  1  1  1  1  1  1  1  1  1  1  1  1  1  1  1  1  1  1  1  1  1  
182391  66853.7  -279759  462231  -620511  758827  -879196  982473  -1.06928e+06  1.14048e+06  -1.19725e+06  1.24098e+06  -1.27312e+06  1.29498e+06  -1.30763e+06  1.31177e+06  -1.30764e+06  1.29499e+06  -1.27313e+06  1.241e+06  -1.19727e+06  1.1405e+06  -1.06931e+06  982502  -879224  758852  -620533  462247  -279769  66856.2  182398  
-357287  -130938  548110  -902969  1.20589e+06  -1.46402e+06  1.68099e+06  -1.85888e+06  2.00007e+06  -2.10803e+06  2.18722e+06  -2.24264e+06  2.27934e+06  -2.30187e+06  2.31384e+06  -2.31756e+06  2.31385e+06  -2.30189e+06  2.27938e+06  -2.24268e+06  2.18727e+06  -2.10809e+06  2.00013e+06  -1.85894e+06  1.68105e+06  -1.46407e+06  1.20593e+06  -903002  548130  -130943  -357300  
518131  189813  -795141  1.30426e+06  -1.7282e+06  2.07538e+06  -2.35094e+06  2.55951e+06  -2.70756e+06  2.80395e+06  -2.85931e+06  2.8849e+06  -2.89158e+06  2.88883e+06  -2.88404e+06  2.88192e+06  -2.88406e+06  2.88886e+06  -2.89163e+06  2.88497e+06  -2.85938e+06  2.80403e+06  -2.70764e+06  2.55959e+06  -2.35102e+06  2.07546e+06  -1.72827e+06  1.30431e+06  -795171  189820  518151  
-659967  -241589  1.01355e+06  -1.654e+06  2.17112e+06  -2.57348e+06  2.8688e+06  -3.06671e+06  3.18068e+06  -3.2276e+06  3.22613e+06  -3.19477e+06  3.1505e+06  -3.10772e+06  3.07743e+06  -3.06655e+06  3.07745e+06  -3.10776e+06  3.15056e+06  -3.19485e+06  3.22623e+06  -3.22771e+06  3.18079e+06  -3.06682e+06  2.86891e+06  -2.57358e+06  2.1712e+06  -1.65406e+06  1.01359e+06  -241598  -659993  
779760  285066  -1.19902e+06  1.94657e+06  -2.53028e+06  2.95895e+06  -3.24489e+06  3.40556e+06  -3.46375e+06  3.4455e+06  -3.37717e+06  3.28334e+06  -3.18561e+06  3.10192e+06  -3.04594e+06  3.02631e+06  -3.04597e+06  3.10197e+06  -3.18569e+06  3.28345e+06  -3.37729e+06  3.44563e+06  -3.46389e+06  3.4057e+06  -3.24502e+06  2.95907e+06  -2.53038e+06  1.94664e+06  -1.19906e+06  285077  779791  
-876278  -319696  1.35005e+06  -2.18185e+06  2.81054e+06  -3.24591e+06  3.50709e+06  -3.62128e+06  3.62122e+06  -3.541e+06  3.41263e+06  -3.26438e+06  3.12059e+06  -3.00166e+06  2.92345e+06  -2.89621e+06  2.92349e+06  -3.00172e+06  3.12068e+06  -3.2645e+06  3.41277e+06  -3.54116e+06  3.62138e+06  -3.62144e+06  3.50725e+06  -3.24605e+06  2.81066e+06  -2.18195e+06  1.35011e+06  -319709  -876314  
949775  345505  -1.4673e+06  2.3635e+06  -3.02182e+06  3.45402e+06  -3.68725e+06  3.75868e+06  -3.70961e+06  3.57967e+06  -3.40371e+06  3.21167e+06  -3.02968e+06  2.88053e+06  -2.78275e+06  2.74872e+06  -2.78279e+06  2.8806e+06  -3.02978e+06  3.21181e+06  -3.40386e+06  3.57984e+06  -3.70979e+06  3.75887e+06  -3.68742e+06  3.45418e+06  -3.02196e+06  2.36361e+06  -1.46737e+06  345520  949816  
-1.0015e+06  -362914  1.55286e+06  -2.49699e+06  3.17543e+06  -3.60221e+06  3.81226e+06  -3.85122e+06  3.76624e+06  -3.59957e+06  3.38676e+06  -3.15844e+06  2.94264e+06  -2.76535e+06  2.64876e+06  -2.60808e+06  2.6488e+06  -2.76543e+06  2.94276e+06  -3.15859e+06  3.38693e+06  -3.59976e+06  3.76644e+06  -3.85142e+06  3.81246e+06  -3.60239e+06  3.17558e+06  -2.4971e+06  1.55293e+06  -362930  -1.00155e+06  
1.03331e+06  372613  -1.60947e+06  2.58819e+06  -3.28157e+06  3.70537e+06  -3.90069e+06  3.91893e+06  -3.81016e+06  3.61689e+06  -3.37424e+06  3.11357e+06  -2.86552e+06  2.66027e+06  -2.52454e+06  2.47705e+06  -2.52458e+06  2.66036e+06  -2.86564e+06  3.11373e+06  -3.37443e+06  3.6171e+06  -3.81038e+06  3.91916e+06  -3.9009e+06  3.70557e+06  -3.28173e+06  2.58832e+06  -1.60955e+06  372630  1.03336e+06  
-1.04725e+06  -375410  1.64011e+06  -2.64242e+06  3.34814e+06  -3.77345e+06  3.96302e+06  -3.97103e+06  3.84786e+06  -3.6349e+06  3.36663e+06  -3.0756e+06  2.79587e+06  -2.5625e+06  2.40731e+06  -2.35286e+06  2.40735e+06  -2.5626e+06  2.79601e+06  -3.07577e+06  3.36683e+06  -3.63513e+06  3.84809e+06  -3.97126e+06  3.96325e+06  -3.77365e+06  3.34832e+06  -2.64255e+06  1.64019e+06  -375429  -1.0473e+06  
1.04541e+06  372164  -1.64756e+06  2.664e+06  -3.38053e+06  3.81192e+06  -4.00355e+06  4.00951e+06  -3.87868e+06  3.65073e+06  -3.35972e+06  3.04e+06  -2.72951e+06  2.4685e+06  -2.29404e+06  2.23268e+06  -2.29409e+06  2.4686e+06  -2.72965e+06  3.04018e+06  -3.35993e+06  3.65096e+06  -3.87892e+06  4.00976e+06  -4.00378e+06  3.81214e+06  -3.38072e+06  2.66414e+06  -1.64765e+06  372183  1.04546e+06  
-1.02971e+06  -363701  1.63433e+06  -2.65621e+06  3.38193e+06  -3.82289e+06  4.02241e+06  -4.03219e+06  3.89845e+06  -3.65901e+06  3.34795e+06  -3.00178e+06  2.66245e+06  -2.37529e+06  2.18253e+06  -2.11459e+06  2.18258e+06  -2.37539e+06  2.66259e+06  -3.00197e+06  3.34817e+06  -3.65925e+06  3.89871e+06  -4.03245e+06  4.02266e+06  -3.82311e+06  3.38212e+06  -2.65635e+06  1.63442e+06  -363720  -1.02977e+06  
1.00194e+06  350811  -1.60257e+06  2.62142e+06  -3.35383e+06  3.80615e+06  -4.01728e+06  4.0348e+06  -3.90157e+06  3.65374e+06  -3.32573e+06  2.95632e+06  -2.59125e+06  2.28056e+06  -2.07124e+06  1.99732e+06  -2.07129e+06  2.28067e+06  -2.5914e+06  2.95651e+06  -3.32595e+06  3.65399e+06  -3.90184e+06  4.03506e+06  -4.01754e+06  3.80639e+06  -3.35402e+06  2.62156e+06  -1.60266e+06  350830  1.00199e+06  
-963667  -334214  1.55415e+06  -2.56132e+06  3.29667e+06  -3.76021e+06  3.98464e+06  -4.01222e+06  3.88215e+06  -3.62904e+06  3.28786e+06  -2.89952e+06  2.51305e+06  -2.18255e+06  1.95914e+06  -1.88011e+06  1.95919e+06  -2.18265e+06  2.5132e+06  -2.89971e+06  3.28808e+06  -3.62929e+06  3.88242e+06  -4.01249e+06  3.9849e+06  -3.76045e+06  3.29687e+06  -2.56147e+06  1.55423e+06  -334232  -963721  
916350  314584  -1.49071e+06  2.47723e+06  -3.21035e+06  3.68304e+06  -3.92065e+06  3.95938e+06  -3.83464e+06  3.57964e+06  -3.22983e+06  2.82793e+06  -2.42554e+06  2.07991e+06  -1.84555e+06  1.76251e+06  -1.8456e+06  2.08001e+06  -2.42569e+06  2.82812e+06  -3.23006e+06  3.57989e+06  -3.83491e+06  3.95965e+06  -3.9209e+06  3.68327e+06  -3.21054e+06  2.47737e+06  -1.4908e+06  314602  916402  
-861318  -292535  1.41382e+06  -2.37032e+06  3.09468e+06  -3.57267e+06  3.82179e+06  -3.87182e+06  3.75433e+06  -3.50112e+06  3.148e+06  -2.73884e+06  2.32694e+06  -1.97168e+06  1.73007e+06  -1.64432e+06  1.73012e+06  -1.97178e+06  2.32708e+06  -2.73903e+06  3.14823e+06  -3.50137e+06  3.75459e+06  -3.87209e+06  3.82204e+06  -3.5729e+06  3.09487e+06  -2.37046e+06  1.4139e+06  -292551  -861368  
799856  268649  -1.32497e+06  2.24188e+06  -2.94978e+06  3.42775e+06  -3.6854e+06  3.74612e+06  -3.63762e+06  3.39025e+06  -3.03971e+06  2.63034e+06  -2.21605e+06  1.85728e+06  -1.61251e+06  1.52549e+06  -1.61256e+06  1.85738e+06  -2.2162e+06  2.63053e+06  -3.03993e+06  3.39049e+06  -3.63788e+06  3.74638e+06  -3.68565e+06  3.42797e+06  -2.94997e+06  2.24202e+06  -1.32505e+06  268665  799904  
-733218  -243469  1.22578e+06  -2.09351e+06  2.77644e+06  -3.24786e+06  3.51006e+06  -3.58027e+06  3.48241e+06  -3.24512e+06  2.90349e+06  -2.5014e+06  2.09231e+06  -1.73647e+06  1.49289e+06  -1.40612e+06  1.49294e+06  -1.73657e+06  2.09245e+06  -2.50158e+06  2.9037e+06  -3.24536e+06  3.48266e+06  -3.58052e+06  3.5103e+06  -3.24807e+06  2.77662e+06  -2.09364e+06  1.22585e+06  -243484  -733263  
662679  217519  -1.11796e+06  1.92728e+06  -2.57628e+06  3.03386e+06  -3.29591e+06  3.37397e+06  -3.28826e+06  3.06539e+06  -2.73912e+06  2.35195e+06  -1.95571e+06  1.60935e+06  -1.37134e+06  1.28637e+06  -1.37139e+06  1.60944e+06  -1.95584e+06  2.35212e+06  -2.73932e+06  3.06561e+06  -3.2885e+06  3.37421e+06  -3.29613e+06  3.03407e+06  -2.57644e+06  1.9274e+06  -1.11803e+06  217532  662720  
-589538  -191292  1.00345e+06  -1.74583e+06  2.35202e+06  -2.78815e+06  3.04492e+06  -3.1289e+06  3.05666e+06  -2.85238e+06  2.54775e+06  -2.18287e+06  1.80688e+06  -1.47632e+06  1.24815e+06  -1.16649e+06  1.24819e+06  -1.4764e+06  1.807e+06  -2.18303e+06  2.54794e+06  -2.85259e+06  3.05688e+06  -3.12912e+06  3.04513e+06  -2.78834e+06  2.35217e+06  -1.74594e+06  1.00351e+06  -191304  -589575  
515153  165271  -884373  1.55246e+06  -2.10756e+06  2.5148e+06  -2.76109e+06  2.84883e+06  -2.79109e+06  2.60916e+06  -2.33187e+06  1.99598e+06  -1.64697e+06  1.33802e+06  -1.12366e+06  1.04672e+06  -1.1237e+06  1.3381e+06  -1.64709e+06  1.99612e+06  -2.33204e+06  2.60935e+06  -2.79129e+06  2.84903e+06  -2.76128e+06  2.51497e+06  -2.1077e+06  1.55257e+06  -884431  165282  515186  
-440928  -139913  763133  -1.3512e+06  1.84807e+06  -2.21961e+06  2.45046e+06  -2.53969e+06  2.49702e+06  -2.34044e+06  2.09518e+06  -1.79389e+06  1.47762e+06  -1.19533e+06  998278  -927329  998314  -1.1954e+06  1.47772e+06  -1.79402e+06  2.09533e+06  -2.34061e+06  2.4972e+06  -2.53987e+06  2.45064e+06  -2.21976e+06  1.8482e+06  -1.35129e+06  763184  -139922  -440957  
368330  115661  -642347  1.14674e+06  -1.57991e+06  1.91008e+06  -2.12104e+06  2.2094e+06  -2.1817e+06  2.05233e+06  -1.84239e+06  1.57986e+06  -1.30076e+06  1.04921e+06  -872422  808540  -872454  1.04928e+06  -1.30085e+06  1.57998e+06  -1.84253e+06  2.05248e+06  -2.18186e+06  2.20956e+06  -2.12119e+06  1.91021e+06  -1.58002e+06  1.14682e+06  -642390  115668  368354  
-298851  -92929.4  524836  -944351  1.31048e+06  -1.59509e+06  1.78241e+06  -1.86737e+06  1.85365e+06  -1.7519e+06  1.57883e+06  -1.35745e+06  1.11849e+06  -900707  746482  -690539  746510  -900762  1.11857e+06  -1.35755e+06  1.57894e+06  -1.75203e+06  1.85378e+06  -1.86751e+06  1.78253e+06  -1.5952e+06  1.31057e+06  -944416  524872  -92935.7  -298871  
233965  72105.7  -413473  749581  -1.0477e+06  1.28426e+06  -1.4449e+06  1.5237e+06  -1.52183e+06  1.44642e+06  -1.30985e+06  1.13024e+06  -932871  750773  -620784  573447  -620808  750819  -932937  1.13032e+06  -1.30995e+06  1.44653e+06  -1.52195e+06  1.52381e+06  -1.44501e+06  1.28435e+06  -1.04777e+06  749632  -413501  72110.6  233981  
-174955  -53491.7  310898  -567650  799131  -986758  1.11835e+06  -1.18783e+06  1.19452e+06  -1.1425e+06  1.04026e+06  -901341  745691  -600229  495563  -457299  495582  -600266  745744  -901408  1.04034e+06  -1.14259e+06  1.19461e+06  -1.18791e+06  1.11843e+06  -986828  799187  -567690  310920  -53495.5  -174967  
122653  37249  -218964  402429  -570478  709577  -810205  866875  -877879  845023  -773620  673125  -558299  449673  -370934  342050  -370949  449701  -558339  673176  -773678  845087  -877944  866938  -810264  709628  -570518  402458  -218979  37251.6  122662  
-77043  -23274.1  138033  -255102  363847  -455531  523633  -563970  574704  -556312  511732  -446879  371491  -299436  246893  -227564  246903  -299454  371518  -446913  511771  -556354  574747  -564011  523671  -455564  363873  -255121  138042  -23275.8  -77048.5  
36950.2  11124.7  -66351.7  123101  -176337  221805  -256189  277221  -283738  275732  -254465  222769  -185479  149591  -123318  113636  -123323  149600  -185492  222785  -254484  275753  -283760  277242  -256208  221821  -176350  123110  -66356.5  11125.5  36952.9  
0  0  0  0  0  0  0  0  0  0  0  0  0  0  0  0  0  0  0  0  0  0  0  0  0  0  0  0  0  0  0  
