1  1  1  1  1  1  1  1  1  1  1  1  1  1  1  1  1  1  1  1  1  1  1  1  1  1  1  1  1  1  1  
6.87274e+58  4.21997e+58  -3.73835e+58  5.60479e+59  1.48188e+60  -8.59613e+60  -2.15199e+61  5.94425e+61  1.55401e+62  -1.99107e+62  -6.00989e+62  2.14244e+62  1.07189e+63  3.74585e+62  -1.75923e+62  -1.80047e+62  -1.75923e+62  3.74585e+62  1.07189e+63  2.14244e+62  -6.00989e+62  -1.99107e+62  1.55401e+62  5.94425e+61  -2.15199e+61  -8.59613e+60  1.48188e+60  5.60479e+59  -3.73835e+58  4.21997e+58  6.87274e+58  
-6.88085e+60  -4.37892e+60  3.12688e+60  1.60193e+60  -6.46676e+60  -2.21427e+61  8.57575e+61  2.83622e+62  -5.39192e+62  -1.88132e+63  1.41471e+63  6.29146e+63  3.93213e+62  -7.06267e+63  -5.24577e+63  -4.33812e+63  -5.24577e+63  -7.06267e+63  3.93213e+62  6.29146e+63  1.41471e+63  -1.88132e+63  -5.39192e+62  2.83622e+62  8.57575e+61  -2.21427e+61  -6.46676e+60  1.60193e+60  3.12688e+60  -4.37892e+60  -6.88085e+60  
-2.8133e+62  -2.22084e+62  -4.43445e+61  4.9205e+60  -8.12534e+60  6.62543e+61  2.72196e+62  -7.35373e+62  -2.94697e+63  3.67956e+63  1.65908e+64  -4.76549e+63  -4.16829e+64  -1.95177e+64  1.02517e+64  1.2521e+64  1.02517e+64  -1.95177e+64  -4.16829e+64  -4.76549e+63  1.65908e+64  3.67956e+63  -2.94697e+63  -7.35373e+62  2.72196e+62  6.62543e+61  -8.12534e+60  4.9205e+60  -4.43445e+61  -2.22084e+62  -2.8133e+62  
1.27114e+63  9.08523e+62  -1.79314e+62  -1.22779e+62  3.41938e+61  1.51912e+62  -5.46963e+62  -2.55411e+63  4.82756e+63  2.32856e+64  -1.67861e+64  -1.05956e+65  -1.53139e+64  1.60503e+65  1.41173e+65  1.16513e+65  1.41173e+65  1.60503e+65  -1.53139e+64  -1.05956e+65  -1.67861e+64  2.32856e+64  4.82756e+63  -2.55411e+63  -5.46963e+62  1.51912e+62  3.41938e+61  -1.22779e+62  -1.79314e+62  9.08523e+62  1.27114e+63  
1.2747e+64  1.01017e+64  2.166e+63  4.24213e+61  -1.02174e+62  -2.2477e+62  -1.25788e+63  3.4893e+63  1.86876e+64  -2.38701e+64  -1.42894e+65  3.60271e+64  4.83938e+65  2.78019e+65  -1.73035e+65  -2.39467e+65  -1.73035e+65  2.78019e+65  4.83938e+65  3.60271e+64  -1.42894e+65  -2.38701e+64  1.86876e+64  3.4893e+63  -1.25788e+63  -2.2477e+62  -1.02174e+62  4.24213e+61  2.166e+63  1.01017e+64  1.2747e+64  
-3.81504e+64  -2.91071e+64  -1.97733e+63  1.94176e+63  7.54037e+61  -4.4303e+62  1.41231e+63  8.74202e+63  -1.77212e+64  -1.1047e+65  8.37596e+64  6.89048e+65  1.40595e+65  -1.41937e+66  -1.4429e+66  -1.20336e+66  -1.4429e+66  -1.41937e+66  1.40595e+65  6.89048e+65  8.37596e+64  -1.1047e+65  -1.77212e+64  8.74202e+63  1.41231e+63  -4.4303e+62  7.54037e+61  1.94176e+63  -1.97733e+63  -2.91071e+64  -3.81504e+64  
-1.73861e+65  -1.36978e+65  -2.63308e+64  -3.11149e+63  8.14131e+62  3.78482e+62  2.29336e+63  -7.24074e+63  -4.99067e+64  7.18385e+64  5.41021e+65  -1.45237e+65  -2.54864e+66  -1.72152e+66  1.34237e+66  2.02853e+66  1.34237e+66  -1.72152e+66  -2.54864e+66  -1.45237e+65  5.41021e+65  7.18385e+64  -4.99067e+64  -7.24074e+63  2.29336e+63  3.78482e+62  8.14131e+62  -3.11149e+63  -2.63308e+64  -1.36978e+65  -1.73861e+65  
4.34283e+65  3.45894e+65  8.07272e+64  -6.75637e+63  -9.72911e+62  5.26506e+62  -1.56807e+63  -1.28552e+64  3.11979e+64  2.43989e+65  -2.20835e+65  -2.20522e+66  -5.16991e+65  6.41656e+66  7.42792e+66  6.33347e+66  7.42792e+66  6.41656e+66  -5.16991e+65  -2.20522e+66  -2.20835e+65  2.43989e+65  3.11979e+64  -1.28552e+64  -1.56807e+63  5.26506e+62  -9.72911e+62  -6.75637e+63  8.07272e+64  3.45894e+65  4.34283e+65  
1.09314e+66  8.47443e+65  1.10345e+65  1.00262e+64  -6.38508e+62  -3.0154e+62  -1.72016e+63  7.03079e+63  6.21259e+64  -1.13789e+65  -1.04068e+66  3.81661e+65  7.23724e+66  5.57851e+66  -5.77309e+66  -9.25405e+66  -5.77309e+66  5.57851e+66  7.23724e+66  3.81661e+65  -1.04068e+66  -1.13789e+65  6.21259e+64  7.03079e+63  -1.72016e+63  -3.0154e+62  -6.38508e+62  1.00262e+64  1.10345e+65  8.47443e+65  1.09314e+66  
-2.48536e+66  -2.04065e+66  -7.06531e+65  -1.85727e+64  3.69113e+62  -1.49772e+62  7.42347e+62  8.28338e+63  -2.77026e+64  -2.70133e+65  3.37274e+65  3.86458e+66  8.35813e+65  -1.68371e+67  -2.19845e+67  -1.93702e+67  -2.19845e+67  -1.68371e+67  8.35813e+65  3.86458e+66  3.37274e+65  -2.70133e+65  -2.77026e+64  8.28338e+63  7.42347e+62  -1.49772e+62  3.69113e+62  -1.85727e+64  -7.06531e+65  -2.04065e+66  -2.48536e+66  
-3.78087e+66  -2.84679e+66  -4.45639e+64  1.22788e+65  1.98879e+63  7.14049e+61  4.81431e+62  -3.08011e+63  -3.61366e+64  9.75609e+64  1.07051e+66  -6.63807e+65  -1.20143e+67  -1.0286e+67  1.51144e+67  2.51288e+67  1.51144e+67  -1.0286e+67  -1.20143e+67  -6.63807e+65  1.07051e+66  9.75609e+64  -3.61366e+64  -3.08011e+63  4.81431e+62  7.14049e+61  1.98879e+63  1.22788e+65  -4.45639e+64  -2.84679e+66  -3.78087e+66  
8.18028e+66  6.87097e+66  2.94304e+66  1.39324e+65  -2.24604e+64  -3.71404e+62  -1.23641e+62  -2.10078e+63  1.17769e+64  1.48045e+65  -2.98966e+65  -3.84491e+66  -3.87855e+65  2.73328e+67  4.00901e+67  3.68755e+67  4.00901e+67  2.73328e+67  -3.87855e+65  -3.84491e+66  -2.98966e+65  1.48045e+65  1.17769e+64  -2.10078e+63  -1.23641e+62  -3.71404e+62  -2.24604e+64  1.39324e+65  2.94304e+66  6.87097e+66  8.18028e+66  
7.86329e+66  5.64568e+66  -1.00714e+66  -9.49949e+65  -4.20943e+64  4.69631e+63  5.23799e+61  4.91892e+62  8.71301e+63  -4.23358e+64  -5.76008e+65  7.07757e+65  1.19989e+67  1.10281e+67  -2.52771e+67  -4.2854e+67  -2.52771e+67  1.10281e+67  1.19989e+67  7.07757e+65  -5.76008e+65  -4.23358e+64  8.71301e+63  4.91892e+62  5.23799e+61  4.69631e+63  -4.20943e+64  -9.49949e+65  -1.00714e+66  5.64568e+66  7.86329e+66  
-1.66308e+67  -1.42214e+67  -6.99345e+66  -2.1278e+65  2.46954e+65  1.12265e+64  -1.07507e+63  1.19046e+62  -1.91222e+63  -3.53497e+64  1.41574e+65  2.11975e+66  -5.32783e+65  -2.81973e+67  -4.66027e+67  -4.5224e+67  -4.66027e+67  -2.81973e+67  -5.32783e+65  2.11975e+66  1.41574e+65  -3.53497e+64  -1.91222e+63  1.19046e+62  -1.07507e+63  1.12265e+64  2.46954e+65  -2.1278e+65  -6.99345e+66  -1.42214e+67  -1.66308e+67  
-1.02909e+67  -6.84673e+66  3.48576e+66  2.87026e+66  1.42621e+65  -6.21718e+64  -2.95059e+63  2.47174e+62  -5.66631e+62  7.35615e+63  1.42493e+65  -4.14774e+65  -7.08854e+66  -6.52501e+66  2.75595e+67  4.70562e+67  2.75595e+67  -6.52501e+66  -7.08854e+66  -4.14774e+65  1.42493e+65  7.35615e+63  -5.66631e+62  2.47174e+62  -2.95059e+63  -6.21718e+64  1.42621e+65  2.87026e+66  3.48576e+66  -6.84673e+66  -1.02909e+67  
2.16534e+67  1.87974e+67  1.02297e+67  -1.13185e+65  -8.87177e+65  -5.17173e+64  1.56003e+64  7.72428e+62  -1.52886e+61  2.38752e+63  -2.82688e+64  -5.74844e+65  7.94176e+65  1.84537e+67  3.48552e+67  3.61084e+67  3.48552e+67  1.84537e+67  7.94176e+65  -5.74844e+65  -2.82688e+64  2.38752e+63  -1.52886e+61  7.72428e+62  1.56003e+64  -5.17173e+64  -8.87177e+65  -1.13185e+65  1.02297e+67  1.87974e+67  2.16534e+67  
8.62953e+66  5.06374e+66  -5.63365e+66  -4.72369e+66  -1.93935e+65  2.46308e+65  1.59287e+64  -3.88176e+63  -2.00347e+62  -1.87831e+62  -1.04583e+64  1.07849e+65  2.26767e+66  1.57687e+66  -1.9571e+67  -3.33613e+67  -1.9571e+67  1.57687e+66  2.26767e+66  1.07849e+65  -1.04583e+64  -1.87831e+62  -2.00347e+62  -3.88176e+63  1.59287e+64  2.46308e+65  -1.93935e+65  -4.72369e+66  -5.63365e+66  5.06374e+66  8.62953e+66  
-1.82663e+67  -1.60765e+67  -9.50741e+66  6.72648e+65  1.57706e+66  9.79911e+64  -6.4352e+64  -4.51525e+63  9.44147e+62  5.14982e+61  8.91751e+62  5.03558e+64  -3.72781e+65  -7.41693e+66  -1.65583e+67  -1.85766e+67  -1.65583e+67  -7.41693e+66  -3.72781e+65  5.03558e+64  8.91751e+62  5.14982e+61  9.44147e+62  -4.51525e+63  -6.4352e+64  9.79911e+64  1.57706e+66  6.72648e+65  -9.50741e+66  -1.60765e+67  -1.82663e+67  
-4.62117e+66  -2.16794e+66  5.19174e+66  4.61905e+66  1.12976e+65  -4.512e+65  -3.41981e+64  1.59311e+64  1.19826e+63  -2.11612e+62  -1.06334e+62  -4.69428e+63  -2.78477e+65  3.1666e+65  8.85443e+66  1.49836e+67  8.85443e+66  3.1666e+65  -2.78477e+65  -4.69428e+63  -1.06334e+62  -2.11612e+62  1.19826e+63  1.59311e+64  -3.41981e+64  -4.512e+65  1.12976e+65  4.61905e+66  5.19174e+66  -2.16794e+66  -4.62117e+66  
9.88359e+66  8.82001e+66  5.62929e+66  -8.05112e+65  -1.56131e+66  -9.69996e+64  1.16309e+65  1.00917e+64  -3.70324e+63  -2.76875e+62  1.48872e+62  -9.43406e+62  4.28261e+64  1.68897e+66  4.80846e+66  5.95332e+66  4.80846e+66  1.68897e+66  4.28261e+64  -9.43406e+62  1.48872e+62  -2.76875e+62  -3.70324e+63  1.00917e+64  1.16309e+65  -9.69996e+64  -1.56131e+66  -8.05112e+65  5.62929e+66  8.82001e+66  9.88359e+66  
1.54242e+66  4.48915e+65  -2.83161e+66  -2.73057e+66  -1.49025e+64  4.34645e+65  3.72252e+64  -2.72595e+64  -2.63567e+63  7.40298e+62  3.6575e+62  1.53548e+63  -2.3617e+64  -2.82318e+65  -2.43012e+66  -4.07049e+66  -2.43012e+66  -2.82318e+65  -2.3617e+64  1.53548e+63  3.6575e+62  7.40298e+62  -2.63567e+63  -2.72595e+64  3.72252e+64  4.34645e+65  -1.49025e+64  -2.73057e+66  -2.83161e+66  4.48915e+65  1.54242e+66  
-3.31366e+66  -3.00313e+66  -2.07155e+66  4.56817e+65  8.82276e+65  5.58102e+64  -1.04651e+65  -1.08951e+64  5.75539e+63  5.72507e+62  -5.87157e+62  2.16867e+63  1.57351e+64  -1.78e+65  -7.917e+65  -1.11119e+66  -7.917e+65  -1.78e+65  1.57351e+64  2.16867e+63  -5.87157e+62  5.72507e+62  5.75539e+63  -1.08951e+64  -1.04651e+65  5.58102e+64  8.82276e+65  4.56817e+65  -2.07155e+66  -3.00313e+66  -3.31366e+66  
-3.05332e+65  -6.06276e+63  8.91745e+65  9.49336e+65  -9.30363e+63  -2.25212e+65  -2.23047e+64  2.19311e+64  2.6445e+63  -9.95406e+62  -2.61376e+62  -1.86641e+63  6.4409e+63  6.05083e+64  3.68945e+65  6.1168e+65  3.68945e+65  6.05083e+64  6.4409e+63  -1.86641e+63  -2.61376e+62  -9.95406e+62  2.6445e+63  2.19311e+64  -2.23047e+64  -2.25212e+65  -9.30363e+63  9.49336e+65  8.91745e+65  -6.06276e+63  -3.05332e+65  
6.41994e+65  5.92969e+65  4.45891e+65  -1.30479e+65  -2.74732e+65  -1.95273e+64  4.75044e+64  6.04242e+63  -3.94272e+63  -5.32687e+62  3.55138e+62  -2.09628e+62  -4.22774e+63  2.6613e+63  6.41224e+64  1.06404e+65  6.41224e+64  2.6613e+63  -4.22774e+63  -2.09628e+62  3.55138e+62  -5.32687e+62  -3.94272e+63  6.04242e+63  4.75044e+64  -1.95273e+64  -2.74732e+65  -1.30479e+65  4.45891e+65  5.92969e+65  6.41994e+65  
3.28323e+64  -1.27041e+64  -1.49313e+65  -1.79321e+65  2.48749e+63  5.96915e+64  7.26392e+63  -8.28515e+63  -1.26416e+63  5.71664e+62  8.37622e+61  2.81189e+62  9.47415e+60  -4.69176e+63  -2.5887e+64  -4.26435e+64  -2.5887e+64  -4.69176e+63  9.47415e+60  2.81189e+62  8.37622e+61  5.71664e+62  -1.26416e+63  -8.28515e+63  7.26392e+63  5.96915e+64  2.48749e+63  -1.79321e+65  -1.49313e+65  -1.27041e+64  3.28323e+64  
-6.29014e+64  -5.95846e+64  -4.96341e+64  1.71036e+64  4.24269e+64  3.9363e+63  -1.01167e+64  -1.64822e+63  1.16971e+63  2.09305e+62  -8.44257e+61  -2.87896e+61  2.4971e+62  4.95006e+62  -1.89546e+63  -4.00738e+63  -1.89546e+63  4.95006e+62  2.4971e+62  -2.87896e+61  -8.44257e+61  2.09305e+62  1.16971e+63  -1.64822e+63  -1.01167e+64  3.9363e+63  4.24269e+64  1.71036e+64  -4.96341e+64  -5.95846e+64  -6.29014e+64  
-1.6309e+63  1.5506e+63  1.10951e+64  1.55151e+64  5.20836e+61  -7.01419e+63  -1.14211e+63  1.33039e+63  2.70589e+62  -1.28982e+62  -2.53802e+61  -2.27237e+60  -1.80237e+61  9.12294e+61  5.46251e+62  9.05067e+62  5.46251e+62  9.12294e+61  -1.80237e+61  -2.27237e+60  -2.53802e+61  -1.28982e+62  2.70589e+62  1.33039e+63  -1.14211e+63  -7.01419e+63  5.20836e+61  1.55151e+64  1.10951e+64  1.5506e+63  -1.6309e+63  
2.34242e+63  2.30323e+63  2.18564e+63  -7.79416e+62  -2.55546e+63  -3.62072e+62  8.34297e+62  1.89754e+62  -1.33527e+62  -3.35598e+61  1.10548e+61  3.03502e+60  -2.06122e+60  -7.26203e+60  8.29678e+60  2.64952e+61  8.29678e+60  -7.26203e+60  -2.06122e+60  3.03502e+60  1.10548e+61  -3.35598e+61  -1.33527e+62  1.89754e+62  8.34297e+62  -3.62072e+62  -2.55546e+63  -7.79416e+62  2.18564e+63  2.30323e+63  2.34242e+63  
2.57794e+61  -3.89329e+61  -2.3307e+62  -4.06208e+62  -2.57166e+61  2.60346e+62  6.5795e+61  -7.2468e+61  -2.28539e+61  1.068e+61  3.57721e+60  -7.90767e+59  -2.56274e+59  2.2328e+58  -1.2034e+59  -2.84195e+59  -1.2034e+59  2.2328e+58  -2.56274e+59  -7.90767e+59  3.57721e+60  1.068e+61  -2.28539e+61  -7.2468e+61  6.5795e+61  2.60346e+62  -2.57166e+61  -4.06208e+62  -2.3307e+62  -3.89329e+61  2.57794e+61  
0  0  0  0  0  0  0  0  0  0  0  0  0  0  0  0  0  0  0  0  0  0  0  0  0  0  0  0  0  0  0  
