1  1  1  1  1  1  1  1  1  1  1  1  1  1  1  1  1  1  1  1  1  1  1  1  1  1  1  1  1  1  1  
2.29374e+107  4.90698e+107  1.27467e+108  2.23672e+109  -1.99997e+109  -3.9259e+110  1.60626e+109  3.18637e+111  1.35207e+111  -1.36143e+112  -1.03973e+112  2.793e+112  3.03729e+112  -9.96447e+111  -1.93176e+112  -1.65758e+112  -1.93176e+112  -9.96447e+111  3.03729e+112  2.793e+112  -1.03973e+112  -1.36143e+112  1.35207e+111  3.18637e+111  1.60626e+109  -3.9259e+110  -1.99997e+109  2.23672e+109  1.27467e+108  4.90698e+107  2.29374e+107  
1.80119e+109  3.03758e+109  6.74675e+109  -1.2764e+108  -2.92893e+110  2.57169e+109  4.50517e+111  2.02956e+111  -3.43113e+112  -2.76652e+112  1.31371e+113  1.46221e+113  -1.85702e+113  -2.82768e+113  -1.08652e+113  -7.4537e+112  -1.08652e+113  -2.82768e+113  -1.85702e+113  1.46221e+113  1.31371e+113  -2.76652e+112  -3.43113e+112  2.02956e+111  4.50517e+111  2.57169e+109  -2.92893e+110  -1.2764e+108  6.74675e+109  3.03758e+109  1.80119e+109  
-5.06944e+111  -3.90628e+111  -4.16792e+110  9.49534e+109  7.58675e+109  3.41416e+111  1.51977e+111  -4.42213e+112  -3.67019e+112  2.8761e+113  3.26003e+113  -8.54539e+113  -1.2498e+114  3.88843e+113  1.0852e+114  9.86747e+113  1.0852e+114  3.88843e+113  -1.2498e+114  -8.54539e+113  3.26003e+113  2.8761e+113  -3.67019e+112  -4.42213e+112  1.51977e+111  3.41416e+111  7.58675e+109  9.49534e+109  -4.16792e+110  -3.90628e+111  -5.06944e+111  
3.0193e+111  9.35317e+110  -5.31664e+111  -1.57894e+111  1.72147e+111  6.98452e+110  -3.14338e+112  -2.66904e+112  3.38127e+113  3.90843e+113  -1.79631e+114  -2.60989e+114  3.41792e+114  6.60264e+114  2.85762e+114  1.70673e+114  2.85762e+114  6.60264e+114  3.41792e+114  -2.60989e+114  -1.79631e+114  3.90843e+113  3.38127e+113  -2.66904e+112  -3.14338e+112  6.98452e+110  1.72147e+111  -1.57894e+111  -5.31664e+111  9.35317e+110  3.0193e+111  
2.44348e+113  1.90791e+113  3.01191e+112  -3.10318e+111  -2.06152e+111  -1.22646e+112  -1.08164e+112  2.25934e+113  2.67824e+113  -2.03337e+114  -2.97876e+114  8.22505e+114  1.49154e+115  -4.82103e+114  -1.741e+115  -1.67778e+115  -1.741e+115  -4.82103e+114  1.49154e+115  8.22505e+114  -2.97876e+114  -2.03337e+114  2.67824e+113  2.25934e+113  -1.08164e+112  -1.22646e+112  -2.06152e+111  -3.10318e+111  3.01191e+112  1.90791e+113  2.44348e+113  
-2.04305e+113  -1.45805e+113  2.96917e+112  3.32688e+112  -3.73324e+111  -3.92234e+111  8.63035e+112  1.06087e+113  -1.31499e+114  -1.96606e+114  9.72186e+114  1.74047e+115  -2.52332e+115  -5.88965e+115  -2.82349e+115  -1.45506e+115  -2.82349e+115  -5.88965e+115  -2.52332e+115  1.74047e+115  9.72186e+114  -1.96606e+114  -1.31499e+114  1.06087e+113  8.63035e+112  -3.92234e+111  -3.73324e+111  3.32688e+112  2.96917e+112  -1.45805e+113  -2.04305e+113  
-3.54931e+114  -2.78958e+114  -5.10408e+113  -1.56826e+112  1.58166e+112  1.78551e+112  2.29879e+112  -4.87807e+113  -7.55957e+113  6.3634e+114  1.15086e+115  -3.63621e+115  -7.90558e+115  2.97927e+115  1.26708e+116  1.29543e+116  1.26708e+116  2.97927e+115  -7.90558e+115  -3.63621e+115  1.15086e+115  6.3634e+114  -7.55957e+113  -4.87807e+113  2.29879e+112  1.78551e+112  1.58166e+112  -1.56826e+112  -5.10408e+113  -2.78958e+114  -3.54931e+114  
3.19641e+114  2.59173e+114  7.77714e+113  -1.55009e+113  -5.50271e+111  6.56211e+111  -9.92207e+112  -1.63588e+113  2.35729e+114  4.3926e+114  -2.58719e+115  -5.56692e+115  9.67467e+115  2.64182e+116  1.38535e+116  6.02531e+115  1.38535e+116  2.64182e+116  9.67467e+115  -5.56692e+115  -2.58719e+115  4.3926e+114  2.35729e+114  -1.63588e+113  -9.92207e+112  6.56211e+111  -5.50271e+111  -1.55009e+113  7.77714e+113  2.59173e+114  3.19641e+114  
2.38709e+115  1.87679e+115  3.45879e+114  1.30454e+113  -1.70677e+112  -1.09333e+112  -1.77322e+112  4.75584e+113  9.37626e+113  -9.96755e+114  -2.18694e+115  8.65625e+115  2.21562e+116  -1.09629e+116  -5.05559e+116  -5.48129e+116  -5.05559e+116  -1.09629e+116  2.21562e+116  8.65625e+115  -2.18694e+115  -9.96755e+114  9.37626e+113  4.75584e+113  -1.77322e+112  -1.09333e+112  -1.70677e+112  1.30454e+113  3.45879e+114  1.87679e+115  2.38709e+115  
-2.19597e+115  -1.88632e+115  -9.57393e+114  -3.75947e+113  5.93411e+111  -2.00801e+111  4.66231e+112  1.02238e+113  -2.04615e+114  -4.71426e+114  3.70965e+115  9.50695e+115  -2.1665e+116  -6.76816e+116  -3.83473e+116  -1.33828e+116  -3.83473e+116  -6.76816e+116  -2.1665e+116  9.50695e+115  3.70965e+115  -4.71426e+114  -2.04615e+114  1.02238e+113  4.66231e+112  -2.00801e+111  5.93411e+111  -3.75947e+113  -9.57393e+114  -1.88632e+115  -2.19597e+115  
-8.89177e+115  -6.9512e+115  -1.12951e+115  1.36661e+114  4.71555e+112  2.11959e+111  4.59089e+111  -2.01818e+113  -5.11846e+113  8.0551e+114  2.14649e+115  -1.18738e+116  -3.55524e+116  2.58168e+116  1.21745e+117  1.39798e+117  1.21745e+117  2.58168e+116  -3.55524e+116  -1.18738e+116  2.14649e+115  8.0551e+114  -5.11846e+113  -2.01818e+113  4.59089e+111  2.11959e+111  4.71555e+112  1.36661e+114  -1.12951e+115  -6.9512e+115  -8.89177e+115  
8.16787e+115  7.26839e+115  4.56996e+115  4.8133e+114  -2.40675e+113  -8.71314e+111  -7.35038e+111  -2.29246e+112  8.18346e+113  2.37844e+114  -2.91189e+115  -8.94556e+115  2.98199e+116  1.05458e+117  6.36775e+116  1.57211e+116  6.36775e+116  1.05458e+117  2.98199e+116  -8.94556e+115  -2.91189e+115  2.37844e+114  8.18346e+113  -2.29246e+112  -7.35038e+111  -8.71314e+111  -2.40675e+113  4.8133e+114  4.56996e+115  7.26839e+115  8.16787e+115  
2.01035e+116  1.55296e+116  1.80781e+115  -1.27056e+115  -1.24078e+114  4.89224e+112  1.74557e+111  3.01663e+112  1.06269e+113  -3.16473e+114  -1.05135e+115  9.46006e+115  3.34492e+116  -3.97765e+116  -1.86134e+117  -2.25998e+117  -1.86134e+117  -3.97765e+116  3.34492e+116  9.46006e+115  -1.05135e+115  -3.16473e+114  1.06269e+113  3.01663e+112  1.74557e+111  4.89224e+112  -1.24078e+114  -1.27056e+115  1.80781e+115  1.55296e+116  2.01035e+116  
-1.81505e+116  -1.65702e+116  -1.18291e+116  -1.54251e+115  3.06418e+114  3.09555e+113  -1.08621e+112  6.59751e+110  -1.20912e+113  -4.80673e+113  1.17446e+115  4.4661e+115  -2.53844e+116  -1.02342e+117  -6.46989e+116  -7.01644e+115  -6.46989e+116  -1.02342e+117  -2.53844e+116  4.4661e+115  1.17446e+115  -4.80673e+113  -1.20912e+113  6.59751e+110  -1.08621e+112  3.09555e+113  3.06418e+114  -1.54251e+115  -1.18291e+116  -1.65702e+116  -1.81505e+116  
-2.89559e+116  -2.1954e+116  -9.48005e+114  4.18672e+115  5.6448e+114  -7.35009e+113  -7.82179e+112  1.9474e+111  -4.86987e+111  4.82373e+113  2.17759e+114  -4.12809e+115  -1.79142e+116  3.99852e+116  1.8477e+117  2.3685e+117  1.8477e+117  3.99852e+116  -1.79142e+116  -4.12809e+115  2.17759e+114  4.82373e+113  -4.86987e+111  1.9474e+111  -7.82179e+112  -7.35009e+113  5.6448e+114  4.18672e+115  -9.48005e+114  -2.1954e+116  -2.89559e+116  
2.52966e+116  2.35846e+116  1.84487e+116  2.51993e+115  -1.19191e+115  -1.70865e+114  1.77853e+113  1.99064e+112  2.05801e+111  2.23834e+112  -1.94796e+114  -1.00977e+115  1.28179e+116  6.1267e+116  3.93976e+116  -4.55754e+115  3.93976e+116  6.1267e+116  1.28179e+116  -1.00977e+115  -1.94796e+114  2.23834e+112  2.05801e+111  1.99064e+112  1.77853e+113  -1.70865e+114  -1.19191e+115  2.51993e+115  1.84487e+116  2.35846e+116  2.52966e+116  
2.71465e+116  2.00505e+116  -1.23735e+115  -7.2905e+115  -1.15837e+115  3.12651e+114  4.78875e+113  -4.29204e+112  -5.03137e+111  -1.11915e+112  -1.0652e+113  8.05747e+114  4.81176e+115  -2.57094e+116  -1.19145e+117  -1.61077e+117  -1.19145e+117  -2.57094e+116  4.81176e+115  8.05747e+114  -1.0652e+113  -1.11915e+112  -5.03137e+111  -4.29204e+112  4.78875e+113  3.12651e+114  -1.15837e+115  -7.2905e+115  -1.23735e+115  2.00505e+116  2.71465e+116  
-2.25152e+116  -2.14003e+116  -1.80555e+116  -2.39367e+115  2.22843e+115  3.92424e+114  -7.80936e+113  -1.27514e+113  1.01489e+112  1.24066e+111  4.95714e+112  5.72403e+113  -3.33089e+115  -2.14343e+116  -1.31143e+116  7.85282e+115  -1.31143e+116  -2.14343e+116  -3.33089e+115  5.72403e+113  4.95714e+112  1.24066e+111  1.01489e+112  -1.27514e+113  -7.80936e+113  3.92424e+114  2.22843e+115  -2.39367e+115  -1.80555e+116  -2.14003e+116  -2.25152e+116  
-1.65718e+116  -1.18253e+116  2.41404e+115  7.41615e+115  1.31415e+115  -5.98548e+114  -1.15232e+114  1.85799e+113  3.2228e+112  -1.86447e+111  -1.19606e+111  -2.69743e+113  -3.62554e+114  1.01575e+116  4.88573e+116  6.96519e+116  4.88573e+116  1.01575e+116  -3.62554e+114  -2.69743e+113  -1.19606e+111  -1.86447e+111  3.2228e+112  1.85799e+113  -1.15232e+114  -5.98548e+114  1.31415e+115  7.41615e+115  2.41404e+115  -1.18253e+116  -1.65718e+116  
1.27157e+116  1.23244e+116  1.11505e+116  1.38579e+115  -2.27978e+115  -4.69499e+114  1.4646e+114  3.06003e+113  -4.16366e+112  -7.61881e+111  7.21839e+111  -3.16215e+112  1.94371e+114  3.73696e+115  1.60988e+115  -4.4134e+115  1.60988e+115  3.73696e+115  1.94371e+114  -3.16215e+112  7.21839e+111  -7.61881e+111  -4.16366e+112  3.06003e+113  1.4646e+114  -4.69499e+114  -2.27978e+115  1.38579e+115  1.11505e+116  1.23244e+116  1.27157e+116  
6.45165e+115  4.40857e+115  -1.72066e+115  -4.50409e+115  -8.80245e+114  5.91976e+114  1.36864e+114  -3.27104e+113  -7.37759e+112  6.26795e+111  2.43832e+111  1.03627e+113  -4.77758e+113  -2.29183e+115  -1.21339e+116  -1.82636e+116  -1.21339e+116  -2.29183e+115  -4.77758e+113  1.03627e+113  2.43832e+111  6.26795e+111  -7.37759e+112  -3.27104e+113  1.36864e+114  5.91976e+114  -8.80245e+114  -4.50409e+115  -1.72066e+115  4.40857e+115  6.45165e+115  
-4.41119e+115  -4.36848e+115  -4.24033e+115  -4.99041e+114  1.31356e+115  3.13189e+114  -1.34283e+114  -3.43882e+113  6.60167e+112  1.68304e+112  -2.06956e+112  -2.17504e+111  8.73463e+113  -1.26656e+114  2.48294e+114  1.21368e+115  2.48294e+114  -1.26656e+114  8.73463e+113  -2.17504e+111  -2.06956e+112  1.68304e+112  6.60167e+112  -3.43882e+113  -1.34283e+114  3.13189e+114  1.31356e+115  -4.99041e+114  -4.24033e+115  -4.36848e+115  -4.41119e+115  
-1.52643e+115  -9.90377e+114  6.17783e+114  1.59124e+115  3.48989e+114  -3.10466e+114  -8.5434e+113  2.65591e+113  7.47065e+112  -9.2121e+111  2.09984e+111  -7.70474e+112  -7.42222e+112  2.57003e+114  1.66367e+115  2.65304e+115  1.66367e+115  2.57003e+114  -7.42222e+112  -7.70474e+112  2.09984e+111  -9.2121e+111  7.47065e+112  2.65591e+113  -8.5434e+113  -3.10466e+114  3.48989e+114  1.59124e+115  6.17783e+114  -9.90377e+114  -1.52643e+115  
8.77688e+114  8.91623e+114  9.33428e+114  1.12154e+114  -4.1211e+114  -1.1526e+114  6.11432e+113  1.90682e+113  -4.49565e+112  -1.47671e+112  7.78226e+111  1.70381e+112  -1.48894e+113  -4.11464e+113  -8.37889e+113  -1.58701e+114  -8.37889e+113  -4.11464e+113  -1.48894e+113  1.70381e+112  7.78226e+111  -1.47671e+112  -4.49565e+112  1.90682e+113  6.11432e+113  -1.1526e+114  -4.1211e+114  1.12154e+114  9.33428e+114  8.91623e+114  8.77688e+114  
1.99991e+114  1.22476e+114  -1.10067e+114  -3.02113e+114  -7.73571e+113  8.21728e+113  2.72866e+113  -9.9404e+112  -3.49224e+112  5.83989e+111  2.92194e+110  8.27583e+111  3.14006e+112  -1.04775e+113  -1.05088e+114  -1.78872e+114  -1.05088e+114  -1.04775e+113  3.14006e+112  8.27583e+111  2.92194e+110  5.83989e+111  -3.49224e+112  -9.9404e+112  2.72866e+113  8.21728e+113  -7.73571e+113  -3.02113e+114  -1.10067e+114  1.22476e+114  1.99991e+114  
-8.76988e+113  -9.20125e+113  -1.04954e+114  -1.48926e+113  6.33438e+113  2.14597e+113  -1.28473e+113  -4.97973e+112  1.2936e+112  5.30292e+111  -9.72886e+110  -2.3937e+111  5.16217e+111  3.44734e+112  5.7613e+112  7.88368e+112  5.7613e+112  3.44734e+112  5.16217e+111  -2.3937e+111  -9.72886e+110  5.30292e+111  1.2936e+112  -4.97973e+112  -1.28473e+113  2.14597e+113  6.33438e+113  -1.48926e+113  -1.04954e+114  -9.20125e+113  -8.76988e+113  
-1.20537e+113  -6.97406e+112  8.26498e+112  2.59598e+113  8.24146e+112  -9.49625e+112  -3.958e+112  1.54551e+112  7.0645e+111  -1.27964e+111  -5.21681e+110  -7.1199e+109  -1.27878e+111  3.70341e+110  1.98541e+112  3.66767e+112  1.98541e+112  3.70341e+110  -1.27878e+111  -7.1199e+109  -5.21681e+110  -1.27964e+111  7.0645e+111  1.54551e+112  -3.958e+112  -9.49625e+112  8.24146e+112  2.59598e+113  8.26498e+112  -6.97406e+112  -1.20537e+113  
3.30572e+112  3.62859e+112  4.59719e+112  9.22509e+111  -3.74155e+112  -1.63533e+112  1.02221e+112  5.26813e+111  -1.38199e+111  -7.80871e+110  9.22569e+109  7.71568e+109  -7.50274e+108  -3.25019e+110  -5.77301e+110  -6.84529e+110  -5.77301e+110  -3.25019e+110  -7.50274e+108  7.71568e+109  9.22569e+109  -7.80871e+110  -1.38199e+111  5.26813e+111  1.02221e+112  -1.63533e+112  -3.74155e+112  9.22509e+111  4.59719e+112  3.62859e+112  3.30572e+112  
2.11637e+111  1.17553e+111  -1.647e+111  -6.64355e+111  -2.91385e+111  3.38543e+111  1.98802e+111  -7.80928e+110  -5.42561e+110  9.12123e+109  7.47003e+109  -4.49387e+108  -5.24408e+108  1.85629e+107  -3.9101e+108  -1.09674e+109  -3.9101e+108  1.85629e+107  -5.24408e+108  -4.49387e+108  7.47003e+109  9.12123e+109  -5.42561e+110  -7.80928e+110  1.98802e+111  3.38543e+111  -2.91385e+111  -6.64355e+111  -1.647e+111  1.17553e+111  2.11637e+111  
0  0  0  0  0  0  0  0  0  0  0  0  0  0  0  0  0  0  0  0  0  0  0  0  0  0  0  0  0  0  0  
