1  1  1  1  1  1  1  1  1  1  1  1  1  1  1  1  1  1  1  1  1  1  1  1  1  1  1  1  1  1  1  
-3.46189e+157  5.23043e+156  1.24778e+158  4.79935e+158  -3.21211e+159  -1.00979e+160  3.1186e+160  9.63333e+160  -1.42214e+161  -4.88254e+161  2.57862e+161  1.27382e+162  2.08654e+161  -1.08843e+162  -8.44569e+161  -6.7947e+161  -8.44569e+161  -1.08843e+162  2.08654e+161  1.27382e+162  2.57862e+161  -4.88254e+161  -1.42214e+161  9.63333e+160  3.1186e+160  -1.00979e+160  -3.21211e+159  4.79935e+158  1.24778e+158  5.23043e+156  -3.46189e+157  
2.38094e+159  2.07632e+159  1.16246e+159  -1.56647e+159  -7.54881e+159  3.25688e+160  1.33799e+161  -2.84314e+161  -1.17807e+162  1.08318e+162  5.42019e+162  -5.87215e+161  -1.1021e+163  -6.04585e+162  1.25927e+162  1.89371e+162  1.25927e+162  -6.04585e+162  -1.1021e+163  -5.87215e+161  5.42019e+162  1.08318e+162  -1.17807e+162  -2.84314e+161  1.33799e+161  3.25688e+160  -7.54881e+159  -1.56647e+159  1.16246e+159  2.07632e+159  2.38094e+159  
-7.51811e+160  -5.66084e+160  -8.9021e+158  1.29283e+159  1.92087e+160  9.94107e+160  -2.97218e+161  -1.4616e+162  2.07169e+162  1.10493e+163  -4.91666e+162  -4.14771e+163  -1.19916e+163  4.93601e+163  4.69223e+163  3.79082e+163  4.69223e+163  4.93601e+163  -1.19916e+163  -4.14771e+163  -4.91666e+162  1.10493e+163  2.07169e+162  -1.4616e+162  -2.97218e+161  9.94107e+160  1.92087e+160  1.29283e+159  -8.9021e+158  -5.66084e+160  -7.51811e+160  
-2.48614e+161  -2.13952e+161  -1.09967e+161  -9.77392e+159  4.78643e+160  -1.68175e+161  -1.00509e+162  2.08459e+162  1.22865e+163  -1.06711e+163  -7.76852e+163  1.56982e+162  2.14167e+164  1.47356e+164  -3.76391e+163  -6.75597e+163  -3.76391e+163  1.47356e+164  2.14167e+164  1.56982e+162  -7.76852e+163  -1.06711e+163  1.22865e+163  2.08459e+162  -1.00509e+162  -1.68175e+161  4.78643e+160  -9.77392e+159  -1.09967e+161  -2.13952e+161  -2.48614e+161  
3.84544e+162  2.96359e+162  3.18042e+161  -1.02322e+161  -7.86064e+160  -3.81654e+161  1.16355e+162  7.84023e+162  -1.1155e+163  -8.11056e+163  3.26943e+163  4.1298e+164  1.62084e+164  -6.62598e+164  -7.4068e+164  -6.07118e+164  -7.4068e+164  -6.62598e+164  1.62084e+164  4.1298e+164  3.26943e+163  -8.11056e+163  -1.1155e+163  7.84023e+162  1.16355e+162  -3.81654e+161  -7.86064e+160  -1.02322e+161  3.18042e+161  2.96359e+162  3.84544e+162  
4.09693e+162  3.42519e+162  1.40997e+162  4.63576e+161  -1.46045e+161  3.3706e+161  2.87899e+162  -6.30099e+162  -4.9248e+163  4.43103e+163  4.30321e+164  1.41632e+163  -1.61963e+165  -1.33165e+165  4.39504e+164  8.7181e+164  4.39504e+164  -1.33165e+165  -1.61963e+165  1.41632e+163  4.30321e+164  4.43103e+163  -4.9248e+163  -6.30099e+162  2.87899e+162  3.3706e+161  -1.46045e+161  4.63576e+161  1.40997e+162  3.42519e+162  4.09693e+162  
-5.88759e+163  -4.61909e+163  -8.13612e+162  3.64565e+161  3.03423e+161  5.57336e+161  -1.94863e+162  -1.73354e+163  2.74919e+163  2.57792e+164  -1.10791e+164  -1.84523e+165  -8.81896e+164  4.09917e+165  5.27343e+165  4.4345e+165  5.27343e+165  4.09917e+165  -8.81896e+164  -1.84523e+165  -1.10791e+164  2.57792e+164  2.74919e+163  -1.73354e+163  -1.94863e+162  5.57336e+161  3.03423e+161  3.64565e+161  -8.13612e+162  -4.61909e+163  -5.88759e+163  
-2.08685e+163  -1.52725e+163  1.51535e+162  -2.79663e+162  1.08347e+161  -2.44729e+161  -3.37373e+162  8.83727e+162  8.90664e+163  -9.50341e+163  -1.14794e+165  -4.33462e+163  6.17824e+165  5.90221e+165  -2.6463e+165  -5.512e+165  -2.6463e+165  5.90221e+165  6.17824e+165  -4.33462e+163  -1.14794e+165  -9.50341e+163  8.90664e+163  8.83727e+162  -3.37373e+162  -2.44729e+161  1.08347e+161  -2.79663e+162  1.51535e+162  -1.52725e+163  -2.08685e+163  
4.16298e+164  3.30539e+164  7.32631e+163  1.19446e+162  -3.55519e+161  -3.17543e+161  1.43211e+162  1.69384e+163  -3.44178e+163  -4.01982e+164  2.28307e+164  4.34186e+165  2.33823e+165  -1.40194e+166  -2.04523e+166  -1.7818e+166  -2.04523e+166  -1.40194e+166  2.33823e+165  4.34186e+165  2.28307e+164  -4.01982e+164  -3.44178e+163  1.69384e+163  1.43211e+162  -3.17543e+161  -3.55519e+161  1.19446e+162  7.32631e+163  3.30539e+164  4.16298e+164  
1.08798e+163  -1.56923e+163  -9.54085e+163  -6.2197e+162  7.52355e+160  7.64716e+160  1.57809e+162  -5.8753e+162  -7.6429e+163  1.13648e+164  1.61688e+165  -6.49029e+163  -1.33818e+166  -1.45589e+166  9.32643e+165  1.9711e+166  9.32643e+165  -1.45589e+166  -1.33818e+166  -6.49029e+163  1.61688e+165  1.13648e+164  -7.6429e+163  -5.8753e+162  1.57809e+162  7.64716e+160  7.52355e+160  -6.2197e+162  -9.54085e+163  -1.56923e+163  1.08798e+163  
-1.62835e+165  -1.30213e+165  -3.2346e+164  7.75534e+162  8.71819e+161  5.60181e+160  -4.20087e+161  -7.05141e+162  2.19157e+163  3.16969e+164  -2.93163e+164  -5.75835e+165  -3.18664e+165  2.90036e+166  4.75426e+166  4.32919e+166  4.75426e+166  2.90036e+166  -3.18664e+165  -5.75835e+165  -2.93163e+164  3.16969e+164  2.19157e+163  -7.05141e+162  -4.20087e+161  5.60181e+160  8.71819e+161  7.75534e+162  -3.2346e+164  -1.30213e+165  -1.62835e+165  
2.42545e+164  3.24449e+164  5.7016e+164  1.05794e+164  -1.14235e+162  -1.67417e+161  -2.4134e+161  1.66e+162  2.95877e+163  -7.38823e+163  -1.22107e+165  3.54624e+164  1.73462e+166  2.11371e+166  -2.05238e+166  -4.30415e+166  -2.05238e+166  2.11371e+166  1.73462e+166  3.54624e+164  -1.22107e+165  -7.38823e+163  2.95877e+163  1.66e+162  -2.4134e+161  -1.67417e+161  -1.14235e+162  1.05794e+164  5.7016e+164  3.24449e+164  2.42545e+164  
3.86437e+165  3.09966e+165  8.05511e+164  -1.23337e+164  -2.5627e+163  1.97005e+161  6.96222e+160  1.01009e+162  -6.25286e+162  -1.18911e+164  2.16302e+164  4.33641e+165  2.0191e+165  -3.79074e+166  -6.96297e+166  -6.68401e+166  -6.96297e+166  -3.79074e+166  2.0191e+165  4.33641e+165  2.16302e+164  -1.18911e+164  -6.25286e+162  1.01009e+162  6.96222e+160  1.97005e+161  -2.5627e+163  -1.23337e+164  8.05511e+164  3.09966e+165  3.86437e+165  
-9.50669e+164  -1.12367e+165  -1.64267e+165  -4.01373e+164  2.49742e+163  6.20087e+162  -3.41111e+160  -1.40754e+161  -4.13041e+162  2.25708e+163  4.6304e+164  -4.58713e+164  -1.35532e+166  -1.81574e+166  2.91004e+166  5.9721e+166  2.91004e+166  -1.81574e+166  -1.35532e+166  -4.58713e+164  4.6304e+164  2.25708e+163  -4.13041e+162  -1.40754e+161  -3.41111e+160  6.20087e+162  2.49742e+163  -4.01373e+164  -1.64267e+165  -1.12367e+165  -9.50669e+164  
-5.84227e+165  -4.68469e+165  -1.21192e+165  4.75927e+164  1.29626e+164  -5.20651e+162  -1.53652e+162  -1.24227e+160  5.24547e+161  1.68589e+163  -7.74234e+163  -1.7436e+165  -1.49182e+164  3.16926e+166  6.56409e+166  6.70248e+166  6.56409e+166  3.16926e+166  -1.49182e+164  -1.7436e+165  -7.74234e+163  1.68589e+163  5.24547e+161  -1.24227e+160  -1.53652e+162  -5.20651e+162  1.29626e+164  4.75927e+164  -1.21192e+165  -4.68469e+165  -5.84227e+165  
1.73083e+165  1.98384e+165  2.7429e+165  7.78751e+164  -1.16782e+164  -3.6961e+163  1.11119e+162  3.85174e+161  8.22011e+160  -2.09459e+162  -7.00914e+163  2.38174e+164  6.10621e+165  8.65464e+165  -2.682e+166  -5.34282e+166  -2.682e+166  8.65464e+165  6.10621e+165  2.38174e+164  -7.00914e+163  -2.09459e+162  8.22011e+160  3.85174e+161  1.11119e+162  -3.6961e+163  -1.16782e+164  7.78751e+164  2.7429e+165  1.98384e+165  1.73083e+165  
5.74903e+165  4.59595e+165  1.13672e+165  -9.02127e+164  -2.92375e+164  2.70029e+163  9.97724e+162  -2.36884e+161  -9.52405e+160  -3.5367e+161  8.69389e+162  3.0263e+164  -4.71628e+164  -1.66966e+166  -3.97904e+166  -4.36639e+166  -3.97904e+166  -1.66966e+166  -4.71628e+164  3.0263e+164  8.69389e+162  -3.5367e+161  -9.52405e+160  -2.36884e+161  9.97724e+162  2.70029e+163  -2.92375e+164  -9.02127e+164  1.13672e+165  4.59595e+165  5.74903e+165  
-1.8084e+165  -2.06111e+165  -2.81923e+165  -8.90738e+164  2.40182e+164  9.04417e+163  -5.98894e+162  -2.5839e+162  4.89897e+160  2.16498e+160  1.53963e+162  -3.84972e+163  -1.35337e+165  -1.67547e+165  1.58895e+166  3.06016e+166  1.58895e+166  -1.67547e+165  -1.35337e+165  -3.84972e+163  1.53963e+162  2.16498e+160  4.89897e+160  -2.5839e+162  -5.98894e+162  9.04417e+163  2.40182e+164  -8.90738e+164  -2.81923e+165  -2.06111e+165  -1.8084e+165  
-3.68225e+165  -2.92909e+165  -6.69606e+164  9.6745e+164  3.60313e+164  -5.71393e+163  -2.5113e+163  1.2591e+162  6.37126e+161  3.1534e+159  7.59421e+160  -8.60958e+162  1.86915e+164  5.27642e+165  1.51481e+166  1.80935e+166  1.51481e+166  5.27642e+165  1.86915e+164  -8.60958e+162  7.59421e+160  3.1534e+159  6.37126e+161  1.2591e+162  -2.5113e+163  -5.71393e+163  3.60313e+164  9.6745e+164  -6.69606e+164  -2.92909e+165  -3.68225e+165  
1.13646e+165  1.30381e+165  1.80584e+165  6.26818e+164  -2.59662e+164  -1.13621e+164  1.24048e+163  6.40017e+162  -2.46709e+161  -1.73406e+161  2.38319e+161  -4.59015e+161  4.95219e+163  -2.64843e+164  -5.84961e+165  -1.08795e+166  -5.84961e+165  -2.64843e+164  4.95219e+163  -4.59015e+161  2.38319e+161  -1.73406e+161  -2.46709e+161  6.40017e+162  1.24048e+163  -1.13621e+164  -2.59662e+164  6.26818e+164  1.80584e+165  1.30381e+165  1.13646e+165  
1.50211e+165  1.18792e+165  2.45365e+164  -6.07586e+164  -2.57615e+164  5.96201e+163  3.07372e+163  -2.42785e+162  -1.48318e+162  -1.49673e+160  -3.4477e+161  3.66784e+162  6.22827e+162  -8.9454e+164  -3.43633e+165  -4.54435e+165  -3.43633e+165  -8.9454e+164  6.22827e+162  3.66784e+162  -3.4477e+161  -1.49673e+160  -1.48318e+162  -2.42785e+162  3.07372e+163  5.96201e+163  -2.57615e+164  -6.07586e+164  2.45365e+164  1.18792e+165  1.50211e+165  
-4.24884e+164  -4.94977e+164  -7.05258e+164  -2.7037e+164  1.54255e+164  7.81816e+163  -1.19067e+163  -7.31352e+162  4.20397e+161  4.09998e+161  -4.71318e+161  -3.17809e+162  2.71089e+163  1.7882e+164  1.25152e+165  2.25112e+165  1.25152e+165  1.7882e+164  2.71089e+163  -3.17809e+162  -4.71318e+161  4.09998e+161  4.20397e+161  -7.31352e+162  -1.19067e+163  7.81816e+163  1.54255e+164  -2.7037e+164  -7.05258e+164  -4.94977e+164  -4.24884e+164  
-3.71315e+164  -2.92179e+164  -5.47712e+163  2.18773e+164  1.06221e+164  -3.20053e+163  -1.94392e+163  2.02623e+162  1.50702e+162  -2.11448e+160  4.2817e+161  -1.70179e+162  -1.32462e+163  5.9877e+163  4.20756e+164  6.31321e+164  4.20756e+164  5.9877e+163  -1.32462e+163  -1.70179e+162  4.2817e+161  -2.11448e+160  1.50702e+162  2.02623e+162  -1.94392e+163  -3.20053e+163  1.06221e+164  2.18773e+164  -5.47712e+163  -2.92179e+164  -3.71315e+164  
8.91507e+163  1.06355e+164  1.57968e+164  6.82141e+163  -4.89549e+163  -2.90486e+163  5.46163e+162  4.05593e+162  -2.78717e+161  -3.22502e+161  8.3113e+160  1.26665e+162  -2.46355e+162  -2.69768e+163  -1.37132e+164  -2.39579e+164  -1.37132e+164  -2.69768e+163  -2.46355e+162  1.26665e+162  8.3113e+160  -3.22502e+161  -2.78717e+161  4.05593e+162  5.46163e+162  -2.90486e+163  -4.89549e+163  6.82141e+163  1.57968e+164  1.06355e+164  8.91507e+163  
5.05665e+163  3.97274e+163  7.21018e+162  -4.17876e+163  -2.36643e+163  8.4502e+162  6.17273e+162  -7.38032e+161  -6.99423e+161  2.72819e+160  -5.74263e+160  5.46323e+160  1.7578e+162  6.72305e+161  -2.29377e+163  -4.05803e+163  -2.29377e+163  6.72305e+161  1.7578e+162  5.46323e+160  -5.74263e+160  2.72819e+160  -6.99423e+161  -7.38032e+161  6.17273e+162  8.4502e+162  -2.36643e+163  -4.17876e+163  7.21018e+162  3.97274e+163  5.05665e+163  
-9.23997e+162  -1.14045e+163  -1.78979e+163  -9.00142e+162  7.47272e+162  5.32946e+162  -1.11171e+162  -1.04064e+162  7.1155e+160  1.03431e+161  2.71925e+159  -1.00762e+161  -5.69765e+160  1.25023e+162  5.89813e+162  1.01009e+163  5.89813e+162  1.25023e+162  -5.69765e+160  -1.00762e+161  2.71925e+159  1.03431e+161  7.1155e+160  -1.04064e+162  -1.11171e+162  5.32946e+162  7.47272e+162  -9.00142e+162  -1.78979e+163  -1.14045e+163  -9.23997e+162  
-3.14084e+162  -2.48333e+162  -5.10786e+161  3.56281e+162  2.43708e+162  -9.45736e+161  -8.71998e+161  1.03456e+161  1.37834e+161  -3.85487e+159  -7.90586e+159  4.76955e+159  -4.6186e+160  -1.06795e+161  3.52755e+161  7.88666e+161  3.52755e+161  -1.06795e+161  -4.6186e+160  4.76955e+159  -7.90586e+159  -3.85487e+159  1.37834e+161  1.03456e+161  -8.71998e+161  -9.45736e+161  2.43708e+162  3.56281e+162  -5.10786e+161  -2.48333e+162  -3.14084e+162  
3.55891e+161  4.6217e+161  7.81007e+161  4.82874e+161  -4.28271e+161  -3.89655e+161  8.06302e+160  1.06015e+161  -5.35658e+159  -1.4268e+160  -3.03376e+158  1.60826e+159  2.06875e+159  -8.17848e+159  -4.40687e+160  -7.6014e+160  -4.40687e+160  -8.17848e+159  2.06875e+159  1.60826e+159  -3.03376e+158  -1.4268e+160  -5.35658e+159  1.06015e+161  8.06302e+160  -3.89655e+161  -4.28271e+161  4.82874e+161  7.81007e+161  4.6217e+161  3.55891e+161  
5.59133e+160  4.52842e+160  1.33969e+160  -8.87508e+160  -7.981e+160  3.09728e+160  4.15624e+160  -3.82578e+159  -1.00382e+160  -1.47316e+158  1.268e+159  8.69266e+157  -8.9879e+157  2.46375e+156  -4.83186e+157  -2.16892e+158  -4.83186e+157  2.46375e+156  -8.9879e+157  8.69266e+157  1.268e+159  -1.47316e+158  -1.00382e+160  -3.82578e+159  4.15624e+160  3.09728e+160  -7.981e+160  -8.87508e+160  1.33969e+160  4.52842e+160  5.59133e+160  
0  0  0  0  0  0  0  0  0  0  0  0  0  0  0  0  0  0  0  0  0  0  0  0  0  0  0  0  0  0  0  
