1  1  1  1  1  1  1  1  1  1  1  1  1  1  1  1  1  1  1  1  1  1  1  1  1  1  1  1  1  1  1  
2.45958e+182  -3.2001e+181  -8.65876e+182  -1.18793e+183  2.38751e+184  3.44505e+184  -2.53679e+185  -3.9721e+185  1.33167e+186  2.32431e+186  -3.38929e+186  -6.99509e+186  2.01538e+186  7.68277e+186  4.55375e+186  3.52537e+186  4.55375e+186  7.68277e+186  2.01538e+186  -6.99509e+186  -3.38929e+186  2.32431e+186  1.33167e+186  -3.9721e+185  -2.53679e+185  3.44505e+184  2.38751e+184  -1.18793e+183  -8.65876e+182  -3.2001e+181  2.45958e+182  
-1.33872e+184  -1.11013e+184  -4.24392e+183  1.20147e+184  2.60169e+184  -2.63798e+185  -5.41934e+185  2.57966e+186  5.42869e+186  -1.22732e+187  -2.82275e+187  2.27507e+187  6.73861e+187  1.48744e+187  -2.36357e+187  -2.46674e+187  -2.36357e+187  1.48744e+187  6.73861e+187  2.27507e+187  -2.82275e+187  -1.22732e+187  5.42869e+186  2.57966e+186  -5.41934e+185  -2.63798e+185  2.60169e+184  1.20147e+184  -4.24392e+183  -1.11013e+184  -1.33872e+184  
2.6656e+185  1.97902e+185  -8.07025e+183  -7.71341e+183  -1.51711e+185  -3.93833e+185  2.62306e+186  6.53248e+186  -2.14851e+187  -5.51133e+187  8.02955e+187  2.34505e+188  -5.501e+187  -3.56147e+188  -2.5153e+188  -1.89079e+188  -2.5153e+188  -3.56147e+188  -5.501e+187  2.34505e+188  8.02955e+187  -5.51133e+187  -2.14851e+187  6.53248e+186  2.62306e+186  -3.93833e+185  -1.51711e+185  -7.71341e+183  -8.07025e+183  1.97902e+185  2.6656e+185  
1.55049e+186  1.27796e+186  4.60368e+185  -8.98347e+183  -1.90136e+185  1.45762e+186  4.36719e+186  -2.03625e+187  -5.90369e+187  1.35422e+188  4.15196e+188  -3.33023e+188  -1.33289e+189  -3.98023e+188  6.58613e+188  7.63194e+188  6.58613e+188  -3.98023e+188  -1.33289e+189  -3.33023e+188  4.15196e+188  1.35422e+188  -5.90369e+187  -2.03625e+187  4.36719e+186  1.45762e+186  -1.90136e+185  -8.98347e+183  4.60368e+185  1.27796e+186  1.55049e+186  
-1.41494e+187  -1.08214e+187  -8.37551e+185  4.98186e+185  5.2279e+185  1.61289e+186  -1.08712e+187  -3.64244e+187  1.24299e+188  4.14094e+188  -6.33418e+188  -2.3697e+189  5.00975e+188  4.82975e+189  3.93613e+189  2.9086e+189  3.93613e+189  4.82975e+189  5.00975e+188  -2.3697e+189  -6.33418e+188  4.14094e+188  1.24299e+188  -3.64244e+187  -1.08712e+187  1.61289e+186  5.2279e+185  4.98186e+185  -8.37551e+185  -1.08214e+187  -1.41494e+187  
-3.07631e+187  -2.48748e+187  -7.21002e+186  -1.55669e+186  6.77926e+185  -3.15953e+186  -1.29666e+187  6.46638e+187  2.41586e+188  -6.04415e+188  -2.32792e+189  2.01892e+189  1.01554e+190  3.69147e+189  -7.06062e+189  -8.93168e+189  -7.06062e+189  3.69147e+189  1.01554e+190  2.01892e+189  -2.32792e+189  -6.04415e+188  2.41586e+188  6.46638e+187  -1.29666e+187  -3.15953e+186  6.77926e+185  -1.55669e+186  -7.21002e+186  -2.48748e+187  -3.07631e+187  
2.23118e+188  1.74879e+188  3.01616e+187  -2.65836e+186  -1.39156e+186  -2.41078e+186  1.88231e+187  8.19802e+187  -3.18101e+188  -1.32841e+189  2.31998e+189  1.06357e+190  -2.46834e+189  -2.98833e+190  -2.76862e+190  -2.03866e+190  -2.76862e+190  -2.98833e+190  -2.46834e+189  1.06357e+190  2.31998e+189  -1.32841e+189  -3.18101e+188  8.19802e+187  1.88231e+187  -2.41078e+186  -1.39156e+186  -2.65836e+186  3.01616e+187  1.74879e+188  2.23118e+188  
2.29481e+188  1.76468e+188  1.74319e+187  1.10466e+187  -7.89382e+185  2.61242e+186  1.54181e+187  -9.25067e+187  -4.39481e+188  1.31789e+189  6.21769e+189  -6.4736e+189  -3.86784e+190  -1.59767e+190  3.86512e+190  5.25765e+190  3.86512e+190  -1.59767e+190  -3.86784e+190  -6.4736e+189  6.21769e+189  1.31789e+189  -4.39481e+188  -9.25067e+187  1.54181e+187  2.61242e+186  -7.89382e+185  1.10466e+187  1.74319e+187  1.76468e+188  2.29481e+188  
-1.619e+189  -1.29174e+189  -3.09982e+188  -2.55204e+186  1.55606e+186  1.36175e+186  -1.39379e+187  -8.02328e+187  3.97163e+188  2.06591e+189  -4.55428e+189  -2.49029e+190  8.01111e+189  1.01253e+191  1.05643e+191  7.8525e+190  1.05643e+191  1.01253e+191  8.01111e+189  -2.49029e+190  -4.55428e+189  2.06591e+189  3.97163e+188  -8.02328e+187  -1.39379e+187  1.36175e+186  1.55606e+186  -2.55204e+186  -3.09982e+188  -1.29174e+189  -1.619e+189  
-8.04803e+188  -5.45475e+188  2.32508e+188  2.35381e+187  -2.43235e+185  -8.23287e+185  -7.1846e+186  6.07036e+187  3.74262e+188  -1.50994e+189  -8.67717e+189  1.21942e+190  8.29045e+190  3.63231e+190  -1.23363e+191  -1.78e+191  -1.23363e+191  3.63231e+190  8.29045e+190  1.21942e+190  -8.67717e+189  -1.50994e+189  3.74262e+188  6.07036e+187  -7.1846e+186  -8.23287e+185  -2.43235e+185  2.35381e+187  2.32508e+188  -5.45475e+188  -8.04803e+188  
6.48309e+189  5.23802e+189  1.50281e+189  9.67333e+185  -3.49168e+186  -2.32618e+185  4.01087e+186  3.29301e+187  -2.42444e+188  -1.60501e+189  5.03634e+189  3.25444e+190  -1.74893e+190  -2.05626e+191  -2.40391e+191  -1.82666e+191  -2.40391e+191  -2.05626e+191  -1.74893e+190  3.25444e+190  5.03634e+189  -1.60501e+189  -2.42444e+188  3.29301e+187  4.01087e+186  -2.32618e+185  -3.49168e+186  9.67333e+185  1.50281e+189  5.23802e+189  6.48309e+189  
1.3449e+189  5.64118e+188  -1.77823e+189  -4.53746e+188  -1.47184e+186  7.05152e+185  1.07323e+186  -1.64201e+187  -1.41669e+188  8.9742e+188  6.41763e+189  -1.38806e+190  -1.05334e+191  -4.39084e+190  2.46061e+191  3.72123e+191  2.46061e+191  -4.39084e+190  -1.05334e+191  -1.38806e+190  6.41763e+189  8.9742e+188  -1.41669e+188  -1.64201e+187  1.07323e+186  7.05152e+185  -1.47184e+186  -4.53746e+188  -1.77823e+189  5.64118e+188  1.3449e+189  
-1.57226e+190  -1.28124e+190  -4.08177e+189  2.89454e+188  1.07386e+188  5.03655e+185  -4.48045e+185  -4.56316e+186  6.42944e+187  5.84588e+188  -3.06285e+189  -2.3872e+190  2.44803e+190  2.61347e+191  3.42466e+191  2.69559e+191  3.42466e+191  2.61347e+191  2.44803e+190  -2.3872e+190  -3.06285e+189  5.84588e+188  6.42944e+187  -4.56316e+186  -4.48045e+185  5.03655e+185  1.07386e+188  2.89454e+188  -4.08177e+189  -1.28124e+190  -1.57226e+190  
-5.90519e+188  9.50795e+188  5.57473e+189  1.81722e+189  -4.2017e+187  -2.56688e+187  -1.65526e+185  1.25642e+186  1.89582e+187  -2.43991e+188  -2.34743e+189  9.23891e+189  7.9743e+190  2.33041e+190  -3.17487e+191  -4.98177e+191  -3.17487e+191  2.33041e+190  7.9743e+190  9.23891e+189  -2.34743e+189  -2.43991e+188  1.89582e+187  1.25642e+186  -1.65526e+185  -2.56688e+187  -4.2017e+187  1.81722e+189  5.57473e+189  9.50795e+188  -5.90519e+188  
2.42551e+190  1.98762e+190  6.73944e+189  -1.35871e+189  -5.6449e+188  5.51124e+186  6.30931e+186  1.2797e+185  -4.90274e+186  -7.87485e+187  9.0181e+188  9.20059e+189  -2.07524e+190  -2.10242e+191  -3.11441e+191  -2.57754e+191  -3.11441e+191  -2.10242e+191  -2.07524e+190  9.20059e+189  9.0181e+188  -7.87485e+187  -4.90274e+186  1.2797e+185  6.30931e+186  5.51124e+186  -5.6449e+188  -1.35871e+189  6.73944e+189  1.98762e+190  2.42551e+190  
-1.54119e+189  -3.59305e+189  -9.74863e+189  -3.68546e+189  2.77828e+188  1.5761e+188  -4.67668e+185  -1.57107e+186  -3.68147e+185  1.99177e+187  3.34457e+188  -3.19115e+189  -3.42321e+190  4.2089e+189  2.67782e+191  4.32393e+191  2.67782e+191  4.2089e+189  -3.42321e+190  -3.19115e+189  3.34457e+188  1.99177e+187  -3.68147e+185  -1.57107e+186  -4.67668e+185  1.5761e+188  2.77828e+188  -3.68546e+189  -9.74863e+189  -3.59305e+189  -1.54119e+189  
-2.43229e+190  -2.0002e+190  -7.03924e+189  2.7934e+189  1.312e+189  -5.173e+187  -4.19496e+187  -6.92886e+184  3.82526e+185  1.50785e+186  -8.43362e+187  -1.4874e+189  9.76881e+189  1.05063e+191  1.8003e+191  1.59598e+191  1.8003e+191  1.05063e+191  9.76881e+189  -1.4874e+189  -8.43362e+187  1.50785e+186  3.82526e+185  -6.92886e+184  -4.19496e+187  -5.173e+187  1.312e+189  2.7934e+189  -7.03924e+189  -2.0002e+190  -2.43229e+190  
2.93215e+189  4.78061e+189  1.0326e+190  4.38043e+189  -6.4667e+188  -3.94333e+188  8.51834e+186  1.07461e+187  5.73759e+184  -7.98628e+184  -6.51151e+186  3.85801e+188  6.98596e+189  -1.25587e+190  -1.46099e+191  -2.41227e+191  -1.46099e+191  -1.25587e+190  6.98596e+189  3.85801e+188  -6.51151e+186  -7.98628e+184  5.73759e+184  1.07461e+187  8.51834e+186  -3.94333e+188  -6.4667e+188  4.38043e+189  1.0326e+190  4.78061e+189  2.93215e+189  
1.58541e+190  1.30695e+190  4.71556e+189  -3.13149e+189  -1.65514e+189  1.30746e+188  1.07379e+188  -1.06103e+186  -2.62105e+186  -7.24083e+184  -7.56301e+185  3.73434e+187  -1.977e+189  -3.07073e+190  -6.42444e+190  -6.25698e+190  -6.42444e+190  -3.07073e+190  -1.977e+189  3.73434e+187  -7.56301e+185  -7.24083e+184  -2.62105e+186  -1.06103e+186  1.07379e+188  1.30746e+188  -1.65514e+189  -3.13149e+189  4.71556e+189  1.30695e+190  1.58541e+190  
-2.3267e+189  -3.43362e+189  -6.75435e+189  -3.18337e+189  7.42807e+188  5.03333e+188  -2.28076e+187  -2.69502e+187  2.78156e+184  8.14352e+185  -1.10347e+186  -1.19053e+185  -1.66683e+188  6.7552e+189  4.98363e+190  8.37721e+190  4.98363e+190  6.7552e+189  -1.66683e+188  -1.19053e+185  -1.10347e+186  8.14352e+185  2.78156e+184  -2.69502e+187  -2.28076e+187  5.03333e+188  7.42807e+188  -3.18337e+189  -6.75435e+189  -3.43362e+189  -2.3267e+189  
-6.57156e+189  -5.43123e+189  -2.01022e+189  2.01848e+189  1.20342e+189  -1.47417e+188  -1.32836e+188  3.09919e+186  6.13363e+186  2.32808e+185  3.053e+186  -1.72867e+187  -1.09663e+188  4.50683e+189  1.32851e+190  1.47704e+190  1.32851e+190  4.50683e+189  -1.09663e+188  -1.72867e+187  3.053e+186  2.32808e+185  6.13363e+186  3.09919e+186  -1.32836e+188  -1.47417e+188  1.20342e+189  2.01848e+189  -2.01022e+189  -5.43123e+189  -6.57156e+189  
9.85605e+188  1.40832e+189  2.67648e+189  1.40643e+189  -4.5504e+188  -3.4967e+188  2.40176e+187  3.09935e+187  -2.01186e+185  -1.97437e+186  1.44037e+186  2.58e+187  -1.14625e+188  -1.62126e+189  -9.93513e+189  -1.6965e+190  -9.93513e+189  -1.62126e+189  -1.14625e+188  2.58e+187  1.44037e+186  -1.97437e+186  -2.01186e+185  3.09935e+187  2.40176e+187  -3.4967e+188  -4.5504e+188  1.40643e+189  2.67648e+189  1.40832e+189  9.85605e+188  
1.64756e+189  1.36758e+189  5.27632e+188  -7.37106e+188  -5.00913e+188  8.16075e+187  8.43894e+187  -2.83848e+186  -6.24075e+186  -7.26129e+184  -3.12067e+186  4.45032e+186  9.948e+187  -1.74554e+188  -1.40837e+189  -1.90988e+189  -1.40837e+189  -1.74554e+188  9.948e+187  4.45032e+186  -3.12067e+186  -7.26129e+184  -6.24075e+186  -2.83848e+186  8.43894e+187  8.16075e+187  -5.00913e+188  -7.37106e+188  5.27632e+188  1.36758e+189  1.64756e+189  
-2.22971e+188  -3.18481e+188  -6.05013e+188  -3.59485e+188  1.46021e+188  1.30295e+188  -1.11696e+187  -1.71888e+187  9.2142e+184  1.42658e+186  1.40045e+185  -8.31456e+186  1.88912e+186  1.70671e+188  1.01918e+189  1.7693e+189  1.01918e+189  1.70671e+188  1.88912e+186  -8.31456e+186  1.40045e+185  1.42658e+186  9.2142e+184  -1.71888e+187  -1.11696e+187  1.30295e+188  1.46021e+188  -3.59485e+188  -6.05013e+188  -3.18481e+188  -2.22971e+188  
-2.27029e+188  -1.90062e+188  -7.91624e+187  1.41411e+188  1.11728e+188  -2.14782e+187  -2.67437e+187  9.43708e+185  2.89366e+186  7.59512e+183  4.11811e+185  5.84631e+185  -1.05552e+187  -1.8357e+187  5.91233e+187  1.12532e+188  5.91233e+187  -1.8357e+187  -1.05552e+187  5.84631e+185  4.11811e+185  7.59512e+183  2.89366e+186  9.43708e+185  -2.67437e+187  -2.14782e+187  1.11728e+188  1.41411e+188  -7.91624e+187  -1.90062e+188  -2.27029e+188  
2.42132e+187  3.5365e+187  6.88204e+187  4.74057e+187  -2.21418e+187  -2.3799e+187  2.13798e+186  4.38043e+186  2.37478e+184  -4.24321e+185  -8.57394e+184  5.44199e+185  1.09816e+186  -6.02022e+186  -4.11882e+187  -7.31326e+187  -4.11882e+187  -6.02022e+186  1.09816e+186  5.44199e+185  -8.57394e+184  -4.24321e+185  2.37478e+184  4.38043e+186  2.13798e+186  -2.3799e+187  -2.21418e+187  4.74057e+187  6.88204e+187  3.5365e+187  2.42132e+187  
1.42258e+187  1.21108e+187  5.76594e+186  -1.19886e+187  -1.14136e+187  2.30266e+186  3.7431e+186  -8.08275e+184  -5.6442e+185  -1.96807e+184  2.87573e+184  -5.25715e+184  2.20638e+185  9.19292e+185  -4.56231e+185  -1.95222e+186  -4.56231e+185  9.19292e+185  2.20638e+185  -5.25715e+184  2.87573e+184  -1.96807e+184  -5.6442e+185  -8.08275e+184  3.7431e+186  2.30266e+186  -1.14136e+187  -1.19886e+187  5.76594e+186  1.21108e+187  1.42258e+187  
-9.56962e+185  -1.46703e+186  -2.99724e+186  -2.50131e+186  1.23141e+186  1.71763e+186  -1.24534e+185  -4.39679e+185  -1.54591e+184  5.67284e+184  5.14217e+183  -6.3795e+183  -1.75493e+184  2.72461e+184  2.89722e+185  5.39161e+185  2.89722e+185  2.72461e+184  -1.75493e+184  -6.3795e+183  5.14217e+183  5.67284e+184  -1.54591e+184  -4.39679e+185  -1.24534e+185  1.71763e+186  1.23141e+186  -2.50131e+186  -2.99724e+186  -1.46703e+186  -9.56962e+185  
-2.54242e+185  -2.24093e+185  -1.33647e+185  2.92668e+185  3.66518e+185  -6.61126e+184  -1.74982e+185  -4.08232e+183  4.01542e+184  3.94135e+183  -4.85828e+183  -6.83594e+182  3.32623e+182  -1.1469e+181  -8.80516e+181  4.28871e+182  -8.80516e+181  -1.1469e+181  3.32623e+182  -6.83594e+182  -4.85828e+183  3.94135e+183  4.01542e+184  -4.08232e+183  -1.74982e+185  -6.61126e+184  3.66518e+185  2.92668e+185  -1.33647e+185  -2.24093e+185  -2.54242e+185  
0  0  0  0  0  0  0  0  0  0  0  0  0  0  0  0  0  0  0  0  0  0  0  0  0  0  0  0  0  0  0  
