1  1  1  1  1  1  1  1  1  1  1  1  1  1  1  1  1  1  1  1  1  1  1  1  1  1  1  1  1  1  1  
-1.3776e+207  2.78581e+206  5.24713e+207  -4.37543e+207  -1.53317e+209  -1.59699e+208  1.73943e+210  9.37763e+209  -9.93688e+210  -8.31723e+210  2.91935e+211  3.23673e+211  -3.09312e+211  -4.71992e+211  -2.05479e+211  -1.49061e+211  -2.05479e+211  -4.71992e+211  -3.09312e+211  3.23673e+211  2.91935e+211  -8.31723e+210  -9.93688e+210  9.37763e+209  1.73943e+210  -1.59699e+208  -1.53317e+209  -4.37543e+207  5.24713e+207  2.78581e+206  -1.3776e+207  
6.75116e+208  5.38161e+208  1.27298e+208  -7.81208e+208  -1.54812e+208  1.80356e+210  1.19069e+210  -1.89186e+211  -1.8012e+211  1.00112e+212  1.20114e+212  -2.38842e+212  -3.58693e+212  5.61262e+211  2.23567e+212  2.11835e+212  2.23567e+212  5.61262e+211  -3.58693e+212  -2.38842e+212  1.20114e+212  1.00112e+212  -1.8012e+211  -1.89186e+211  1.19069e+210  1.80356e+210  -1.54812e+208  -7.81208e+208  1.27298e+208  5.38161e+208  6.75116e+208  
-8.763e+209  -6.38278e+209  7.57875e+208  6.74007e+208  1.02533e+210  7.8178e+209  -1.89326e+211  -2.00239e+211  1.68674e+212  2.17019e+212  -7.36326e+212  -1.13109e+213  1.08034e+213  2.2291e+213  1.12478e+213  7.44497e+212  1.12478e+213  2.2291e+213  1.08034e+213  -1.13109e+213  -7.36326e+212  2.17019e+212  1.68674e+212  -2.00239e+211  -1.89326e+211  7.8178e+209  1.02533e+210  6.74007e+208  7.57875e+208  -6.38278e+209  -8.763e+209  
-8.18213e+210  -6.59484e+210  -1.83297e+210  2.72179e+209  4.23597e+209  -1.03952e+211  -1.23406e+211  1.55318e+212  2.15571e+212  -1.15265e+213  -1.84325e+213  3.75957e+213  7.23849e+213  -9.61062e+212  -6.13412e+213  -6.21775e+213  -6.13412e+213  -9.61062e+212  7.23849e+213  3.75957e+213  -1.84325e+213  -1.15265e+213  2.15571e+212  1.55318e+212  -1.23406e+211  -1.03952e+211  4.23597e+209  2.72179e+209  -1.83297e+210  -6.59484e+210  -8.18213e+210  
4.8907e+211  3.70365e+211  1.4251e+210  -2.32701e+210  -3.31967e+210  -4.13357e+210  8.10363e+211  1.23257e+212  -1.00697e+213  -1.70234e+213  6.03695e+213  1.16605e+214  -1.18211e+214  -3.04834e+214  -1.73614e+214  -1.05533e+214  -1.73614e+214  -3.04834e+214  -1.18211e+214  1.16605e+214  6.03695e+213  -1.70234e+213  -1.00697e+213  1.23257e+212  8.10363e+211  -4.13357e+210  -3.31967e+210  -2.32701e+210  1.4251e+210  3.70365e+211  4.8907e+211  
1.75942e+212  1.40428e+212  3.38863e+211  4.64819e+210  -2.44343e+210  2.34055e+211  4.05924e+211  -5.05185e+212  -9.20766e+212  5.26888e+213  1.05315e+214  -2.36799e+214  -5.56051e+214  7.60069e+213  6.44104e+214  6.97238e+214  6.44104e+214  7.60069e+213  -5.56051e+214  -2.36799e+214  1.05315e+214  5.26888e+213  -9.20766e+212  -5.05185e+212  4.05924e+211  2.34055e+211  -2.44343e+210  4.64819e+210  3.38863e+211  1.40428e+212  1.75942e+212  
-7.99988e+212  -6.26305e+212  -1.05257e+212  1.50871e+211  6.60965e+210  6.69398e+210  -1.4283e+212  -2.89065e+212  2.61659e+213  5.55086e+213  -2.24469e+214  -5.26461e+214  6.13664e+214  1.88632e+215  1.19733e+215  6.72497e+214  1.19733e+215  1.88632e+215  6.13664e+214  -5.26461e+214  -2.24469e+214  5.55086e+213  2.61659e+213  -2.89065e+212  -1.4283e+212  6.69398e+210  6.60965e+210  1.50871e+211  -1.05257e+212  -6.26305e+212  -7.99988e+212  
-1.47068e+213  -1.14359e+213  -1.62331e+212  -4.15014e+211  4.12007e+210  -2.02886e+211  -5.01107e+211  7.29334e+212  1.69463e+213  -1.15478e+214  -2.81817e+214  7.58512e+214  2.11419e+215  -3.81009e+214  -3.43579e+215  -3.9618e+215  -3.43579e+215  -3.81009e+214  2.11419e+215  7.58512e+214  -2.81817e+214  -1.15478e+214  1.69463e+213  7.29334e+212  -5.01107e+211  -2.02886e+211  4.12007e+210  -4.15014e+211  -1.62331e+212  -1.14359e+213  -1.47068e+213  
5.98313e+213  4.80004e+213  1.25075e+213  6.31211e+209  -6.70656e+210  -3.81919e+210  1.06175e+212  2.83938e+212  -3.26343e+213  -8.59245e+213  4.36594e+214  1.22468e+215  -1.79521e+215  -6.34253e+215  -4.44487e+215  -2.3138e+215  -4.44487e+215  -6.34253e+215  -1.79521e+215  1.22468e+215  4.36594e+214  -8.59245e+213  -3.26343e+213  2.83938e+212  1.06175e+212  -3.81919e+210  -6.70656e+210  6.31211e+209  1.25075e+213  4.80004e+213  5.98313e+213  
6.17492e+213  4.56176e+213  -2.77708e+212  -8.42602e+211  7.59573e+209  6.4265e+210  2.31192e+211  -4.75742e+212  -1.42138e+213  1.30519e+214  3.87722e+214  -1.37385e+215  -4.47943e+215  1.29373e+215  1.06359e+216  1.30192e+216  1.06359e+216  1.29373e+215  -4.47943e+215  -1.37385e+215  3.87722e+214  1.30519e+214  -1.42138e+213  -4.75742e+212  2.31192e+211  6.4265e+210  7.59573e+209  -8.42602e+211  -2.77708e+212  4.56176e+213  6.17492e+213  
-2.459e+214  -2.00879e+214  -6.58164e+213  -1.34241e+212  1.33484e+211  6.14482e+209  -3.02488e+211  -1.1281e+212  1.95818e+213  6.50038e+213  -4.67549e+214  -1.5689e+215  3.20007e+215  1.26806e+216  9.73817e+215  4.69095e+215  9.73817e+215  1.26806e+216  3.20007e+215  -1.5689e+215  -4.67549e+214  6.50038e+213  1.95818e+213  -1.1281e+212  -3.02488e+211  6.14482e+209  1.33484e+211  -1.34241e+212  -6.58164e+213  -2.00879e+214  -2.459e+214  
-1.45752e+214  -9.74935e+213  4.72822e+213  1.85445e+213  3.02646e+211  -2.92287e+210  -3.24508e+210  1.26035e+212  5.13387e+212  -7.51974e+213  -2.77296e+214  1.45858e+215  5.56234e+215  -2.89034e+215  -2.04939e+216  -2.653e+216  -2.04939e+216  -2.89034e+215  5.56234e+215  1.45858e+215  -2.77296e+214  -7.51974e+213  5.13387e+212  1.26035e+212  -3.24508e+210  -2.92287e+210  3.02646e+211  1.85445e+213  4.72822e+213  -9.74935e+213  -1.45752e+214  
6.10169e+214  5.05298e+214  1.90686e+214  -2.71274e+212  -4.29268e+212  -7.18401e+210  2.78136e+210  1.43961e+211  -5.02761e+212  -2.23778e+213  2.70088e+214  1.10862e+215  -3.56391e+215  -1.57251e+216  -1.3161e+216  -5.81437e+215  -1.3161e+216  -1.57251e+216  -3.56391e+215  1.10862e+215  2.70088e+214  -2.23778e+213  -5.02761e+212  1.43961e+211  2.78136e+210  -7.18401e+210  -4.29268e+212  -2.71274e+212  1.90686e+214  5.05298e+214  6.10169e+214  
2.01807e+214  1.0839e+214  -1.71863e+214  -7.79142e+213  -7.60509e+211  1.01382e+212  1.8325e+210  -9.1891e+210  -6.2289e+211  1.95134e+213  9.52781e+213  -8.87346e+214  -4.05292e+215  4.13565e+215  2.54605e+216  3.47297e+216  2.54605e+216  4.13565e+215  -4.05292e+215  -8.87346e+214  9.52781e+213  1.95134e+213  -6.2289e+211  -9.1891e+210  1.8325e+210  1.01382e+212  -7.60509e+211  -7.79142e+213  -1.71863e+214  1.0839e+214  2.01807e+214  
-9.60771e+214  -8.04108e+214  -3.34117e+214  2.95518e+213  2.33954e+213  4.14943e+211  -2.47172e+211  -6.82942e+209  3.65627e+211  2.69913e+212  -7.4373e+213  -4.00159e+214  2.43539e+215  1.22009e+216  1.10991e+216  4.39253e+215  1.10991e+216  1.22009e+216  2.43539e+215  -4.00159e+214  -7.4373e+213  2.69913e+212  3.65627e+211  -6.82942e+209  -2.47172e+211  4.14943e+211  2.33954e+213  2.95518e+213  -3.34117e+214  -8.04108e+214  -9.60771e+214  
-1.60906e+214  -4.02526e+213  3.21709e+214  1.63773e+214  -2.86514e+212  -6.40675e+212  -1.44486e+211  6.11118e+210  1.05834e+210  -1.49847e+212  -1.20303e+213  2.76598e+214  1.6318e+215  -3.72744e+215  -2.0621e+216  -2.95464e+216  -2.0621e+216  -3.72744e+215  1.6318e+215  2.76598e+214  -1.20303e+213  -1.49847e+212  1.05834e+210  6.11118e+210  -1.44486e+211  -6.40675e+212  -2.86514e+212  1.63773e+214  3.21709e+214  -4.02526e+213  -1.60906e+214  
9.81344e+214  8.28522e+214  3.70058e+214  -7.32188e+213  -5.58295e+213  -3.25022e+211  1.68242e+212  4.41381e+210  -1.45624e+210  -3.99238e+210  6.41038e+212  5.69072e+213  -9.43261e+214  -5.77486e+215  -5.72371e+215  -1.90854e+215  -5.72371e+215  -5.77486e+215  -9.43261e+214  5.69072e+213  6.41038e+212  -3.99238e+210  -1.45624e+210  4.41381e+210  1.68242e+212  -3.25022e+211  -5.58295e+213  -7.32188e+213  3.70058e+214  8.28522e+214  9.81344e+214  
6.3778e+213  -4.08716e+213  -3.54821e+214  -2.00346e+214  1.18338e+213  1.63612e+213  3.05317e+211  -4.26398e+211  -1.2531e+210  2.61827e+209  1.68527e+211  -2.98022e+213  -2.92789e+214  2.06815e+215  1.07791e+216  1.61856e+216  1.07791e+216  2.06815e+215  -2.92789e+214  -2.98022e+213  1.68527e+211  2.61827e+209  -1.2531e+210  -4.26398e+211  3.05317e+211  1.63612e+213  1.18338e+213  -2.00346e+214  -3.54821e+214  -4.08716e+213  6.3778e+213  
-6.50282e+214  -5.53437e+214  -2.62899e+214  8.92412e+213  7.18241e+213  -9.92192e+211  -4.376e+212  -1.21792e+211  1.02808e+211  4.30812e+209  5.78739e+210  -1.04931e+212  1.56603e+214  1.53918e+215  1.68683e+215  3.8247e+214  1.68683e+215  1.53918e+215  1.56603e+214  -1.04931e+212  5.78739e+210  4.30812e+209  1.02808e+211  -1.21792e+211  -4.376e+212  -9.92192e+211  7.18241e+213  8.92412e+213  -2.62899e+214  -5.53437e+214  -6.50282e+214  
-1.87387e+212  5.81787e+213  2.38336e+214  1.48944e+214  -1.6242e+213  -2.11808e+213  -2.24809e+211  1.08245e+212  3.83506e+210  -3.80874e+210  3.76301e+210  1.85828e+211  5.23153e+211  -6.75252e+214  -3.51583e+215  -5.52625e+215  -3.51583e+215  -6.75252e+214  5.23153e+211  1.85828e+211  3.76301e+210  -3.80874e+210  3.83506e+210  1.08245e+212  -2.24809e+211  -2.11808e+213  -1.6242e+213  1.48944e+214  2.38336e+214  5.81787e+213  -1.87387e+212  
2.73493e+214  2.34774e+214  1.18617e+214  -6.0136e+213  -5.2934e+213  1.90304e+212  5.46727e+212  1.51638e+211  -2.41594e+211  -1.06514e+210  -2.18692e+211  6.04764e+211  1.02387e+213  -1.80843e+214  -2.34887e+214  1.2173e+213  -2.34887e+214  -1.80843e+214  1.02387e+213  6.04764e+211  -2.18692e+211  -1.06514e+210  -2.41594e+211  1.51638e+211  5.46727e+212  1.90304e+212  -5.2934e+213  -6.0136e+213  1.18617e+214  2.34774e+214  2.73493e+214  
-8.4344e+212  -3.0358e+213  -9.6129e+213  -6.68757e+213  1.07354e+213  1.48373e+213  4.8002e+210  -1.25252e+212  -5.39251e+210  9.30299e+210  9.87614e+209  -1.76706e+212  2.96515e+212  1.18849e+214  6.6888e+214  1.10119e+215  6.6888e+214  1.18849e+214  2.96515e+212  -1.76706e+212  9.87614e+209  9.30299e+210  -5.39251e+210  -1.25252e+212  4.8002e+210  1.48373e+213  1.07354e+213  -6.68757e+213  -9.6129e+213  -3.0358e+213  -8.4344e+212  
-6.94291e+213  -6.02484e+213  -3.2706e+213  2.24672e+213  2.21979e+213  -1.21666e+212  -3.48764e+212  -1.06569e+211  2.46345e+211  2.23118e+209  1.93464e+211  1.28684e+211  -6.43991e+212  -2.45898e+212  3.73042e+212  -1.79691e+213  3.73042e+212  -2.45898e+212  -6.43991e+212  1.28684e+211  1.93464e+211  2.23118e+209  2.46345e+211  -1.06569e+211  -3.48764e+212  -1.21666e+212  2.21979e+213  2.24672e+213  -3.2706e+213  -6.02484e+213  -6.94291e+213  
3.04589e+212  7.77621e+212  2.19672e+213  1.72392e+213  -3.53398e+212  -5.54233e+212  -9.97454e+209  6.94621e+211  3.89208e+210  -6.03939e+210  -4.52045e+210  4.79036e+211  7.07524e+211  -9.45477e+212  -6.53358e+213  -1.13042e+214  -6.53358e+213  -9.45477e+212  7.07524e+211  4.79036e+211  -4.52045e+210  -6.03939e+210  3.89208e+210  6.94621e+211  -9.97454e+209  -5.54233e+212  -3.53398e+212  1.72392e+213  2.19672e+213  7.77621e+212  3.04589e+212  
9.66507e+212  8.51666e+212  5.07145e+212  -4.34014e+212  -4.95579e+212  3.1584e+211  1.10326e+212  4.59534e+210  -1.14282e+211  -3.55864e+209  -2.29885e+210  -8.76949e+210  5.51136e+211  1.85104e+212  1.82092e+212  2.32736e+212  1.82092e+212  1.85104e+212  5.51136e+211  -8.76949e+210  -2.29885e+210  -3.55864e+209  -1.14282e+211  4.59534e+210  1.10326e+212  3.1584e+211  -4.95579e+212  -4.34014e+212  5.07145e+212  8.51666e+212  9.66507e+212  
-4.02795e+211  -9.29684e+211  -2.51035e+212  -2.27238e+212  5.27791e+211  1.00849e+212  1.27305e+210  -1.7587e+211  -1.35508e+210  1.64818e+210  8.00883e+209  -2.49407e+210  -1.04431e+211  2.21539e+211  2.50681e+212  4.59824e+212  2.50681e+212  2.21539e+211  -1.04431e+211  -2.49407e+210  8.00883e+209  1.64818e+210  -1.35508e+210  -1.7587e+211  1.27305e+210  1.00849e+212  5.27791e+211  -2.27238e+212  -2.51035e+212  -9.29684e+211  -4.02795e+211  
-6.10142e+211  -5.5054e+211  -3.71736e+211  3.64665e+211  5.03054e+211  -2.7364e+210  -1.531e+211  -1.05087e+210  2.20556e+210  2.14153e+209  -1.10186e+209  4.29358e+209  -7.95321e+209  -6.52703e+210  -7.99463e+210  -7.2134e+210  -7.99463e+210  -6.52703e+210  -7.95321e+209  4.29358e+209  -1.10186e+209  2.14153e+209  2.20556e+210  -1.05087e+210  -1.531e+211  -2.7364e+210  5.03054e+211  3.64665e+211  -3.71736e+211  -5.5054e+211  -6.10142e+211  
1.74365e+210  4.03476e+210  1.09081e+211  1.18606e+211  -2.72836e+210  -7.19661e+210  -3.33306e+209  1.73981e+210  2.09462e+209  -2.14701e+209  -3.65263e+208  1.9781e+208  1.23194e+209  -5.94838e+207  -1.66652e+210  -3.33203e+210  -1.66652e+210  -5.94838e+207  1.23194e+209  1.9781e+208  -3.65263e+208  -2.14701e+209  2.09462e+209  1.73981e+210  -3.33306e+209  -7.19661e+210  -2.72836e+210  1.18606e+211  1.09081e+211  4.03476e+210  1.74365e+210  
1.09402e+210  1.02957e+210  8.36212e+209  -8.61254e+209  -1.59013e+210  1.62148e+208  7.02675e+209  9.46784e+208  -1.5307e+209  -2.87148e+208  1.76003e+208  4.06102e+207  -1.02836e+207  4.09947e+205  2.83159e+207  3.22144e+207  2.83159e+207  4.09947e+205  -1.02836e+207  4.06102e+207  1.76003e+208  -2.87148e+208  -1.5307e+209  9.46784e+208  7.02675e+209  1.62148e+208  -1.59013e+210  -8.61254e+209  8.36212e+209  1.02957e+210  1.09402e+210  
0  0  0  0  0  0  0  0  0  0  0  0  0  0  0  0  0  0  0  0  0  0  0  0  0  0  0  0  0  0  0  
