1  1  1  1  1  1  1  1  1  1  1  1  1  1  1  1  1  1  1  1  1  1  1  1  1  1  1  1  1  1  1  
-1.56599e+256  1.84233e+256  1.20673e+257  -9.20222e+257  -4.1447e+258  1.3315e+259  5.44092e+259  -8.28347e+259  -3.6132e+260  2.19278e+260  1.28622e+261  2.82174e+259  -2.03973e+261  -1.12375e+261  2.62093e+259  1.17688e+260  2.62093e+259  -1.12375e+261  -2.03973e+261  2.82174e+259  1.28622e+261  2.19278e+260  -3.6132e+260  -8.28347e+259  5.44092e+259  1.3315e+259  -4.1447e+258  -9.20222e+257  1.20673e+257  1.84233e+256  -1.56599e+256  
1.43664e+258  1.0433e+258  -1.36715e+257  -2.15689e+258  9.69882e+258  5.60859e+259  -1.21339e+260  -6.68861e+260  6.44767e+260  4.13136e+261  -8.70909e+260  -1.26618e+262  -4.66987e+261  1.16628e+262  1.08074e+262  9.30136e+261  1.08074e+262  1.16628e+262  -4.66987e+261  -1.26618e+262  -8.70909e+260  4.13136e+261  6.44767e+260  -6.68861e+260  -1.21339e+260  5.60859e+259  9.69882e+258  -2.15689e+258  -1.36715e+257  1.0433e+258  1.43664e+258  
-5.97369e+258  -3.87619e+258  2.41632e+258  5.01047e+258  3.13748e+259  -9.6149e+259  -6.51545e+260  9.3067e+260  6.61416e+261  -3.34187e+261  -3.46712e+262  -5.26136e+261  7.78505e+262  5.59489e+262  -2.40544e+261  -1.14685e+262  -2.40544e+261  5.59489e+262  7.78505e+262  -5.26136e+261  -3.46712e+262  -3.34187e+261  6.61416e+261  9.3067e+260  -6.51545e+260  -9.6149e+259  3.13748e+259  5.01047e+258  2.41632e+258  -3.87619e+258  -5.97369e+258  
-1.76615e+260  -1.38552e+260  -2.43642e+259  1.24246e+259  -3.86922e+259  -3.49691e+260  7.20121e+260  5.84183e+261  -5.16477e+261  -5.0096e+262  5.63365e+261  2.10088e+263  1.05837e+263  -2.61283e+263  -2.92181e+263  -2.56188e+263  -2.92181e+263  -2.61283e+263  1.05837e+263  2.10088e+263  5.63365e+261  -5.0096e+262  -5.16477e+261  5.84183e+261  7.20121e+260  -3.49691e+260  -3.86922e+259  1.24246e+259  -2.43642e+259  -1.38552e+260  -1.76615e+260  
4.25453e+260  3.08527e+260  -4.22495e+259  -5.01175e+259  -1.01673e+260  3.08677e+260  2.94231e+261  -4.10076e+261  -4.11898e+262  1.83776e+262  2.9496e+263  7.48067e+262  -8.95211e+263  -7.82584e+263  6.01989e+262  2.60773e+263  6.01989e+262  -7.82584e+263  -8.95211e+263  7.48067e+262  2.9496e+263  1.83776e+262  -4.11898e+262  -4.10076e+261  2.94231e+261  3.08677e+260  -1.01673e+260  -5.01175e+259  -4.22495e+259  3.08527e+260  4.25453e+260  
4.12582e+261  3.25142e+261  6.28239e+260  1.07799e+259  3.78423e+259  8.30983e+260  -1.76659e+261  -1.9674e+262  1.75123e+262  2.3527e+263  -1.31361e+262  -1.35704e+264  -8.49018e+263  2.29996e+264  3.00567e+264  2.71235e+264  3.00567e+264  2.29996e+264  -8.49018e+263  -1.35704e+264  -1.31361e+262  2.3527e+263  1.75123e+262  -1.9674e+262  -1.76659e+261  8.30983e+260  3.78423e+259  1.07799e+259  6.28239e+260  3.25142e+261  4.12582e+261  
-8.03204e+261  -6.26233e+261  -9.53197e+260  3.5768e+260  1.46914e+260  -4.16374e+260  -5.33381e+261  8.13683e+261  1.0913e+263  -5.05338e+262  -1.11187e+264  -3.64951e+263  4.70414e+264  4.84405e+264  -6.47369e+263  -2.45805e+264  -6.47369e+263  4.84405e+264  4.70414e+264  -3.64951e+263  -1.11187e+264  -5.05338e+262  1.0913e+263  8.13683e+261  -5.33381e+261  -4.16374e+260  1.46914e+260  3.5768e+260  -9.53197e+260  -6.26233e+261  -8.03204e+261  
-3.80498e+262  -2.98417e+262  -5.21729e+261  -4.8337e+260  4.53381e+259  -7.52991e+260  1.92792e+261  2.87674e+262  -3.00174e+262  -5.18565e+263  3.01084e+262  4.34401e+264  3.19973e+264  -1.04432e+265  -1.5608e+265  -1.46277e+265  -1.5608e+265  -1.04432e+265  3.19973e+264  4.34401e+264  3.01084e+262  -5.18565e+263  -3.00174e+262  2.87674e+262  1.92792e+261  -7.52991e+260  4.53381e+259  -4.8337e+260  -5.21729e+261  -2.98417e+262  -3.80498e+262  
6.6478e+262  5.42497e+262  1.75648e+262  -3.01443e+260  -1.17022e+260  2.25924e+260  3.98918e+261  -7.86616e+261  -1.35925e+263  8.23526e+262  2.14459e+264  7.79471e+263  -1.3422e+265  -1.59549e+265  3.63352e+264  1.20616e+265  3.63352e+264  -1.59549e+265  -1.3422e+265  7.79471e+263  2.14459e+264  8.23526e+262  -1.35925e+263  -7.86616e+261  3.98918e+261  2.25924e+260  -1.17022e+260  -3.01443e+260  1.75648e+262  5.42497e+262  6.6478e+262  
1.80211e+263  1.39456e+263  1.71917e+262  -8.41288e+260  1.20522e+259  2.39735e+260  -9.2073e+260  -1.86096e+262  2.7604e+262  5.77349e+263  -9.42852e+262  -7.66659e+264  -6.36877e+264  2.77585e+265  4.67193e+265  4.58249e+265  4.67193e+265  2.77585e+265  -6.36877e+264  -7.66659e+264  -9.42852e+262  5.77349e+263  2.7604e+262  -1.86096e+262  -9.2073e+260  2.39735e+260  1.20522e+259  -8.41288e+260  1.71917e+262  1.39456e+263  1.80211e+263  
-2.95226e+263  -2.48662e+263  -1.08968e+263  -6.04753e+261  1.64613e+260  -4.09533e+259  -1.11898e+261  3.57805e+261  7.97847e+262  -8.04047e+262  -2.22828e+264  -7.22437e+263  2.25467e+265  3.05266e+265  -1.18017e+265  -3.45436e+265  -1.18017e+265  3.05266e+265  2.25467e+265  -7.22437e+263  -2.22828e+264  -8.04047e+262  7.97847e+262  3.57805e+261  -1.11898e+261  -4.09533e+259  1.64613e+260  -6.04753e+261  -1.08968e+263  -2.48662e+263  -2.95226e+263  
-4.9685e+263  -3.75573e+263  -1.174e+262  2.6797e+262  1.20166e+261  -4.7197e+259  1.57072e+260  4.78479e+261  -1.27608e+262  -3.20826e+263  1.58494e+263  7.73804e+264  6.8818e+264  -4.60155e+265  -8.64277e+265  -8.93409e+265  -8.64277e+265  -4.60155e+265  6.8818e+264  7.73804e+264  1.58494e+263  -3.20826e+263  -1.27608e+262  4.78479e+261  1.57072e+260  -4.7197e+259  1.20166e+261  2.6797e+262  -1.174e+262  -3.75573e+263  -4.9685e+263  
7.79515e+263  6.72332e+263  3.50786e+263  2.48255e+262  -5.89975e+261  -2.64479e+260  8.60615e+259  -6.11756e+260  -1.96052e+262  4.14647e+262  1.22124e+264  1.34039e+263  -2.2961e+265  -3.51243e+265  2.35032e+265  6.13694e+265  2.35032e+265  -3.51243e+265  -2.2961e+265  1.34039e+263  1.22124e+264  4.14647e+262  -1.96052e+262  -6.11756e+260  8.60615e+259  -2.64479e+260  -5.89975e+261  2.48255e+262  3.50786e+263  6.72332e+263  7.79515e+263  
8.51794e+263  6.2088e+263  -7.18612e+262  -1.24078e+263  -8.91093e+261  1.35381e+261  5.91153e+259  -3.27497e+260  2.30914e+261  7.84786e+262  -1.15668e+263  -4.36618e+264  -3.72756e+264  4.88615e+265  1.02302e+266  1.1221e+266  1.02302e+266  4.88615e+265  -3.72756e+264  -4.36618e+264  -1.15668e+263  7.84786e+262  2.30914e+261  -3.27497e+260  5.91153e+259  1.35381e+261  -8.91093e+261  -1.24078e+263  -7.18612e+262  6.2088e+263  8.51794e+263  
-1.29207e+264  -1.136e+264  -6.67803e+263  -3.92041e+262  3.48307e+262  2.61802e+261  -3.23453e+260  4.44889e+257  1.32925e+261  -8.54339e+261  -3.11196e+263  2.02683e+263  1.39616e+265  2.40419e+265  -2.95421e+265  -6.963e+265  -2.95421e+265  2.40419e+265  1.39616e+265  2.02683e+263  -3.11196e+263  -8.54339e+261  1.32925e+261  4.44889e+257  -3.23453e+260  2.61802e+261  3.48307e+262  -3.92041e+262  -6.67803e+263  -1.136e+264  -1.29207e+264  
-9.38421e+263  -6.48067e+263  2.22995e+263  2.78109e+263  2.26267e+262  -9.14823e+261  -7.24588e+260  7.84846e+259  -6.12355e+259  -5.51927e+261  3.09691e+262  1.22727e+264  5.86697e+263  -3.32064e+265  -7.82803e+265  -9.17815e+265  -7.82803e+265  -3.32064e+265  5.86697e+263  1.22727e+264  3.09691e+262  -5.51927e+261  -6.12355e+259  7.84846e+259  -7.24588e+260  -9.14823e+261  2.26267e+262  2.78109e+263  2.22995e+263  -6.48067e+263  -9.38421e+263  
1.37792e+264  1.23205e+264  7.94422e+263  2.32987e+262  -8.76368e+262  -8.1602e+261  2.33004e+261  1.93988e+260  -1.73872e+259  2.7439e+260  2.39842e+262  -1.0578e+263  -4.66378e+264  -8.99213e+264  2.35795e+265  5.07236e+265  2.35795e+265  -8.99213e+264  -4.66378e+264  -1.0578e+263  2.39842e+262  2.7439e+260  -1.73872e+259  1.93988e+260  2.33004e+261  -8.1602e+261  -8.76368e+262  2.32987e+262  7.94422e+263  1.23205e+264  1.37792e+264  
6.71073e+263  4.28094e+263  -3.00845e+263  -3.56719e+263  -2.89178e+262  2.44143e+262  2.50146e+261  -5.75815e+260  -5.02656e+259  1.26712e+258  -1.21922e+261  -1.14202e+263  2.57545e+263  1.40321e+265  3.82869e+265  4.84052e+265  3.82869e+265  1.40321e+265  2.57545e+263  -1.14202e+263  -1.21922e+261  1.26712e+258  -5.02656e+259  -5.75815e+260  2.50146e+261  2.44143e+262  -2.89178e+262  -3.56719e+263  -3.00845e+263  4.28094e+263  6.71073e+263  
-9.47005e+263  -8.6054e+263  -6.01145e+263  6.80523e+261  1.16961e+263  1.22856e+262  -6.28381e+261  -6.96653e+260  1.34824e+260  1.8461e+257  2.16164e+260  6.21478e+261  6.21705e+263  1.23359e+264  -1.17558e+265  -2.33169e+265  -1.17558e+265  1.23359e+264  6.21705e+263  6.21478e+261  2.16164e+260  1.8461e+257  1.34824e+260  -6.96653e+260  -6.28381e+261  1.22856e+262  1.16961e+263  6.80523e+261  -6.01145e+263  -8.6054e+263  -9.47005e+263  
-3.08429e+263  -1.74948e+263  2.25494e+263  2.74627e+263  2.10372e+262  -3.25287e+262  -3.97259e+261  1.50423e+261  1.82713e+260  -7.67135e+259  -1.19729e+260  1.69502e+261  -6.6765e+262  -3.4409e+264  -1.15493e+265  -1.59211e+265  -1.15493e+265  -3.4409e+264  -6.6765e+262  1.69502e+261  -1.19729e+260  -7.67135e+259  1.82713e+260  1.50423e+261  -3.97259e+261  -3.25287e+262  2.10372e+262  2.74627e+263  2.25494e+263  -1.74948e+263  -3.08429e+263  
4.10695e+263  3.7961e+263  2.86354e+263  -1.64023e+262  -8.83143e+262  -1.02458e+262  8.02099e+261  1.09582e+261  -3.20422e+260  3.60301e+259  -7.28021e+260  -1.76074e+261  4.90655e+262  2.41593e+263  3.5012e+264  6.46529e+264  3.5012e+264  2.41593e+263  4.90655e+262  -1.76074e+261  -7.28021e+260  3.60301e+259  -3.20422e+260  1.09582e+261  8.02099e+261  -1.02458e+262  -8.83143e+262  -1.64023e+262  2.86354e+263  3.7961e+263  4.10695e+263  
8.82221e+262  4.18902e+262  -9.71054e+262  -1.26258e+263  -9.275e+261  2.31626e+262  3.31569e+261  -1.76487e+261  -2.84351e+260  1.70622e+260  7.06142e+260  -5.5176e+261  -2.14746e+262  4.19892e+263  2.00206e+264  3.05564e+264  2.00206e+264  4.19892e+263  -2.14746e+262  -5.5176e+261  7.06142e+260  1.70622e+260  -2.84351e+260  -1.76487e+261  3.31569e+261  2.31626e+262  -9.275e+261  -1.26258e+263  -9.71054e+262  4.18902e+262  8.82221e+262  
-1.06927e+263  -1.00793e+263  -8.23893e+262  8.32003e+261  3.75172e+262  4.92168e+261  -5.16163e+261  -8.5449e+260  3.3159e+260  -5.88731e+259  4.50013e+260  3.1214e+261  -1.77548e+262  -9.81215e+262  -5.70037e+263  -9.89781e+263  -5.70037e+263  -9.81215e+262  -1.77548e+262  3.1214e+261  4.50013e+260  -5.88731e+259  3.3159e+260  -8.5449e+260  -5.16163e+261  4.92168e+261  3.75172e+262  8.32003e+261  -8.23893e+262  -1.00793e+263  -1.06927e+263  
-1.47268e+262  -5.28458e+261  2.30421e+262  3.29416e+262  2.56705e+261  -8.69358e+261  -1.48523e+261  9.78362e+260  1.95905e+260  -8.01861e+259  -3.57772e+260  9.31784e+260  7.44879e+261  -1.54901e+262  -1.74609e+263  -3.01746e+263  -1.74609e+263  -1.54901e+262  7.44879e+261  9.31784e+260  -3.57772e+260  -8.01861e+259  1.95905e+260  9.78362e+260  -1.48523e+261  -8.69358e+261  2.56705e+261  3.29416e+262  2.30421e+262  -5.28458e+261  -1.47268e+262  
1.51845e+262  1.46677e+262  1.31173e+262  -1.73362e+261  -8.38921e+261  -1.31542e+261  1.62658e+261  3.32652e+260  -1.54145e+260  -5.15545e+258  -2.04196e+259  -5.71694e+260  6.41937e+260  9.46932e+261  4.25065e+262  7.02181e+262  4.25065e+262  9.46932e+261  6.41937e+260  -5.71694e+260  -2.04196e+259  -5.15545e+258  -1.54145e+260  3.32652e+260  1.62658e+261  -1.31542e+261  -8.38921e+261  -1.73362e+261  1.31173e+262  1.46677e+262  1.51845e+262  
1.26805e+261  2.82462e+260  -2.67429e+261  -4.33958e+261  -4.26408e+260  1.57023e+261  3.3403e+260  -2.441e+260  -5.95624e+259  1.87055e+259  3.62051e+259  -2.63299e+258  -5.07343e+260  -5.05355e+260  5.80323e+261  1.17747e+262  5.80323e+261  -5.05355e+260  -5.07343e+260  -2.63299e+258  3.62051e+259  1.87055e+259  -5.95624e+259  -2.441e+260  3.3403e+260  1.57023e+261  -4.26408e+260  -4.33958e+261  -2.67429e+261  2.82462e+260  1.26805e+261  
-9.7226e+260  -9.70748e+260  -9.66213e+260  1.31869e+260  8.42255e+260  1.70898e+260  -2.2161e+260  -5.87319e+259  2.87471e+259  7.12865e+258  -3.17832e+258  1.77424e+259  2.02681e+259  -2.16945e+260  -9.47008e+260  -1.51605e+261  -9.47008e+260  -2.16945e+260  2.02681e+259  1.77424e+259  -3.17832e+258  7.12865e+258  2.87471e+259  -5.87319e+259  -2.2161e+260  1.70898e+260  8.42255e+260  1.31869e+260  -9.66213e+260  -9.70748e+260  -9.7226e+260  
-4.31406e+259  -3.52395e+258  1.15326e+260  2.23025e+260  3.32294e+259  -1.09562e+260  -3.13721e+259  2.33393e+259  7.63808e+258  -2.54703e+258  -1.04337e+258  -4.32455e+257  4.01464e+258  1.11358e+259  -3.17417e+259  -8.13623e+259  -3.17417e+259  1.11358e+259  4.01464e+258  -4.32455e+257  -1.04337e+258  -2.54703e+258  7.63808e+258  2.33393e+259  -3.13721e+259  -1.09562e+260  3.32294e+259  2.23025e+260  1.15326e+260  -3.52395e+258  -4.31406e+259  
1.75408e+259  1.84622e+259  2.12266e+259  -1.88704e+258  -2.58839e+259  -7.77355e+258  9.76049e+258  3.82714e+258  -1.86344e+258  -8.12409e+257  1.78226e+257  1.00753e+257  1.01698e+256  -2.5891e+255  2.28776e+257  4.86607e+257  2.28776e+257  -2.5891e+255  1.01698e+256  1.00753e+257  1.78226e+257  -8.12409e+257  -1.86344e+258  3.82714e+258  9.76049e+258  -7.77355e+258  -2.58839e+259  -1.88704e+258  2.12266e+259  1.84622e+259  1.75408e+259  
0  0  0  0  0  0  0  0  0  0  0  0  0  0  0  0  0  0  0  0  0  0  0  0  0  0  0  0  0  0  0  
