1  1  1  1  1  1  1  1  1  1  1  1  1  1  1  1  1  1  1  1  1  
1.10699  1.10507  1.0993  1.08985  1.07696  1.06094  1.04221  1.02121  0.998462  0.974531  0.95  0.925469  0.901538  0.878794  0.857795  0.839057  0.823043  0.810149  0.800698  0.794934  0.793013  
1.21011  1.20631  1.19493  1.17626  1.15079  1.11915  1.08214  1.04065  0.995727  0.948457  0.9  0.851543  0.804273  0.759345  0.717864  0.68085  0.649215  0.623743  0.605074  0.593689  0.589893  
1.30559  1.30001  1.28328  1.25586  1.21844  1.17196  1.11758  1.05663  0.99063  0.921185  0.85  0.778815  0.70937  0.643367  0.582424  0.528043  0.481565  0.444143  0.416716  0.399989  0.394413  
1.38984  1.38262  1.36097  1.32546  1.27701  1.21683  1.14642  1.06752  0.982064  0.892157  0.8  0.707843  0.617936  0.532483  0.453579  0.383168  0.322991  0.27454  0.23903  0.217375  0.210157  
1.45957  1.45089  1.42484  1.38212  1.32383  1.25144  1.16673  1.07181  0.969009  0.860857  0.75  0.639143  0.530991  0.428191  0.333269  0.248562  0.176167  0.117879  0.0751627  0.0491149  0.0404323  
1.51181  1.50188  1.47208  1.42321  1.35652  1.27369  1.17678  1.06817  0.950556  0.826824  0.7  0.573176  0.449444  0.33183  0.223225  0.126307  0.0434764  -0.0232109  -0.0720809  -0.101879  -0.111811  
1.54405  1.53312  1.50031  1.44649  1.37304  1.28182  1.17508  1.05546  0.92593  0.789665  0.65  0.510335  0.37407  0.244539  0.124925  0.0181829  -0.0730436  -0.146487  -0.200305  -0.233117  -0.244055  
1.55427  1.5426  1.50758  1.45014  1.37175  1.27438  1.16044  1.03276  0.894503  0.749064  0.6  0.450936  0.305497  0.167237  0.0395596  -0.0743789  -0.171754  -0.250144  -0.307582  -0.342598  -0.35427  
1.54097  1.52886  1.4925  1.43286  1.35145  1.25033  1.132  0.999401  0.85582  0.70479  0.55  0.39521  0.24418  0.100599  -0.0319984  -0.150328  -0.251453  -0.332857  -0.392499  -0.428855  -0.440974  
1.50326  1.49099  1.45419  1.39382  1.31141  1.20902  1.08922  0.954966  0.8096  0.656701  0.5  0.343299  0.1904  0.0450343  -0.0892163  -0.209023  -0.311407  -0.393819  -0.454194  -0.490994  -0.50326  
1.44083  1.42871  1.39238  1.33276  1.25137  1.15025  1.03191  0.899318  0.755752  0.604751  0.45  0.295249  0.144248  0.000681787  -0.131914  -0.250245  -0.351366  -0.432757  -0.492377  -0.528713  -0.540825  
1.35397  1.34231  1.30734  1.24994  1.17157  1.07421  0.960268  0.832597  0.69437  0.54899  0.4  0.25101  0.10563  -0.032597  -0.160268  -0.274208  -0.371575  -0.449939  -0.507336  -0.542314  -0.553973  
1.24361  1.23269  1.19993  1.14617  1.07276  0.981549  0.87481  0.755214  0.625736  0.489559  0.35  0.210441  0.0742642  -0.0552144  -0.17481  -0.281549  -0.372762  -0.446169  -0.499931  -0.53269  -0.54361  
1.11122  1.10131  1.07157  1.02277  0.956127  0.873318  0.776416  0.667848  0.550312  0.426694  0.3  0.173306  0.0496879  -0.0678479  -0.176416  -0.273318  -0.356127  -0.42277  -0.471573  -0.501308  -0.51122  
0.95883  0.95017  0.924189  0.881545  0.823311  0.750951  0.666282  0.571425  0.46873  0.360712  0.25  0.139288  0.0312702  -0.0714247  -0.166282  -0.250951  -0.323311  -0.381545  -0.424189  -0.45017  -0.45883  
0.788963  0.781767  0.760181  0.724749  0.676365  0.616247  0.545907  0.4671  0.381773  0.292011  0.2  0.107989  0.0182268  -0.0671001  -0.145907  -0.216247  -0.276365  -0.324749  -0.360181  -0.381767  -0.388963  
0.604598  0.599046  0.582389  0.55505  0.517717  0.471329  0.41705  0.356229  0.29036  0.221053  0.15  0.0789473  0.00963988  -0.0562285  -0.11705  -0.171329  -0.217717  -0.25505  -0.282389  -0.299046  -0.304598  
0.409153  0.405381  0.394065  0.375488  0.350119  0.31859  0.281689  0.240326  0.195516  0.148355  0.1  0.0516448  0.00448394  -0.0403256  -0.0816886  -0.11859  -0.150119  -0.175488  -0.194065  -0.205381  -0.209153  
0.206368  0.204462  0.198746  0.189361  0.176541  0.160604  0.141943  0.121019  0.0983452  0.0744761  0.05  0.0255239  0.00165481  -0.0210194  -0.0419432  -0.0606036  -0.076541  -0.0893612  -0.098746  -0.104462  -0.106368  
0  0  0  0  0  0  0  0  0  0  0  0  0  0  0  0  0  0  0  0  0  
