1  1  1  1  1  1  1  1  1  1  1  1  1  1  1  1  1  1  1  1  1  1  1  1  1  1  1  1  1  1  1  
4.5752e+131  -6.44794e+130  -1.63048e+132  1.40419e+132  4.77267e+133  4.58577e+132  -5.39512e+134  -2.93792e+134  3.07018e+135  2.62393e+135  -8.96694e+135  -1.02424e+136  9.34126e+135  1.49741e+136  6.53082e+135  4.71234e+135  6.53082e+135  1.49741e+136  9.34126e+135  -1.02424e+136  -8.96694e+135  2.62393e+135  3.07018e+135  -2.93792e+134  -5.39512e+134  4.58577e+132  4.77267e+133  1.40419e+132  -1.63048e+132  -6.44794e+130  4.5752e+131  
-9.27636e+133  -7.18367e+133  -9.05619e+132  2.7904e+133  5.1124e+132  -5.59673e+134  -3.72469e+134  5.84971e+135  5.67643e+135  -3.08158e+136  -3.79748e+136  7.28578e+136  1.1366e+137  -1.5075e+136  -7.11212e+136  -6.50738e+136  -7.11212e+136  -1.5075e+136  1.1366e+137  7.28578e+136  -3.79748e+136  -3.08158e+136  5.67643e+135  5.84971e+135  -3.72469e+134  -5.59673e+134  5.1124e+132  2.7904e+133  -9.05619e+132  -7.18367e+133  -9.27636e+133  
3.97969e+134  2.46906e+134  -2.06281e+134  -6.54788e+133  -3.06052e+134  -2.41084e+134  5.85757e+135  6.30286e+135  -5.20016e+136  -6.85494e+136  2.25641e+137  3.58079e+137  -3.24707e+137  -7.07291e+137  -3.57722e+137  -2.35164e+137  -3.57722e+137  -7.07291e+137  -3.24707e+137  3.58079e+137  2.25641e+137  -6.85494e+136  -5.20016e+136  6.30286e+135  5.85757e+135  -2.41084e+134  -3.06052e+134  -6.54788e+133  -2.06281e+134  2.46906e+134  3.97969e+134  
1.23958e+136  9.73176e+135  1.73951e+135  -3.20144e+134  -2.39015e+134  3.23477e+135  3.88424e+135  -4.79434e+136  -6.80271e+136  3.54206e+137  5.8303e+137  -1.1443e+138  -2.29409e+138  2.43629e+137  1.95123e+138  1.914e+138  1.95123e+138  2.43629e+137  -2.29409e+138  -1.1443e+138  5.8303e+137  3.54206e+137  -6.80271e+136  -4.79434e+136  3.88424e+135  3.23477e+135  -2.39015e+134  -3.20144e+134  1.73951e+135  9.73176e+135  1.23958e+136  
-2.85235e+136  -2.05878e+136  3.21929e+135  2.84638e+135  8.79356e+134  1.18064e+135  -2.50275e+136  -3.88512e+136  3.10044e+137  5.37992e+137  -1.84746e+138  -3.69218e+138  3.54274e+138  9.67297e+138  5.52698e+138  3.33e+138  5.52698e+138  9.67297e+138  3.54274e+138  -3.69218e+138  -1.84746e+138  5.37992e+137  3.10044e+137  -3.88512e+136  -2.50275e+136  1.18064e+135  8.79356e+134  2.84638e+135  3.21929e+135  -2.05878e+136  -2.85235e+136  
-2.90885e+137  -2.2917e+137  -4.40226e+136  -1.51007e+135  2.44802e+135  -7.2848e+135  -1.28472e+136  1.55783e+137  2.90725e+137  -1.61763e+138  -3.33183e+138  7.19951e+138  1.76242e+139  -1.87176e+138  -2.04864e+139  -2.15008e+139  -2.04864e+139  -1.87176e+138  1.76242e+139  7.19951e+138  -3.33183e+138  -1.61763e+138  2.90725e+137  1.55783e+137  -1.28472e+136  -7.2848e+135  2.44802e+135  -1.51007e+135  -4.40226e+136  -2.2917e+137  -2.90885e+137  
5.44117e+137  4.24089e+137  6.40063e+136  -2.46621e+136  -2.72382e+135  -1.41981e+135  4.40902e+136  9.11569e+136  -8.05148e+137  -1.75458e+138  6.86574e+138  1.66708e+139  -1.83779e+139  -5.98566e+139  -3.81718e+139  -2.11919e+139  -3.81718e+139  -5.98566e+139  -1.83779e+139  1.66708e+139  6.86574e+138  -1.75458e+138  -8.05148e+137  9.11569e+136  4.40902e+136  -1.41981e+135  -2.72382e+135  -2.46621e+136  6.40063e+136  4.24089e+137  5.44117e+137  
2.69031e+138  2.11044e+138  3.70823e+137  3.35612e+136  -6.5147e+135  6.03934e+135  1.59298e+136  -2.24811e+137  -5.35143e+137  3.54467e+138  8.91599e+138  -2.30621e+139  -6.70089e+139  9.63863e+138  1.09264e+140  1.22355e+140  1.09264e+140  9.63863e+138  -6.70089e+139  -2.30621e+139  8.91599e+138  3.54467e+138  -5.35143e+137  -2.24811e+137  1.59298e+136  6.03934e+135  -6.5147e+135  3.35612e+136  3.70823e+137  2.11044e+138  2.69031e+138  
-4.53432e+138  -3.70427e+138  -1.2141e+138  2.17767e+136  5.18184e+135  5.5038e+134  -3.28027e+136  -8.95501e+136  1.00423e+138  2.71585e+138  -1.33582e+139  -3.87781e+139  5.38426e+139  2.01249e+140  1.41995e+140  7.2786e+139  1.41995e+140  2.01249e+140  5.38426e+139  -3.87781e+139  -1.33582e+139  2.71585e+138  1.00423e+138  -8.95501e+136  -3.28027e+136  5.5038e+134  5.18184e+135  2.17767e+136  -1.2141e+138  -3.70427e+138  -4.53432e+138  
-1.27803e+139  -9.90053e+138  -1.26136e+138  5.69141e+136  -1.6037e+134  -1.79165e+135  -7.32636e+135  1.46679e+137  4.48767e+137  -4.00842e+138  -1.22647e+139  4.18185e+139  1.4196e+140  -3.45423e+139  -3.38183e+140  -4.0261e+140  -3.38183e+140  -3.45423e+139  1.4196e+140  4.18185e+139  -1.22647e+139  -4.00842e+138  4.48767e+137  1.46679e+137  -7.32636e+135  -1.79165e+135  -1.6037e+134  5.69141e+136  -1.26136e+138  -9.90053e+138  -1.27803e+139  
2.02331e+139  1.70721e+139  7.58932e+138  4.32434e+137  -1.10366e+136  -3.17086e+133  9.34956e+135  3.55665e+136  -6.02992e+137  -2.05396e+138  1.43214e+139  4.96674e+139  -9.63021e+139  -4.02309e+140  -3.11998e+140  -1.47209e+140  -3.11998e+140  -4.02309e+140  -9.63021e+139  4.96674e+139  1.43214e+139  -2.05396e+138  -6.02992e+137  3.55665e+136  9.34956e+135  -3.17086e+133  -1.10366e+136  4.32434e+137  7.58932e+138  1.70721e+139  2.02331e+139  
3.53549e+139  2.67867e+139  1.08208e+138  -1.85487e+138  -8.57679e+136  2.10704e+135  1.01851e+135  -3.88931e+136  -1.61991e+137  2.3122e+138  8.76839e+138  -4.44922e+139  -1.76243e+140  8.09397e+139  6.51505e+140  8.21373e+140  6.51505e+140  8.09397e+139  -1.76243e+140  -4.44922e+139  8.76839e+138  2.3122e+138  -1.61991e+137  -3.88931e+136  1.01851e+135  2.10704e+135  -8.57679e+136  -1.85487e+138  1.08208e+138  2.67867e+139  3.53549e+139  
-5.36135e+139  -4.63438e+139  -2.45344e+139  -1.81514e+138  4.07357e+137  1.89238e+136  -1.13759e+135  -4.5319e+135  1.55025e+137  7.06595e+137  -8.28852e+138  -3.50828e+139  1.07758e+140  4.98803e+140  4.23439e+140  1.81808e+140  4.23439e+140  4.98803e+140  1.07758e+140  -3.50828e+139  -8.28852e+138  7.06595e+137  1.55025e+137  -4.5319e+135  -1.13759e+135  1.89238e+136  4.07357e+137  -1.81514e+138  -2.45344e+139  -4.63438e+139  -5.36135e+139  
-6.08459e+139  -4.45393e+139  4.38025e+138  8.62728e+138  6.43098e+137  -9.33369e+136  -4.51173e+135  2.90589e+135  1.96271e+136  -6.01131e+137  -3.01063e+138  2.71477e+139  1.28371e+140  -1.19812e+140  -8.09215e+140  -1.07636e+141  -8.09215e+140  -1.19812e+140  1.28371e+140  2.71477e+139  -3.01063e+138  -6.01131e+137  1.96271e+136  2.90589e+135  -4.51173e+135  -9.33369e+136  6.43098e+137  8.62728e+138  4.38025e+138  -4.45393e+139  -6.08459e+139  
8.91121e+139  7.85459e+139  4.68475e+139  2.98933e+138  -2.41441e+138  -1.8801e+137  2.22808e+136  1.18176e+135  -1.13128e+136  -8.51018e+136  2.28829e+138  1.26544e+139  -7.40432e+139  -3.86901e+140  -3.59392e+140  -1.36528e+140  -3.59392e+140  -3.86901e+140  -7.40432e+139  1.26544e+139  2.28829e+138  -8.51018e+136  -1.13128e+136  1.18176e+135  2.22808e+136  -1.8801e+137  -2.41441e+138  2.98933e+138  4.68475e+139  7.85459e+139  8.91121e+139  
6.73326e+139  4.68441e+139  -1.46215e+139  -1.93901e+139  -1.65628e+138  6.32866e+137  5.18918e+136  -5.42261e+135  -5.73823e+134  4.62853e+136  3.7956e+137  -8.49381e+138  -5.16528e+139  1.10537e+140  6.5524e+140  9.16577e+140  6.5524e+140  1.10537e+140  -5.16528e+139  -8.49381e+138  3.7956e+137  4.62853e+136  -5.73823e+134  -5.42261e+135  5.18918e+136  6.32866e+137  -1.65628e+138  -1.93901e+139  -1.46215e+139  4.68441e+139  6.73326e+139  
-9.52438e+139  -8.53987e+139  -5.58634e+139  -2.04719e+138  6.0896e+138  5.90724e+137  -1.60944e+137  -1.38683e+136  1.30271e+135  1.31337e+135  -1.97902e+137  -1.79688e+138  2.88531e+139  1.83042e+140  1.873e+140  5.85981e+139  1.873e+140  1.83042e+140  2.88531e+139  -1.79688e+138  -1.97902e+137  1.31337e+135  1.30271e+135  -1.38683e+136  -1.60944e+137  5.90724e+137  6.0896e+138  -2.04719e+138  -5.58634e+139  -8.53987e+139  -9.52438e+139  
-4.83995e+139  -3.12718e+139  2.01113e+139  2.49181e+139  2.15653e+138  -1.69254e+138  -1.80083e+137  3.9722e+136  3.5824e+135  -2.81903e+134  -5.30374e+135  9.19417e+137  9.2551e+138  -6.23655e+139  -3.42418e+140  -5.02547e+140  -3.42418e+140  -6.23655e+139  9.2551e+138  9.19417e+137  -5.30374e+135  -2.81903e+134  3.5824e+135  3.9722e+136  -1.80083e+137  -1.69254e+138  2.15653e+138  2.49181e+139  2.01113e+139  -3.12718e+139  -4.83995e+139  
6.55757e+139  5.97707e+139  4.23555e+139  -5.99787e+136  -8.14033e+138  -8.96572e+137  4.34829e+137  4.99797e+136  -9.37966e+135  -9.13275e+134  -1.74209e+135  3.29853e+136  -4.82621e+138  -4.87452e+139  -5.63311e+139  -1.12788e+139  -5.63311e+139  -4.87452e+139  -4.82621e+138  3.29853e+136  -1.74209e+135  -9.13275e+134  -9.37966e+135  4.99797e+136  4.34829e+137  -8.96572e+137  -8.14033e+138  -5.99787e+136  4.23555e+139  5.97707e+139  6.55757e+139  
2.23781e+139  1.29815e+139  -1.52084e+139  -1.92094e+139  -1.60596e+138  2.25809e+138  2.87254e+137  -1.03899e+137  -1.27843e+136  2.53841e+135  -1.00939e+135  -5.51071e+135  -1.41937e+136  2.0631e+139  1.11654e+140  1.71727e+140  1.11654e+140  2.0631e+139  -1.41937e+136  -5.51071e+135  -1.00939e+135  2.53841e+135  -1.27843e+136  -1.03899e+137  2.87254e+137  2.25809e+138  -1.60596e+138  -1.92094e+139  -1.52084e+139  1.29815e+139  2.23781e+139  
-2.84802e+139  -2.64122e+139  -2.02081e+139  8.98115e+137  6.15286e+138  7.5294e+137  -5.55619e+137  -7.88919e+136  2.26951e+136  2.99135e+135  6.50434e+135  -1.91097e+136  -3.13556e+137  5.71357e+138  8.28302e+138  -6.134e+137  8.28302e+138  5.71357e+138  -3.13556e+137  -1.91097e+136  6.50434e+135  2.99135e+135  2.26951e+136  -7.88919e+136  -5.55619e+137  7.5294e+137  6.15286e+138  8.98115e+137  -2.02081e+139  -2.64122e+139  -2.84802e+139  
-6.4446e+138  -3.18822e+138  6.58089e+138  8.83916e+138  7.25428e+137  -1.6091e+138  -2.40415e+137  1.21935e+137  1.90553e+136  -5.83539e+135  -8.81063e+134  5.48567e+136  -9.30558e+136  -3.67494e+138  -2.1235e+139  -3.42468e+139  -2.1235e+139  -3.67494e+138  -9.30558e+136  5.48567e+136  -8.81063e+134  -5.83539e+135  1.90553e+136  1.21935e+137  -2.40415e+137  -1.6091e+138  7.25428e+137  8.83916e+138  6.58089e+138  -3.18822e+138  -6.4446e+138  
7.42365e+138  7.02302e+138  5.82116e+138  -4.9465e+137  -2.61523e+138  -3.63157e+137  3.57699e+137  6.16946e+136  -2.33242e+136  -3.61174e+135  -5.55136e+135  -4.08711e+135  2.003e+137  8.12719e+136  -2.52707e+137  6.03508e+137  -2.52707e+137  8.12719e+136  2.003e+137  -4.08711e+135  -5.55136e+135  -3.61174e+135  -2.33242e+136  6.16946e+136  3.57699e+137  -3.63157e+137  -2.61523e+138  -4.9465e+137  5.82116e+138  7.02302e+138  7.42365e+138  
1.08375e+138  4.21396e+137  -1.56568e+138  -2.30722e+138  -2.03514e+137  6.0407e+137  1.0774e+137  -6.76321e+136  -1.32117e+136  4.39048e+135  2.05452e+135  -1.50567e+136  -2.26634e+136  2.96571e+137  2.07348e+138  3.5184e+138  2.07348e+138  2.96571e+137  -2.26634e+136  -1.50567e+136  2.05452e+135  4.39048e+135  -1.32117e+136  -6.76321e+136  1.0774e+137  6.0407e+137  -2.03514e+137  -2.30722e+138  -1.56568e+138  4.21396e+137  1.08375e+138  
-1.05516e+138  -1.02323e+138  -9.27451e+137  1.04728e+137  5.84829e+137  9.7016e+136  -1.12698e+137  -2.3972e+136  1.06054e+136  2.14726e+135  4.04262e+134  2.71025e+135  -1.73427e+136  -5.89025e+136  -4.78092e+136  -7.61196e+136  -4.78092e+136  -5.89025e+136  -1.73427e+136  2.71025e+135  4.04262e+134  2.14726e+135  1.06054e+136  -2.3972e+136  -1.12698e+137  9.7016e+136  5.84829e+137  1.04728e+137  -9.27451e+137  -1.02323e+138  -1.05516e+138  
-9.39997e+136  -2.50236e+136  1.81905e+137  3.03937e+137  3.35172e+136  -1.0907e+137  -2.41823e+136  1.68682e+136  4.18174e+135  -1.37356e+135  -5.31428e+134  8.22394e+134  3.33108e+135  -7.15399e+135  -7.95238e+136  -1.43236e+137  -7.95238e+136  -7.15399e+135  3.33108e+135  8.22394e+134  -5.31428e+134  -1.37356e+135  4.18174e+135  1.68682e+136  -2.41823e+136  -1.0907e+137  3.35172e+136  3.03937e+137  1.81905e+137  -2.50236e+136  -9.39997e+136  
6.76041e+136  6.77842e+136  6.83246e+136  -7.79835e+135  -5.86886e+136  -1.25376e+136  1.53409e+136  4.21275e+135  -1.97359e+135  -5.59955e+134  1.13016e+134  -1.07318e+134  2.55235e+134  2.07226e+135  2.31553e+135  2.33594e+135  2.31553e+135  2.07226e+135  2.55235e+134  -1.07318e+134  1.13016e+134  -5.59955e+134  -1.97359e+135  4.21275e+135  1.53409e+136  -1.25376e+136  -5.86886e+136  -7.79835e+135  6.83246e+136  6.77842e+136  6.76041e+136  
3.21614e+135  4.51998e+134  -7.84044e+135  -1.56115e+136  -2.54462e+135  7.60259e+135  2.26093e+135  -1.60942e+135  -5.44289e+134  1.76025e+134  6.20734e+133  -1.16102e+133  -4.14282e+133  4.59856e+132  5.2846e+134  1.03887e+135  5.2846e+134  4.59856e+132  -4.14282e+133  -1.16102e+133  6.20734e+133  1.76025e+134  -5.44289e+134  -1.60942e+135  2.26093e+135  7.60259e+135  -2.54462e+135  -1.56115e+136  -7.84044e+135  4.51998e+134  3.21614e+135  
-1.21999e+135  -1.29001e+135  -1.50006e+135  9.50887e+133  1.80145e+135  5.65028e+134  -6.74293e+134  -2.73187e+134  1.27862e+134  5.74344e+133  -1.25882e+133  -5.97653e+132  5.7123e+131  1.61904e+131  -8.46363e+131  -1.03846e+132  -8.46363e+131  1.61904e+131  5.7123e+131  -5.97653e+132  -1.25882e+133  5.74344e+133  1.27862e+134  -2.73187e+134  -6.74293e+134  5.65028e+134  1.80145e+135  9.50887e+133  -1.50006e+135  -1.29001e+135  -1.21999e+135  
0  0  0  0  0  0  0  0  0  0  0  0  0  0  0  0  0  0  0  0  0  0  0  0  0  0  0  0  0  0  0  
