1  1  1  1  1  1  1  1  1  1  1  1  1  1  1  1  1  1  1  1  1  1  1  1  1  1  1  1  1  1  1  
6.03046e+279  2.86917e+279  -6.61472e+279  -1.86267e+281  4.53234e+280  3.22446e+282  1.238e+282  -2.56407e+283  -1.90548e+283  1.06713e+284  1.09303e+284  -2.08836e+284  -2.7645e+284  5.10018e+283  1.44117e+284  1.26779e+284  1.44117e+284  5.10018e+283  -2.7645e+284  -2.08836e+284  1.09303e+284  1.06713e+284  -1.90548e+283  -2.56407e+283  1.238e+282  3.22446e+282  4.53234e+280  -1.86267e+281  -6.61472e+279  2.86917e+279  6.03046e+279  
1.45033e+281  9.26203e+280  -6.46178e+280  4.43431e+279  2.37006e+282  1.20593e+282  -3.63413e+283  -3.17583e+283  2.70887e+284  3.0852e+284  -1.00346e+285  -1.40179e+285  1.29392e+285  2.39094e+285  1.04282e+285  7.85591e+284  1.04282e+285  2.39094e+285  1.29392e+285  -1.40179e+285  -1.00346e+285  3.0852e+284  2.70887e+284  -3.17583e+283  -3.63413e+283  1.20593e+282  2.37006e+282  4.43431e+279  -6.46178e+280  9.26203e+280  1.45033e+281  
1.10582e+282  9.42285e+281  4.51676e+281  9.99195e+281  5.50898e+281  -2.77387e+283  -2.75535e+283  3.51234e+284  4.37568e+284  -2.22715e+285  -3.286e+285  6.29669e+285  1.12238e+286  -1.73494e+285  -8.11928e+285  -7.64129e+285  -8.11928e+285  -1.73494e+285  1.12238e+286  6.29669e+285  -3.286e+285  -2.22715e+285  4.37568e+284  3.51234e+284  -2.75535e+283  -2.77387e+283  5.50898e+281  9.99195e+281  4.51676e+281  9.42285e+281  1.10582e+282  
-1.90123e+283  -1.43955e+283  -5.4514e+281  1.0116e+282  -1.13358e+283  -1.32172e+283  2.50755e+284  3.43928e+284  -2.64441e+285  -4.15233e+285  1.35884e+286  2.46234e+286  -2.33956e+286  -5.5553e+286  -2.75945e+286  -1.90662e+286  -2.75945e+286  -5.5553e+286  -2.33956e+286  2.46234e+286  1.35884e+286  -4.15233e+285  -2.64441e+285  3.43928e+284  2.50755e+284  -1.32172e+283  -1.13358e+283  1.0116e+282  -5.4514e+281  -1.43955e+283  -1.90123e+283  
-4.05826e+283  -3.41249e+283  -1.47517e+283  -5.48532e+282  -2.59676e+282  1.00338e+284  1.54393e+284  -1.78079e+285  -3.01657e+285  1.56349e+286  2.94801e+286  -6.00965e+286  -1.33103e+287  1.96342e+286  1.30798e+287  1.31315e+287  1.30798e+287  1.96342e+286  -1.33103e+287  -6.00965e+286  2.94801e+286  1.56349e+286  -3.01657e+285  -1.78079e+285  1.54393e+284  1.00338e+284  -2.59676e+282  -5.48532e+282  -1.47517e+283  -3.41249e+283  -4.05826e+283  
4.8951e+284  3.80511e+284  5.35138e+283  -9.21818e+282  1.87335e+283  3.94319e+283  -6.83619e+284  -1.27833e+285  1.02299e+286  2.04702e+286  -7.31761e+286  -1.6311e+287  1.71292e+287  4.94774e+287  2.75155e+287  1.75725e+287  2.75155e+287  4.94774e+287  1.71292e+287  -1.6311e+287  -7.31761e+286  2.04702e+286  1.02299e+286  -1.27833e+285  -6.83619e+284  3.94319e+283  1.87335e+283  -9.21818e+282  5.35138e+283  3.80511e+284  4.8951e+284  
4.01976e+284  3.21082e+284  7.84004e+283  4.31265e+283  2.10765e+282  -1.44491e+284  -3.0746e+284  3.82969e+285  8.33663e+285  -4.87821e+286  -1.13206e+287  2.64958e+287  7.04464e+287  -1.21168e+287  -9.57156e+287  -1.02327e+288  -9.57156e+287  -1.21168e+287  7.04464e+287  2.64958e+287  -1.13206e+287  -4.87821e+286  8.33663e+285  3.82969e+285  -3.0746e+284  -1.44491e+284  2.10765e+282  4.31265e+283  7.84004e+283  3.21082e+284  4.01976e+284  
-4.96454e+285  -3.9227e+285  -7.97196e+284  3.57455e+282  -3.02598e+282  -3.95041e+283  7.84553e+284  1.93189e+285  -1.83095e+286  -4.55583e+286  1.94635e+287  5.21798e+287  -6.57925e+287  -2.22249e+288  -1.36822e+288  -8.12386e+287  -1.36822e+288  -2.22249e+288  -6.57925e+287  5.21798e+287  1.94635e+287  -4.55583e+286  -1.83095e+286  1.93189e+285  7.84553e+284  -3.95041e+283  -3.02598e+282  3.57455e+282  -7.97196e+284  -3.9227e+285  -4.96454e+285  
-1.43746e+285  -9.2861e+284  5.97943e+284  -7.57745e+283  -3.30705e+282  7.9958e+283  2.34453e+284  -3.73214e+285  -1.03542e+286  7.64791e+286  2.15914e+287  -6.32637e+287  -1.98027e+288  4.85333e+287  3.84521e+288  4.36478e+288  3.84521e+288  4.85333e+287  -1.98027e+288  -6.32637e+287  2.15914e+287  7.64791e+286  -1.03542e+286  -3.73214e+285  2.34453e+284  7.9958e+283  -3.30705e+282  -7.57745e+283  5.97943e+284  -9.2861e+284  -1.43746e+285  
2.58543e+286  2.06492e+286  5.03381e+285  4.35949e+283  1.10635e+282  1.24352e+283  -3.69392e+284  -1.22335e+285  1.59255e+286  4.94135e+286  -2.80157e+287  -8.97294e+287  1.49014e+288  5.71889e+288  3.8615e+288  2.13707e+288  3.8615e+288  5.71889e+288  1.49014e+288  -8.97294e+287  -2.80157e+287  4.94135e+286  1.59255e+286  -1.22335e+285  -3.69392e+284  1.24352e+283  1.10635e+282  4.35949e+283  5.03381e+285  2.06492e+286  2.58543e+286  
5.16534e+284  -1.41209e+285  -7.19796e+285  -1.08378e+285  2.99892e+281  -1.39994e+283  -6.2611e+283  1.58882e+285  5.7916e+285  -6.20977e+286  -2.14998e+287  8.75109e+287  3.20278e+288  -1.29162e+288  -9.33587e+288  -1.1212e+289  -9.33587e+288  -1.29162e+288  3.20278e+288  8.75109e+287  -2.14998e+287  -6.20977e+286  5.7916e+285  1.58882e+285  -6.2611e+283  -1.39994e+283  2.99892e+281  -1.08378e+285  -7.19796e+285  -1.41209e+285  5.16534e+284  
-7.85365e+286  -6.31226e+286  -1.68806e+286  1.07134e+285  2.04704e+284  -7.54238e+281  5.839e+283  2.89611e+284  -6.40561e+285  -2.56671e+286  2.21692e+287  8.57384e+287  -2.0908e+288  -8.97981e+288  -6.59894e+288  -3.3963e+288  -6.59894e+288  -8.97981e+288  -2.0908e+288  8.57384e+287  2.21692e+287  -2.56671e+286  -6.40561e+285  2.89611e+284  5.839e+283  -7.54238e+281  2.04704e+284  1.07134e+285  -1.68806e+286  -6.31226e+286  -7.85365e+286  
1.0219e+286  1.50261e+286  2.94475e+286  6.88472e+285  -1.73719e+284  -4.34668e+283  3.86016e+282  -2.39092e+284  -1.27829e+285  2.46056e+286  1.08545e+287  -7.06531e+287  -3.05692e+288  2.24136e+288  1.44097e+289  1.8242e+289  1.44097e+289  2.24136e+288  -3.05692e+288  -7.06531e+287  1.08545e+287  2.46056e+286  -1.27829e+285  -2.39092e+284  3.86016e+282  -4.34668e+283  -1.73719e+284  6.88472e+285  2.94475e+286  1.50261e+286  1.0219e+286  
1.4888e+287  1.19985e+287  3.33022e+286  -7.3161e+285  -1.95755e+285  3.13393e+283  8.88487e+282  -1.65455e+283  9.55378e+284  5.5275e+285  -9.0507e+286  -4.40598e+287  1.82478e+288  8.81942e+288  7.01054e+288  3.32036e+288  7.01054e+288  8.81942e+288  1.82478e+288  -4.40598e+287  -9.0507e+286  5.5275e+285  9.55378e+284  -1.65455e+283  8.88487e+282  3.13393e+283  -1.95755e+285  -7.3161e+285  3.33022e+286  1.19985e+287  1.4888e+287  
-3.19261e+286  -4.00996e+286  -6.462e+286  -1.83565e+286  1.60244e+285  5.18402e+284  -6.03143e+282  2.81305e+282  7.01809e+283  -3.79734e+285  -2.39352e+286  3.13821e+287  1.6787e+288  -2.4909e+288  -1.4459e+289  -1.92301e+289  -1.4459e+289  -2.4909e+288  1.6787e+288  3.13821e+287  -2.39352e+286  -3.79734e+285  7.01809e+283  2.81305e+282  -6.03143e+282  5.18402e+284  1.60244e+285  -1.83565e+286  -6.462e+286  -4.00996e+286  -3.19261e+286  
-1.82215e+287  -1.46827e+287  -4.06644e+286  1.96163e+286  6.39124e+285  -3.43282e+284  -1.34698e+284  1.1703e+282  -2.0914e+283  -3.04129e+284  1.52602e+286  1.05608e+287  -9.48765e+287  -5.37841e+288  -4.60633e+288  -1.95118e+288  -4.60633e+288  -5.37841e+288  -9.48765e+287  1.05608e+287  1.52602e+286  -3.04129e+284  -2.0914e+283  1.1703e+282  -1.34698e+284  -3.43282e+284  6.39124e+285  1.96163e+286  -4.06644e+286  -1.46827e+287  -1.82215e+287  
4.68636e+286  5.63955e+286  8.4991e+286  2.73944e+286  -4.9309e+285  -1.90264e+285  7.24385e+283  3.44455e+283  -1.68136e+281  9.07127e+283  1.38945e+285  -6.26508e+286  -4.73693e+287  1.73805e+288  9.43664e+288  1.31491e+289  9.43664e+288  1.73805e+288  -4.73693e+287  -6.26508e+286  1.38945e+285  9.07127e+283  -1.68136e+281  3.44455e+283  7.24385e+283  -1.90264e+285  -4.9309e+285  2.73944e+286  8.4991e+286  5.63955e+286  4.68636e+286  
1.45494e+287  1.16971e+287  3.1402e+286  -2.80395e+286  -1.05888e+286  1.13435e+285  5.22321e+284  -1.47535e+283  -8.59871e+282  -5.46124e+280  -3.97669e+284  -7.09992e+285  2.552e+287  1.94189e+288  1.79141e+288  6.24359e+287  1.79141e+288  1.94189e+288  2.552e+287  -7.09992e+285  -3.97669e+284  -5.46124e+280  -8.59871e+282  -1.47535e+283  5.22321e+284  1.13435e+285  -1.05888e+286  -2.80395e+286  3.1402e+286  1.16971e+287  1.45494e+287  
-3.93657e+286  -4.68707e+286  -6.93859e+286  -2.47659e+286  7.37665e+285  3.30335e+285  -2.43118e+284  -1.34578e+284  2.7869e+282  -1.46108e+282  1.21344e+283  2.15385e+285  4.24345e+286  -7.35623e+287  -3.92169e+288  -5.71506e+288  -3.92169e+288  -7.35623e+287  4.24345e+286  2.15385e+285  1.21344e+283  -1.46108e+282  2.7869e+282  -1.34578e+284  -2.43118e+284  3.30335e+285  7.37665e+285  -2.47659e+286  -6.93859e+286  -4.68707e+286  -3.93657e+286  
-7.49973e+286  -6.00874e+286  -1.53576e+286  2.31556e+286  9.96408e+285  -1.69452e+285  -9.06531e+284  4.78041e+283  3.33504e+283  -1.69059e+282  -5.34197e+283  2.77589e+284  -1.59836e+286  -3.63366e+287  -3.64454e+287  -6.9418e+286  -3.64454e+287  -3.63366e+287  -1.59836e+286  2.77589e+284  -5.34197e+283  -1.69059e+282  3.33504e+283  4.78041e+283  -9.06531e+284  -1.69452e+285  9.96408e+285  2.31556e+286  -1.53576e+286  -6.00874e+286  -7.49973e+286  
1.95957e+286  2.34495e+286  3.5011e+286  1.37942e+286  -5.9545e+285  -3.07346e+285  3.45439e+284  2.23562e+284  -8.54611e+282  1.1241e+283  -2.41179e+283  -8.14811e+284  4.77203e+285  1.76951e+287  9.88472e+287  1.50598e+288  9.88472e+287  1.76951e+287  4.77203e+285  -8.14811e+284  -2.41179e+283  1.1241e+283  -8.54611e+282  2.23562e+284  3.45439e+284  -3.07346e+285  -5.9545e+285  1.37942e+286  3.5011e+286  2.34495e+286  1.95957e+286  
2.4109e+286  1.92533e+286  4.68625e+285  -1.11195e+286  -5.45179e+285  1.27912e+285  7.97973e+284  -6.10417e+283  -5.28911e+283  -2.66018e+282  1.59789e+284  -1.23792e+284  -7.00273e+285  1.9881e+286  2.36324e+286  -1.39063e+286  2.36324e+286  1.9881e+286  -7.00273e+285  -1.23792e+284  1.59789e+284  -2.66018e+282  -5.28911e+283  -6.10417e+283  7.97973e+284  1.27912e+285  -5.45179e+285  -1.11195e+286  4.68625e+285  1.92533e+286  2.4109e+286  
-5.62809e+285  -6.84471e+285  -1.04946e+286  -4.61664e+285  2.61521e+285  1.56598e+285  -2.31391e+284  -1.77927e+284  1.02834e+283  -9.61298e+282  -2.64515e+283  6.45137e+284  1.08661e+284  -2.13419e+286  -1.37774e+287  -2.19832e+287  -1.37774e+287  -2.13419e+286  1.08661e+284  6.45137e+284  -2.64515e+283  -9.61298e+282  1.02834e+283  -1.77927e+284  -2.31391e+284  1.56598e+285  2.61521e+285  -4.61664e+285  -1.04946e+286  -6.84471e+285  -5.62809e+285  
-4.50964e+285  -3.59779e+285  -8.62241e+284  2.96313e+285  1.67557e+285  -4.87947e+284  -3.60846e+284  3.3765e+283  3.56008e+283  4.88715e+282  -5.48573e+283  -9.98757e+283  1.27349e+285  2.66931e+285  2.59818e+285  4.25845e+285  2.59818e+285  2.66931e+285  1.27349e+285  -9.98757e+283  -5.48573e+283  4.88715e+282  3.56008e+283  3.3765e+283  -3.60846e+284  -4.87947e+284  1.67557e+285  2.96313e+285  -8.62241e+284  -3.59779e+285  -4.50964e+285  
8.56812e+284  1.07037e+285  1.71104e+285  8.6087e+284  -5.87122e+284  -4.15776e+284  7.16678e+283  6.79459e+283  -4.25009e+282  -2.31798e+282  1.29132e+283  -7.5324e+283  -2.17592e+284  9.85483e+284  8.8648e+285  1.48949e+286  8.8648e+285  9.85483e+284  -2.17592e+284  -7.5324e+283  1.29132e+283  -2.31798e+282  -4.25009e+282  6.79459e+283  7.16678e+283  -4.15776e+284  -5.87122e+284  8.6087e+284  1.71104e+285  1.07037e+285  8.56812e+284  
4.29926e+284  3.44561e+284  8.84662e+283  -3.89945e+284  -2.60782e+284  8.59307e+283  7.80505e+283  -7.69622e+282  -1.04574e+283  -6.81188e+281  3.72644e+282  1.58595e+283  -4.93233e+283  -2.68592e+284  -3.09554e+284  -2.91744e+284  -3.09554e+284  -2.68592e+284  -4.93233e+283  1.58595e+283  3.72644e+282  -6.81188e+281  -1.04574e+283  -7.69622e+282  7.80505e+283  8.59307e+283  -2.60782e+284  -3.89945e+284  8.84662e+283  3.44561e+284  4.29926e+284  
-5.74416e+283  -7.47251e+283  -1.26575e+284  -7.57101e+283  5.7315e+283  4.9968e+283  -8.93762e+282  -1.12762e+283  5.11692e+281  1.20579e+282  -6.36018e+281  1.22503e+282  1.01673e+283  -7.35818e+282  -1.71074e+284  -3.07023e+284  -1.71074e+284  -7.35818e+282  1.01673e+283  1.22503e+282  -6.36018e+281  1.20579e+282  5.11692e+281  -1.12762e+283  -8.93762e+282  4.9968e+283  5.7315e+283  -7.57101e+283  -1.26575e+284  -7.47251e+283  -5.74416e+283  
-1.57323e+283  -1.28141e+283  -4.05936e+282  1.95012e+283  1.62211e+283  -5.52217e+282  -6.69766e+282  5.63918e+281  1.25059e+282  1.1725e+280  -1.22592e+281  -1.85696e+281  1.26729e+281  2.68133e+282  3.65921e+282  3.05403e+282  3.65921e+282  2.68133e+282  1.26729e+281  -1.85696e+281  -1.22592e+281  1.1725e+280  1.25059e+282  5.63918e+281  -6.69766e+282  -5.52217e+282  1.62211e+283  1.95012e+283  -4.05936e+282  -1.28141e+283  -1.57323e+283  
1.05632e+282  1.47294e+282  2.7228e+282  2.08876e+282  -1.63056e+282  -1.95223e+282  3.0962e+281  6.57048e+281  -3.10659e+279  -1.13589e+281  -8.44981e+279  1.01629e+280  5.79798e+279  -1.46369e+279  3.53378e+280  9.25213e+280  3.53378e+280  -1.46369e+279  5.79798e+279  1.01629e+280  -8.44981e+279  -1.13589e+281  -3.10659e+279  6.57048e+281  3.0962e+281  -1.95223e+282  -1.63056e+282  2.08876e+282  2.7228e+282  1.47294e+282  1.05632e+282  
0  0  0  0  0  0  0  0  0  0  0  0  0  0  0  0  0  0  0  0  0  0  0  0  0  0  0  0  0  0  0  
