1  1  1  1  1  1  1  1  1  1  1  1  1  1  1  1  1  1  1  1  1  1  1  1  1  1  1  1  1  1  1  
4.01557e+106  4.02257e+105  -1.04377e+107  2.87213e+107  3.20655e+108  -2.95165e+108  -3.79491e+109  5.58383e+108  2.2774e+110  7.41498e+109  -7.17808e+110  -5.00099e+110  9.07355e+110  9.89051e+110  3.03176e+110  1.98944e+110  3.03176e+110  9.89051e+110  9.07355e+110  -5.00099e+110  -7.17808e+110  7.41498e+109  2.2774e+110  5.58383e+108  -3.79491e+109  -2.95165e+108  3.20655e+108  2.87213e+107  -1.04377e+107  4.02257e+105  4.01557e+106  
-1.01096e+109  -7.61076e+108  -1.14134e+107  2.17968e+108  -2.06806e+108  -3.93047e+109  1.09685e+109  4.29458e+110  1.19813e+110  -2.40095e+111  -1.62174e+111  6.33648e+111  6.58763e+111  -3.37328e+111  -6.00094e+111  -5.20147e+111  -6.00094e+111  -3.37328e+111  6.58763e+111  6.33648e+111  -1.62174e+111  -2.40095e+111  1.19813e+110  4.29458e+110  1.09685e+109  -3.93047e+109  -2.06806e+108  2.17968e+108  -1.14134e+107  -7.61076e+108  -1.01096e+109  
-2.70035e+109  -2.75705e+109  -2.92714e+109  -5.35652e+108  -2.01472e+109  1.13552e+109  4.25805e+110  8.18711e+109  -3.97008e+111  -2.50579e+111  1.85883e+112  1.85021e+112  -3.31246e+112  -4.74007e+112  -1.63851e+112  -8.59482e+111  -1.63851e+112  -4.74007e+112  -3.31246e+112  1.85021e+112  1.85883e+112  -2.50579e+111  -3.97008e+111  8.18711e+109  4.25805e+110  1.13552e+109  -2.01472e+109  -5.35652e+108  -2.92714e+109  -2.75705e+109  -2.70035e+109  
1.43182e+111  1.10384e+111  1.1991e+110  -5.43069e+109  -7.05706e+108  2.35281e+110  1.57017e+109  -3.60194e+111  -2.04631e+111  2.8192e+112  2.67421e+112  -1.0208e+113  -1.35723e+113  7.11171e+112  1.63608e+113  1.49024e+113  1.63608e+113  7.11171e+112  -1.35723e+113  -1.0208e+113  2.67421e+112  2.8192e+112  -2.04631e+111  -3.60194e+111  1.57017e+109  2.35281e+110  -7.05706e+108  -5.43069e+109  1.1991e+110  1.10384e+111  1.43182e+111  
2.58075e+110  3.90374e+110  7.87273e+110  2.74035e+110  2.86091e+109  -2.30575e+109  -1.85384e+111  -8.94249e+110  2.40704e+112  2.15363e+112  -1.54721e+113  -1.95675e+113  3.71856e+113  6.52406e+113  2.47905e+113  9.82644e+112  2.47905e+113  6.52406e+113  3.71856e+113  -1.95675e+113  -1.54721e+113  2.15363e+112  2.40704e+112  -8.94249e+110  -1.85384e+111  -2.30575e+109  2.86091e+109  2.74035e+110  7.87273e+110  3.90374e+110  2.58075e+110  
-3.54884e+112  -2.77448e+112  -4.51405e+111  2.95006e+110  2.26876e+110  -5.54596e+110  -2.01935e+110  1.18621e+112  9.8318e+111  -1.3023e+113  -1.57363e+113  6.50282e+113  1.05124e+114  -6.13098e+113  -1.70298e+114  -1.6363e+114  -1.70298e+114  -6.13098e+113  1.05124e+114  6.50282e+113  -1.57363e+113  -1.3023e+113  9.8318e+111  1.18621e+112  -2.01935e+110  -5.54596e+110  2.26876e+110  2.95006e+110  -4.51405e+111  -2.77448e+112  -3.54884e+112  
1.07947e+112  8.08489e+111  -4.46809e+109  -2.98504e+111  -3.41463e+109  8.2469e+109  3.29728e+111  2.4511e+111  -6.30017e+112  -7.24774e+112  5.78574e+113  8.89981e+113  -1.94273e+114  -4.03744e+114  -1.65933e+114  -4.35083e+113  -1.65933e+114  -4.03744e+114  -1.94273e+114  8.89981e+113  5.78574e+113  -7.24774e+112  -6.30017e+112  2.4511e+111  3.29728e+111  8.2469e+109  -3.41463e+109  -2.98504e+111  -4.46809e+109  8.08489e+111  1.07947e+112  
3.467e+113  2.73164e+113  5.2556e+112  1.57242e+111  -8.10223e+110  4.833e+110  3.19137e+110  -1.72038e+112  -1.8626e+112  2.86058e+113  4.22307e+113  -2.08236e+114  -3.99017e+114  2.83778e+114  8.98209e+114  9.12758e+114  8.98209e+114  2.83778e+114  -3.99017e+114  -2.08236e+114  4.22307e+113  2.86058e+113  -1.8626e+112  -1.72038e+112  3.19137e+110  4.833e+110  -8.10223e+110  1.57242e+111  5.2556e+112  2.73164e+113  3.467e+113  
-1.70644e+113  -1.49772e+113  -8.71558e+112  4.28496e+111  3.21039e+110  -8.96957e+109  -2.45979e+111  -2.43836e+111  7.85368e+112  1.11201e+113  -1.12142e+114  -2.05365e+114  5.60963e+114  1.34956e+115  5.8931e+114  6.31965e+113  5.8931e+114  1.34956e+115  5.60963e+114  -2.05365e+114  -1.12142e+114  1.11201e+113  7.85368e+112  -2.43836e+111  -2.45979e+111  -8.96957e+109  3.21039e+110  4.28496e+111  -8.71558e+112  -1.49772e+113  -1.70644e+113  
-1.74279e+114  -1.37628e+114  -2.76737e+113  1.06189e+111  6.63217e+109  -1.37221e+110  -1.37582e+110  1.11877e+112  1.50402e+112  -3.21417e+113  -5.68322e+113  3.72796e+114  8.3556e+114  -7.9653e+114  -2.74219e+115  -2.95081e+115  -2.74219e+115  -7.9653e+114  8.3556e+114  3.72796e+114  -5.68322e+113  -3.21417e+113  1.50402e+112  1.11877e+112  -1.37582e+110  -1.37221e+110  6.63217e+109  1.06189e+111  -2.76737e+113  -1.37628e+114  -1.74279e+114  
1.01029e+114  9.3042e+113  6.90818e+113  6.77882e+112  -5.68453e+110  2.5374e+109  6.975e+110  8.60585e+110  -4.67399e+112  -7.97816e+112  1.18611e+114  2.56459e+114  -9.70043e+114  -2.66525e+115  -1.2078e+115  1.14018e+114  -1.2078e+115  -2.66525e+115  -9.70043e+114  2.56459e+114  1.18611e+114  -7.97816e+112  -4.67399e+112  8.60585e+110  6.975e+110  2.5374e+109  -5.68453e+110  6.77882e+112  6.90818e+113  9.3042e+113  1.01029e+114  
5.11716e+114  4.02973e+114  7.67458e+113  -1.39813e+113  -1.30154e+112  1.05732e+110  1.13562e+109  -2.93234e+111  -4.76271e+111  1.82621e+113  3.84608e+113  -3.87082e+114  -1.01292e+115  1.4325e+115  5.19756e+115  5.92543e+115  5.19756e+115  1.4325e+115  -1.01292e+115  -3.87082e+114  3.84608e+113  1.82621e+113  -4.76271e+111  -2.93234e+111  1.13562e+109  1.05732e+110  -1.30154e+112  -1.39813e+113  7.67458e+113  4.02973e+114  5.11716e+114  
-3.16597e+114  -2.99796e+114  -2.49393e+114  -3.83084e+113  2.81074e+112  2.81267e+111  -7.26296e+109  -7.23902e+109  1.18097e+112  2.41572e+112  -6.70869e+113  -1.72186e+114  1.03372e+115  3.2396e+115  1.4685e+115  -5.86561e+114  1.4685e+115  3.2396e+115  1.03372e+115  -1.72186e+114  -6.70869e+113  2.41572e+112  1.18097e+112  -7.23902e+109  -7.26296e+109  2.81267e+111  2.81074e+112  -3.83084e+113  -2.49393e+114  -2.99796e+114  -3.16597e+114  
-9.38545e+114  -7.33452e+114  -1.18173e+114  7.48743e+113  1.15401e+113  -6.08301e+111  -6.59459e+110  2.12058e+110  3.95231e+110  -4.63539e+112  -1.17463e+113  2.28083e+114  7.07175e+114  -1.68142e+115  -6.33547e+115  -7.65393e+115  -6.33547e+115  -1.68142e+115  7.07175e+114  2.28083e+114  -1.17463e+113  -4.63539e+112  3.95231e+110  2.12058e+110  -6.59459e+110  -6.08301e+111  1.15401e+113  7.48743e+113  -1.18173e+114  -7.33452e+114  -9.38545e+114  
5.89262e+114  5.6985e+114  5.11614e+114  9.27024e+113  -1.90763e+113  -3.1464e+112  1.391e+111  1.60866e+110  -8.38626e+110  -2.0638e+111  1.79293e+113  5.61267e+113  -6.68897e+114  -2.43652e+115  -1.0276e+115  1.0015e+115  -1.0276e+115  -2.43652e+115  -6.68897e+114  5.61267e+113  1.79293e+113  -2.0638e+111  -8.38626e+110  1.60866e+110  1.391e+111  -3.1464e+112  -1.90763e+113  9.27024e+113  5.11614e+114  5.6985e+114  5.89262e+114  
1.11228e+115  8.58463e+114  9.69973e+113  -1.81672e+114  -3.5416e+113  4.67643e+112  8.33054e+111  -3.26375e+110  -3.8787e+109  3.44977e+111  1.09047e+112  -6.81964e+113  -2.62789e+114  1.28051e+115  5.02142e+115  6.43174e+115  5.02142e+115  1.28051e+115  -2.62789e+114  -6.81964e+113  1.09047e+112  3.44977e+111  -3.8787e+109  -3.26375e+110  8.33054e+111  4.67643e+112  -3.5416e+113  -1.81672e+114  9.69973e+113  8.58463e+114  1.11228e+115  
-6.83564e+114  -6.73562e+114  -6.43555e+114  -1.26031e+114  5.18663e+113  1.10413e+113  -1.12655e+112  -2.16117e+111  7.55725e+109  4.21937e+108  -1.48381e+112  -6.13521e+112  2.42942e+114  1.09595e+115  3.48937e+114  -9.26381e+114  3.48937e+114  1.09595e+115  2.42942e+114  -6.13521e+112  -1.48381e+112  4.21937e+108  7.55725e+109  -2.16117e+111  -1.12655e+112  1.10413e+113  5.18663e+113  -1.26031e+114  -6.43555e+114  -6.73562e+114  -6.83564e+114  
-8.60774e+114  -6.53059e+114  -2.99138e+113  2.45409e+114  5.56791e+113  -1.34193e+113  -3.1225e+112  2.64855e+111  5.44983e+110  -1.53794e+109  3.34928e+109  6.95681e+112  3.84453e+113  -6.1522e+114  -2.56166e+115  -3.48271e+115  -2.56166e+115  -6.1522e+114  3.84453e+113  6.95681e+112  3.34928e+109  -1.53794e+109  5.44983e+110  2.64855e+111  -3.1225e+112  -1.34193e+113  5.56791e+113  2.45409e+114  -2.99138e+113  -6.53059e+114  -8.60774e+114  
5.00593e+114  5.02648e+114  5.08811e+114  1.04193e+114  -7.26461e+113  -1.85117e+113  3.24369e+112  8.22863e+111  -5.96125e+110  -1.2999e+110  -1.31512e+110  1.08504e+110  -3.70248e+113  -2.64195e+114  1.41352e+112  5.01264e+114  1.41352e+112  -2.64195e+114  -3.70248e+113  1.08504e+110  -1.31512e+110  -1.2999e+110  -5.96125e+110  8.22863e+111  3.24369e+112  -1.85117e+113  -7.26461e+113  1.04193e+114  5.08811e+114  5.02648e+114  5.00593e+114  
4.30589e+114  3.19748e+114  -1.27751e+113  -1.95684e+114  -5.02348e+113  1.86675e+113  5.29032e+112  -7.31684e+111  -2.02085e+111  1.57941e+110  -9.48869e+107  -6.47335e+110  1.52232e+112  1.76132e+114  8.13009e+114  1.17596e+115  8.13009e+114  1.76132e+114  1.52232e+112  -6.47335e+110  -9.48869e+107  1.57941e+110  -2.02085e+111  -7.31684e+111  5.29032e+112  1.86675e+113  -5.02348e+113  -1.95684e+114  -1.27751e+113  3.19748e+114  4.30589e+114  
-2.27955e+114  -2.33667e+114  -2.50801e+114  -5.3623e+113  5.65081e+113  1.68091e+113  -4.29151e+112  -1.34673e+112  1.50509e+111  4.36586e+110  4.71337e+110  -5.0482e+110  -2.6032e+112  2.17658e+113  -4.06291e+113  -1.57009e+114  -4.06291e+113  2.17658e+113  -2.6032e+112  -5.0482e+110  4.71337e+110  4.36586e+110  1.50509e+111  -1.34673e+112  -4.29151e+112  1.68091e+113  5.65081e+113  -5.3623e+113  -2.50801e+114  -2.33667e+114  -2.27955e+114  
-1.34598e+114  -9.74997e+113  1.37945e+113  9.20037e+113  2.6704e+113  -1.36045e+113  -4.59319e+112  8.8018e+111  3.06472e+111  -3.65645e+110  -2.70031e+110  3.85529e+111  6.34761e+110  -2.69724e+113  -1.4999e+114  -2.31792e+114  -1.4999e+114  -2.69724e+113  6.34761e+110  3.85529e+111  -2.70031e+110  -3.65645e+110  3.06472e+111  8.8018e+111  -4.59319e+112  -1.36045e+113  2.6704e+113  9.20037e+113  1.37945e+113  -9.74997e+113  -1.34598e+114  
6.16141e+113  6.47038e+113  7.39729e+113  1.69567e+113  -2.4374e+113  -8.46005e+112  2.80067e+112  1.06706e+112  -1.56304e+111  -5.62837e+110  -3.60875e+110  -9.30617e+110  1.35312e+112  2.72931e+112  1.18024e+113  2.64915e+113  1.18024e+113  2.72931e+112  1.35312e+112  -9.30617e+110  -3.60875e+110  -5.62837e+110  -1.56304e+111  1.06706e+112  2.80067e+112  -8.46005e+112  -2.4374e+113  1.69567e+113  7.39729e+113  6.47038e+113  6.16141e+113  
2.45559e+113  1.73299e+113  -4.34799e+112  -2.42711e+113  -8.10816e+112  5.14e+112  2.07205e+112  -4.88287e+111  -2.11284e+111  2.65935e+110  2.50134e+110  -9.25207e+110  -2.86773e+111  1.75725e+112  1.41481e+113  2.35358e+113  1.41481e+113  1.75725e+112  -2.86773e+111  -9.25207e+110  2.50134e+110  2.65935e+110  -2.11284e+111  -4.88287e+111  2.07205e+112  5.14e+112  -8.10816e+112  -2.42711e+113  -4.34799e+112  1.73299e+113  2.45559e+113  
-8.99743e+112  -9.73564e+112  -1.19503e+113  -3.09823e+112  5.46032e+112  2.24923e+112  -8.77161e+111  -4.09249e+111  6.95452e+110  3.31504e+110  2.23602e+109  2.5813e+110  -9.67553e+110  -5.09331e+111  -1.19559e+112  -2.03981e+112  -1.19559e+112  -5.09331e+111  -9.67553e+110  2.5813e+110  2.23602e+109  3.31504e+110  6.95452e+110  -4.09249e+111  -8.77161e+111  2.24923e+112  5.46032e+112  -3.09823e+112  -1.19503e+113  -9.73564e+112  -8.99743e+112  
-2.29349e+112  -1.58148e+112  5.54573e+111  3.19563e+112  1.27134e+112  -9.18905e+111  -4.52684e+111  1.18627e+111  6.51167e+110  -7.82746e+109  -6.30225e+109  3.91404e+109  2.82176e+110  -2.2345e+110  -5.2133e+111  -9.46535e+111  -5.2133e+111  -2.2345e+110  2.82176e+110  3.91404e+109  -6.30225e+109  -7.82746e+109  6.51167e+110  1.18627e+111  -4.52684e+111  -9.18905e+111  1.27134e+112  3.19563e+112  5.54573e+111  -1.58148e+112  -2.29349e+112  
5.87206e+111  6.61049e+111  8.82578e+111  2.79682e+111  -5.41186e+111  -2.74793e+111  1.15958e+111  6.90687e+110  -1.2128e+110  -8.11675e+109  5.48374e+108  -6.57907e+108  7.55375e+108  1.5145e+110  3.25555e+110  4.73763e+110  3.25555e+110  1.5145e+110  7.55375e+108  -6.57907e+108  5.48374e+108  -8.11675e+109  -1.2128e+110  6.90687e+110  1.15958e+111  -2.74793e+111  -5.41186e+111  2.79682e+111  8.82578e+111  6.61049e+111  5.87206e+111  
8.27854e+110  5.63731e+110  -2.28635e+110  -1.61913e+111  -8.14252e+110  6.20782e+110  3.97937e+110  -1.05874e+110  -8.0543e+109  8.68906e+108  8.18202e+108  -2.48926e+107  -3.15802e+108  -2.33024e+108  3.30206e+109  6.77298e+109  3.30206e+109  -2.33024e+108  -3.15802e+108  -2.48926e+107  8.18202e+108  8.68906e+108  -8.0543e+109  -1.05874e+110  3.97937e+110  6.20782e+110  -8.14252e+110  -1.61913e+111  -2.28635e+110  5.63731e+110  8.27854e+110  
-1.068e+110  -1.2795e+110  -1.914e+110  -8.32856e+109  1.60685e+110  1.11196e+110  -4.74567e+109  -4.16599e+109  6.65756e+108  7.72567e+108  -3.55518e+107  -7.25506e+107  -8.0444e+105  2.23222e+106  -9.13959e+106  -1.66112e+107  -9.13959e+106  2.23222e+106  -8.0444e+105  -7.25506e+107  -3.55518e+107  7.72567e+108  6.65756e+108  -4.16599e+109  -4.74567e+109  1.11196e+110  1.60685e+110  -8.32856e+109  -1.914e+110  -1.2795e+110  -1.068e+110  
0  0  0  0  0  0  0  0  0  0  0  0  0  0  0  0  0  0  0  0  0  0  0  0  0  0  0  0  0  0  0  
