1  1  1  1  1  1  1  1  1  1  1  1  1  1  1  1  1  1  1  1  1  1  1  1  1  1  1  1  1  1  1  
-1.06443e+155  1.92553e+154  3.96351e+155  -6.47933e+155  -1.18555e+157  4.14965e+156  1.37336e+158  2.96923e+157  -8.04167e+158  -4.64918e+158  2.4498e+159  2.15404e+159  -2.85844e+159  -3.56451e+159  -1.36264e+159  -9.40891e+158  -1.36264e+159  -3.56451e+159  -2.85844e+159  2.15404e+159  2.4498e+159  -4.64918e+158  -8.04167e+158  2.96923e+157  1.37336e+158  4.14965e+156  -1.18555e+157  -6.47933e+155  3.96351e+155  1.92553e+154  -1.06443e+155  
1.61673e+157  1.24747e+157  1.39693e+156  -6.64188e+156  2.69329e+156  1.42303e+158  3.13807e+157  -1.52364e+159  -9.40392e+158  8.29251e+159  7.61202e+159  -2.0873e+160  -2.5575e+160  8.27788e+159  1.90289e+160  1.77639e+160  1.90289e+160  8.27788e+159  -2.5575e+160  -2.0873e+160  7.61202e+159  8.29251e+159  -9.40392e+158  -1.52364e+159  3.13807e+157  1.42303e+158  2.69329e+156  -6.64188e+156  1.39693e+156  1.24747e+157  1.61673e+157  
-6.39873e+157  -3.90493e+157  3.57648e+157  1.2679e+157  7.86419e+157  1.37491e+157  -1.51774e+159  -9.61778e+158  1.38371e+160  1.30616e+160  -6.26551e+160  -7.69463e+160  1.02403e+161  1.69468e+161  7.42131e+160  4.48071e+160  7.42131e+160  1.69468e+161  1.02403e+161  -7.69463e+160  -6.26551e+160  1.30616e+160  1.38371e+160  -9.61778e+158  -1.51774e+159  1.37491e+157  7.86419e+157  1.2679e+157  3.57648e+157  -3.90493e+157  -6.39873e+157  
-2.1575e+159  -1.69231e+159  -2.96749e+158  6.4812e+157  2.86684e+157  -8.33127e+158  -5.36146e+158  1.2645e+160  1.22529e+160  -9.64586e+160  -1.19837e+161  3.32744e+161  5.20645e+161  -1.65651e+161  -5.20404e+161  -5.14874e+161  -5.20404e+161  -1.65651e+161  5.20645e+161  3.32744e+161  -1.19837e+161  -9.64586e+160  1.22529e+160  1.2645e+160  -5.36146e+158  -8.33127e+158  2.86684e+157  6.4812e+157  -2.96749e+158  -1.69231e+159  -2.1575e+159  
4.71412e+159  3.38851e+159  -5.883e+158  -4.94187e+158  -2.30996e+158  -1.35406e+158  6.55437e+159  6.55637e+159  -8.32677e+160  -1.05523e+161  5.17847e+161  8.01289e+161  -1.13733e+162  -2.32434e+162  -1.13654e+162  -5.96736e+161  -1.13654e+162  -2.32434e+162  -1.13733e+162  8.01289e+161  5.17847e+161  -1.05523e+161  -8.32677e+160  6.55637e+159  6.55437e+159  -1.35406e+158  -2.30996e+158  -4.94187e+158  -5.883e+158  3.38851e+159  4.71412e+159  
5.07572e+160  3.99732e+160  7.62109e+159  2.17191e+158  -4.06793e+158  1.89848e+159  2.0067e+159  -4.13907e+160  -5.41143e+160  4.43358e+161  6.9214e+161  -2.10893e+162  -4.0136e+162  1.40076e+162  5.44005e+162  5.71132e+162  5.44005e+162  1.40076e+162  -4.0136e+162  -2.10893e+162  6.9214e+161  4.43358e+161  -5.41143e+160  -4.13907e+160  2.0067e+159  1.89848e+159  -4.06793e+158  2.17191e+158  7.62109e+159  3.99732e+160  5.07572e+160  
-9.10375e+160  -7.09325e+160  -1.06175e+160  4.30344e+159  5.51419e+158  1.73461e+158  -1.16107e+160  -1.59535e+160  2.17184e+161  3.47754e+161  -1.93136e+162  -3.62837e+162  5.92628e+162  1.43836e+163  7.74808e+162  3.4912e+162  7.74808e+162  1.43836e+163  5.92628e+162  -3.62837e+162  -1.93136e+162  3.47754e+161  2.17184e+161  -1.59535e+160  -1.16107e+160  1.73461e+158  5.51419e+158  4.30344e+159  -1.06175e+160  -7.09325e+160  -9.10375e+160  
-4.70734e+161  -3.69355e+161  -6.52195e+160  -5.67256e+159  1.12988e+159  -1.62473e+159  -2.58615e+159  5.98961e+160  1.0046e+161  -9.72843e+161  -1.85411e+162  6.75419e+162  1.52493e+163  -6.60008e+162  -2.88522e+163  -3.2148e+163  -2.88522e+163  -6.60008e+162  1.52493e+163  6.75419e+162  -1.85411e+162  -9.72843e+161  1.0046e+161  5.98961e+160  -2.58615e+159  -1.62473e+159  1.12988e+159  -5.67256e+159  -6.52195e+160  -3.69355e+161  -4.70734e+161  
7.64321e+161  6.25133e+161  2.07567e+161  -3.91461e+159  -9.19929e+158  -5.92881e+157  8.64537e+159  1.57207e+160  -2.70803e+161  -5.3669e+161  3.74952e+162  8.41335e+162  -1.72049e+163  -4.82331e+163  -2.82856e+163  -1.06022e+163  -2.82856e+163  -4.82331e+163  -1.72049e+163  8.41335e+162  3.74952e+162  -5.3669e+161  -2.70803e+161  1.57207e+160  8.64537e+159  -5.92881e+157  -9.19929e+158  -3.91461e+159  2.07567e+161  6.25133e+161  7.64321e+161  
2.24295e+162  1.73939e+162  2.28728e+161  -9.5184e+159  2.34384e+157  4.96e+158  1.17764e+159  -3.90094e+160  -8.33125e+160  1.09616e+162  2.53019e+162  -1.21553e+163  -3.21486e+163  1.94206e+163  8.86908e+163  1.04773e+164  8.86908e+163  1.94206e+163  -3.21486e+163  -1.21553e+163  2.53019e+162  1.09616e+162  -8.33125e+160  -3.90094e+160  1.17764e+159  4.96e+158  2.34384e+157  -9.5184e+159  2.28728e+161  1.73939e+162  2.24295e+162  
-3.42804e+162  -2.89797e+162  -1.30775e+162  -7.65122e+160  1.87445e+159  -1.8831e+156  -2.45638e+159  -6.06944e+159  1.61802e+161  3.98938e+161  -3.98883e+162  -1.06701e+163  3.01334e+163  9.58958e+163  6.04789e+163  1.75485e+163  6.04789e+163  9.58958e+163  3.01334e+163  -1.06701e+163  -3.98883e+162  3.98938e+161  1.61802e+161  -6.06944e+159  -2.45638e+159  -1.8831e+156  1.87445e+159  -7.65122e+160  -1.30775e+162  -2.89797e+162  -3.42804e+162  
-6.22562e+162  -4.72758e+162  -2.33464e+161  3.17583e+161  1.5145e+160  -3.71784e+158  -1.52977e+158  1.02781e+160  2.90002e+160  -6.26955e+161  -1.77396e+162  1.27491e+163  3.95191e+163  -3.71758e+163  -1.69489e+164  -2.11934e+164  -1.69489e+164  -3.71758e+163  3.95191e+163  1.27491e+163  -1.77396e+162  -6.26955e+161  2.90002e+160  1.02781e+160  -1.52977e+158  -3.71784e+158  1.5145e+160  3.17583e+161  -2.33464e+161  -4.72758e+162  -6.22562e+162  
9.11796e+162  7.89996e+162  4.24596e+162  3.28084e+161  -6.95632e+160  -3.33727e+159  2.55818e+158  7.13641e+158  -4.12012e+160  -1.31944e+161  2.2786e+162  7.39246e+162  -3.27251e+163  -1.17851e+164  -7.88036e+163  -1.44951e+163  -7.88036e+163  -1.17851e+164  -3.27251e+163  7.39246e+162  2.2786e+162  -1.31944e+161  -4.12012e+160  7.13641e+158  2.55818e+158  -3.33727e+159  -6.95632e+160  3.28084e+161  4.24596e+162  7.89996e+162  9.11796e+162  
1.0755e+163  7.90529e+162  -6.4373e+161  -1.48404e+162  -1.14811e+161  1.59138e+160  7.94174e+158  -7.4976e+158  -3.22095e+159  1.60839e+161  5.8559e+161  -7.62353e+162  -2.82918e+163  4.66007e+163  2.08581e+164  2.75595e+164  2.08581e+164  4.66007e+163  -2.82918e+163  -7.62353e+162  5.8559e+161  1.60839e+161  -3.22095e+159  -7.4976e+158  7.94174e+158  1.59138e+160  -1.14811e+161  -1.48404e+162  -6.4373e+161  7.90529e+162  1.0755e+163  
-1.51994e+163  -1.34327e+163  -8.13238e+162  -5.61125e+161  4.14e+161  3.34053e+160  -3.79448e+159  -2.04397e+158  2.96097e+159  1.45294e+160  -6.17709e+161  -2.57015e+162  2.16915e+163  9.01834e+163  6.26839e+163  1.85057e+162  6.26839e+163  9.01834e+163  2.16915e+163  -2.57015e+162  -6.17709e+161  1.45294e+160  2.96097e+159  -2.04397e+158  -3.79448e+159  3.34053e+160  4.14e+161  -5.61125e+161  -8.13238e+162  -1.34327e+163  -1.51994e+163  
-1.19533e+163  -8.37552e+162  2.35783e+162  3.34483e+162  2.99694e+161  -1.0829e+161  -9.19519e+159  9.22341e+158  8.58458e+157  -1.21547e+160  -6.75398e+160  2.32444e+162  1.10334e+163  -3.77954e+163  -1.67144e+164  -2.33034e+164  -1.67144e+164  -3.77954e+163  1.10334e+163  2.32444e+162  -6.75398e+160  -1.21547e+160  8.58458e+157  9.22341e+158  -9.19519e+159  -1.0829e+161  2.99694e+161  3.34483e+162  2.35783e+162  -8.37552e+162  -1.19533e+163  
1.62831e+163  1.46425e+163  9.72099e+162  4.28226e+161  -1.04682e+162  -1.05771e+161  2.74953e+160  2.45287e+159  -2.19981e+158  -1.66861e+158  5.21398e+160  3.35407e+161  -8.11264e+162  -4.17516e+163  -2.90855e+163  7.20154e+162  -2.90855e+163  -4.17516e+163  -8.11264e+162  3.35407e+161  5.21398e+160  -1.66861e+158  -2.19981e+158  2.45287e+159  2.74953e+160  -1.05771e+161  -1.04682e+162  4.28226e+161  9.72099e+162  1.46425e+163  1.62831e+163  
8.63523e+162  5.64747e+162  -3.31582e+162  -4.30682e+162  -3.96934e+161  2.90254e+161  3.20732e+160  -6.77673e+159  -6.32716e+158  4.51508e+157  6.41344e+158  -2.43447e+161  -1.8378e+162  1.92653e+163  8.63414e+163  1.2693e+164  8.63414e+163  1.92653e+163  -1.8378e+162  -2.43447e+161  6.41344e+158  4.51508e+157  -6.32716e+158  -6.77673e+159  3.20732e+160  2.90254e+161  -3.96934e+161  -4.30682e+162  -3.31582e+162  5.64747e+162  8.63523e+162  
-1.1232e+163  -1.02703e+163  -7.3851e+162  -6.32614e+160  1.40168e+162  1.61766e+161  -7.44255e+160  -8.87075e+159  1.59681e+159  1.57407e+158  4.64524e+158  -4.51738e+159  1.28764e+162  1.06732e+163  6.70559e+162  -6.58681e+162  6.70559e+162  1.06732e+163  1.28764e+162  -4.51738e+159  4.64524e+158  1.57407e+158  1.59681e+159  -8.87075e+159  -7.44255e+160  1.61766e+161  1.40168e+162  -6.32614e+160  -7.3851e+162  -1.02703e+163  -1.1232e+163  
-4.01551e+162  -2.37855e+162  2.53234e+162  3.32471e+162  3.01758e+161  -3.87776e+161  -5.13782e+160  1.77533e+160  2.26465e+159  -4.70435e+158  1.73086e+158  1.90085e+159  -2.26475e+160  -5.84729e+162  -2.77948e+163  -4.31023e+163  -2.77948e+163  -5.84729e+162  -2.26475e+160  1.90085e+159  1.73086e+158  -4.70435e+158  2.26465e+159  1.77533e+160  -5.13782e+160  -3.87776e+161  3.01758e+161  3.32471e+162  2.53234e+162  -2.37855e+162  -4.01551e+162  
4.88558e+162  4.54647e+162  3.52913e+162  -1.11335e+161  -1.06058e+162  -1.36738e+161  9.52031e+160  1.40354e+160  -3.86163e+159  -4.98656e+158  -1.70705e+159  3.32145e+159  8.74546e+160  -1.10286e+162  -2.09947e+161  2.60914e+162  -2.09947e+161  -1.10286e+162  8.74546e+160  3.32145e+159  -1.70705e+159  -4.98656e+158  -3.86163e+159  1.40354e+160  9.52031e+160  -1.36738e+161  -1.06058e+162  -1.11335e+161  3.52913e+162  4.54647e+162  4.88558e+162  
1.16386e+162  5.97496e+161  -1.10159e+162  -1.53123e+162  -1.39126e+161  2.76539e+161  4.31171e+160  -2.08513e+160  -3.386e+159  1.09339e+159  4.3147e+158  -1.39542e+160  1.12323e+160  9.57054e+161  5.21158e+162  8.54342e+162  5.21158e+162  9.57054e+161  1.12323e+160  -1.39542e+160  4.3147e+158  1.09339e+159  -3.386e+159  -2.08513e+160  4.31171e+160  2.76539e+161  -1.39126e+161  -1.53123e+162  -1.10159e+162  5.97496e+161  1.16386e+162  
-1.27502e+162  -1.21072e+162  -1.01782e+162  7.01568e+160  4.51042e+161  6.61992e+160  -6.13168e+160  -1.09846e+160  3.96928e+159  5.82101e+158  1.40088e+159  2.05717e+159  -4.99176e+160  -5.46552e+160  -1.96393e+161  -5.0607e+161  -1.96393e+161  -5.46552e+160  -4.99176e+160  2.05717e+159  1.40088e+159  5.82101e+158  3.96928e+159  -1.09846e+160  -6.13168e+160  6.61992e+160  4.51042e+161  7.01568e+160  -1.01782e+162  -1.21072e+162  -1.27502e+162  
-1.9707e+161  -8.20947e+160  2.6283e+161  3.99866e+161  3.94642e+160  -1.03838e+161  -1.93323e+160  1.15652e+160  2.34754e+159  -7.7965e+158  -5.40142e+158  3.57093e+159  7.59976e+159  -6.91816e+160  -5.0087e+161  -8.72389e+161  -5.0087e+161  -6.91816e+160  7.59976e+159  3.57093e+159  -5.40142e+158  -7.7965e+158  2.34754e+159  1.15652e+160  -1.93323e+160  -1.03838e+161  3.94642e+160  3.99866e+161  2.6283e+161  -8.20947e+160  -1.9707e+161  
1.81393e+161  1.76615e+161  1.62279e+161  -1.51993e+160  -1.00871e+161  -1.76773e+160  1.9315e+160  4.26448e+159  -1.80729e+159  -3.63348e+158  -1.18105e+158  -7.90355e+158  3.93055e+159  1.59587e+160  2.86686e+160  4.28712e+160  2.86686e+160  1.59587e+160  3.93055e+159  -7.90355e+158  -1.18105e+158  -3.63348e+158  -1.80729e+159  4.26448e+159  1.9315e+160  -1.76773e+160  -1.00871e+161  -1.51993e+160  1.62279e+161  1.76615e+161  1.81393e+161  
1.72079e+160  5.26313e+159  -3.05711e+160  -5.26743e+160  -6.45448e+159  1.87425e+160  4.33041e+159  -2.88211e+159  -7.40388e+158  2.34422e+158  1.12578e+158  -1.71706e+158  -8.9127e+158  1.28395e+159  1.88669e+160  3.52925e+160  1.88669e+160  1.28395e+159  -8.9127e+158  -1.71706e+158  1.12578e+158  2.34422e+158  -7.40388e+158  -2.88211e+159  4.33041e+159  1.87425e+160  -6.45448e+159  -5.26743e+160  -3.05711e+160  5.26313e+159  1.72079e+160  
-1.16294e+160  -1.17112e+160  -1.19565e+160  1.09737e+159  1.01178e+160  2.27331e+159  -2.62683e+159  -7.47496e+158  3.35997e+158  9.80092e+157  -1.89903e+157  3.06408e+157  -4.50133e+157  -5.1689e+158  -9.01798e+158  -1.07051e+159  -9.01798e+158  -5.1689e+158  -4.50133e+157  3.06408e+157  -1.89903e+157  9.80092e+157  3.35997e+158  -7.47496e+158  -2.62683e+159  2.27331e+159  1.01178e+160  1.09737e+159  -1.19565e+160  -1.17112e+160  -1.16294e+160  
-5.91789e+158  -1.14606e+158  1.31694e+159  2.70401e+159  4.79416e+158  -1.30503e+159  -4.03093e+158  2.74473e+158  9.59672e+157  -2.98069e+157  -1.10235e+157  1.79819e+156  1.00958e+157  3.91682e+156  -1.22757e+158  -2.54202e+158  -1.22757e+158  3.91682e+156  1.00958e+157  1.79819e+156  -1.10235e+157  -2.98069e+157  9.59672e+157  2.74473e+158  -4.03093e+158  -1.30503e+159  4.79416e+158  2.70401e+159  1.31694e+159  -1.14606e+158  -5.91789e+158  
2.09924e+158  2.23027e+158  2.62337e+158  -9.9247e+156  -3.10185e+158  -1.01562e+158  1.15212e+158  4.82542e+157  -2.16821e+157  -1.00743e+157  2.11085e+156  1.05735e+156  -8.81338e+154  -2.58201e+154  2.77919e+155  4.03905e+155  2.77919e+155  -2.58201e+154  -8.81338e+154  1.05735e+156  2.11085e+156  -1.00743e+157  -2.16821e+157  4.82542e+157  1.15212e+158  -1.01562e+158  -3.10185e+158  -9.9247e+156  2.62337e+158  2.23027e+158  2.09924e+158  
0  0  0  0  0  0  0  0  0  0  0  0  0  0  0  0  0  0  0  0  0  0  0  0  0  0  0  0  0  0  0  
