1  1  1  1  1  1  1  1  1  1  1  1  1  1  1  1  1  1  1  1  1  1  1  1  1  1  1  1  1  1  1  
1.54089e+277  -8.85172e+276  -8.16336e+277  3.86009e+278  2.61173e+279  -4.94123e+279  -3.23563e+280  2.39547e+280  2.03467e+281  -1.61932e+280  -6.80638e+281  -2.72684e+281  9.70828e+281  8.09898e+281  1.35504e+281  7.58145e+280  1.35504e+281  8.09898e+281  9.70828e+281  -2.72684e+281  -6.80638e+281  -1.61932e+280  2.03467e+281  2.39547e+280  -3.23563e+280  -4.94123e+279  2.61173e+279  3.86009e+278  -8.16336e+277  -8.85172e+276  1.54089e+277  
-5.50336e+278  -4.05714e+278  2.81518e+277  1.32886e+279  -3.57506e+279  -3.34268e+280  3.65705e+280  3.8035e+281  -9.97639e+280  -2.23103e+282  -6.404e+281  6.35737e+282  4.68109e+282  -4.69805e+282  -5.92475e+282  -4.92715e+282  -5.92475e+282  -4.69805e+282  4.68109e+282  6.35737e+282  -6.404e+281  -2.23103e+282  -9.97639e+280  3.8035e+281  3.65705e+280  -3.34268e+280  -3.57506e+279  1.32886e+279  2.81518e+277  -4.05714e+278  -5.50336e+278  
4.97444e+279  3.60514e+279  -5.0278e+278  -1.98051e+279  -1.88658e+280  3.02558e+280  3.74066e+281  -1.92354e+281  -3.63113e+282  -4.8367e+281  1.79896e+283  1.11571e+283  -3.63456e+283  -3.93449e+283  -7.05936e+282  -1.65775e+282  -7.05936e+282  -3.93449e+283  -3.63456e+283  1.11571e+283  1.79896e+283  -4.8367e+281  -3.63113e+282  -1.92354e+281  3.74066e+281  3.02558e+280  -1.88658e+280  -1.98051e+279  -5.0278e+278  3.60514e+279  4.97444e+279  
6.30876e+280  5.02859e+280  1.1881e+280  -5.86275e+279  1.23066e+280  2.02366e+281  -1.74407e+281  -3.25191e+282  2.22212e+281  2.662e+283  1.27716e+283  -1.04046e+284  -9.88818e+283  1.03157e+284  1.60905e+284  1.38416e+284  1.60905e+284  1.03157e+284  -9.88818e+283  -1.04046e+284  1.27716e+283  2.662e+283  2.22212e+281  -3.25191e+282  -1.74407e+281  2.02366e+281  1.23066e+280  -5.86275e+279  1.1881e+280  5.02859e+280  6.30876e+280  
-2.92301e+281  -2.1964e+281  -1.65501e+279  1.99687e+280  6.07484e+280  -8.30713e+280  -1.65773e+282  5.6406e+281  2.23059e+283  6.77823e+282  -1.51439e+284  -1.22852e+284  4.1369e+284  5.44703e+284  1.00454e+284  -1.38988e+283  1.00454e+284  5.44703e+284  4.1369e+284  -1.22852e+284  -1.51439e+284  6.77823e+282  2.23059e+283  5.6406e+281  -1.65773e+282  -8.30713e+280  6.07484e+280  1.99687e+280  -1.65501e+279  -2.1964e+281  -2.92301e+281  
-1.39836e+282  -1.11049e+282  -2.46886e+281  -1.91143e+280  -7.75879e+279  -4.72313e+281  3.44774e+281  1.08253e+283  7.82734e+281  -1.23997e+284  -8.02256e+283  6.67804e+284  7.73304e+284  -9.01976e+284  -1.66582e+285  -1.49297e+285  -1.66582e+285  -9.01976e+284  7.73304e+284  6.67804e+284  -8.02256e+283  -1.23997e+284  7.82734e+281  1.08253e+283  3.44774e+281  -4.72313e+281  -7.75879e+279  -1.91143e+280  -2.46886e+281  -1.11049e+282  -1.39836e+282  
4.92624e+282  3.85335e+282  6.34662e+281  -1.22011e+281  -8.83049e+280  9.92522e+280  2.97609e+282  -7.59064e+281  -5.87357e+283  -2.5678e+283  5.6867e+284  5.65023e+284  -2.16854e+285  -3.37117e+285  -6.07147e+284  3.91804e+284  -6.07147e+284  -3.37117e+285  -2.16854e+285  5.65023e+284  5.6867e+284  -2.5678e+283  -5.87357e+283  -7.59064e+281  2.97609e+282  9.92522e+280  -8.83049e+280  -1.22011e+281  6.34662e+281  3.85335e+282  4.92624e+282  
1.21632e+283  9.49195e+282  1.47824e+282  2.62058e+281  -1.71635e+280  4.24504e+281  -3.29672e+281  -1.57628e+283  -2.28332e+282  2.72843e+284  2.16601e+284  -2.13806e+285  -2.92942e+285  4.12087e+285  8.72404e+285  8.19402e+285  8.72404e+285  4.12087e+285  -2.92942e+285  -2.13806e+285  2.16601e+284  2.72843e+284  -2.28332e+282  -1.57628e+283  -3.29672e+281  4.24504e+281  -1.71635e+280  2.62058e+281  1.47824e+282  9.49195e+282  1.21632e+283  
-3.76989e+283  -3.03668e+283  -8.37027e+282  3.7536e+280  6.22723e+280  -5.10615e+280  -2.22101e+282  6.97541e+281  7.31883e+283  3.81759e+283  -1.09943e+285  -1.28792e+285  6.21864e+285  1.12085e+286  1.80015e+285  -2.72062e+285  1.80015e+285  1.12085e+286  6.21864e+285  -1.28792e+285  -1.09943e+285  3.81759e+283  7.31883e+283  6.97541e+281  -2.22101e+282  -5.10615e+280  6.22723e+280  3.7536e+280  -8.37027e+282  -3.03668e+283  -3.76989e+283  
-5.37981e+283  -4.05875e+283  -9.55738e+281  5.18505e+281  -6.96989e+279  -1.35627e+281  1.63803e+281  1.02248e+283  9.91082e+281  -3.0515e+284  -2.77867e+284  3.79823e+285  6.05031e+285  -1.1152e+286  -2.63982e+286  -2.60993e+286  -2.63982e+286  -1.1152e+286  6.05031e+285  3.79823e+285  -2.77867e+284  -3.0515e+284  9.91082e+281  1.02248e+283  1.63803e+281  -1.35627e+281  -6.96989e+279  5.18505e+281  -9.55738e+281  -4.05875e+283  -5.37981e+283  
1.57875e+284  1.29969e+284  4.62521e+283  1.45372e+282  -8.75456e+280  9.71723e+279  6.26317e+281  -4.49583e+281  -4.32608e+283  -2.19871e+283  1.15216e+285  1.54477e+285  -1.05766e+286  -2.18867e+286  -2.52723e+285  9.35807e+285  -2.52723e+285  -2.18867e+286  -1.05766e+286  1.54477e+285  1.15216e+285  -2.19871e+283  -4.32608e+283  -4.49583e+281  6.26317e+281  9.71723e+279  -8.75456e+280  1.45372e+282  4.62521e+283  1.29969e+284  1.57875e+284  
1.36522e+284  9.70877e+283  -2.12159e+283  -1.25109e+283  -3.06114e+281  2.60191e+280  -3.35365e+280  -2.65517e+282  7.04676e+281  1.71454e+284  1.64052e+284  -3.88444e+285  -7.12204e+285  1.90136e+286  4.9497e+286  5.16943e+286  4.9497e+286  1.90136e+286  -7.12204e+285  -3.88444e+285  1.64052e+284  1.71454e+284  7.04676e+281  -2.65517e+282  -3.35365e+280  2.60191e+280  -3.06114e+281  -1.25109e+283  -2.12159e+283  9.70877e+283  1.36522e+284  
-3.98011e+284  -3.33179e+284  -1.38684e+284  -2.0053e+282  2.85556e+282  6.97075e+280  -4.86248e+280  1.16446e+281  1.07828e+283  2.31972e+282  -6.41237e+284  -9.48212e+284  1.09864e+286  2.61013e+286  6.29657e+284  -1.86643e+286  6.29657e+284  2.61013e+286  1.09864e+286  -9.48212e+284  -6.41237e+284  2.31972e+282  1.07828e+283  1.16446e+281  -4.86248e+280  6.97075e+280  2.85556e+282  -2.0053e+282  -1.38684e+284  -3.33179e+284  -3.98011e+284  
-2.10891e+284  -1.35069e+284  9.23983e+283  5.40974e+283  1.5554e+282  -6.69127e+281  -1.59185e+280  1.85053e+281  -3.7524e+281  -4.27308e+283  -3.3059e+283  2.23725e+285  4.69938e+285  -2.0943e+286  -5.95612e+286  -6.59221e+286  -5.95612e+286  -2.0943e+286  4.69938e+285  2.23725e+285  -3.3059e+283  -4.27308e+283  -3.7524e+281  1.85053e+281  -1.59185e+280  -6.69127e+281  1.5554e+282  5.40974e+283  9.23983e+283  -1.35069e+284  -2.10891e+284  
6.35333e+284  5.39023e+284  2.50093e+284  -9.00825e+282  -1.59202e+283  -5.4925e+281  1.62229e+281  2.29527e+277  -7.48409e+281  1.06903e+282  1.6732e+284  2.46654e+284  -6.86994e+285  -1.9029e+286  3.05431e+285  2.29606e+286  3.05431e+285  -1.9029e+286  -6.86994e+285  2.46654e+284  1.6732e+284  1.06903e+282  -7.48409e+281  2.29527e+277  1.62229e+281  -5.4925e+281  -1.59202e+283  -9.00825e+282  2.50093e+284  5.39023e+284  6.35333e+284  
2.02742e+284  1.05865e+284  -1.84765e+284  -1.16019e+284  -1.63849e+282  4.30763e+282  1.66297e+281  -3.98042e+280  1.61008e+280  3.09426e+282  -2.05738e+282  -6.48061e+284  -1.54398e+285  1.48807e+286  4.64973e+286  5.47255e+286  4.64973e+286  1.48807e+286  -1.54398e+285  -6.48061e+284  -2.05738e+282  3.09426e+282  1.61008e+280  -3.98042e+280  1.66297e+281  4.30763e+282  -1.63849e+282  -1.16019e+284  -1.84765e+284  1.05865e+284  2.02742e+284  
-6.56701e+284  -5.63602e+284  -2.84305e+284  3.21708e+283  3.85939e+283  1.2454e+282  -1.12154e+282  -4.71431e+280  8.78553e+279  -7.25172e+280  -1.33748e+283  -5.77191e+282  2.38652e+285  8.09765e+285  -4.65289e+285  -1.77712e+286  -4.65289e+285  8.09765e+285  2.38652e+285  -5.77191e+282  -1.33748e+283  -7.25172e+280  8.78553e+279  -4.71431e+280  -1.12154e+282  1.2454e+282  3.85939e+283  3.21708e+283  -2.84305e+284  -5.63602e+284  -6.56701e+284  
-1.2027e+284  -3.7426e+283  2.11107e+284  1.4413e+284  -1.84354e+282  -1.1141e+283  -4.80876e+281  2.82283e+281  1.27646e+280  -4.23051e+278  3.2798e+281  6.31754e+283  1.38871e+284  -6.63649e+285  -2.3303e+286  -2.9288e+286  -2.3303e+286  -6.63649e+285  1.38871e+284  6.31754e+283  3.2798e+281  -4.23051e+278  1.27646e+280  2.82283e+281  -4.80876e+281  -1.1141e+283  -1.84354e+282  1.4413e+284  2.11107e+284  -3.7426e+283  -1.2027e+284  
4.39687e+284  3.81486e+284  2.06884e+284  -4.39078e+283  -5.02134e+283  -1.16116e+282  2.94695e+282  1.51616e+281  -6.70409e+280  5.9693e+278  -1.21046e+281  -1.51745e+282  -3.39938e+284  -1.71537e+285  3.14405e+285  8.56962e+285  3.14405e+285  -1.71537e+285  -3.39938e+284  -1.51745e+282  -1.21046e+281  5.9693e+278  -6.70409e+280  1.51616e+281  2.94695e+282  -1.16116e+282  -5.02134e+283  -4.39078e+283  2.06884e+284  3.81486e+284  4.39687e+284  
4.20558e+283  -4.68978e+282  -1.44926e+284  -1.0841e+284  5.01908e+282  1.45459e+283  6.38378e+281  -7.22382e+281  -4.38559e+280  4.27826e+280  1.41666e+280  -7.56358e+281  2.5001e+283  1.74615e+285  7.24326e+285  9.77635e+285  7.24326e+285  1.74615e+285  2.5001e+283  -7.56358e+281  1.41666e+280  4.27826e+280  -4.38559e+280  -7.22382e+281  6.38378e+281  1.45459e+283  5.01908e+282  -1.0841e+284  -1.44926e+284  -4.68978e+282  4.20558e+283  
-1.86577e+284  -1.63773e+284  -9.53614e+283  3.11643e+283  3.72891e+283  4.50113e+281  -3.70453e+282  -2.18935e+281  1.55779e+281  -1.88478e+280  4.25558e+281  1.81285e+281  -2.53301e+283  5.43514e+283  -1.12538e+285  -2.47186e+285  -1.12538e+285  5.43514e+283  -2.53301e+283  1.81285e+281  4.25558e+281  -1.88478e+280  1.55779e+281  -2.18935e+281  -3.70453e+282  4.50113e+281  3.72891e+283  3.11643e+283  -9.53614e+283  -1.63773e+284  -1.86577e+284  
-7.70723e+282  9.03834e+282  5.9275e+283  4.90694e+283  -3.9352e+282  -1.02397e+283  -4.65612e+281  8.39492e+281  6.91477e+280  -1.02024e+281  -2.73939e+281  3.28298e+282  5.77797e+282  -2.38832e+284  -1.3037e+285  -1.90498e+285  -1.3037e+285  -2.38832e+284  5.77797e+282  3.28298e+282  -2.73939e+281  -1.02024e+281  6.91477e+280  8.39492e+281  -4.65612e+281  -1.02397e+283  -3.9352e+282  4.90694e+283  5.9275e+283  9.03834e+282  -7.70723e+282  
4.77206e+283  4.24784e+283  2.6752e+283  -1.19357e+283  -1.57016e+283  -7.04457e+280  2.36914e+282  1.64533e+281  -1.59685e+281  3.88835e+280  -3.07265e+281  -1.29332e+282  1.10982e+283  3.9355e+283  2.07607e+284  3.91454e+284  2.07607e+284  3.9355e+283  1.10982e+283  -1.29332e+282  -3.07265e+281  3.88835e+280  -1.59685e+281  1.64533e+281  2.36914e+282  -7.04457e+280  -1.57016e+283  -1.19357e+283  2.6752e+283  4.24784e+283  4.77206e+283  
4.97334e+281  -3.04176e+282  -1.3659e+283  -1.27018e+283  1.36029e+282  3.83047e+282  2.03054e+281  -4.65383e+281  -4.85738e+280  4.93778e+280  1.69448e+281  -6.81448e+281  -3.40902e+282  1.23928e+283  1.19366e+284  1.91154e+284  1.19366e+284  1.23928e+283  -3.40902e+282  -6.81448e+281  1.69448e+281  4.93778e+280  -4.85738e+280  -4.65383e+281  2.03054e+281  3.83047e+282  1.36029e+282  -1.27018e+283  -1.3659e+283  -3.04176e+282  4.97334e+281  
-6.68302e+282  -6.06072e+282  -4.19382e+282  2.32255e+282  3.50723e+282  2.33267e+280  -7.48625e+281  -6.62795e+280  7.54095e+280  -5.92438e+279  2.68904e+280  2.89171e+281  -6.26205e+281  -5.10394e+282  -1.69638e+283  -2.86228e+283  -1.69638e+283  -5.10394e+282  -6.26205e+281  2.89171e+281  2.68904e+280  -5.92438e+279  7.54095e+280  -6.62795e+280  -7.48625e+281  2.33267e+280  3.50723e+282  2.32255e+282  -4.19382e+282  -6.06072e+282  -6.68302e+282  
2.48893e+280  4.10268e+281  1.56641e+282  1.67394e+282  -1.97415e+281  -6.95437e+281  -5.07096e+280  1.17299e+281  1.48647e+280  -1.04817e+280  -1.86768e+280  1.82646e+280  2.77655e+281  2.9875e+280  -4.23857e+282  -7.59142e+282  -4.23857e+282  2.9875e+280  2.77655e+281  1.82646e+280  -1.86768e+280  -1.04817e+280  1.48647e+280  1.17299e+281  -5.07096e+280  -6.95437e+281  -1.97415e+281  1.67394e+282  1.56641e+282  4.10268e+281  2.48893e+280  
4.23715e+281  3.94795e+281  3.08035e+281  -1.93304e+281  -3.5477e+281  -9.61746e+279  1.03338e+281  1.28949e+280  -1.44786e+280  -1.69882e+279  1.1409e+279  -1.04122e+280  -1.83157e+279  1.35439e+281  4.0576e+281  6.35692e+281  4.0576e+281  1.35439e+281  -1.83157e+279  -1.04122e+280  1.1409e+279  -1.69882e+279  -1.44786e+280  1.28949e+280  1.03338e+281  -9.61746e+279  -3.5477e+281  -1.93304e+281  3.08035e+281  3.94795e+281  4.23715e+281  
-2.64542e+279  -1.89708e+280  -6.7947e+280  -8.69066e+280  8.71255e+279  4.92946e+280  5.79179e+279  -1.14973e+280  -2.02818e+279  1.3691e+279  3.83504e+278  8.11374e+277  -2.5104e+279  -4.0664e+279  2.55738e+280  5.35489e+280  2.55738e+280  -4.0664e+279  -2.5104e+279  8.11374e+277  3.83504e+278  1.3691e+279  -2.02818e+279  -1.14973e+280  5.79179e+279  4.92946e+280  8.71255e+279  -8.69066e+280  -6.7947e+280  -1.89708e+280  -2.64542e+279  
-7.61182e+279  -7.42421e+279  -6.86138e+279  4.40163e+279  1.11155e+280  9.59074e+278  -4.68807e+279  -9.66851e+278  9.86005e+278  2.47641e+278  -1.06971e+278  -3.96915e+277  -4.30578e+275  -6.15145e+275  -1.04333e+278  -2.11356e+278  -1.04333e+278  -6.15145e+275  -4.30578e+275  -3.96915e+277  -1.06971e+278  2.47641e+278  9.86005e+278  -9.66851e+278  -4.68807e+279  9.59074e+278  1.11155e+280  4.40163e+279  -6.86138e+279  -7.42421e+279  -7.61182e+279  
0  0  0  0  0  0  0  0  0  0  0  0  0  0  0  0  0  0  0  0  0  0  0  0  0  0  0  0  0  0  0  
