1  1  1  1  1  1  1  1  1  1  1  1  1  1  1  1  1  1  1  1  1  1  1  1  1  1  1  1  1  1  1  
0.943002  0.914019  0.82707  0.747263  0.67507  0.611454  0.555854  0.50773  0.466265  0.430826  0.400837  0.375973  0.356104  0.341385  0.332197  0.32904  0.332197  0.341385  0.356104  0.375973  0.400837  0.430826  0.466265  0.50773  0.555854  0.611454  0.67507  0.747263  0.82707  0.914019  0.943002  
0.887537  0.838335  0.690727  0.579294  0.501921  0.452305  0.421845  0.404011  0.393567  0.38697  0.381685  0.376258  0.370085  0.363596  0.358213  0.356012  0.358213  0.363596  0.370085  0.376258  0.381685  0.38697  0.393567  0.404011  0.421845  0.452305  0.501921  0.579294  0.690727  0.838335  0.887537  
0.836015  0.77554  0.594114  0.487402  0.437245  0.419183  0.414921  0.415154  0.414824  0.411797  0.404993  0.394213  0.379918  0.363944  0.350192  0.344444  0.350192  0.363944  0.379918  0.394213  0.404993  0.411797  0.414824  0.415154  0.414921  0.419183  0.437245  0.487402  0.594114  0.77554  0.836015  
0.790027  0.724924  0.529617  0.444462  0.424459  0.427267  0.43363  0.438209  0.439271  0.436644  0.429737  0.417837  0.400309  0.378283  0.357152  0.347705  0.357152  0.378283  0.400309  0.417837  0.429737  0.436644  0.439271  0.438209  0.43363  0.427267  0.424459  0.444462  0.529617  0.724924  0.790027  
0.750156  0.684692  0.488301  0.428581  0.430786  0.442318  0.45059  0.455055  0.455931  0.453568  0.447106  0.434967  0.414989  0.386677  0.356407  0.341992  0.356407  0.386677  0.414989  0.434967  0.447106  0.453568  0.455931  0.455055  0.45059  0.442318  0.430786  0.428581  0.488301  0.684692  0.750156  
0.716192  0.65287  0.462906  0.426294  0.441943  0.455162  0.462509  0.466057  0.466873  0.465468  0.460948  0.451096  0.431986  0.400115  0.361117  0.34117  0.361117  0.400115  0.431986  0.451096  0.460948  0.465468  0.466873  0.466057  0.462509  0.455162  0.441943  0.426294  0.462906  0.65287  0.716192  
0.687669  0.627796  0.448176  0.429961  0.452247  0.463771  0.469246  0.471404  0.471798  0.470892  0.468007  0.460787  0.443948  0.410169  0.362359  0.336119  0.362359  0.410169  0.443948  0.460787  0.468007  0.470892  0.471798  0.471404  0.469246  0.463771  0.452247  0.429961  0.448176  0.627796  0.687669  
0.663807  0.60796  0.440418  0.435579  0.460154  0.469  0.472789  0.473918  0.474172  0.473793  0.472491  0.468333  0.455397  0.422106  0.366253  0.333296  0.366253  0.422106  0.455397  0.468333  0.472491  0.473793  0.474172  0.473918  0.472789  0.469  0.460154  0.435579  0.440418  0.60796  0.663807  
0.644063  0.592365  0.437271  0.441234  0.465611  0.471864  0.47431  0.474691  0.474722  0.474349  0.473696  0.471716  0.462854  0.431498  0.368062  0.32792  0.368062  0.431498  0.462854  0.471716  0.473696  0.474349  0.474722  0.474691  0.47431  0.471864  0.465611  0.441234  0.437271  0.592365  0.644063  
0.627613  0.579961  0.437006  0.446043  0.469095  0.473388  0.475029  0.475177  0.475215  0.474829  0.474423  0.474011  0.469356  0.441445  0.371221  0.323639  0.371221  0.441445  0.469356  0.474011  0.474423  0.474829  0.475215  0.475177  0.475029  0.473388  0.469095  0.446043  0.437006  0.579961  0.627613  
0.614142  0.570294  0.43875  0.44986  0.471172  0.474206  0.475417  0.475566  0.475561  0.474924  0.47416  0.474269  0.473147  0.449398  0.372858  0.317576  0.372858  0.449398  0.473147  0.474269  0.47416  0.474924  0.475561  0.475566  0.475417  0.474206  0.471172  0.44986  0.43875  0.570294  0.614142  
0.602866  0.562555  0.441619  0.45258  0.472207  0.474681  0.475751  0.47609  0.476155  0.475396  0.47424  0.474364  0.476308  0.457366  0.375076  0.31199  0.375076  0.457366  0.476308  0.474364  0.47424  0.475396  0.476155  0.47609  0.475751  0.474681  0.472207  0.45258  0.441619  0.562555  0.602866  
0.593768  0.556701  0.445499  0.454567  0.472596  0.475  0.476047  0.476561  0.47664  0.475719  0.474047  0.473625  0.477867  0.463794  0.375994  0.305008  0.375994  0.463794  0.477867  0.473625  0.474047  0.475719  0.47664  0.476561  0.476047  0.475  0.472596  0.454567  0.445499  0.556701  0.593768  
0.586043  0.551976  0.449776  0.45577  0.472356  0.475127  0.476257  0.476921  0.477046  0.476093  0.47411  0.473073  0.479222  0.470029  0.376939  0.298087  0.376939  0.470029  0.479222  0.473073  0.47411  0.476093  0.477046  0.476921  0.476257  0.475127  0.472356  0.45577  0.449776  0.551976  0.586043  
0.579989  0.548689  0.45479  0.456775  0.471813  0.47514  0.476368  0.477092  0.477215  0.476195  0.473946  0.4722  0.479813  0.475075  0.3766  0.289947  0.3766  0.475075  0.479813  0.4722  0.473946  0.476195  0.477215  0.477092  0.476368  0.47514  0.471813  0.456775  0.45479  0.548689  0.579989  
0.574671  0.545979  0.459901  0.457376  0.470726  0.474793  0.476263  0.477046  0.477171  0.476104  0.473764  0.471555  0.480574  0.479805  0.375789  0.28153  0.375789  0.479805  0.480574  0.471555  0.473764  0.476104  0.477171  0.477046  0.476263  0.474793  0.470726  0.457376  0.459901  0.545979  0.574671  
0.570751  0.544519  0.465822  0.458414  0.469584  0.474252  0.475998  0.476797  0.476878  0.475689  0.473294  0.470839  0.481216  0.483524  0.373529  0.271927  0.373529  0.483524  0.481216  0.470839  0.473294  0.475689  0.476878  0.476797  0.475998  0.474252  0.469584  0.458414  0.465822  0.544519  0.570751  
0.56702  0.543185  0.47168  0.459448  0.467979  0.473093  0.475281  0.476204  0.476267  0.474942  0.47264  0.470412  0.482375  0.48671  0.370234  0.261719  0.370234  0.48671  0.482375  0.470412  0.47264  0.474942  0.476267  0.476204  0.475281  0.473093  0.467979  0.459448  0.47168  0.543185  0.56702  
0.564609  0.543108  0.478606  0.461706  0.46683  0.471774  0.474269  0.475275  0.475273  0.473817  0.471761  0.470257  0.483944  0.488758  0.365091  0.250233  0.365091  0.488758  0.483944  0.470257  0.471761  0.473817  0.475273  0.475275  0.474269  0.471774  0.46683  0.461706  0.478606  0.543108  0.564609  
0.561828  0.542686  0.48526  0.464385  0.46562  0.469799  0.472506  0.473691  0.473729  0.472338  0.47086  0.470775  0.486317  0.489699  0.358156  0.237777  0.358156  0.489699  0.486317  0.470775  0.47086  0.472338  0.473729  0.473691  0.472506  0.469799  0.46562  0.464385  0.48526  0.542686  0.561828  
0.56051  0.543721  0.493353  0.469278  0.466028  0.468381  0.47068  0.471808  0.471855  0.470785  0.470296  0.4723  0.489382  0.48874  0.348625  0.22382  0.348625  0.48874  0.489382  0.4723  0.470296  0.470785  0.471855  0.471808  0.47068  0.468381  0.466028  0.469278  0.493353  0.543721  0.56051  
0.558126  0.54377  0.500703  0.474883  0.467323  0.467196  0.468625  0.469628  0.469897  0.469654  0.470693  0.475372  0.493059  0.485222  0.336163  0.208451  0.336163  0.485222  0.493059  0.475372  0.470693  0.469654  0.469897  0.469628  0.468625  0.467196  0.467323  0.474883  0.500703  0.54377  0.558126  
0.557713  0.545775  0.50996  0.483768  0.472195  0.468785  0.468447  0.468825  0.46925  0.470121  0.47302  0.480434  0.496587  0.47766  0.319803  0.191209  0.319803  0.47766  0.496587  0.480434  0.47302  0.470121  0.46925  0.468825  0.468447  0.468785  0.472195  0.483768  0.50996  0.545775  0.557713  
0.555148  0.5457  0.517355  0.492898  0.47892  0.472658  0.470479  0.470221  0.471033  0.473327  0.478208  0.487458  0.498344  0.464089  0.298724  0.171997  0.298724  0.464089  0.498344  0.487458  0.478208  0.473327  0.471033  0.470221  0.470479  0.472658  0.47892  0.492898  0.517355  0.5457  0.555148  
0.555893  0.548775  0.52742  0.50606  0.491087  0.482432  0.478207  0.476919  0.477778  0.481033  0.486987  0.495112  0.494912  0.441368  0.271611  0.15039  0.271611  0.441368  0.494912  0.495112  0.486987  0.481033  0.477778  0.476919  0.478207  0.482432  0.491087  0.50606  0.52742  0.548775  0.555893  
0.552182  0.54739  0.533014  0.516882  0.503856  0.495145  0.490272  0.488586  0.489568  0.493019  0.49754  0.498509  0.47978  0.405049  0.237081  0.126162  0.237081  0.405049  0.47978  0.498509  0.49754  0.493019  0.489568  0.488586  0.490272  0.495145  0.503856  0.516882  0.533014  0.54739  0.552182  
0.555836  0.552791  0.543655  0.532244  0.521753  0.513802  0.508837  0.506686  0.506449  0.506281  0.501946  0.485473  0.44151  0.348972  0.193471  0.0989693  0.193471  0.348972  0.44151  0.485473  0.501946  0.506281  0.506449  0.506686  0.508837  0.513802  0.521753  0.532244  0.543655  0.552791  0.555836  
0.546663  0.54562  0.542488  0.538406  0.534374  0.530697  0.526858  0.521608  0.512811  0.497438  0.47109  0.428175  0.361527  0.265557  0.139311  0.0686786  0.139311  0.265557  0.361527  0.428175  0.47109  0.497438  0.512811  0.521608  0.526858  0.530697  0.534374  0.538406  0.542488  0.54562  0.546663  
0.570328  0.567906  0.560639  0.548742  0.532427  0.511769  0.486632  0.456718  0.421541  0.380549  0.333073  0.278631  0.216822  0.148345  0.0740619  0.0354163  0.0740619  0.148345  0.216822  0.278631  0.333073  0.380549  0.421541  0.456718  0.486632  0.511769  0.532427  0.548742  0.560639  0.567906  0.570328  
0  0  0  0  0  0  0  0  0  0  0  0  0  0  0  0  0  0  0  0  0  0  0  0  0  0  0  0  0  0  0  
