1  1  1  1  1  1  1  1  1  1  1  1  1  1  1  1  1  1  1  1  1  1  1  1  1  1  1  1  1  1  1  
0.941545  0.911841  0.82273  0.740974  0.667047  0.601943  0.545095  0.495958  0.453699  0.417666  0.38726  0.362128  0.342108  0.327323  0.318115  0.314957  0.318115  0.327323  0.342108  0.362128  0.38726  0.417666  0.453699  0.495958  0.545095  0.601943  0.667047  0.740974  0.82273  0.911841  0.941545  
0.884659  0.834199  0.68282  0.568483  0.489005  0.437975  0.406636  0.388353  0.377799  0.37136  0.366436  0.361507  0.35589  0.349926  0.34493  0.342875  0.34493  0.349926  0.35589  0.361507  0.366436  0.37136  0.377799  0.388353  0.406636  0.437975  0.489005  0.568483  0.68282  0.834199  0.884659  
0.831804  0.769717  0.583456  0.473587  0.421526  0.402359  0.397481  0.397461  0.397175  0.39447  0.388234  0.378228  0.364832  0.349754  0.336703  0.331231  0.336703  0.349754  0.364832  0.378228  0.388234  0.39447  0.397175  0.397461  0.397481  0.402359  0.421526  0.473587  0.583456  0.769717  0.831804  
0.784604  0.717668  0.516861  0.428588  0.406872  0.408613  0.414282  0.418521  0.419609  0.417393  0.411273  0.400495  0.384328  0.363722  0.343759  0.334789  0.343759  0.363722  0.384328  0.400495  0.411273  0.417393  0.419609  0.418521  0.414282  0.408613  0.406872  0.428588  0.516861  0.717668  0.784604  
0.743654  0.676221  0.473922  0.411172  0.411682  0.421965  0.42934  0.433331  0.434195  0.432309  0.426803  0.416065  0.39785  0.371466  0.342872  0.329168  0.342872  0.371466  0.39785  0.416065  0.426803  0.432309  0.434195  0.433331  0.42934  0.421965  0.411682  0.411172  0.473922  0.676221  0.743654  
0.708737  0.643363  0.447243  0.407646  0.421475  0.43319  0.439448  0.442413  0.443197  0.442334  0.438925  0.430727  0.413749  0.384311  0.347547  0.328587  0.347547  0.384311  0.413749  0.430727  0.438925  0.442334  0.443197  0.442413  0.439448  0.43319  0.421475  0.407646  0.447243  0.643363  0.708737  
0.679375  0.617401  0.431478  0.410255  0.430519  0.440287  0.444509  0.44599  0.44633  0.446012  0.444356  0.438985  0.424573  0.393669  0.348655  0.323703  0.348655  0.393669  0.424573  0.438985  0.444356  0.446012  0.44633  0.44599  0.444509  0.440287  0.430519  0.410255  0.431478  0.617401  0.679375  
0.654779  0.596804  0.422881  0.414951  0.437278  0.444152  0.446556  0.446929  0.447118  0.447376  0.447411  0.445269  0.435005  0.404976  0.352479  0.321133  0.352479  0.404976  0.435005  0.445269  0.447411  0.447376  0.447118  0.446929  0.446556  0.444152  0.437278  0.414951  0.422881  0.596804  0.654779  
0.634385  0.580551  0.41905  0.4198  0.441714  0.445818  0.446769  0.446326  0.446278  0.446579  0.447348  0.447516  0.441511  0.413727  0.354176  0.315977  0.354176  0.413727  0.441511  0.447516  0.447348  0.446579  0.446278  0.446326  0.446769  0.445818  0.441714  0.4198  0.41905  0.580551  0.634385  
0.617365  0.567583  0.41824  0.423919  0.444318  0.446325  0.446379  0.445651  0.445605  0.445927  0.447016  0.448864  0.447213  0.423119  0.357278  0.311976  0.357278  0.423119  0.447213  0.448864  0.447016  0.445927  0.445605  0.445651  0.446379  0.446325  0.444318  0.423919  0.41824  0.567583  0.617365  
0.603386  0.557429  0.419558  0.427161  0.445666  0.446314  0.445865  0.4451  0.445003  0.445097  0.44588  0.448332  0.450318  0.430557  0.35885  0.306182  0.35885  0.430557  0.450318  0.448332  0.44588  0.445097  0.445003  0.4451  0.445865  0.446314  0.445666  0.427161  0.419558  0.557429  0.603386  
0.591666  0.549279  0.42212  0.42943  0.446133  0.44615  0.445511  0.444912  0.444885  0.444872  0.445295  0.447829  0.452953  0.438111  0.361058  0.300909  0.361058  0.438111  0.452953  0.447829  0.445295  0.444872  0.444885  0.444912  0.445511  0.44615  0.446133  0.42943  0.42212  0.549279  0.591666  
0.582167  0.543074  0.425794  0.43109  0.446113  0.446024  0.445333  0.444902  0.444887  0.444713  0.44463  0.446656  0.45412  0.444199  0.361982  0.294242  0.361982  0.444199  0.45412  0.446656  0.44463  0.444713  0.444887  0.444902  0.445333  0.446024  0.446113  0.43109  0.425794  0.543074  0.582167  
0.574094  0.538065  0.429977  0.432099  0.445629  0.445899  0.445284  0.445006  0.445036  0.444826  0.444426  0.445854  0.455242  0.450203  0.36299  0.287671  0.36299  0.450203  0.455242  0.445854  0.444426  0.444826  0.445036  0.445006  0.445284  0.445899  0.445629  0.432099  0.429977  0.538065  0.574094  
0.567721  0.534538  0.434989  0.433038  0.445001  0.445846  0.445343  0.445138  0.445166  0.444874  0.444183  0.444898  0.455736  0.455106  0.36275  0.279892  0.36275  0.455106  0.455736  0.444898  0.444183  0.444874  0.445166  0.445138  0.445343  0.445846  0.445001  0.433038  0.434989  0.534538  0.567721  
0.562132  0.53165  0.440204  0.433716  0.443995  0.445618  0.445387  0.445259  0.445288  0.44493  0.444114  0.444345  0.456553  0.459808  0.362101  0.271868  0.362101  0.459808  0.456553  0.444345  0.444114  0.44493  0.445288  0.445259  0.445387  0.445618  0.443995  0.433716  0.440204  0.53165  0.562132  
0.557956  0.530044  0.446307  0.434955  0.443085  0.445368  0.445458  0.445373  0.445356  0.444852  0.44394  0.443886  0.457383  0.4636  0.360052  0.262675  0.360052  0.4636  0.457383  0.443886  0.44394  0.444852  0.445356  0.445373  0.445458  0.445368  0.443085  0.434955  0.446307  0.530044  0.557956  
0.554013  0.528622  0.452446  0.436337  0.441876  0.444676  0.445262  0.445329  0.445292  0.444626  0.44376  0.443882  0.45887  0.466974  0.35704  0.252909  0.35704  0.466974  0.45887  0.443882  0.44376  0.444626  0.445292  0.445329  0.445262  0.444676  0.441876  0.436337  0.452446  0.528622  0.554013  
0.551391  0.528471  0.459711  0.43906  0.441265  0.44398  0.444938  0.445123  0.445021  0.4442  0.443532  0.44431  0.460892  0.469318  0.352245  0.241888  0.352245  0.469318  0.460892  0.44431  0.443532  0.4442  0.445021  0.445123  0.444938  0.44398  0.441265  0.43906  0.459711  0.528471  0.551391  
0.548445  0.528033  0.466796  0.442353  0.440763  0.442802  0.444039  0.444438  0.444378  0.443597  0.443458  0.445569  0.463843  0.470675  0.345741  0.229934  0.345741  0.470675  0.463843  0.445569  0.443458  0.443597  0.444378  0.444438  0.444039  0.442802  0.440763  0.442353  0.466796  0.528033  0.548445  
0.546945  0.529045  0.475345  0.447955  0.442015  0.442331  0.443238  0.443623  0.443582  0.443099  0.443898  0.447984  0.467602  0.470254  0.336725  0.21651  0.336725  0.470254  0.467602  0.447984  0.443898  0.443099  0.443582  0.443623  0.443238  0.442331  0.442015  0.447955  0.475345  0.529045  0.546945  
0.544434  0.529133  0.483229  0.454408  0.444331  0.442283  0.442398  0.442702  0.442892  0.443211  0.445476  0.452088  0.472085  0.467411  0.32488  0.201715  0.32488  0.467411  0.472085  0.452088  0.445476  0.443211  0.442892  0.442702  0.442398  0.442283  0.444331  0.454408  0.483229  0.529133  0.544434  
0.543851  0.531137  0.492995  0.464189  0.450335  0.445156  0.443604  0.44334  0.443703  0.445109  0.449152  0.458305  0.476533  0.460681  0.30925  0.185091  0.30925  0.460681  0.476533  0.458305  0.449152  0.445109  0.443703  0.44334  0.443604  0.445156  0.450335  0.464189  0.492995  0.531137  0.543851  
0.541195  0.531137  0.500963  0.474326  0.458358  0.450512  0.447234  0.446393  0.447154  0.449935  0.455839  0.46659  0.479339  0.448137  0.289038  0.166549  0.289038  0.448137  0.479339  0.46659  0.455839  0.449935  0.447154  0.446393  0.447234  0.450512  0.458358  0.474326  0.500963  0.531137  0.541195  
0.541759  0.534192  0.511491  0.488437  0.471843  0.461857  0.456695  0.454907  0.455727  0.459402  0.466218  0.475597  0.477133  0.426695  0.262952  0.145669  0.262952  0.426695  0.477133  0.475597  0.466218  0.459402  0.455727  0.454907  0.456695  0.461857  0.471843  0.488437  0.511491  0.534192  0.541759  
0.538011  0.532912  0.517616  0.500266  0.486014  0.476258  0.470631  0.468532  0.469467  0.473234  0.478437  0.480491  0.463524  0.392005  0.229643  0.122236  0.229643  0.392005  0.463524  0.480491  0.478437  0.473234  0.469467  0.468532  0.470631  0.476258  0.486014  0.500266  0.517616  0.532912  0.538011  
0.541417  0.538193  0.528522  0.51637  0.505097  0.496452  0.490964  0.488513  0.488237  0.488329  0.484628  0.469302  0.427316  0.338047  0.187487  0.0959128  0.187487  0.338047  0.427316  0.469302  0.484628  0.488329  0.488237  0.488513  0.490964  0.496452  0.505097  0.51637  0.528522  0.538193  0.541417  
0.532376  0.531233  0.527805  0.523296  0.518794  0.514691  0.510546  0.505185  0.496541  0.481664  0.456253  0.414831  0.350384  0.257433  0.135052  0.0665707  0.135052  0.257433  0.350384  0.414831  0.456253  0.481664  0.496541  0.505185  0.510546  0.514691  0.518794  0.523296  0.527805  0.531233  0.532376  
0.555223  0.552822  0.545621  0.53385  0.517753  0.497434  0.472786  0.44354  0.409233  0.369331  0.323184  0.270314  0.210323  0.143877  0.0718163  0.0343339  0.0718163  0.143877  0.210323  0.270314  0.323184  0.369331  0.409233  0.44354  0.472786  0.497434  0.517753  0.53385  0.545621  0.552822  0.555223  
0  0  0  0  0  0  0  0  0  0  0  0  0  0  0  0  0  0  0  0  0  0  0  0  0  0  0  0  0  0  0  
