1  1  1  1  1  1  1  1  1  1  1  1  1  1  1  1  1  1  1  1  1  1  1  1  1  1  1  1  1  1  1  
0.941477  0.911739  0.822526  0.740678  0.666669  0.601494  0.544587  0.495401  0.453105  0.417043  0.386617  0.361473  0.341446  0.326658  0.317449  0.314291  0.317449  0.326658  0.341446  0.361473  0.386617  0.417043  0.453105  0.495401  0.544587  0.601494  0.666669  0.740678  0.822526  0.911739  0.941477  
0.884524  0.834005  0.682448  0.567973  0.488394  0.437296  0.405914  0.387609  0.377049  0.370617  0.365709  0.360804  0.355214  0.349275  0.344297  0.34225  0.344297  0.349275  0.355214  0.360804  0.365709  0.370617  0.377049  0.387609  0.405914  0.437296  0.488394  0.567973  0.682448  0.834005  0.884524  
0.831606  0.769444  0.582955  0.472934  0.42078  0.401558  0.396649  0.396615  0.396332  0.393642  0.387434  0.377465  0.364113  0.349078  0.33606  0.330601  0.33606  0.349078  0.364113  0.377465  0.387434  0.393642  0.396332  0.396615  0.396649  0.401558  0.42078  0.472934  0.582955  0.769444  0.831606  
0.78435  0.717327  0.51626  0.427836  0.406035  0.407721  0.413356  0.417578  0.418667  0.416472  0.410389  0.399665  0.383564  0.363027  0.34312  0.334172  0.34312  0.363027  0.383564  0.399665  0.410389  0.416472  0.418667  0.417578  0.413356  0.407721  0.406035  0.427836  0.51626  0.717327  0.78435  
0.743349  0.675822  0.473243  0.410345  0.410769  0.420989  0.42832  0.432289  0.433153  0.431291  0.425831  0.415161  0.39703  0.37074  0.342226  0.328557  0.342226  0.37074  0.39703  0.415161  0.425831  0.431291  0.433153  0.432289  0.42832  0.420989  0.410769  0.410345  0.473243  0.675822  0.743349  
0.708387  0.642916  0.446503  0.406758  0.420494  0.432135  0.438341  0.441279  0.442063  0.441228  0.437872  0.429754  0.412878  0.383556  0.346899  0.327987  0.346899  0.383556  0.412878  0.429754  0.437872  0.441228  0.442063  0.441279  0.438341  0.432135  0.420494  0.406758  0.446503  0.642916  0.708387  
0.678987  0.616912  0.430688  0.409315  0.429476  0.439158  0.443321  0.444772  0.445111  0.444824  0.443227  0.437945  0.423648  0.392881  0.348001  0.323111  0.348001  0.392881  0.423648  0.437945  0.443227  0.444824  0.445111  0.444772  0.443321  0.439158  0.429476  0.409315  0.430688  0.616912  0.678987  
0.654355  0.596279  0.42205  0.413965  0.436178  0.442956  0.445296  0.445637  0.445826  0.446116  0.446216  0.44417  0.434032  0.404158  0.351821  0.320552  0.351821  0.404158  0.434032  0.44417  0.446216  0.446116  0.445826  0.445637  0.445296  0.442956  0.436178  0.413965  0.42205  0.596279  0.654355  
0.633931  0.579994  0.418186  0.418774  0.440563  0.444564  0.445446  0.444969  0.444921  0.445257  0.446095  0.446364  0.440493  0.412878  0.353513  0.315407  0.353513  0.412878  0.440493  0.446364  0.446095  0.445257  0.444921  0.444969  0.445446  0.444564  0.440563  0.418774  0.418186  0.579994  0.633931  
0.616884  0.567  0.417349  0.422859  0.443124  0.445021  0.445003  0.444239  0.444193  0.444552  0.445714  0.447669  0.446159  0.422245  0.356612  0.31142  0.356612  0.422245  0.446159  0.447669  0.445714  0.444552  0.444193  0.444239  0.445003  0.445021  0.443124  0.422859  0.417349  0.567  0.616884  
0.602881  0.556822  0.418646  0.426072  0.444436  0.44497  0.444445  0.443642  0.443546  0.443678  0.444537  0.447101  0.449232  0.429658  0.358181  0.305638  0.358181  0.429658  0.449232  0.447101  0.444537  0.443678  0.443546  0.443642  0.444445  0.44497  0.444436  0.426072  0.418646  0.556822  0.602881  
0.59114  0.548653  0.421193  0.428319  0.444875  0.444775  0.444057  0.443419  0.443392  0.443419  0.44392  0.44657  0.451844  0.437194  0.360389  0.30038  0.360389  0.437194  0.451844  0.44657  0.44392  0.443419  0.443392  0.443419  0.444057  0.444775  0.444875  0.428319  0.421193  0.548653  0.59114  
0.581622  0.542431  0.424857  0.429963  0.444834  0.444625  0.443854  0.443383  0.443368  0.443235  0.443232  0.445377  0.452993  0.443266  0.361313  0.293728  0.361313  0.443266  0.452993  0.445377  0.443232  0.443235  0.443368  0.443383  0.443854  0.444625  0.444834  0.429963  0.424857  0.542431  0.581622  
0.573532  0.537408  0.429036  0.430963  0.444339  0.444487  0.44379  0.443471  0.443502  0.443333  0.443014  0.444564  0.454104  0.449259  0.362324  0.287174  0.362324  0.449259  0.454104  0.444564  0.443014  0.443333  0.443502  0.443471  0.44379  0.444487  0.444339  0.430963  0.429036  0.537408  0.573532  
0.567145  0.53387  0.434048  0.431898  0.443706  0.444429  0.443845  0.443598  0.443627  0.443376  0.442767  0.443604  0.454595  0.454156  0.362089  0.279412  0.362089  0.454156  0.454595  0.443604  0.442767  0.443376  0.443627  0.443598  0.443845  0.444429  0.443706  0.431898  0.434048  0.53387  0.567145  
0.561543  0.530974  0.439268  0.43258  0.442704  0.444206  0.443894  0.443725  0.443754  0.443437  0.442703  0.443056  0.455414  0.458857  0.361447  0.271407  0.361447  0.458857  0.455414  0.443056  0.442703  0.443437  0.443754  0.443725  0.443894  0.444206  0.442704  0.43258  0.439268  0.530974  0.561543  
0.557354  0.529361  0.44538  0.43383  0.441806  0.44397  0.44398  0.443854  0.443838  0.443374  0.442541  0.442608  0.456253  0.462653  0.359409  0.262233  0.359409  0.462653  0.456253  0.442608  0.442541  0.443374  0.443838  0.443854  0.44398  0.44397  0.441806  0.43383  0.44538  0.529361  0.557354  
0.553402  0.527935  0.451533  0.435231  0.440618  0.443301  0.443809  0.443835  0.443798  0.443173  0.442385  0.442625  0.457756  0.466035  0.35641  0.252489  0.35641  0.466035  0.457756  0.442625  0.442385  0.443173  0.443798  0.443835  0.443809  0.443301  0.440618  0.435231  0.451533  0.527935  0.553402  
0.550769  0.527781  0.458815  0.437978  0.440035  0.442637  0.443519  0.443665  0.443564  0.442781  0.442188  0.443081  0.4598  0.468393  0.351632  0.24149  0.351632  0.468393  0.4598  0.443081  0.442188  0.442781  0.443564  0.443665  0.443519  0.442637  0.440035  0.437978  0.458815  0.527781  0.550769  
0.547816  0.527342  0.465921  0.441301  0.43957  0.4415  0.442664  0.443026  0.442966  0.442222  0.442155  0.444375  0.462779  0.46977  0.345148  0.22956  0.345148  0.46977  0.462779  0.444375  0.442155  0.442222  0.442966  0.443026  0.442664  0.4415  0.43957  0.441301  0.465921  0.527342  0.547816  
0.546307  0.528353  0.474492  0.44694  0.440865  0.441078  0.441916  0.442266  0.442225  0.441778  0.442644  0.446834  0.46657  0.469374  0.336157  0.216161  0.336157  0.469374  0.46657  0.446834  0.442644  0.441778  0.442225  0.442266  0.441916  0.441078  0.440865  0.44694  0.474492  0.528353  0.546307  
0.54379  0.528443  0.482402  0.453436  0.443234  0.441089  0.44114  0.441411  0.441601  0.441952  0.444281  0.450987  0.471092  0.466564  0.324341  0.201393  0.324341  0.466564  0.471092  0.450987  0.444281  0.441952  0.441601  0.441411  0.44114  0.441089  0.443234  0.453436  0.482402  0.528443  0.54379  
0.543198  0.530447  0.492194  0.463261  0.449295  0.444028  0.442417  0.442123  0.442486  0.443922  0.448023  0.457259  0.475582  0.459873  0.308746  0.184798  0.308746  0.459873  0.475582  0.457259  0.448023  0.443922  0.442486  0.442123  0.442417  0.444028  0.449295  0.463261  0.492194  0.530447  0.543198  
0.540538  0.530451  0.500189  0.473448  0.457383  0.449459  0.446129  0.44526  0.44602  0.448827  0.454782  0.465603  0.478438  0.447376  0.288575  0.166289  0.288575  0.447376  0.478438  0.465603  0.454782  0.448827  0.44602  0.44526  0.446129  0.449459  0.457383  0.473448  0.500189  0.530451  0.540538  
0.541094  0.533505  0.51074  0.487605  0.470933  0.460882  0.455675  0.453865  0.454684  0.458379  0.465237  0.474674  0.476289  0.425995  0.262538  0.145444  0.262538  0.425995  0.476289  0.474674  0.465237  0.458379  0.454684  0.453865  0.455675  0.460882  0.470933  0.487605  0.51074  0.533505  0.541094  
0.537344  0.53223  0.51689  0.499482  0.485172  0.475366  0.469703  0.467584  0.468518  0.4723  0.477534  0.479637  0.462751  0.391383  0.229288  0.122049  0.229288  0.391383  0.462751  0.479637  0.477534  0.4723  0.468518  0.467584  0.469703  0.475366  0.485172  0.499482  0.51689  0.53223  0.537344  
0.540738  0.537505  0.527809  0.515621  0.504312  0.495633  0.49012  0.487655  0.487377  0.487481  0.483808  0.468535  0.426641  0.337526  0.187201  0.0957667  0.187201  0.337526  0.426641  0.468535  0.483808  0.487481  0.487377  0.487655  0.49012  0.495633  0.504312  0.515621  0.527809  0.537505  0.540738  
0.531702  0.530555  0.527113  0.522583  0.518058  0.513935  0.509776  0.504408  0.495771  0.480917  0.455549  0.414196  0.349852  0.257045  0.134849  0.0664699  0.134849  0.257045  0.349852  0.414196  0.455549  0.480917  0.495771  0.504408  0.509776  0.513935  0.518058  0.522583  0.527113  0.530555  0.531702  
0.554506  0.552107  0.544908  0.533144  0.517057  0.496753  0.472129  0.442914  0.408648  0.368798  0.322713  0.269918  0.210013  0.143664  0.0717089  0.0342821  0.0717089  0.143664  0.210013  0.269918  0.322713  0.368798  0.408648  0.442914  0.472129  0.496753  0.517057  0.533144  0.544908  0.552107  0.554506  
0  0  0  0  0  0  0  0  0  0  0  0  0  0  0  0  0  0  0  0  0  0  0  0  0  0  0  0  0  0  0  
