1  1  1  1  1  1  1  1  1  1  1  1  1  1  1  1  1  1  1  1  1  1  1  1  1  1  1  1  1  1  1  
0.941476  0.911738  0.822524  0.740674  0.666664  0.601488  0.54458  0.495394  0.453097  0.417035  0.386609  0.361464  0.341438  0.326649  0.317441  0.314282  0.317441  0.326649  0.341438  0.361464  0.386609  0.417035  0.453097  0.495394  0.54458  0.601488  0.666664  0.740674  0.822524  0.911738  0.941476  
0.884522  0.834002  0.682443  0.567966  0.488386  0.437287  0.405905  0.387599  0.377039  0.370607  0.3657  0.360795  0.355205  0.349266  0.344289  0.342242  0.344289  0.349266  0.355205  0.360795  0.3657  0.370607  0.377039  0.387599  0.405905  0.437287  0.488386  0.567966  0.682443  0.834002  0.884522  
0.831604  0.76944  0.582948  0.472925  0.42077  0.401547  0.396638  0.396604  0.396321  0.393631  0.387423  0.377455  0.364103  0.349069  0.336052  0.330593  0.336052  0.349069  0.364103  0.377455  0.387423  0.393631  0.396321  0.396604  0.396638  0.401547  0.42077  0.472925  0.582948  0.76944  0.831604  
0.784347  0.717323  0.516252  0.427826  0.406024  0.40771  0.413344  0.417565  0.418655  0.41646  0.410378  0.399654  0.383554  0.363017  0.343112  0.334164  0.343112  0.363017  0.383554  0.399654  0.410378  0.41646  0.418655  0.417565  0.413344  0.40771  0.406024  0.427826  0.516252  0.717323  0.784347  
0.743345  0.675817  0.473234  0.410334  0.410757  0.420977  0.428307  0.432275  0.43314  0.431277  0.425818  0.415149  0.39702  0.37073  0.342218  0.328548  0.342218  0.37073  0.39702  0.415149  0.425818  0.431277  0.43314  0.432275  0.428307  0.420977  0.410757  0.410334  0.473234  0.675817  0.743345  
0.708383  0.64291  0.446493  0.406746  0.420481  0.432121  0.438326  0.441264  0.442048  0.441213  0.437858  0.429741  0.412866  0.383546  0.346891  0.327979  0.346891  0.383546  0.412866  0.429741  0.437858  0.441213  0.442048  0.441264  0.438326  0.432121  0.420481  0.406746  0.446493  0.64291  0.708383  
0.678981  0.616906  0.430678  0.409302  0.429462  0.439143  0.443305  0.444756  0.445095  0.444809  0.443212  0.437931  0.423636  0.39287  0.347992  0.323103  0.347992  0.39287  0.423636  0.437931  0.443212  0.444809  0.445095  0.444756  0.443305  0.439143  0.429462  0.409302  0.430678  0.616906  0.678981  
0.65435  0.596272  0.422039  0.413952  0.436163  0.442941  0.44528  0.44562  0.445809  0.4461  0.4462  0.444155  0.43402  0.404147  0.351813  0.320544  0.351813  0.404147  0.43402  0.444155  0.4462  0.4461  0.445809  0.44562  0.44528  0.442941  0.436163  0.413952  0.422039  0.596272  0.65435  
0.633925  0.579987  0.418174  0.41876  0.440548  0.444548  0.445429  0.444951  0.444903  0.44524  0.446078  0.446349  0.44048  0.412867  0.353504  0.3154  0.353504  0.412867  0.44048  0.446349  0.446078  0.44524  0.444903  0.444951  0.445429  0.444548  0.440548  0.41876  0.418174  0.579987  0.633925  
0.616877  0.566992  0.417337  0.422845  0.443108  0.445004  0.444985  0.444221  0.444174  0.444534  0.445697  0.447654  0.446145  0.422233  0.356603  0.311412  0.356603  0.422233  0.446145  0.447654  0.445697  0.444534  0.444174  0.444221  0.444985  0.445004  0.443108  0.422845  0.417337  0.566992  0.616877  
0.602874  0.556814  0.418634  0.426058  0.44442  0.444952  0.444427  0.443623  0.443527  0.44366  0.444519  0.447085  0.449218  0.429647  0.358173  0.305631  0.358173  0.429647  0.449218  0.447085  0.444519  0.44366  0.443527  0.443623  0.444427  0.444952  0.44442  0.426058  0.418634  0.556814  0.602874  
0.591133  0.548645  0.42118  0.428304  0.444858  0.444756  0.444038  0.4434  0.443373  0.4434  0.443902  0.446553  0.451829  0.437182  0.36038  0.300373  0.36038  0.437182  0.451829  0.446553  0.443902  0.4434  0.443373  0.4434  0.444038  0.444756  0.444858  0.428304  0.42118  0.548645  0.591133  
0.581615  0.542422  0.424845  0.429948  0.444818  0.444607  0.443835  0.443363  0.443348  0.443216  0.443214  0.44536  0.452978  0.443253  0.361305  0.293721  0.361305  0.443253  0.452978  0.44536  0.443214  0.443216  0.443348  0.443363  0.443835  0.444607  0.444818  0.429948  0.424845  0.542422  0.581615  
0.573525  0.5374  0.429024  0.430948  0.444322  0.444468  0.443771  0.443451  0.443482  0.443313  0.442996  0.444547  0.454089  0.449246  0.362316  0.287168  0.362316  0.449246  0.454089  0.444547  0.442996  0.443313  0.443482  0.443451  0.443771  0.444468  0.444322  0.430948  0.429024  0.5374  0.573525  
0.567137  0.533862  0.434035  0.431883  0.443689  0.44441  0.443825  0.443578  0.443607  0.443357  0.442748  0.443587  0.45458  0.454144  0.362081  0.279406  0.362081  0.454144  0.45458  0.443587  0.442748  0.443357  0.443607  0.443578  0.443825  0.44441  0.443689  0.431883  0.434035  0.533862  0.567137  
0.561535  0.530965  0.439255  0.432565  0.442687  0.444188  0.443874  0.443705  0.443734  0.443418  0.442684  0.443039  0.455399  0.458844  0.361439  0.271401  0.361439  0.458844  0.455399  0.443039  0.442684  0.443418  0.443734  0.443705  0.443874  0.444188  0.442687  0.432565  0.439255  0.530965  0.561535  
0.557346  0.529352  0.445368  0.433815  0.441789  0.443952  0.44396  0.443834  0.443818  0.443355  0.442523  0.442591  0.456239  0.46264  0.359401  0.262227  0.359401  0.46264  0.456239  0.442591  0.442523  0.443355  0.443818  0.443834  0.44396  0.443952  0.441789  0.433815  0.445368  0.529352  0.557346  
0.553394  0.527926  0.451521  0.435216  0.440601  0.443283  0.443789  0.443816  0.443779  0.443154  0.442366  0.442608  0.457741  0.466023  0.356402  0.252483  0.356402  0.466023  0.457741  0.442608  0.442366  0.443154  0.443779  0.443816  0.443789  0.443283  0.440601  0.435216  0.451521  0.527926  0.553394  
0.550761  0.527772  0.458803  0.437963  0.440019  0.442619  0.4435  0.443646  0.443544  0.442763  0.44217  0.443065  0.459785  0.468381  0.351624  0.241485  0.351624  0.468381  0.459785  0.443065  0.44217  0.442763  0.443544  0.443646  0.4435  0.442619  0.440019  0.437963  0.458803  0.527772  0.550761  
0.547808  0.527333  0.465909  0.441287  0.439554  0.441483  0.442646  0.443008  0.442947  0.442204  0.442138  0.44436  0.462765  0.469758  0.34514  0.229555  0.34514  0.469758  0.462765  0.44436  0.442138  0.442204  0.442947  0.443008  0.442646  0.441483  0.439554  0.441287  0.465909  0.527333  0.547808  
0.546298  0.528344  0.474481  0.446926  0.44085  0.441062  0.441899  0.442249  0.442207  0.44176  0.442628  0.446819  0.466557  0.469363  0.336149  0.216156  0.336149  0.469363  0.466557  0.446819  0.442628  0.44176  0.442207  0.442249  0.441899  0.441062  0.44085  0.446926  0.474481  0.528344  0.546298  
0.543782  0.528434  0.482392  0.453423  0.443219  0.441073  0.441123  0.441394  0.441584  0.441935  0.444265  0.450972  0.471079  0.466552  0.324334  0.201389  0.324334  0.466552  0.471079  0.450972  0.444265  0.441935  0.441584  0.441394  0.441123  0.441073  0.443219  0.453423  0.482392  0.528434  0.543782  
0.54319  0.530438  0.492183  0.463248  0.449281  0.444013  0.442402  0.442107  0.44247  0.443906  0.448008  0.457245  0.47557  0.459862  0.30874  0.184794  0.30874  0.459862  0.47557  0.457245  0.448008  0.443906  0.44247  0.442107  0.442402  0.444013  0.449281  0.463248  0.492183  0.530438  0.54319  
0.54053  0.530442  0.500179  0.473436  0.45737  0.449446  0.446114  0.445245  0.446005  0.448812  0.454768  0.46559  0.478426  0.447366  0.288569  0.166285  0.288569  0.447366  0.478426  0.46559  0.454768  0.448812  0.446005  0.445245  0.446114  0.449446  0.45737  0.473436  0.500179  0.530442  0.54053  
0.541085  0.533496  0.51073  0.487595  0.470921  0.46087  0.455662  0.453851  0.45467  0.458366  0.465224  0.474662  0.476277  0.425986  0.262533  0.145441  0.262533  0.425986  0.476277  0.474662  0.465224  0.458366  0.45467  0.453851  0.455662  0.46087  0.470921  0.487595  0.51073  0.533496  0.541085  
0.537335  0.532221  0.516881  0.499472  0.485161  0.475355  0.469691  0.467572  0.468505  0.472287  0.477522  0.479626  0.462741  0.391374  0.229283  0.122046  0.229283  0.391374  0.462741  0.479626  0.477522  0.472287  0.468505  0.467572  0.469691  0.475355  0.485161  0.499472  0.516881  0.532221  0.537335  
0.540729  0.537496  0.527799  0.515611  0.504301  0.495622  0.490109  0.487644  0.487366  0.487469  0.483797  0.468525  0.426632  0.337519  0.187197  0.0957647  0.187197  0.337519  0.426632  0.468525  0.483797  0.487469  0.487366  0.487644  0.490109  0.495622  0.504301  0.515611  0.527799  0.537496  0.540729  
0.531693  0.530546  0.527104  0.522573  0.518049  0.513925  0.509765  0.504398  0.495761  0.480907  0.45554  0.414188  0.349845  0.257039  0.134846  0.0664685  0.134846  0.257039  0.349845  0.414188  0.45554  0.480907  0.495761  0.504398  0.509765  0.513925  0.518049  0.522573  0.527104  0.530546  0.531693  
0.554497  0.552097  0.544899  0.533135  0.517048  0.496745  0.47212  0.442906  0.40864  0.368791  0.322707  0.269913  0.210009  0.143661  0.0717075  0.0342814  0.0717075  0.143661  0.210009  0.269913  0.322707  0.368791  0.40864  0.442906  0.47212  0.496745  0.517048  0.533135  0.544899  0.552097  0.554497  
0  0  0  0  0  0  0  0  0  0  0  0  0  0  0  0  0  0  0  0  0  0  0  0  0  0  0  0  0  0  0  
