1  1  1  1  1  1  1  1  1  1  1  1  1  1  1  1  1  1  1  1  1  1  1  1  1  1  1  1  1  1  1  
0.941473  0.911734  0.822516  0.740664  0.66665  0.601472  0.544562  0.495374  0.453075  0.417013  0.386586  0.361441  0.341414  0.326625  0.317417  0.314258  0.317417  0.326625  0.341414  0.361441  0.386586  0.417013  0.453075  0.495374  0.544562  0.601472  0.66665  0.740664  0.822516  0.911734  0.941473  
0.884517  0.833995  0.68243  0.567948  0.488364  0.437262  0.405879  0.387572  0.377012  0.37058  0.365674  0.36077  0.355181  0.349243  0.344266  0.342219  0.344266  0.349243  0.355181  0.36077  0.365674  0.37058  0.377012  0.387572  0.405879  0.437262  0.488364  0.567948  0.68243  0.833995  0.884517  
0.831597  0.76943  0.58293  0.472902  0.420743  0.401519  0.396608  0.396574  0.39629  0.393601  0.387394  0.377428  0.364077  0.349044  0.336029  0.33057  0.336029  0.349044  0.364077  0.377428  0.387394  0.393601  0.39629  0.396574  0.396608  0.401519  0.420743  0.472902  0.58293  0.76943  0.831597  
0.784337  0.717311  0.516231  0.427799  0.405993  0.407677  0.41331  0.417532  0.418621  0.416426  0.410346  0.399624  0.383526  0.362992  0.343089  0.334142  0.343089  0.362992  0.383526  0.399624  0.410346  0.416426  0.418621  0.417532  0.41331  0.407677  0.405993  0.427799  0.516231  0.717311  0.784337  
0.743334  0.675803  0.47321  0.410304  0.410724  0.420941  0.42827  0.432238  0.433102  0.431241  0.425783  0.415117  0.39699  0.370704  0.342194  0.328526  0.342194  0.370704  0.39699  0.415117  0.425783  0.431241  0.433102  0.432238  0.42827  0.420941  0.410724  0.410304  0.47321  0.675803  0.743334  
0.70837  0.642894  0.446466  0.406714  0.420446  0.432083  0.438286  0.441223  0.442007  0.441173  0.43782  0.429706  0.412835  0.383519  0.346868  0.327958  0.346868  0.383519  0.412835  0.429706  0.43782  0.441173  0.442007  0.441223  0.438286  0.432083  0.420446  0.406714  0.446466  0.642894  0.70837  
0.678967  0.616888  0.430649  0.409268  0.429425  0.439102  0.443262  0.444712  0.445052  0.444766  0.443172  0.437893  0.423603  0.392842  0.347969  0.323082  0.347969  0.392842  0.423603  0.437893  0.443172  0.444766  0.445052  0.444712  0.443262  0.439102  0.429425  0.409268  0.430649  0.616888  0.678967  
0.654334  0.596253  0.422009  0.413916  0.436124  0.442898  0.445234  0.445574  0.445762  0.446054  0.446157  0.444116  0.433985  0.404118  0.351789  0.320523  0.351789  0.404118  0.433985  0.444116  0.446157  0.446054  0.445762  0.445574  0.445234  0.442898  0.436124  0.413916  0.422009  0.596253  0.654334  
0.633908  0.579967  0.418143  0.418723  0.440506  0.444503  0.445381  0.444902  0.444854  0.445192  0.446033  0.446307  0.440443  0.412837  0.353481  0.315379  0.353481  0.412837  0.440443  0.446307  0.446033  0.445192  0.444854  0.444902  0.445381  0.444503  0.440506  0.418723  0.418143  0.579967  0.633908  
0.61686  0.566971  0.417305  0.422807  0.443065  0.444957  0.444935  0.44417  0.444123  0.444484  0.44565  0.447611  0.446107  0.422202  0.356579  0.311392  0.356579  0.422202  0.446107  0.447611  0.44565  0.444484  0.444123  0.44417  0.444935  0.444957  0.443065  0.422807  0.417305  0.566971  0.61686  
0.602856  0.556792  0.418601  0.426018  0.444376  0.444903  0.444376  0.44357  0.443474  0.443608  0.444471  0.447041  0.449179  0.429614  0.358149  0.305612  0.358149  0.429614  0.449179  0.447041  0.444471  0.443608  0.443474  0.44357  0.444376  0.444903  0.444376  0.426018  0.418601  0.556792  0.602856  
0.591114  0.548622  0.421147  0.428264  0.444813  0.444707  0.443986  0.443346  0.443319  0.443348  0.443852  0.446508  0.451789  0.437149  0.360356  0.300354  0.360356  0.437149  0.451789  0.446508  0.443852  0.443348  0.443319  0.443346  0.443986  0.444707  0.444813  0.428264  0.421147  0.548622  0.591114  
0.581595  0.542399  0.424811  0.429907  0.444772  0.444557  0.443782  0.443309  0.443293  0.443162  0.443163  0.445314  0.452938  0.44322  0.36128  0.293702  0.36128  0.44322  0.452938  0.445314  0.443163  0.443162  0.443293  0.443309  0.443782  0.444557  0.444772  0.429907  0.424811  0.542399  0.581595  
0.573505  0.537376  0.42899  0.430907  0.444275  0.444418  0.443717  0.443396  0.443427  0.443259  0.442945  0.4445  0.454048  0.449212  0.362292  0.28715  0.362292  0.449212  0.454048  0.4445  0.442945  0.443259  0.443427  0.443396  0.443717  0.444418  0.444275  0.430907  0.42899  0.537376  0.573505  
0.567116  0.533837  0.434001  0.431842  0.443643  0.444359  0.443771  0.443523  0.443551  0.443303  0.442697  0.44354  0.454538  0.454109  0.362057  0.279388  0.362057  0.454109  0.454538  0.44354  0.442697  0.443303  0.443551  0.443523  0.443771  0.444359  0.443643  0.431842  0.434001  0.533837  0.567116  
0.561514  0.530941  0.439222  0.432525  0.442641  0.444137  0.44382  0.44365  0.443678  0.443364  0.442633  0.442992  0.455358  0.45881  0.361415  0.271384  0.361415  0.45881  0.455358  0.442992  0.442633  0.443364  0.443678  0.44365  0.44382  0.444137  0.442641  0.432525  0.439222  0.530941  0.561514  
0.557325  0.529327  0.445334  0.433775  0.441743  0.443901  0.443907  0.443779  0.443763  0.443301  0.442473  0.442545  0.456198  0.462606  0.359377  0.262211  0.359377  0.462606  0.456198  0.442545  0.442473  0.443301  0.443763  0.443779  0.443907  0.443901  0.441743  0.433775  0.445334  0.529327  0.557325  
0.553372  0.527901  0.451488  0.435177  0.440556  0.443234  0.443737  0.443762  0.443725  0.443101  0.442317  0.442563  0.457701  0.465989  0.356379  0.252468  0.356379  0.465989  0.457701  0.442563  0.442317  0.443101  0.443725  0.443762  0.443737  0.443234  0.440556  0.435177  0.451488  0.527901  0.553372  
0.550739  0.527747  0.458771  0.437924  0.439974  0.442571  0.443449  0.443594  0.443492  0.442711  0.442122  0.44302  0.459746  0.468348  0.351602  0.24147  0.351602  0.468348  0.459746  0.44302  0.442122  0.442711  0.443492  0.443594  0.443449  0.442571  0.439974  0.437924  0.458771  0.527747  0.550739  
0.547785  0.527308  0.465878  0.44125  0.439511  0.441436  0.442597  0.442957  0.442897  0.442155  0.442091  0.444317  0.462726  0.469725  0.345119  0.229541  0.345119  0.469725  0.462726  0.444317  0.442091  0.442155  0.442897  0.442957  0.442597  0.441436  0.439511  0.44125  0.465878  0.527308  0.547785  
0.546275  0.528319  0.474451  0.44689  0.440808  0.441017  0.441851  0.4422  0.442158  0.441713  0.442583  0.446777  0.46652  0.469331  0.336129  0.216144  0.336129  0.469331  0.46652  0.446777  0.442583  0.441713  0.442158  0.4422  0.441851  0.441017  0.440808  0.44689  0.474451  0.528319  0.546275  
0.543758  0.528409  0.482362  0.453388  0.44318  0.44103  0.441078  0.441347  0.441537  0.44189  0.444222  0.450933  0.471043  0.466522  0.324315  0.201378  0.324315  0.466522  0.471043  0.450933  0.444222  0.44189  0.441537  0.441347  0.441078  0.44103  0.44318  0.453388  0.482362  0.528409  0.543758  
0.543166  0.530413  0.492154  0.463215  0.449244  0.443973  0.442359  0.442063  0.442426  0.443863  0.447967  0.457208  0.475536  0.459833  0.308721  0.184784  0.308721  0.459833  0.475536  0.457208  0.447967  0.443863  0.442426  0.442063  0.442359  0.443973  0.449244  0.463215  0.492154  0.530413  0.543166  
0.540506  0.530417  0.500151  0.473405  0.457335  0.449408  0.446074  0.445204  0.445964  0.448772  0.45473  0.465555  0.478393  0.447339  0.288553  0.166276  0.288553  0.447339  0.478393  0.465555  0.45473  0.448772  0.445964  0.445204  0.446074  0.449408  0.457335  0.473405  0.500151  0.530417  0.540506  
0.541061  0.533471  0.510703  0.487565  0.470889  0.460835  0.455625  0.453813  0.454633  0.458329  0.465189  0.474629  0.476247  0.425961  0.262518  0.145433  0.262518  0.425961  0.476247  0.474629  0.465189  0.458329  0.454633  0.453813  0.455625  0.460835  0.470889  0.487565  0.510703  0.533471  0.541061  
0.537311  0.532197  0.516854  0.499444  0.485131  0.475322  0.469658  0.467538  0.468471  0.472254  0.47749  0.479595  0.462713  0.391352  0.22927  0.12204  0.22927  0.391352  0.462713  0.479595  0.47749  0.472254  0.468471  0.467538  0.469658  0.475322  0.485131  0.499444  0.516854  0.532197  0.537311  
0.540704  0.537472  0.527774  0.515584  0.504273  0.495593  0.490079  0.487613  0.487335  0.487439  0.483768  0.468497  0.426607  0.3375  0.187187  0.0957595  0.187187  0.3375  0.426607  0.468497  0.483768  0.487439  0.487335  0.487613  0.490079  0.495593  0.504273  0.515584  0.527774  0.537472  0.540704  
0.531669  0.530521  0.527079  0.522548  0.518022  0.513898  0.509738  0.50437  0.495733  0.48088  0.455514  0.414165  0.349826  0.257025  0.134839  0.0664649  0.134839  0.257025  0.349826  0.414165  0.455514  0.48088  0.495733  0.50437  0.509738  0.513898  0.518022  0.522548  0.527079  0.530521  0.531669  
0.554471  0.552071  0.544873  0.533109  0.517023  0.49672  0.472097  0.442883  0.408619  0.368771  0.32269  0.269898  0.209998  0.143653  0.0717036  0.0342796  0.0717036  0.143653  0.209998  0.269898  0.32269  0.368771  0.408619  0.442883  0.472097  0.49672  0.517023  0.533109  0.544873  0.552071  0.554471  
0  0  0  0  0  0  0  0  0  0  0  0  0  0  0  0  0  0  0  0  0  0  0  0  0  0  0  0  0  0  0  
