1  1  1  1  1  1  1  1  1  1  1  1  1  1  1  1  1  1  1  1  1  1  1  1  1  1  1  1  1  1  1  
0.941473  0.911734  0.822516  0.740663  0.66665  0.601471  0.544561  0.495373  0.453075  0.417012  0.386585  0.36144  0.341413  0.326625  0.317416  0.314258  0.317416  0.326625  0.341413  0.36144  0.386585  0.417012  0.453075  0.495373  0.544561  0.601471  0.66665  0.740663  0.822516  0.911734  0.941473  
0.884517  0.833995  0.682429  0.567948  0.488364  0.437262  0.405878  0.387572  0.377011  0.37058  0.365673  0.360769  0.35518  0.349242  0.344266  0.342219  0.344266  0.349242  0.35518  0.360769  0.365673  0.37058  0.377011  0.387572  0.405878  0.437262  0.488364  0.567948  0.682429  0.833995  0.884517  
0.831597  0.76943  0.58293  0.472901  0.420742  0.401518  0.396607  0.396573  0.396289  0.393601  0.387394  0.377427  0.364077  0.349044  0.336028  0.33057  0.336028  0.349044  0.364077  0.377427  0.387394  0.393601  0.396289  0.396573  0.396607  0.401518  0.420742  0.472901  0.58293  0.76943  0.831597  
0.784337  0.71731  0.51623  0.427798  0.405993  0.407677  0.413309  0.417531  0.41862  0.416425  0.410345  0.399624  0.383525  0.362992  0.343088  0.334142  0.343088  0.362992  0.383525  0.399624  0.410345  0.416425  0.41862  0.417531  0.413309  0.407677  0.405993  0.427798  0.51623  0.71731  0.784337  
0.743334  0.675802  0.473209  0.410304  0.410723  0.42094  0.428269  0.432237  0.433101  0.43124  0.425782  0.415116  0.396989  0.370703  0.342194  0.328526  0.342194  0.370703  0.396989  0.415116  0.425782  0.43124  0.433101  0.432237  0.428269  0.42094  0.410723  0.410304  0.473209  0.675802  0.743334  
0.70837  0.642894  0.446465  0.406713  0.420445  0.432082  0.438285  0.441222  0.442006  0.441172  0.437819  0.429705  0.412834  0.383518  0.346867  0.327957  0.346867  0.383518  0.412834  0.429705  0.437819  0.441172  0.442006  0.441222  0.438285  0.432082  0.420445  0.406713  0.446465  0.642894  0.70837  
0.678967  0.616887  0.430649  0.409268  0.429424  0.439101  0.443261  0.444711  0.44505  0.444765  0.443171  0.437892  0.423602  0.392841  0.347968  0.323081  0.347968  0.392841  0.423602  0.437892  0.443171  0.444765  0.44505  0.444711  0.443261  0.439101  0.429424  0.409268  0.430649  0.616887  0.678967  
0.654334  0.596253  0.422009  0.413915  0.436123  0.442896  0.445233  0.445572  0.445761  0.446053  0.446156  0.444115  0.433984  0.404117  0.351788  0.320523  0.351788  0.404117  0.433984  0.444115  0.446156  0.446053  0.445761  0.445572  0.445233  0.442896  0.436123  0.413915  0.422009  0.596253  0.654334  
0.633908  0.579967  0.418143  0.418722  0.440505  0.444501  0.44538  0.444901  0.444853  0.445191  0.446032  0.446306  0.440442  0.412836  0.35348  0.315378  0.35348  0.412836  0.440442  0.446306  0.446032  0.445191  0.444853  0.444901  0.44538  0.444501  0.440505  0.418722  0.418143  0.579967  0.633908  
0.61686  0.566971  0.417304  0.422806  0.443064  0.444956  0.444934  0.444169  0.444122  0.444483  0.445649  0.44761  0.446106  0.422201  0.356579  0.311392  0.356579  0.422201  0.446106  0.44761  0.445649  0.444483  0.444122  0.444169  0.444934  0.444956  0.443064  0.422806  0.417304  0.566971  0.61686  
0.602855  0.556792  0.4186  0.426017  0.444375  0.444902  0.444374  0.443569  0.443473  0.443607  0.444469  0.447039  0.449178  0.429613  0.358148  0.305611  0.358148  0.429613  0.449178  0.447039  0.444469  0.443607  0.443473  0.443569  0.444374  0.444902  0.444375  0.426017  0.4186  0.556792  0.602855  
0.591113  0.548622  0.421146  0.428263  0.444812  0.444706  0.443984  0.443344  0.443318  0.443346  0.443851  0.446507  0.451788  0.437148  0.360355  0.300354  0.360355  0.437148  0.451788  0.446507  0.443851  0.443346  0.443318  0.443344  0.443984  0.444706  0.444812  0.428263  0.421146  0.548622  0.591113  
0.581595  0.542399  0.42481  0.429906  0.44477  0.444555  0.44378  0.443307  0.443292  0.443161  0.443162  0.445313  0.452936  0.443219  0.36128  0.293702  0.36128  0.443219  0.452936  0.445313  0.443162  0.443161  0.443292  0.443307  0.44378  0.444555  0.44477  0.429906  0.42481  0.542399  0.581595  
0.573504  0.537375  0.428989  0.430906  0.444274  0.444416  0.443716  0.443395  0.443425  0.443258  0.442944  0.444499  0.454047  0.449211  0.362291  0.287149  0.362291  0.449211  0.454047  0.444499  0.442944  0.443258  0.443425  0.443395  0.443716  0.444416  0.444274  0.430906  0.428989  0.537375  0.573504  
0.567116  0.533837  0.434  0.431841  0.443641  0.444358  0.44377  0.443521  0.44355  0.443301  0.442696  0.443539  0.454537  0.454108  0.362056  0.279388  0.362056  0.454108  0.454537  0.443539  0.442696  0.443301  0.44355  0.443521  0.44377  0.444358  0.443641  0.431841  0.434  0.533837  0.567116  
0.561513  0.53094  0.439221  0.432523  0.44264  0.444136  0.443819  0.443648  0.443677  0.443363  0.442632  0.442991  0.455357  0.458809  0.361415  0.271384  0.361415  0.458809  0.455357  0.442991  0.442632  0.443363  0.443677  0.443648  0.443819  0.444136  0.44264  0.432523  0.439221  0.53094  0.561513  
0.557324  0.529326  0.445333  0.433774  0.441742  0.4439  0.443906  0.443778  0.443761  0.4433  0.442471  0.442544  0.456197  0.462605  0.359377  0.262211  0.359377  0.462605  0.456197  0.442544  0.442471  0.4433  0.443761  0.443778  0.443906  0.4439  0.441742  0.433774  0.445333  0.529326  0.557324  
0.553371  0.5279  0.451487  0.435176  0.440555  0.443233  0.443736  0.443761  0.443723  0.4431  0.442316  0.442562  0.4577  0.465988  0.356379  0.252468  0.356379  0.465988  0.4577  0.442562  0.442316  0.4431  0.443723  0.443761  0.443736  0.443233  0.440555  0.435176  0.451487  0.5279  0.553371  
0.550738  0.527746  0.45877  0.437923  0.439973  0.442569  0.443448  0.443592  0.44349  0.44271  0.442121  0.443019  0.459745  0.468347  0.351601  0.24147  0.351601  0.468347  0.459745  0.443019  0.442121  0.44271  0.44349  0.443592  0.443448  0.442569  0.439973  0.437923  0.45877  0.527746  0.550738  
0.547784  0.527307  0.465877  0.441249  0.43951  0.441435  0.442595  0.442956  0.442895  0.442153  0.44209  0.444316  0.462725  0.469725  0.345118  0.229541  0.345118  0.469725  0.462725  0.444316  0.44209  0.442153  0.442895  0.442956  0.442595  0.441435  0.43951  0.441249  0.465877  0.527307  0.547784  
0.546275  0.528319  0.47445  0.446889  0.440807  0.441015  0.44185  0.442198  0.442157  0.441711  0.442582  0.446776  0.466519  0.46933  0.336128  0.216143  0.336128  0.46933  0.466519  0.446776  0.442582  0.441711  0.442157  0.442198  0.44185  0.441015  0.440807  0.446889  0.47445  0.528319  0.546275  
0.543758  0.528409  0.482361  0.453387  0.443179  0.441029  0.441077  0.441346  0.441536  0.441889  0.444221  0.450932  0.471042  0.466521  0.324314  0.201377  0.324314  0.466521  0.471042  0.450932  0.444221  0.441889  0.441536  0.441346  0.441077  0.441029  0.443179  0.453387  0.482361  0.528409  0.543758  
0.543165  0.530412  0.492153  0.463214  0.449243  0.443972  0.442358  0.442062  0.442425  0.443862  0.447966  0.457207  0.475535  0.459832  0.308721  0.184784  0.308721  0.459832  0.475535  0.457207  0.447966  0.443862  0.442425  0.442062  0.442358  0.443972  0.449243  0.463214  0.492153  0.530412  0.543165  
0.540505  0.530417  0.50015  0.473404  0.457334  0.449407  0.446073  0.445203  0.445963  0.448771  0.454729  0.465554  0.478393  0.447338  0.288552  0.166276  0.288552  0.447338  0.478393  0.465554  0.454729  0.448771  0.445963  0.445203  0.446073  0.449407  0.457334  0.473404  0.50015  0.530417  0.540505  
0.54106  0.533471  0.510703  0.487564  0.470888  0.460834  0.455624  0.453812  0.454632  0.458328  0.465188  0.474628  0.476246  0.42596  0.262518  0.145432  0.262518  0.42596  0.476246  0.474628  0.465188  0.458328  0.454632  0.453812  0.455624  0.460834  0.470888  0.487564  0.510703  0.533471  0.54106  
0.53731  0.532196  0.516854  0.499443  0.48513  0.475322  0.469657  0.467537  0.46847  0.472253  0.477489  0.479595  0.462712  0.391351  0.22927  0.122039  0.22927  0.391351  0.462712  0.479595  0.477489  0.472253  0.46847  0.467537  0.469657  0.475322  0.48513  0.499443  0.516854  0.532196  0.53731  
0.540704  0.537471  0.527773  0.515584  0.504272  0.495592  0.490078  0.487612  0.487334  0.487438  0.483767  0.468497  0.426607  0.337499  0.187187  0.0957593  0.187187  0.337499  0.426607  0.468497  0.483767  0.487438  0.487334  0.487612  0.490078  0.495592  0.504272  0.515584  0.527773  0.537471  0.540704  
0.531668  0.530521  0.527078  0.522547  0.518021  0.513897  0.509737  0.504369  0.495733  0.480879  0.455514  0.414165  0.349826  0.257025  0.134839  0.0664648  0.134839  0.257025  0.349826  0.414165  0.455514  0.480879  0.495733  0.504369  0.509737  0.513897  0.518021  0.522547  0.527078  0.530521  0.531668  
0.55447  0.552071  0.544872  0.533109  0.517022  0.496719  0.472096  0.442883  0.408618  0.368771  0.322689  0.269898  0.209998  0.143653  0.0717035  0.0342795  0.0717035  0.143653  0.209998  0.269898  0.322689  0.368771  0.408618  0.442883  0.472096  0.496719  0.517022  0.533109  0.544872  0.552071  0.55447  
0  0  0  0  0  0  0  0  0  0  0  0  0  0  0  0  0  0  0  0  0  0  0  0  0  0  0  0  0  0  0  
