1  1  1  1  1  1  1  1  1  1  1  1  1  1  1  1  1  1  1  1  1  1  1  1  1  1  1  1  1  1  1  
0.97146  0.971347  0.971007  0.970456  0.969718  0.968825  0.967816  0.966735  0.965631  0.96455  0.963541  0.962647  0.961908  0.961355  0.961013  0.960898  0.961013  0.961355  0.961908  0.962647  0.963541  0.96455  0.965631  0.966735  0.967816  0.968825  0.969718  0.970456  0.971007  0.971347  0.97146  
0.942881  0.942655  0.94198  0.940884  0.939416  0.93764  0.935634  0.933486  0.931289  0.929141  0.927134  0.925356  0.923886  0.922787  0.922108  0.921878  0.922108  0.922787  0.923886  0.925356  0.927134  0.929141  0.931289  0.933486  0.935634  0.93764  0.939416  0.940884  0.94198  0.942655  0.942881  
0.914222  0.913887  0.912884  0.911256  0.909074  0.906436  0.903456  0.900265  0.897002  0.89381  0.890829  0.888188  0.886004  0.884372  0.883363  0.883022  0.883363  0.884372  0.886004  0.888188  0.890829  0.89381  0.897002  0.900265  0.903456  0.906436  0.909074  0.911256  0.912884  0.913887  0.914222  
0.885445  0.885005  0.883684  0.881543  0.878674  0.875203  0.871283  0.867086  0.862794  0.858595  0.854674  0.851201  0.848328  0.846181  0.844855  0.844406  0.844855  0.846181  0.848328  0.851201  0.854674  0.858595  0.862794  0.867086  0.871283  0.875203  0.878674  0.881543  0.883684  0.885005  0.885445  
0.85651  0.855969  0.854347  0.851716  0.848192  0.843929  0.839114  0.833958  0.828686  0.823529  0.818712  0.814446  0.810918  0.808281  0.806652  0.806101  0.806652  0.808281  0.810918  0.814446  0.818712  0.823529  0.828686  0.833958  0.839114  0.843929  0.848192  0.851716  0.854347  0.855969  0.85651  
0.827377  0.826742  0.824837  0.821746  0.817607  0.812599  0.806944  0.800888  0.794696  0.788639  0.782982  0.777972  0.773828  0.770732  0.768818  0.768171  0.768818  0.770732  0.773828  0.777972  0.782982  0.788639  0.794696  0.800888  0.806944  0.812599  0.817607  0.821746  0.824837  0.826742  0.827377  
0.798007  0.797285  0.795118  0.791603  0.786895  0.7812  0.774767  0.76788  0.760837  0.753949  0.747516  0.741818  0.737106  0.733584  0.731408  0.730672  0.731408  0.733584  0.737106  0.741818  0.747516  0.753949  0.760837  0.76788  0.774767  0.7812  0.786895  0.791603  0.795118  0.797285  0.798007  
0.768362  0.767561  0.765156  0.761256  0.756031  0.749712  0.742575  0.734933  0.72712  0.719477  0.712339  0.706018  0.70079  0.696883  0.694468  0.693652  0.694468  0.696883  0.70079  0.706018  0.712339  0.719477  0.72712  0.734933  0.742575  0.749712  0.756031  0.761256  0.765156  0.767561  0.768362  
0.738402  0.73753  0.734915  0.730673  0.724991  0.718118  0.710356  0.702044  0.693546  0.685234  0.677471  0.670596  0.66491  0.660661  0.658036  0.657147  0.658036  0.660661  0.66491  0.670596  0.677471  0.685234  0.693546  0.702044  0.710356  0.718118  0.724991  0.730673  0.734915  0.73753  0.738402  
0.70809  0.707158  0.704361  0.699824  0.693746  0.686395  0.678093  0.669204  0.660115  0.651225  0.642923  0.63557  0.629489  0.624946  0.622137  0.621187  0.622137  0.624946  0.629489  0.63557  0.642923  0.651225  0.660115  0.669204  0.678093  0.686395  0.693746  0.699824  0.704361  0.707158  0.70809  
0.677389  0.676406  0.673458  0.668676  0.66227  0.654522  0.645771  0.636401  0.626822  0.617451  0.6087  0.600951  0.594541  0.589752  0.586792  0.58579  0.586792  0.589752  0.594541  0.600951  0.6087  0.617451  0.626822  0.636401  0.645771  0.654522  0.66227  0.668676  0.673458  0.676406  0.677389  
0.646264  0.645242  0.642175  0.637199  0.630535  0.622474  0.61337  0.603621  0.593655  0.583906  0.574802  0.566739  0.560071  0.555088  0.552008  0.550967  0.552008  0.555088  0.560071  0.566739  0.574802  0.583906  0.593655  0.603621  0.61337  0.622474  0.630535  0.637199  0.642175  0.645242  0.646264  
0.614682  0.613631  0.610478  0.605364  0.598513  0.590227  0.580868  0.570847  0.560602  0.55058  0.541221  0.532932  0.526077  0.520954  0.517789  0.516718  0.517789  0.520954  0.526077  0.532932  0.541221  0.55058  0.560602  0.570847  0.580868  0.590227  0.598513  0.605364  0.610478  0.613631  0.614682  
0.582612  0.581544  0.578339  0.573141  0.566178  0.557756  0.548244  0.538058  0.527644  0.517458  0.507945  0.49952  0.492551  0.487345  0.484126  0.483038  0.484126  0.487345  0.492551  0.49952  0.507945  0.517458  0.527644  0.538058  0.548244  0.557756  0.566178  0.573141  0.578339  0.581544  0.582612  
0.550027  0.548953  0.545732  0.540505  0.533505  0.525038  0.515475  0.505234  0.494764  0.484523  0.474957  0.466487  0.45948  0.454245  0.45101  0.449915  0.45101  0.454245  0.45948  0.466487  0.474957  0.484523  0.494764  0.505234  0.515475  0.525038  0.533505  0.540505  0.545732  0.548953  0.550027  
0.516904  0.515836  0.512632  0.507434  0.500472  0.492051  0.482539  0.472354  0.46194  0.451754  0.44224  0.433814  0.426845  0.421638  0.418419  0.417331  0.418419  0.421638  0.426845  0.433814  0.44224  0.451754  0.46194  0.472354  0.482539  0.492051  0.500472  0.507434  0.512632  0.515836  0.516904  
0.483225  0.482174  0.479022  0.473909  0.46706  0.458775  0.449417  0.439396  0.429151  0.419129  0.409769  0.401479  0.394623  0.3895  0.386333  0.385262  0.386333  0.3895  0.394623  0.401479  0.409769  0.419129  0.429151  0.439396  0.449417  0.458775  0.46706  0.473909  0.479022  0.482174  0.483225  
0.448977  0.447955  0.444889  0.439915  0.433253  0.425193  0.416091  0.406343  0.396377  0.386628  0.377522  0.369458  0.362788  0.357804  0.354724  0.353682  0.354724  0.357804  0.362788  0.369458  0.377522  0.386628  0.396377  0.406343  0.416091  0.425193  0.433253  0.439915  0.444889  0.447955  0.448977  
0.414155  0.413173  0.410226  0.405445  0.399041  0.391295  0.382546  0.373177  0.363597  0.354226  0.345474  0.337723  0.331312  0.326521  0.32356  0.322559  0.32356  0.326521  0.331312  0.337723  0.345474  0.354226  0.363597  0.373177  0.382546  0.391295  0.399041  0.405445  0.410226  0.413173  0.414155  
0.378761  0.377829  0.375033  0.370497  0.364422  0.357073  0.348772  0.339883  0.330795  0.321905  0.313601  0.306247  0.300165  0.29562  0.292811  0.291861  0.292811  0.29562  0.300165  0.306247  0.313601  0.321905  0.330795  0.339883  0.348772  0.357073  0.364422  0.370497  0.375033  0.377829  0.378761  
0.342804  0.341933  0.339318  0.335077  0.329397  0.322525  0.314764  0.306452  0.297955  0.289642  0.281879  0.275003  0.269316  0.265067  0.262441  0.261552  0.262441  0.265067  0.269316  0.275003  0.281879  0.289642  0.297955  0.306452  0.314764  0.322525  0.329397  0.335077  0.339318  0.341933  0.342804  
0.306303  0.305502  0.303098  0.299199  0.293975  0.287657  0.280521  0.272879  0.265066  0.257423  0.250285  0.243963  0.238735  0.234828  0.232413  0.231596  0.232413  0.234828  0.238735  0.243963  0.250285  0.257423  0.265066  0.272879  0.280521  0.287657  0.293975  0.299199  0.303098  0.305502  0.306303  
0.269287  0.268565  0.266398  0.262884  0.258176  0.252481  0.246049  0.239161  0.232119  0.225231  0.218798  0.2131  0.208388  0.204867  0.202691  0.201955  0.202691  0.204867  0.208388  0.2131  0.218798  0.225231  0.232119  0.239161  0.246049  0.252481  0.258176  0.262884  0.266398  0.268565  0.269287  
0.231793  0.231158  0.229253  0.226162  0.222023  0.217015  0.211359  0.205303  0.199111  0.193055  0.187398  0.182389  0.178246  0.175151  0.173237  0.17259  0.173237  0.175151  0.178246  0.182389  0.187398  0.193055  0.199111  0.205303  0.211359  0.217015  0.222023  0.226162  0.229253  0.231158  0.231793  
0.193869  0.193328  0.191706  0.189074  0.185549  0.181285  0.17647  0.171313  0.166042  0.160885  0.156069  0.151805  0.148278  0.145642  0.144013  0.143462  0.144013  0.145642  0.148278  0.151805  0.156069  0.160885  0.166042  0.171313  0.17647  0.181285  0.185549  0.189074  0.191706  0.193328  0.193869  
0.155569  0.155129  0.153808  0.151665  0.148795  0.145324  0.141403  0.137205  0.132914  0.128716  0.124795  0.121324  0.118452  0.116307  0.114981  0.114533  0.114981  0.116307  0.118452  0.121324  0.124795  0.128716  0.132914  0.137205  0.141403  0.145324  0.148795  0.151665  0.153808  0.155129  0.155569  
0.116959  0.116624  0.11562  0.113991  0.111809  0.109169  0.106189  0.102997  0.0997343  0.096543  0.0935626  0.0909234  0.0887407  0.0871098  0.0861018  0.0857609  0.0861018  0.0871098  0.0887407  0.0909234  0.0935626  0.096543  0.0997343  0.102997  0.106189  0.109169  0.111809  0.113991  0.11562  0.116624  0.116959  
0.0781087  0.0778834  0.0772074  0.0761107  0.0746418  0.0728651  0.0708586  0.0687102  0.0665138  0.0643656  0.0623594  0.0605829  0.0591137  0.0580159  0.0573375  0.057108  0.0573375  0.0580159  0.0591137  0.0605829  0.0623594  0.0643656  0.0665138  0.0687102  0.0708586  0.0728651  0.0746418  0.0761107  0.0772074  0.0778834  0.0781087  
0.0390956  0.0389823  0.0386423  0.0380908  0.037352  0.0364585  0.0354494  0.0343689  0.0332643  0.032184  0.0311751  0.0302817  0.0295428  0.0289908  0.0286496  0.0285342  0.0286496  0.0289908  0.0295428  0.0302817  0.0311751  0.032184  0.0332643  0.0343689  0.0354494  0.0364585  0.037352  0.0380908  0.0386423  0.0389823  0.0390956  
0  0  0  0  0  0  0  0  0  0  0  0  0  0  0  0  0  0  0  0  0  0  0  0  0  0  0  0  0  0  0  
