1  1  1  1  1  1  1  1  1  1  1  1  1  1  1  1  1  1  1  1  1  1  1  1  1  1  1  1  1  1  1  
0.973722  0.973538  0.972989  0.972097  0.970903  0.969458  0.967826  0.966078  0.964292  0.962544  0.960911  0.959465  0.95827  0.957376  0.956824  0.956637  0.956824  0.957376  0.95827  0.959465  0.960911  0.962544  0.964292  0.966078  0.967826  0.969458  0.970903  0.972097  0.972989  0.973538  0.973722  
0.947401  0.947037  0.945945  0.944173  0.941799  0.938927  0.935684  0.932211  0.928661  0.925188  0.921944  0.919071  0.916696  0.91492  0.913823  0.913452  0.913823  0.91492  0.916696  0.919071  0.921944  0.925188  0.928661  0.932211  0.935684  0.938927  0.941799  0.944173  0.945945  0.947037  0.947401  
0.920995  0.920454  0.918833  0.916203  0.91268  0.908418  0.903605  0.898451  0.893182  0.888028  0.883215  0.878953  0.875428  0.872794  0.871167  0.870616  0.871167  0.872794  0.875428  0.878953  0.883215  0.888028  0.893182  0.898451  0.903605  0.908418  0.91268  0.916203  0.918833  0.920454  0.920995  
0.894459  0.893749  0.891619  0.888163  0.883535  0.877936  0.871613  0.864843  0.857922  0.851153  0.844832  0.839235  0.834606  0.831148  0.829011  0.828288  0.829011  0.831148  0.834606  0.839235  0.844832  0.851153  0.857922  0.864843  0.871613  0.877936  0.883535  0.888163  0.891619  0.893749  0.894459  
0.867748  0.866877  0.864264  0.860026  0.854349  0.847482  0.839728  0.831426  0.82294  0.81464  0.806891  0.800029  0.794354  0.790115  0.787495  0.786609  0.787495  0.790115  0.794354  0.800029  0.806891  0.81464  0.82294  0.831426  0.839728  0.847482  0.854349  0.860026  0.864264  0.866877  0.867748  
0.840814  0.839793  0.83673  0.83176  0.825103  0.817053  0.807962  0.798229  0.788281  0.778553  0.76947  0.761427  0.754777  0.749809  0.746739  0.7457  0.746739  0.749809  0.754777  0.761427  0.76947  0.778553  0.788281  0.798229  0.807962  0.817053  0.825103  0.83176  0.83673  0.839793  0.840814  
0.813608  0.812449  0.808971  0.803329  0.795773  0.786634  0.776316  0.765269  0.753979  0.742938  0.73263  0.723504  0.715958  0.710321  0.706837  0.705659  0.706837  0.710321  0.715958  0.723504  0.73263  0.742938  0.753979  0.765269  0.776316  0.786634  0.795773  0.803329  0.808971  0.812449  0.813608  
0.786077  0.784793  0.780942  0.774694  0.766327  0.756208  0.744782  0.732551  0.720051  0.707828  0.696416  0.686313  0.677959  0.671718  0.667861  0.666557  0.667861  0.671718  0.677959  0.686313  0.696416  0.707828  0.720051  0.732551  0.744782  0.756208  0.766327  0.774694  0.780942  0.784793  0.786077  
0.758165  0.756772  0.752591  0.74581  0.736727  0.725744  0.713343  0.700068  0.686501  0.673235  0.660849  0.649884  0.640817  0.634044  0.629858  0.628443  0.629858  0.634044  0.640817  0.649884  0.660849  0.673235  0.686501  0.700068  0.713343  0.725744  0.736727  0.74581  0.752591  0.756772  0.758165  
0.729815  0.728327  0.723865  0.716627  0.706932  0.695208  0.68197  0.6678  0.653318  0.639157  0.625935  0.61423  0.604551  0.597321  0.592852  0.591341  0.592852  0.597321  0.604551  0.61423  0.625935  0.639157  0.653318  0.6678  0.68197  0.695208  0.706932  0.716627  0.723865  0.728327  0.729815  
0.700965  0.6994  0.694706  0.68709  0.67689  0.664555  0.650627  0.635717  0.620478  0.605576  0.591663  0.579345  0.569159  0.561549  0.556846  0.555255  0.556846  0.561549  0.569159  0.579345  0.591663  0.605576  0.620478  0.635717  0.650627  0.664555  0.67689  0.68709  0.694706  0.6994  0.700965  
0.671553  0.669928  0.665052  0.657142  0.646547  0.633734  0.619266  0.603777  0.587945  0.572462  0.558006  0.545205  0.53462  0.526712  0.521824  0.520171  0.521824  0.526712  0.53462  0.545205  0.558006  0.572462  0.587945  0.603777  0.619266  0.633734  0.646547  0.657142  0.665052  0.669928  0.671553  
0.641515  0.639846  0.634841  0.626721  0.615845  0.60269  0.587835  0.571931  0.555673  0.539772  0.524924  0.511776  0.500903  0.492778  0.487757  0.486059  0.487757  0.492778  0.500903  0.511776  0.524924  0.539772  0.555673  0.571931  0.587835  0.60269  0.615845  0.626721  0.634841  0.639846  0.641515  
0.610785  0.609091  0.604009  0.595764  0.58472  0.571362  0.556276  0.540122  0.523608  0.507455  0.492369  0.47901  0.467961  0.459705  0.454602  0.452876  0.454602  0.459705  0.467961  0.47901  0.492369  0.507455  0.523608  0.540122  0.556276  0.571362  0.58472  0.595764  0.604009  0.609091  0.610785  
0.579298  0.577596  0.57249  0.564207  0.55311  0.539687  0.524526  0.508291  0.491691  0.475453  0.460285  0.446853  0.435742  0.427439  0.422307  0.420571  0.422307  0.427439  0.435742  0.446853  0.460285  0.475453  0.491691  0.508291  0.524526  0.539687  0.55311  0.564207  0.57249  0.577596  0.579298  
0.546993  0.545301  0.540224  0.531987  0.520952  0.507603  0.492524  0.476374  0.45986  0.443703  0.428611  0.415244  0.404186  0.395922  0.390814  0.389086  0.390814  0.395922  0.404186  0.415244  0.428611  0.443703  0.45986  0.476374  0.492524  0.507603  0.520952  0.531987  0.540224  0.545301  0.546993  
0.513811  0.512146  0.50715  0.499045  0.488186  0.475048  0.460206  0.444309  0.428052  0.412145  0.397284  0.384121  0.373231  0.365092  0.360061  0.358359  0.360061  0.365092  0.373231  0.384121  0.397284  0.412145  0.428052  0.444309  0.460206  0.475048  0.488186  0.499045  0.50715  0.512146  0.513811  
0.479701  0.47808  0.473218  0.465328  0.454757  0.441967  0.427516  0.412037  0.396206  0.380715  0.366241  0.35342  0.342812  0.334884  0.329983  0.328325  0.329983  0.334884  0.342812  0.35342  0.366241  0.380715  0.396206  0.412037  0.427516  0.441967  0.454757  0.465328  0.473218  0.47808  0.479701  
0.44462  0.443061  0.438382  0.430791  0.420618  0.40831  0.394403  0.379505  0.364267  0.349355  0.335422  0.323079  0.312867  0.305234  0.300515  0.298919  0.300515  0.305234  0.312867  0.323079  0.335422  0.349355  0.364267  0.379505  0.394403  0.40831  0.420618  0.430791  0.438382  0.443061  0.44462  
0.40854  0.407058  0.402613  0.3954  0.385734  0.374038  0.360823  0.346666  0.332184  0.318012  0.304771  0.293039  0.283333  0.276078  0.271594  0.270077  0.271594  0.276078  0.283333  0.293039  0.304771  0.318012  0.332184  0.346666  0.360823  0.374038  0.385734  0.3954  0.402613  0.407058  0.40854  
0.371444  0.370056  0.365893  0.359136  0.350082  0.339126  0.326746  0.313484  0.299917  0.286641  0.274236  0.263246  0.254153  0.247356  0.243155  0.241734  0.243155  0.247356  0.254153  0.263246  0.274236  0.286641  0.299917  0.313484  0.326746  0.339126  0.350082  0.359136  0.365893  0.370056  0.371444  
0.333338  0.332059  0.328223  0.321997  0.313655  0.303561  0.292154  0.279935  0.267435  0.255204  0.243774  0.233649  0.225272  0.219011  0.21514  0.213831  0.21514  0.219011  0.225272  0.233649  0.243774  0.255204  0.267435  0.279935  0.292154  0.303561  0.313655  0.321997  0.328223  0.332059  0.333338  
0.294246  0.293091  0.289625  0.284002  0.276466  0.267348  0.257045  0.246008  0.234719  0.223672  0.21335  0.204206  0.196641  0.190987  0.187492  0.186309  0.187492  0.190987  0.196641  0.204206  0.21335  0.223672  0.234719  0.246008  0.257045  0.267348  0.276466  0.284002  0.289625  0.293091  0.294246  
0.254215  0.253197  0.250143  0.245187  0.238546  0.230511  0.221432  0.211707  0.20176  0.192027  0.182934  0.174878  0.168214  0.163233  0.160155  0.159113  0.160155  0.163233  0.168214  0.174878  0.182934  0.192027  0.20176  0.211707  0.221432  0.230511  0.238546  0.245187  0.250143  0.253197  0.254215  
0.213319  0.21245  0.209844  0.205615  0.199948  0.193093  0.185347  0.17705  0.168565  0.160262  0.152506  0.145636  0.139952  0.135704  0.133079  0.132191  0.133079  0.135704  0.139952  0.145636  0.152506  0.160262  0.168565  0.17705  0.185347  0.193093  0.199948  0.205615  0.209844  0.21245  0.213319  
0.171653  0.170944  0.168818  0.165368  0.160746  0.155154  0.148836  0.14207  0.13515  0.128379  0.122055  0.116453  0.111819  0.108356  0.106216  0.105492  0.106216  0.108356  0.111819  0.116453  0.122055  0.128379  0.13515  0.14207  0.148836  0.155154  0.160746  0.165368  0.168818  0.170944  0.171653  
0.129338  0.128799  0.12718  0.124553  0.121033  0.116774  0.111964  0.106812  0.101544  0.0963894  0.0915749  0.0873108  0.0837837  0.0811479  0.0795188  0.0789678  0.0795188  0.0811479  0.0837837  0.0873108  0.0915749  0.0963894  0.101544  0.106812  0.111964  0.116774  0.121033  0.124553  0.12718  0.128799  0.129338  
0.0865169  0.0861532  0.0850619  0.0832912  0.0809189  0.0780489  0.074807  0.071335  0.0677849  0.0643118  0.0610678  0.0581948  0.0558184  0.0540426  0.0529451  0.0525739  0.0529451  0.0540426  0.0558184  0.0581948  0.0610678  0.0643118  0.0677849  0.071335  0.074807  0.0780489  0.0809189  0.0832912  0.0850619  0.0861532  0.0865169  
0.0433471  0.0431641  0.0426148  0.0417236  0.0405296  0.0390852  0.0374536  0.0357063  0.0339197  0.032172  0.0305396  0.0290939  0.0278982  0.0270047  0.0264524  0.0262656  0.0264524  0.0270047  0.0278982  0.0290939  0.0305396  0.032172  0.0339197  0.0357063  0.0374536  0.0390852  0.0405296  0.0417236  0.0426148  0.0431641  0.0433471  
0  0  0  0  0  0  0  0  0  0  0  0  0  0  0  0  0  0  0  0  0  0  0  0  0  0  0  0  0  0  0  
