1  1  1  1  1  1  1  1  1  1  1  1  1  1  1  1  1  1  1  1  1  1  1  1  1  1  1  1  1  1  1  
0.974662  0.974377  0.973521  0.972135  0.970278  0.968035  0.965505  0.962798  0.960035  0.957336  0.954818  0.95259  0.950749  0.949375  0.948526  0.948239  0.948526  0.949375  0.950749  0.95259  0.954818  0.957336  0.960035  0.962798  0.965505  0.968035  0.970278  0.972135  0.973521  0.974377  0.974662  
0.949334  0.948769  0.947074  0.944324  0.940643  0.936197  0.93118  0.925816  0.920341  0.914992  0.910003  0.905591  0.901946  0.899224  0.897543  0.896974  0.897543  0.899224  0.901946  0.905591  0.910003  0.914992  0.920341  0.925816  0.93118  0.936197  0.940643  0.944324  0.947074  0.948769  0.949334  
0.924028  0.923192  0.920684  0.916618  0.911176  0.904602  0.897188  0.889261  0.881171  0.873271  0.865905  0.859391  0.85401  0.849992  0.847511  0.846672  0.847511  0.849992  0.85401  0.859391  0.865905  0.873271  0.881171  0.889261  0.897188  0.904602  0.911176  0.916618  0.920684  0.923192  0.924028  
0.898746  0.897653  0.894374  0.889059  0.881946  0.873355  0.863669  0.853317  0.842754  0.832442  0.82283  0.814331  0.807312  0.802074  0.798838  0.797744  0.798838  0.802074  0.807312  0.814331  0.82283  0.832442  0.842754  0.853317  0.863669  0.873355  0.881946  0.889059  0.894374  0.897653  0.898746  
0.873486  0.872154  0.868157  0.861677  0.853009  0.842541  0.830742  0.818136  0.805276  0.792726  0.78103  0.770693  0.762158  0.755788  0.751854  0.750525  0.751854  0.755788  0.762158  0.770693  0.78103  0.792726  0.805276  0.818136  0.830742  0.842541  0.853009  0.861677  0.868157  0.872154  0.873486  
0.848237  0.846686  0.842032  0.834489  0.824399  0.812218  0.798491  0.783828  0.768876  0.754287  0.740695  0.728685  0.71877  0.711371  0.706803  0.705259  0.706803  0.711371  0.71877  0.728685  0.740695  0.754287  0.768876  0.783828  0.798491  0.812218  0.824399  0.834489  0.842032  0.846686  0.848237  
0.822976  0.821229  0.815987  0.807492  0.79613  0.782415  0.766964  0.750463  0.73364  0.717229  0.701943  0.688437  0.677289  0.668971  0.663836  0.6621  0.663836  0.668971  0.677289  0.688437  0.701943  0.717229  0.73364  0.750463  0.766964  0.782415  0.79613  0.807492  0.815987  0.821229  0.822976  
0.797667  0.795749  0.789993  0.780664  0.768189  0.753133  0.736173  0.718062  0.6996  0.681594  0.664821  0.650004  0.637773  0.628648  0.623015  0.62111  0.623015  0.628648  0.637773  0.650004  0.664821  0.681594  0.6996  0.718062  0.736173  0.753133  0.768189  0.780664  0.789993  0.795749  0.797667  
0.772261  0.770196  0.764002  0.753963  0.740539  0.724339  0.70609  0.686603  0.666739  0.647363  0.629315  0.613369  0.600206  0.590386  0.584322  0.582272  0.584322  0.590386  0.600206  0.613369  0.629315  0.647363  0.666739  0.686603  0.70609  0.724339  0.740539  0.753963  0.764002  0.770196  0.772261  
0.746689  0.744504  0.737948  0.727324  0.713117  0.695969  0.676651  0.656022  0.634988  0.614468  0.595351  0.578457  0.564509  0.5541  0.547673  0.5455  0.547673  0.5541  0.564509  0.578457  0.595351  0.614468  0.634988  0.656022  0.676651  0.695969  0.713117  0.727324  0.737948  0.744504  0.746689  
0.720868  0.718588  0.711747  0.70066  0.685832  0.667932  0.647761  0.626215  0.604241  0.582796  0.562809  0.545141  0.53055  0.519658  0.512932  0.510658  0.512932  0.519658  0.53055  0.545141  0.562809  0.582796  0.604241  0.626215  0.647761  0.667932  0.685832  0.70066  0.711747  0.718588  0.720868  
0.694694  0.692344  0.685292  0.673861  0.65857  0.640106  0.619292  0.59705  0.574355  0.552196  0.531534  0.513261  0.498163  0.48689  0.479927  0.477572  0.479927  0.48689  0.498163  0.513261  0.531534  0.552196  0.574355  0.59705  0.619292  0.640106  0.65857  0.673861  0.685292  0.692344  0.694694  
0.668044  0.665647  0.658455  0.646796  0.631194  0.612347  0.591091  0.568365  0.545162  0.522494  0.501345  0.48263  0.467159  0.455603  0.448463  0.446048  0.448463  0.455603  0.467159  0.48263  0.501345  0.522494  0.545162  0.568365  0.591091  0.612347  0.631194  0.646796  0.658455  0.665647  0.668044  
0.640775  0.638354  0.63109  0.619311  0.603544  0.584488  0.562985  0.539979  0.516475  0.493497  0.472043  0.453047  0.437336  0.425595  0.418338  0.415884  0.418338  0.425595  0.437336  0.453047  0.472043  0.493497  0.516475  0.539979  0.562985  0.584488  0.603544  0.619311  0.63109  0.638354  0.640775  
0.612724  0.610301  0.60303  0.591237  0.575444  0.556346  0.534783  0.511697  0.488093  0.465001  0.443425  0.424309  0.40849  0.396663  0.38935  0.386876  0.38935  0.396663  0.40849  0.424309  0.443425  0.465001  0.488093  0.511697  0.534783  0.556346  0.575444  0.591237  0.60303  0.610301  0.612724  
0.583714  0.581309  0.574093  0.562387  0.546702  0.527726  0.506286  0.483315  0.459813  0.436802  0.415288  0.396215  0.380422  0.36861  0.361305  0.358833  0.361305  0.36861  0.380422  0.396215  0.415288  0.436802  0.459813  0.483315  0.506286  0.527726  0.546702  0.562387  0.574093  0.581309  0.583714  
0.553549  0.551183  0.544084  0.532562  0.517118  0.498424  0.477289  0.45463  0.43143  0.408701  0.387436  0.368573  0.352947  0.341255  0.334023  0.331575  0.334023  0.341255  0.352947  0.368573  0.387436  0.408701  0.43143  0.45463  0.477289  0.498424  0.517118  0.532562  0.544084  0.551183  0.553549  
0.52203  0.519722  0.512799  0.501559  0.486489  0.468237  0.44759  0.425442  0.402751  0.380507  0.359685  0.341206  0.325892  0.314431  0.307339  0.304939  0.307339  0.314431  0.325892  0.341206  0.359685  0.380507  0.402751  0.425442  0.44759  0.468237  0.486489  0.501559  0.512799  0.519722  0.52203  
0.488952  0.486723  0.480036  0.469177  0.454613  0.436966  0.416996  0.395562  0.373593  0.352046  0.331869  0.313956  0.299106  0.28799  0.281111  0.278783  0.281111  0.28799  0.299106  0.313956  0.331869  0.352046  0.373593  0.395562  0.416996  0.436966  0.454613  0.469177  0.480036  0.486723  0.488952  
0.454122  0.451992  0.445603  0.435226  0.421305  0.404432  0.385331  0.364823  0.343796  0.323167  0.303843  0.286684  0.272457  0.261806  0.255214  0.252983  0.255214  0.261806  0.272457  0.286684  0.303843  0.323167  0.343796  0.364823  0.385331  0.404432  0.421305  0.435226  0.445603  0.451992  0.454122  
0.417367  0.415358  0.40933  0.39954  0.386403  0.370478  0.352447  0.333083  0.313225  0.293741  0.275487  0.259276  0.245835  0.235772  0.229543  0.227435  0.229543  0.235772  0.245835  0.259276  0.275487  0.293741  0.313225  0.333083  0.352447  0.370478  0.386403  0.39954  0.40933  0.415358  0.417367  
0.378551  0.376684  0.371084  0.361988  0.349782  0.334985  0.318229  0.300234  0.281779  0.263671  0.246708  0.231643  0.219153  0.209801  0.204014  0.202055  0.204014  0.209801  0.219153  0.231643  0.246708  0.263671  0.281779  0.300234  0.318229  0.334985  0.349782  0.361988  0.371084  0.376684  0.378551  
0.337588  0.335886  0.330782  0.322491  0.311365  0.297879  0.282608  0.266209  0.249393  0.232895  0.217442  0.20372  0.192345  0.183829  0.178559  0.176776  0.178559  0.183829  0.192345  0.20372  0.217442  0.232895  0.249393  0.266209  0.282608  0.297879  0.311365  0.322491  0.330782  0.335886  0.337588  
0.294461  0.292947  0.288407  0.281032  0.271138  0.259145  0.245567  0.23099  0.216045  0.201385  0.187657  0.17547  0.165369  0.157808  0.153129  0.151546  0.153129  0.157808  0.165369  0.17547  0.187657  0.201385  0.216045  0.23099  0.245567  0.259145  0.271138  0.281032  0.288407  0.292947  0.294461  
0.249232  0.247929  0.24402  0.237671  0.229153  0.218831  0.207148  0.194608  0.181755  0.169152  0.157353  0.14688  0.138202  0.131708  0.12769  0.12633  0.12769  0.131708  0.138202  0.14688  0.157353  0.169152  0.181755  0.194608  0.207148  0.218831  0.229153  0.237671  0.24402  0.247929  0.249232  
0.202054  0.200982  0.197767  0.192545  0.185542  0.177056  0.167454  0.157151  0.146594  0.136244  0.126558  0.117964  0.110844  0.105516  0.102221  0.101105  0.102221  0.105516  0.110844  0.117964  0.126558  0.136244  0.146594  0.157151  0.167454  0.177056  0.185542  0.192545  0.197767  0.200982  0.202054  
0.153172  0.15235  0.149884  0.145881  0.140511  0.134007  0.126649  0.118756  0.110671  0.102747  0.0953327  0.0887559  0.0833084  0.0792332  0.0767125  0.0758595  0.0767125  0.0792332  0.0833084  0.0887559  0.0953327  0.102747  0.110671  0.118756  0.126649  0.134007  0.140511  0.145881  0.149884  0.15235  0.153172  
0.10292  0.102363  0.100692  0.0979797  0.0943423  0.089937  0.0849543  0.0796103  0.0741376  0.0687755  0.0637595  0.0593108  0.0556267  0.0528709  0.0511666  0.0505898  0.0511666  0.0528709  0.0556267  0.0593108  0.0637595  0.0687755  0.0741376  0.0796103  0.0849543  0.089937  0.0943423  0.0979797  0.100692  0.102363  0.10292  
0.0517076  0.0514263  0.0505826  0.0492128  0.0473763  0.0451523  0.0426371  0.03994  0.0371784  0.034473  0.0319425  0.0296986  0.0278405  0.0264507  0.0255913  0.0253004  0.0255913  0.0264507  0.0278405  0.0296986  0.0319425  0.034473  0.0371784  0.03994  0.0426371  0.0451523  0.0473763  0.0492128  0.0505826  0.0514263  0.0517076  
0  0  0  0  0  0  0  0  0  0  0  0  0  0  0  0  0  0  0  0  0  0  0  0  0  0  0  0  0  0  0  
