1  1  1  1  1  1  1  1  1  1  1  1  1  1  1  1  1  1  1  1  1  1  1  1  1  1  1  1  1  1  1  
0.974088  0.973796  0.972922  0.971504  0.969607  0.967315  0.964731  0.961968  0.95915  0.956397  0.953831  0.951561  0.949687  0.948288  0.947424  0.947131  0.947424  0.948288  0.949687  0.951561  0.953831  0.956397  0.95915  0.961968  0.964731  0.967315  0.969607  0.971504  0.972922  0.973796  0.974088  
0.948205  0.947628  0.945895  0.943085  0.939326  0.934786  0.929667  0.924196  0.918614  0.913165  0.908085  0.903595  0.899885  0.897117  0.895407  0.89483  0.895407  0.897117  0.899885  0.903595  0.908085  0.913165  0.918614  0.924196  0.929667  0.934786  0.939326  0.943085  0.945895  0.947628  0.948205  
0.922379  0.921526  0.918965  0.914815  0.909263  0.902558  0.895001  0.886927  0.878691  0.870653  0.863163  0.856542  0.851076  0.846996  0.844477  0.843625  0.844477  0.846996  0.851076  0.856542  0.863163  0.870653  0.878691  0.886927  0.895001  0.902558  0.909263  0.914815  0.918965  0.921526  0.922379  
0.89663  0.895516  0.892174  0.886756  0.87951  0.870762  0.860905  0.850378  0.839643  0.82917  0.819413  0.810793  0.803676  0.798367  0.795088  0.793981  0.795088  0.798367  0.803676  0.810793  0.819413  0.82917  0.839643  0.850378  0.860905  0.870762  0.87951  0.886756  0.892174  0.895516  0.89663  
0.870973  0.869617  0.865549  0.858957  0.850142  0.839503  0.82752  0.814725  0.801684  0.788966  0.777122  0.76666  0.758027  0.751586  0.747611  0.746266  0.747611  0.751586  0.758027  0.76666  0.777122  0.788966  0.801684  0.814725  0.82752  0.839503  0.850142  0.858957  0.865549  0.869617  0.870973  
0.845409  0.843834  0.839107  0.831449  0.82121  0.808857  0.794946  0.7801  0.764972  0.750225  0.736495  0.724371  0.714367  0.706908  0.702302  0.700746  0.702302  0.706908  0.714367  0.724371  0.736495  0.750225  0.764972  0.7801  0.794946  0.808857  0.82121  0.831449  0.839107  0.843834  0.845409  
0.819929  0.818159  0.812847  0.804242  0.79274  0.778865  0.763246  0.746579  0.729603  0.713056  0.697657  0.684059  0.672844  0.664478  0.659317  0.657571  0.659317  0.664478  0.672844  0.684059  0.697657  0.713056  0.729603  0.746579  0.763246  0.778865  0.79274  0.804242  0.812847  0.818159  0.819929  
0.794507  0.792568  0.78675  0.777324  0.764727  0.749534  0.732432  0.714189  0.695607  0.677501  0.660648  0.645771  0.633498  0.624348  0.618698  0.61679  0.618698  0.624348  0.633498  0.645771  0.660648  0.677501  0.695607  0.714189  0.732432  0.749534  0.764727  0.777324  0.78675  0.792568  0.794507  
0.769102  0.76702  0.760775  0.750658  0.737138  0.720832  0.702479  0.6829  0.662959  0.643525  0.625438  0.609468  0.596295  0.586468  0.580405  0.578354  0.580405  0.586468  0.596295  0.609468  0.625438  0.643525  0.662959  0.6829  0.702479  0.720832  0.737138  0.750658  0.760775  0.76702  0.769102  
0.74365  0.741453  0.73486  0.724181  0.709908  0.692693  0.673314  0.652638  0.631574  0.611043  0.591927  0.575048  0.561117  0.550727  0.544312  0.542144  0.544312  0.550727  0.561117  0.575048  0.591927  0.611043  0.631574  0.652638  0.673314  0.692693  0.709908  0.724181  0.73486  0.741453  0.74365  
0.71807  0.715783  0.708921  0.697804  0.682944  0.665016  0.644831  0.623284  0.601327  0.579912  0.559969  0.542347  0.527801  0.516946  0.510245  0.507978  0.510245  0.516946  0.527801  0.542347  0.559969  0.579912  0.601327  0.623284  0.644831  0.665016  0.682944  0.697804  0.708921  0.715783  0.71807  
0.692256  0.689904  0.682847  0.671412  0.656122  0.63767  0.616882  0.594684  0.572046  0.549958  0.52937  0.511172  0.496138  0.484918  0.477986  0.475643  0.477986  0.484918  0.496138  0.511172  0.52937  0.549958  0.572046  0.594684  0.616882  0.63767  0.656122  0.671412  0.682847  0.689904  0.692256  
0.666079  0.663685  0.656504  0.644863  0.629293  0.610492  0.5893  0.566652  0.543541  0.520971  0.49992  0.481296  0.465904  0.454407  0.447304  0.444901  0.447304  0.454407  0.465904  0.481296  0.49992  0.520971  0.543541  0.566652  0.5893  0.610492  0.629293  0.644863  0.656504  0.663685  0.666079  
0.639387  0.636974  0.629732  0.617992  0.60228  0.583299  0.561886  0.538985  0.515592  0.492729  0.471384  0.452487  0.436856  0.425177  0.417956  0.415515  0.417956  0.425177  0.436856  0.452487  0.471384  0.492729  0.515592  0.538985  0.561886  0.583299  0.60228  0.617992  0.629732  0.636974  0.639387  
0.612002  0.609589  0.60235  0.590609  0.574889  0.555883  0.534426  0.511456  0.487974  0.464998  0.443531  0.424507  0.408763  0.396989  0.38971  0.387246  0.38971  0.396989  0.408763  0.424507  0.443531  0.464998  0.487974  0.511456  0.534426  0.555883  0.574889  0.590609  0.60235  0.609589  0.612002  
0.583724  0.581331  0.574153  0.562506  0.546902  0.528024  0.506693  0.483838  0.46045  0.437547  0.416125  0.39713  0.381395  0.369625  0.362342  0.359879  0.362342  0.369625  0.381395  0.39713  0.416125  0.437547  0.46045  0.483838  0.506693  0.528024  0.546902  0.562506  0.574153  0.581331  0.583724  
0.554334  0.55198  0.544918  0.533455  0.518091  0.499489  0.478455  0.455896  0.432792  0.410144  0.388948  0.370135  0.354545  0.342875  0.335655  0.33321  0.335655  0.342875  0.354545  0.370135  0.388948  0.410144  0.432792  0.455896  0.478455  0.499489  0.518091  0.533455  0.544918  0.55198  0.554334  
0.523597  0.5213  0.51441  0.503223  0.488219  0.470044  0.449476  0.427402  0.404774  0.38258  0.36179  0.34333  0.328021  0.31656  0.309465  0.307064  0.309465  0.31656  0.328021  0.34333  0.36179  0.38258  0.404774  0.427402  0.449476  0.470044  0.488219  0.503223  0.51441  0.5213  0.523597  
0.491274  0.489053  0.482391  0.471571  0.457055  0.439459  0.419536  0.398139  0.376194  0.354654  0.334469  0.316535  0.30166  0.290517  0.28362  0.281285  0.28362  0.290517  0.30166  0.316535  0.334469  0.354654  0.376194  0.398139  0.419536  0.439459  0.457055  0.471571  0.482391  0.489053  0.491274  
0.457129  0.455004  0.448628  0.438272  0.424373  0.407519  0.388427  0.367914  0.346865  0.326198  0.306822  0.289603  0.275316  0.264615  0.257988  0.255746  0.257988  0.264615  0.275316  0.289603  0.306822  0.326198  0.346865  0.367914  0.388427  0.407519  0.424373  0.438272  0.448628  0.455004  0.457129  
0.420949  0.41894  0.412913  0.403121  0.389977  0.374035  0.355972  0.336558  0.316633  0.297065  0.278717  0.262409  0.248878  0.238741  0.232465  0.230339  0.232465  0.238741  0.248878  0.262409  0.278717  0.297065  0.316633  0.336558  0.355972  0.374035  0.389977  0.403121  0.412913  0.41894  0.420949  
0.382554  0.380683  0.37507  0.365951  0.353708  0.338858  0.32203  0.303944  0.28538  0.267148  0.250053  0.23486  0.222253  0.21281  0.206963  0.204984  0.206963  0.21281  0.222253  0.23486  0.250053  0.267148  0.28538  0.303944  0.32203  0.338858  0.353708  0.365951  0.37507  0.380683  0.382554  
0.341823  0.340113  0.334983  0.326649  0.315461  0.301891  0.286514  0.269989  0.25303  0.236376  0.220764  0.20689  0.195381  0.18676  0.181424  0.179616  0.181424  0.18676  0.195381  0.20689  0.220764  0.236376  0.25303  0.269989  0.286514  0.301891  0.315461  0.326649  0.334983  0.340113  0.341823  
0.298709  0.297184  0.292609  0.285176  0.275199  0.2631  0.249393  0.234665  0.219554  0.20472  0.190817  0.178466  0.168222  0.160551  0.155802  0.154195  0.155802  0.160551  0.168222  0.178466  0.190817  0.20472  0.219554  0.234665  0.249393  0.2631  0.275199  0.285176  0.292609  0.297184  0.298709  
0.25326  0.251943  0.247994  0.241578  0.232968  0.222528  0.210704  0.198004  0.184979  0.172196  0.16022  0.149584  0.140765  0.134162  0.130076  0.128692  0.130076  0.134162  0.140765  0.149584  0.16022  0.172196  0.184979  0.198004  0.210704  0.222528  0.232968  0.241578  0.247994  0.251943  0.25326  
0.205627  0.204541  0.201285  0.195996  0.1889  0.180298  0.170558  0.160102  0.14938  0.138863  0.129013  0.120268  0.113019  0.107593  0.104235  0.103099  0.104235  0.107593  0.113019  0.120268  0.129013  0.138863  0.14938  0.160102  0.170558  0.180298  0.1889  0.195996  0.201285  0.204541  0.205627  
0.156072  0.155238  0.152736  0.148672  0.143221  0.136615  0.129138  0.121113  0.112888  0.104822  0.0972709  0.0905685  0.0850146  0.0808578  0.0782863  0.0774157  0.0782863  0.0808578  0.0850146  0.0905685  0.0972709  0.104822  0.112888  0.121113  0.129138  0.136615  0.143221  0.148672  0.152736  0.155238  0.156072  
0.104964  0.104398  0.1027  0.0999429  0.0962446  0.091764  0.0866938  0.0812534  0.0756789  0.0702142  0.0650992  0.0605608  0.0568004  0.0539868  0.0522461  0.0516571  0.0522461  0.0539868  0.0568004  0.0605608  0.0650992  0.0702142  0.0756789  0.0812534  0.0866938  0.091764  0.0962446  0.0999429  0.1027  0.104398  0.104964  
0.0527642  0.0524781  0.0516198  0.0502262  0.0483572  0.0460932  0.0435318  0.0407837  0.0379685  0.0352091  0.0326271  0.0303362  0.0284385  0.0270185  0.0261403  0.025843  0.0261403  0.0270185  0.0284385  0.0303362  0.0326271  0.0352091  0.0379685  0.0407837  0.0435318  0.0460932  0.0483572  0.0502262  0.0516198  0.0524781  0.0527642  
0  0  0  0  0  0  0  0  0  0  0  0  0  0  0  0  0  0  0  0  0  0  0  0  0  0  0  0  0  0  0  
