1  1  1  1  1  1  1  1  1  1  1  1  1  1  1  1  1  1  1  1  1  1  1  1  1  1  1  1  1  1  1  
0.974082  0.973794  0.97293  0.971488  0.969629  0.967286  0.964766  0.961927  0.959196  0.956345  0.953887  0.951501  0.949749  0.948222  0.94749  0.947064  0.94749  0.948222  0.949749  0.951501  0.953887  0.956345  0.959196  0.961927  0.964766  0.967286  0.969629  0.971488  0.97293  0.973794  0.974082  
0.948215  0.947631  0.945877  0.943116  0.939281  0.934842  0.929596  0.924277  0.918521  0.913266  0.907974  0.903712  0.899761  0.897244  0.895276  0.89496  0.895276  0.897244  0.899761  0.903712  0.907974  0.913266  0.918521  0.924277  0.929596  0.934842  0.939281  0.943116  0.945877  0.947631  0.948215  
0.922363  0.92152  0.91899  0.914768  0.909327  0.902473  0.895103  0.886807  0.878825  0.870503  0.863324  0.856369  0.851255  0.846808  0.844666  0.843432  0.844666  0.846808  0.851255  0.856369  0.863324  0.870503  0.878825  0.886807  0.895103  0.902473  0.909327  0.914768  0.91899  0.92152  0.922363  
0.89665  0.895522  0.892139  0.886814  0.879424  0.87087  0.860772  0.85053  0.839467  0.829361  0.819204  0.811013  0.803443  0.798605  0.794843  0.794225  0.794843  0.798605  0.803443  0.811013  0.819204  0.829361  0.839467  0.85053  0.860772  0.87087  0.879424  0.886814  0.892139  0.895522  0.89665  
0.870947  0.869607  0.865588  0.858884  0.850243  0.83937  0.827677  0.814538  0.801891  0.788734  0.777369  0.766394  0.758301  0.751299  0.747899  0.745972  0.747899  0.751299  0.758301  0.766394  0.777369  0.788734  0.801891  0.814538  0.827677  0.83937  0.850243  0.858884  0.865588  0.869607  0.870947  
0.845436  0.843842  0.839059  0.83153  0.821091  0.809006  0.794762  0.78031  0.764732  0.750485  0.73621  0.724669  0.714052  0.707228  0.701971  0.701075  0.701971  0.707228  0.714052  0.724669  0.73621  0.750485  0.764732  0.78031  0.794762  0.809006  0.821091  0.83153  0.839059  0.843842  0.845436  
0.819896  0.818146  0.812897  0.804149  0.792868  0.778696  0.763445  0.746344  0.729863  0.712766  0.697964  0.683729  0.673183  0.664123  0.659673  0.657208  0.659673  0.664123  0.673183  0.683729  0.697964  0.712766  0.729863  0.746344  0.763445  0.778696  0.792868  0.804149  0.812897  0.818146  0.819896  
0.794539  0.792577  0.786692  0.777421  0.764585  0.749711  0.732214  0.714436  0.695324  0.677805  0.660315  0.646117  0.633133  0.624718  0.618316  0.617169  0.618316  0.624718  0.633133  0.646117  0.660315  0.677805  0.695324  0.714436  0.732214  0.749711  0.764585  0.777421  0.786692  0.792577  0.794539  
0.769064  0.767006  0.760831  0.750552  0.737283  0.720641  0.702704  0.682635  0.663249  0.643202  0.625779  0.609104  0.596668  0.586079  0.580795  0.577957  0.580795  0.586079  0.596668  0.609104  0.625779  0.643202  0.663249  0.682635  0.702704  0.720641  0.737283  0.750552  0.760831  0.767006  0.769064  
0.743684  0.741462  0.734798  0.724286  0.709753  0.692885  0.673078  0.652904  0.631271  0.611367  0.591575  0.575413  0.560731  0.551116  0.54391  0.542541  0.54391  0.551116  0.560731  0.575413  0.591575  0.611367  0.631271  0.652904  0.673078  0.692885  0.709753  0.724286  0.734798  0.741462  0.743684  
0.71803  0.715768  0.70898  0.697693  0.683096  0.664816  0.645064  0.623009  0.601626  0.579581  0.560317  0.541975  0.52818  0.516551  0.510639  0.507576  0.510639  0.516551  0.52818  0.541975  0.560317  0.579581  0.601626  0.623009  0.645064  0.664816  0.683096  0.697693  0.70898  0.715768  0.71803  
0.69229  0.689913  0.682783  0.671518  0.655965  0.637864  0.616644  0.594951  0.571743  0.550281  0.52902  0.511532  0.495759  0.4853  0.477592  0.476032  0.477592  0.4853  0.495759  0.511532  0.52902  0.550281  0.571743  0.594951  0.616644  0.637864  0.655965  0.671518  0.682783  0.689913  0.69229  
0.66604  0.66367  0.656562  0.644753  0.629442  0.610295  0.589529  0.566384  0.543832  0.520649  0.500256  0.480938  0.466267  0.454029  0.44768  0.444517  0.44768  0.454029  0.466267  0.480938  0.500256  0.520649  0.543832  0.566384  0.589529  0.610295  0.629442  0.644753  0.656562  0.66367  0.66604  
0.63942  0.636983  0.62967  0.618094  0.602129  0.583484  0.561658  0.539238  0.515305  0.493034  0.471055  0.452826  0.436501  0.425533  0.417589  0.415877  0.417589  0.425533  0.436501  0.452826  0.471055  0.493034  0.515305  0.539238  0.561658  0.583484  0.602129  0.618094  0.62967  0.636983  0.63942  
0.611965  0.609575  0.602404  0.590505  0.575028  0.555698  0.534639  0.511207  0.488243  0.464701  0.44384  0.424179  0.409095  0.396644  0.390053  0.386896  0.390053  0.396644  0.409095  0.424179  0.44384  0.464701  0.488243  0.511207  0.534639  0.555698  0.575028  0.590505  0.602404  0.609575  0.611965  
0.583754  0.581339  0.574096  0.562599  0.546763  0.528193  0.506485  0.484069  0.460188  0.437822  0.415828  0.397434  0.381076  0.369944  0.362014  0.360203  0.362014  0.369944  0.381076  0.397434  0.415828  0.437822  0.460188  0.484069  0.506485  0.528193  0.546763  0.562599  0.574096  0.581339  0.583754  
0.5543  0.551966  0.544965  0.533362  0.518215  0.499324  0.478644  0.455673  0.433031  0.40988  0.389221  0.369845  0.354838  0.342571  0.335956  0.332902  0.335956  0.342571  0.354838  0.369845  0.389221  0.40988  0.433031  0.455673  0.478644  0.499324  0.518215  0.533362  0.544965  0.551966  0.5543  
0.523622  0.521307  0.514359  0.503304  0.488098  0.470192  0.449294  0.427603  0.404546  0.382819  0.361532  0.343593  0.327745  0.316835  0.309181  0.307343  0.309181  0.316835  0.327745  0.343593  0.361532  0.382819  0.404546  0.427603  0.449294  0.470192  0.488098  0.503304  0.514359  0.521307  0.523622  
0.491244  0.489041  0.482431  0.47149  0.457161  0.439317  0.419698  0.397949  0.376398  0.354429  0.334701  0.316288  0.301908  0.29026  0.283875  0.281024  0.283875  0.29026  0.301908  0.316288  0.334701  0.354429  0.376398  0.397949  0.419698  0.439317  0.457161  0.47149  0.482431  0.489041  0.491244  
0.45715  0.455009  0.448586  0.43834  0.42427  0.407643  0.388274  0.368082  0.346674  0.326397  0.306606  0.289822  0.275087  0.264844  0.257752  0.255978  0.257752  0.264844  0.275087  0.289822  0.306606  0.326397  0.346674  0.368082  0.388274  0.407643  0.42427  0.43834  0.448586  0.455009  0.45715  
0.420924  0.41893  0.412945  0.403055  0.390064  0.373919  0.356104  0.336402  0.3168  0.296881  0.278906  0.262208  0.24908  0.238531  0.232672  0.230127  0.232672  0.238531  0.24908  0.262208  0.278906  0.296881  0.3168  0.336402  0.356104  0.373919  0.390064  0.403055  0.412945  0.41893  0.420924  
0.38257  0.380686  0.375036  0.366004  0.353626  0.338956  0.321908  0.304078  0.285228  0.267307  0.249881  0.235034  0.222071  0.212992  0.206776  0.205168  0.206776  0.212992  0.222071  0.235034  0.249881  0.267307  0.285228  0.304078  0.321908  0.338956  0.353626  0.366004  0.375036  0.380686  0.38257  
0.341804  0.340105  0.335008  0.326598  0.315528  0.301801  0.286616  0.269868  0.253158  0.236233  0.22091  0.206735  0.195537  0.186598  0.181584  0.179452  0.181584  0.186598  0.195537  0.206735  0.22091  0.236233  0.253158  0.269868  0.286616  0.301801  0.315528  0.326598  0.335008  0.340105  0.341804  
0.298721  0.297186  0.292583  0.285216  0.275138  0.263173  0.249302  0.234764  0.219441  0.204838  0.190689  0.178596  0.168086  0.160686  0.155662  0.154332  0.155662  0.160686  0.168086  0.178596  0.190689  0.204838  0.219441  0.234764  0.249302  0.263173  0.275138  0.285216  0.292583  0.297186  0.298721  
0.253246  0.251937  0.248011  0.241542  0.233015  0.222464  0.210776  0.197919  0.18507  0.172095  0.160323  0.149473  0.140875  0.134047  0.130189  0.128576  0.130189  0.134047  0.140875  0.149473  0.160323  0.172095  0.18507  0.197919  0.210776  0.222464  0.233015  0.241542  0.248011  0.251937  0.253246  
0.205634  0.204543  0.201268  0.196022  0.188859  0.180346  0.170498  0.160167  0.149305  0.138941  0.128928  0.120353  0.112928  0.107682  0.104142  0.103189  0.104142  0.107682  0.112928  0.120353  0.128928  0.138941  0.149305  0.160167  0.170498  0.180346  0.188859  0.196022  0.201268  0.204543  0.205634  
0.156064  0.155234  0.152746  0.148651  0.143249  0.136577  0.129181  0.121062  0.112942  0.104762  0.0973324  0.0905028  0.0850804  0.0807893  0.0783539  0.0773464  0.0783539  0.0807893  0.0850804  0.0905028  0.0973324  0.104762  0.112942  0.121062  0.129181  0.136577  0.143249  0.148651  0.152746  0.155234  0.156064  
0.104968  0.104399  0.102692  0.0999556  0.0962246  0.0917877  0.086664  0.0812859  0.0756416  0.0702529  0.0650571  0.0606033  0.0567556  0.0540313  0.0522001  0.0517022  0.0522001  0.0540313  0.0567556  0.0606033  0.0650571  0.0702529  0.0756416  0.0812859  0.086664  0.0917877  0.0962246  0.0999556  0.102692  0.104399  0.104968  
0.0527615  0.0524769  0.0516231  0.050219  0.0483664  0.0460806  0.0435459  0.0407667  0.0379864  0.0351892  0.0326475  0.0303143  0.0284603  0.0269958  0.0261627  0.02582  0.0261627  0.0269958  0.0284603  0.0303143  0.0326475  0.0351892  0.0379864  0.0407667  0.0435459  0.0460806  0.0483664  0.050219  0.0516231  0.0524769  0.0527615  
0  0  0  0  0  0  0  0  0  0  0  0  0  0  0  0  0  0  0  0  0  0  0  0  0  0  0  0  0  0  0  
