1  1  1  1  1  1  1  1  1  1  1  1  1  1  1  1  1  1  1  1  1  1  1  1  1  1  1  1  1  1  1  
2.52992  1.49813  -1.59724  5.5479  -5.56485  9.39888  -9.28587  12.9326  -12.609  15.9742  -15.341  18.3272  -17.2897  19.8175  -18.3048  20.3279  -18.3048  19.8175  -17.2897  18.3272  -15.341  15.9742  -12.609  12.9326  -9.28587  9.39887  -5.56485  5.5479  -1.59724  1.49813  2.52992  
-2.12662  -0.0885336  6.02571  -8.10081  13.8492  -15.7165  21.1636  -22.692  27.6707  -28.6799  32.9995  -33.299  36.7876  -36.2177  38.7561  -37.2161  38.7561  -36.2177  36.7876  -33.299  32.9995  -28.6799  27.6707  -22.692  21.1636  -15.7165  13.8492  -8.10081  6.02571  -0.0885336  -2.12662  
5.44413  2.44505  -6.55219  14.2133  -18.0654  25.3606  -28.8018  35.517  -38.3124  44.1822  -46.0618  50.8272  -51.5451  55.0063  -54.3852  56.4321  -54.3852  55.0063  -51.5451  50.8272  -46.0618  44.1822  -38.3124  35.517  -28.8018  25.3606  -18.0654  14.2133  -6.55219  2.44505  5.44413  
-4.96793  -1.08004  10.5836  -16.3591  25.4713  -30.8003  39.2746  -43.8903  51.4078  -54.983  61.2128  -63.4303  68.0995  -68.7125  71.6481  -70.5086  71.6481  -68.7125  68.0995  -63.4303  61.2128  -54.983  51.4078  -43.8903  39.2746  -30.8003  25.4713  -16.3591  10.5836  -1.08004  -4.96793  
7.94656  3.25248  -10.8298  21.6636  -28.7945  38.9774  -45.3689  54.5399  -59.825  67.5957  -71.4027  77.4388  -79.4666  83.5439  -83.5972  85.6105  -83.5972  83.5439  -79.4666  77.4388  -71.4027  67.5957  -59.825  54.5399  -45.3689  38.9774  -28.7945  21.6636  -10.8298  3.25248  7.94656  
-7.28719  -1.89409  14.2852  -23.0787  34.862  -42.9311  53.6969  -60.6375  69.9451  -75.3408  82.8015  -86.3085  91.657  -93.0508  96.1574  -95.3215  96.1574  -93.0508  91.657  -86.3085  82.8015  -75.3408  69.9451  -60.6375  53.6969  -42.9311  34.862  -23.0787  14.2852  -1.89409  -7.28719  
9.83931  3.85342  -14.1042  27.3196  -36.9222  49.1747  -57.6721  68.4594  -75.3868  84.2618  -89.2336  95.8901  -98.6615  102.958  -103.413  105.323  -103.413  102.958  -98.6615  95.8901  -89.2336  84.2618  -75.3868  68.4594  -57.6721  49.1747  -36.9222  27.3196  -14.1042  3.85342  9.83931  
-8.9315  -2.479  16.8785  -27.8147  41.3941  -51.3121  63.4824  -71.8512  82.0906  -88.47  96.4172  -100.535  106.033  -107.783  110.828  -110.192  110.828  -107.783  106.033  -100.535  96.4172  -88.47  82.0906  -71.8512  63.4824  -51.3121  41.3941  -27.8147  16.8785  -2.479  -8.9315  
11.0178  4.2126  -16.203  30.8807  -42.0359  55.4495  -65.1416  76.6676  -84.3771  93.5726  -98.9762  105.646  -108.638  112.798  -113.406  115.155  -113.406  112.798  -108.638  105.646  -98.9762  93.5726  -84.3771  76.6676  -65.1416  55.4495  -42.0359  30.8807  -16.203  4.2126  11.0178  
-9.84583  -2.81661  18.2711  -30.4119  44.8688  -55.7275  68.4287  -77.3741  87.761  -94.3845  102.185  -106.349  111.573  -113.341  116.147  -115.627  116.147  -113.341  111.573  -106.349  102.185  -94.3845  87.761  -77.3741  68.4287  -55.7275  44.8688  -30.4119  18.2711  -2.81661  -9.84583  
11.4735  4.32724  -17.1115  32.3294  -44.1381  57.8513  -67.9087  79.4079  -87.181  96.0734  -101.346  107.586  -110.425  114.206  -114.796  116.348  -114.796  114.206  -110.425  107.586  -101.346  96.0734  -87.181  79.4079  -67.9087  57.8513  -44.1381  32.3294  -17.1115  4.32724  11.4735  
-10.0655  -2.91981  18.5174  -30.9785  45.4661  -56.4599  68.9492  -77.783  87.7179  -94.0484  101.272  -105.112  109.802  -111.382  113.85  -113.393  113.85  -111.382  109.802  -105.112  101.272  -94.0484  87.7179  -77.783  68.9492  -56.4599  45.4661  -30.9785  18.5174  -2.91981  -10.0655  
11.2773  4.2215  -16.946  31.8787  -43.5597  56.8501  -66.6125  77.509  -84.8394  93.0208  -97.8179  103.38  -105.863  109.15  -109.633  110.981  -109.633  109.15  -105.863  103.38  -97.8179  93.0208  -84.8394  77.509  -66.6125  56.8501  -43.5597  31.8787  -16.946  4.2215  11.2773  
-9.6933  -2.82464  17.7813  -29.8146  43.6318  -54.1241  65.843  -74.0833  83.1777  -88.8971  95.3163  -98.652  102.704  -104.01  106.115  -105.695  106.115  -104.01  102.704  -98.652  95.3163  -88.8971  83.1777  -74.0833  65.843  -54.1241  43.6318  -29.8146  17.7813  -2.82464  -9.6933  
10.5523  3.93692  -15.9094  29.8896  -40.8325  53.1553  -62.1573  72.0729  -78.6607  85.9183  -90.0829  94.8808  -96.9429  99.7197  -100.074  101.223  -100.074  99.7197  -96.9429  94.8808  -90.0829  85.9183  -78.6607  72.0729  -62.1573  53.1553  -40.8325  29.8896  -15.9094  3.93692  10.5523  
-8.86929  -2.58008  16.2875  -27.3243  39.946  -49.4862  60.0594  -67.4143  75.4587  -80.4239  85.9626  -88.7521  92.1656  -93.1966  94.9544  -94.5666  94.9544  -93.1966  92.1656  -88.7521  85.9626  -80.4239  75.4587  -67.4143  60.0594  -49.4862  39.946  -27.3243  16.2875  -2.58008  -8.86929  
9.44344  3.52209  -14.242  26.7827  -36.5611  47.5454  -55.498  64.2165  -69.9201  76.1775  -79.6786  83.7228  -85.3848  87.6863  -87.9268  88.8944  -87.9268  87.6863  -85.3848  83.7228  -79.6786  76.1775  -69.9201  64.2165  -55.498  47.5454  -36.5611  26.7827  -14.242  3.52209  9.44344  
-7.74259  -2.23813  14.2752  -23.9331  35.0056  -43.3122  52.515  -58.8369  65.7429  -69.9218  74.5901  -76.8656  79.6897  -80.484  81.9308  -81.5805  81.9308  -80.484  79.6897  -76.8656  74.5901  -69.9218  65.7429  -58.8369  52.515  -43.3122  35.0056  -23.9331  14.2752  -2.23813  -7.74259  
8.09158  3.02385  -12.1793  22.9657  -31.3205  40.7412  -47.4919  54.9083  -59.6857  64.9398  -67.8097  71.1513  -72.4666  74.345  -74.5018  75.3032  -74.5018  74.345  -72.4666  71.1513  -67.8097  64.9398  -59.6857  54.9083  -47.4919  40.7412  -31.3205  22.9657  -12.1793  3.02385  8.09158  
-6.4486  -1.84606  11.9616  -20.0253  29.3399  -36.266  43.981  -49.216  54.9611  -58.3759  62.215  -64.0331  66.3262  -66.9313  68.1024  -67.7981  68.1024  -66.9313  66.3262  -64.0331  62.215  -58.3759  54.9611  -49.216  43.981  -36.266  29.3399  -20.0253  11.9616  -1.84606  -6.4486  
6.61557  2.48122  -9.92183  18.7825  -25.5894  33.3294  -38.8189  44.8926  -48.7519  53.026  -55.3143  58.0065  -59.0298  60.5309  -60.6322  61.2797  -60.6322  60.5309  -59.0298  58.0065  -55.3143  53.026  -48.7519  44.8926  -38.8189  33.3294  -25.5894  18.7825  -9.92183  2.48122  6.61557  
-5.0944  -1.44114  9.51863  -15.9045  23.3616  -28.8558  35.0329  -39.1787  43.7669  -46.4548  49.5037  -50.9164  52.7241  -53.1788  54.1002  -53.8498  54.1002  -53.1788  52.7241  -50.9164  49.5037  -46.4548  43.7669  -39.1787  35.0329  -28.8558  23.3616  -15.9045  9.51863  -1.44114  -5.0944  
5.1022  1.92232  -7.61731  14.4857  -19.716  25.7293  -29.9544  34.6756  -37.6424  40.9586  -42.7081  44.7875  -45.559  46.7131  -46.7794  47.2803  -46.7794  46.7131  -45.559  44.7875  -42.7081  40.9586  -37.6424  34.6756  -29.9544  25.7293  -19.716  14.4857  -7.61731  1.92232  5.1022  
-3.75171  -1.04809  7.06277  -11.7761  17.3471  -21.4169  26.0429  -29.1198  32.559  -34.5525  36.8348  -37.877  39.2256  -39.5549  40.2413  -40.0503  40.2413  -39.5549  39.2256  -37.877  36.8348  -34.5525  32.559  -29.1198  26.0429  -21.4169  17.3471  -11.7761  7.06277  -1.04809  -3.75171  
3.60369  1.36402  -5.355  10.2289  -13.9102  18.1912  -21.1758  24.5454  -26.6457  29.0151  -30.253  31.7372  -32.28  33.1018  -33.1448  33.5023  -33.1448  33.1018  -32.28  31.7372  -30.253  29.0151  -26.6457  24.5454  -21.1758  18.1912  -13.9102  10.2289  -5.355  1.36402  3.60369  
-2.45629  -0.678525  4.65476  -7.74613  11.4409  -14.1211  17.1988  -19.2324  21.5262  -22.8465  24.3701  -25.0599  25.9592  -26.1756  26.6328  -26.5044  26.6328  -26.1756  25.9592  -25.0599  24.3701  -22.8465  21.5262  -19.2324  17.1988  -14.1211  11.4409  -7.74613  4.65476  -0.678525  -2.45629  
2.14074  0.813347  -3.16884  6.07458  -8.25546  10.8153  -12.5901  14.6109  -15.8638  17.2876  -18.0273  18.9196  -19.2436  19.7372  -19.762  19.9768  -19.762  19.7372  -19.2436  18.9196  -18.0273  17.2876  -15.8638  14.6109  -12.5901  10.8153  -8.25546  6.07458  -3.16884  0.813347  2.14074  
-1.21219  -0.332227  2.30766  -3.83503  5.67481  -7.00326  8.53974  -9.55084  10.6985  -11.3566  12.12  -12.4641  12.9147  -13.0225  13.2514  -13.1869  13.2514  -13.0225  12.9147  -12.4641  12.12  -11.3566  10.6985  -9.55084  8.53974  -7.00326  5.67481  -3.83503  2.30766  -0.332227  -1.21219  
0.709477  0.27013  -1.04791  2.01281  -2.73448  3.58605  -4.17471  4.84815  -5.26464  5.73981  -5.98606  6.28402  -6.39193  6.55672  -6.56493  6.63662  -6.56493  6.55672  -6.39193  6.28402  -5.98606  5.73981  -5.26464  4.84815  -4.17471  3.58605  -2.73448  2.01281  -1.04791  0.27013  0.709477  
0  0  0  0  0  0  0  0  0  0  0  0  0  0  0  0  0  0  0  0  0  0  0  0  0  0  0  0  0  0  0  
