1  1  1  1  1  1  1  1  1  1  1  1  1  1  1  1  1  1  1  1  1  1  1  1  1  1  1  1  1  1  1  
-15.8745  -4.70437  28.8059  -48.5876  71.7331  -90.3404  111.971  -128.672  147.892  -161.676  177.415  -187.214  198.469  -203.391  209.435  -208.933  209.435  -203.391  198.469  -187.214  177.415  -161.676  147.892  -128.672  111.971  -90.3404  71.7331  -48.5876  28.8059  -4.70437  -15.8745  
34.2463  12.1685  -54.0649  98.882  -138.865  181.257  -218.189  256.671  -288.787  321.385  -346.619  371.293  -387.738  402.824  -409.109  413.609  -409.109  402.824  -387.738  371.293  -346.619  321.385  -288.787  256.671  -218.189  181.257  -138.865  98.882  -54.0649  12.1685  34.2463  
-48.045  -15.5772  81.8262  -143.099  206.391  -263.961  322.49  -374.131  425.29  -468.162  509.027  -540.29  568.264  -585.66  598.942  -601.14  598.942  -585.66  568.264  -540.29  509.027  -468.162  425.29  -374.131  322.49  -263.961  206.391  -143.099  81.8262  -15.5772  -48.045  
64.4056  22.2893  -104.06  187.647  -265.432  343.846  -415.132  485.36  -546.778  605.235  -653.198  696.496  -727.961  753.551  -766.492  772.95  -766.492  753.551  -727.961  696.496  -653.198  605.235  -546.778  485.36  -415.132  343.846  -265.432  187.647  -104.06  22.2893  64.4056  
-75.7526  -24.9351  127.517  -224.441  321.88  -412.166  501.102  -580.991  657.345  -722.68  782.432  -829.538  869.533  -895.83  914.141  -918.272  914.141  -895.83  869.533  -829.538  782.432  -722.68  657.345  -580.991  501.102  -412.166  321.88  -224.441  127.517  -24.9351  -75.7526  
88.9156  30.4936  -144.773  259.761  -367.816  474.481  -572.095  665.889  -748.406  824.762  -887.968  943.228  -984.129  1016.04  -1033.01  1040.55  -1033.01  1016.04  -984.129  943.228  -887.968  824.762  -748.406  665.889  -572.095  474.481  -367.816  259.761  -144.773  30.4936  88.9156  
-96.8535  -32.0516  162.354  -286.338  409.219  -523.314  633.576  -732.534  825.016  -904.06  974.589  -1030.33  1076.39  -1107.1  1127.68  -1132.79  1127.68  -1107.1  1076.39  -1030.33  974.589  -904.06  825.016  -732.534  633.576  -523.314  409.219  -286.338  162.354  -32.0516  -96.8535  
106.12  36.2212  -173.476  310.408  -439.223  564.539  -678.804  786.545  -880.754  966.081  -1036.31  1096.36  -1140.76  1174.6  -1192.87  1200.6  -1192.87  1174.6  -1140.76  1096.36  -1036.31  966.081  -880.754  786.545  -678.804  564.539  -439.223  310.408  -173.476  36.2212  106.12  
-110.217  -36.5461  184.467  -325.536  463.939  -591.951  713.747  -822.177  921.585  -1005.71  1079.24  -1136.86  1183.53  -1214.58  1234.97  -1240.2  1234.97  -1214.58  1183.53  -1136.86  1079.24  -1005.71  921.585  -822.177  713.747  -591.951  463.939  -325.536  184.467  -36.5461  -110.217  
115.42  39.2726  -189.17  337.906  -477.5  611.683  -733.069  845.627  -942.918  1029.34  -1099.59  1158.49  -1201.62  1233.92  -1251.35  1258.57  -1251.35  1233.92  -1201.62  1158.49  -1099.59  1029.34  -942.918  845.627  -733.069  611.683  -477.5  337.906  -189.17  39.2726  115.42  
-115.755  -38.3937  193.691  -341.849  486.062  -618.621  743.031  -852.557  951.221  -1033.55  1104.13  -1158.67  1202.06  -1230.65  1249.19  -1253.96  1249.19  -1230.65  1202.06  -1158.67  1104.13  -1033.55  951.221  -852.557  743.031  -618.621  486.062  -341.849  193.691  -38.3937  -115.755  
117.191  39.7804  -192.453  343.417  -484.603  618.963  -739.373  849.369  -943.155  1024.98  -1090.44  1144.33  -1183.21  1211.92  -1227.26  1233.59  -1227.26  1211.92  -1183.21  1144.33  -1090.44  1024.98  -943.155  849.369  -739.373  618.963  -484.603  343.417  -192.453  39.7804  117.191  
-114.246  -37.865  191.279  -337.596  479.164  -608.425  728.337  -832.664  925.18  -1001.19  1065.21  -1113.84  1151.93  -1176.65  1192.54  -1196.58  1192.54  -1176.65  1151.93  -1113.84  1065.21  -1001.19  925.18  -832.664  728.337  -608.425  479.164  -337.596  191.279  -37.865  -114.246  
112.535  38.1237  -185.11  330.182  -465.377  593.025  -706.386  808.644  -894.656  968.521  -1026.63  1073.68  -1107.05  1131.39  -1144.2  1149.51  -1144.2  1131.39  -1107.05  1073.68  -1026.63  968.521  -894.656  808.644  -706.386  593.025  -465.377  330.182  -185.11  38.1237  112.535  
-107.035  -35.4231  179.412  -316.696  448.987  -569.058  679.441  -774.448  857.611  -924.933  980.779  -1022.47  1054.66  -1075.2  1088.34  -1091.6  1088.34  -1075.2  1054.66  -1022.47  980.779  -924.933  857.611  -774.448  679.441  -569.058  448.987  -316.696  179.412  -35.4231  -107.035  
102.953  34.8171  -169.591  302.557  -426.117  542.146  -644.407  735.772  -811.717  876.109  -925.991  965.82  -993.576  1013.62  -1024  1028.35  -1024  1013.62  -993.576  965.82  -925.991  876.109  -811.717  735.772  -644.407  542.146  -426.117  302.557  -169.591  34.8171  102.953  
-95.7084  -31.6122  160.676  -283.727  402.059  -508.974  606.663  -690.026  762.305  -820.096  867.464  -902.279  928.85  -945.523  956.155  -958.721  956.155  -945.523  928.85  -902.279  867.464  -820.096  762.305  -690.026  606.663  -508.974  402.059  -283.727  160.676  -31.6122  -95.7084  
90.0405  30.4039  -148.506  265.131  -373.31  474.6  -563.383  642.217  -707.16  761.729  -803.478  836.461  -859.102  875.329  -883.591  887.09  -883.591  875.329  -859.102  836.461  -803.478  761.729  -707.16  642.217  -563.383  474.6  -373.31  265.131  -148.506  30.4039  90.0405  
-81.8146  -26.9611  137.6  -243.124  344.585  -436  519.265  -589.908  650.803  -699.056  738.287  -766.773  788.33  -801.667  810.156  -812.153  810.156  -801.667  788.33  -766.773  738.287  -699.056  650.803  -589.908  519.265  -436  344.585  -243.124  137.6  -26.9611  -81.8146  
75.2412  25.3738  -124.228  222.044  -312.711  397.555  -471.688  537.326  -591.087  636.028  -670.114  696.859  -715.008  727.948  -734.448  737.23  -734.448  727.948  -715.008  696.859  -670.114  636.028  -591.087  537.326  -471.688  397.555  -312.711  222.044  -124.228  25.3738  75.2412  
-66.6624  -21.9141  112.331  -198.633  281.728  -356.509  424.592  -482.174  531.694  -570.719  602.312  -625.065  642.194  -652.682  659.353  -660.89  659.353  -652.682  642.194  -625.065  602.312  -570.719  531.694  -482.174  424.592  -356.509  281.728  -198.633  112.331  -21.9141  -66.6624  
59.694  20.1097  -98.6432  176.564  -248.805  316.496  -375.572  427.872  -470.588  506.233  -533.132  554.166  -568.335  578.406  -583.418  585.58  -583.418  578.406  -568.335  554.166  -533.132  506.233  -470.588  427.872  -375.572  316.496  -248.805  176.564  -98.6432  20.1097  59.694  
-51.2097  -16.7942  86.4526  -153.006  217.242  -275.059  327.774  -372.318  410.634  -440.756  465.109  -482.57  495.683  -503.661  508.734  -509.887  508.734  -503.661  495.683  -482.57  465.109  -440.756  410.634  -372.318  327.774  -275.059  217.242  -153.006  86.4526  -16.7942  -51.2097  
44.1618  14.8655  -73.0234  130.9  -184.602  235.042  -279.075  318.122  -349.993  376.601  -396.638  412.292  -422.795  430.251  -433.942  435.54  -433.942  430.251  -422.795  412.292  -396.638  376.601  -349.993  318.122  -279.075  235.042  -184.602  130.9  -73.0234  14.8655  44.1618  
-36.0295  -11.7911  60.9244  -107.914  153.394  -194.365  231.811  -263.466  290.742  -312.176  329.514  -341.921  351.234  -356.882  360.473  -361.284  360.473  -356.882  351.234  -341.921  329.514  -312.176  290.742  -263.466  231.811  -194.365  153.394  -107.914  60.9244  -11.7911  -36.0295  
29.0322  9.76749  -48.0267  86.2035  -121.662  155.054  -184.233  210.167  -231.346  249.054  -262.384  272.803  -279.783  284.736  -287.181  288.243  -287.181  284.736  -279.783  272.803  -262.384  249.054  -231.346  210.167  -184.233  155.054  -121.662  86.2035  -48.0267  9.76749  29.0322  
-21.3365  -6.97163  36.123  -64.0247  91.0949  -115.506  137.87  -156.793  173.129  -185.972  196.373  -203.814  209.4  -212.783  214.935  -215.419  214.935  -212.783  209.4  -203.814  196.373  -185.972  173.129  -156.793  137.87  -115.506  91.0949  -64.0247  36.123  -6.97163  -21.3365  
14.3688  4.83273  -23.7754  42.7128  -60.3156  76.9258  -91.4538  104.39  -114.962  123.815  -130.48  135.694  -139.185  141.663  -142.885  143.416  -142.885  141.663  -139.185  135.694  -130.48  123.815  -114.962  104.39  -91.4538  76.9258  -60.3156  42.7128  -23.7754  4.83273  14.3688  
-7.05897  -2.30454  11.9587  -21.2032  30.1845  -38.2891  45.7241  -52.0196  57.4614  -61.7416  65.2107  -67.6926  69.5564  -70.685  71.4027  -71.5642  71.4027  -70.685  69.5564  -67.6926  65.2107  -61.7416  57.4614  -52.0196  45.7241  -38.2891  30.1845  -21.2032  11.9587  -2.30454  -7.05897  
0  0  0  0  0  0  0  0  0  0  0  0  0  0  0  0  0  0  0  0  0  0  0  0  0  0  0  0  0  0  0  
