1  1  1  1  1  1  1  1  1  1  1  1  1  1  1  1  1  1  1  1  1  1  1  1  1  1  1  1  1  1  1  
-29.7176  -9.36968  51.6741  -89.3066  129.874  -165.361  203.177  -235.182  268.616  -295.298  322.4  -341.815  360.756  -371.281  380.733  -381.375  380.733  -371.281  360.756  -341.815  322.4  -295.298  268.616  -235.182  203.177  -165.361  129.874  -89.3066  51.6741  -9.36968  -29.7176  
61.6048  21.3878  -99.2631  179.351  -253.732  329.413  -398.222  466.799  -526.817  584.692  -632.155  675.614  -707.052  733.057  -745.978  752.704  -745.978  733.057  -707.052  675.614  -632.155  584.692  -526.817  466.799  -398.222  329.413  -253.732  179.351  -99.2631  21.3878  61.6048  
-88.2777  -29.1329  148.302  -261.424  375.22  -481.579  586.721  -682.255  773.996  -853.531  926.546  -984.908  1034.46  -1067.55  1090.35  -1095.74  1090.35  -1067.55  1034.46  -984.908  926.546  -853.531  773.996  -682.255  586.721  -481.579  375.22  -261.424  148.302  -29.1329  -88.2777  
116.586  39.867  -190.29  341.093  -484.241  625.643  -756.921  883.444  -996.713  1101.83  -1190.55  1268.09  -1326.73  1372.03  -1396.91  1407.37  -1396.91  1372.03  -1326.73  1268.09  -1190.55  1101.83  -996.713  883.444  -756.921  625.643  -484.241  341.093  -190.29  39.867  116.586  
-138.708  -46.1368  231.578  -409.552  585.646  -751.502  912.139  -1059.02  1196.78  -1317.1  1424.66  -1511.74  1583.34  -1632.48  1664.61  -1673.36  1664.61  -1632.48  1583.34  -1511.74  1424.66  -1317.1  1196.78  -1059.02  912.139  -751.502  585.646  -409.552  231.578  -46.1368  -138.708  
161.276  54.8545  -264.41  472.503  -670.697  863.662  -1042.8  1212.36  -1363.94  1501.79  -1618.15  1717.61  -1793.3  1850.25  -1882.33  1894.92  -1882.33  1850.25  -1793.3  1717.61  -1618.15  1501.79  -1363.94  1212.36  -1042.8  863.662  -670.697  472.503  -264.41  54.8545  161.276  
-177.104  -59.0582  295.08  -522.26  744.791  -953.921  1153.51  -1335.02  1502.27  -1647.44  1774.76  -1877.43  1960.23  -2017.27  2053.67  -2064.06  2053.67  -2017.27  1960.23  -1877.43  1774.76  -1647.44  1502.27  -1335.02  1153.51  -953.921  744.791  -522.26  295.08  -59.0582  -177.104  
192.658  65.3303  -316.654  564.808  -800.727  1027.76  -1237.13  1432.2  -1604.97  1759.28  -1888.32  1996.62  -2078.56  2139.17  -2173.47  2186.53  -2173.47  2139.17  -2078.56  1996.62  -1888.32  1759.28  -1604.97  1432.2  -1237.13  1027.76  -800.727  564.808  -316.654  65.3303  192.658  
-201.406  -67.2035  335.404  -593.621  844.516  -1078.9  1299.6  -1498.26  1678.24  -1832.56  1965.45  -2071.43  2155.45  -2212.99  2249.18  -2259.66  2249.18  -2212.99  2155.45  -2071.43  1965.45  -1832.56  1678.24  -1498.26  1299.6  -1078.9  844.516  -593.621  335.404  -67.2035  -201.406  
209.641  70.9308  -345.2  614.942  -870.408  1113.69  -1335.93  1539.88  -1718.16  1874.58  -2003.53  2109.86  -2189.35  2247.29  -2279.93  2292.2  -2279.93  2247.29  -2189.35  2109.86  -2003.53  1874.58  -1718.16  1539.88  -1335.93  1113.69  -870.408  614.942  -345.2  70.9308  209.641  
-211.453  -70.5271  352.249  -623.294  884.861  -1127.44  1352.99  -1553.55  1732.27  -1883.21  2010.86  -2111.1  2189.27  -2242.21  2275.13  -2284.66  2275.13  -2242.21  2189.27  -2111.1  2010.86  -1883.21  1732.27  -1553.55  1352.99  -1127.44  884.861  -623.294  352.249  -70.5271  -211.453  
212.91  71.8981  -351.137  625.025  -883.304  1126.99  -1347.37  1546.74  -1718.54  1866.68  -1986.81  2084.12  -2155.77  2207.27  -2236  2246.75  -2236  2207.27  -2155.77  2084.12  -1986.81  1866.68  -1718.54  1546.74  -1347.37  1126.99  -883.304  625.025  -351.137  71.8981  212.91  
-208.661  -69.521  347.898  -615.502  872.339  -1108.82  1326.27  -1517.27  1684.88  -1824.21  1940  -2029.4  2097.99  -2143.78  2171.99  -2180.08  2171.99  -2143.78  2097.99  -2029.4  1940  -1824.21  1684.88  -1517.27  1326.27  -1108.82  872.339  -615.502  347.898  -69.521  -208.661  
204.471  68.9238  -337.718  600.959  -848.236  1079.79  -1287.23  1472.6  -1630.15  1763.88  -1870.52  1955.47  -2016.98  2060.61  -2084.65  2093.64  -2084.65  2060.61  -2016.98  1955.47  -1870.52  1763.88  -1630.15  1472.6  -1287.23  1079.79  -848.236  600.959  -337.718  68.9238  204.471  
-195.48  -65.0284  326.327  -577.386  817.413  -1037.07  1237.25  -1411.17  1561.84  -1685.26  1786.25  -1862.9  1920.85  -1958.93  1982.22  -1988.8  1982.22  -1958.93  1920.85  -1862.9  1786.25  -1685.26  1561.84  -1411.17  1237.25  -1037.07  817.413  -577.386  326.327  -65.0284  -195.48  
187.062  62.946  -309.402  550.683  -776.675  987.152  -1174.28  1339.9  -1479.02  1595.58  -1687.15  1759.03  -1810.24  1846.14  -1865.64  1872.96  -1865.64  1846.14  -1810.24  1759.03  -1687.15  1595.58  -1479.02  1339.9  -1174.28  987.152  -776.675  550.683  -309.402  62.946  187.062  
-174.8  -58.0391  292.244  -517.282  731.974  -927.57  1104.72  -1257.34  1388.28  -1494.24  1579.87  -1643.92  1691.72  -1722.67  1741.48  -1746.7  1741.48  -1722.67  1691.72  -1643.92  1579.87  -1494.24  1388.28  -1257.34  1104.72  -927.57  731.974  -517.282  292.244  -58.0391  -174.8  
163.59  54.9562  -270.944  482.556  -680.432  864.156  -1026.64  1169.53  -1288.51  1387.27  -1463.93  1523.43  -1565.23  1594.26  -1609.82  1615.69  -1609.82  1594.26  -1565.23  1523.43  -1463.93  1387.27  -1288.51  1169.53  -1026.64  864.156  -680.432  482.556  -270.944  54.9562  163.59  
-149.439  -49.5147  250.258  -443.268  627.328  -794.589  945.562  -1074.92  1185.21  -1273.71  1344.61  -1397.03  1435.79  -1460.57  1475.57  -1479.67  1475.57  -1460.57  1435.79  -1397.03  1344.61  -1273.71  1185.21  -1074.92  945.562  -794.589  627.328  -443.268  250.258  -49.5147  -149.439  
136.686  45.8477  -226.666  404.12  -569.99  723.861  -859.558  978.504  -1077.02  1158.34  -1220.95  1269.18  -1302.7  1325.83  -1338.1  1342.75  -1338.1  1325.83  -1302.7  1269.18  -1220.95  1158.34  -1077.02  978.504  -859.558  723.861  -569.99  404.12  -226.666  45.8477  136.686  
-121.78  -40.2635  204.285  -362.166  512.881  -649.733  773.154  -878.616  968.285  -1039.88  1096.96  -1138.85  1169.63  -1189.14  1200.9  -1204.08  1200.9  -1189.14  1169.63  -1138.85  1096.96  -1039.88  968.285  -878.616  773.154  -649.733  512.881  -362.166  204.285  -40.2635  -121.78  
108.426  36.3195  -179.999  321.332  -453.52  576.257  -684.416  779.173  -857.469  921.946  -971.371  1009.29  -1035.47  1053.46  -1062.94  1066.54  -1062.94  1053.46  -1035.47  1009.29  -971.371  921.946  -857.469  779.173  -684.416  576.257  -453.52  321.332  -179.999  36.3195  108.426  
-93.5657  -30.8721  157.209  -278.987  395.474  -501.302  596.846  -678.445  747.812  -803.086  847.073  -879.23  902.787  -917.633  926.573  -928.97  926.573  -917.633  902.787  -879.23  847.073  -803.086  747.812  -678.445  596.846  -501.302  395.474  -278.987  157.209  -30.8721  -93.5657  
80.2008  26.8352  -133.262  238.216  -336.501  427.941  -508.575  579.306  -637.736  685.857  -722.681  750.893  -770.311  783.623  -790.606  793.264  -790.606  783.623  -770.311  750.893  -722.681  685.857  -637.736  579.306  -508.575  427.941  -336.501  238.216  -133.262  26.8352  80.2008  
-65.8403  -21.6859  110.778  -196.777  279.234  -354.243  422.099  -480.099  529.471  -568.809  600.118  -622.975  639.701  -650.214  656.539  -658.229  656.539  -650.214  639.701  -622.975  600.118  -568.809  529.471  -480.099  422.099  -354.243  279.234  -196.777  110.778  -21.6859  -65.8403  
52.7168  17.6246  -87.652  156.869  -221.777  282.302  -335.744  382.714  -421.548  453.569  -478.072  496.846  -509.751  518.593  -523.222  524.985  -523.222  518.593  -509.751  496.846  -478.072  453.569  -421.548  382.714  -335.744  282.302  -221.777  156.869  -87.652  17.6246  52.7168  
-38.9954  -12.8272  65.6771  -116.751  165.823  -210.521  251.04  -285.717  315.284  -338.858  357.639  -371.347  381.378  -387.677  391.466  -392.476  391.466  -387.677  381.378  -371.347  357.639  -338.858  315.284  -285.717  251.04  -210.521  165.823  -116.751  65.6771  -12.8272  -38.9954  
26.0883  8.71763  -43.3942  77.7246  -109.951  140.054  -166.666  190.092  -209.48  225.486  -237.74  247.133  -253.589  258.012  -260.326  261.207  -260.326  258.012  -253.589  247.133  -237.74  225.486  -209.48  190.092  -166.666  140.054  -109.951  77.7246  -43.3942  8.71763  26.0883  
-12.9021  -4.24113  21.7419  -38.6654  54.9451  -69.7861  83.2563  -94.7936  104.642  -112.499  118.763  -123.335  126.682  -128.784  130.047  -130.384  130.047  -128.784  126.682  -123.335  118.763  -112.499  104.642  -94.7936  83.2563  -69.7861  54.9451  -38.6654  21.7419  -4.24113  -12.9021  
0  0  0  0  0  0  0  0  0  0  0  0  0  0  0  0  0  0  0  0  0  0  0  0  0  0  0  0  0  0  0  
