1  1  1  1  1  1  1  1  1  1  1  1  1  1  1  1  1  1  1  1  1  1  1  1  1  1  1  1  1  1  1  
-6777.77  -2283.54  11199.1  -19938.4  28471.5  -36735.2  44662.7  -52155.2  59117.1  -65431.5  70997.3  -75704.3  79469.8  -82211.8  83882.6  -84440.8  83882.6  -82211.8  79469.8  -75704.3  70997.3  -65431.5  59117.1  -52155.2  44662.7  -36735.2  28471.5  -19938.4  11199.1  -2283.54  -6777.77  
13397.9  4515.49  -22131.8  39405.1  -56247.1  72550.5  -88157.9  102897  -116558  128938  -139821  149021  -156361  161710  -164958  166050  -164958  161710  -156361  149021  -139821  128938  -116558  102897  -88157.9  72550.5  -56247.1  39405.1  -22131.8  4515.49  13397.9  
-19700.3  -6637.07  32552.7  -57940.6  82673.2  -106563  129390  -150882  170756  -188707  204452  -217721  228290  -235971  240636  -242198  240636  -235971  228290  -217721  204452  -188707  170756  -150882  129390  -106563  82673.2  -57940.6  32552.7  -6637.07  -19700.3  
25552.7  8608.35  -42224.7  75140.7  -107145  137991  -167367  194935  -220324  243174  -263133  279899  -293206  302859  -308705  310665  -308705  302859  -293206  279899  -263133  243174  -220324  194935  -167367  137991  -107145  75140.7  -42224.7  8608.35  25552.7  
-30827.4  -10381.2  50957.2  -90644.8  129162  -166165  201278  -234079  264150  -291075  314487  -334059  349538  -360725  367490  -369752  367490  -360725  349538  -334059  314487  -291075  264150  -234079  201278  -166165  129162  -90644.8  50957.2  -10381.2  -30827.4  
35434.5  11929.9  -58583.7  104177  -148314  190575  -230492  267597  -301416  331528  -357555  379202  -396235  408502  -415896  418368  -415896  408502  -396235  379202  -357555  331528  -301416  267597  -230492  190575  -148314  104177  -58583.7  11929.9  35434.5  
-39296.5  -13223.8  64994.3  -115526  164324  -210859  254603  -295023  331639  -364020  391830  -414811  432799  -445691  453441  -456024  453441  -445691  432799  -414811  391830  -364020  331639  -295023  254603  -210859  164324  -115526  64994.3  -13223.8  -39296.5  
42376.9  14254.9  -70110.8  124576  -177021  226833  -273400  316167  -354636  388415  -417209  440843  -459223  472332  -480180  482794  -480180  472332  -459223  440843  -417209  388415  -354636  316167  -273400  226833  -177021  124576  -70110.8  14254.9  42376.9  
-44652.7  -15011.6  73911.9  -131275  186362  -238451  286883  -331064  370519  -404890  433964  -457642  475934  -488903  496639  -499207  496639  -488903  475934  -457642  433964  -404890  370519  -331064  286883  -238451  186362  -131275  73911.9  -15011.6  -44652.7  
46139  15503.1  -76404.4  135660  -192399  245823  -295209  339962  -379621  413895  -442641  465868  -483676  496227  -503677  506148  -503677  496227  -483676  465868  -442641  413895  -379621  339962  -295209  245823  -192399  135660  -76404.4  15503.1  46139  
-46860.5  -15734.4  77643.9  -137818  195285  -249159  298688  -343263  382467  -416064  444006  -466388  483419  -495341  502387  -504715  502387  -495341  483419  -466388  444006  -416064  382467  -343263  298688  -249159  195285  -137818  77643.9  -15734.4  -46860.5  
46872.3  15728.1  -77704.3  137899  -195236  248774  -297723  341491  -379693  412165  -438935  460199  -476245  487403  -493962  496125  -493962  487403  -476245  460199  -438935  412165  -379693  341491  -297723  248774  -195236  137899  -77704.3  15728.1  46872.3  
-46232.4  -15500.7  76694.4  -136085  192531  -245035  292798  -335236  372013  -403020  428370  -448330  463272  -473587  479621  -481603  479621  -473587  463272  -448330  428370  -403020  372013  -335236  292798  -245035  192531  -136085  76694.4  -15500.7  -46232.4  
45020  15082.8  -74728.7  132595  -187478  238360  -284428  325129  -360157  389471  -413238  431798  -445577  455025  -460520  462322  -460520  455025  -445577  431798  -413238  389471  -360157  325129  -284428  238360  -187478  132595  -74728.7  15082.8  45020  
-43309.4  -14496.6  71941.9  -127655  180412  -229175  273148  -311792  344850  -372319  394423  -411544  424160  -432748  437718  -439342  437718  -432748  424160  -411544  394423  -372319  344850  -311792  273148  -229175  180412  -127655  71941.9  -14496.6  -43309.4  
41187.2  13774.8  -68462.5  121503  -171661  217912  -259470  295832  -326766  352313  -372725  388423  -399903  407667  -412136  413594  -412136  407667  -399903  388423  -372725  352313  -326766  295832  -259470  217912  -171661  121503  -68462.5  13774.8  41187.2  
-38729.2  -12940.2  64426.8  -114367  161554  -204978  243889  -277804  306527  -330117  348854  -363166  373565  -380554  384559  -385860  384559  -380554  373565  -363166  348854  -330117  306527  -277804  243889  -204978  161554  -114367  64426.8  -12940.2  -38729.2  
36016.2  12023.3  -59955.3  106469  -150391  190759  -226848  258214  -284677  306316  -323412  336399  -345777  352047  -355623  356783  -355623  352047  -345777  336399  -323412  306316  -284677  258214  -226848  190759  -150391  106469  -59955.3  12023.3  36016.2  
-33114  -11043.6  55167.4  -98006.3  138455  -175594  208750  -237500  261689  -281396  296904  -308626  317051  -322654  325839  -326869  325839  -322654  317051  -308626  296904  -281396  261689  -237500  208750  -175594  138455  -98006.3  55167.4  -11043.6  -33114  
30088.6  10026.1  -50161.4  89159.9  -125984  159786  -189932  216037  -237953  255765  -269733  280254  -287783  292772  -295597  296510  -295597  292772  -287783  280254  -269733  255765  -237953  216037  -189932  159786  -125984  89159.9  -50161.4  10026.1  30088.6  
-26989.5  -8984.93  45028.8  -80078.6  113192  -143586  170685  -194130  213791  -229739  242219  -251590  258277  -262692  265187  -265991  265187  -262692  258277  -251590  242219  -229739  213791  -194130  170685  -143586  113192  -80078.6  45028.8  -8984.93  -26989.5  
23863.4  7938.02  -39838  70890.7  -100245  127201  -151235  172026  -189448  203567  -214597  222866  -228750  232627  -234812  235516  -234812  232627  -228750  222866  -214597  203567  -189448  172026  -151235  127201  -100245  70890.7  -39838  7938.02  23863.4  
-20740.6  -6893.36  34648.4  -61690.5  87277.1  -110787  131760  -149904  165110  -177426  187041  -194237  199352  -202715  204608  -205217  204608  -202715  199352  -194237  187041  -177426  165110  -149904  131760  -110787  87277.1  -61690.5  34648.4  -6893.36  -20740.6  
17647.9  5861.64  -29497.2  52551  -74381.9  94459.6  -112382  127897  -140902  151437  -159657  165807  -170172  173040  -174652  175171  -174652  173040  -170172  165807  -159657  151437  -140902  127897  -112382  94459.6  -74381.9  52551  -29497.2  5861.64  17647.9  
-14597.5  -4845.05  24412.4  -43514.3  61622  -78288.9  93180.7  -106081  116901  -125668  132510  -137627  141257  -143639  144978  -145408  144978  -143639  141257  -137627  132510  -125668  116901  -106081  93180.7  -78288.9  61622  -43514.3  24412.4  -4845.05  -14597.5  
11598.1  3847.71  -19403.6  34603.9  -49024.5  62311.2  -74191.8  84493.1  -93138.3  100147  -105618  109710  -112611  114516  -115585  115928  -115585  114516  -112611  109710  -105618  100147  -93138.3  84493.1  -74191.8  62311.2  -49024.5  34603.9  -19403.6  3847.71  11598.1  
-8647.05  -2867.23  14472.2  -25819  36593.1  -46527  55417.8  -63131.6  69610.5  -74865.1  78968.7  -82037.6  84214.6  -85642.3  86444.1  -86701.5  86444.1  -85642.3  84214.6  -82037.6  78968.7  -74865.1  69610.5  -63131.6  55417.8  -46527  36593.1  -25819  14472.2  -2867.23  -8647.05  
5738.92  1902.47  -9606.87  17144.7  -24305.6  30913  -36829.7  41967  -46283.6  49786.7  -52522.8  54569.9  -56021.6  56974.1  -57508.5  57680.4  -57508.5  56974.1  -56021.6  54569.9  -52522.8  49786.7  -46283.6  41967  -36829.7  30913  -24305.6  17144.7  -9606.87  1902.47  5738.92  
-2861.24  -948.257  4790.69  -8550.91  12124.8  -15423.5  18378.9  -20945.6  23103.4  -24854.9  26223.4  -27247.2  27973.5  -28449.8  28717.2  -28803.1  28717.2  -28449.8  27973.5  -27247.2  26223.4  -24854.9  23103.4  -20945.6  18378.9  -15423.5  12124.8  -8550.91  4790.69  -948.257  -2861.24  
0  0  0  0  0  0  0  0  0  0  0  0  0  0  0  0  0  0  0  0  0  0  0  0  0  0  0  0  0  0  0  
