1  1  1  1  1  1  1  1  1  1  1  1  1  1  1  1  1  1  1  1  1  1  1  1  1  1  1  1  1  1  1  
-74641.1  -25154.3  123306  -219555  313496  -404509  491781  -574301  650940  -720489  781756  -833605  875049  -905260  923639  -929804  923639  -905260  875049  -833605  781756  -720489  650940  -574301  491781  -404509  313496  -219555  123306  -25154.3  -74641.1  
147518  49711.4  -243707  433888  -619358  798859  -970733  1.13301e+06  -1.28345e+06  1.41975e+06  -1.53961e+06  1.64089e+06  -1.72173e+06  1.78061e+06  -1.81639e+06  1.8284e+06  -1.81639e+06  1.78061e+06  -1.72173e+06  1.64089e+06  -1.53961e+06  1.41975e+06  -1.28345e+06  1.13301e+06  -970733  798859  -619358  433888  -243707  49711.4  147518  
-216933  -73091.3  358435  -638005  910323  -1.17339e+06  1.42473e+06  -1.6614e+06  1.88022e+06  -2.0779e+06  2.25126e+06  -2.39737e+06  2.51374e+06  -2.59833e+06  2.64968e+06  -2.66689e+06  2.64968e+06  -2.59833e+06  2.51374e+06  -2.39737e+06  2.25126e+06  -2.0779e+06  1.88022e+06  -1.6614e+06  1.42473e+06  -1.17339e+06  910323  -638005  358435  -73091.3  -216933  
281357  94779.3  -464954  827381  -1.17981e+06  1.51944e+06  -1.84292e+06  2.14647e+06  -2.42604e+06  2.67763e+06  -2.89741e+06  3.08201e+06  -3.22856e+06  3.33483e+06  -3.39922e+06  3.42079e+06  -3.39922e+06  3.33483e+06  -3.22856e+06  3.08201e+06  -2.89741e+06  2.67763e+06  -2.42604e+06  2.14647e+06  -1.84292e+06  1.51944e+06  -1.17981e+06  827381  -464954  94779.3  281357  
-339455  -114318  561092  -998116  1.42222e+06  -1.82969e+06  2.21631e+06  -2.5775e+06  2.90861e+06  -3.2051e+06  3.46287e+06  -3.6784e+06  3.84883e+06  -3.97202e+06  4.0465e+06  -4.07142e+06  4.0465e+06  -3.97202e+06  3.84883e+06  -3.6784e+06  3.46287e+06  -3.2051e+06  2.90861e+06  -2.5775e+06  2.21631e+06  -1.82969e+06  1.42222e+06  -998116  561092  -114318  -339455  
390168  131355  -645085  1.1471e+06  -1.63313e+06  2.09845e+06  -2.53801e+06  2.94655e+06  -3.31896e+06  3.65052e+06  -3.93712e+06  4.17546e+06  -4.36303e+06  4.49809e+06  -4.57952e+06  4.60673e+06  -4.57952e+06  4.49809e+06  -4.36303e+06  4.17546e+06  -3.93712e+06  3.65052e+06  -3.31896e+06  2.94655e+06  -2.53801e+06  2.09845e+06  -1.63313e+06  1.1471e+06  -645085  131355  390168  
-432710  -145618  715657  -1.27209e+06  1.8094e+06  -2.32182e+06  2.80347e+06  -3.24857e+06  3.65174e+06  -4.00831e+06  4.31451e+06  -4.56757e+06  4.76563e+06  -4.90759e+06  4.99292e+06  -5.02138e+06  4.99292e+06  -4.90759e+06  4.76563e+06  -4.56757e+06  4.31451e+06  -4.00831e+06  3.65174e+06  -3.24857e+06  2.80347e+06  -2.32182e+06  1.8094e+06  -1.27209e+06  715657  -145618  -432710  
466612  156956  -772012  1.37172e+06  -1.94922e+06  2.49769e+06  -3.01047e+06  3.48137e+06  -3.90498e+06  4.27691e+06  -4.59398e+06  4.85421e+06  -5.0566e+06  5.20093e+06  -5.28736e+06  5.31614e+06  -5.28736e+06  5.20093e+06  -5.0566e+06  4.85421e+06  -4.59398e+06  4.27691e+06  -3.90498e+06  3.48137e+06  -3.01047e+06  2.49769e+06  -1.94922e+06  1.37172e+06  -772012  156956  466612  
-491688  -165303  813851  -1.44551e+06  2.05207e+06  -2.62564e+06  3.15892e+06  -3.64542e+06  4.07985e+06  -4.45833e+06  4.77846e+06  -5.03919e+06  5.2406e+06  -5.38341e+06  5.46859e+06  -5.49688e+06  5.46859e+06  -5.38341e+06  5.2406e+06  -5.03919e+06  4.77846e+06  -4.45833e+06  4.07985e+06  -3.64542e+06  3.15892e+06  -2.62564e+06  2.05207e+06  -1.44551e+06  813851  -165303  -491688  
508038  170701  -841311  1.49378e+06  -2.11855e+06  2.7068e+06  -3.25061e+06  3.74339e+06  -4.18009e+06  4.55748e+06  -4.87402e+06  5.12976e+06  -5.32586e+06  5.46405e+06  -5.5461e+06  5.57329e+06  -5.5461e+06  5.46405e+06  -5.32586e+06  5.12976e+06  -4.87402e+06  4.55748e+06  -4.18009e+06  3.74339e+06  -3.25061e+06  2.7068e+06  -2.11855e+06  1.49378e+06  -841311  170701  508038  
-515997  -173262  854945  -1.51754e+06  2.15032e+06  -2.74355e+06  3.2889e+06  -3.77974e+06  4.21142e+06  -4.58137e+06  4.88903e+06  -5.1355e+06  5.32302e+06  -5.4543e+06  5.53188e+06  -5.55752e+06  5.53188e+06  -5.4543e+06  5.32302e+06  -5.1355e+06  4.88903e+06  -4.58137e+06  4.21142e+06  -3.77974e+06  3.2889e+06  -2.74355e+06  2.15032e+06  -1.51754e+06  854945  -173262  -515997  
516113  173179  -855624  1.51843e+06  -2.14979e+06  2.73929e+06  -3.27829e+06  3.76022e+06  -4.18088e+06  4.53842e+06  -4.83321e+06  5.06734e+06  -5.24403e+06  5.36689e+06  -5.43911e+06  5.46293e+06  -5.43911e+06  5.36689e+06  -5.24403e+06  5.06734e+06  -4.83321e+06  4.53842e+06  -4.18088e+06  3.76022e+06  -3.27829e+06  2.73929e+06  -2.14979e+06  1.51843e+06  -855624  173179  516113  
-509081  -170688  844491  -1.49847e+06  2.12e+06  -2.69813e+06  3.22405e+06  -3.69136e+06  4.0963e+06  -4.43774e+06  4.71686e+06  -4.93665e+06  5.10118e+06  -5.21476e+06  5.28119e+06  -5.30303e+06  5.28119e+06  -5.21476e+06  5.10118e+06  -4.93665e+06  4.71686e+06  -4.43774e+06  4.0963e+06  -3.69136e+06  3.22405e+06  -2.69813e+06  2.12e+06  -1.49847e+06  844491  -170688  -509081  
495718  166074  -822859  1.46003e+06  -2.06437e+06  2.62462e+06  -3.1319e+06  3.58005e+06  -3.96577e+06  4.28854e+06  -4.55025e+06  4.75461e+06  -4.90635e+06  5.01037e+06  -5.07088e+06  5.09072e+06  -5.07088e+06  5.01037e+06  -4.90635e+06  4.75461e+06  -4.55025e+06  4.28854e+06  -3.96577e+06  3.58005e+06  -3.1319e+06  2.62462e+06  -2.06437e+06  1.46003e+06  -822859  166074  495718  
-476894  -159631  792161  -1.40564e+06  1.98655e+06  -2.52349e+06  3.00768e+06  -3.43321e+06  3.79721e+06  -4.09968e+06  4.34306e+06  -4.5316e+06  4.67051e+06  -4.76507e+06  4.8198e+06  -4.83768e+06  4.8198e+06  -4.76507e+06  4.67051e+06  -4.5316e+06  4.34306e+06  -4.09968e+06  3.79721e+06  -3.43321e+06  3.00768e+06  -2.52349e+06  1.98655e+06  -1.40564e+06  792161  -159631  -476894  
453515  151671  -753860  1.33789e+06  -1.8902e+06  2.39947e+06  -2.85708e+06  3.25746e+06  -3.59809e+06  3.87938e+06  -4.10415e+06  4.277e+06  -4.40341e+06  4.4889e+06  -4.53812e+06  4.55416e+06  -4.53812e+06  4.4889e+06  -4.40341e+06  4.277e+06  -4.10415e+06  3.87938e+06  -3.59809e+06  3.25746e+06  -2.85708e+06  2.39947e+06  -1.8902e+06  1.33789e+06  -753860  151671  453515  
-426461  -142493  709411  -1.25932e+06  1.7789e+06  -2.25706e+06  2.68551e+06  -3.05896e+06  3.37523e+06  -3.63499e+06  3.8413e+06  -3.9989e+06  4.1134e+06  -4.19036e+06  4.23445e+06  -4.24878e+06  4.23445e+06  -4.19036e+06  4.1134e+06  -3.9989e+06  3.8413e+06  -3.63499e+06  3.37523e+06  -3.05896e+06  2.68551e+06  -2.25706e+06  1.7789e+06  -1.25932e+06  709411  -142493  -426461  
396576  132386  -660185  1.17235e+06  -1.65599e+06  2.10048e+06  -2.49788e+06  2.84325e+06  -3.13464e+06  3.3729e+06  -3.56116e+06  3.70415e+06  -3.80743e+06  3.87646e+06  -3.91584e+06  3.92861e+06  -3.91584e+06  3.87646e+06  -3.80743e+06  3.70415e+06  -3.56116e+06  3.3729e+06  -3.13464e+06  2.84325e+06  -2.49788e+06  2.10048e+06  -1.65599e+06  1.17235e+06  -660185  132386  396576  
-364629  -121608  607454  -1.07917e+06  1.52455e+06  -1.93351e+06  2.29858e+06  -2.61516e+06  2.88151e+06  -3.09852e+06  3.26926e+06  -3.39835e+06  3.49111e+06  -3.55282e+06  3.58788e+06  -3.59923e+06  3.58788e+06  -3.55282e+06  3.49111e+06  -3.39835e+06  3.26926e+06  -3.09852e+06  2.88151e+06  -2.61516e+06  2.29858e+06  -1.93351e+06  1.52455e+06  -1.07917e+06  607454  -121608  -364629  
331307  110395  -552342  981753  -1.38724e+06  1.75944e+06  -2.09138e+06  2.37882e+06  -2.62016e+06  2.81627e+06  -2.97008e+06  3.08593e+06  -3.16884e+06  3.22377e+06  -3.25488e+06  3.26493e+06  -3.25488e+06  3.22377e+06  -3.16884e+06  3.08593e+06  -2.97008e+06  2.81627e+06  -2.62016e+06  2.37882e+06  -2.09138e+06  1.75944e+06  -1.38724e+06  981753  -552342  110395  331307  
-297191  -98939  495816  -881765  1.24638e+06  -1.58106e+06  1.87944e+06  -2.13761e+06  2.3541e+06  -2.52971e+06  2.66711e+06  -2.77031e+06  2.84393e+06  -2.89256e+06  2.92002e+06  -2.92888e+06  2.92002e+06  -2.89256e+06  2.84393e+06  -2.77031e+06  2.66711e+06  -2.52971e+06  2.3541e+06  -2.13761e+06  1.87944e+06  -1.58106e+06  1.24638e+06  -881765  495816  -98939  -297191  
262761  87403.4  -438668  780588  -1.10382e+06  1.40063e+06  -1.66528e+06  1.89421e+06  -2.08605e+06  2.24152e+06  -2.36298e+06  2.45401e+06  -2.51881e+06  2.5615e+06  -2.58556e+06  2.59331e+06  -2.58556e+06  2.5615e+06  -2.51881e+06  2.45401e+06  -2.36298e+06  2.24152e+06  -2.08605e+06  1.89421e+06  -1.66528e+06  1.40063e+06  -1.10382e+06  780588  -438668  87403.4  262761  
-228382  -75907.5  381517  -679290  961023  -1.2199e+06  1.45083e+06  -1.65063e+06  1.81806e+06  -1.95368e+06  2.05954e+06  -2.13879e+06  2.1951e+06  -2.23213e+06  2.25298e+06  -2.25969e+06  2.25298e+06  -2.23213e+06  2.1951e+06  -2.13879e+06  2.05954e+06  -1.95368e+06  1.81806e+06  -1.65063e+06  1.45083e+06  -1.2199e+06  961023  -679290  381517  -75907.5  -228382  
194322  64540.7  -324803  578647  -819037  1.04011e+06  -1.23746e+06  1.4083e+06  -1.5515e+06  1.6675e+06  -1.75802e+06  1.82574e+06  -1.8738e+06  1.90538e+06  -1.92313e+06  1.92884e+06  -1.92313e+06  1.90538e+06  -1.8738e+06  1.82574e+06  -1.75802e+06  1.6675e+06  -1.5515e+06  1.4083e+06  -1.23746e+06  1.04011e+06  -819037  578647  -324803  64540.7  194322  
-160739  -53352.4  268808  -479147  678529  -862057  1.02603e+06  -1.16808e+06  1.28722e+06  -1.38376e+06  1.4591e+06  -1.51544e+06  1.55541e+06  -1.58164e+06  1.59638e+06  -1.60112e+06  1.59638e+06  -1.58164e+06  1.55541e+06  -1.51544e+06  1.4591e+06  -1.38376e+06  1.28722e+06  -1.16808e+06  1.02603e+06  -862057  678529  -479147  268808  -53352.4  -160739  
127707  42365.8  -213658  381029  -539821  686119  -816943  930369  -1.02557e+06  1.10274e+06  -1.16298e+06  1.20803e+06  -1.23999e+06  1.26095e+06  -1.27273e+06  1.27651e+06  -1.27273e+06  1.26095e+06  -1.23999e+06  1.20803e+06  -1.16298e+06  1.10274e+06  -1.02557e+06  930369  -816943  686119  -539821  381029  -213658  42365.8  127707  
-95215.9  -31573.2  159355  -284299  402933  -512319  610215  -695156  766494  -824356  869539  -903334  927303  -943026  951853  -954689  951853  -943026  927303  -903334  869539  -824356  766494  -695156  610215  -512319  402933  -284299  159355  -31573.2  -95215.9  
63191.4  20947.5  -105784  188783  -267635  340389  -405541  462106  -509639  548210  -578340  600880  -616866  627352  -633238  635130  -633238  627352  -616866  600880  -578340  548210  -509639  462106  -405541  340389  -267635  188783  -105784  20947.5  63191.4  
-31506.2  -10442  52750.7  -94156.3  133509  -169832  202373  -230637  254396  -273682  288751  -300025  308022  -313267  316211  -317157  316211  -313267  308022  -300025  288751  -273682  254396  -230637  202373  -169832  133509  -94156.3  52750.7  -10442  -31506.2  
0  0  0  0  0  0  0  0  0  0  0  0  0  0  0  0  0  0  0  0  0  0  0  0  0  0  0  0  0  0  0  
