1  1  1  1  1  1  1  1  1  1  1  1  1  1  1  1  1  1  1  1  1  1  1  1  1  1  1  1  1  1  1  
-135969  -45822.5  224616  -399947  571071  -736864  895838  -1.04616e+06  1.18577e+06  -1.31246e+06  1.42406e+06  -1.51852e+06  1.59401e+06  -1.64904e+06  1.68252e+06  -1.69375e+06  1.68252e+06  -1.64904e+06  1.59401e+06  -1.51852e+06  1.42406e+06  -1.31246e+06  1.18577e+06  -1.04616e+06  895838  -736864  571071  -399947  224616  -45822.5  -135969  
268721  90554.8  -443943  790380  -1.12824e+06  1.45522e+06  -1.76831e+06  2.06391e+06  -2.33796e+06  2.58625e+06  -2.80458e+06  2.98909e+06  -3.13635e+06  3.2436e+06  -3.30878e+06  3.33065e+06  -3.30878e+06  3.2436e+06  -3.13635e+06  2.98909e+06  -2.80458e+06  2.58625e+06  -2.33796e+06  2.06391e+06  -1.76831e+06  1.45522e+06  -1.12824e+06  790380  -443943  90554.8  268721  
-395172  -133146  652932  -1.16221e+06  1.65826e+06  -2.13748e+06  2.59531e+06  -3.02644e+06  3.42505e+06  -3.78515e+06  4.10094e+06  -4.36711e+06  4.57909e+06  -4.73318e+06  4.82672e+06  -4.85808e+06  4.82672e+06  -4.73318e+06  4.57909e+06  -4.36711e+06  4.10094e+06  -3.78515e+06  3.42505e+06  -3.02644e+06  2.59531e+06  -2.13748e+06  1.65826e+06  -1.16221e+06  652932  -133146  -395172  
512526  172652  -846972  1.50718e+06  -2.14917e+06  2.76785e+06  -3.35711e+06  3.91005e+06  -4.41934e+06  4.87763e+06  -5.278e+06  5.61426e+06  -5.88122e+06  6.0748e+06  -6.1921e+06  6.2314e+06  -6.1921e+06  6.0748e+06  -5.88122e+06  5.61426e+06  -5.278e+06  4.87763e+06  -4.41934e+06  3.91005e+06  -3.35711e+06  2.76785e+06  -2.14917e+06  1.50718e+06  -846972  172652  512526  
-618360  -208246  1.0221e+06  -1.81819e+06  2.59075e+06  -3.33301e+06  4.03728e+06  -4.69524e+06  5.29838e+06  -5.83848e+06  6.30805e+06  -6.70066e+06  7.01112e+06  -7.23552e+06  7.3712e+06  -7.41659e+06  7.3712e+06  -7.23552e+06  7.01112e+06  -6.70066e+06  6.30805e+06  -5.83848e+06  5.29838e+06  -4.69524e+06  4.03728e+06  -3.33301e+06  2.59075e+06  -1.81819e+06  1.0221e+06  -208246  -618360  
710738  239278  -1.1751e+06  2.08959e+06  -2.97495e+06  3.82259e+06  -4.62329e+06  5.36751e+06  -6.0459e+06  6.64987e+06  -7.17196e+06  7.60612e+06  -7.94781e+06  8.19383e+06  -8.34217e+06  8.39173e+06  -8.34217e+06  8.19383e+06  -7.94781e+06  7.60612e+06  -7.17196e+06  6.64987e+06  -6.0459e+06  5.36751e+06  -4.62329e+06  3.82259e+06  -2.97495e+06  2.08959e+06  -1.1751e+06  239278  710738  
-788236  -265262  1.30366e+06  -2.31727e+06  3.29605e+06  -4.22949e+06  5.10687e+06  -5.91767e+06  6.65209e+06  -7.30162e+06  7.85942e+06  -8.3204e+06  8.68119e+06  -8.93979e+06  9.09522e+06  -9.14706e+06  9.09522e+06  -8.93979e+06  8.68119e+06  -8.3204e+06  7.85942e+06  -7.30162e+06  6.65209e+06  -5.91767e+06  5.10687e+06  -4.22949e+06  3.29605e+06  -2.31727e+06  1.30366e+06  -265262  -788236  
849992  285914  -1.40632e+06  2.49876e+06  -3.55075e+06  4.54985e+06  -5.48394e+06  6.34175e+06  -7.1134e+06  7.79092e+06  -8.36851e+06  8.84254e+06  -9.21122e+06  9.47414e+06  -9.63159e+06  9.684e+06  -9.63159e+06  9.47414e+06  -9.21122e+06  8.84254e+06  -8.36851e+06  7.79092e+06  -7.1134e+06  6.34175e+06  -5.48394e+06  4.54985e+06  -3.55075e+06  2.49876e+06  -1.40632e+06  285914  849992  
-895671  -301121  1.48253e+06  -2.63317e+06  3.73809e+06  -4.78293e+06  5.75436e+06  -6.64058e+06  7.43196e+06  -8.12141e+06  8.70455e+06  -9.17951e+06  9.5464e+06  -9.80655e+06  9.9617e+06  -1.00132e+07  9.9617e+06  -9.80655e+06  9.5464e+06  -9.17951e+06  8.70455e+06  -8.12141e+06  7.43196e+06  -6.64058e+06  5.75436e+06  -4.78293e+06  3.73809e+06  -2.63317e+06  1.48253e+06  -301121  -895671  
925454  310952  -1.53255e+06  2.7211e+06  -3.85921e+06  4.93077e+06  -5.92139e+06  6.81904e+06  -7.61456e+06  8.302e+06  -8.87863e+06  9.3445e+06  -9.70171e+06  9.95344e+06  -1.01029e+07  1.01524e+07  -1.01029e+07  9.95344e+06  -9.70171e+06  9.3445e+06  -8.87863e+06  8.302e+06  -7.61456e+06  6.81904e+06  -5.92139e+06  4.93077e+06  -3.85921e+06  2.7211e+06  -1.53255e+06  310952  925454  
-939953  -315618  1.55739e+06  -2.7644e+06  3.91707e+06  -4.99772e+06  5.99114e+06  -6.88527e+06  7.67162e+06  -8.34553e+06  8.90597e+06  -9.35495e+06  9.69654e+06  -9.93569e+06  1.0077e+07  -1.01237e+07  1.0077e+07  -9.93569e+06  9.69654e+06  -9.35495e+06  8.90597e+06  -8.34553e+06  7.67162e+06  -6.88527e+06  5.99114e+06  -4.99772e+06  3.91707e+06  -2.7644e+06  1.55739e+06  -315618  -939953  
940163  315466  -1.55863e+06  2.766e+06  -3.9161e+06  4.98996e+06  -5.97181e+06  6.84971e+06  -7.61599e+06  8.2673e+06  -8.80428e+06  9.23078e+06  -9.55266e+06  9.77645e+06  -9.90802e+06  9.9514e+06  -9.90802e+06  9.77645e+06  -9.55266e+06  9.23078e+06  -8.80428e+06  8.2673e+06  -7.61599e+06  6.84971e+06  -5.97181e+06  4.98996e+06  -3.9161e+06  2.766e+06  -1.55863e+06  315466  940163  
-927355  -310930  1.53834e+06  -2.72964e+06  3.86183e+06  -4.91499e+06  5.87301e+06  -6.72427e+06  7.46193e+06  -8.0839e+06  8.59235e+06  -8.99272e+06  9.29243e+06  -9.49934e+06  9.62035e+06  -9.66013e+06  9.62035e+06  -9.49934e+06  9.29243e+06  -8.99272e+06  8.59235e+06  -8.0839e+06  7.46193e+06  -6.72427e+06  5.87301e+06  -4.91499e+06  3.86183e+06  -2.72964e+06  1.53834e+06  -310930  -927355  
903011  302523  -1.49894e+06  2.65962e+06  -3.7605e+06  4.78108e+06  -5.70515e+06  6.52151e+06  -7.22414e+06  7.81211e+06  -8.28884e+06  8.6611e+06  -8.93752e+06  9.127e+06  -9.23723e+06  9.27337e+06  -9.23723e+06  9.127e+06  -8.93752e+06  8.6611e+06  -8.28884e+06  7.81211e+06  -7.22414e+06  6.52151e+06  -5.70515e+06  4.78108e+06  -3.7605e+06  2.65962e+06  -1.49894e+06  302523  903011  
-868722  -290787  1.44302e+06  -2.56054e+06  3.61874e+06  -4.59686e+06  5.47886e+06  -6.25401e+06  6.91709e+06  -7.46808e+06  7.91143e+06  -8.25488e+06  8.50792e+06  -8.68017e+06  8.77985e+06  -8.81244e+06  8.77985e+06  -8.68017e+06  8.50792e+06  -8.25488e+06  7.91143e+06  -7.46808e+06  6.91709e+06  -6.25401e+06  5.47886e+06  -4.59686e+06  3.61874e+06  -2.56054e+06  1.44302e+06  -290787  -868722  
826133  276287  -1.37325e+06  2.43713e+06  -3.44323e+06  4.37092e+06  -5.20453e+06  5.93386e+06  -6.55437e+06  7.06677e+06  -7.47622e+06  7.79108e+06  -8.02136e+06  8.17709e+06  -8.26674e+06  8.29597e+06  -8.26674e+06  8.17709e+06  -8.02136e+06  7.79108e+06  -7.47622e+06  7.06677e+06  -6.55437e+06  5.93386e+06  -5.20453e+06  4.37092e+06  -3.44323e+06  2.43713e+06  -1.37325e+06  276287  826133  
-776851  -259569  1.29228e+06  -2.29401e+06  3.24048e+06  -4.11152e+06  4.89198e+06  -5.57227e+06  6.1484e+06  -6.62158e+06  6.9974e+06  -7.28449e+06  7.49307e+06  -7.63326e+06  7.71358e+06  -7.73969e+06  7.71358e+06  -7.63326e+06  7.49307e+06  -7.28449e+06  6.9974e+06  -6.62158e+06  6.1484e+06  -5.57227e+06  4.89198e+06  -4.11152e+06  3.24048e+06  -2.29401e+06  1.29228e+06  -259569  -776851  
722412  241157  -1.20261e+06  2.13558e+06  -3.0166e+06  3.82629e+06  -4.5502e+06  5.17932e+06  -5.71014e+06  6.14416e+06  -6.48709e+06  6.74757e+06  -6.9357e+06  7.06145e+06  -7.13318e+06  7.15645e+06  -7.13318e+06  7.06145e+06  -6.9357e+06  6.74757e+06  -6.48709e+06  6.14416e+06  -5.71014e+06  5.17932e+06  -4.5502e+06  3.82629e+06  -3.0166e+06  2.13558e+06  -1.20261e+06  241157  722412  
-664218  -221525  1.10655e+06  -1.96585e+06  2.77715e+06  -3.52212e+06  4.18715e+06  -4.76384e+06  5.24902e+06  -5.64433e+06  5.95537e+06  -6.19051e+06  6.35949e+06  -6.47189e+06  6.53577e+06  -6.55644e+06  6.53577e+06  -6.47189e+06  6.35949e+06  -6.19051e+06  5.95537e+06  -5.64433e+06  5.24902e+06  -4.76384e+06  4.18715e+06  -3.52212e+06  2.77715e+06  -1.96585e+06  1.10655e+06  -221525  -664218  
603517  201098  -1.00616e+06  1.78838e+06  -2.52704e+06  3.20503e+06  -3.80972e+06  4.33332e+06  -4.77294e+06  5.13019e+06  -5.41038e+06  5.6214e+06  -5.77243e+06  5.87249e+06  -5.92917e+06  5.94747e+06  -5.92917e+06  5.87249e+06  -5.77243e+06  5.6214e+06  -5.41038e+06  5.13019e+06  -4.77294e+06  4.33332e+06  -3.80972e+06  3.20503e+06  -2.52704e+06  1.78838e+06  -1.00616e+06  201098  603517  
-541370  -180230  903191  -1.60624e+06  2.27043e+06  -2.88009e+06  3.42364e+06  -3.89392e+06  4.28828e+06  -4.60817e+06  4.85848e+06  -5.04646e+06  5.18058e+06  -5.26915e+06  5.31919e+06  -5.33532e+06  5.31919e+06  -5.26915e+06  5.18058e+06  -5.04646e+06  4.85848e+06  -4.60817e+06  4.28828e+06  -3.89392e+06  3.42364e+06  -2.88009e+06  2.27043e+06  -1.60624e+06  903191  -180230  -541370  
478651  159216  -799089  1.42194e+06  -2.01074e+06  2.55142e+06  -3.03351e+06  3.45053e+06  -3.80001e+06  4.0832e+06  -4.30446e+06  4.47029e+06  -4.58832e+06  4.66609e+06  -4.70992e+06  4.72404e+06  -4.70992e+06  4.66609e+06  -4.58832e+06  4.47029e+06  -4.30446e+06  4.0832e+06  -3.80001e+06  3.45053e+06  -3.03351e+06  2.55142e+06  -2.01074e+06  1.42194e+06  -799089  159216  478651  
-416027  -138275  694980  -1.23741e+06  1.75062e+06  -2.2222e+06  2.64286e+06  -3.00683e+06  3.31182e+06  -3.55886e+06  3.75171e+06  -3.89606e+06  3.99864e+06  -4.06611e+06  4.10408e+06  -4.1163e+06  4.10408e+06  -4.06611e+06  3.99864e+06  -3.89606e+06  3.75171e+06  -3.55886e+06  3.31182e+06  -3.00683e+06  2.64286e+06  -2.2222e+06  1.75062e+06  -1.23741e+06  694980  -138275  -416027  
353981  117569  -591669  1.05408e+06  -1.49198e+06  1.89469e+06  -2.25419e+06  2.56539e+06  -2.82626e+06  3.03756e+06  -3.20245e+06  3.3258e+06  -3.41336e+06  3.47088e+06  -3.50322e+06  3.51362e+06  -3.50322e+06  3.47088e+06  -3.41336e+06  3.3258e+06  -3.20245e+06  3.03756e+06  -2.82626e+06  2.56539e+06  -2.25419e+06  1.89469e+06  -1.49198e+06  1.05408e+06  -591669  117569  353981  
-292806  -97188.2  489666  -872826  1.23603e+06  -1.57034e+06  1.86904e+06  -2.1278e+06  2.34483e+06  -2.52069e+06  2.65792e+06  -2.76055e+06  2.83337e+06  -2.88116e+06  2.90801e+06  -2.91664e+06  2.90801e+06  -2.88116e+06  2.83337e+06  -2.76055e+06  2.65792e+06  -2.52069e+06  2.34483e+06  -2.1278e+06  1.86904e+06  -1.57034e+06  1.23603e+06  -872826  489666  -97188.2  -292806  
232634  77174.4  -389206  694091  -983350  1.24985e+06  -1.48816e+06  1.69478e+06  -1.8682e+06  2.00878e+06  -2.11852e+06  2.20058e+06  -2.25879e+06  2.29698e+06  -2.31843e+06  2.32532e+06  -2.31843e+06  2.29698e+06  -2.25879e+06  2.20058e+06  -2.11852e+06  2.00878e+06  -1.8682e+06  1.69478e+06  -1.48816e+06  1.24985e+06  -983350  694091  -389206  77174.4  232634  
-173448  -57514.5  290285  -517887  733991  -933253  1.11158e+06  -1.26631e+06  1.39626e+06  -1.50167e+06  1.58397e+06  -1.64553e+06  1.6892e+06  -1.71784e+06  1.73392e+06  -1.73908e+06  1.73392e+06  -1.71784e+06  1.6892e+06  -1.64553e+06  1.58397e+06  -1.50167e+06  1.39626e+06  -1.26631e+06  1.11158e+06  -933253  733991  -517887  290285  -57514.5  -173448  
115111  38158.3  -192699  343891  -487531  620060  -738742  841783  -928370  998633  -1.05352e+06  1.09458e+06  -1.1237e+06  1.1428e+06  -1.15352e+06  1.15697e+06  -1.15352e+06  1.1428e+06  -1.1237e+06  1.09458e+06  -1.05352e+06  998633  -928370  841783  -738742  620060  -487531  343891  -192699  38158.3  115111  
-57392.5  -19021.4  96091.9  -171517  243203  -309369  368647  -420134  463414  -498546  525995  -546532  561099  -570654  576017  -577740  576017  -570654  561099  -546532  525995  -498546  463414  -420134  368647  -309369  243203  -171517  96091.9  -19021.4  -57392.5  
0  0  0  0  0  0  0  0  0  0  0  0  0  0  0  0  0  0  0  0  0  0  0  0  0  0  0  0  0  0  0  
