1  1  1  1  1  1  1  1  1  1  1  1  1  1  1  1  1  1  1  1  1  1  1  1  1  1  1  1  1  1  1  
-0.158585  0.591314  2.84101  -2.37932  5.74915  -5.19364  8.43564  -7.72237  10.7737  -9.84248  12.6462  -11.4445  13.9541  -12.4416  14.625  -12.7778  14.6212  -12.4342  13.9433  -11.4311  12.6306  -9.82553  10.7562  -7.7052  8.4196  -5.17952  5.73764  -2.37097  2.83623  0.592285  -0.155697  
3.17349  1.68381  -2.78522  7.58369  -8.56302  13.1719  -13.9006  18.1918  -18.5456  22.3993  -22.2654  25.5779  -24.8633  27.5557  -26.1959  28.2225  -26.1883  27.5409  -24.8419  25.551  -22.2344  22.3656  -18.5108  18.1576  -13.8687  13.1439  -8.54012  7.56708  -2.77572  1.68188  3.16775  
-2.41456  -0.205596  6.42131  -8.95629  14.9874  -17.245  22.8983  -24.6899  29.7802  -30.9288  35.2892  -35.6411  39.1352  -38.5727  41.1077  -39.5609  41.0964  -38.5507  39.1035  -35.6012  35.2431  -30.8787  29.7285  -24.6392  22.8509  -17.2033  14.9534  -8.93161  6.40718  -0.202725  -2.40603  
5.22564  2.32693  -6.36919  13.8075  -17.6113  24.6788  -27.9924  34.4391  -37.0208  42.6141  -44.2457  48.7857  -49.2883  52.6238  -51.8738  53.9172  -51.8589  52.5948  -49.2465  48.7332  -44.185  42.5481  -36.9528  34.3722  -27.93  24.6239  -17.5665  13.775  -6.35061  2.32315  5.2144  
-4.49183  -0.94275  9.70449  -15.0026  23.4662  -28.3158  36.1685  -40.265  47.2091  -50.2695  56.0389  -57.8189  62.1982  -62.5123  65.3551  -64.0935  65.3368  -62.4766  62.1468  -57.7544  55.9643  -50.1884  47.1255  -40.1829  36.0918  -28.2483  23.4112  -14.9627  9.68164  -0.938107  -4.47802  
7.04466  2.89187  -9.5665  19.3399  -25.6708  34.9087  -40.5317  48.8741  -53.4431  60.5584  -63.7636  69.3693  -70.9592  74.844  -74.646  76.6878  -74.6245  74.8021  -70.8989  69.2935  -63.6759  60.4631  -53.3448  48.7776  -40.4416  34.8294  -25.606  19.2929  -9.53965  2.88641  7.02843  
-6.28681  -1.58554  12.5183  -20.2106  30.7457  -37.8384  47.5567  -53.6441  62.1514  -66.8604  73.8081  -76.8206  81.9295  -83.0063  86.0886  -85.0888  86.0641  -82.9585  81.8608  -76.7343  73.7082  -66.7519  62.0395  -53.5342  47.4541  -37.7481  30.672  -20.1572  12.4877  -1.57933  -6.26834  
8.53665  3.34715  -12.2213  23.9023  -32.3436  43.3486  -50.8963  60.7723  -66.9937  75.3288  -79.8418  86.2897  -88.7876  93.0923  -93.3667  95.3815  -93.3395  93.0392  -88.7113  86.1938  -79.7309  75.2083  -66.8694  60.6502  -50.7824  43.2483  -32.2618  23.843  -12.1874  3.34026  8.51615  
-7.71717  -2.1065  14.7255  -24.3357  36.4762  -45.3628  56.5179  -64.1932  73.8919  -79.9137  87.7458  -91.7423  97.384  -99.0789  102.314  -101.547  102.285  -99.0212  97.3009  -91.6379  87.6251  -79.7825  73.7566  -64.0603  56.3939  -45.2537  36.3872  -24.2712  14.6886  -2.099  -7.69487  
9.63172  3.66938  -14.2176  27.2872  -37.3338  49.6176  -58.6256  69.599  -77.071  86.264  -91.7674  98.7914  -101.984  106.555  -107.208  109.166  -107.176  106.493  -101.895  98.6796  -91.6382  86.1236  -76.9262  69.4568  -58.4929  49.5008  -37.2385  27.2181  -14.1781  3.66135  9.60785  
-8.72656  -2.48686  16.2322  -27.2102  40.4186  -50.582  62.6812  -71.4833  81.9492  -88.9017  97.2853  -101.985  107.937  -110.087  113.379  -112.81  113.346  -110.022  107.843  -101.867  97.149  -88.7536  81.7965  -71.3333  62.5412  -50.4588  40.3181  -27.1374  16.1906  -2.4784  -8.7014  
10.2871  3.84426  -15.4844  29.3676  -40.4608  53.4845  -63.4416  75.0338  -83.3168  92.9735  -99.1225  106.434  -110.092  114.764  -115.693  117.561  -115.658  114.696  -109.994  106.311  -98.9806  92.8193  -83.1578  74.8777  -63.2959  53.3563  -40.3563  29.2919  -15.441  3.83546  10.261  
-9.28628  -2.71715  16.9903  -28.7482  42.4509  -53.3408  65.8613  -75.3023  86.0882  -93.5701  102.156  -107.265  113.297  -115.734  118.982  -118.577  118.946  -115.664  113.196  -107.139  102.01  -93.4116  85.9247  -75.1418  65.7115  -53.209  42.3435  -28.6703  16.9457  -2.7081  -9.25937  
10.4877  3.86675  -15.996  30.098  -41.6605  54.8684  -65.2491  76.9698  -85.6152  95.3347  -101.78  109.088  -112.979  117.586  -118.69  120.437  -118.654  117.515  -112.877  108.96  -101.632  95.1736  -85.449  76.8066  -65.0968  54.7344  -41.5513  30.0189  -15.9508  3.85756  10.4603  
-9.39421  -2.79677  16.9956  -28.9428  42.5641  -53.6293  66.0488  -75.6433  86.3058  -93.9211  102.367  -107.598  113.483  -116.042  119.149  -118.874  119.112  -115.971  113.381  -107.469  102.218  -93.7591  86.1387  -75.4793  65.8957  -53.4945  42.4543  -28.8633  16.95  -2.78753  -9.36672  
10.2432  3.74022  -15.7689  29.5072  -40.9749  53.8251  -64.1187  75.4929  -84.0679  93.465  -99.8724  106.9  -110.803  115.188  -116.37  117.965  -116.333  115.117  -110.7  106.771  -99.7241  93.3038  -83.9018  75.3297  -63.9664  53.6912  -40.8658  29.4281  -15.7236  3.73104  10.2159  
-9.07132  -2.73285  16.2826  -27.8556  40.8465  -51.563  63.3865  -72.6762  82.7979  -90.1754  98.1609  -103.246  108.776  -111.305  114.179  -114.004  114.144  -111.235  108.676  -103.12  98.015  -90.0169  82.6345  -72.5157  63.2369  -51.4313  40.7392  -27.7778  16.2381  -2.72383  -9.04447  
9.58454  3.47501  -14.8536  27.6857  -38.5341  50.5233  -60.257  70.8465  -78.9536  87.6754  -93.7401  100.234  -103.95  107.971  -109.144  110.561  -109.109  107.903  -103.852  100.111  -93.5982  87.5213  -78.7947  70.6906  -60.1115  50.3953  -38.4297  27.6101  -14.8104  3.46625  9.55845  
-8.35684  -2.5386  14.9161  -25.6023  37.4639  -47.3565  58.1361  -66.7076  75.9138  -82.7212  89.9608  -94.6633  99.6521  -102.016  104.58  -104.477  104.546  -101.951  99.5583  -94.5455  89.8246  -82.5733  75.7612  -66.5578  57.9964  -47.2336  37.3637  -25.5297  14.8746  -2.53019  -8.33178  
8.55783  3.08666  -13.3268  24.7703  -34.5334  45.2156  -53.9716  63.3901  -70.6799  78.4177  -83.8738  89.6152  -92.9711  96.5048  -97.5945  98.8096  -97.5629  96.4431  -92.8822  89.5035  -83.7447  78.2775  -70.5353  63.2481  -53.8392  45.0991  -34.4385  24.7015  -13.2875  3.07869  8.5341  
-7.30268  -2.23142  12.9824  -22.3365  32.6359  -41.2932  50.6417  -58.1389  66.1076  -72.0608  78.311  -82.4286  86.7194  -88.8046  90.9904  -90.9368  90.9609  -88.7469  86.6364  -82.3242  78.1904  -71.9298  65.9726  -58.0063  50.518  -41.1844  32.5472  -22.2723  12.9456  -2.22398  -7.28052  
7.2195  2.59409  -11.2822  20.9279  -29.2112  38.209  -45.6348  53.557  -59.7365  66.2322  -70.858  75.6649  -78.5174  81.4626  -82.4065  83.4006  -82.3793  81.4096  -78.4411  75.5691  -70.7472  66.1118  -59.6124  53.4352  -45.5212  38.109  -29.1298  20.8689  -11.2484  2.58725  7.19915  
-5.96837  -1.83121  10.5803  -18.2349  26.6144  -33.6972  41.296  -47.4269  53.8945  -58.7614  63.8241  -67.1928  70.6585  -72.3731  74.1273  -74.1043  74.1028  -72.3254  70.5898  -67.1065  63.7244  -58.653  53.7828  -47.3173  41.1938  -33.6073  26.5411  -18.1818  10.5499  -1.82506  -5.95005  
5.63128  2.01797  -8.82199  16.3416  -22.8287  29.8394  -35.653  41.8192  -46.6551  51.7034  -55.3234  59.0518  -61.2877  63.5647  -64.3141  65.0723  -64.2926  63.5227  -61.2274  58.976  -55.2358  51.6082  -46.557  41.7229  -35.5632  29.7604  -22.7643  16.2949  -8.79534  2.01256  5.6152  
-4.41673  -1.3589  7.81457  -13.4842  19.6662  -24.9114  30.5137  -35.0522  39.8153  -43.4172  47.1402  -49.6344  52.1778  -53.4516  54.7331  -54.7265  54.7148  -53.4159  52.1265  -49.5699  47.0657  -43.3362  39.7319  -34.9703  30.4373  -24.8442  19.6115  -13.4445  7.79191  -1.35431  -4.40305  
3.85671  1.37956  -6.05187  11.2  -15.6548  20.4529  -24.4441  28.6611  -31.98  35.4289  -37.9133  40.4569  -41.993  43.5429  -44.062  44.5734  -44.0471  43.5139  -41.9512  40.4044  -37.8527  35.363  -31.9122  28.5944  -24.382  20.3982  -15.6102  11.1678  -6.03344  1.37583  3.84558  
-2.71109  -0.835559  4.79102  -8.27316  12.0606  -15.2817  18.7124  -21.4989  24.4136  -26.6246  28.9007  -30.4321  31.985  -32.7686  33.5489  -33.5488  33.5376  -32.7466  31.9533  -30.3922  28.8547  -26.5745  24.3621  -21.4483  18.6652  -15.2402  12.0268  -8.24866  4.77702  -0.832723  -2.70264  
1.95894  0.699997  -3.07682  5.69121  -7.9574  10.3935  -12.4236  14.5638  -16.2516  18.0008  -19.2642  20.5532  -21.3348  22.1192  -22.3846  22.642  -22.377  22.1044  -21.3134  20.5264  -19.2332  17.9672  -16.2169  14.5297  -12.3919  10.3656  -7.93465  5.67473  -3.0674  0.698089  1.95325  
-0.913823  -0.281872  1.61398  -2.78803  4.06348  -5.14947  6.30455  -7.24388  8.22489  -8.97012  9.73586  -10.2521  10.7742  -11.0386  11.3005  -11.3012  11.2967  -11.0311  10.7634  -10.2386  9.72028  -8.9532  8.20745  -7.22676  6.28858  -5.13543  4.05204  -2.77974  1.60924  -0.280913  -0.910966  
0  0  0  0  0  0  0  0  0  0  0  0  0  0  0  0  0  0  0  0  0  0  0  0  0  0  0  0  0  0  0  
