1  1  1  1  1  1  1  1  1  1  1  1  1  1  1  1  1  1  1  1  1  1  1  1  1  1  1  1  1  1  1  
62463.5  20881.6  -103864  185595  -265166  341686  -414257  482018  -544118  599769  -648228  688843  -721041  744371  -758490  763200  -758426  744245  -720860  688615  -647965  599483  -543823  481728  -413987  341447  -264971  185454  -103784  20865.2  62414.8  
-124120  -41491  206397  -368803  526922  -678961  823157  -957770  1.08114e+06  -1.19168e+06  1.28793e+06  -1.36859e+06  1.43254e+06  -1.47886e+06  1.50691e+06  -1.51625e+06  1.50678e+06  -1.47861e+06  1.43218e+06  -1.36814e+06  1.28741e+06  -1.19111e+06  1.08055e+06  -957194  822618  -678487  526536  -368522  206237  -41458.4  -124024  
184188  61570.7  -306281  547287  -781913  1.0075e+06  -1.22143e+06  1.42112e+06  -1.60409e+06  1.76803e+06  -1.91075e+06  2.03033e+06  -2.12513e+06  2.1938e+06  -2.23536e+06  2.24922e+06  -2.23517e+06  2.19343e+06  -2.12459e+06  2.02966e+06  -1.90997e+06  1.76718e+06  -1.60322e+06  1.42026e+06  -1.22063e+06  1.0068e+06  -781339  546871  -306043  61522.2  184044  
-241897  -80858.1  402260  -718783  1.02691e+06  -1.32314e+06  1.604e+06  -1.86613e+06  2.10628e+06  -2.32138e+06  2.50863e+06  -2.66549e+06  2.78981e+06  -2.87986e+06  2.93436e+06  -2.95253e+06  2.93411e+06  -2.87937e+06  2.78911e+06  -2.6646e+06  2.5076e+06  -2.32027e+06  2.10513e+06  -1.865e+06  1.60295e+06  -1.32221e+06  1.02616e+06  -718235  401946  -80794.4  -241708  
296536  99119.4  -493130  881159  -1.25886e+06  1.62192e+06  -1.96609e+06  2.28722e+06  -2.58136e+06  2.84476e+06  -3.07399e+06  3.26598e+06  -3.41812e+06  3.5283e+06  -3.59497e+06  3.6172e+06  -3.59466e+06  3.5277e+06  -3.41725e+06  3.26489e+06  -3.07273e+06  2.84339e+06  -2.57995e+06  2.28584e+06  -1.96479e+06  1.62078e+06  -1.25793e+06  880486  -492744  99041.1  296303  
-347429  -116124  577789  -1.03243e+06  1.47493e+06  -1.90019e+06  2.30325e+06  -2.67923e+06  3.0235e+06  -3.3317e+06  3.59985e+06  -3.82437e+06  4.00225e+06  -4.13105e+06  4.20898e+06  -4.23496e+06  4.20862e+06  -4.13034e+06  4.00124e+06  -3.82309e+06  3.59837e+06  -3.3301e+06  3.02184e+06  -2.6776e+06  2.30173e+06  -1.89886e+06  1.47383e+06  -1.03164e+06  577336  -116032  -347155  
393979  131678  -655228  1.1708e+06  -1.67255e+06  2.15466e+06  -2.61147e+06  3.03748e+06  -3.42742e+06  3.7764e+06  -4.07992e+06  4.33399e+06  -4.53522e+06  4.6809e+06  -4.76903e+06  4.7984e+06  -4.76862e+06  4.6801e+06  -4.53406e+06  4.33253e+06  -4.07823e+06  3.77457e+06  -3.42554e+06  3.03562e+06  -2.60974e+06  2.15314e+06  -1.6713e+06  1.1699e+06  -654713  131573  393668  
-435649  -145595  724567  -1.2947e+06  1.84947e+06  -2.38242e+06  2.88725e+06  -3.35788e+06  3.78852e+06  -4.17377e+06  4.50872e+06  -4.789e+06  5.01094e+06  -5.17156e+06  5.26872e+06  -5.30109e+06  5.26826e+06  -5.17067e+06  5.00965e+06  -4.78738e+06  4.50685e+06  -4.17174e+06  3.78643e+06  -3.35582e+06  2.88533e+06  -2.38073e+06  1.84809e+06  -1.2937e+06  723996  -145479  -435303  
471990  157731  -785047  1.40278e+06  -2.00377e+06  2.58099e+06  -3.12759e+06  3.63697e+06  -4.10289e+06  4.51953e+06  -4.88162e+06  5.18452e+06  -5.42428e+06  5.59776e+06  -5.70267e+06  5.73763e+06  -5.70217e+06  5.59679e+06  -5.42288e+06  5.18276e+06  -4.87959e+06  4.51732e+06  -4.10061e+06  3.63474e+06  -3.1255e+06  2.57915e+06  -2.00227e+06  1.40169e+06  -784425  157605  471615  
-502628  -167957  836057  -1.49392e+06  2.13387e+06  -2.74836e+06  3.33006e+06  -3.87194e+06  4.36738e+06  -4.81022e+06  5.19493e+06  -5.51661e+06  5.77116e+06  -5.95529e+06  6.06663e+06  -6.10372e+06  6.06609e+06  -5.95425e+06  5.76966e+06  -5.51473e+06  5.19275e+06  -4.80786e+06  4.36494e+06  -3.86954e+06  3.32782e+06  -2.74639e+06  2.13227e+06  -1.49276e+06  835392  -167821  -502226  
527282  176183  -877116  1.5673e+06  -2.23858e+06  2.88299e+06  -3.4928e+06  4.06064e+06  -4.57958e+06  5.04323e+06  -5.44583e+06  5.78234e+06  -6.04853e+06  6.24103e+06  -6.35739e+06  6.39616e+06  -6.35683e+06  6.23993e+06  -6.04695e+06  5.78036e+06  -5.44354e+06  5.04074e+06  -4.57701e+06  4.05811e+06  -3.49044e+06  2.88091e+06  -2.23689e+06  1.56607e+06  -876415  176040  526858  
-545750  -182338  907899  -1.62231e+06  2.31705e+06  -2.98379e+06  3.61453e+06  -4.20161e+06  4.73789e+06  -5.21681e+06  5.63247e+06  -5.97976e+06  6.25437e+06  -6.4529e+06  6.5729e+06  -6.61286e+06  6.57231e+06  -6.45176e+06  6.25273e+06  -5.9777e+06  5.63009e+06  -5.21421e+06  4.73521e+06  -4.19898e+06  3.61208e+06  -2.98164e+06  2.31529e+06  -1.62103e+06  907169  -182190  -545310  
557925  186391  -928211  1.65861e+06  -2.36879e+06  3.05018e+06  -3.69453e+06  4.29404e+06  -4.84142e+06  5.33001e+06  -5.75388e+06  6.10787e+06  -6.38768e+06  6.58991e+06  -6.7121e+06  6.7528e+06  -6.7115e+06  6.58873e+06  -6.38599e+06  6.10575e+06  -5.75143e+06  5.32735e+06  -4.83866e+06  4.29134e+06  -3.69201e+06  3.04797e+06  -2.36699e+06  1.6573e+06  -927461  186239  557472  
-563771  -188327  938004  -1.67612e+06  2.3937e+06  -3.082e+06  3.73265e+06  -4.33776e+06  4.89001e+06  -5.38271e+06  5.80995e+06  -6.16659e+06  6.44839e+06  -6.652e+06  6.775e+06  -6.81596e+06  6.77439e+06  -6.65081e+06  6.44668e+06  -6.16443e+06  5.80745e+06  -5.38e+06  4.88721e+06  -4.33502e+06  3.73009e+06  -3.07974e+06  2.39186e+06  -1.67479e+06  937243  -188173  -563311  
563341  188168  -937351  1.67497e+06  -2.39196e+06  3.07951e+06  -3.72922e+06  4.33321e+06  -4.88418e+06  5.37551e+06  -5.80135e+06  6.15669e+06  -6.43735e+06  6.64007e+06  -6.76251e+06  6.80328e+06  -6.7619e+06  6.63887e+06  -6.43562e+06  6.15452e+06  -5.79885e+06  5.37278e+06  -4.88137e+06  4.33045e+06  -3.72665e+06  3.07724e+06  -2.39011e+06  1.67364e+06  -936586  188013  562879  
-556750  -185950  926453  -1.65551e+06  2.36407e+06  -3.04337e+06  3.68507e+06  -4.28136e+06  4.82506e+06  -5.30968e+06  5.72953e+06  -6.07971e+06  6.35619e+06  -6.55584e+06  6.6764e+06  -6.71653e+06  6.67579e+06  -6.55465e+06  6.35448e+06  -6.07755e+06  5.72704e+06  -5.30698e+06  4.82227e+06  -4.27862e+06  3.68251e+06  -3.04112e+06  2.36224e+06  -1.65418e+06  925692  -185795  -556291  
544190  181740  -905612  1.61829e+06  -2.31084e+06  2.97462e+06  -3.60145e+06  4.1837e+06  -4.71436e+06  5.18715e+06  -5.59656e+06  5.93789e+06  -6.2073e+06  6.40178e+06  -6.51919e+06  6.55827e+06  -6.51859e+06  6.40061e+06  -6.20561e+06  5.93577e+06  -5.59411e+06  5.18448e+06  -4.71161e+06  4.181e+06  -3.59894e+06  2.97241e+06  -2.30903e+06  1.61699e+06  -904865  181588  543739  
-525902  -175616  875240  -1.56404e+06  2.23329e+06  -2.87459e+06  3.48001e+06  -4.04214e+06  4.55426e+06  -5.01033e+06  5.4051e+06  -5.7341e+06  5.99368e+06  -6.18101e+06  6.29409e+06  -6.33172e+06  6.29351e+06  -6.17987e+06  5.99204e+06  -5.73204e+06  5.40272e+06  -5.00775e+06  4.55159e+06  -4.03952e+06  3.47756e+06  -2.87244e+06  2.23154e+06  -1.56277e+06  874514  -175469  -525463  
502186  167684  -835824  1.49363e+06  -2.13268e+06  2.74491e+06  -3.32271e+06  3.85901e+06  -4.3474e+06  4.78217e+06  -5.15834e+06  5.47172e+06  -5.71889e+06  5.89723e+06  -6.00486e+06  6.04067e+06  -6.0043e+06  5.89614e+06  -5.71732e+06  5.46974e+06  -5.15605e+06  4.77968e+06  -4.34484e+06  3.8565e+06  -3.32036e+06  2.74285e+06  -2.131e+06  1.49241e+06  -835128  167542  501766  
-473382  -158053  787936  -1.40807e+06  2.01046e+06  -2.58745e+06  3.13184e+06  -3.63696e+06  4.09678e+06  -4.50596e+06  4.85986e+06  -5.15458e+06  5.38697e+06  -5.55459e+06  5.65574e+06  -5.68939e+06  5.65521e+06  -5.55356e+06  5.38548e+06  -5.15271e+06  4.85769e+06  -4.50361e+06  4.09436e+06  -3.63458e+06  3.12961e+06  -2.58549e+06  2.00886e+06  -1.40691e+06  787276  -157919  -472984  
439872  146854  -732201  1.30849e+06  -1.86823e+06  2.40427e+06  -2.90989e+06  3.3789e+06  -3.8057e+06  4.18536e+06  -4.51361e+06  4.78689e+06  -5.00231e+06  5.15765e+06  -5.25137e+06  5.28255e+06  -5.25088e+06  5.15669e+06  -5.00091e+06  4.78514e+06  -4.51159e+06  4.18317e+06  -3.80344e+06  3.37668e+06  -2.90782e+06  2.40245e+06  -1.86674e+06  1.30741e+06  -731585  146729  439500  
-402062  -134221  669303  -1.1961e+06  1.70773e+06  -2.19761e+06  2.65959e+06  -3.08799e+06  3.47772e+06  -3.82429e+06  4.12384e+06  -4.37314e+06  4.56961e+06  -4.71126e+06  4.79671e+06  -4.82513e+06  4.79625e+06  -4.71037e+06  4.56833e+06  -4.37153e+06  4.12198e+06  -3.82227e+06  3.47564e+06  -3.08595e+06  2.65768e+06  -2.19594e+06  1.70637e+06  -1.19511e+06  668737  -134106  -401721  
360391  120302  -599963  1.0722e+06  -1.5308e+06  1.96985e+06  -2.3838e+06  2.76756e+06  -3.11659e+06  3.42688e+06  -3.69499e+06  3.91807e+06  -4.09383e+06  4.22053e+06  -4.29694e+06  4.32235e+06  -4.29653e+06  4.21973e+06  -4.09268e+06  3.91662e+06  -3.69331e+06  3.42506e+06  -3.11472e+06  2.76573e+06  -2.38208e+06  1.96834e+06  -1.52957e+06  1.07131e+06  -599454  120199  360083  
-315308  -105247  524936  -938132  1.33937e+06  -1.72345e+06  2.0855e+06  -2.42109e+06  2.72623e+06  -2.99742e+06  3.23169e+06  -3.42657e+06  3.58009e+06  -3.69073e+06  3.75745e+06  -3.77964e+06  3.75709e+06  -3.69002e+06  3.57907e+06  -3.4253e+06  3.23022e+06  -2.99582e+06  2.72458e+06  -2.41948e+06  2.084e+06  -1.72212e+06  1.33829e+06  -937350  524490  -105156  -315039  
267285  89213.1  -445002  795289  -1.13542e+06  1.46097e+06  -1.7678e+06  2.05215e+06  -2.31064e+06  2.54033e+06  -2.73871e+06  2.9037e+06  -3.03364e+06  3.12728e+06  -3.18374e+06  3.20252e+06  -3.18344e+06  3.12668e+06  -3.03278e+06  2.90262e+06  -2.73746e+06  2.53898e+06  -2.30924e+06  2.05078e+06  -1.76652e+06  1.45984e+06  -1.1345e+06  794624  -444622  89136.1  267056  
-216798  -72358.5  360959  -645096  920983  -1.18502e+06  1.43384e+06  -1.6644e+06  1.87395e+06  -2.06013e+06  2.22089e+06  -2.35457e+06  2.45984e+06  -2.5357e+06  2.58143e+06  -2.59664e+06  2.58118e+06  -2.53521e+06  2.45915e+06  -2.35369e+06  2.21987e+06  -2.05902e+06  1.87282e+06  -1.66328e+06  1.4328e+06  -1.1841e+06  920237  -644556  360650  -72295.9  -216611  
164334  54846.5  -273615  489003  -698127  898254  -1.08683e+06  1.26155e+06  -1.42033e+06  1.56137e+06  -1.68314e+06  1.78439e+06  -1.86411e+06  1.92155e+06  -1.95618e+06  1.9677e+06  -1.95599e+06  1.92118e+06  -1.86358e+06  1.78373e+06  -1.68237e+06  1.56053e+06  -1.41946e+06  1.2607e+06  -1.08604e+06  897558  -697561  488592  -273381  54798.9  164192  
-110383  -36839.4  183791  -328471  468942  -603361  730016  -847348  953968  -1.04867e+06  1.13042e+06  -1.19839e+06  1.25191e+06  -1.29046e+06  1.3137e+06  -1.32143e+06  1.31358e+06  -1.29021e+06  1.25155e+06  -1.19795e+06  1.12991e+06  -1.0481e+06  953387  -846777  729484  -602893  468561  -328195  183633  -36807.4  -110288  
55439.8  18502.4  -92310  164977  -235529  303039  -366647  425570  -479111  526663  -567712  601838  -628704  648059  -659727  663606  -659663  647934  -628525  601612  -567451  526379  -478818  425283  -366380  302804  -235337  164838  -92230.7  18486.3  55392  
0  0  0  0  0  0  0  0  0  0  0  0  0  0  0  0  0  0  0  0  0  0  0  0  0  0  0  0  0  0  0  
