1  1  1  1  1  1  1  1  1  1  1  1  1  1  1  1  1  1  1  1  1  1  1  1  1  1  1  1  1  1  1  
-980974  -327929  1.63121e+06  -2.91478e+06  4.16451e+06  -5.36631e+06  6.5062e+06  -7.57051e+06  8.54602e+06  -9.42022e+06  1.01815e+07  -1.08196e+07  1.13256e+07  -1.16922e+07  1.19142e+07  -1.19883e+07  1.19134e+07  -1.16907e+07  1.13235e+07  -1.0817e+07  1.01785e+07  -9.4169e+06  8.5426e+06  -7.56715e+06  6.50307e+06  -5.36355e+06  4.16226e+06  -2.91314e+06  1.63027e+06  -327739  -980410  
1.94943e+06  651665  -3.24162e+06  5.7924e+06  -8.27586e+06  1.06639e+07  -1.29289e+07  1.50434e+07  -1.69814e+07  1.8718e+07  -2.02302e+07  2.14976e+07  -2.25024e+07  2.32304e+07  -2.36712e+07  2.38184e+07  -2.36698e+07  2.32275e+07  -2.24982e+07  2.14923e+07  -2.02242e+07  1.87114e+07  -1.69746e+07  1.50367e+07  -1.29226e+07  1.06584e+07  -8.27138e+06  5.78915e+06  -3.23976e+06  651287  1.9483e+06  
-2.89304e+06  -967079  4.81081e+06  -8.59634e+06  1.22818e+07  -1.58254e+07  1.91859e+07  -2.23229e+07  2.51976e+07  -2.77731e+07  3.00156e+07  -3.18948e+07  3.33845e+07  -3.44638e+07  3.51172e+07  -3.53353e+07  3.5115e+07  -3.44595e+07  3.33783e+07  -3.1887e+07  3.00066e+07  -2.77633e+07  2.51875e+07  -2.2313e+07  1.91766e+07  -1.58172e+07  1.22751e+07  -8.59151e+06  4.80804e+06  -966517  -2.89137e+06  
3.79995e+06  1.2702e+06  -6.31904e+06  1.12914e+07  -1.61319e+07  2.07856e+07  -2.51982e+07  2.93166e+07  -3.30899e+07  3.64699e+07  -3.94123e+07  4.18774e+07  -4.38315e+07  4.5247e+07  -4.61039e+07  4.63899e+07  -4.6101e+07  4.52413e+07  -4.38233e+07  4.18672e+07  -3.94004e+07  3.6457e+07  -3.30766e+07  2.93035e+07  -2.5186e+07  2.07749e+07  -1.61231e+07  1.1285e+07  -6.3154e+06  1.26946e+06  3.79775e+06  
-4.65889e+06  -1.55726e+06  7.74764e+06  -1.38441e+07  1.97785e+07  -2.5483e+07  3.08909e+07  -3.59372e+07  4.05595e+07  -4.4699e+07  4.83017e+07  -5.13194e+07  5.3711e+07  -5.54433e+07  5.64918e+07  -5.68417e+07  5.64882e+07  -5.54363e+07  5.3701e+07  -5.13068e+07  4.82871e+07  -4.46831e+07  4.05431e+07  -3.59211e+07  3.08759e+07  -2.54698e+07  1.97677e+07  -1.38363e+07  7.74318e+06  -1.55635e+06  -4.6562e+06  
5.45945e+06  1.82477e+06  -9.07929e+06  1.62236e+07  -2.31772e+07  2.98603e+07  -3.61946e+07  4.21038e+07  -4.75149e+07  5.23595e+07  -5.65746e+07  6.01045e+07  -6.29012e+07  6.49266e+07  -6.61524e+07  6.65615e+07  -6.61482e+07  6.49184e+07  -6.28895e+07  6.00896e+07  -5.65575e+07  5.23409e+07  -4.74957e+07  4.20849e+07  -3.6177e+07  2.98448e+07  -2.31645e+07  1.62144e+07  -9.07404e+06  1.8237e+06  5.45628e+06  
-6.19216e+06  -2.06956e+06  1.02982e+07  -1.84017e+07  2.62879e+07  -3.3866e+07  4.10466e+07  -4.77434e+07  5.38737e+07  -5.93604e+07  6.41326e+07  -6.81278e+07  7.12925e+07  -7.35838e+07  7.49703e+07  -7.5433e+07  7.49656e+07  -7.35745e+07  7.12791e+07  -6.81109e+07  6.41131e+07  -5.93392e+07  5.38519e+07  -4.77219e+07  4.10266e+07  -3.38484e+07  2.62736e+07  -1.83913e+07  1.02923e+07  -2.06834e+06  -6.18855e+06  
6.84866e+06  2.28884e+06  -1.13906e+07  2.03536e+07  -2.90753e+07  3.74543e+07  -4.53917e+07  5.27917e+07  -5.95634e+07  6.56218e+07  -7.08895e+07  7.5298e+07  -7.87891e+07  8.13161e+07  -8.2845e+07  8.33552e+07  -8.28397e+07  8.13057e+07  -7.87742e+07  7.52793e+07  -7.08679e+07  6.55983e+07  -5.95391e+07  5.27679e+07  -4.53694e+07  3.74347e+07  -2.90593e+07  2.0342e+07  -1.1384e+07  2.28749e+06  6.84465e+06  
-7.4218e+06  -2.48022e+06  1.23445e+07  -2.20581e+07  3.15089e+07  -4.05863e+07  4.91826e+07  -5.7194e+07  6.45224e+07  -7.10762e+07  7.67724e+07  -8.15377e+07  8.53102e+07  -8.80403e+07  8.96918e+07  -9.02428e+07  8.9686e+07  -8.8029e+07  8.5294e+07  -8.15173e+07  7.67488e+07  -7.10505e+07  6.44959e+07  -5.71681e+07  4.91584e+07  -4.0565e+07  3.14915e+07  -2.20455e+07  1.23373e+07  -2.47876e+06  -7.41744e+06  
7.90572e+06  2.64175e+06  -1.31502e+07  2.34978e+07  -3.35639e+07  4.323e+07  -5.23808e+07  6.09058e+07  -6.87006e+07  7.56686e+07  -8.17223e+07  8.67847e+07  -9.07911e+07  9.36897e+07  -9.54428e+07  9.60276e+07  -9.54366e+07  9.36776e+07  -9.07738e+07  8.67629e+07  -8.1697e+07  7.56412e+07  -6.86723e+07  6.0878e+07  -5.23549e+07  4.32072e+07  -3.35453e+07  2.34843e+07  -1.31424e+07  2.64019e+06  7.90106e+06  
-8.29588e+06  -2.77192e+06  1.38e+07  -2.4659e+07  3.52211e+07  -4.53608e+07  5.49567e+07  -6.38927e+07  7.20599e+07  -7.93574e+07  8.56946e+07  -9.0992e+07  9.51829e+07  -9.82141e+07  1.00047e+08  -1.00658e+08  1.0004e+08  -9.82014e+07  9.51646e+07  -9.0969e+07  8.5668e+07  -7.93285e+07  7.203e+07  -6.38634e+07  5.49293e+07  -4.53367e+07  3.52015e+07  -2.46448e+07  1.37919e+07  -2.77027e+06  -8.29097e+06  
8.58909e+06  2.86966e+06  -1.42886e+07  2.55323e+07  -3.64668e+07  4.69613e+07  -5.68895e+07  6.61312e+07  -7.45738e+07  8.2114e+07  -8.8659e+07  9.41279e+07  -9.84528e+07  1.0158e+08  -1.03471e+08  1.04101e+08  -1.03464e+08  1.01567e+08  -9.84338e+07  9.4104e+07  -8.86314e+07  8.2084e+07  -7.45428e+07  6.61007e+07  -5.6861e+07  4.69363e+07  -3.64464e+07  2.55176e+07  -1.42802e+07  2.86794e+06  8.58398e+06  
-8.78347e+06  -2.93436e+06  1.4613e+07  -2.61121e+07  3.72932e+07  -4.80215e+07  5.81673e+07  -6.76076e+07  7.62277e+07  -8.39229e+07  9.05992e+07  -9.61755e+07  1.00584e+08  -1.0377e+08  1.05696e+08  -1.06338e+08  1.05689e+08  -1.03757e+08  1.00564e+08  -9.61509e+07  9.05708e+07  -8.3892e+07  7.61959e+07  -6.75763e+07  5.81381e+07  -4.79958e+07  3.72722e+07  -2.60969e+07  1.46043e+07  -2.93259e+06  -8.77822e+06  
8.87842e+06  2.96583e+06  -1.4772e+07  2.63963e+07  -3.76976e+07  4.85383e+07  -5.87867e+07  6.83184e+07  -7.70181e+07  8.47805e+07  -9.15121e+07  9.71321e+07  -1.01573e+08  1.04783e+08  -1.06722e+08  1.07369e+08  -1.06715e+08  1.04769e+08  -1.01553e+08  9.71071e+07  -9.14832e+07  8.47491e+07  -7.69857e+07  6.82866e+07  -5.8757e+07  4.85121e+07  -3.76763e+07  2.63809e+07  -1.47631e+07  2.96404e+06  8.87309e+06  
-8.87458e+06  -2.96429e+06  1.47666e+07  -2.6387e+07  3.76827e+07  -4.85152e+07  5.87522e+07  -6.82695e+07  7.69519e+07  -8.46953e+07  9.14073e+07  -9.70085e+07  1.01433e+08  -1.0463e+08  1.06561e+08  -1.07205e+08  1.06554e+08  -1.04616e+08  1.01413e+08  -9.69834e+07  9.13783e+07  -8.46637e+07  7.69194e+07  -6.82375e+07  5.87224e+07  -4.84889e+07  3.76613e+07  -2.63715e+07  1.47577e+07  -2.96249e+06  -8.86923e+06  
8.77371e+06  2.93034e+06  -1.45998e+07  2.60892e+07  -3.72559e+07  4.79619e+07  -5.80761e+07  6.74752e+07  -7.6046e+07  8.36862e+07  -9.03059e+07  9.58276e+07  -1.00188e+08  1.03337e+08  -1.05239e+08  1.05873e+08  -1.05232e+08  1.03323e+08  -1.00168e+08  9.58027e+07  -9.0277e+07  8.36549e+07  -7.60136e+07  6.74434e+07  -5.80464e+07  4.79359e+07  -3.72346e+07  2.60738e+07  -1.4591e+07  2.92855e+06  8.76839e+06  
-8.57861e+06  -2.86493e+06  1.42761e+07  -2.55111e+07  3.6429e+07  -4.6894e+07  5.67771e+07  -6.59579e+07  7.43259e+07  -8.1782e+07  8.82393e+07  -9.36234e+07  9.78735e+07  -1.00942e+08  1.02795e+08  -1.03413e+08  1.02788e+08  -1.00928e+08  9.7854e+07  -9.35989e+07  8.82109e+07  -8.17512e+07  7.42941e+07  -6.59266e+07  5.6748e+07  -4.68684e+07  3.64081e+07  -2.5496e+07  1.42675e+07  -2.86317e+06  -8.57339e+06  
8.29305e+06  2.76933e+06  -1.38018e+07  2.46639e+07  -3.5218e+07  4.53319e+07  -5.48804e+07  6.3747e+07  -7.18253e+07  7.90201e+07  -8.52484e+07  9.04396e+07  -9.4536e+07  9.74927e+07  -9.92781e+07  9.9873e+07  -9.92713e+07  9.74795e+07  -9.4517e+07  9.04157e+07  -8.52208e+07  7.89901e+07  -7.17944e+07  6.37166e+07  -5.48521e+07  4.5307e+07  -3.51977e+07  2.46492e+07  -1.37934e+07  2.76762e+06  8.28797e+06  
-7.92158e+06  -2.64506e+06  1.31845e+07  -2.3561e+07  3.36422e+07  -4.33007e+07  5.24165e+07  -6.08782e+07  6.85846e+07  -7.54454e+07  8.13821e+07  -8.63284e+07  9.02303e+07  -9.30459e+07  9.47457e+07  -9.53121e+07  9.47392e+07  -9.30332e+07  9.02121e+07  -8.63055e+07  8.13556e+07  -7.54166e+07  6.85549e+07  -6.08491e+07  5.23893e+07  -4.32768e+07  3.36227e+07  -2.35469e+07  1.31764e+07  -2.64342e+06  -7.91671e+06  
7.46952e+06  2.49392e+06  -1.24329e+07  2.22182e+07  -3.17238e+07  4.08291e+07  -4.94204e+07  5.73926e+07  -6.46504e+07  7.11093e+07  -7.66962e+07  8.13494e+07  -8.50189e+07  8.76662e+07  -8.92641e+07  8.97964e+07  -8.92579e+07  8.76542e+07  -8.50016e+07  8.13277e+07  -7.66711e+07  7.10821e+07  -6.46223e+07  5.7365e+07  -4.93947e+07  4.08065e+07  -3.17054e+07  2.22048e+07  -1.24252e+07  2.49237e+06  7.4649e+06  
-6.94275e+06  -2.31787e+06  1.15568e+07  -2.06529e+07  2.94881e+07  -3.79496e+07  4.59313e+07  -5.33356e+07  6.00741e+07  -6.60687e+07  7.12522e+07  -7.55679e+07  7.89703e+07  -8.14244e+07  8.29054e+07  -8.33988e+07  8.28997e+07  -8.14132e+07  7.89542e+07  -7.55476e+07  7.12287e+07  -6.60433e+07  6.00478e+07  -5.33098e+07  4.59073e+07  -3.79284e+07  2.94708e+07  -2.06404e+07  1.15497e+07  -2.31642e+06  -6.93845e+06  
6.34771e+06  2.11906e+06  -1.05669e+07  1.88841e+07  -2.6962e+07  3.4697e+07  -4.19916e+07  4.87566e+07  -5.49114e+07  6.0385e+07  -6.51163e+07  6.90545e+07  -7.21584e+07  7.43967e+07  -7.57473e+07  7.61972e+07  -7.57421e+07  7.43864e+07  -7.21436e+07  6.90359e+07  -6.50948e+07  6.03616e+07  -5.48873e+07  4.8733e+07  -4.19696e+07  3.46775e+07  -2.69462e+07  1.88726e+07  -1.05603e+07  2.11773e+06  6.34375e+06  
-5.69119e+06  -1.89978e+06  9.47448e+06  -1.69321e+07  2.41746e+07  -3.11085e+07  3.76464e+07  -4.3708e+07  4.92213e+07  -5.41229e+07  5.83587e+07  -6.18834e+07  6.46609e+07  -6.66633e+07  6.78715e+07  -6.82738e+07  6.78667e+07  -6.66541e+07  6.46475e+07  -6.18667e+07  5.83393e+07  -5.41019e+07  4.91996e+07  -4.36867e+07  3.76265e+07  -3.1091e+07  2.41603e+07  -1.69218e+07  9.46859e+06  -1.89858e+06  -5.68764e+06  
4.98037e+06  1.6624e+06  -8.2915e+06  1.48181e+07  -2.11561e+07  2.72232e+07  -3.29427e+07  3.82444e+07  -4.30654e+07  4.73504e+07  -5.10524e+07  5.41322e+07  -5.65585e+07  5.83075e+07  -5.93626e+07  5.9714e+07  -5.93585e+07  5.82994e+07  -5.65468e+07  5.41174e+07  -5.10354e+07  4.73319e+07  -4.30463e+07  3.82257e+07  -3.29253e+07  2.72079e+07  -2.11436e+07  1.48091e+07  -8.28633e+06  1.66135e+06  4.97725e+06  
-4.22263e+06  -1.40941e+06  7.03028e+06  -1.25643e+07  1.7938e+07  -2.30815e+07  2.79295e+07  -3.24226e+07  3.65074e+07  -4.01373e+07  4.32726e+07  -4.58804e+07  4.79346e+07  -4.94151e+07  5.03081e+07  -5.06055e+07  5.03046e+07  -4.94082e+07  4.79246e+07  -4.58679e+07  4.32581e+07  -4.01215e+07  3.64912e+07  -3.24067e+07  2.79147e+07  -2.30684e+07  1.79274e+07  -1.25566e+07  7.02588e+06  -1.40851e+06  -4.21998e+06  
3.42558e+06  1.14332e+06  -5.70344e+06  1.01931e+07  -1.45525e+07  1.87248e+07  -2.26569e+07  2.63005e+07  -2.96125e+07  3.25551e+07  -3.50963e+07  3.72096e+07  -3.8874e+07  4.00735e+07  -4.07969e+07  4.10378e+07  -4.0794e+07  4.00678e+07  -3.88659e+07  3.71994e+07  -3.50845e+07  3.25423e+07  -2.95993e+07  2.62876e+07  -2.26448e+07  1.87142e+07  -1.45439e+07  1.01869e+07  -5.69986e+06  1.1426e+06  3.42342e+06  
-2.59693e+06  -866724  4.32389e+06  -7.72767e+06  1.10326e+07  -1.41953e+07  1.71758e+07  -1.99372e+07  2.2447e+07  -2.46765e+07  2.66016e+07  -2.82024e+07  2.9463e+07  -3.03714e+07  3.09192e+07  -3.11016e+07  3.0917e+07  -3.03671e+07  2.94569e+07  -2.81947e+07  2.65927e+07  -2.46668e+07  2.2437e+07  -1.99274e+07  1.71666e+07  -1.41873e+07  1.1026e+07  -7.72291e+06  4.32118e+06  -866173  -2.59529e+06  
1.74452e+06  582218  -2.90468e+06  5.19128e+06  -7.41139e+06  9.53594e+06  -1.15379e+07  1.33925e+07  -1.5078e+07  1.65751e+07  -1.78677e+07  1.89424e+07  -1.97886e+07  2.03984e+07  -2.07661e+07  2.08885e+07  -2.07646e+07  2.03955e+07  -1.97845e+07  1.89372e+07  -1.78616e+07  1.65685e+07  -1.50712e+07  1.33859e+07  -1.15317e+07  9.53052e+06  -7.40698e+06  5.18808e+06  -2.90285e+06  581848  1.74342e+06  
-876232  -292431  1.45897e+06  -2.6075e+06  3.72262e+06  -4.7897e+06  5.79515e+06  -6.72659e+06  7.573e+06  -8.32478e+06  8.97382e+06  -9.51343e+06  9.9383e+06  -1.02444e+07  1.0429e+07  -1.04905e+07  1.04283e+07  -1.0243e+07  9.93622e+06  -9.51082e+06  8.9708e+06  -8.3215e+06  7.56961e+06  -6.72327e+06  5.79206e+06  -4.78698e+06  3.7204e+06  -2.6059e+06  1.45805e+06  -292245  -875678  
0  0  0  0  0  0  0  0  0  0  0  0  0  0  0  0  0  0  0  0  0  0  0  0  0  0  0  0  0  0  0  
