1  1  1  1  1  1  1  1  1  1  1  1  1  1  1  1  1  1  1  1  1  1  1  1  1  1  1  1  1  1  1  
5.55064e+10  1.85551e+10  -9.22987e+10  1.64929e+11  -2.35648e+11  3.03658e+11  -3.68171e+11  4.28411e+11  -4.83631e+11  5.33122e+11  -5.76228e+11  6.12363e+11  -6.41019e+11  6.61789e+11  -6.74372e+11  6.78582e+11  -6.74359e+11  6.61765e+11  -6.40984e+11  6.12318e+11  -5.76177e+11  5.33066e+11  -4.83573e+11  4.28354e+11  -3.68118e+11  3.03612e+11  -2.3561e+11  1.64901e+11  -9.22829e+10  1.85519e+10  5.54969e+10  
-1.10316e+11  -3.68767e+10  1.8344e+11  -3.27789e+11  4.68336e+11  -6.03493e+11  7.3169e+11  -8.51389e+11  9.61103e+11  -1.05943e+12  1.14506e+12  -1.21684e+12  1.27376e+12  -1.31501e+12  1.34e+12  -1.34836e+12  1.33997e+12  -1.31496e+12  1.27369e+12  -1.21675e+12  1.14496e+12  -1.05932e+12  9.60989e+11  -8.51276e+11  7.31585e+11  -6.03401e+11  4.68261e+11  -3.27735e+11  1.83408e+11  -3.68703e+10  -1.10297e+11  
1.63742e+11  5.4735e+10  -2.72285e+11  4.86547e+11  -6.95154e+11  8.95746e+11  -1.08599e+12  1.2636e+12  -1.42637e+12  1.57222e+12  -1.69923e+12  1.80568e+12  -1.89008e+12  1.95125e+12  -1.9883e+12  2.0007e+12  -1.98826e+12  1.95118e+12  -1.88998e+12  1.80555e+12  -1.69908e+12  1.57206e+12  -1.4262e+12  1.26343e+12  -1.08583e+12  8.95609e+11  -6.95042e+11  4.86466e+11  -2.72239e+11  5.47256e+10  1.63714e+11  
-2.15123e+11  -7.19083e+10  3.57734e+11  -6.39237e+11  9.13291e+11  -1.17679e+12  1.42665e+12  -1.65988e+12  1.87359e+12  -2.06505e+12  2.23174e+12  -2.37142e+12  2.48216e+12  -2.56241e+12  2.61101e+12  -2.62727e+12  2.61096e+12  -2.56231e+12  2.48203e+12  -2.37125e+12  2.23154e+12  -2.06483e+12  1.87337e+12  -1.65966e+12  1.42644e+12  -1.17661e+12  9.13144e+11  -6.3913e+11  3.57673e+11  -7.18959e+10  -2.15086e+11  
2.63829e+11  8.8186e+10  -4.38744e+11  7.83993e+11  -1.12008e+12  1.44317e+12  -1.74949e+12  2.03536e+12  -2.29724e+12  2.5318e+12  -2.73597e+12  2.90702e+12  -3.0426e+12  3.14083e+12  -3.20033e+12  3.22023e+12  -3.20027e+12  3.14072e+12  -3.04243e+12  2.90681e+12  -2.73572e+12  2.53153e+12  -2.29696e+12  2.03509e+12  -1.74924e+12  1.44295e+12  -1.1199e+12  7.83861e+11  -4.38669e+11  8.81707e+10  2.63784e+11  
-3.09277e+11  -1.03372e+11  5.14341e+11  -9.19078e+11  1.31303e+12  -1.6917e+12  2.05062e+12  -2.3855e+12  2.69219e+12  -2.96681e+12  3.20578e+12  -3.40594e+12  3.56456e+12  -3.67946e+12  3.74904e+12  -3.77232e+12  3.74897e+12  -3.67932e+12  3.56436e+12  -3.40569e+12  3.20549e+12  -2.9665e+12  2.69187e+12  -2.38518e+12  2.05033e+12  -1.69143e+12  1.31282e+12  -9.18924e+11  5.14253e+11  -1.03354e+11  -3.09223e+11  
3.50933e+11  1.17289e+11  -5.83642e+11  1.04291e+12  -1.4899e+12  1.91945e+12  -2.32651e+12  2.70619e+12  -3.0538e+12  3.36495e+12  -3.63564e+12  3.86228e+12  -4.04185e+12  4.17191e+12  -4.25065e+12  4.27699e+12  -4.25057e+12  4.17175e+12  -4.04163e+12  3.862e+12  -3.63531e+12  3.3646e+12  -3.05343e+12  2.70583e+12  -2.32618e+12  1.91915e+12  -1.48966e+12  1.04274e+12  -5.83541e+11  1.17269e+11  3.50872e+11  
-3.88324e+11  -1.29778e+11  6.45858e+11  -1.15409e+12  1.64866e+12  -2.12385e+12  2.57403e+12  -2.99379e+12  3.37795e+12  -3.72171e+12  4.02065e+12  -4.27087e+12  4.46907e+12  -4.61257e+12  4.69945e+12  -4.72851e+12  4.69936e+12  -4.6124e+12  4.46881e+12  -4.27056e+12  4.02028e+12  -3.72131e+12  3.37755e+12  -2.99338e+12  2.57365e+12  -2.12352e+12  1.64839e+12  -1.15389e+12  6.45747e+11  -1.29756e+11  -3.88256e+11  
4.21042e+11  1.40704e+11  -7.00313e+11  1.25139e+12  -1.7876e+12  2.30266e+12  -2.79048e+12  3.24517e+12  -3.66114e+12  4.03321e+12  -4.35665e+12  4.62729e+12  -4.84158e+12  4.99671e+12  -5.0906e+12  5.12201e+12  -5.09051e+12  4.99652e+12  -4.84131e+12  4.62694e+12  -4.35625e+12  4.03278e+12  -3.6607e+12  3.24473e+12  -2.79007e+12  2.3023e+12  -1.78731e+12  1.25118e+12  -7.00191e+11  1.40679e+11  4.20969e+11  
-4.48751e+11  -1.49952e+11  7.46442e+11  -1.33383e+12  1.90527e+12  -2.45406e+12  2.97364e+12  -3.45776e+12  3.90048e+12  -4.2963e+12  4.64025e+12  -4.92793e+12  5.15565e+12  -5.32045e+12  5.42019e+12  -5.45354e+12  5.42008e+12  -5.32025e+12  5.15536e+12  -4.92756e+12  4.63982e+12  -4.29584e+12  3.9e+12  -3.45729e+12  2.97321e+12  -2.45367e+12  1.90496e+12  -1.3336e+12  7.46313e+11  -1.49926e+11  -4.48672e+11  
4.71184e+11  1.57437e+11  -7.83805e+11  1.4006e+12  -2.00056e+12  2.57659e+12  -3.12179e+12  3.62956e+12  -4.09372e+12  4.50853e+12  -4.86881e+12  5.17004e+12  -5.4084e+12  5.58086e+12  -5.6852e+12  5.7201e+12  -5.68509e+12  5.58065e+12  -5.40809e+12  5.16965e+12  -4.86836e+12  4.50804e+12  -4.09322e+12  3.62907e+12  -3.12133e+12  2.57618e+12  -2.00023e+12  1.40036e+12  -7.83668e+11  1.57409e+11  4.71101e+11  
-4.88149e+11  -1.63092e+11  8.12079e+11  -1.45113e+12  2.07265e+12  -2.66922e+12  3.23366e+12  -3.75915e+12  4.23928e+12  -4.66816e+12  5.04051e+12  -5.3517e+12  5.59785e+12  -5.77589e+12  5.88359e+12  -5.91961e+12  5.88348e+12  -5.77567e+12  5.59753e+12  -5.35129e+12  5.04004e+12  -4.66766e+12  4.23876e+12  -3.75864e+12  3.23318e+12  -2.66879e+12  2.07231e+12  -1.45088e+12  8.11936e+11  -1.63063e+11  -4.88063e+11  
4.99528e+11  1.6688e+11  -8.31065e+11  1.48506e+12  -2.12103e+12  2.7313e+12  -3.3085e+12  3.84565e+12  -4.33621e+12  4.7742e+12  -5.15428e+12  5.4718e+12  -5.72287e+12  5.90441e+12  -6.01421e+12  6.05092e+12  -6.01409e+12  5.90418e+12  -5.72254e+12  5.47138e+12  -5.1538e+12  4.77368e+12  -4.33567e+12  3.84512e+12  -3.30801e+12  2.73086e+12  -2.12068e+12  1.48481e+12  -8.30918e+11  1.6685e+11  4.9944e+11  
-5.05274e+11  -1.68785e+11  8.40681e+11  -1.50226e+12  2.1455e+12  -2.76258e+12  3.34602e+12  -3.88875e+12  4.38418e+12  -4.82631e+12  5.2098e+12  -5.53004e+12  5.78316e+12  -5.96614e+12  6.07678e+12  -6.11376e+12  6.07666e+12  -5.9659e+12  5.78282e+12  -5.52962e+12  5.20932e+12  -4.82578e+12  4.38363e+12  -3.88821e+12  3.34552e+12  -2.76214e+12  2.14514e+12  -1.502e+12  8.40532e+11  -1.68755e+11  -5.05184e+11  
5.05406e+11  1.68815e+11  -8.40959e+11  1.50277e+12  -2.14614e+12  2.76319e+12  -3.34639e+12  3.88867e+12  -4.38346e+12  4.82482e+12  -5.20747e+12  5.52686e+12  -5.77922e+12  5.96159e+12  -6.07185e+12  6.1087e+12  -6.07173e+12  5.96136e+12  -5.77888e+12  5.52643e+12  -5.20698e+12  4.82429e+12  -4.38291e+12  3.88813e+12  -3.34589e+12  2.76274e+12  -2.14578e+12  1.50251e+12  -8.4081e+11  1.68784e+11  5.05316e+11  
-5.0001e+11  -1.66998e+11  8.3204e+11  -1.48685e+12  2.12331e+12  -2.73359e+12  3.31019e+12  -3.84611e+12  4.33488e+12  -4.77067e+12  5.14831e+12  -5.46339e+12  5.71226e+12  -5.89205e+12  6.00073e+12  -6.03705e+12  6.00061e+12  -5.89182e+12  5.71192e+12  -5.46297e+12  5.14782e+12  -4.77014e+12  4.33434e+12  -3.84557e+12  3.30969e+12  -2.73315e+12  2.12295e+12  -1.48659e+12  8.31892e+11  -1.66968e+11  -4.99921e+11  
4.89232e+11  1.63384e+11  -8.1416e+11  1.45491e+12  -2.07763e+12  2.67457e+12  -3.23839e+12  3.76223e+12  -4.23977e+12  4.66534e+12  -5.03398e+12  5.34142e+12  -5.58416e+12  5.75948e+12  -5.86543e+12  5.90084e+12  -5.86531e+12  5.75925e+12  -5.58383e+12  5.341e+12  -5.0335e+12  4.66482e+12  -4.23923e+12  3.7617e+12  -3.23791e+12  2.67414e+12  -2.07728e+12  1.45466e+12  -8.14015e+11  1.63354e+11  4.89144e+11  
-4.73269e+11  -1.58039e+11  7.87649e+11  -1.40756e+12  2.00993e+12  -2.58724e+12  3.13234e+12  -3.63859e+12  4.0999e+12  -4.51084e+12  4.86665e+12  -5.16327e+12  5.39739e+12  -5.56643e+12  5.66857e+12  -5.7027e+12  5.66846e+12  -5.56621e+12  5.39707e+12  -5.16286e+12  4.86618e+12  -4.51034e+12  4.09938e+12  -3.63808e+12  3.13187e+12  -2.58682e+12  2.00959e+12  -1.40731e+12  7.87508e+11  -1.58011e+11  -4.73184e+11  
4.5237e+11  1.51048e+11  -7.52918e+11  1.34551e+12  -1.92127e+12  2.47295e+12  -2.99369e+12  3.47714e+12  -3.9175e+12  4.30961e+12  -4.64897e+12  4.93178e+12  -5.15493e+12  5.31601e+12  -5.41332e+12  5.44583e+12  -5.41321e+12  5.3158e+12  -5.15462e+12  4.9314e+12  -4.64853e+12  4.30913e+12  -3.917e+12  3.47665e+12  -2.99323e+12  2.47254e+12  -1.92094e+12  1.34527e+12  -7.52782e+11  1.51021e+11  4.52288e+11  
-4.26826e+11  -1.42508e+11  7.10447e+11  -1.26963e+12  1.81287e+12  -2.33327e+12  2.82436e+12  -3.28012e+12  3.6951e+12  -4.06447e+12  4.38404e+12  -4.65025e+12  4.86023e+12  -5.01178e+12  5.1033e+12  -5.13388e+12  5.1032e+12  -5.01157e+12  4.85994e+12  -4.64988e+12  4.38361e+12  -4.06402e+12  3.69463e+12  -3.27965e+12  2.82392e+12  -2.33289e+12  1.81256e+12  -1.2694e+12  7.10319e+11  -1.42482e+11  -4.26748e+11  
3.96964e+11  1.32527e+11  -6.60782e+11  1.18089e+12  -1.68611e+12  2.17001e+12  -2.62652e+12  3.05007e+12  -3.43558e+12  3.7786e+12  -4.07526e+12  4.3223e+12  -4.51712e+12  4.65768e+12  -4.74256e+12  4.77091e+12  -4.74246e+12  4.65749e+12  -4.51684e+12  4.32196e+12  -4.07486e+12  3.77817e+12  -3.43514e+12  3.04963e+12  -2.62612e+12  2.16966e+12  -1.68582e+12  1.18068e+12  -6.60663e+11  1.32503e+11  3.96892e+11  
-3.63144e+11  -1.21228e+11  6.0452e+11  -1.08036e+12  1.54253e+12  -1.98513e+12  2.40257e+12  -2.78975e+12  3.14206e+12  -3.45543e+12  3.72636e+12  -3.95191e+12  4.12972e+12  -4.25799e+12  4.33544e+12  -4.36131e+12  4.33535e+12  -4.25782e+12  4.12948e+12  -3.9516e+12  3.726e+12  -3.45504e+12  3.14166e+12  -2.78936e+12  2.4022e+12  -1.9848e+12  1.54227e+12  -1.08016e+12  6.0441e+11  -1.21206e+11  -3.63078e+11  
3.25753e+11  1.08739e+11  -5.42303e+11  9.69178e+11  -1.38377e+12  1.78072e+12  -2.15504e+12  2.50214e+12  -2.81789e+12  3.09865e+12  -3.34131e+12  3.54328e+12  -3.70247e+12  3.81727e+12  -3.88658e+12  3.90973e+12  -3.8865e+12  3.81712e+12  -3.70224e+12  3.543e+12  -3.34099e+12  3.09829e+12  -2.81752e+12  2.50178e+12  -2.15471e+12  1.78043e+12  -1.38353e+12  9.69005e+11  -5.42204e+11  1.08719e+11  3.25693e+11  
-2.85197e+11  -9.51956e+10  4.74808e+11  -8.48565e+11  1.21154e+12  -1.55902e+12  1.88664e+12  -2.19036e+12  2.46657e+12  -2.71212e+12  2.92429e+12  -3.10084e+12  3.23996e+12  -3.34028e+12  3.40083e+12  -3.42106e+12  3.40076e+12  -3.34014e+12  3.23976e+12  -3.10059e+12  2.924e+12  -2.71181e+12  2.46625e+12  -2.19004e+12  1.88635e+12  -1.55877e+12  1.21133e+12  -8.48413e+11  4.74721e+11  -9.5178e+10  -2.85144e+11  
2.41902e+11  8.07402e+10  -4.02744e+11  7.19782e+11  -1.02765e+12  1.32236e+12  -1.60016e+12  1.85765e+12  -2.09177e+12  2.29985e+12  -2.47961e+12  2.62916e+12  -2.74698e+12  2.83193e+12  -2.88321e+12  2.90033e+12  -2.88315e+12  2.83182e+12  -2.74682e+12  2.62895e+12  -2.47937e+12  2.29959e+12  -2.0915e+12  1.85738e+12  -1.59991e+12  1.32214e+12  -1.02747e+12  7.19653e+11  -4.0267e+11  8.07252e+10  2.41857e+11  
-1.96306e+11  -6.55189e+10  3.26842e+11  -5.84136e+11  8.33977e+11  -1.07311e+12  1.2985e+12  -1.50738e+12  1.69726e+12  -1.866e+12  2.01174e+12  -2.13297e+12  2.22846e+12  -2.29731e+12  2.33885e+12  -2.35273e+12  2.33881e+12  -2.29721e+12  2.22833e+12  -2.1328e+12  2.01154e+12  -1.86578e+12  1.69704e+12  -1.50716e+12  1.2983e+12  -1.07293e+12  8.33832e+11  -5.84031e+11  3.26782e+11  -6.55067e+10  -1.9627e+11  
1.48859e+11  4.96813e+10  -2.47851e+11  4.42964e+11  -6.3242e+11  8.13741e+11  -9.84625e+11  1.14297e+12  -1.2869e+12  1.41477e+12  -1.52521e+12  1.61706e+12  -1.6894e+12  1.74155e+12  -1.77302e+12  1.78353e+12  -1.77298e+12  1.74148e+12  -1.6893e+12  1.61693e+12  -1.52506e+12  1.41461e+12  -1.28673e+12  1.1428e+12  -9.84471e+11  8.13606e+11  -6.32309e+11  4.42885e+11  -2.47805e+11  4.9672e+10  1.48831e+11  
-1.00016e+11  -3.33795e+10  1.66531e+11  -2.9763e+11  4.24924e+11  -5.46746e+11  6.61547e+11  -7.67913e+11  8.64587e+11  -9.50471e+11  1.02463e+12  -1.08631e+12  1.13488e+12  -1.16989e+12  1.19102e+12  -1.19807e+12  1.19099e+12  -1.16984e+12  1.13481e+12  -1.08622e+12  1.02453e+12  -9.50361e+11  8.64474e+11  -7.67802e+11  6.61443e+11  -5.46655e+11  4.2485e+11  -2.97577e+11  1.66501e+11  -3.33733e+10  -9.99979e+10  
5.02418e+10  1.67675e+10  -8.36555e+10  1.49512e+11  -2.13457e+11  2.7465e+11  -3.32314e+11  3.85739e+11  -4.34293e+11  4.77424e+11  -5.14667e+11  5.45636e+11  -5.70026e+11  5.87605e+11  -5.98213e+11  6.01755e+11  -5.982e+11  5.8758e+11  -5.69991e+11  5.45592e+11  -5.14616e+11  4.77369e+11  -4.34236e+11  3.85684e+11  -3.32262e+11  2.74604e+11  -2.13419e+11  1.49485e+11  -8.36401e+10  1.67644e+10  5.02325e+10  
0  0  0  0  0  0  0  0  0  0  0  0  0  0  0  0  0  0  0  0  0  0  0  0  0  0  0  0  0  0  0  
