1  1  1  1  1  1  1  1  1  1  1  1  1  1  1  1  1  1  1  1  1  1  1  1  1  1  1  1  1  1  1  
-1.74449e+26  -5.83163e+25  2.90083e+26  -5.18354e+26  7.40622e+26  -9.54383e+26  1.15716e+27  -1.34651e+27  1.52009e+27  -1.67567e+27  1.81119e+27  -1.9248e+27  2.01491e+27  -2.08022e+27  2.1198e+27  -2.13305e+27  2.1198e+27  -2.08022e+27  2.0149e+27  -1.9248e+27  1.81119e+27  -1.67567e+27  1.52009e+27  -1.34651e+27  1.15715e+27  -9.5438e+26  7.4062e+26  -5.18352e+26  2.90082e+26  -5.83161e+25  -1.74449e+26  
3.46725e+26  1.15904e+26  -5.76557e+26  1.03026e+27  -1.47202e+27  1.89685e+27  -2.29982e+27  2.67609e+27  -3.02099e+27  3.3301e+27  -3.59933e+27  3.82501e+27  -4.00399e+27  4.13372e+27  -4.21233e+27  4.23866e+27  -4.21233e+27  4.13372e+27  -4.00399e+27  3.82501e+27  -3.59932e+27  3.33009e+27  -3.02098e+27  2.67608e+27  -2.29981e+27  1.89684e+27  -1.47201e+27  1.03026e+27  -5.76556e+26  1.15904e+26  3.46724e+26  
-5.14688e+26  -1.72048e+26  8.55873e+26  -1.52937e+27  2.18511e+27  -2.81567e+27  3.41372e+27  -3.97208e+27  4.48382e+27  -4.9424e+27  5.34175e+27  -5.67647e+27  5.9419e+27  -6.13428e+27  6.25084e+27  -6.28988e+27  6.25084e+27  -6.13428e+27  5.9419e+27  -5.67647e+27  5.34174e+27  -4.94239e+27  4.48381e+27  -3.97207e+27  3.41371e+27  -2.81566e+27  2.1851e+27  -1.52937e+27  8.5587e+26  -1.72047e+26  -5.14687e+26  
6.76272e+26  2.26055e+26  -1.1246e+27  2.00956e+27  -2.87112e+27  3.69952e+27  -4.48509e+27  5.2184e+27  -5.89037e+27  6.49241e+27  -7.01661e+27  7.4559e+27  -7.80419e+27  8.0566e+27  -8.20952e+27  8.26074e+27  -8.20952e+27  8.0566e+27  -7.80418e+27  7.45588e+27  -7.0166e+27  6.4924e+27  -5.89036e+27  5.21839e+27  -4.48508e+27  3.69951e+27  -2.87112e+27  2.00955e+27  -1.12459e+27  2.26054e+26  6.7627e+26  
-8.29512e+26  -2.77267e+26  1.37947e+27  -2.46499e+27  3.52173e+27  -4.53764e+27  5.50086e+27  -6.39981e+27  7.22337e+27  -7.96106e+27  8.60322e+27  -9.14124e+27  9.56775e+27  -9.87679e+27  1.0064e+28  -1.01267e+28  1.0064e+28  -9.87678e+27  9.56774e+27  -9.14123e+27  8.6032e+27  -7.96104e+27  7.22336e+27  -6.3998e+27  5.50085e+27  -4.53763e+27  3.52172e+27  -2.46498e+27  1.37946e+27  -2.77266e+26  -8.29509e+26  
9.72577e+26  3.25072e+26  -1.61744e+27  2.89023e+27  -4.12915e+27  5.32001e+27  -6.44886e+27  7.50212e+27  -8.46679e+27  9.33062e+27  -1.00824e+28  1.07121e+28  -1.12112e+28  1.15727e+28  -1.17917e+28  1.18651e+28  -1.17917e+28  1.15727e+28  -1.12111e+28  1.07121e+28  -1.00824e+28  9.3306e+27  -8.46677e+27  7.5021e+27  -6.44884e+27  5.32e+27  -4.12914e+27  2.89022e+27  -1.61744e+27  3.25071e+26  9.72574e+26  
-1.1038e+27  -3.68912e+26  1.83575e+27  -3.28033e+27  4.68631e+27  -6.0375e+27  7.31801e+27  -8.51243e+27  9.60604e+27  -1.0585e+28  1.14367e+28  -1.21499e+28  1.2715e+28  -1.31244e+28  1.33723e+28  -1.34553e+28  1.33723e+28  -1.31244e+28  1.2715e+28  -1.21499e+28  1.14367e+28  -1.0585e+28  9.60602e+27  -8.51241e+27  7.31799e+27  -6.03748e+27  4.68629e+27  -3.28032e+27  1.83574e+27  -3.68911e+26  -1.10379e+27  
1.22169e+27  4.08289e+26  -2.03191e+27  3.63086e+27  -5.18689e+27  6.68197e+27  -8.09846e+27  9.41929e+27  -1.06282e+28  1.171e+28  -1.26509e+28  1.34385e+28  -1.40624e+28  1.45141e+28  -1.47877e+28  1.48793e+28  -1.47877e+28  1.45141e+28  -1.40623e+28  1.34384e+28  -1.26509e+28  1.171e+28  -1.06282e+28  9.41927e+27  -8.09844e+27  6.68195e+27  -5.18687e+27  3.63085e+27  -2.0319e+27  4.08287e+26  1.22168e+27  
-1.32496e+27  -4.42773e+26  2.20379e+27  -3.938e+27  5.62544e+27  -7.24642e+27  8.78173e+27  -1.02129e+28  1.15222e+28  -1.26935e+28  1.37117e+28  -1.45638e+28  1.52385e+28  -1.5727e+28  1.60228e+28  -1.61218e+28  1.60228e+28  -1.5727e+28  1.52385e+28  -1.45637e+28  1.37117e+28  -1.26934e+28  1.15222e+28  -1.02128e+28  8.7817e+27  -7.2464e+27  5.62543e+27  -3.93799e+27  2.20378e+27  -4.42772e+26  -1.32496e+27  
1.41255e+27  4.72009e+26  -2.3496e+27  4.19858e+27  -5.99742e+27  7.72501e+27  -9.36077e+27  1.0885e+28  -1.22789e+28  1.35253e+28  -1.46084e+28  1.55144e+28  -1.62316e+28  1.67508e+28  -1.7065e+28  1.71702e+28  -1.7065e+28  1.67508e+28  -1.62316e+28  1.55144e+28  -1.46084e+28  1.35252e+28  -1.22789e+28  1.08849e+28  -9.36074e+27  7.72499e+27  -5.99741e+27  4.19856e+27  -2.3496e+27  4.72007e+26  1.41254e+27  
-1.4836e+27  -4.95713e+26  2.46794e+27  -4.41005e+27  6.29924e+27  -8.11312e+27  9.83002e+27  -1.14292e+28  1.28911e+28  -1.41976e+28  1.53325e+28  -1.62815e+28  1.70325e+28  -1.75759e+28  1.79048e+28  -1.80149e+28  1.79048e+28  -1.75759e+28  1.70325e+28  -1.62815e+28  1.53325e+28  -1.41976e+28  1.2891e+28  -1.14292e+28  9.83e+27  -8.1131e+27  6.29922e+27  -4.41004e+27  2.46793e+27  -4.95711e+26  -1.48359e+27  
1.53749e+27  5.1368e+26  -2.55776e+27  4.57058e+27  -6.52825e+27  8.4074e+27  -1.01855e+28  1.18409e+28  -1.33536e+28  1.4705e+28  -1.58782e+28  1.68589e+28  -1.76347e+28  1.81959e+28  -1.85355e+28  1.86492e+28  -1.85355e+28  1.81959e+28  -1.76347e+28  1.68589e+28  -1.58782e+28  1.47049e+28  -1.33536e+28  1.18409e+28  -1.01854e+28  8.40738e+27  -6.52823e+27  4.57056e+27  -2.55775e+27  5.13678e+26  1.53749e+27  
-1.57384e+27  -5.2578e+26  2.6184e+27  -4.67897e+27  6.68278e+27  -8.60572e+27  1.04246e+28  -1.21173e+28  1.36634e+28  -1.50439e+28  1.62419e+28  -1.72429e+28  1.80344e+28  -1.86069e+28  1.89532e+28  -1.90691e+28  1.89532e+28  -1.86069e+28  1.80344e+28  -1.72428e+28  1.62419e+28  -1.50438e+28  1.36633e+28  -1.21173e+28  1.04246e+28  -8.6057e+27  6.68276e+27  -4.67896e+27  2.61839e+27  -5.25778e+26  -1.57383e+27  
1.59247e+27  5.31958e+26  -2.64957e+27  4.73472e+27  -6.76211e+27  8.70718e+27  -1.05463e+28  1.22572e+28  -1.38191e+28  1.52131e+28  -1.64224e+28  1.74322e+28  -1.82305e+28  1.88077e+28  -1.91568e+28  1.92736e+28  -1.91567e+28  1.88077e+28  -1.82305e+28  1.74322e+28  -1.64223e+28  1.52131e+28  -1.38191e+28  1.22572e+28  -1.05463e+28  8.70715e+27  -6.76209e+27  4.7347e+27  -2.64957e+27  5.31956e+26  1.59246e+27  
-1.59342e+27  -5.3223e+26  2.65134e+27  -4.73792e+27  6.76641e+27  -8.71202e+27  1.0551e+28  -1.22611e+28  1.38215e+28  -1.52136e+28  1.64205e+28  -1.74281e+28  1.82242e+28  -1.87997e+28  1.91477e+28  -1.92641e+28  1.91477e+28  -1.87997e+28  1.82242e+28  -1.7428e+28  1.64205e+28  -1.52135e+28  1.38215e+28  -1.22611e+28  1.0551e+28  -8.71199e+27  6.76639e+27  -4.73791e+27  2.65133e+27  -5.32228e+26  -1.59342e+27  
1.57694e+27  5.26679e+26  -2.62411e+27  4.6893e+27  -6.69671e+27  8.6216e+27  -1.04404e+28  1.2131e+28  -1.3673e+28  1.50479e+28  -1.62395e+28  1.72337e+28  -1.80192e+28  1.85867e+28  -1.89298e+28  1.90446e+28  -1.89298e+28  1.85867e+28  -1.80191e+28  1.72337e+28  -1.62394e+28  1.50478e+28  -1.36729e+28  1.21309e+28  -1.04404e+28  8.62157e+27  -6.69669e+27  4.68929e+27  -2.6241e+27  5.26678e+26  1.57694e+27  
-1.54346e+27  -5.15454e+26  2.56858e+27  -4.59012e+27  6.55483e+27  -8.4383e+27  1.02174e+28  -1.18704e+28  1.33774e+28  -1.47206e+28  1.58841e+28  -1.68546e+28  1.7621e+28  -1.81745e+28  1.85091e+28  -1.86211e+28  1.85091e+28  -1.81745e+28  1.76209e+28  -1.68546e+28  1.58841e+28  -1.47205e+28  1.33774e+28  -1.18703e+28  1.02173e+28  -8.43828e+27  6.5548e+27  -4.59011e+27  2.56857e+27  -5.15452e+26  -1.54346e+27  
1.4936e+27  4.98757e+26  -2.48576e+27  4.44217e+27  -6.34333e+27  8.16545e+27  -9.88602e+27  1.1484e+28  -1.29404e+28  1.42377e+28  -1.53611e+28  1.62978e+28  -1.70371e+28  1.75711e+28  -1.78938e+28  1.80017e+28  -1.78937e+28  1.75711e+28  -1.70371e+28  1.62978e+28  -1.53611e+28  1.42377e+28  -1.29403e+28  1.1484e+28  -9.88599e+27  8.16543e+27  -6.34331e+27  4.44216e+27  -2.48575e+27  4.98756e+26  1.49359e+27  
-1.4281e+27  -4.76846e+26  2.37691e+27  -4.24771e+27  6.06544e+27  -7.80721e+27  9.45141e+27  -1.09779e+28  1.23685e+28  -1.36069e+28  1.46787e+28  -1.5572e+28  1.62769e+28  -1.67859e+28  1.70934e+28  -1.71962e+28  1.70934e+28  -1.67859e+28  1.62769e+28  -1.5572e+28  1.46787e+28  -1.36068e+28  1.23685e+28  -1.09779e+28  9.45138e+27  -7.80719e+27  6.06542e+27  -4.24769e+27  2.3769e+27  -4.76844e+26  -1.42809e+27  
1.34787e+27  4.50022e+26  -2.24352e+27  4.00938e+27  -5.72496e+27  7.3685e+27  -8.91952e+27  1.03591e+28  -1.16699e+28  1.28368e+28  -1.38464e+28  1.46875e+28  -1.5351e+28  1.583e+28  -1.61193e+28  1.62161e+28  -1.61193e+28  1.58299e+28  -1.5351e+28  1.46875e+28  -1.38463e+28  1.28368e+28  -1.16699e+28  1.0359e+28  -8.9195e+27  7.36847e+27  -5.72494e+27  4.00937e+27  -2.24351e+27  4.5002e+26  1.34786e+27  
-1.25393e+27  -4.18627e+26  2.08728e+27  -3.73023e+27  5.32621e+27  -6.85489e+27  8.29713e+27  -9.63529e+27  1.08534e+28  -1.19373e+28  1.28748e+28  -1.36556e+28  1.42713e+28  -1.47157e+28  1.49841e+28  -1.50738e+28  1.49841e+28  -1.47157e+28  1.42713e+28  -1.36555e+28  1.28748e+28  -1.19373e+28  1.08534e+28  -9.63527e+27  8.29711e+27  -6.85487e+27  5.3262e+27  -3.73022e+27  2.08728e+27  -4.18626e+26  -1.25393e+27  
1.14741e+27  3.83038e+26  -1.91008e+27  3.41358e+27  -4.87397e+27  6.27253e+27  -7.59169e+27  8.81529e+27  -9.92876e+27  1.09192e+28  -1.17756e+28  1.24886e+28  -1.30508e+28  1.34564e+28  -1.37014e+28  1.37833e+28  -1.37014e+28  1.34564e+28  -1.30508e+28  1.24886e+28  -1.17756e+28  1.09192e+28  -9.92874e+27  8.81527e+27  -7.59167e+27  6.27251e+27  -4.87396e+27  3.41357e+27  -1.91007e+27  3.83037e+26  1.14741e+27  
-1.02952e+27  -3.43661e+26  1.71391e+27  -3.06304e+27  4.37338e+27  -5.62803e+27  6.81121e+27  -7.90839e+27  8.90653e+27  -9.79414e+27  1.05614e+28  -1.12e+28  1.17034e+28  -1.20665e+28  1.22858e+28  -1.23591e+28  1.22857e+28  -1.20665e+28  1.17034e+28  -1.12e+28  1.05613e+28  -9.79412e+27  8.90651e+27  -7.90837e+27  6.81119e+27  -5.62801e+27  4.37336e+27  -3.06303e+27  1.71391e+27  -3.4366e+26  -1.02951e+27  
9.01542e+26  3.00924e+26  -1.50093e+27  2.68244e+27  -3.82989e+27  4.92842e+27  -5.96418e+27  6.92444e+27  -7.79779e+27  8.57423e+27  -9.24519e+27  9.80354e+27  -1.02436e+28  1.05609e+28  -1.07525e+28  1.08166e+28  -1.07525e+28  1.05609e+28  -1.02436e+28  9.80353e+27  -9.24518e+27  8.57422e+27  -7.79778e+27  6.92442e+27  -5.96416e+27  4.92841e+27  -3.82987e+27  2.68243e+27  -1.50092e+27  3.00923e+26  9.01538e+26  
-7.64826e+26  -2.55278e+26  1.27337e+27  -2.27577e+27  3.24921e+27  -4.18105e+27  5.05949e+27  -5.87374e+27  6.61414e+27  -7.27224e+27  7.8408e+27  -8.31384e+27  8.68656e+27  -8.95534e+27  9.1176e+27  -9.17186e+27  9.1176e+27  -8.95533e+27  8.68655e+27  -8.31382e+27  7.84078e+27  -7.27222e+27  6.61413e+27  -5.87373e+27  5.05948e+27  -4.18104e+27  3.2492e+27  -2.27576e+27  1.27336e+27  -2.55277e+26  -7.64823e+26  
6.20763e+26  2.07185e+26  -1.03355e+27  1.84718e+27  -2.63727e+27  3.39351e+27  -4.10633e+27  4.76695e+27  -5.36755e+27  5.90128e+27  -6.36231e+27  6.74582e+27  -7.04796e+27  7.2658e+27  -7.39731e+27  7.44128e+27  -7.39731e+27  7.2658e+27  -7.04795e+27  6.74581e+27  -6.3623e+27  5.90126e+27  -5.36754e+27  4.76694e+27  -4.10632e+27  3.3935e+27  -2.63726e+27  1.84718e+27  -1.03355e+27  2.07184e+26  6.20761e+26  
-4.70783e+26  -1.57123e+26  7.83859e+26  -1.40094e+27  2.00014e+27  -2.57363e+27  3.11413e+27  -3.61499e+27  4.07027e+27  -4.47481e+27  4.8242e+27  -5.1148e+27  5.34371e+27  -5.50874e+27  5.60837e+27  -5.64167e+27  5.60836e+27  -5.50874e+27  5.34371e+27  -5.11479e+27  4.82419e+27  -4.4748e+27  4.07026e+27  -3.61498e+27  3.11412e+27  -2.57362e+27  2.00013e+27  -1.40093e+27  7.83856e+26  -1.57122e+26  -4.70782e+26  
3.16343e+26  1.05576e+26  -5.26724e+26  9.41384e+26  -1.34402e+27  1.72935e+27  -2.0925e+27  2.42898e+27  -2.73481e+27  3.00652e+27  -3.24117e+27  3.43632e+27  -3.59003e+27  3.70083e+27  -3.76772e+27  3.79008e+27  -3.76772e+27  3.70083e+27  -3.59002e+27  3.43631e+27  -3.24116e+27  3.00652e+27  -2.7348e+27  2.42897e+27  -2.09249e+27  1.72935e+27  -1.34401e+27  9.41381e+26  -5.26722e+26  1.05576e+26  3.16342e+26  
-1.58919e+26  -5.30368e+25  2.6461e+26  -4.72923e+26  6.75191e+26  -8.68765e+26  1.05118e+27  -1.22019e+27  1.3738e+27  -1.51027e+27  1.62811e+27  -1.7261e+27  1.80329e+27  -1.85893e+27  1.89251e+27  -1.90374e+27  1.89251e+27  -1.85893e+27  1.80329e+27  -1.7261e+27  1.6281e+27  -1.51026e+27  1.3738e+27  -1.22019e+27  1.05118e+27  -8.68762e+26  6.75189e+26  -4.72922e+26  2.64609e+26  -5.30367e+25  -1.58918e+26  
0  0  0  0  0  0  0  0  0  0  0  0  0  0  0  0  0  0  0  0  0  0  0  0  0  0  0  0  0  0  0  
