1  1  1  1  1  1  1  1  1  1  1  1  1  1  1  1  1  1  1  1  1  1  1  1  1  1  1  1  1  1  1  
-3.88834e+34  -1.29983e+34  6.46573e+34  -1.15537e+35  1.65079e+35  -2.12725e+35  2.57922e+35  -3.00127e+35  3.38817e+35  -3.73496e+35  4.03702e+35  -4.29024e+35  4.49108e+35  -4.63666e+35  4.72488e+35  -4.75443e+35  4.72488e+35  -4.63666e+35  4.49108e+35  -4.29024e+35  4.03702e+35  -3.73495e+35  3.38817e+35  -3.00127e+35  2.57921e+35  -2.12725e+35  1.65079e+35  -1.15537e+35  6.46573e+34  -1.29982e+34  -3.88834e+34  
7.72824e+34  2.58342e+34  -1.2851e+35  2.29637e+35  -3.28102e+35  4.22793e+35  -5.12612e+35  5.9648e+35  -6.73357e+35  7.42256e+35  -8.02265e+35  8.52568e+35  -8.92462e+35  9.21379e+35  -9.389e+35  9.44769e+35  -9.389e+35  9.21379e+35  -8.92462e+35  8.52568e+35  -8.02265e+35  7.42256e+35  -6.73356e+35  5.9648e+35  -5.12612e+35  4.22793e+35  -3.28101e+35  2.29637e+35  -1.2851e+35  2.58342e+34  7.72824e+34  
-1.1472e+35  -3.83483e+34  1.90768e+35  -3.40886e+35  4.87046e+35  -6.27593e+35  7.60894e+35  -8.85349e+35  9.99413e+35  -1.10163e+36  1.19064e+36  -1.26525e+36  1.32441e+36  -1.36729e+36  1.39327e+36  -1.40197e+36  1.39327e+36  -1.36729e+36  1.32441e+36  -1.26525e+36  1.19064e+36  -1.10163e+36  9.99413e+35  -8.85349e+35  7.60894e+35  -6.27593e+35  4.87045e+35  -3.40886e+35  1.90768e+35  -3.83483e+34  -1.1472e+35  
1.50737e+35  5.03862e+34  -2.50665e+35  4.47918e+35  -6.39955e+35  8.246e+35  -9.99699e+35  1.16315e+36  -1.31293e+36  1.44712e+36  -1.56396e+36  1.66188e+36  -1.73951e+36  1.79577e+36  -1.82986e+36  1.84127e+36  -1.82986e+36  1.79577e+36  -1.73951e+36  1.66188e+36  -1.56396e+36  1.44712e+36  -1.31293e+36  1.16315e+36  -9.99699e+35  8.246e+35  -6.39955e+35  4.47918e+35  -2.50665e+35  5.03861e+34  1.50737e+35  
-1.84894e+35  -6.18013e+34  3.07475e+35  -5.49432e+35  7.84973e+35  -1.01142e+36  1.22611e+36  -1.42648e+36  1.61005e+36  -1.77448e+36  1.91761e+36  -2.03754e+36  2.1326e+36  -2.20149e+36  2.24322e+36  -2.25719e+36  2.24322e+36  -2.20149e+36  2.1326e+36  -2.03754e+36  1.91761e+36  -1.77448e+36  1.61005e+36  -1.42648e+36  1.22611e+36  -1.01142e+36  7.84973e+35  -5.49432e+35  3.07475e+35  -6.18013e+34  -1.84893e+35  
2.16783e+35  7.24571e+34  -3.6052e+35  6.44219e+35  -9.20369e+35  1.18581e+36  -1.43742e+36  1.67219e+36  -1.88721e+36  2.07976e+36  -2.24732e+36  2.38768e+36  -2.49892e+36  2.57951e+36  -2.62833e+36  2.64468e+36  -2.62833e+36  2.57951e+36  -2.49892e+36  2.38768e+36  -2.24732e+36  2.07976e+36  -1.88721e+36  1.67219e+36  -1.43742e+36  1.18581e+36  -9.20368e+35  6.44219e+35  -3.6052e+35  7.24571e+34  2.16783e+35  
-2.46033e+35  -8.22292e+34  4.09182e+35  -7.31174e+35  1.04456e+36  -1.34574e+36  1.63116e+36  -1.89739e+36  2.14116e+36  -2.35937e+36  2.54921e+36  -2.70818e+36  2.83415e+36  -2.92539e+36  2.98064e+36  -2.99915e+36  2.98064e+36  -2.92539e+36  2.83415e+36  -2.70818e+36  2.54921e+36  -2.35937e+36  2.14116e+36  -1.89739e+36  1.63116e+36  -1.34574e+36  1.04456e+36  -7.31173e+35  4.09182e+35  -8.22291e+34  -2.46033e+35  
2.72312e+35  9.10066e+34  -4.52908e+35  8.0931e+35  -1.15615e+36  1.4894e+36  -1.80513e+36  2.09954e+36  -2.36901e+36  2.61015e+36  -2.81986e+36  2.99541e+36  -3.13448e+36  3.23518e+36  -3.29616e+36  3.31658e+36  -3.29616e+36  3.23518e+36  -3.13448e+36  2.99541e+36  -2.81986e+36  2.61014e+36  -2.36901e+36  2.09954e+36  -1.80513e+36  1.4894e+36  -1.15615e+36  8.0931e+35  -4.52908e+35  9.10066e+34  2.72311e+35  
-2.95333e+35  -9.86938e+34  4.91223e+35  -8.77778e+35  1.25391e+36  -1.61522e+36  1.95744e+36  -2.27644e+36  2.5683e+36  -2.82937e+36  3.05633e+36  -3.24626e+36  3.39666e+36  -3.50556e+36  3.57148e+36  -3.59356e+36  3.57148e+36  -3.50556e+36  3.39666e+36  -3.24626e+36  3.05633e+36  -2.82937e+36  2.5683e+36  -2.27644e+36  1.95744e+36  -1.61522e+36  1.25391e+36  -8.77777e+35  4.91223e+35  -9.86937e+34  -2.95333e+35  
3.14857e+35  1.05211e+35  -5.23728e+35  9.35865e+35  -1.33683e+36  1.72191e+36  -2.08652e+36  2.42627e+36  -2.73698e+36  3.0148e+36  -3.25623e+36  3.45818e+36  -3.61806e+36  3.73377e+36  -3.80382e+36  3.82727e+36  -3.80382e+36  3.73377e+36  -3.61806e+36  3.45818e+36  -3.25623e+36  3.0148e+36  -2.73698e+36  2.42627e+36  -2.08652e+36  1.72191e+36  -1.33683e+36  9.35865e+35  -5.23728e+35  1.05211e+35  3.14857e+35  
-3.30697e+35  -1.10495e+35  5.50109e+35  -9.8301e+35  1.40411e+36  -1.80843e+36  2.19114e+36  -2.5476e+36  2.87346e+36  -3.16469e+36  3.41767e+36  -3.6292e+36  3.7966e+36  -3.91773e+36  3.99104e+36  -4.01558e+36  3.99104e+36  -3.91773e+36  3.7966e+36  -3.6292e+36  3.41767e+36  -3.16469e+36  2.87346e+36  -2.54759e+36  2.19114e+36  -1.80843e+36  1.40411e+36  -9.8301e+35  5.50109e+35  -1.10495e+35  -3.30697e+35  
3.42713e+35  1.14501e+35  -5.70134e+35  1.0188e+36  -1.45517e+36  1.87404e+36  -2.27038e+36  2.6394e+36  -2.97658e+36  3.2778e+36  -3.53933e+36  3.75793e+36  -3.93086e+36  4.05596e+36  -4.13165e+36  4.15699e+36  -4.13165e+36  4.05596e+36  -3.93086e+36  3.75793e+36  -3.53933e+36  3.2778e+36  -2.97658e+36  2.63939e+36  -2.27038e+36  1.87404e+36  -1.45517e+36  1.0188e+36  -5.70134e+35  1.14501e+35  3.42713e+35  
-3.50818e+35  -1.17199e+35  5.83656e+35  -1.04297e+36  1.48963e+36  -1.91827e+36  2.3237e+36  -2.70102e+36  3.04565e+36  -3.35337e+36  3.62043e+36  -3.84355e+36  4.01999e+36  -4.1476e+36  4.22479e+36  -4.25063e+36  4.22479e+36  -4.1476e+36  4.01999e+36  -3.84355e+36  3.62043e+36  -3.35337e+36  3.04565e+36  -2.70102e+36  2.3237e+36  -1.91826e+36  1.48963e+36  -1.04297e+36  5.83656e+35  -1.17199e+35  -3.50817e+35  
3.54973e+35  1.18577e+35  -5.9061e+35  1.0554e+36  -1.50733e+36  1.9409e+36  -2.35085e+36  2.73223e+36  -3.08039e+36  3.39113e+36  -3.66068e+36  3.88578e+36  -4.06373e+36  4.19239e+36  -4.2702e+36  4.29624e+36  -4.2702e+36  4.19239e+36  -4.06373e+36  3.88578e+36  -3.66068e+36  3.39113e+36  -3.08039e+36  2.73223e+36  -2.35085e+36  1.94089e+36  -1.50733e+36  1.0554e+36  -5.90609e+35  1.18577e+35  3.54973e+35  
-3.55188e+35  -1.18639e+35  5.91009e+35  -1.05613e+36  1.5083e+36  -1.94199e+36  2.35192e+36  -2.73311e+36  3.08095e+36  -3.39125e+36  3.6603e+36  -3.88489e+36  4.06237e+36  -4.19064e+36  4.26821e+36  -4.29417e+36  4.26821e+36  -4.19064e+36  4.06237e+36  -3.88489e+36  3.6603e+36  -3.39125e+36  3.08095e+36  -2.73311e+36  2.35192e+36  -1.94199e+36  1.5083e+36  -1.05613e+36  5.91008e+35  -1.18639e+35  -3.55188e+35  
3.51518e+35  1.17403e+35  -5.84942e+35  1.0453e+36  -1.49277e+36  1.92185e+36  -2.32728e+36  2.70413e+36  -3.04786e+36  3.35435e+36  -3.61997e+36  3.84161e+36  -4.01669e+36  4.14319e+36  -4.21968e+36  4.24527e+36  -4.21968e+36  4.14319e+36  -4.01669e+36  3.84161e+36  -3.61997e+36  3.35435e+36  -3.04786e+36  2.70413e+36  -2.32728e+36  1.92185e+36  -1.49277e+36  1.0453e+36  -5.84942e+35  1.17403e+35  3.51517e+35  
-3.44058e+35  -1.14901e+35  5.72569e+35  -1.0232e+36  1.46116e+36  -1.88101e+36  2.27759e+36  -2.64606e+36  2.982e+36  -3.28141e+36  3.54079e+36  -3.75712e+36  3.92795e+36  -4.05135e+36  4.12595e+36  -4.1509e+36  4.12594e+36  -4.05135e+36  3.92795e+36  -3.75712e+36  3.54079e+36  -3.28141e+36  2.982e+36  -2.64606e+36  2.27759e+36  -1.88101e+36  1.46115e+36  -1.0232e+36  5.72569e+35  -1.14901e+35  -3.44058e+35  
3.32944e+35  1.1118e+35  -5.54112e+35  9.90226e+35  -1.41402e+36  1.8202e+36  -2.20374e+36  2.55997e+36  -2.8846e+36  3.17381e+36  -3.42423e+36  3.63303e+36  -3.79784e+36  3.91687e+36  -3.9888e+36  4.01286e+36  -3.9888e+36  3.91687e+36  -3.79784e+36  3.63303e+36  -3.42423e+36  3.17381e+36  -2.8846e+36  2.55997e+36  -2.20374e+36  1.8202e+36  -1.41402e+36  9.90225e+35  -5.54111e+35  1.1118e+35  3.32944e+35  
-3.18346e+35  -1.06297e+35  5.29851e+35  -9.46883e+35  1.35209e+36  -1.74036e+36  2.10687e+36  -2.44717e+36  2.75716e+36  -3.0332e+36  3.27214e+36  -3.47127e+36  3.62841e+36  -3.74186e+36  3.81041e+36  -3.83334e+36  3.81041e+36  -3.74186e+36  3.62841e+36  -3.47127e+36  3.27213e+36  -3.0332e+36  2.75716e+36  -2.44717e+36  2.10687e+36  -1.74035e+36  1.35208e+36  -9.46883e+35  5.29851e+35  -1.06297e+35  -3.18346e+35  
3.00464e+35  1.00318e+35  -5.0012e+35  8.93764e+35  -1.2762e+36  1.64257e+36  -1.98832e+36  2.30923e+36  -2.60144e+36  2.86156e+36  -3.08661e+36  3.27412e+36  -3.42203e+36  3.5288e+36  -3.5933e+36  3.61487e+36  -3.5933e+36  3.5288e+36  -3.42203e+36  3.27412e+36  -3.08661e+36  2.86155e+36  -2.60144e+36  2.30922e+36  -1.98832e+36  1.64257e+36  -1.2762e+36  8.93763e+35  -5.0012e+35  1.00318e+35  3.00464e+35  
-2.79526e+35  -9.33201e+34  4.65296e+35  -8.31541e+35  1.18732e+36  -1.52809e+36  1.84959e+36  -2.1479e+36  2.41944e+36  -2.66106e+36  2.87005e+36  -3.0441e+36  3.18137e+36  -3.28042e+36  3.34026e+36  -3.36027e+36  3.34026e+36  -3.28042e+36  3.18137e+36  -3.0441e+36  2.87005e+36  -2.66106e+36  2.41944e+36  -2.1479e+36  1.84959e+36  -1.52809e+36  1.18732e+36  -8.31541e+35  4.65296e+35  -9.33201e+34  -2.79525e+35  
2.55782e+35  8.53872e+34  -4.25796e+35  7.60959e+35  -1.08651e+36  1.39828e+36  -1.69235e+36  1.96512e+36  -2.21333e+36  2.43413e+36  -2.62504e+36  2.78399e+36  -2.90931e+36  2.99973e+36  -3.05433e+36  3.0726e+36  -3.05433e+36  2.99973e+36  -2.90931e+36  2.78399e+36  -2.62504e+36  2.43413e+36  -2.21333e+36  1.96512e+36  -1.69235e+36  1.39828e+36  -1.08651e+36  7.60959e+35  -4.25796e+35  8.53872e+34  2.55782e+35  
-2.29502e+35  -7.66096e+34  3.82069e+35  -6.82821e+35  9.74923e+35  -1.25461e+36  1.51837e+36  -1.76296e+36  1.98547e+36  -2.18334e+36  2.35437e+36  -2.49673e+36  2.60895e+36  -2.6899e+36  2.73878e+36  -2.75512e+36  2.73878e+36  -2.6899e+36  2.60895e+36  -2.49673e+36  2.35437e+36  -2.18334e+36  1.98547e+36  -1.76296e+36  1.51837e+36  -1.25461e+36  9.74923e+35  -6.82821e+35  3.82069e+35  -7.66096e+34  -2.29502e+35  
2.00975e+35  6.70831e+34  -3.34592e+35  5.97979e+35  -8.53771e+35  1.09866e+36  -1.32956e+36  1.54362e+36  -1.73831e+36  1.9114e+36  -2.06098e+36  2.18545e+36  -2.28354e+36  2.35429e+36  -2.397e+36  2.41128e+36  -2.397e+36  2.35428e+36  -2.28354e+36  2.18545e+36  -2.06098e+36  1.9114e+36  -1.73831e+36  1.54362e+36  -1.32956e+36  1.09866e+36  -8.53771e+35  5.97978e+35  -3.34592e+35  6.7083e+34  2.00975e+35  
-1.70498e+35  -5.69076e+34  2.83865e+35  -5.07325e+35  7.24328e+35  -9.32059e+35  1.12789e+36  -1.3094e+36  1.47446e+36  -1.62116e+36  1.74791e+36  -1.85336e+36  1.93645e+36  -1.99637e+36  2.03254e+36  -2.04464e+36  2.03254e+36  -1.99637e+36  1.93645e+36  -1.85336e+36  1.74791e+36  -1.62116e+36  1.47446e+36  -1.3094e+36  1.12788e+36  -9.32058e+35  7.24328e+35  -5.07324e+35  2.83865e+35  -5.69076e+34  -1.70498e+35  
1.38384e+35  4.61868e+34  -2.30404e+35  4.11784e+35  -5.87914e+35  7.565e+35  -9.15405e+35  1.06268e+36  -1.19656e+36  1.31555e+36  -1.41832e+36  1.50382e+36  -1.57117e+36  1.61974e+36  -1.64905e+36  1.65886e+36  -1.64905e+36  1.61974e+36  -1.57117e+36  1.50382e+36  -1.41832e+36  1.31555e+36  -1.19656e+36  1.06267e+36  -9.15405e+35  7.565e+35  -5.87913e+35  4.11784e+35  -2.30404e+35  4.61867e+34  1.38384e+35  
-1.0495e+35  -3.50267e+34  1.74742e+35  -3.12306e+35  4.45882e+35  -5.73729e+35  6.9422e+35  -8.05875e+35  9.07371e+35  -9.97554e+35  1.07544e+36  -1.14022e+36  1.19126e+36  -1.22805e+36  1.25025e+36  -1.25768e+36  1.25025e+36  -1.22805e+36  1.19126e+36  -1.14022e+36  1.07544e+36  -9.97553e+35  9.07371e+35  -8.05875e+35  6.9422e+35  -5.73729e+35  4.45882e+35  -3.12306e+35  1.74742e+35  -3.50267e+34  -1.0495e+35  
7.05212e+34  2.35357e+34  -1.17421e+35  2.0986e+35  -2.99617e+35  3.85519e+35  -4.66473e+35  5.41484e+35  -6.09662e+35  6.70235e+35  -7.22544e+35  7.66048e+35  -8.00314e+35  8.25017e+35  -8.39927e+35  8.44912e+35  -8.39927e+35  8.25016e+35  -8.00314e+35  7.66048e+35  -7.22544e+35  6.70235e+35  -6.09662e+35  5.41484e+35  -4.66473e+35  3.85519e+35  -2.99617e+35  2.09859e+35  -1.17421e+35  2.35357e+34  7.05212e+34  
-3.54273e+34  -1.18233e+34  5.89886e+34  -1.05427e+35  1.50518e+35  -1.93671e+35  2.34336e+35  -2.72014e+35  3.06258e+35  -3.3668e+35  3.62949e+35  -3.84796e+35  4.02003e+35  -4.14406e+35  4.21893e+35  -4.24396e+35  4.21893e+35  -4.14406e+35  4.02003e+35  -3.84796e+35  3.62949e+35  -3.36679e+35  3.06258e+35  -2.72014e+35  2.34336e+35  -1.93671e+35  1.50518e+35  -1.05427e+35  5.89885e+34  -1.18233e+34  -3.54273e+34  
0  0  0  0  0  0  0  0  0  0  0  0  0  0  0  0  0  0  0  0  0  0  0  0  0  0  0  0  0  0  0  
