1  1  1  1  1  1  1  1  1  1  1  1  1  1  1  1  1  1  1  1  1  1  1  1  1  1  1  1  1  1  1  
6.1269e+35  2.04815e+35  -1.01881e+36  1.82053e+36  -2.60116e+36  3.35192e+36  -4.06409e+36  4.72913e+36  -5.33878e+36  5.88521e+36  -6.36117e+36  6.76018e+36  -7.07664e+36  7.30604e+36  -7.44503e+36  7.4916e+36  -7.44503e+36  7.30603e+36  -7.07664e+36  6.76018e+36  -6.36117e+36  5.8852e+36  -5.33878e+36  4.72913e+36  -4.06409e+36  3.35192e+36  -2.60116e+36  1.82053e+36  -1.01881e+36  2.04815e+35  6.1269e+35  
-1.21775e+36  -4.07072e+35  2.02495e+36  -3.61841e+36  5.16993e+36  -6.66199e+36  8.07728e+36  -9.39879e+36  1.06101e+37  -1.16958e+37  1.26414e+37  -1.3434e+37  1.40626e+37  -1.45183e+37  1.47943e+37  -1.48868e+37  1.47943e+37  -1.45183e+37  1.40626e+37  -1.3434e+37  1.26414e+37  -1.16958e+37  1.06101e+37  -9.39879e+36  8.07728e+36  -6.66199e+36  5.16993e+36  -3.61841e+36  2.02495e+36  -4.07072e+35  -1.21775e+36  
1.80766e+36  6.04258e+35  -3.00595e+36  5.37138e+36  -7.67443e+36  9.88905e+36  -1.19895e+37  1.39505e+37  -1.57479e+37  1.73585e+37  -1.87611e+37  1.99367e+37  -2.08689e+37  2.15446e+37  -2.19539e+37  2.20911e+37  -2.19539e+37  2.15446e+37  -2.08689e+37  1.99367e+37  -1.87611e+37  1.73585e+37  -1.57479e+37  1.39505e+37  -1.19895e+37  9.88905e+36  -7.67442e+36  5.37138e+36  -3.00595e+36  6.04258e+35  1.80766e+36  
-2.37517e+36  -7.9394e+35  3.94976e+36  -7.05788e+36  1.00838e+37  -1.29933e+37  1.57524e+37  -1.83279e+37  2.06879e+37  -2.28024e+37  2.46435e+37  -2.61863e+37  2.74096e+37  -2.82961e+37  2.88332e+37  -2.90131e+37  2.88332e+37  -2.82961e+37  2.74096e+37  -2.61863e+37  2.46435e+37  -2.28024e+37  2.06879e+37  -1.83279e+37  1.57524e+37  -1.29933e+37  1.00838e+37  -7.05788e+36  3.94976e+36  -7.9394e+35  -2.37517e+36  
2.91339e+36  9.73809e+35  -4.84492e+36  8.65746e+36  -1.23689e+37  1.5937e+37  -1.932e+37  2.24773e+37  -2.53698e+37  2.79607e+37  -3.0216e+37  3.21057e+37  -3.36037e+37  3.46891e+37  -3.53466e+37  3.55668e+37  -3.53466e+37  3.46891e+37  -3.36037e+37  3.21057e+37  -3.0216e+37  2.79606e+37  -2.53698e+37  2.24773e+37  -1.932e+37  1.5937e+37  -1.23689e+37  8.65746e+36  -4.84492e+36  9.73809e+35  2.91339e+36  
-3.41587e+36  -1.14171e+36  5.68076e+36  -1.0151e+37  1.45023e+37  -1.86849e+37  2.26496e+37  -2.63489e+37  2.9737e+37  -3.27709e+37  3.54113e+37  -3.76229e+37  3.93758e+37  -4.06457e+37  4.14148e+37  -4.16724e+37  4.14148e+37  -4.06457e+37  3.93758e+37  -3.76229e+37  3.54113e+37  -3.27709e+37  2.9737e+37  -2.63489e+37  2.26496e+37  -1.86849e+37  1.45023e+37  -1.0151e+37  5.68076e+36  -1.14171e+36  -3.41587e+36  
3.87677e+36  1.29569e+36  -6.44752e+36  1.15212e+37  -1.64593e+37  2.12049e+37  -2.57024e+37  2.98974e+37  -3.37384e+37  3.71768e+37  -4.01682e+37  4.26732e+37  -4.4658e+37  4.60956e+37  -4.69663e+37  4.72579e+37  -4.69663e+37  4.60956e+37  -4.4658e+37  4.26732e+37  -4.01682e+37  3.71768e+37  -3.37384e+37  2.98974e+37  -2.57024e+37  2.12049e+37  -1.64593e+37  1.15212e+37  -6.44752e+36  1.29569e+36  3.87676e+36  
-4.29084e+36  -1.434e+36  7.13652e+36  -1.27524e+37  1.82175e+37  -2.34686e+37  2.84436e+37  -3.30827e+37  3.73287e+37  -4.11284e+37  4.44329e+37  -4.71991e+37  4.93903e+37  -5.09771e+37  5.1938e+37  -5.22598e+37  5.1938e+37  -5.09771e+37  4.93903e+37  -4.71991e+37  4.44328e+37  -4.11284e+37  3.73287e+37  -3.30827e+37  2.84436e+37  -2.34686e+37  1.82175e+37  -1.27524e+37  7.13652e+36  -1.434e+36  -4.29084e+36  
4.65359e+36  1.55513e+36  -7.74026e+36  1.38312e+37  -1.9758e+37  2.54512e+37  -3.08436e+37  3.58701e+37  -4.0469e+37  4.45827e+37  -4.8159e+37  5.11517e+37  -5.35217e+37  5.52375e+37  -5.62763e+37  5.66241e+37  -5.62763e+37  5.52375e+37  -5.35216e+37  5.11517e+37  -4.8159e+37  4.45827e+37  -4.0469e+37  3.58701e+37  -3.08436e+37  2.54512e+37  -1.9758e+37  1.38312e+37  -7.74025e+36  1.55513e+36  4.65359e+36  
-4.96125e+36  -1.65782e+36  8.25245e+36  -1.47465e+37  2.10646e+37  -2.71324e+37  3.28776e+37  -3.8231e+37  4.31269e+37  -4.75046e+37  5.13088e+37  -5.4491e+37  5.70102e+37  -5.88335e+37  5.99373e+37  -6.03068e+37  5.99373e+37  -5.88335e+37  5.70101e+37  -5.4491e+37  5.13087e+37  -4.75045e+37  4.31269e+37  -3.8231e+37  3.28776e+37  -2.71323e+37  2.10646e+37  -1.47465e+37  8.25245e+36  -1.65782e+36  -4.96124e+36  
5.21083e+36  1.74109e+36  -8.66814e+36  1.54894e+37  -2.21248e+37  2.84957e+37  -3.4526e+37  4.01428e+37  -4.52774e+37  4.98664e+37  -5.38526e+37  5.71858e+37  -5.98235e+37  6.17322e+37  -6.28874e+37  6.32741e+37  -6.28874e+37  6.17322e+37  -5.98235e+37  5.71858e+37  -5.38526e+37  4.98664e+37  -4.52774e+37  4.01428e+37  -3.4526e+37  2.84957e+37  -2.21248e+37  1.54894e+37  -8.66813e+36  1.74109e+36  5.21083e+36  
-5.40017e+36  -1.80421e+36  8.98368e+36  -1.60534e+37  2.29293e+37  -2.95296e+37  3.57747e+37  -4.15893e+37  4.69024e+37  -5.16487e+37  5.57697e+37  -5.92142e+37  6.19391e+37  -6.39103e+37  6.5103e+37  -6.55023e+37  6.5103e+37  -6.39103e+37  6.19391e+37  -5.92142e+37  5.57697e+37  -5.16487e+37  4.69024e+37  -4.15893e+37  3.57747e+37  -2.95296e+37  2.29293e+37  -1.60534e+37  8.98367e+36  -1.80421e+36  -5.40017e+36  
5.52788e+36  1.84672e+36  -9.19675e+36  1.64342e+37  -2.34723e+37  3.02264e+37  -3.66149e+37  4.25604e+37  -4.79907e+37  5.28395e+37  -5.70476e+37  6.05633e+37  -6.33436e+37  6.53542e+37  -6.65706e+37  6.69777e+37  -6.65706e+37  6.53542e+37  -6.33436e+37  6.05633e+37  -5.70476e+37  5.28395e+37  -4.79907e+37  4.25604e+37  -3.66149e+37  3.02264e+37  -2.34723e+37  1.64342e+37  -9.19674e+36  1.84672e+36  5.52788e+36  
-5.59336e+36  -1.86844e+36  9.30632e+36  -1.66301e+37  2.37511e+37  -3.0583e+37  3.70427e+37  -4.30521e+37  4.85382e+37  -5.34345e+37  5.76818e+37  -6.12289e+37  6.40328e+37  -6.60601e+37  6.72862e+37  -6.76966e+37  6.72862e+37  -6.60601e+37  6.40328e+37  -6.12288e+37  5.76818e+37  -5.34345e+37  4.85382e+37  -4.30521e+37  3.70427e+37  -3.0583e+37  2.37511e+37  -1.66301e+37  9.30632e+36  -1.86844e+36  -5.59336e+36  
5.59675e+36  1.86941e+36  -9.31261e+36  1.66415e+37  -2.37664e+37  3.06002e+37  -3.70596e+37  4.30661e+37  -4.8547e+37  5.34365e+37  -5.76759e+37  6.12148e+37  -6.40113e+37  6.60326e+37  -6.72549e+37  6.76639e+37  -6.72549e+37  6.60326e+37  -6.40113e+37  6.12148e+37  -5.76759e+37  5.34365e+37  -4.8547e+37  4.30661e+37  -3.70596e+37  3.06002e+37  -2.37664e+37  1.66415e+37  -9.31261e+36  1.86941e+36  5.59675e+36  
-5.53892e+36  -1.84993e+36  9.21702e+36  -1.64709e+37  2.35218e+37  -3.02829e+37  3.66713e+37  -4.26094e+37  4.80256e+37  -5.2855e+37  5.70404e+37  -6.05328e+37  6.32916e+37  -6.5285e+37  6.64901e+37  -6.68934e+37  6.64901e+37  -6.5285e+37  6.32916e+37  -6.05328e+37  5.70404e+37  -5.2855e+37  4.80256e+37  -4.26094e+37  3.66713e+37  -3.02829e+37  2.35218e+37  -1.64709e+37  9.21702e+36  -1.84993e+36  -5.53891e+36  
5.42137e+36  1.81052e+36  -9.02206e+36  1.61227e+37  -2.30237e+37  2.96393e+37  -3.58883e+37  4.16944e+37  -4.69879e+37  5.17058e+37  -5.57927e+37  5.92016e+37  -6.18934e+37  6.38378e+37  -6.50132e+37  6.54064e+37  -6.50132e+37  6.38378e+37  -6.18934e+37  5.92016e+37  -5.57927e+37  5.17057e+37  -4.69879e+37  4.16944e+37  -3.58883e+37  2.96393e+37  -2.30236e+37  1.61227e+37  -9.02205e+36  1.81052e+36  5.42137e+36  
-5.24626e+36  -1.75189e+36  8.73123e+36  -1.56031e+37  2.2281e+37  -2.86812e+37  3.47247e+37  -4.03378e+37  4.54531e+37  -5.00102e+37  5.39562e+37  -5.72462e+37  5.98432e+37  -6.17187e+37  6.28522e+37  -6.32313e+37  6.28521e+37  -6.17187e+37  5.98432e+37  -5.72462e+37  5.39562e+37  -5.00102e+37  4.54531e+37  -4.03378e+37  3.47247e+37  -2.86812e+37  2.2281e+37  -1.56031e+37  8.73122e+36  -1.75188e+36  -5.24625e+36  
5.01623e+36  1.67493e+36  -8.34895e+36  1.49202e+37  -2.1305e+37  2.74231e+37  -3.31984e+37  3.85604e+37  -4.3445e+37  4.77947e+37  -5.15596e+37  5.46974e+37  -5.71735e+37  5.89611e+37  -6.00413e+37  6.04026e+37  -6.00413e+37  5.89611e+37  -5.71735e+37  5.46974e+37  -5.15596e+37  4.77947e+37  -4.3445e+37  3.85604e+37  -3.31984e+37  2.74231e+37  -2.1305e+37  1.49202e+37  -8.34895e+36  1.67493e+36  5.01623e+36  
-4.73446e+36  -1.58073e+36  7.88048e+36  -1.40832e+37  2.01092e+37  -2.58823e+37  3.13304e+37  -3.63869e+37  4.09913e+37  -4.509e+37  4.86363e+37  -5.15908e+37  5.39216e+37  -5.56039e+37  5.66202e+37  -5.69601e+37  5.66202e+37  -5.56039e+37  5.39216e+37  -5.15908e+37  4.86363e+37  -4.509e+37  4.09913e+37  -3.63869e+37  3.13303e+37  -2.58823e+37  2.01092e+37  -1.40832e+37  7.88048e+36  -1.58073e+36  -4.73446e+36  
4.40453e+36  1.47046e+36  -7.33176e+36  1.31027e+37  -1.87088e+37  2.40784e+37  -2.91444e+37  3.38448e+37  -3.81235e+37  4.19309e+37  -4.52239e+37  4.79664e+37  -5.01294e+37  5.16902e+37  -5.2633e+37  5.29483e+37  -5.2633e+37  5.16902e+37  -5.01294e+37  4.79664e+37  -4.52238e+37  4.19308e+37  -3.81235e+37  3.38448e+37  -2.91444e+37  2.40784e+37  -1.87088e+37  1.31027e+37  -7.33175e+36  1.47046e+36  4.40453e+36  
-4.0304e+36  -1.34546e+36  6.70935e+36  -1.19906e+37  1.71203e+37  -2.20329e+37  2.66666e+37  -3.09647e+37  3.48759e+37  -3.83551e+37  4.13632e+37  -4.38678e+37  4.58426e+37  -4.72673e+37  4.81277e+37  -4.84155e+37  4.81277e+37  -4.72673e+37  4.58426e+37  -4.38678e+37  4.13632e+37  -3.8355e+37  3.48759e+37  -3.09647e+37  2.66666e+37  -2.20329e+37  1.71203e+37  -1.19906e+37  6.70934e+36  -1.34546e+36  -4.0304e+36  
3.61631e+36  1.20715e+36  -6.02033e+36  1.07593e+37  -1.5362e+37  1.97692e+37  -2.39253e+37  2.77793e+37  -3.12854e+37  3.44033e+37  -3.70983e+37  3.93415e+37  -4.11097e+37  4.23852e+37  -4.31554e+37  4.3413e+37  -4.31554e+37  4.23852e+37  -4.11097e+37  3.93415e+37  -3.70982e+37  3.44032e+37  -3.12854e+37  2.77793e+37  -2.39252e+37  1.97692e+37  -1.5362e+37  1.07593e+37  -6.02033e+36  1.20715e+36  3.61631e+36  
-3.1668e+36  -1.05704e+36  5.27223e+36  -9.42246e+36  1.3453e+37  -1.73118e+37  2.09501e+37  -2.43231e+37  2.73909e+37  -3.01183e+37  3.24752e+37  -3.44365e+37  3.59822e+37  -3.70969e+37  3.777e+37  -3.79951e+37  3.777e+37  -3.70969e+37  3.59822e+37  -3.44365e+37  3.24752e+37  -3.01183e+37  2.73909e+37  -2.43231e+37  2.09501e+37  -1.73118e+37  1.3453e+37  -9.42246e+36  5.27223e+36  -1.05704e+36  -3.1668e+36  
2.68657e+36  8.96704e+35  -4.47291e+36  7.99401e+36  -1.14134e+37  1.46866e+37  -1.77723e+37  2.06325e+37  -2.32333e+37  2.5545e+37  -2.75421e+37  2.92038e+37  -3.05131e+37  3.14572e+37  -3.20272e+37  3.22178e+37  -3.20272e+37  3.14572e+37  -3.05131e+37  2.92038e+37  -2.75421e+37  2.5545e+37  -2.32333e+37  2.06325e+37  -1.77723e+37  1.46866e+37  -1.14134e+37  7.99401e+36  -4.47291e+36  8.96704e+35  2.68657e+36  
-2.18054e+36  -7.27774e+35  3.63053e+36  -6.48856e+36  9.26387e+36  -1.19203e+37  1.44242e+37  -1.67448e+37  1.88545e+37  -2.07293e+37  2.23488e+37  -2.3696e+37  2.47573e+37  -2.55225e+37  2.59845e+37  -2.61389e+37  2.59845e+37  -2.55225e+37  2.47573e+37  -2.3696e+37  2.23488e+37  -2.07293e+37  1.88545e+37  -1.67448e+37  1.44242e+37  -1.19203e+37  9.26387e+36  -6.48855e+36  3.63052e+36  -7.27773e+35  -2.18054e+36  
1.65371e+36  5.51923e+35  -2.75345e+36  4.92106e+36  -7.02586e+36  9.04036e+36  -1.0939e+37  1.26983e+37  -1.42976e+37  1.57186e+37  -1.69459e+37  1.79667e+37  -1.87708e+37  1.93506e+37  -1.97005e+37  1.98175e+37  -1.97005e+37  1.93506e+37  -1.87708e+37  1.79667e+37  -1.69459e+37  1.57186e+37  -1.42976e+37  1.26983e+37  -1.0939e+37  9.04035e+36  -7.02585e+36  4.92106e+36  -2.75345e+36  5.51923e+35  1.65371e+36  
-1.11122e+36  -3.70857e+35  1.85022e+36  -3.3068e+36  4.72112e+36  -6.0747e+36  7.35031e+36  -8.53227e+36  9.60657e+36  -1.0561e+37  1.13853e+37  -1.20708e+37  1.26107e+37  -1.29999e+37  1.32349e+37  -1.33135e+37  1.32349e+37  -1.29999e+37  1.26107e+37  -1.20708e+37  1.13853e+37  -1.0561e+37  9.60657e+36  -8.53226e+36  7.35031e+36  -6.0747e+36  4.72112e+36  -3.3068e+36  1.85022e+36  -3.70857e+35  -1.11122e+36  
5.58235e+35  1.86303e+35  -9.29494e+35  1.66124e+36  -2.37174e+36  3.05171e+36  -3.69248e+36  4.28618e+36  -4.82576e+36  5.30513e+36  -5.71907e+36  6.06331e+36  -6.33444e+36  6.52988e+36  -6.64786e+36  6.6873e+36  -6.64786e+36  6.52988e+36  -6.33443e+36  6.0633e+36  -5.71907e+36  5.30513e+36  -4.82576e+36  4.28618e+36  -3.69248e+36  3.05171e+36  -2.37174e+36  1.66124e+36  -9.29494e+35  1.86302e+35  5.58235e+35  
0  0  0  0  0  0  0  0  0  0  0  0  0  0  0  0  0  0  0  0  0  0  0  0  0  0  0  0  0  0  0  
