1  1  1  1  1  1  1  1  1  1  1  1  1  1  1  1  1  1  1  1  1  1  1  1  1  1  1  1  1  1  1  
-2.81373e+52  -9.40595e+51  4.67881e+52  -8.36063e+52  1.19456e+53  -1.53934e+53  1.8664e+53  -2.17182e+53  2.45179e+53  -2.70273e+53  2.92132e+53  -3.10456e+53  3.24989e+53  -3.35524e+53  3.41907e+53  -3.44046e+53  3.41907e+53  -3.35524e+53  3.24989e+53  -3.10456e+53  2.92132e+53  -2.70273e+53  2.45179e+53  -2.17182e+53  1.8664e+53  -1.53934e+53  1.19456e+53  -8.36063e+52  4.67881e+52  -9.40595e+51  -2.81373e+52  
5.5924e+52  1.86945e+52  -9.29942e+52  1.66173e+53  -2.37425e+53  3.05947e+53  -3.70943e+53  4.31632e+53  -4.87263e+53  5.3712e+53  -5.80545e+53  6.16946e+53  -6.45815e+53  6.6674e+53  -6.79419e+53  6.83666e+53  -6.79419e+53  6.6674e+53  -6.45815e+53  6.16946e+53  -5.80545e+53  5.3712e+53  -4.87263e+53  4.31632e+53  -3.70943e+53  3.05947e+53  -2.37425e+53  1.66173e+53  -9.29942e+52  1.86945e+52  5.5924e+52  
-8.30154e+52  -2.77501e+52  1.38046e+53  -2.46676e+53  3.52442e+53  -4.54147e+53  5.50608e+53  -6.40667e+53  7.23208e+53  -7.97174e+53  8.61588e+53  -9.15576e+53  9.58388e+53  -9.89418e+53  1.00822e+54  -1.01452e+54  1.00822e+54  -9.89418e+53  9.58388e+53  -9.15576e+53  8.61588e+53  -7.97174e+53  7.23208e+53  -6.40667e+53  5.50608e+53  -4.54147e+53  3.52442e+53  -2.46676e+53  1.38046e+53  -2.77501e+52  -8.30154e+52  
1.09078e+53  3.64611e+52  -1.8139e+53  3.24128e+53  -4.63093e+53  5.96708e+53  -7.23415e+53  8.41694e+53  -9.50078e+53  1.04718e+54  -1.13173e+54  1.20259e+54  -1.25877e+54  1.29948e+54  -1.32414e+54  1.33241e+54  -1.32414e+54  1.29948e+54  -1.25877e+54  1.20259e+54  -1.13173e+54  1.04718e+54  -9.50078e+53  8.41694e+53  -7.23415e+53  5.96708e+53  -4.63093e+53  3.24128e+53  -1.8139e+53  3.64611e+52  1.09078e+53  
-1.33795e+53  -4.47215e+52  2.225e+53  -3.97588e+53  5.68033e+53  -7.31894e+53  8.87256e+53  -1.03225e+54  1.16509e+54  -1.28407e+54  1.38765e+54  -1.47443e+54  1.54322e+54  -1.59307e+54  1.62327e+54  -1.63338e+54  1.62327e+54  -1.59307e+54  1.54322e+54  -1.47443e+54  1.38765e+54  -1.28407e+54  1.16509e+54  -1.03225e+54  8.87256e+53  -7.31894e+53  5.68033e+53  -3.97588e+53  2.225e+53  -4.47215e+52  -1.33795e+53  
1.56872e+53  5.24324e+52  -2.60885e+53  4.66179e+53  -6.6601e+53  8.5809e+53  -1.04017e+54  1.21005e+54  -1.36565e+54  1.50498e+54  -1.62624e+54  1.72781e+54  -1.80831e+54  1.86662e+54  -1.90195e+54  1.91378e+54  -1.90195e+54  1.86662e+54  -1.80831e+54  1.72781e+54  -1.62624e+54  1.50498e+54  -1.36565e+54  1.21005e+54  -1.04017e+54  8.5809e+53  -6.6601e+53  4.66179e+53  -2.60885e+53  5.24324e+52  1.56872e+53  
-1.78038e+53  -5.95039e+52  2.96098e+53  -5.29102e+53  7.55881e+53  -9.73822e+53  1.18036e+54  -1.37302e+54  1.54941e+54  -1.70732e+54  1.8447e+54  -1.95974e+54  2.05089e+54  -2.11691e+54  2.1569e+54  -2.17029e+54  2.1569e+54  -2.11691e+54  2.05089e+54  -1.95974e+54  1.8447e+54  -1.70732e+54  1.54941e+54  -1.37302e+54  1.18036e+54  -9.73822e+53  7.55881e+53  -5.29102e+53  2.96098e+53  -5.95039e+52  -1.78038e+53  
1.97054e+53  6.58556e+52  -3.2774e+53  5.85645e+53  -8.36628e+53  1.07778e+54  -1.30626e+54  1.5193e+54  -1.7143e+54  1.88879e+54  -2.04055e+54  2.16759e+54  -2.26822e+54  2.34109e+54  -2.38522e+54  2.4e+54  -2.38522e+54  2.34109e+54  -2.26822e+54  2.16759e+54  -2.04055e+54  1.88879e+54  -1.7143e+54  1.5193e+54  -1.30626e+54  1.07778e+54  -8.36628e+53  5.85645e+53  -3.2774e+53  6.58556e+52  1.97054e+53  
-2.13713e+53  -7.14184e+52  3.55466e+53  -6.35191e+53  9.07372e+53  -1.16883e+54  1.41648e+54  -1.64731e+54  1.85851e+54  -2.04743e+54  2.21167e+54  -2.34911e+54  2.45795e+54  -2.53675e+54  2.58445e+54  -2.60043e+54  2.58445e+54  -2.53675e+54  2.45795e+54  -2.34911e+54  2.21167e+54  -2.04743e+54  1.85851e+54  -1.64731e+54  1.41648e+54  -1.16883e+54  9.07372e+53  -6.35191e+53  3.55466e+53  -7.14184e+52  -2.13713e+53  
2.27842e+53  7.61346e+52  -3.78989e+53  6.77227e+53  -9.67379e+53  1.24604e+54  -1.50988e+54  1.75574e+54  -1.98058e+54  2.18162e+54  -2.35633e+54  2.50247e+54  -2.61816e+54  2.7019e+54  -2.75259e+54  2.76956e+54  -2.75259e+54  2.7019e+54  -2.61816e+54  2.50247e+54  -2.35633e+54  2.18162e+54  -1.98058e+54  1.75574e+54  -1.50988e+54  1.24604e+54  -9.67379e+53  6.77227e+53  -3.78989e+53  7.61346e+52  2.27842e+53  
-2.39305e+53  -7.99587e+52  3.9808e+53  -7.11343e+53  1.01607e+54  -1.30865e+54  1.58559e+54  -1.84354e+54  2.07934e+54  -2.29009e+54  2.47315e+54  -2.62623e+54  2.74736e+54  -2.83502e+54  2.88807e+54  -2.90583e+54  2.88807e+54  -2.83502e+54  2.74736e+54  -2.62623e+54  2.47315e+54  -2.29009e+54  2.07934e+54  -1.84354e+54  1.58559e+54  -1.30865e+54  1.01607e+54  -7.11343e+53  3.9808e+53  -7.99587e+52  -2.39305e+53  
2.48e+53  8.28575e+52  -4.12571e+53  7.37242e+53  -1.05302e+54  1.35613e+54  -1.64294e+54  1.90997e+54  -2.15397e+54  2.37194e+54  -2.5612e+54  2.71938e+54  -2.84452e+54  2.93505e+54  -2.98983e+54  3.00816e+54  -2.98983e+54  2.93505e+54  -2.84452e+54  2.71938e+54  -2.5612e+54  2.37194e+54  -2.15397e+54  1.90997e+54  -1.64294e+54  1.35613e+54  -1.05302e+54  7.37242e+53  -4.12571e+53  8.28575e+52  2.48e+53  
-2.53865e+53  -8.481e+52  4.22356e+53  -7.54734e+53  1.07796e+54  -1.38813e+54  1.68152e+54  -1.95457e+54  2.20395e+54  -2.42663e+54  2.61989e+54  -2.78134e+54  2.90903e+54  -3.00137e+54  3.05723e+54  -3.07592e+54  3.05723e+54  -3.00137e+54  2.90903e+54  -2.78134e+54  2.61989e+54  -2.42663e+54  2.20395e+54  -1.95457e+54  1.68152e+54  -1.38813e+54  1.07796e+54  -7.54734e+53  4.22356e+53  -8.481e+52  -2.53865e+53  
2.56873e+53  8.58073e+52  -4.27389e+53  7.63733e+53  -1.09076e+54  1.40451e+54  -1.70117e+54  1.97715e+54  -2.2291e+54  2.45396e+54  -2.64902e+54  2.81191e+54  -2.94068e+54  3.03378e+54  -3.09009e+54  3.10894e+54  -3.09009e+54  3.03378e+54  -2.94068e+54  2.81191e+54  -2.64902e+54  2.45396e+54  -2.2291e+54  1.97715e+54  -1.70117e+54  1.40451e+54  -1.09076e+54  7.63733e+53  -4.27389e+53  8.58073e+52  2.56873e+53  
-2.57029e+53  -8.5852e+52  4.27678e+53  -7.64257e+53  1.09147e+54  -1.4053e+54  1.70195e+54  -1.97779e+54  2.22951e+54  -2.45405e+54  2.64875e+54  -2.81127e+54  2.9397e+54  -3.03253e+54  3.08866e+54  -3.10744e+54  3.08866e+54  -3.03253e+54  2.9397e+54  -2.81127e+54  2.64875e+54  -2.45405e+54  2.22951e+54  -1.97779e+54  1.70195e+54  -1.4053e+54  1.09147e+54  -7.64257e+53  4.27678e+53  -8.5852e+52  -2.57029e+53  
2.54373e+53  8.49575e+52  -4.23289e+53  7.56421e+53  -1.08023e+54  1.39073e+54  -1.68412e+54  1.95683e+54  -2.20556e+54  2.42735e+54  -2.61956e+54  2.77995e+54  -2.90665e+54  2.99819e+54  -3.05354e+54  3.07206e+54  -3.05354e+54  2.99819e+54  -2.90665e+54  2.77995e+54  -2.61956e+54  2.42735e+54  -2.20556e+54  1.95683e+54  -1.68412e+54  1.39073e+54  -1.08023e+54  7.56421e+53  -4.23289e+53  8.49575e+52  2.54373e+53  
-2.48975e+53  -8.31475e+52  4.14336e+53  -7.4043e+53  1.05736e+54  -1.36118e+54  1.64816e+54  -1.91481e+54  2.15791e+54  -2.37457e+54  2.56227e+54  -2.71882e+54  2.84244e+54  -2.93174e+54  2.98571e+54  -3.00377e+54  2.98571e+54  -2.93174e+54  2.84244e+54  -2.71882e+54  2.56227e+54  -2.37457e+54  2.15791e+54  -1.91481e+54  1.64816e+54  -1.36118e+54  1.05736e+54  -7.4043e+53  4.14336e+53  -8.31475e+52  -2.48975e+53  
2.40933e+53  8.0455e+52  -4.0098e+53  7.16571e+53  -1.02325e+54  1.31718e+54  -1.59472e+54  1.85251e+54  -2.08742e+54  2.29671e+54  -2.47793e+54  2.62902e+54  -2.74829e+54  2.83442e+54  -2.88647e+54  2.90389e+54  -2.88647e+54  2.83442e+54  -2.74829e+54  2.62902e+54  -2.47793e+54  2.29671e+54  -2.08742e+54  1.85251e+54  -1.59472e+54  1.31718e+54  -1.02325e+54  7.16571e+53  -4.0098e+53  8.0455e+52  2.40933e+53  
-2.3037e+53  -7.69211e+52  3.83424e+53  -6.85208e+53  9.7843e+53  -1.2594e+54  1.52463e+54  -1.77088e+54  1.9952e+54  -2.19496e+54  2.36787e+54  -2.51197e+54  2.62568e+54  -2.70778e+54  2.75739e+54  -2.77398e+54  2.75739e+54  -2.70778e+54  2.62568e+54  -2.51197e+54  2.36787e+54  -2.19496e+54  1.9952e+54  -1.77088e+54  1.52463e+54  -1.2594e+54  9.7843e+53  -6.85208e+53  3.83424e+53  -7.69211e+52  -2.3037e+53  
2.1743e+53  7.25947e+52  -3.6191e+53  6.46769e+53  -9.23514e+53  1.18864e+54  -1.43884e+54  1.67106e+54  -1.88252e+54  2.07075e+54  -2.23362e+54  2.3693e+54  -2.47634e+54  2.5536e+54  -2.60028e+54  2.61589e+54  -2.60028e+54  2.5536e+54  -2.47634e+54  2.3693e+54  -2.23362e+54  2.07075e+54  -1.88252e+54  1.67106e+54  -1.43884e+54  1.18864e+54  -9.23514e+53  6.46769e+53  -3.6191e+53  7.25947e+52  2.1743e+53  
-2.02278e+53  -6.75308e+52  3.3671e+53  -6.01742e+53  8.59198e+53  -1.1058e+54  1.33845e+54  -1.55432e+54  1.75082e+54  -1.92567e+54  2.0769e+54  -2.20286e+54  2.30219e+54  -2.37387e+54  2.41717e+54  -2.43165e+54  2.41717e+54  -2.37387e+54  2.30219e+54  -2.20286e+54  2.0769e+54  -1.92567e+54  1.75082e+54  -1.55432e+54  1.33845e+54  -1.1058e+54  8.59198e+53  -6.01742e+53  3.3671e+53  -6.75308e+52  -2.02278e+53  
1.85096e+53  6.17903e+52  -3.08126e+53  5.50666e+53  -7.86251e+53  1.01186e+54  -1.22466e+54  1.42205e+54  -1.60167e+54  1.76145e+54  -1.8996e+54  2.01463e+54  -2.10532e+54  2.17075e+54  -2.21026e+54  2.22348e+54  -2.21026e+54  2.17075e+54  -2.10532e+54  2.01463e+54  -1.8996e+54  1.76145e+54  -1.60167e+54  1.42205e+54  -1.22466e+54  1.01186e+54  -7.86251e+53  5.50666e+53  -3.08126e+53  6.17903e+52  1.85096e+53  
-1.66079e+53  -5.54384e+52  2.76484e+53  -4.94122e+53  7.05502e+53  -9.079e+53  1.09877e+54  -1.27576e+54  1.43678e+54  -1.57997e+54  1.70374e+54  -1.80676e+54  1.88797e+54  -1.94654e+54  1.98191e+54  -1.99374e+54  1.98191e+54  -1.94654e+54  1.88797e+54  -1.80676e+54  1.70374e+54  -1.57997e+54  1.43678e+54  -1.27576e+54  1.09877e+54  -9.079e+53  7.05502e+53  -4.94122e+53  2.76484e+53  -5.54384e+52  -1.66079e+53  
1.45435e+53  4.85446e+52  -2.42127e+53  4.32727e+53  -6.17831e+53  7.95046e+53  -9.62133e+53  1.11704e+54  -1.25793e+54  1.38318e+54  -1.49142e+54  1.5815e+54  -1.65248e+54  1.70368e+54  -1.73459e+54  1.74492e+54  -1.73459e+54  1.70368e+54  -1.65248e+54  1.5815e+54  -1.49142e+54  1.38318e+54  -1.25793e+54  1.11704e+54  -9.62133e+53  7.95046e+53  -6.17831e+53  4.32727e+53  -2.42127e+53  4.85446e+52  1.45435e+53  
-1.23381e+53  -4.11812e+52  2.05419e+53  -3.67125e+53  5.2416e+53  -6.74484e+53  8.16194e+53  -9.47549e+53  1.06699e+54  -1.17315e+54  1.26487e+54  -1.34119e+54  1.40131e+54  -1.44467e+54  1.47085e+54  -1.4796e+54  1.47085e+54  -1.44467e+54  1.40131e+54  -1.34119e+54  1.26487e+54  -1.17315e+54  1.06699e+54  -9.47549e+53  8.16194e+53  -6.74484e+53  5.2416e+53  -3.67125e+53  2.05419e+53  -4.11812e+52  -1.23381e+53  
1.00141e+53  3.3423e+52  -1.66732e+53  2.97987e+53  -4.25444e+53  5.47442e+53  -6.62433e+53  7.69005e+53  -8.65894e+53  9.51996e+53  -1.02637e+54  1.08824e+54  -1.13698e+54  1.17212e+54  -1.19334e+54  1.20043e+54  -1.19334e+54  1.17212e+54  -1.13698e+54  1.08824e+54  -1.02637e+54  9.51996e+53  -8.65894e+53  7.69005e+53  -6.62433e+53  5.47442e+53  -4.25444e+53  2.97987e+53  -1.66732e+53  3.3423e+52  1.00141e+53  
-7.5947e+52  -2.53471e+52  1.26452e+53  -2.26e+53  3.22663e+53  -4.15179e+53  5.02373e+53  -5.83172e+53  6.5662e+53  -7.2188e+53  7.78244e+53  -8.25124e+53  8.62053e+53  -8.88677e+53  9.04748e+53  -9.10121e+53  9.04748e+53  -8.88677e+53  8.62053e+53  -8.25124e+53  7.78244e+53  -7.2188e+53  6.5662e+53  -5.83172e+53  5.02373e+53  -4.15179e+53  3.22663e+53  -2.26e+53  1.26452e+53  -2.53471e+52  -7.5947e+52  
5.10327e+52  1.70317e+52  -8.49716e+52  1.51865e+53  -2.16818e+53  2.78981e+53  -3.37564e+53  3.91845e+53  -4.41183e+53  4.85016e+53  -5.2287e+53  5.54351e+53  -5.79148e+53  5.97024e+53  -6.07814e+53  6.11422e+53  -6.07814e+53  5.97024e+53  -5.79148e+53  5.54351e+53  -5.2287e+53  4.85016e+53  -4.41183e+53  3.91845e+53  -3.37564e+53  2.78981e+53  -2.16818e+53  1.51865e+53  -8.49716e+52  1.70317e+52  5.10327e+52  
-2.5637e+52  -8.55596e+51  4.26871e+52  -7.62926e+52  1.08923e+53  -1.4015e+53  1.69578e+53  -1.96843e+53  2.21624e+53  -2.43638e+53  2.62649e+53  -2.78458e+53  2.9091e+53  -2.99886e+53  3.05304e+53  -3.07115e+53  3.05304e+53  -2.99886e+53  2.9091e+53  -2.78458e+53  2.62649e+53  -2.43638e+53  2.21624e+53  -1.96843e+53  1.69578e+53  -1.4015e+53  1.08923e+53  -7.62926e+52  4.26871e+52  -8.55596e+51  -2.5637e+52  
0  0  0  0  0  0  0  0  0  0  0  0  0  0  0  0  0  0  0  0  0  0  0  0  0  0  0  0  0  0  0  
