1  1  1  1  1  1  1  1  1  1  1  1  1  1  1  1  1  1  1  1  1  1  1  1  1  1  1  1  1  1  1  
-6.27209e+60  -2.09668e+60  1.04295e+61  -1.86367e+61  2.6628e+61  -3.43135e+61  4.1604e+61  -4.8412e+61  5.46529e+61  -6.02467e+61  6.51191e+61  -6.92038e+61  7.24434e+61  -7.47917e+61  7.62146e+61  -7.66913e+61  7.62146e+61  -7.47917e+61  7.24434e+61  -6.92038e+61  6.51191e+61  -6.02467e+61  5.46529e+61  -4.8412e+61  4.1604e+61  -3.43135e+61  2.6628e+61  -1.86367e+61  1.04295e+61  -2.09668e+60  -6.27209e+60  
1.2466e+61  4.16719e+60  -2.07294e+61  3.70416e+61  -5.29244e+61  6.81987e+61  -8.26869e+61  9.62152e+61  -1.08616e+62  1.1973e+62  -1.29409e+62  1.37524e+62  -1.43959e+62  1.48623e+62  -1.51449e+62  1.52396e+62  -1.51449e+62  1.48623e+62  -1.43959e+62  1.37524e+62  -1.29409e+62  1.1973e+62  -1.08616e+62  9.62152e+61  -8.26869e+61  6.81987e+61  -5.29244e+61  3.70416e+61  -2.07294e+61  4.16719e+60  1.2466e+61  
-1.8505e+61  -6.18577e+60  3.07719e+61  -5.49867e+61  7.85629e+61  -1.01234e+62  1.22736e+62  -1.42811e+62  1.6121e+62  -1.77698e+62  1.92057e+62  -2.04091e+62  2.13634e+62  -2.20551e+62  2.24742e+62  -2.26146e+62  2.24742e+62  -2.20551e+62  2.13634e+62  -2.04091e+62  1.92057e+62  -1.77698e+62  1.6121e+62  -1.42811e+62  1.22736e+62  -1.01234e+62  7.85629e+61  -5.49867e+61  3.07719e+61  -6.18577e+60  -1.8505e+61  
2.43146e+61  8.12755e+60  -4.04336e+61  7.22514e+61  -1.03228e+62  1.33012e+62  -1.61257e+62  1.87622e+62  -2.11782e+62  2.33428e+62  -2.52275e+62  2.68069e+62  -2.80592e+62  2.89667e+62  -2.95165e+62  2.97007e+62  -2.95165e+62  2.89667e+62  -2.80592e+62  2.68069e+62  -2.52275e+62  2.33428e+62  -2.11782e+62  1.87622e+62  -1.61257e+62  1.33012e+62  -1.03228e+62  7.22514e+61  -4.04336e+61  8.12755e+60  2.43146e+61  
-2.98243e+61  -9.96887e+60  4.95974e+61  -8.86263e+61  1.2662e+62  -1.63147e+62  1.97778e+62  -2.30099e+62  2.5971e+62  -2.86233e+62  3.09321e+62  -3.28665e+62  3.44e+62  -3.55112e+62  3.61843e+62  -3.64097e+62  3.61843e+62  -3.55112e+62  3.44e+62  -3.28665e+62  3.09321e+62  -2.86233e+62  2.5971e+62  -2.30099e+62  1.97778e+62  -1.63147e+62  1.2662e+62  -8.86263e+61  4.95974e+61  -9.96887e+60  -2.98243e+61  
3.49682e+61  1.16877e+61  -5.81539e+61  1.03916e+62  -1.4846e+62  1.91277e+62  -2.31864e+62  2.69733e+62  -3.04417e+62  3.35476e+62  -3.62505e+62  3.85146e+62  -4.0309e+62  4.16089e+62  -4.23963e+62  4.266e+62  -4.23963e+62  4.16089e+62  -4.0309e+62  3.85146e+62  -3.62505e+62  3.35476e+62  -3.04417e+62  2.69733e+62  -2.31864e+62  1.91277e+62  -1.4846e+62  1.03916e+62  -5.81539e+61  1.16877e+61  3.49682e+61  
-3.96864e+61  -1.3264e+61  6.60032e+61  -1.17942e+62  1.68494e+62  -2.17075e+62  2.63115e+62  -3.0606e+62  3.4538e+62  -3.80579e+62  4.11202e+62  -4.36845e+62  4.57164e+62  -4.71881e+62  4.80794e+62  -4.83779e+62  4.80794e+62  -4.71881e+62  4.57164e+62  -4.36845e+62  4.11202e+62  -3.80579e+62  3.4538e+62  -3.0606e+62  2.63115e+62  -2.17075e+62  1.68494e+62  -1.17942e+62  6.60032e+61  -1.3264e+61  -3.96864e+61  
4.39254e+61  1.46799e+61  -7.30566e+61  1.30546e+62  -1.86493e+62  2.40248e+62  -2.91178e+62  3.38668e+62  -3.82135e+62  4.21031e+62  -4.54859e+62  4.83177e+62  -5.05609e+62  5.21853e+62  -5.3169e+62  5.34984e+62  -5.3169e+62  5.21853e+62  -5.05609e+62  4.83177e+62  -4.54859e+62  4.21031e+62  -3.82135e+62  3.38668e+62  -2.91178e+62  2.40248e+62  -1.86493e+62  1.30546e+62  -7.30566e+61  1.46799e+61  4.39254e+61  
-4.76389e+61  -1.59199e+61  7.92371e+61  -1.41591e+62  2.02262e+62  -2.60545e+62  3.15747e+62  -3.67203e+62  4.14281e+62  -4.56394e+62  4.93004e+62  -5.23641e+62  5.47902e+62  -5.65467e+62  5.76101e+62  -5.79662e+62  5.76101e+62  -5.65467e+62  5.47902e+62  -5.23641e+62  4.93004e+62  -4.56394e+62  4.14281e+62  -3.67203e+62  3.15747e+62  -2.60545e+62  2.02262e+62  -1.41591e+62  7.92371e+61  -1.59199e+61  -4.76389e+61  
5.07884e+61  1.69712e+61  -8.44805e+61  1.50961e+62  -2.15639e+62  2.77754e+62  -3.36569e+62  3.91371e+62  -4.41491e+62  4.86305e+62  -5.25249e+62  5.57825e+62  -5.83614e+62  6.0228e+62  -6.13579e+62  6.17362e+62  -6.13579e+62  6.0228e+62  -5.83614e+62  5.57825e+62  -5.25249e+62  4.86305e+62  -4.41491e+62  3.91371e+62  -3.36569e+62  2.77754e+62  -2.15639e+62  1.50961e+62  -8.44805e+61  1.69712e+61  5.07884e+61  
-5.33434e+61  -1.78236e+61  8.8736e+61  -1.58566e+62  2.26492e+62  -2.91712e+62  3.53444e+62  -4.10943e+62  4.63506e+62  -5.10484e+62  5.51291e+62  -5.85413e+62  6.12415e+62  -6.31955e+62  6.4378e+62  -6.47739e+62  6.4378e+62  -6.31955e+62  6.12415e+62  -5.85413e+62  5.51291e+62  -5.10484e+62  4.63506e+62  -4.10943e+62  3.53444e+62  -2.91712e+62  2.26492e+62  -1.58566e+62  8.8736e+61  -1.78236e+61  -5.33434e+61  
5.52818e+61  1.84698e+61  -9.19662e+61  1.64339e+62  -2.34729e+62  3.02295e+62  -3.66227e+62  4.25751e+62  -4.80142e+62  5.2873e+62  -5.70917e+62  6.06178e+62  -6.34073e+62  6.54252e+62  -6.66462e+62  6.70549e+62  -6.66462e+62  6.54252e+62  -6.34073e+62  6.06178e+62  -5.70917e+62  5.2873e+62  -4.80142e+62  4.25751e+62  -3.66227e+62  3.02295e+62  -2.34729e+62  1.64339e+62  -9.19662e+61  1.84698e+61  5.52818e+61  
-5.65892e+61  -1.8905e+61  9.41475e+61  -1.68238e+62  2.40287e+62  -3.09429e+62  3.74828e+62  -4.35693e+62  4.91283e+62  -5.40921e+62  5.83999e+62  -6.1999e+62  6.48452e+62  -6.69035e+62  6.81487e+62  -6.85655e+62  6.81487e+62  -6.69035e+62  6.48452e+62  -6.1999e+62  5.83999e+62  -5.40921e+62  4.91283e+62  -4.35693e+62  3.74828e+62  -3.09429e+62  2.40287e+62  -1.68238e+62  9.41475e+61  -1.8905e+61  -5.65892e+61  
5.72595e+61  1.91273e+61  -9.52693e+61  1.70244e+62  -2.43142e+62  3.1308e+62  -3.79209e+62  4.40727e+62  -4.96888e+62  5.47012e+62  -5.90493e+62  6.26804e+62  -6.55508e+62  6.76261e+62  -6.88813e+62  6.93014e+62  -6.88813e+62  6.76261e+62  -6.55508e+62  6.26804e+62  -5.90493e+62  5.47012e+62  -4.96888e+62  4.40727e+62  -3.79209e+62  3.1308e+62  -2.43142e+62  1.70244e+62  -9.52693e+61  1.91273e+61  5.72595e+61  
-5.72943e+61  -1.91373e+61  9.53338e+61  -1.70361e+62  2.43299e+62  -3.13257e+62  3.79382e+62  -4.4087e+62  4.96979e+62  -5.47033e+62  5.90432e+62  -6.2666e+62  6.55289e+62  -6.75981e+62  6.88493e+62  -6.9268e+62  6.88493e+62  -6.75981e+62  6.55289e+62  -6.2666e+62  5.90432e+62  -5.47033e+62  4.96979e+62  -4.4087e+62  3.79382e+62  -3.13257e+62  2.43299e+62  -1.70361e+62  9.53338e+61  -1.91373e+61  -5.72943e+61  
5.67023e+61  1.89379e+61  -9.43554e+61  1.68614e+62  -2.40795e+62  3.10008e+62  -3.75407e+62  4.36196e+62  -4.91642e+62  5.41081e+62  -5.83927e+62  6.19679e+62  -6.47921e+62  6.68328e+62  -6.80665e+62  6.84793e+62  -6.80665e+62  6.68328e+62  -6.47921e+62  6.19679e+62  -5.83927e+62  5.41081e+62  -4.91642e+62  4.36196e+62  -3.75407e+62  3.10008e+62  -2.40795e+62  1.68614e+62  -9.43554e+61  1.89379e+61  5.67023e+61  
-5.54991e+61  -1.85344e+61  9.23596e+61  -1.65049e+62  2.35695e+62  -3.0342e+62  3.67392e+62  -4.2683e+62  4.81019e+62  -5.29317e+62  5.71156e+62  -6.06052e+62  6.33609e+62  -6.53514e+62  6.65546e+62  -6.69572e+62  6.65546e+62  -6.53514e+62  6.33609e+62  -6.06052e+62  5.71155e+62  -5.29317e+62  4.81019e+62  -4.2683e+62  3.67392e+62  -3.0342e+62  2.35695e+62  -1.65049e+62  9.23596e+61  -1.85344e+61  -5.54991e+61  
5.37064e+61  1.79342e+61  -8.93824e+61  1.59731e+62  -2.28092e+62  2.93612e+62  -3.5548e+62  4.12942e+62  -4.65308e+62  5.1196e+62  -5.52355e+62  5.86035e+62  -6.12622e+62  6.31821e+62  -6.43424e+62  6.47306e+62  -6.43424e+62  6.31821e+62  -6.12622e+62  5.86035e+62  -5.52355e+62  5.1196e+62  -4.65308e+62  4.12942e+62  -3.5548e+62  2.93612e+62  -2.28092e+62  1.59731e+62  -8.93824e+61  1.79342e+61  5.37064e+61  
-5.13517e+61  -1.71465e+61  8.54692e+61  -1.5274e+62  2.18102e+62  -2.80733e+62  3.39856e+62  -3.94748e+62  4.44751e+62  -4.8928e+62  5.27822e+62  -5.59943e+62  5.85291e+62  -6.03592e+62  6.1465e+62  -6.18349e+62  6.1465e+62  -6.03592e+62  5.85291e+62  -5.59943e+62  5.27822e+62  -4.8928e+62  4.44751e+62  -3.94748e+62  3.39856e+62  -2.80733e+62  2.18102e+62  -1.5274e+62  8.54692e+61  -1.71465e+61  -5.13517e+61  
4.84673e+61  1.61821e+61  -8.06734e+61  1.44171e+62  -2.05861e+62  2.6496e+62  -3.20733e+62  3.72497e+62  -4.19633e+62  4.61592e+62  -4.97896e+62  5.28142e+62  -5.52002e+62  5.69224e+62  -5.79628e+62  5.83108e+62  -5.79628e+62  5.69224e+62  -5.52002e+62  5.28142e+62  -4.97896e+62  4.61592e+62  -4.19633e+62  3.72497e+62  -3.20733e+62  2.6496e+62  -2.05861e+62  1.44171e+62  -8.06734e+61  1.61821e+61  4.84673e+61  
-4.50898e+61  -1.50533e+61  7.50561e+61  -1.34134e+62  1.91524e+62  -2.46493e+62  2.98355e+62  -3.46474e+62  3.90276e+62  -4.29252e+62  4.62963e+62  -4.91039e+62  5.13181e+62  -5.2916e+62  5.38811e+62  -5.42039e+62  5.38811e+62  -5.2916e+62  5.13181e+62  -4.91039e+62  4.62963e+62  -4.29252e+62  3.90276e+62  -3.46474e+62  2.98355e+62  -2.46493e+62  1.91524e+62  -1.34134e+62  7.50561e+61  -1.50533e+61  -4.50898e+61  
4.12597e+61  1.37737e+61  -6.86845e+61  1.22749e+62  -1.75263e+62  2.25554e+62  -2.7299e+62  3.1699e+62  -3.57029e+62  3.92646e+62  -4.23441e+62  4.49081e+62  -4.69297e+62  4.83882e+62  -4.9269e+62  4.95636e+62  -4.9269e+62  4.83882e+62  -4.69297e+62  4.49081e+62  -4.23441e+62  3.92646e+62  -3.57029e+62  3.1699e+62  -2.7299e+62  2.25554e+62  -1.75263e+62  1.22749e+62  -6.86845e+61  1.37737e+61  4.12597e+61  
-3.70207e+61  -1.23578e+61  6.1631e+61  -1.10145e+62  1.57264e+62  -2.0238e+62  2.44926e+62  -2.8438e+62  3.20273e+62  -3.52191e+62  3.7978e+62  -4.02745e+62  4.20847e+62  -4.33904e+62  4.41789e+62  -4.44426e+62  4.41789e+62  -4.33904e+62  4.20847e+62  -4.02745e+62  3.7978e+62  -3.52191e+62  3.20273e+62  -2.8438e+62  2.44926e+62  -2.0238e+62  1.57264e+62  -1.10145e+62  6.1631e+61  -1.23578e+61  -3.70207e+61  
3.2419e+61  1.08211e+61  -5.39726e+61  9.64592e+61  -1.37721e+62  1.77224e+62  -2.14469e+62  2.49e+62  -2.80405e+62  3.08326e+62  -3.32454e+62  3.52532e+62  -3.68355e+62  3.79767e+62  -3.86657e+62  3.88961e+62  -3.86657e+62  3.79767e+62  -3.68355e+62  3.52532e+62  -3.32454e+62  3.08326e+62  -2.80405e+62  2.49e+62  -2.14469e+62  1.77224e+62  -1.37721e+62  9.64592e+61  -5.39726e+61  1.08211e+61  3.2419e+61  
-2.75029e+61  -9.1797e+60  4.57899e+61  -8.1836e+61  1.16841e+62  -1.50349e+62  1.81938e+62  -2.11218e+62  2.37843e+62  -2.61508e+62  2.81953e+62  -2.98964e+62  3.12367e+62  -3.22032e+62  3.27868e+62  -3.29819e+62  3.27868e+62  -3.22032e+62  3.12367e+62  -2.98964e+62  2.81953e+62  -2.61508e+62  2.37843e+62  -2.11218e+62  1.81938e+62  -1.50349e+62  1.16841e+62  -8.1836e+61  4.57899e+61  -9.1797e+60  -2.75029e+61  
2.23225e+61  7.45034e+60  -3.71663e+61  6.64244e+61  -9.48358e+61  1.2203e+62  -1.47663e+62  1.71419e+62  -1.93017e+62  2.1221e+62  -2.28788e+62  2.42579e+62  -2.53444e+62  2.61278e+62  -2.66007e+62  2.67589e+62  -2.66007e+62  2.61278e+62  -2.53444e+62  2.42579e+62  -2.28788e+62  2.1221e+62  -1.93017e+62  1.71419e+62  -1.47663e+62  1.2203e+62  -9.48358e+61  6.64244e+61  -3.71663e+61  7.45034e+60  2.23225e+61  
-1.69294e+61  -5.65013e+60  2.81875e+61  -5.03777e+61  7.19249e+61  -9.25476e+61  1.11984e+62  -1.29995e+62  1.46367e+62  -1.60914e+62  1.73479e+62  -1.83929e+62  1.9216e+62  -1.98095e+62  2.01678e+62  -2.02875e+62  2.01678e+62  -1.98095e+62  1.9216e+62  -1.83929e+62  1.73479e+62  -1.60914e+62  1.46367e+62  -1.29995e+62  1.11984e+62  -9.25476e+61  7.19249e+61  -5.03777e+61  2.81875e+61  -5.65013e+60  -1.69294e+61  
1.13757e+61  3.79653e+60  -1.8941e+61  3.38523e+61  -4.83309e+61  6.21877e+61  -7.52464e+61  8.73463e+61  -9.83441e+61  1.08115e+62  -1.16553e+62  1.23571e+62  -1.29098e+62  1.33083e+62  -1.35488e+62  1.36292e+62  -1.35488e+62  1.33083e+62  -1.29098e+62  1.23571e+62  -1.16553e+62  1.08115e+62  -9.83441e+61  8.73463e+61  -7.52464e+61  6.21877e+61  -4.83309e+61  3.38523e+61  -1.8941e+61  3.79653e+60  1.13757e+61  
-5.71475e+60  -1.90721e+60  9.51539e+60  -1.70064e+61  2.428e+61  -3.12409e+61  3.78006e+61  -4.38783e+61  4.94022e+61  -5.43095e+61  5.85471e+61  -6.20711e+61  6.48467e+61  -6.68476e+61  6.80553e+61  -6.8459e+61  6.80553e+61  -6.68476e+61  6.48467e+61  -6.20711e+61  5.85471e+61  -5.43095e+61  4.94022e+61  -4.38783e+61  3.78006e+61  -3.12409e+61  2.428e+61  -1.70064e+61  9.51539e+60  -1.90721e+60  -5.71475e+60  
0  0  0  0  0  0  0  0  0  0  0  0  0  0  0  0  0  0  0  0  0  0  0  0  0  0  0  0  0  0  0  
