1  1  1  1  1  1  1  1  1  1  1  1  1  1  1  1  1  1  1  1  1  1  1  1  1  1  1  1  1  1  1  
2.20303e+70  7.36445e+69  -3.6633e+70  6.54601e+70  -9.35291e+70  1.20524e+71  -1.46131e+71  1.70044e+71  -1.91964e+71  2.11612e+71  -2.28726e+71  2.43073e+71  -2.54452e+71  2.627e+71  -2.67698e+71  2.69373e+71  -2.67698e+71  2.627e+71  -2.54452e+71  2.43073e+71  -2.28726e+71  2.11612e+71  -1.91964e+71  1.70044e+71  -1.46131e+71  1.20524e+71  -9.35291e+70  6.54601e+70  -3.6633e+70  7.36445e+69  2.20303e+70  
-4.37861e+70  -1.46369e+70  7.28104e+70  -1.30106e+71  1.85893e+71  -2.39543e+71  2.90432e+71  -3.37949e+71  3.81505e+71  -4.20542e+71  4.54541e+71  -4.83042e+71  5.05645e+71  -5.22028e+71  5.31955e+71  -5.3528e+71  5.31955e+71  -5.22028e+71  5.05645e+71  -4.83042e+71  4.54541e+71  -4.20542e+71  3.81505e+71  -3.37949e+71  2.90432e+71  -2.39543e+71  1.85893e+71  -1.30106e+71  7.28104e+70  -1.46369e+70  -4.37861e+70  
6.49974e+70  2.17271e+70  -1.08084e+71  1.93137e+71  -2.75947e+71  3.55577e+71  -4.31102e+71  5.01614e+71  -5.6624e+71  6.24152e+71  -6.74585e+71  7.16855e+71  -7.50376e+71  7.7467e+71  -7.8939e+71  7.94321e+71  -7.8939e+71  7.7467e+71  -7.50376e+71  7.16855e+71  -6.74585e+71  6.24152e+71  -5.6624e+71  5.01614e+71  -4.31102e+71  3.55577e+71  -2.75947e+71  1.93137e+71  -1.08084e+71  2.17271e+70  6.49974e+70  
-8.54033e+70  -2.85474e+70  1.4202e+71  -2.53778e+71  3.62581e+71  -4.67196e+71  5.66402e+71  -6.59009e+71  7.43869e+71  -8.19899e+71  8.86098e+71  -9.41574e+71  9.85559e+71  -1.01744e+72  1.03675e+72  -1.04322e+72  1.03675e+72  -1.01744e+72  9.85559e+71  -9.41574e+71  8.86098e+71  -8.19899e+71  7.43869e+71  -6.59009e+71  5.66402e+71  -4.67196e+71  3.62581e+71  -2.53778e+71  1.4202e+71  -2.85474e+70  -8.54033e+70  
1.04756e+71  3.50149e+70  -1.74207e+71  3.11294e+71  -4.44745e+71  5.73041e+71  -6.94682e+71  8.08207e+71  -9.12212e+71  1.00537e+72  -1.08647e+72  1.15441e+72  -1.20828e+72  1.2473e+72  -1.27095e+72  1.27887e+72  -1.27095e+72  1.2473e+72  -1.20828e+72  1.15441e+72  -1.08647e+72  1.00537e+72  -9.12212e+71  8.08207e+71  -6.94682e+71  5.73041e+71  -4.44745e+71  3.11294e+71  -1.74207e+71  3.50149e+70  1.04756e+71  
-1.22823e+71  -4.10523e+70  2.04261e+71  -3.64998e+71  5.21456e+71  -6.71847e+71  8.14405e+71  -9.47419e+71  1.06924e+72  -1.17834e+72  1.27327e+72  -1.3528e+72  1.41582e+72  -1.46148e+72  1.48914e+72  -1.4984e+72  1.48914e+72  -1.46148e+72  1.41582e+72  -1.3528e+72  1.27327e+72  -1.17834e+72  1.06924e+72  -9.47419e+71  8.14405e+71  -6.71847e+71  5.21456e+71  -3.64998e+71  2.04261e+71  -4.10523e+70  -1.22823e+71  
1.39396e+71  4.65889e+70  -2.31832e+71  4.14264e+71  -5.91821e+71  7.6246e+71  -9.24173e+71  1.07501e+72  -1.21312e+72  1.33676e+72  -1.44432e+72  1.53439e+72  -1.60575e+72  1.65745e+72  -1.68875e+72  1.69924e+72  -1.68875e+72  1.65745e+72  -1.60575e+72  1.53439e+72  -1.44432e+72  1.33676e+72  -1.21312e+72  1.07501e+72  -9.24173e+71  7.6246e+71  -5.91821e+71  4.14264e+71  -2.31832e+71  4.65889e+70  1.39396e+71  
-1.54285e+71  -5.1562e+70  2.56606e+71  -4.58535e+71  6.55043e+71  -8.43855e+71  1.02274e+72  -1.18955e+72  1.34222e+72  -1.47884e+72  1.59766e+72  -1.69713e+72  1.77592e+72  -1.83297e+72  1.86752e+72  -1.87909e+72  1.86752e+72  -1.83297e+72  1.77592e+72  -1.69713e+72  1.59766e+72  -1.47884e+72  1.34222e+72  -1.18955e+72  1.02274e+72  -8.43855e+71  6.55043e+71  -4.58535e+71  2.56606e+71  -5.1562e+70  -1.54285e+71  
1.67328e+71  5.59174e+70  -2.78315e+71  4.97327e+71  -7.10432e+71  9.15145e+71  -1.10904e+72  1.28977e+72  -1.45513e+72  1.60305e+72  -1.73164e+72  1.83925e+72  -1.92447e+72  1.98616e+72  -2.02351e+72  2.03602e+72  -2.02351e+72  1.98616e+72  -1.92447e+72  1.83925e+72  -1.73164e+72  1.60305e+72  -1.45513e+72  1.28977e+72  -1.10904e+72  9.15145e+71  -7.10432e+71  4.97327e+71  -2.78315e+71  5.59174e+70  1.67328e+71  
-1.78391e+71  -5.961e+70  2.96732e+71  -5.30238e+71  7.57415e+71  -9.75593e+71  1.18217e+72  -1.37466e+72  1.55071e+72  -1.70811e+72  1.8449e+72  -1.95932e+72  2.0499e+72  -2.11547e+72  2.15515e+72  -2.16844e+72  2.15515e+72  -2.11547e+72  2.0499e+72  -1.95932e+72  1.8449e+72  -1.70811e+72  1.55071e+72  -1.37466e+72  1.18217e+72  -9.75593e+71  7.57415e+71  -5.30238e+71  2.96732e+71  -5.961e+70  -1.78391e+71  
1.87365e+71  6.26041e+70  -3.11679e+71  5.5695e+71  -7.95538e+71  1.02462e+72  -1.24145e+72  1.44341e+72  -1.62803e+72  1.79304e+72  -1.93637e+72  2.05622e+72  -2.15107e+72  2.2197e+72  -2.26123e+72  2.27514e+72  -2.26123e+72  2.2197e+72  -2.15107e+72  2.05622e+72  -1.93637e+72  1.79304e+72  -1.62803e+72  1.44341e+72  -1.24145e+72  1.02462e+72  -7.95538e+71  5.5695e+71  -3.11679e+71  6.26041e+70  1.87365e+71  
-1.94173e+71  -6.48737e+70  3.23025e+71  -5.77228e+71  8.24467e+71  -1.06179e+72  1.28635e+72  -1.49542e+72  1.68646e+72  -1.85713e+72  2.00531e+72  -2.12916e+72  2.22714e+72  -2.29801e+72  2.3409e+72  -2.35526e+72  2.3409e+72  -2.29801e+72  2.22714e+72  -2.12916e+72  2.00531e+72  -1.85713e+72  1.68646e+72  -1.49542e+72  1.28635e+72  -1.06179e+72  8.24467e+71  -5.77228e+71  3.23025e+71  -6.48737e+70  -1.94173e+71  
1.98765e+71  6.64025e+70  -3.30686e+71  5.90923e+71  -8.43992e+71  1.08685e+72  -1.31656e+72  1.53034e+72  -1.7256e+72  1.89995e+72  -2.05126e+72  2.17767e+72  -2.27764e+72  2.34994e+72  -2.39367e+72  2.40831e+72  -2.39367e+72  2.34994e+72  -2.27764e+72  2.17767e+72  -2.05126e+72  1.89995e+72  -1.7256e+72  1.53034e+72  -1.31656e+72  1.08685e+72  -8.43992e+71  5.90923e+71  -3.30686e+71  6.64025e+70  1.98765e+71  
-2.0112e+71  -6.71833e+70  3.34627e+71  -5.97969e+71  8.54018e+71  -1.09967e+72  1.33194e+72  -1.54802e+72  1.74528e+72  -1.92134e+72  2.07406e+72  -2.2016e+72  2.30243e+72  -2.37532e+72  2.41941e+72  -2.43416e+72  2.41941e+72  -2.37532e+72  2.30243e+72  -2.2016e+72  2.07406e+72  -1.92134e+72  1.74528e+72  -1.54802e+72  1.33194e+72  -1.09967e+72  8.54018e+71  -5.97969e+71  3.34627e+71  -6.71833e+70  -2.0112e+71  
2.01242e+71  6.72183e+70  -3.34853e+71  5.9838e+71  -8.54569e+71  1.10029e+72  -1.33255e+72  1.54853e+72  -1.7456e+72  1.92141e+72  -2.07385e+72  2.2011e+72  -2.30166e+72  2.37433e+72  -2.41828e+72  2.43299e+72  -2.41828e+72  2.37433e+72  -2.30166e+72  2.2011e+72  -2.07385e+72  1.92141e+72  -1.7456e+72  1.54853e+72  -1.33255e+72  1.10029e+72  -8.54569e+71  5.9838e+71  -3.34853e+71  6.72183e+70  2.01242e+71  
-1.99163e+71  -6.6518e+70  3.31417e+71  -5.92244e+71  8.45774e+71  -1.08888e+72  1.31859e+72  -1.53211e+72  1.72686e+72  -1.90051e+72  2.051e+72  -2.17658e+72  2.27578e+72  -2.34745e+72  2.39079e+72  -2.40529e+72  2.39079e+72  -2.34745e+72  2.27578e+72  -2.17658e+72  2.051e+72  -1.90051e+72  1.72686e+72  -1.53211e+72  1.31859e+72  -1.08888e+72  8.45774e+71  -5.92244e+71  3.31417e+71  -6.6518e+70  -1.99163e+71  
1.94937e+71  6.51008e+70  -3.24407e+71  5.79724e+71  -8.27863e+71  1.06574e+72  -1.29044e+72  1.49921e+72  -1.68955e+72  1.85919e+72  -2.00614e+72  2.12871e+72  -2.2255e+72  2.29542e+72  -2.33768e+72  2.35182e+72  -2.33768e+72  2.29542e+72  -2.2255e+72  2.12871e+72  -2.00614e+72  1.85919e+72  -1.68955e+72  1.49921e+72  -1.29044e+72  1.06574e+72  -8.27863e+71  5.79724e+71  -3.24407e+71  6.51008e+70  1.94937e+71  
-1.8864e+71  -6.29927e+70  3.13949e+71  -5.61044e+71  8.01158e+71  -1.03129e+72  1.2486e+72  -1.45043e+72  1.63436e+72  -1.79822e+72  1.94011e+72  -2.05841e+72  2.15179e+72  -2.21923e+72  2.25998e+72  -2.27362e+72  2.25998e+72  -2.21923e+72  2.15179e+72  -2.05841e+72  1.94011e+72  -1.79822e+72  1.63436e+72  -1.45043e+72  1.2486e+72  -1.03129e+72  8.01158e+71  -5.61044e+71  3.13949e+71  -6.29927e+70  -1.8864e+71  
1.80369e+71  6.02258e+70  -3.00204e+71  5.36487e+71  -7.66068e+71  9.86055e+71  -1.19372e+72  1.38652e+72  -1.56216e+72  1.71856e+72  -1.85394e+72  1.96676e+72  -2.05579e+72  2.12007e+72  -2.15891e+72  2.17191e+72  -2.15891e+72  2.12007e+72  -2.05579e+72  1.96676e+72  -1.85394e+72  1.71856e+72  -1.56216e+72  1.38652e+72  -1.19372e+72  9.86055e+71  -7.66068e+71  5.36487e+71  -3.00204e+71  6.02258e+70  1.80369e+71  
-1.70238e+71  -5.68384e+70  2.8336e+71  -5.06391e+71  7.23071e+71  -9.30653e+71  1.12655e+72  -1.30837e+72  1.47393e+72  -1.62131e+72  1.74882e+72  -1.85506e+72  1.93887e+72  -1.99936e+72  2.0359e+72  -2.04813e+72  2.0359e+72  -1.99936e+72  1.93887e+72  -1.85506e+72  1.74882e+72  -1.62131e+72  1.47393e+72  -1.30837e+72  1.12655e+72  -9.30653e+71  7.23071e+71  -5.06391e+71  2.8336e+71  -5.68384e+70  -1.70238e+71  
1.58375e+71  5.28737e+70  -2.63629e+71  4.71138e+71  -6.72715e+71  8.65791e+71  -1.04795e+72  1.21696e+72  -1.37081e+72  1.50772e+72  -1.62612e+72  1.72474e+72  -1.80251e+72  1.85864e+72  -1.89254e+72  1.90387e+72  -1.89254e+72  1.85864e+72  -1.80251e+72  1.72474e+72  -1.62612e+72  1.50772e+72  -1.37081e+72  1.21696e+72  -1.04795e+72  8.65791e+71  -6.72715e+71  4.71138e+71  -2.63629e+71  5.28737e+70  1.58375e+71  
-1.44922e+71  -4.83791e+70  2.41249e+71  -4.31148e+71  6.156e+71  -7.92243e+71  9.58858e+71  -1.1134e+72  1.25404e+72  -1.37914e+72  1.48731e+72  -1.57737e+72  1.64837e+72  -1.6996e+72  1.73054e+72  -1.74089e+72  1.73054e+72  -1.6996e+72  1.64837e+72  -1.57737e+72  1.48731e+72  -1.37914e+72  1.25404e+72  -1.1134e+72  9.58858e+71  -7.92243e+71  6.156e+71  -4.31148e+71  2.41249e+71  -4.83791e+70  -1.44922e+71  
1.30033e+71  4.34059e+70  -2.16474e+71  3.86876e+71  -5.52377e+71  7.10846e+71  -8.60286e+71  9.98866e+71  -1.12494e+72  1.23705e+72  -1.33395e+72  1.41461e+72  -1.47819e+72  1.52406e+72  -1.55175e+72  1.56101e+72  -1.55175e+72  1.52406e+72  -1.47819e+72  1.41461e+72  -1.33395e+72  1.23705e+72  -1.12494e+72  9.98866e+71  -8.60286e+71  7.10846e+71  -5.52377e+71  3.86876e+71  -2.16474e+71  4.34059e+70  1.30033e+71  
-1.13869e+71  -3.80083e+70  1.89575e+71  -3.38806e+71  4.83734e+71  -6.22486e+71  7.53308e+71  -8.74594e+71  9.84904e+71  -1.08297e+72  1.16772e+72  -1.23824e+72  1.29382e+72  -1.3339e+72  1.35811e+72  -1.3662e+72  1.35811e+72  -1.3339e+72  1.29382e+72  -1.23824e+72  1.16772e+72  -1.08297e+72  9.84904e+71  -8.74594e+71  7.53308e+71  -6.22486e+71  4.83734e+71  -3.38806e+71  1.89575e+71  -3.80083e+70  -1.13869e+71  
9.66019e+70  3.2243e+70  -1.60834e+71  2.87443e+71  -4.10394e+71  5.28091e+71  -6.39044e+71  7.41889e+71  -8.35407e+71  9.18528e+71  -9.90341e+71  1.05009e+72  -1.09717e+72  1.13112e+72  -1.15161e+72  1.15846e+72  -1.15161e+72  1.13112e+72  -1.09717e+72  1.05009e+72  -9.90341e+71  9.18528e+71  -8.35407e+71  7.41889e+71  -6.39044e+71  5.28091e+71  -4.10394e+71  2.87443e+71  -1.60834e+71  3.2243e+70  9.66019e+70  
-7.84063e+70  -2.61688e+70  1.30544e+71  -2.33311e+71  3.33104e+71  -4.28623e+71  5.18656e+71  -6.02097e+71  6.77957e+71  -7.45371e+71  8.03603e+71  -8.52043e+71  8.90206e+71  -9.17721e+71  9.34332e+71  -9.39886e+71  9.34332e+71  -9.17721e+71  8.90206e+71  -8.52043e+71  8.03603e+71  -7.45371e+71  6.77957e+71  -6.02097e+71  5.18656e+71  -4.28623e+71  3.33104e+71  -2.33311e+71  1.30544e+71  -2.61688e+70  -7.84063e+70  
5.94631e+70  1.98457e+70  -9.90067e+70  1.76948e+71  -2.52631e+71  3.25067e+71  -3.93336e+71  4.56598e+71  -5.14104e+71  5.65201e+71  -6.09331e+71  6.46036e+71  -6.7495e+71  6.95795e+71  -7.08378e+71  7.12585e+71  -7.08378e+71  6.95795e+71  -6.7495e+71  6.46036e+71  -6.09331e+71  5.65201e+71  -5.14104e+71  4.56598e+71  -3.93336e+71  3.25067e+71  -2.52631e+71  1.76948e+71  -9.90067e+70  1.98457e+70  5.94631e+70  
-3.99564e+70  -1.3335e+70  6.6529e+70  -1.18904e+71  1.69759e+71  -2.1843e+71  2.64298e+71  -3.06798e+71  3.45427e+71  -3.79746e+71  4.09384e+71  -4.34033e+71  4.53448e+71  -4.67444e+71  4.75892e+71  -4.78716e+71  4.75892e+71  -4.67444e+71  4.53448e+71  -4.34033e+71  4.09384e+71  -3.79746e+71  3.45427e+71  -3.06798e+71  2.64298e+71  -2.1843e+71  1.69759e+71  -1.18904e+71  6.6529e+70  -1.3335e+70  -3.99564e+70  
2.00726e+70  6.69894e+69  -3.34221e+70  5.97337e+70  -8.52816e+70  1.09731e+71  -1.32772e+71  1.5412e+71  -1.73522e+71  1.90758e+71  -2.05642e+71  2.1802e+71  -2.2777e+71  2.34797e+71  -2.39039e+71  2.40458e+71  -2.39039e+71  2.34797e+71  -2.2777e+71  2.1802e+71  -2.05642e+71  1.90758e+71  -1.73522e+71  1.5412e+71  -1.32772e+71  1.09731e+71  -8.52816e+70  5.97337e+70  -3.34221e+70  6.69894e+69  2.00726e+70  
0  0  0  0  0  0  0  0  0  0  0  0  0  0  0  0  0  0  0  0  0  0  0  0  0  0  0  0  0  0  0  
