1  1  1  1  1  1  1  1  1  1  1  1  1  1  1  1  1  1  1  1  1  1  1  1  1  1  1  1  1  1  1  
-3.47134e+71  -1.16043e+71  5.77232e+71  -1.03146e+72  1.47375e+72  -1.89911e+72  2.30261e+72  -2.6794e+72  3.02481e+72  -3.3344e+72  3.60407e+72  -3.83014e+72  4.00944e+72  -4.13941e+72  4.21816e+72  -4.24454e+72  4.21816e+72  -4.13941e+72  4.00944e+72  -3.83014e+72  3.60407e+72  -3.3344e+72  3.02481e+72  -2.6794e+72  2.30261e+72  -1.89911e+72  1.47375e+72  -1.03146e+72  5.77232e+71  -1.16043e+71  -3.47134e+71  
6.89943e+71  2.30637e+71  -1.14728e+72  2.0501e+72  -2.92915e+72  3.77451e+72  -4.57638e+72  5.32511e+72  -6.01143e+72  6.62654e+72  -7.16228e+72  7.61136e+72  -7.96752e+72  8.22567e+72  -8.38209e+72  8.43449e+72  -8.38209e+72  8.22567e+72  -7.96752e+72  7.61136e+72  -7.16228e+72  6.62654e+72  -6.01143e+72  5.32511e+72  -4.57638e+72  3.77451e+72  -2.92915e+72  2.0501e+72  -1.14728e+72  2.30637e+71  6.89943e+71  
-1.02417e+72  -3.42357e+71  1.70309e+72  -3.04328e+72  4.34813e+72  -5.60288e+72  6.79294e+72  -7.90401e+72  8.92233e+72  -9.83485e+72  1.06295e+73  -1.12956e+73  1.18238e+73  -1.22066e+73  1.24385e+73  -1.25162e+73  1.24385e+73  -1.22066e+73  1.18238e+73  -1.12956e+73  1.06295e+73  -9.83485e+72  8.92233e+72  -7.90401e+72  6.79294e+72  -5.60288e+72  4.34813e+72  -3.04328e+72  1.70309e+72  -3.42357e+71  -1.02417e+72  
1.34571e+72  4.49826e+71  -2.23783e+72  3.99882e+72  -5.71325e+72  7.36167e+72  -8.92488e+72  1.03841e+73  -1.17213e+73  1.29193e+73  -1.39624e+73  1.48365e+73  -1.55296e+73  1.60319e+73  -1.63362e+73  1.64381e+73  -1.63362e+73  1.60319e+73  -1.55296e+73  1.48365e+73  -1.39624e+73  1.29193e+73  -1.17213e+73  1.03841e+73  -8.92488e+72  7.36167e+72  -5.71325e+72  3.99882e+72  -2.23783e+72  4.49826e+71  1.34571e+72  
-1.65065e+72  -5.51736e+71  2.74501e+72  -4.9051e+72  7.00791e+72  -9.02949e+72  1.09462e+73  -1.2735e+73  1.43739e+73  -1.58418e+73  1.71196e+73  -1.81903e+73  1.9039e+73  -1.9654e+73  2.00265e+73  -2.01513e+73  2.00265e+73  -1.9654e+73  1.9039e+73  -1.81903e+73  1.71196e+73  -1.58418e+73  1.43739e+73  -1.2735e+73  1.09462e+73  -9.02949e+72  7.00791e+72  -4.9051e+72  2.74501e+72  -5.51736e+71  -1.65065e+72  
1.93535e+72  6.46867e+71  -3.21858e+72  5.75132e+72  -8.21667e+72  1.05864e+73  -1.28327e+73  1.49286e+73  -1.68482e+73  1.85672e+73  -2.00632e+73  2.13162e+73  -2.23093e+73  2.30288e+73  -2.34646e+73  2.36106e+73  -2.34646e+73  2.30288e+73  -2.23093e+73  2.13162e+73  -2.00632e+73  1.85672e+73  -1.68482e+73  1.49286e+73  -1.28327e+73  1.05864e+73  -8.21667e+72  5.75132e+72  -3.21858e+72  6.46867e+71  1.93535e+72  
-2.19648e+72  -7.34108e+71  3.65301e+72  -6.52762e+72  9.32542e+72  -1.20142e+73  1.45623e+73  -1.69392e+73  1.91154e+73  -2.10635e+73  2.27583e+73  -2.41776e+73  2.53021e+73  -2.61167e+73  2.661e+73  -2.67752e+73  2.661e+73  -2.61167e+73  2.53021e+73  -2.41776e+73  2.27583e+73  -2.10635e+73  1.91154e+73  -1.69392e+73  1.45623e+73  -1.20142e+73  9.32542e+72  -6.52762e+72  3.65301e+72  -7.34108e+71  -2.19648e+72  
2.43109e+72  8.1247e+71  -4.04338e+72  7.2252e+72  -1.03216e+73  1.32967e+73  -1.61155e+73  1.87439e+73  -2.11496e+73  2.33023e+73  -2.51746e+73  2.67419e+73  -2.79834e+73  2.88824e+73  -2.94268e+73  2.96091e+73  -2.94268e+73  2.88824e+73  -2.79834e+73  2.67419e+73  -2.51746e+73  2.33023e+73  -2.11496e+73  1.87439e+73  -1.61155e+73  1.32967e+73  -1.03216e+73  7.2252e+72  -4.04338e+72  8.1247e+71  2.43109e+72  
-2.63661e+72  -8.81099e+71  4.38544e+72  -7.83645e+72  1.11944e+73  -1.44201e+73  1.74753e+73  -2.03232e+73  2.29288e+73  -2.52595e+73  2.72858e+73  -2.89814e+73  3.03241e+73  -3.12962e+73  3.18848e+73  -3.20819e+73  3.18848e+73  -3.12962e+73  3.03241e+73  -2.89814e+73  2.72858e+73  -2.52595e+73  2.29288e+73  -2.03232e+73  1.74753e+73  -1.44201e+73  1.11944e+73  -7.83645e+72  4.38544e+72  -8.81099e+71  -2.63661e+72  
2.81093e+72  9.39284e+71  -4.67564e+72  8.35505e+72  -1.19347e+73  1.53726e+73  -1.86277e+73  2.16608e+73  -2.44347e+73  2.6915e+73  -2.90703e+73  3.08733e+73  -3.23006e+73  3.33337e+73  -3.39591e+73  3.41684e+73  -3.39591e+73  3.33337e+73  -3.23006e+73  3.08733e+73  -2.90703e+73  2.6915e+73  -2.44347e+73  2.16608e+73  -1.86277e+73  1.53726e+73  -1.19347e+73  8.35505e+72  -4.67564e+72  9.39284e+71  2.81093e+72  
-2.95234e+72  -9.86462e+71  4.91117e+72  -8.77595e+72  1.25354e+73  -1.6145e+73  1.95617e+73  -2.2744e+73  2.56532e+73  -2.82532e+73  3.05117e+73  -3.24002e+73  3.38947e+73  -3.49761e+73  3.56306e+73  -3.58497e+73  3.56306e+73  -3.49761e+73  3.38947e+73  -3.24002e+73  3.05117e+73  -2.82532e+73  2.56532e+73  -2.2744e+73  1.95617e+73  -1.6145e+73  1.25354e+73  -8.77595e+72  4.91117e+72  -9.86462e+71  -2.95234e+72  
3.05962e+72  1.02223e+72  -5.08995e+72  9.09547e+72  -1.29913e+73  1.67308e+73  -2.02692e+73  2.35636e+73  -2.65738e+73  2.9263e+73  -3.15979e+73  3.35495e+73  -3.50933e+73  3.62102e+73  -3.68859e+73  3.71121e+73  -3.68859e+73  3.62102e+73  -3.50933e+73  3.35495e+73  -3.15979e+73  2.9263e+73  -2.65738e+73  2.35636e+73  -2.02692e+73  1.67308e+73  -1.29913e+73  9.09547e+72  -5.08995e+72  1.02223e+72  3.05962e+72  
-3.13198e+72  -1.04631e+72  5.21068e+72  -9.31127e+72  1.32989e+73  -1.71256e+73  2.07452e+73  -2.41138e+73  2.71905e+73  -2.99377e+73  3.23219e+73  -3.43139e+73  3.58891e+73  -3.70283e+73  3.77175e+73  -3.79481e+73  3.77175e+73  -3.70283e+73  3.58891e+73  -3.43139e+73  3.23219e+73  -2.99377e+73  2.71905e+73  -2.41138e+73  2.07452e+73  -1.71256e+73  1.32989e+73  -9.31127e+72  5.21068e+72  -1.04631e+72  -3.13198e+72  
3.16908e+72  1.05862e+72  -5.27276e+72  9.42229e+72  -1.34569e+73  1.73277e+73  -2.09876e+73  2.43924e+73  -2.75007e+73  3.02749e+73  -3.26813e+73  3.4691e+73  -3.62797e+73  3.74283e+73  -3.8123e+73  3.83555e+73  -3.8123e+73  3.74283e+73  -3.62797e+73  3.4691e+73  -3.26813e+73  3.02749e+73  -2.75007e+73  2.43924e+73  -2.09876e+73  1.73277e+73  -1.34569e+73  9.42229e+72  -5.27276e+72  1.05862e+72  3.16908e+72  
-3.171e+72  -1.05917e+72  5.27633e+72  -9.42876e+72  1.34656e+73  -1.73375e+73  2.09972e+73  -2.44003e+73  2.75057e+73  -3.0276e+73  3.2678e+73  -3.46831e+73  3.62675e+73  -3.74127e+73  3.81052e+73  -3.8337e+73  3.81052e+73  -3.74127e+73  3.62675e+73  -3.46831e+73  3.2678e+73  -3.0276e+73  2.75057e+73  -2.44003e+73  2.09972e+73  -1.73375e+73  1.34656e+73  -9.42876e+72  5.27633e+72  -1.05917e+72  -3.171e+72  
3.13824e+72  1.04813e+72  -5.22218e+72  9.33208e+72  -1.3327e+73  1.71577e+73  -2.07772e+73  2.41417e+73  -2.72103e+73  2.99466e+73  -3.2318e+73  3.42967e+73  -3.58598e+73  3.69892e+73  -3.7672e+73  3.79005e+73  -3.7672e+73  3.69892e+73  -3.58598e+73  3.42967e+73  -3.2318e+73  2.99466e+73  -2.72103e+73  2.41417e+73  -2.07772e+73  1.71577e+73  -1.3327e+73  9.33208e+72  -5.22218e+72  1.04813e+72  3.13824e+72  
-3.07165e+72  -1.0258e+72  5.11172e+72  -9.1348e+72  1.30448e+73  -1.67931e+73  2.03336e+73  -2.36233e+73  2.66224e+73  -2.92955e+73  3.16111e+73  -3.35425e+73  3.50676e+73  -3.61693e+73  3.68352e+73  -3.7058e+73  3.68352e+73  -3.61693e+73  3.50676e+73  -3.35425e+73  3.16111e+73  -2.92955e+73  2.66224e+73  -2.36233e+73  2.03336e+73  -1.67931e+73  1.30448e+73  -9.1348e+72  5.11172e+72  -1.0258e+72  -3.07165e+72  
2.97243e+72  9.92585e+71  -4.94695e+72  8.84045e+72  -1.2624e+73  1.62502e+73  -1.96744e+73  2.28546e+73  -2.57529e+73  2.83348e+73  -3.05706e+73  3.24346e+73  -3.39061e+73  3.49687e+73  -3.56109e+73  3.58257e+73  -3.56109e+73  3.49687e+73  -3.39061e+73  3.24346e+73  -3.05706e+73  2.83348e+73  -2.57529e+73  2.28546e+73  -1.96744e+73  1.62502e+73  -1.2624e+73  8.84045e+72  -4.94695e+72  9.92585e+71  2.97243e+72  
-2.8421e+72  -9.48988e+71  4.73036e+72  -8.45351e+72  1.2071e+73  -1.55374e+73  1.88096e+73  -2.18476e+73  2.46151e+73  -2.70796e+73  2.92127e+73  -3.09905e+73  3.23935e+73  -3.34063e+73  3.40183e+73  -3.4223e+73  3.40183e+73  -3.34063e+73  3.23935e+73  -3.09905e+73  2.92127e+73  -2.70796e+73  2.46151e+73  -2.18476e+73  1.88096e+73  -1.55374e+73  1.2071e+73  -8.45351e+72  4.73036e+72  -9.48988e+71  -2.8421e+72  
2.68246e+72  8.95612e+71  -4.46494e+72  7.97928e+72  -1.13935e+73  1.46644e+73  -1.77512e+73  2.06162e+73  -2.3225e+73  2.55472e+73  -2.75565e+73  2.92305e+73  -3.0551e+73  3.15042e+73  -3.208e+73  3.22726e+73  -3.208e+73  3.15042e+73  -3.0551e+73  2.92305e+73  -2.75565e+73  2.55472e+73  -2.3225e+73  2.06162e+73  -1.77512e+73  1.46644e+73  -1.13935e+73  7.97928e+72  -4.46494e+72  8.95612e+71  2.68246e+72  
-2.49553e+72  -8.33138e+71  4.15405e+72  -7.42379e+72  1.06001e+73  -1.36424e+73  1.65127e+73  -1.91759e+73  2.16001e+73  -2.37573e+73  2.56231e+73  -2.7177e+73  2.84025e+73  -2.92868e+73  2.9821e+73  -2.99996e+73  2.9821e+73  -2.92868e+73  2.84025e+73  -2.7177e+73  2.56231e+73  -2.37573e+73  2.16001e+73  -1.91759e+73  1.65127e+73  -1.36424e+73  1.06001e+73  -7.42379e+72  4.15405e+72  -8.33138e+71  -2.49553e+72  
2.28356e+72  7.62316e+71  -3.8014e+72  6.79366e+72  -9.7001e+72  1.24835e+73  -1.51089e+73  1.75441e+73  -1.97601e+73  2.17313e+73  -2.34357e+73  2.48548e+73  -2.59736e+73  2.67808e+73  -2.72684e+73  2.74314e+73  -2.72684e+73  2.67808e+73  -2.59736e+73  2.48548e+73  -2.34357e+73  2.17313e+73  -1.97601e+73  1.75441e+73  -1.51089e+73  1.24835e+73  -9.7001e+72  6.79366e+72  -3.8014e+72  7.62316e+71  2.28356e+72  
-2.04894e+72  -6.83953e+71  3.41102e+72  -6.09606e+72  8.70389e+72  -1.12009e+73  1.35557e+73  -1.57393e+73  1.77258e+73  -1.94923e+73  2.10193e+73  -2.22903e+73  2.32921e+73  -2.40148e+73  2.44512e+73  -2.45971e+73  2.44512e+73  -2.40148e+73  2.32921e+73  -2.22903e+73  2.10193e+73  -1.94923e+73  1.77258e+73  -1.57393e+73  1.35557e+73  -1.12009e+73  8.70389e+72  -6.09606e+72  3.41102e+72  -6.83953e+71  -2.04894e+72  
1.79426e+72  5.98902e+71  -2.98716e+72  5.33862e+72  -7.62228e+72  9.8086e+72  -1.187e+73  1.37811e+73  -1.55193e+73  1.70646e+73  -1.83999e+73  1.95112e+73  -2.03869e+73  2.10185e+73  -2.13999e+73  2.15274e+73  -2.13999e+73  2.10185e+73  -2.03869e+73  1.95112e+73  -1.83999e+73  1.70646e+73  -1.55193e+73  1.37811e+73  -1.187e+73  9.8086e+72  -7.62228e+72  5.33862e+72  -2.98716e+72  5.98902e+71  1.79426e+72  
-1.52217e+72  -5.08058e+71  2.53428e+72  -4.52928e+72  6.46664e+72  -8.32121e+72  1.00695e+73  -1.16901e+73  1.31636e+73  -1.44734e+73  1.5605e+73  -1.65464e+73  1.72882e+73  -1.78232e+73  1.81461e+73  -1.82541e+73  1.81461e+73  -1.78232e+73  1.72882e+73  -1.65464e+73  1.5605e+73  -1.44734e+73  1.31636e+73  -1.16901e+73  1.00695e+73  -8.32121e+72  6.46664e+72  -4.52928e+72  2.53428e+72  -5.08058e+71  -1.52217e+72  
1.23546e+72  4.12345e+71  -2.057e+72  3.67632e+72  -5.24877e+72  6.75387e+72  -8.17254e+72  9.48734e+72  -1.06827e+73  1.17449e+73  -1.26625e+73  1.34258e+73  -1.40271e+73  1.44607e+73  -1.47224e+73  1.48099e+73  -1.47224e+73  1.44607e+73  -1.40271e+73  1.34258e+73  -1.26625e+73  1.17449e+73  -1.06827e+73  9.48734e+72  -8.17254e+72  6.75387e+72  -5.24877e+72  3.67632e+72  -2.057e+72  4.12345e+71  1.23546e+72  
-9.3697e+71  -3.12711e+71  1.56006e+72  -2.7882e+72  3.98074e+72  -5.12213e+72  6.19785e+72  -7.19469e+72  8.10082e+72  -8.90595e+72  9.60132e+72  -1.01797e+73  1.06353e+73  -1.09637e+73  1.1162e+73  -1.12283e+73  1.1162e+73  -1.09637e+73  1.06353e+73  -1.01797e+73  9.60132e+72  -8.90595e+72  8.10082e+72  -7.19469e+72  6.19785e+72  -5.12213e+72  3.98074e+72  -2.7882e+72  1.56006e+72  -3.12711e+71  -9.3697e+71  
6.29599e+71  2.10122e+71  -1.04831e+72  1.87358e+72  -2.67492e+72  3.44183e+72  -4.16458e+72  4.83426e+72  -5.44294e+72  5.98372e+72  -6.45073e+72  6.83912e+72  -7.14504e+72  7.36558e+72  -7.4987e+72  7.54321e+72  -7.4987e+72  7.36558e+72  -7.14504e+72  6.83912e+72  -6.45073e+72  5.98372e+72  -5.44294e+72  4.83426e+72  -4.16458e+72  3.44183e+72  -2.67492e+72  1.87358e+72  -1.04831e+72  2.10122e+71  6.29599e+71  
-3.16288e+71  -1.05556e+71  5.26638e+71  -9.41233e+71  1.3438e+72  -1.72905e+72  2.09211e+72  -2.42848e+72  2.73421e+72  -3.00581e+72  3.24034e+72  -3.43538e+72  3.589e+72  -3.69974e+72  3.76658e+72  -3.78892e+72  3.76658e+72  -3.69974e+72  3.589e+72  -3.43538e+72  3.24034e+72  -3.00581e+72  2.73421e+72  -2.42848e+72  2.09211e+72  -1.72905e+72  1.3438e+72  -9.41233e+71  5.26638e+71  -1.05556e+71  -3.16288e+71  
0  0  0  0  0  0  0  0  0  0  0  0  0  0  0  0  0  0  0  0  0  0  0  0  0  0  0  0  0  0  0  
