1  1  1  1  1  1  1  1  1  1  1  1  1  1  1  1  1  1  1  1  1  1  1  1  1  1  1  1  1  1  1  
-1.12692e+81  -3.76714e+80  1.87389e+81  -3.34848e+81  4.7843e+81  -6.16516e+81  7.47505e+81  -8.69825e+81  9.81957e+81  -1.08246e+82  1.17e+82  -1.24339e+82  1.3016e+82  -1.34379e+82  1.36936e+82  -1.37792e+82  1.36936e+82  -1.34379e+82  1.3016e+82  -1.24339e+82  1.17e+82  -1.08246e+82  9.81957e+81  -8.69825e+81  7.47505e+81  -6.16516e+81  4.7843e+81  -3.34848e+81  1.87389e+81  -3.76714e+80  -1.12692e+81  
2.23979e+81  7.48725e+80  -3.72447e+81  6.65531e+81  -9.509e+81  1.22533e+82  -1.48565e+82  1.72871e+82  -1.95152e+82  2.1512e+82  -2.32512e+82  2.4709e+82  -2.58653e+82  2.67033e+82  -2.72111e+82  2.73812e+82  -2.72111e+82  2.67033e+82  -2.58653e+82  2.4709e+82  -2.32512e+82  2.1512e+82  -1.95152e+82  1.72871e+82  -1.48565e+82  1.22533e+82  -9.509e+81  6.65531e+81  -3.72447e+81  7.48725e+80  2.23979e+81  
-3.32482e+81  -1.11141e+81  5.52882e+81  -9.87953e+81  1.41155e+82  -1.81888e+82  2.20522e+82  -2.56591e+82  2.89649e+82  -3.19273e+82  3.45071e+82  -3.66693e+82  3.8384e+82  -3.96267e+82  4.03797e+82  -4.06319e+82  4.03797e+82  -3.96267e+82  3.8384e+82  -3.66693e+82  3.45071e+82  -3.19273e+82  2.89649e+82  -2.56591e+82  2.20522e+82  -1.81888e+82  1.41155e+82  -9.87953e+81  5.52882e+81  -1.11141e+81  -3.32482e+81  
4.36864e+81  1.46029e+81  -7.26476e+81  1.29815e+82  -1.85471e+82  2.38985e+82  -2.89732e+82  3.37103e+82  -3.80512e+82  4.19403e+82  -4.53266e+82  4.81644e+82  -5.04143e+82  5.20449e+82  -5.30328e+82  5.33636e+82  -5.30328e+82  5.20449e+82  -5.04143e+82  4.81644e+82  -4.53266e+82  4.19403e+82  -3.80512e+82  3.37103e+82  -2.89732e+82  2.38985e+82  -1.85471e+82  1.29815e+82  -7.26476e+81  1.46029e+81  4.36864e+81  
-5.35857e+81  -1.79112e+81  8.91123e+81  -1.59236e+82  2.275e+82  -2.93128e+82  3.55351e+82  -4.13423e+82  4.66624e+82  -5.14278e+82  5.55762e+82  -5.90518e+82  6.1807e+82  -6.38034e+82  6.50128e+82  -6.54178e+82  6.50128e+82  -6.38034e+82  6.1807e+82  -5.90518e+82  5.55762e+82  -5.14278e+82  4.66624e+82  -4.13423e+82  3.55351e+82  -2.93128e+82  2.275e+82  -1.59236e+82  8.91123e+81  -1.79112e+81  -5.35857e+81  
6.28279e+81  2.09995e+81  -1.04486e+82  1.86707e+82  -2.66741e+82  3.4367e+82  -4.16593e+82  4.84634e+82  -5.46951e+82  6.02754e+82  -6.51318e+82  6.91997e+82  -7.24237e+82  7.47594e+82  -7.61741e+82  7.66479e+82  -7.61741e+82  7.47594e+82  -7.24237e+82  6.91997e+82  -6.51318e+82  6.02754e+82  -5.46951e+82  4.84634e+82  -4.16593e+82  3.4367e+82  -2.66741e+82  1.86707e+82  -1.04486e+82  2.09995e+81  6.28279e+81  
-7.13052e+81  -2.38316e+81  1.18589e+82  -2.11909e+82  3.02735e+82  -3.90021e+82  4.72742e+82  -5.49902e+82  6.2055e+82  -6.83792e+82  7.38813e+82  -7.84886e+82  8.21393e+82  -8.47835e+82  8.63849e+82  -8.69212e+82  8.63849e+82  -8.47835e+82  8.21393e+82  -7.84886e+82  7.38813e+82  -6.83792e+82  6.2055e+82  -5.49902e+82  4.72742e+82  -3.90021e+82  3.02735e+82  -2.11909e+82  1.18589e+82  -2.38316e+81  -7.13052e+81  
7.89213e+81  2.63755e+81  -1.31262e+82  2.34554e+82  -3.35074e+82  4.31657e+82  -5.23163e+82  6.08489e+82  -6.86586e+82  7.56473e+82  -8.17252e+82  8.68131e+82  -9.08435e+82  9.37621e+82  -9.55294e+82  9.61212e+82  -9.55294e+82  9.37621e+82  -9.08435e+82  8.68131e+82  -8.17252e+82  7.56473e+82  -6.86586e+82  6.08489e+82  -5.23163e+82  4.31657e+82  -3.35074e+82  2.34554e+82  -1.31262e+82  2.63755e+81  7.89213e+81  
-8.55934e+81  -2.86035e+81  1.42366e+82  -2.54398e+82  3.63408e+82  -4.68124e+82  5.67307e+82  -6.59758e+82  7.44345e+82  -8.20009e+82  8.85788e+82  -9.40833e+82  9.84423e+82  -1.01598e+83  1.03509e+83  -1.04149e+83  1.03509e+83  -1.01598e+83  9.84423e+82  -9.40833e+82  8.85788e+82  -8.20009e+82  7.44345e+82  -6.59758e+82  5.67307e+82  -4.68124e+82  3.63408e+82  -2.54398e+82  1.42366e+82  -2.86035e+81  -8.55934e+81  
9.12522e+81  3.04923e+81  -1.51787e+82  2.71233e+82  -3.87441e+82  4.99045e+82  -6.04718e+82  7.03182e+82  -7.93233e+82  8.73751e+82  -9.43722e+82  1.00225e+83  -1.04859e+83  1.08213e+83  -1.10243e+83  1.10922e+83  -1.10243e+83  1.08213e+83  -1.04859e+83  1.00225e+83  -9.43722e+82  8.73751e+82  -7.93233e+82  7.03182e+82  -6.04718e+82  4.99045e+82  -3.87441e+82  2.71233e+82  -1.51787e+82  3.04923e+81  9.12522e+81  
-9.58429e+81  -3.20239e+81  1.59433e+82  -2.84897e+82  4.06942e+82  -5.24122e+82  6.35038e+82  -7.38347e+82  8.32788e+82  -9.17195e+82  9.90513e+82  -1.05182e+83  1.10034e+83  -1.13544e+83  1.15669e+83  -1.1638e+83  1.15669e+83  -1.13544e+83  1.10034e+83  -1.05182e+83  9.90513e+82  -9.17195e+82  8.32788e+82  -7.38347e+82  6.35038e+82  -5.24122e+82  4.06942e+82  -2.84897e+82  1.59433e+82  -3.20239e+81  -9.58429e+81  
9.93255e+81  3.31849e+81  -1.65237e+82  2.9527e+82  -4.2174e+82  5.43138e+82  -6.58006e+82  7.64953e+82  -8.62677e+82  9.49977e+82  -1.02578e+83  1.08913e+83  -1.13925e+83  1.1755e+83  -1.19744e+83  1.20479e+83  -1.19744e+83  1.1755e+83  -1.13925e+83  1.08913e+83  -1.02578e+83  9.49977e+82  -8.62677e+82  7.64953e+82  -6.58006e+82  5.43138e+82  -4.2174e+82  2.9527e+82  -1.65237e+82  3.31849e+81  9.93255e+81  
-1.01675e+82  -3.39669e+81  1.69156e+82  -3.02275e+82  4.31727e+82  -5.55955e+82  6.73459e+82  -7.82816e+82  8.82696e+82  -9.71881e+82  1.04928e+83  -1.11394e+83  1.16508e+83  -1.20206e+83  1.22444e+83  -1.23193e+83  1.22444e+83  -1.20206e+83  1.16508e+83  -1.11394e+83  1.04928e+83  -9.71881e+82  8.82696e+82  -7.82816e+82  6.73459e+82  -5.55955e+82  4.31727e+82  -3.02275e+82  1.69156e+82  -3.39669e+81  -1.01675e+82  
1.02879e+82  3.43663e+81  -1.71172e+82  3.05879e+82  -4.36856e+82  5.62515e+82  -6.8133e+82  7.9186e+82  -8.92766e+82  9.82825e+82  -1.06095e+83  1.12619e+83  -1.17776e+83  1.21505e+83  -1.2376e+83  1.24515e+83  -1.2376e+83  1.21505e+83  -1.17776e+83  1.12619e+83  -1.06095e+83  9.82825e+82  -8.92766e+82  7.9186e+82  -6.8133e+82  5.62515e+82  -4.36856e+82  3.05879e+82  -1.71172e+82  3.43663e+81  1.02879e+82  
-1.02941e+82  -3.43842e+81  1.71288e+82  -3.06089e+82  4.37138e+82  -5.62833e+82  6.8164e+82  -7.92118e+82  8.9293e+82  -9.82862e+82  1.06084e+83  -1.12593e+83  1.17737e+83  -1.21454e+83  1.23703e+83  -1.24455e+83  1.23703e+83  -1.21454e+83  1.17737e+83  -1.12593e+83  1.06084e+83  -9.82862e+82  8.9293e+82  -7.92118e+82  6.8164e+82  -5.62833e+82  4.37138e+82  -3.06089e+82  1.71288e+82  -3.43842e+81  -1.02941e+82  
1.01878e+82  3.4026e+81  -1.6953e+82  3.02951e+82  -4.32639e+82  5.56996e+82  -6.745e+82  7.8372e+82  -8.8334e+82  9.72167e+82  -1.04915e+83  1.11339e+83  -1.16413e+83  1.20079e+83  -1.22296e+83  1.23038e+83  -1.22296e+83  1.20079e+83  -1.16413e+83  1.11339e+83  -1.04915e+83  9.72167e+82  -8.8334e+82  7.8372e+82  -6.745e+82  5.56996e+82  -4.32639e+82  3.02951e+82  -1.6953e+82  3.4026e+81  1.01878e+82  
-9.9716e+81  -3.33011e+81  1.65944e+82  -2.96546e+82  4.23477e+82  -5.4516e+82  6.60098e+82  -7.66891e+82  8.64254e+82  -9.51031e+82  1.0262e+83  -1.0889e+83  1.13841e+83  -1.17418e+83  1.1958e+83  -1.20303e+83  1.1958e+83  -1.17418e+83  1.13841e+83  -1.0889e+83  1.0262e+83  -9.51031e+82  8.64254e+82  -7.66891e+82  6.60098e+82  -5.4516e+82  4.23477e+82  -2.96546e+82  1.65944e+82  -3.33011e+81  -9.9716e+81  
9.64951e+81  3.22227e+81  -1.60595e+82  2.86991e+82  -4.09817e+82  5.27537e+82  -6.38696e+82  7.41939e+82  -8.36026e+82  9.19845e+82  -9.92425e+82  1.05294e+83  -1.10071e+83  1.1352e+83  -1.15605e+83  1.16302e+83  -1.15605e+83  1.1352e+83  -1.10071e+83  1.05294e+83  -9.92425e+82  9.19845e+82  -8.36026e+82  7.41939e+82  -6.38696e+82  5.27537e+82  -4.09817e+82  2.86991e+82  -1.60595e+82  3.22227e+81  9.64951e+81  
-9.22644e+81  -3.08073e+81  1.53564e+82  -2.7443e+82  3.91867e+82  -5.04397e+82  6.10623e+82  -7.09248e+82  7.99091e+82  -8.79096e+82  9.48344e+82  -1.00606e+83  1.0516e+83  -1.08448e+83  1.10435e+83  -1.111e+83  1.10435e+83  -1.08448e+83  1.0516e+83  -1.00606e+83  9.48344e+82  -8.79096e+82  7.99091e+82  -7.09248e+82  6.10623e+82  -5.04397e+82  3.91867e+82  -2.7443e+82  1.53564e+82  -3.08073e+81  -9.22644e+81  
8.70818e+81  2.90746e+81  -1.44947e+82  2.59035e+82  -3.69873e+82  4.76057e+82  -5.76265e+82  6.6927e+82  -7.53961e+82  8.29349e+82  -8.94577e+82  9.4892e+82  -9.9179e+82  1.02273e+83  -1.04143e+83  1.04768e+83  -1.04143e+83  1.02273e+83  -9.9179e+82  9.4892e+82  -8.94577e+82  8.29349e+82  -7.53961e+82  6.6927e+82  -5.76265e+82  4.76057e+82  -3.69873e+82  2.59035e+82  -1.44947e+82  2.90746e+81  8.70818e+81  
-8.10135e+81  -2.70465e+81  1.34854e+82  -2.41001e+82  3.44114e+82  -4.42878e+82  5.36059e+82  -6.22514e+82  7.01214e+82  -7.71243e+82  8.31812e+82  -8.82257e+82  9.2204e+82  -9.50749e+82  9.6809e+82  -9.7389e+82  9.6809e+82  -9.50749e+82  9.2204e+82  -8.82257e+82  8.31812e+82  -7.71243e+82  7.01214e+82  -6.22514e+82  5.36059e+82  -4.42878e+82  3.44114e+82  -2.41001e+82  1.34854e+82  -2.70465e+81  -8.10135e+81  
7.41319e+81  2.47474e+81  -1.23406e+82  2.20545e+82  -3.14898e+82  4.05256e+82  -4.90485e+82  5.6954e+82  -6.4148e+82  7.05473e+82  -7.60803e+82  8.0687e+82  -8.43192e+82  8.69397e+82  -8.85224e+82  8.90516e+82  -8.85224e+82  8.69397e+82  -8.43192e+82  8.0687e+82  -7.60803e+82  7.05473e+82  -6.4148e+82  5.6954e+82  -4.90485e+82  4.05256e+82  -3.14898e+82  2.20545e+82  -1.23406e+82  2.47474e+81  7.41319e+81  
-6.65156e+81  -2.22034e+81  1.10733e+82  -1.97899e+82  2.82558e+82  -3.63619e+82  4.40063e+82  -5.1095e+82  5.75439e+82  -6.32787e+82  6.82357e+82  -7.23617e+82  7.56141e+82  -7.79601e+82  7.93768e+82  -7.98506e+82  7.93768e+82  -7.79601e+82  7.56141e+82  -7.23617e+82  6.82357e+82  -6.32787e+82  5.75439e+82  -5.1095e+82  4.40063e+82  -3.63619e+82  2.82558e+82  -1.97899e+82  1.10733e+82  -2.22034e+81  -6.65156e+81  
5.82476e+81  1.94424e+81  -9.69733e+81  1.7331e+82  -2.47445e+82  3.1842e+82  -3.8534e+82  4.47381e+82  -5.03808e+82  5.53974e+82  -5.97324e+82  6.33399e+82  -6.61829e+82  6.82333e+82  -6.94713e+82  6.98853e+82  -6.94713e+82  6.82333e+82  -6.61829e+82  6.33399e+82  -5.97324e+82  5.53974e+82  -5.03808e+82  4.47381e+82  -3.8534e+82  3.1842e+82  -2.47445e+82  1.7331e+82  -9.69733e+81  1.94424e+81  5.82476e+81  
-4.94148e+81  -1.64933e+81  8.22713e+81  -1.47036e+82  2.09929e+82  -2.70135e+82  3.2689e+82  -3.79499e+82  4.27336e+82  -4.69855e+82  5.0659e+82  -5.37153e+82  5.61235e+82  -5.786e+82  5.89084e+82  -5.9259e+82  5.89084e+82  -5.786e+82  5.61235e+82  -5.37153e+82  5.0659e+82  -4.69855e+82  4.27336e+82  -3.79499e+82  3.2689e+82  -2.70135e+82  2.09929e+82  -1.47036e+82  8.22713e+81  -1.64933e+81  -4.94148e+81  
4.01072e+81  1.33861e+81  -6.67772e+81  1.19346e+82  -1.70393e+82  2.19254e+82  -2.65308e+82  3.07991e+82  -3.46796e+82  3.8128e+82  -4.11067e+82  4.35846e+82  -4.55367e+82  4.69442e+82  -4.77939e+82  4.8078e+82  -4.77939e+82  4.69442e+82  -4.55367e+82  4.35846e+82  -4.11067e+82  3.8128e+82  -3.46796e+82  3.07991e+82  -2.65308e+82  2.19254e+82  -1.70393e+82  1.19346e+82  -6.67772e+81  1.33861e+81  4.01072e+81  
-3.04172e+81  -1.01517e+81  5.06449e+81  -9.05144e+81  1.29228e+82  -1.66282e+82  2.01203e+82  -2.33564e+82  2.6298e+82  -2.89117e+82  3.11691e+82  -3.30467e+82  3.45257e+82  -3.5592e+82  3.62357e+82  -3.64509e+82  3.62357e+82  -3.5592e+82  3.45257e+82  -3.30467e+82  3.11691e+82  -2.89117e+82  2.6298e+82  -2.33564e+82  2.01203e+82  -1.66282e+82  1.29228e+82  -9.05144e+81  5.06449e+81  -1.01517e+81  -3.04172e+81  
2.04389e+81  6.82128e+80  -3.40316e+81  6.08228e+81  -8.68369e+81  1.11734e+82  -1.35196e+82  1.56936e+82  -1.76696e+82  1.94252e+82  -2.09412e+82  2.22021e+82  -2.31952e+82  2.39112e+82  -2.43433e+82  2.44878e+82  -2.43433e+82  2.39112e+82  -2.31952e+82  2.22021e+82  -2.09412e+82  1.94252e+82  -1.76696e+82  1.56936e+82  -1.35196e+82  1.11734e+82  -8.68369e+81  6.08228e+81  -3.40316e+81  6.82128e+80  2.04389e+81  
-1.02678e+81  -3.42671e+80  1.70964e+81  -3.05556e+81  4.36242e+81  -5.6131e+81  6.79169e+81  -7.88368e+81  8.87616e+81  -9.75787e+81  1.05192e+82  -1.11524e+82  1.16511e+82  -1.20106e+82  1.22276e+82  -1.23001e+82  1.22276e+82  -1.20106e+82  1.16511e+82  -1.11524e+82  1.05192e+82  -9.75787e+81  8.87616e+81  -7.88368e+81  6.79169e+81  -5.6131e+81  4.36242e+81  -3.05556e+81  1.70964e+81  -3.42671e+80  -1.02678e+81  
0  0  0  0  0  0  0  0  0  0  0  0  0  0  0  0  0  0  0  0  0  0  0  0  0  0  0  0  0  0  0  
