1  1  1  1  1  1  1  1  1  1  1  1  1  1  1  1  1  1  1  1  1  1  1  1  1  1  1  1  1  1  1  
4.40884e+84  1.47382e+84  -7.33123e+84  1.31003e+85  -1.87176e+85  2.412e+85  -2.92447e+85  3.40302e+85  -3.84172e+85  4.23492e+85  -4.57742e+85  4.86454e+85  -5.09226e+85  5.25733e+85  -5.35735e+85  5.39086e+85  -5.35735e+85  5.25733e+85  -5.09226e+85  4.86454e+85  -4.57742e+85  4.23492e+85  -3.84172e+85  3.40302e+85  -2.92447e+85  2.412e+85  -1.87176e+85  1.31003e+85  -7.33123e+84  1.47382e+84  4.40884e+84  
-8.76275e+84  -2.92924e+84  1.45713e+85  -2.60376e+85  3.72021e+85  -4.79389e+85  5.81231e+85  -6.76325e+85  7.63493e+85  -8.41615e+85  9.09657e+85  -9.66694e+85  1.01193e+86  -1.04472e+86  1.06458e+86  -1.07124e+86  1.06458e+86  -1.04472e+86  1.01193e+86  -9.66694e+85  9.09657e+85  -8.41615e+85  7.63493e+85  -6.76325e+85  5.81231e+85  -4.79389e+85  3.72021e+85  -2.60376e+85  1.45713e+85  -2.92924e+84  -8.76275e+84  
1.30077e+85  4.34816e+84  -2.16304e+85  3.86518e+85  -5.52242e+85  7.11604e+85  -8.62749e+85  1.00386e+86  -1.1332e+86  1.24909e+86  -1.35002e+86  1.43462e+86  -1.5017e+86  1.55032e+86  -1.57978e+86  1.58965e+86  -1.57978e+86  1.55032e+86  -1.5017e+86  1.43462e+86  -1.35002e+86  1.24909e+86  -1.1332e+86  1.00386e+86  -8.62749e+85  7.11604e+85  -5.52242e+85  3.86518e+85  -2.16304e+85  4.34816e+84  1.30077e+85  
-1.70915e+85  -5.71309e+84  2.8422e+85  -5.07877e+85  7.25621e+85  -9.34982e+85  1.13352e+86  -1.31885e+86  1.48868e+86  -1.64083e+86  1.77332e+86  -1.88434e+86  1.97236e+86  -2.03616e+86  2.0748e+86  -2.08775e+86  2.0748e+86  -2.03616e+86  1.97236e+86  -1.88434e+86  1.77332e+86  -1.64083e+86  1.48868e+86  -1.31885e+86  1.13352e+86  -9.34982e+85  7.25621e+85  -5.07877e+85  2.8422e+85  -5.71309e+84  -1.70915e+85  
2.09644e+85  7.00741e+84  -3.48635e+85  6.22981e+85  -8.90052e+85  1.14681e+86  -1.39024e+86  1.61744e+86  -1.82558e+86  2.01202e+86  -2.17431e+86  2.31029e+86  -2.41808e+86  2.49619e+86  -2.5435e+86  2.55935e+86  -2.5435e+86  2.49619e+86  -2.41808e+86  2.31029e+86  -2.17431e+86  2.01202e+86  -1.82558e+86  1.61744e+86  -1.39024e+86  1.14681e+86  -8.90052e+85  6.22981e+85  -3.48635e+85  7.00741e+84  2.09644e+85  
-2.45802e+85  -8.21564e+84  4.08781e+85  -7.30457e+85  1.04357e+86  -1.34454e+86  1.62984e+86  -1.89604e+86  2.13984e+86  -2.35816e+86  2.54816e+86  -2.7073e+86  2.83344e+86  -2.92482e+86  2.98016e+86  -2.9987e+86  2.98016e+86  -2.92482e+86  2.83344e+86  -2.7073e+86  2.54816e+86  -2.35816e+86  2.13984e+86  -1.89604e+86  1.62984e+86  -1.34454e+86  1.04357e+86  -7.30457e+85  4.08781e+85  -8.21564e+84  -2.45802e+85  
2.78968e+85  9.32367e+84  -4.63956e+85  8.29051e+85  -1.18439e+86  1.52588e+86  -1.84951e+86  2.15139e+86  -2.42778e+86  2.6752e+86  -2.89046e+86  3.07071e+86  -3.21354e+86  3.31699e+86  -3.37964e+86  3.40063e+86  -3.37964e+86  3.31699e+86  -3.21354e+86  3.07071e+86  -2.89046e+86  2.6752e+86  -2.42778e+86  2.15139e+86  -1.84951e+86  1.52588e+86  -1.18439e+86  8.29051e+85  -4.63956e+85  9.32367e+84  2.78968e+85  
-3.08764e+85  -1.03189e+85  5.13537e+85  -9.17649e+85  1.31091e+86  -1.68878e+86  2.04677e+86  -2.3806e+86  2.68614e+86  -2.95955e+86  3.19734e+86  -3.3964e+86  3.55408e+86  -3.66826e+86  3.7374e+86  -3.76056e+86  3.7374e+86  -3.66826e+86  3.55408e+86  -3.3964e+86  3.19734e+86  -2.95955e+86  2.68614e+86  -2.3806e+86  2.04677e+86  -1.68878e+86  1.31091e+86  -9.17649e+85  5.13537e+85  -1.03189e+85  -3.08764e+85  
3.34868e+85  1.11906e+85  -5.56981e+85  9.95282e+85  -1.42176e+86  1.83145e+86  -2.21948e+86  2.58118e+86  -2.91211e+86  3.20813e+86  -3.46547e+86  3.68083e+86  -3.85137e+86  3.97483e+86  -4.04958e+86  4.07461e+86  -4.04958e+86  3.97483e+86  -3.85137e+86  3.68083e+86  -3.46547e+86  3.20813e+86  -2.91211e+86  2.58118e+86  -2.21948e+86  1.83145e+86  -1.42176e+86  9.95282e+85  -5.56981e+85  1.11906e+85  3.34868e+85  
-3.57007e+85  -1.19295e+85  5.93838e+85  -1.06115e+86  1.51579e+86  -1.95242e+86  2.36584e+86  -2.75106e+86  3.10337e+86  -3.41838e+86  3.69213e+86  -3.92112e+86  4.1024e+86  -4.23361e+86  4.31303e+86  -4.33962e+86  4.31303e+86  -4.23361e+86  4.1024e+86  -3.92112e+86  3.69213e+86  -3.41838e+86  3.10337e+86  -2.75106e+86  2.36584e+86  -1.95242e+86  1.51579e+86  -1.06115e+86  5.93838e+85  -1.19295e+85  -3.57007e+85  
3.74967e+85  1.25287e+85  -6.23751e+85  1.1146e+86  -1.59208e+86  2.05053e+86  -2.48446e+86  2.88864e+86  -3.25812e+86  3.58835e+86  -3.87519e+86  4.11504e+86  -4.30485e+86  4.4422e+86  -4.52532e+86  4.55315e+86  -4.52532e+86  4.4422e+86  -4.30485e+86  4.11504e+86  -3.87519e+86  3.58835e+86  -3.25812e+86  2.88864e+86  -2.48446e+86  2.05053e+86  -1.59208e+86  1.1146e+86  -6.23751e+85  1.25287e+85  3.74967e+85  
-3.88592e+85  -1.29829e+85  6.46458e+85  -1.15519e+86  1.64998e+86  -2.12492e+86  2.57432e+86  -2.99273e+86  3.37506e+86  -3.7166e+86  4.01315e+86  -4.26101e+86  4.45709e+86  -4.59893e+86  4.68476e+86  -4.71349e+86  4.68476e+86  -4.59893e+86  4.45709e+86  -4.26101e+86  4.01315e+86  -3.7166e+86  3.37506e+86  -2.99273e+86  2.57432e+86  -2.12492e+86  1.64998e+86  -1.15519e+86  6.46458e+85  -1.29829e+85  -3.88592e+85  
3.97782e+85  1.32889e+85  -6.61791e+85  1.18259e+86  -1.68905e+86  2.17507e+86  -2.63478e+86  3.06262e+86  -3.45338e+86  3.8023e+86  -4.1051e+86  4.35809e+86  -4.55816e+86  4.70285e+86  -4.79037e+86  4.81967e+86  -4.79037e+86  4.70285e+86  -4.55816e+86  4.35809e+86  -4.1051e+86  3.8023e+86  -3.45338e+86  3.06262e+86  -2.63478e+86  2.17507e+86  -1.68905e+86  1.18259e+86  -6.61791e+85  1.32889e+85  3.97782e+85  
-4.02494e+85  -1.34452e+85  6.69676e+85  -1.19669e+86  1.70912e+86  -2.20073e+86  2.66557e+86  -3.098e+86  3.49278e+86  -3.84511e+86  4.15075e+86  -4.40599e+86  4.60776e+86  -4.75364e+86  4.84187e+86  -4.8714e+86  4.84187e+86  -4.75364e+86  4.60776e+86  -4.40599e+86  4.15075e+86  -3.84511e+86  3.49278e+86  -3.098e+86  2.66557e+86  -2.20073e+86  1.70912e+86  -1.19669e+86  6.69676e+85  -1.34452e+85  -4.02494e+85  
4.02739e+85  1.34522e+85  -6.7013e+85  1.19752e+86  -1.71022e+86  2.20197e+86  -2.66679e+86  3.09901e+86  -3.49342e+86  3.84526e+86  -4.15032e+86  4.40498e+86  -4.60622e+86  4.75167e+86  -4.83962e+86  4.86906e+86  -4.83962e+86  4.75167e+86  -4.60622e+86  4.40498e+86  -4.15032e+86  3.84526e+86  -3.49342e+86  3.09901e+86  -2.66679e+86  2.20197e+86  -1.71022e+86  1.19752e+86  -6.7013e+85  1.34522e+85  4.02739e+85  
-3.98577e+85  -1.3312e+85  6.63252e+85  -1.18524e+86  1.69262e+86  -2.17914e+86  2.63885e+86  -3.06615e+86  3.4559e+86  -3.80342e+86  4.1046e+86  -4.35591e+86  4.55443e+86  -4.69787e+86  4.7846e+86  -4.81362e+86  4.7846e+86  -4.69787e+86  4.55443e+86  -4.35591e+86  4.1046e+86  -3.80342e+86  3.4559e+86  -3.06615e+86  2.63885e+86  -2.17914e+86  1.69262e+86  -1.18524e+86  6.63252e+85  -1.3312e+85  -3.98577e+85  
3.9012e+85  1.30284e+85  -6.49223e+85  1.16018e+86  -1.65677e+86  2.13283e+86  -2.58251e+86  3.00031e+86  -3.38123e+86  3.72072e+86  -4.01482e+86  4.26012e+86  -4.45382e+86  4.59374e+86  -4.67832e+86  4.70662e+86  -4.67832e+86  4.59374e+86  -4.45382e+86  4.26012e+86  -4.01482e+86  3.72072e+86  -3.38123e+86  3.00031e+86  -2.58251e+86  2.13283e+86  -1.65677e+86  1.16018e+86  -6.49223e+85  1.30284e+85  3.9012e+85  
-3.77519e+85  -1.26065e+85  6.28296e+85  -1.1228e+86  1.60333e+86  -2.06389e+86  2.49878e+86  -2.90269e+86  3.27079e+86  -3.59872e+86  3.88267e+86  -4.11942e+86  4.3063e+86  -4.44126e+86  4.52282e+86  -4.55011e+86  4.52282e+86  -4.44126e+86  4.3063e+86  -4.11942e+86  3.88267e+86  -3.59872e+86  3.27079e+86  -2.90269e+86  2.49878e+86  -2.06389e+86  1.60333e+86  -1.1228e+86  6.28296e+85  -1.26065e+85  -3.77519e+85  
3.60966e+85  1.20528e+85  -6.00788e+85  1.07365e+86  -1.5331e+86  1.97336e+86  -2.38895e+86  2.7748e+86  -3.12629e+86  3.43929e+86  -3.71021e+86  3.93601e+86  -4.11419e+86  4.24283e+86  -4.32056e+86  4.34656e+86  -4.32056e+86  4.24283e+86  -4.11419e+86  3.93601e+86  -3.71021e+86  3.43929e+86  -3.12629e+86  2.7748e+86  -2.38895e+86  1.97336e+86  -1.5331e+86  1.07365e+86  -6.00788e+85  1.20528e+85  3.60966e+85  
-3.40691e+85  -1.13749e+85  5.67078e+85  -1.01342e+86  1.44706e+86  -1.86248e+86  2.25453e+86  -2.61839e+86  2.94973e+86  -3.24467e+86  3.49986e+86  -3.71246e+86  3.88019e+86  -4.00124e+86  4.07438e+86  -4.09884e+86  4.07438e+86  -4.00124e+86  3.88019e+86  -3.71246e+86  3.49986e+86  -3.24467e+86  2.94973e+86  -2.61839e+86  2.25453e+86  -1.86248e+86  1.44706e+86  -1.01342e+86  5.67078e+85  -1.13749e+85  -3.40691e+85  
3.16949e+85  1.05814e+85  -5.27592e+85  9.42871e+85  -1.34628e+86  1.73268e+86  -2.09723e+86  2.43547e+86  -2.74336e+86  3.01734e+86  -3.2543e+86  3.45166e+86  -3.6073e+86  3.71962e+86  -3.78746e+86  3.81015e+86  -3.78746e+86  3.71962e+86  -3.6073e+86  3.45166e+86  -3.2543e+86  3.01734e+86  -2.74336e+86  2.43547e+86  -2.09723e+86  1.73268e+86  -1.34628e+86  9.42871e+85  -5.27592e+85  1.05814e+85  3.16949e+85  
-2.90027e+85  -9.68193e+84  4.82804e+85  -8.6284e+85  1.23198e+86  -1.58549e+86  1.91893e+86  -2.22822e+86  2.50967e+86  -2.76003e+86  2.97649e+86  -3.15673e+86  3.29883e+86  -3.40135e+86  3.46327e+86  -3.48397e+86  3.46327e+86  -3.40135e+86  3.29883e+86  -3.15673e+86  2.97649e+86  -2.76003e+86  2.50967e+86  -2.22822e+86  1.91893e+86  -1.58549e+86  1.23198e+86  -8.6284e+85  4.82804e+85  -9.68193e+84  -2.90027e+85  
2.6023e+85  8.68666e+84  -4.33223e+85  7.74241e+85  -1.10545e+86  1.42259e+86  -1.72166e+86  1.99899e+86  -2.25129e+86  2.47566e+86  -2.66959e+86  2.83101e+86  -2.95826e+86  3.05004e+86  -3.10547e+86  3.124e+86  -3.10547e+86  3.05004e+86  -2.95826e+86  2.83101e+86  -2.66959e+86  2.47566e+86  -2.25129e+86  1.99899e+86  -1.72166e+86  1.42259e+86  -1.10545e+86  7.74241e+85  -4.33223e+85  8.68666e+84  2.6023e+85  
-2.27883e+85  -7.60646e+84  3.79389e+85  -6.7804e+85  9.6808e+85  -1.24576e+86  1.50757e+86  -1.75029e+86  1.97105e+86  -2.16731e+86  2.33691e+86  -2.47805e+86  2.58928e+86  -2.6695e+86  2.71793e+86  -2.73413e+86  2.71793e+86  -2.6695e+86  2.58928e+86  -2.47805e+86  2.33691e+86  -2.16731e+86  1.97105e+86  -1.75029e+86  1.50757e+86  -1.24576e+86  9.6808e+85  -6.7804e+85  3.79389e+85  -7.60646e+84  -2.27883e+85  
1.93326e+85  6.45268e+84  -3.21871e+85  5.75249e+85  -8.21307e+85  1.05685e+86  -1.2789e+86  1.48472e+86  -1.67187e+86  1.83822e+86  -1.98193e+86  2.10151e+86  -2.19572e+86  2.26366e+86  -2.30468e+86  2.31839e+86  -2.30468e+86  2.26366e+86  -2.19572e+86  2.10151e+86  -1.98193e+86  1.83822e+86  -1.67187e+86  1.48472e+86  -1.2789e+86  1.05685e+86  -8.21307e+85  5.75249e+85  -3.21871e+85  6.45268e+84  1.93326e+85  
-1.56912e+85  -5.23706e+84  2.61253e+85  -4.66917e+85  6.66629e+85  -8.57787e+85  1.03797e+86  -1.20496e+86  1.35677e+86  -1.49168e+86  1.60822e+86  -1.70516e+86  1.78154e+86  -1.8366e+86  1.86985e+86  -1.88096e+86  1.86985e+86  -1.8366e+86  1.78154e+86  -1.70516e+86  1.60822e+86  -1.49168e+86  1.35677e+86  -1.20496e+86  1.03797e+86  -8.57787e+85  6.66629e+85  -4.66917e+85  2.61253e+85  -5.23706e+84  -1.56912e+85  
1.19001e+85  3.97165e+84  -1.98139e+85  3.5412e+85  -5.05581e+85  6.50545e+85  -7.87169e+85  9.13774e+85  -1.02886e+86  1.13112e+86  -1.21943e+86  1.29289e+86  -1.35075e+86  1.39247e+86  -1.41765e+86  1.42607e+86  -1.41765e+86  1.39247e+86  -1.35075e+86  1.29289e+86  -1.21943e+86  1.13112e+86  -1.02886e+86  9.13774e+85  -7.87169e+85  6.50545e+85  -5.05581e+85  3.5412e+85  -1.98139e+85  3.97165e+84  1.19001e+85  
-7.99633e+84  -2.66869e+84  1.33142e+85  -2.37958e+85  3.39732e+85  -4.37136e+85  5.28929e+85  -6.13983e+85  6.9129e+85  -7.59973e+85  8.19286e+85  -8.68614e+85  9.07468e+85  -9.35478e+85  9.52385e+85  -9.58038e+85  9.52385e+85  -9.35478e+85  9.07468e+85  -8.68614e+85  8.19286e+85  -7.59973e+85  6.9129e+85  -6.13983e+85  5.28929e+85  -4.37136e+85  3.39732e+85  -2.37958e+85  1.33142e+85  -2.66869e+84  -7.99633e+84  
4.01706e+84  1.34064e+84  -6.68865e+84  1.19543e+85  -1.70671e+85  2.19602e+85  -2.65712e+85  3.08434e+85  -3.47263e+85  3.81758e+85  -4.11545e+85  4.36316e+85  -4.55827e+85  4.69891e+85  -4.78381e+85  4.81219e+85  -4.78381e+85  4.69891e+85  -4.55827e+85  4.36316e+85  -4.11545e+85  3.81758e+85  -3.47263e+85  3.08434e+85  -2.65712e+85  2.19602e+85  -1.70671e+85  1.19543e+85  -6.68865e+84  1.34064e+84  4.01706e+84  
0  0  0  0  0  0  0  0  0  0  0  0  0  0  0  0  0  0  0  0  0  0  0  0  0  0  0  0  0  0  0  
