1  1  1  1  1  1  1  1  1  1  1  1  1  1  1  1  1  1  1  1  1  1  1  1  1  1  1  1  1  1  1  
-1.01173e+87  -3.3821e+86  1.68236e+87  -3.00623e+87  4.29529e+87  -5.53502e+87  6.71102e+87  -7.8092e+87  8.8159e+87  -9.71822e+87  1.05042e+88  -1.11631e+88  1.16856e+88  -1.20644e+88  1.2294e+88  -1.23708e+88  1.2294e+88  -1.20644e+88  1.16856e+88  -1.11631e+88  1.05042e+88  -9.71822e+87  8.8159e+87  -7.8092e+87  6.71102e+87  -5.53502e+87  4.29529e+87  -3.00623e+87  1.68236e+87  -3.3821e+86  -1.01173e+87  
2.01086e+87  6.72197e+86  -3.34379e+87  5.97507e+87  -8.53708e+87  1.10009e+88  -1.3338e+88  1.55202e+88  -1.75205e+88  1.93132e+88  -2.08747e+88  2.21835e+88  -2.32216e+88  2.3974e+88  -2.44299e+88  2.45826e+88  -2.44299e+88  2.3974e+88  -2.32216e+88  2.21835e+88  -2.08747e+88  1.93132e+88  -1.75205e+88  1.55202e+88  -1.3338e+88  1.10009e+88  -8.53708e+87  5.97507e+87  -3.34379e+87  6.72197e+86  2.01086e+87  
-2.98498e+87  -9.97809e+86  4.96372e+87  -8.86974e+87  1.26728e+88  -1.63298e+88  1.97982e+88  -2.30365e+88  2.60044e+88  -2.8664e+88  3.09801e+88  -3.29214e+88  3.44608e+88  -3.55765e+88  3.62525e+88  -3.64789e+88  3.62525e+88  -3.55765e+88  3.44608e+88  -3.29214e+88  3.09801e+88  -2.8664e+88  2.60044e+88  -2.30365e+88  1.97982e+88  -1.63298e+88  1.26728e+88  -8.86974e+87  4.96372e+87  -9.97809e+86  -2.98498e+87  
3.92212e+87  1.31103e+87  -6.52223e+87  1.16547e+88  -1.66514e+88  2.14558e+88  -2.60118e+88  3.02648e+88  -3.41619e+88  3.76536e+88  -4.06938e+88  4.32415e+88  -4.52615e+88  4.67254e+88  -4.76123e+88  4.79093e+88  -4.76123e+88  4.67254e+88  -4.52615e+88  4.32415e+88  -4.06938e+88  3.76536e+88  -3.41619e+88  3.02648e+88  -2.60118e+88  2.14558e+88  -1.66514e+88  1.16547e+88  -6.52223e+87  1.31103e+87  3.92212e+87  
-4.81087e+87  -1.60805e+87  8.00041e+87  -1.42961e+88  2.04248e+88  -2.63167e+88  3.19031e+88  -3.71167e+88  4.1893e+88  -4.61714e+88  4.98957e+88  -5.30161e+88  5.54897e+88  -5.7282e+88  5.83678e+88  -5.87315e+88  5.83678e+88  -5.7282e+88  5.54897e+88  -5.30161e+88  4.98957e+88  -4.61714e+88  4.1893e+88  -3.71167e+88  3.19031e+88  -2.63167e+88  2.04248e+88  -1.42961e+88  8.00041e+87  -1.60805e+87  -4.81087e+87  
5.64063e+87  1.88531e+87  -9.38063e+87  1.67624e+88  -2.39477e+88  3.08543e+88  -3.74013e+88  4.35099e+88  -4.91047e+88  5.41147e+88  -5.84747e+88  6.21267e+88  -6.50212e+88  6.71182e+88  -6.83883e+88  6.88137e+88  -6.83883e+88  6.71182e+88  -6.50212e+88  6.21267e+88  -5.84747e+88  5.41147e+88  -4.91047e+88  4.35099e+88  -3.74013e+88  3.08543e+88  -2.39477e+88  1.67624e+88  -9.38063e+87  1.88531e+87  5.64063e+87  
-6.4017e+87  -2.13958e+87  1.06468e+88  -1.90249e+88  2.71792e+88  -3.50157e+88  4.24423e+88  -4.93697e+88  5.57123e+88  -6.13901e+88  6.63298e+88  -7.04662e+88  7.37438e+88  -7.61178e+88  7.75555e+88  -7.8037e+88  7.75555e+88  -7.61178e+88  7.37438e+88  -7.04662e+88  6.63298e+88  -6.13901e+88  5.57123e+88  -4.93697e+88  4.24423e+88  -3.50157e+88  2.71792e+88  -1.90249e+88  1.06468e+88  -2.13958e+87  -6.4017e+87  
7.08547e+87  2.36797e+87  -1.17846e+88  2.1058e+88  -3.00826e+88  3.87537e+88  -4.6969e+88  5.46295e+88  -6.1641e+88  6.79153e+88  -7.33721e+88  7.79399e+88  -8.15583e+88  8.41787e+88  -8.57653e+88  8.62967e+88  -8.57653e+88  8.41787e+88  -8.15583e+88  7.79399e+88  -7.33721e+88  6.79153e+88  -6.1641e+88  5.46295e+88  -4.6969e+88  3.87537e+88  -3.00826e+88  2.1058e+88  -1.17846e+88  2.36797e+87  7.08547e+87  
-7.68449e+87  -2.56799e+87  1.27815e+88  -2.28396e+88  3.26264e+88  -4.20277e+88  5.09322e+88  -5.92324e+88  6.68265e+88  -7.36195e+88  7.95251e+88  -8.4467e+88  8.83805e+88  -9.12138e+88  9.29292e+88  -9.35035e+88  9.29292e+88  -9.12138e+88  8.83805e+88  -8.4467e+88  7.95251e+88  -7.36195e+88  6.68265e+88  -5.92324e+88  5.09322e+88  -4.20277e+88  3.26264e+88  -2.28396e+88  1.27815e+88  -2.56799e+87  -7.68449e+87  
8.19253e+87  2.73757e+87  -1.36273e+88  2.4351e+88  -3.4784e+88  4.48038e+88  -5.42909e+88  6.3131e+88  -7.12157e+88  7.84445e+88  -8.47264e+88  8.99812e+88  -9.41411e+88  9.71521e+88  -9.89747e+88  9.95849e+88  -9.89747e+88  9.71521e+88  -9.41411e+88  8.99812e+88  -8.47264e+88  7.84445e+88  -7.12157e+88  6.3131e+88  -5.42909e+88  4.48038e+88  -3.4784e+88  2.4351e+88  -1.36273e+88  2.73757e+87  8.19253e+87  
-8.60468e+87  -2.87507e+87  1.43137e+88  -2.55778e+88  3.65348e+88  -4.70552e+88  5.7013e+88  -6.6288e+88  7.47669e+88  -8.23448e+88  8.89272e+88  -9.44312e+88  9.8787e+88  -1.01939e+89  1.03846e+89  -1.04485e+89  1.03846e+89  -1.01939e+89  9.8787e+88  -9.44312e+88  8.89272e+88  -8.23448e+88  7.47669e+88  -6.6288e+88  5.7013e+88  -4.70552e+88  3.65348e+88  -2.55778e+88  1.43137e+88  -2.87507e+87  -8.60468e+87  
8.91734e+87  2.9793e+87  -1.48348e+88  2.6509e+88  -3.78634e+88  4.87624e+88  -5.90751e+88  6.86767e+88  -7.74502e+88  8.5288e+88  -9.2093e+88  9.77809e+88  -1.02281e+89  1.05536e+89  -1.07505e+89  1.08164e+89  -1.07505e+89  1.05536e+89  -1.02281e+89  9.77809e+88  -9.2093e+88  8.5288e+88  -7.74502e+88  6.86767e+88  -5.90751e+88  4.87624e+88  -3.78634e+88  2.6509e+88  -1.48348e+88  2.9793e+87  8.91734e+87  
-9.12824e+87  -3.04951e+87  1.51867e+88  -2.7138e+88  3.876e+88  -4.99131e+88  6.04625e+88  -7.02804e+88  7.92475e+88  -8.72544e+88  9.42032e+88  -1.00009e+89  1.046e+89  -1.0792e+89  1.09929e+89  -1.10601e+89  1.09929e+89  -1.0792e+89  1.046e+89  -1.00009e+89  9.42032e+88  -8.72544e+88  7.92475e+88  -7.02804e+88  6.04625e+88  -4.99131e+88  3.876e+88  -2.7138e+88  1.51867e+88  -3.04951e+87  -9.12824e+87  
9.23637e+87  3.08537e+87  -1.53676e+88  2.74615e+88  -3.92205e+88  5.0502e+88  -6.11691e+88  7.10924e+88  -8.01516e+88  8.8237e+88  -9.52506e+88  1.01108e+89  -1.05738e+89  1.09086e+89  -1.1111e+89  1.11788e+89  -1.1111e+89  1.09086e+89  -1.05738e+89  1.01108e+89  -9.52506e+88  8.8237e+88  -8.01516e+88  7.10924e+88  -6.11691e+88  5.0502e+88  -3.92205e+88  2.74615e+88  -1.53676e+88  3.08537e+87  9.23637e+87  
-9.24198e+87  -3.08698e+87  1.5378e+88  -2.74804e+88  3.92458e+88  -5.05305e+88  6.11969e+88  -7.11155e+88  8.01663e+88  -8.82403e+88  9.52409e+88  -1.01085e+89  1.05703e+89  -1.09041e+89  1.11059e+89  -1.11734e+89  1.11059e+89  -1.09041e+89  1.05703e+89  -1.01085e+89  9.52409e+88  -8.82403e+88  8.01663e+88  -7.11155e+88  6.11969e+88  -5.05305e+88  3.92458e+88  -2.74804e+88  1.5378e+88  -3.08698e+87  -9.24198e+87  
9.14649e+87  3.05482e+87  -1.52202e+88  2.71986e+88  -3.88419e+88  5.00066e+88  -6.05559e+88  7.03616e+88  -7.93053e+88  8.72802e+88  -9.41917e+88  9.99587e+88  -1.04514e+89  1.07806e+89  -1.09796e+89  1.10462e+89  -1.09796e+89  1.07806e+89  -1.04514e+89  9.99587e+88  -9.41917e+88  8.72802e+88  -7.93053e+88  7.03616e+88  -6.05559e+88  5.00066e+88  -3.88419e+88  2.71986e+88  -1.52202e+88  3.05482e+87  9.14649e+87  
-8.9524e+87  -2.98973e+87  1.48983e+88  -2.66236e+88  3.80193e+88  -4.89439e+88  5.92629e+88  -6.88507e+88  7.75919e+88  -8.53826e+88  9.21314e+88  -9.77605e+88  1.02206e+89  -1.05416e+89  1.07357e+89  -1.08007e+89  1.07357e+89  -1.05416e+89  1.02206e+89  -9.77605e+88  9.21314e+88  -8.53826e+88  7.75919e+88  -6.88507e+88  5.92629e+88  -4.89439e+88  3.80193e+88  -2.66236e+88  1.48983e+88  -2.98973e+87  -8.9524e+87  
8.66323e+87  2.89292e+87  -1.4418e+88  2.57657e+88  -3.67929e+88  4.73617e+88  -5.73415e+88  6.66105e+88  -7.50575e+88  8.25827e+88  -8.90989e+88  9.45317e+88  -9.88202e+88  1.01917e+89  -1.03789e+89  1.04415e+89  -1.03789e+89  1.01917e+89  -9.88202e+88  9.45317e+88  -8.90989e+88  8.25827e+88  -7.50575e+88  6.66105e+88  -5.73415e+88  4.73617e+88  -3.67929e+88  2.57657e+88  -1.4418e+88  2.89292e+87  8.66323e+87  
-8.2834e+87  -2.76585e+87  1.37868e+88  -2.4638e+88  3.51814e+88  -4.52842e+88  5.48211e+88  -6.36756e+88  7.17415e+88  -7.89243e+88  8.51414e+88  -9.03228e+88  9.44117e+88  -9.73637e+88  9.91474e+88  -9.97441e+88  9.91474e+88  -9.73637e+88  9.44117e+88  -9.03228e+88  8.51414e+88  -7.89243e+88  7.17415e+88  -6.36756e+88  5.48211e+88  -4.52842e+88  3.51814e+88  -2.4638e+88  1.37868e+88  -2.76585e+87  -8.2834e+87  
7.81811e+87  2.61029e+87  -1.30132e+88  2.32559e+88  -3.32068e+88  4.27399e+88  -5.17365e+88  6.00864e+88  -6.76898e+88  7.44581e+88  -8.03142e+88  8.5193e+88  -8.90418e+88  9.18199e+88  -9.34982e+88  9.40595e+88  -9.34982e+88  9.18199e+88  -8.90418e+88  8.5193e+88  -8.03142e+88  7.44581e+88  -6.76898e+88  6.00864e+88  -5.17365e+88  4.27399e+88  -3.32068e+88  2.32559e+88  -1.30132e+88  2.61029e+87  7.81811e+87  
-7.2733e+87  -2.4282e+87  1.21071e+88  -2.16368e+88  3.08942e+88  -3.97612e+88  4.81268e+88  -5.58887e+88  6.29542e+88  -6.92414e+88  7.46792e+88  -7.92081e+88  8.27798e+88  -8.53572e+88  8.69141e+88  -8.74348e+88  8.69141e+88  -8.53572e+88  8.27798e+88  -7.92081e+88  7.46792e+88  -6.92414e+88  6.29542e+88  -5.58887e+88  4.81268e+88  -3.97612e+88  3.08942e+88  -2.16368e+88  1.21071e+88  -2.4282e+87  -7.2733e+87  
6.65549e+87  2.22179e+87  -1.10793e+88  1.98003e+88  -2.82712e+88  3.63835e+88  -4.40352e+88  5.11327e+88  -5.75914e+88  6.33366e+88  -6.83041e+88  7.244e+88  -7.57009e+88  7.80536e+88  -7.94744e+88  7.99496e+88  -7.94744e+88  7.80536e+88  -7.57009e+88  7.244e+88  -6.83041e+88  6.33366e+88  -5.75914e+88  5.11327e+88  -4.40352e+88  3.63835e+88  -2.82712e+88  1.98003e+88  -1.10793e+88  2.22179e+87  6.65549e+87  
-5.97171e+87  -1.9934e+87  9.94152e+87  -1.77672e+88  2.53677e+88  -3.26454e+88  3.95084e+88  -4.58726e+88  5.16623e+88  -5.68109e+88  6.12613e+88  -6.49656e+88  6.78856e+88  -6.99918e+88  7.12637e+88  -7.1689e+88  7.12637e+88  -6.99918e+88  6.78856e+88  -6.49656e+88  6.12613e+88  -5.68109e+88  5.16623e+88  -4.58726e+88  3.95084e+88  -3.26454e+88  2.53677e+88  -1.77672e+88  9.94152e+87  -1.9934e+87  -5.97171e+87  
5.22941e+87  1.74552e+87  -8.70617e+87  1.55596e+88  -2.22153e+88  2.85875e+88  -3.45954e+88  4.01654e+88  -4.52314e+88  4.97352e+88  -5.36271e+88  5.68659e+88  -5.94183e+88  6.12591e+88  -6.23706e+88  6.27423e+88  -6.23706e+88  6.12591e+88  -5.94183e+88  5.68659e+88  -5.36271e+88  4.97352e+88  -4.52314e+88  4.01654e+88  -3.45954e+88  2.85875e+88  -2.22153e+88  1.55596e+88  -8.70617e+87  1.74552e+87  5.22941e+87  
-4.43641e+87  -1.48075e+87  7.38623e+87  -1.32007e+88  1.88472e+88  -2.42524e+88  2.93479e+88  -3.4071e+88  3.83658e+88  -4.21831e+88  4.54811e+88  -4.8225e+88  5.03871e+88  -5.19461e+88  5.28874e+88  -5.32021e+88  5.28874e+88  -5.19461e+88  5.03871e+88  -4.8225e+88  4.54811e+88  -4.21831e+88  3.83658e+88  -3.4071e+88  2.93479e+88  -2.42524e+88  1.88472e+88  -1.32007e+88  7.38623e+87  -1.48075e+87  -4.43641e+87  
3.60079e+87  1.20179e+87  -5.99519e+87  1.07147e+88  -1.52977e+88  1.96844e+88  -2.38191e+88  2.76511e+88  -3.1135e+88  3.42309e+88  -3.69052e+88  3.91298e+88  -4.08824e+88  4.2146e+88  -4.29089e+88  4.31639e+88  -4.29089e+88  4.2146e+88  -4.08824e+88  3.91298e+88  -3.69052e+88  3.42309e+88  -3.1135e+88  2.76511e+88  -2.38191e+88  1.96844e+88  -1.52977e+88  1.07147e+88  -5.99519e+87  1.20179e+87  3.60079e+87  
-2.73083e+87  -9.11406e+86  4.54685e+87  -8.12629e+87  1.1602e+88  -1.49286e+88  1.80638e+88  -2.09691e+88  2.36101e+88  -2.59567e+88  2.79833e+88  -2.9669e+88  3.09968e+88  -3.19541e+88  3.2532e+88  -3.27252e+88  3.2532e+88  -3.19541e+88  3.09968e+88  -2.9669e+88  2.79833e+88  -2.59567e+88  2.36101e+88  -2.09691e+88  1.80638e+88  -1.49286e+88  1.1602e+88  -8.12629e+87  4.54685e+87  -9.11406e+86  -2.73083e+87  
1.83498e+87  6.12407e+86  -3.05532e+87  5.46061e+87  -7.79612e+87  1.00313e+88  -1.21378e+88  1.40896e+88  -1.58636e+88  1.74397e+88  -1.88008e+88  1.99328e+88  -2.08244e+88  2.14672e+88  -2.18552e+88  2.19849e+88  -2.18552e+88  2.14672e+88  -2.08244e+88  1.99328e+88  -1.88008e+88  1.74397e+88  -1.58636e+88  1.40896e+88  -1.21378e+88  1.00313e+88  -7.79612e+87  5.46061e+87  -3.05532e+87  6.12407e+86  1.83498e+87  
-9.21829e+86  -3.07647e+86  1.5349e+87  -2.74325e+87  3.91653e+87  -5.03938e+87  6.09751e+87  -7.07789e+87  7.96893e+87  -8.76051e+87  9.44406e+87  -1.00125e+88  1.04602e+88  -1.0783e+88  1.09778e+88  -1.10429e+88  1.09778e+88  -1.0783e+88  1.04602e+88  -1.00125e+88  9.44406e+87  -8.76051e+87  7.96893e+87  -7.07789e+87  6.09751e+87  -5.03938e+87  3.91653e+87  -2.74325e+87  1.5349e+87  -3.07647e+86  -9.21829e+86  
0  0  0  0  0  0  0  0  0  0  0  0  0  0  0  0  0  0  0  0  0  0  0  0  0  0  0  0  0  0  0  
