1  1  1  1  1  1  1  1  1  1  1  1  1  1  1  1  1  1  1  1  1  1  1  1  1  1  1  1  1  1  1  
3.95821e+90  1.32318e+90  -6.5819e+90  1.17613e+91  -1.68045e+91  2.16547e+91  -2.62556e+91  3.0552e+91  -3.44905e+91  3.80207e+91  -4.10956e+91  4.36733e+91  -4.57178e+91  4.71998e+91  -4.80977e+91  4.83986e+91  -4.80977e+91  4.71998e+91  -4.57178e+91  4.36733e+91  -4.10956e+91  3.80207e+91  -3.44905e+91  3.0552e+91  -2.62556e+91  2.16547e+91  -1.68045e+91  1.17613e+91  -6.5819e+90  1.32318e+90  3.95821e+90  
-7.8671e+90  -2.62984e+90  1.30819e+91  -2.33763e+91  3.33997e+91  -4.3039e+91  5.21823e+91  -6.07198e+91  6.85456e+91  -7.55593e+91  8.16681e+91  -8.67888e+91  9.08499e+91  -9.37935e+91  9.55771e+91  -9.61746e+91  9.55771e+91  -9.37935e+91  9.08499e+91  -8.67888e+91  8.16681e+91  -7.55593e+91  6.85456e+91  -6.07198e+91  5.21823e+91  -4.3039e+91  3.33997e+91  -2.33763e+91  1.30819e+91  -2.62984e+90  -7.8671e+90  
1.16782e+91  3.90374e+90  -1.94196e+91  3.47011e+91  -4.95797e+91  6.3887e+91  -7.74567e+91  9.01257e+91  -1.01737e+92  1.12142e+92  -1.21204e+92  1.28798e+92  -1.34821e+92  1.39186e+92  -1.41831e+92  1.42717e+92  -1.41831e+92  1.39186e+92  -1.34821e+92  1.28798e+92  -1.21204e+92  1.12142e+92  -1.01737e+92  9.01257e+91  -7.74567e+91  6.3887e+91  -4.95797e+91  3.47011e+91  -1.94196e+91  3.90374e+90  1.16782e+91  
-1.53445e+91  -5.12916e+90  2.5517e+91  -4.55966e+91  6.51455e+91  -8.39417e+91  1.01766e+92  -1.18405e+92  1.33652e+92  -1.47312e+92  1.59206e+92  -1.69174e+92  1.77077e+92  -1.82804e+92  1.86274e+92  -1.87436e+92  1.86274e+92  -1.82804e+92  1.77077e+92  -1.69174e+92  1.59206e+92  -1.47312e+92  1.33652e+92  -1.18405e+92  1.01766e+92  -8.39417e+91  6.51455e+91  -4.55966e+91  2.5517e+91  -5.12916e+90  -1.53445e+91  
1.88216e+91  6.29118e+90  -3.13001e+91  5.59305e+91  -7.99079e+91  1.02959e+92  -1.24815e+92  1.45212e+92  -1.63898e+92  1.80637e+92  -1.95207e+92  2.07415e+92  -2.17093e+92  2.24105e+92  -2.28353e+92  2.29775e+92  -2.28353e+92  2.24105e+92  -2.17093e+92  2.07415e+92  -1.95207e+92  1.80637e+92  -1.63898e+92  1.45212e+92  -1.24815e+92  1.02959e+92  -7.99079e+91  5.59305e+91  -3.13001e+91  6.29118e+90  1.88216e+91  
-2.20679e+91  -7.37592e+90  3.66999e+91  -6.55796e+91  9.36908e+91  -1.20712e+92  1.46325e+92  -1.70224e+92  1.92113e+92  -2.11713e+92  2.28771e+92  -2.43059e+92  2.54383e+92  -2.62587e+92  2.67556e+92  -2.6922e+92  2.67556e+92  -2.62587e+92  2.54383e+92  -2.43059e+92  2.28771e+92  -2.11713e+92  1.92113e+92  -1.70224e+92  1.46325e+92  -1.20712e+92  9.36908e+91  -6.55796e+91  3.66999e+91  -7.37592e+90  -2.20679e+91  
2.50454e+91  8.37069e+90  -4.16535e+91  7.44314e+91  -1.06333e+92  1.36992e+92  -1.66047e+92  1.93149e+92  -2.17964e+92  2.40177e+92  -2.59503e+92  2.75686e+92  -2.88508e+92  2.97796e+92  -3.03421e+92  3.05305e+92  -3.03421e+92  2.97796e+92  -2.88508e+92  2.75686e+92  -2.59503e+92  2.40177e+92  -2.17964e+92  1.93149e+92  -1.66047e+92  1.36992e+92  -1.06333e+92  7.44314e+91  -4.16535e+91  8.37069e+90  2.50454e+91  
-2.77206e+91  -9.26422e+90  4.61048e+91  -8.23855e+91  1.17692e+92  -1.51617e+92  1.83757e+92  -2.13728e+92  2.41159e+92  -2.65706e+92  2.87054e+92  -3.04925e+92  3.19081e+92  -3.29333e+92  3.3554e+92  -3.37619e+92  3.3554e+92  -3.29333e+92  3.19081e+92  -3.04925e+92  2.87054e+92  -2.65706e+92  2.41159e+92  -2.13728e+92  1.83757e+92  -1.51617e+92  1.17692e+92  -8.23855e+91  4.61048e+91  -9.26422e+90  -2.77206e+91  
3.00641e+91  1.00468e+91  -5.00052e+91  8.93554e+91  -1.27644e+92  1.64425e+92  -1.99262e+92  2.31735e+92  -2.61446e+92  2.88022e+92  -3.11127e+92  3.30461e+92  -3.45772e+92  3.56856e+92  -3.63567e+92  3.65815e+92  -3.63567e+92  3.56856e+92  -3.45772e+92  3.30461e+92  -3.11127e+92  2.88022e+92  -2.61446e+92  2.31735e+92  -1.99262e+92  1.64425e+92  -1.27644e+92  8.93554e+91  -5.00052e+91  1.00468e+91  3.00641e+91  
-3.20517e+91  -1.07102e+91  5.33142e+91  -9.52687e+91  1.36086e+92  -1.75286e+92  2.12403e+92  -2.46988e+92  2.78618e+92  -3.06899e+92  3.31476e+92  -3.52034e+92  3.68309e+92  -3.80089e+92  3.87219e+92  -3.89607e+92  3.87219e+92  -3.80089e+92  3.68309e+92  -3.52034e+92  3.31476e+92  -3.06899e+92  2.78618e+92  -2.46988e+92  2.12403e+92  -1.75286e+92  1.36086e+92  -9.52687e+91  5.33142e+91  -1.07102e+91  -3.20517e+91  
3.36641e+91  1.12482e+91  -5.59997e+91  1.00068e+92  -1.42935e+92  1.84094e+92  -2.23052e+92  2.59339e+92  -2.92511e+92  3.22158e+92  -3.4791e+92  3.69444e+92  -3.86485e+92  3.98816e+92  -4.06279e+92  4.08777e+92  -4.06279e+92  3.98816e+92  -3.86485e+92  3.69444e+92  -3.4791e+92  3.22158e+92  -2.92511e+92  2.59339e+92  -2.23052e+92  1.84094e+92  -1.42935e+92  1.00068e+92  -5.59997e+91  1.12482e+91  3.36641e+91  
-3.48874e+91  -1.1656e+91  5.80383e+91  -1.03711e+92  1.48133e+92  -1.90773e+92  2.3112e+92  -2.68684e+92  3.03009e+92  -3.33673e+92  3.60296e+92  -3.82549e+92  4.00153e+92  -4.12887e+92  4.20593e+92  -4.23172e+92  4.20593e+92  -4.12887e+92  4.00153e+92  -3.82549e+92  3.60296e+92  -3.33673e+92  3.03009e+92  -2.68684e+92  2.3112e+92  -1.90773e+92  1.48133e+92  -1.03711e+92  5.80383e+91  -1.1656e+91  -3.48874e+91  
3.57125e+91  1.19306e+91  -5.94149e+91  1.06172e+92  -1.51641e+92  1.95275e+92  -2.36548e+92  2.74959e+92  -3.10041e+92  3.41366e+92  -3.68552e+92  3.91265e+92  -4.09227e+92  4.22217e+92  -4.30075e+92  4.32705e+92  -4.30075e+92  4.22217e+92  -4.09227e+92  3.91265e+92  -3.68552e+92  3.41366e+92  -3.10041e+92  2.74959e+92  -2.36548e+92  1.95275e+92  -1.51641e+92  1.06172e+92  -5.94149e+91  1.19306e+91  3.57125e+91  
-3.61355e+91  -1.20709e+91  6.01228e+91  -1.07438e+92  1.53443e+92  -1.97579e+92  2.39312e+92  -2.78135e+92  3.13578e+92  -3.4521e+92  3.7265e+92  -3.95565e+92  4.1368e+92  -4.26777e+92  4.34698e+92  -4.37349e+92  4.34698e+92  -4.26777e+92  4.1368e+92  -3.95565e+92  3.7265e+92  -3.4521e+92  3.13578e+92  -2.78135e+92  2.39312e+92  -1.97579e+92  1.53443e+92  -1.07438e+92  6.01228e+91  -1.20709e+91  -3.61355e+91  
3.61575e+91  1.20772e+91  -6.01636e+91  1.07512e+92  -1.53542e+92  1.97691e+92  -2.39421e+92  2.78226e+92  -3.13635e+92  3.45223e+92  -3.72612e+92  3.95475e+92  -4.13542e+92  4.266e+92  -4.34496e+92  4.37139e+92  -4.34496e+92  4.266e+92  -4.13542e+92  3.95475e+92  -3.72612e+92  3.45223e+92  -3.13635e+92  2.78226e+92  -2.39421e+92  1.97691e+92  -1.53542e+92  1.07512e+92  -6.01636e+91  1.20772e+91  3.61575e+91  
-3.57839e+91  -1.19514e+91  5.95461e+91  -1.06409e+92  1.51961e+92  -1.95641e+92  2.36913e+92  -2.75276e+92  3.10267e+92  -3.41467e+92  3.68507e+92  -3.91069e+92  4.08892e+92  -4.2177e+92  4.29556e+92  -4.32161e+92  4.29556e+92  -4.2177e+92  4.08892e+92  -3.91069e+92  3.68507e+92  -3.41467e+92  3.10267e+92  -2.75276e+92  2.36913e+92  -1.95641e+92  1.51961e+92  -1.06409e+92  5.95461e+91  -1.19514e+91  -3.57839e+91  
3.50245e+91  1.16968e+91  -5.82866e+91  1.0416e+92  -1.48743e+92  1.91483e+92  -2.31855e+92  2.69365e+92  -3.03563e+92  3.34043e+92  -3.60447e+92  3.82469e+92  -3.9986e+92  4.12422e+92  -4.20015e+92  4.22555e+92  -4.20015e+92  4.12422e+92  -3.9986e+92  3.82469e+92  -3.60447e+92  3.34043e+92  -3.03563e+92  2.69365e+92  -2.31855e+92  1.91483e+92  -1.48743e+92  1.0416e+92  -5.82866e+91  1.16968e+91  3.50245e+91  
-3.38932e+91  -1.1318e+91  5.64077e+91  -1.00804e+92  1.43945e+92  -1.85294e+92  2.24338e+92  -2.60601e+92  2.93648e+92  -3.23089e+92  3.48582e+92  -3.69837e+92  3.86615e+92  -3.98731e+92  4.06054e+92  -4.08504e+92  4.06054e+92  -3.98731e+92  3.86615e+92  -3.69837e+92  3.48582e+92  -3.23089e+92  2.93648e+92  -2.60601e+92  2.24338e+92  -1.85294e+92  1.43945e+92  -1.00804e+92  5.64077e+91  -1.1318e+91  -3.38932e+91  
3.24072e+91  1.08209e+91  -5.39381e+91  9.63914e+91  -1.3764e+92  1.77166e+92  -2.14477e+92  2.49118e+92  -2.80675e+92  3.08776e+92  -3.33099e+92  3.53371e+92  -3.69367e+92  3.80917e+92  -3.87895e+92  3.90229e+92  -3.87895e+92  3.80917e+92  -3.69367e+92  3.53371e+92  -3.33099e+92  3.08776e+92  -2.80675e+92  2.49118e+92  -2.14477e+92  1.77166e+92  -1.3764e+92  9.63914e+91  -5.39381e+91  1.08209e+91  3.24072e+91  
-3.05869e+91  -1.02122e+91  5.09116e+91  -9.09841e+91  1.29915e+92  -1.67212e+92  2.02409e+92  -2.35076e+92  2.64823e+92  -2.91303e+92  3.14214e+92  -3.33301e+92  3.48359e+92  -3.59227e+92  3.65794e+92  -3.6799e+92  3.65794e+92  -3.59227e+92  3.48359e+92  -3.33301e+92  3.14214e+92  -2.91303e+92  2.64823e+92  -2.35076e+92  2.02409e+92  -1.67212e+92  1.29915e+92  -9.09841e+91  5.09116e+91  -1.02122e+91  -3.05869e+91  
2.84554e+91  9.49988e+90  -4.73667e+91  8.465e+91  -1.20868e+92  1.55558e+92  -1.88287e+92  2.18654e+92  -2.46296e+92  2.70893e+92  -2.92168e+92  3.09886e+92  -3.2386e+92  3.33944e+92  -3.40035e+92  3.42072e+92  -3.40035e+92  3.33944e+92  -3.2386e+92  3.09886e+92  -2.92168e+92  2.70893e+92  -2.46296e+92  2.18654e+92  -1.88287e+92  1.55558e+92  -1.20868e+92  8.465e+91  -4.73667e+91  9.49988e+90  2.84554e+91  
-2.60383e+91  -8.69233e+90  4.33456e+91  -7.74649e+91  1.10606e+92  -1.42343e+92  1.72279e+92  -2.00047e+92  2.25315e+92  -2.47792e+92  2.67227e+92  -2.83407e+92  2.96165e+92  -3.0537e+92  3.10928e+92  -3.12787e+92  3.10928e+92  -3.0537e+92  2.96165e+92  -2.83407e+92  2.67227e+92  -2.47792e+92  2.25315e+92  -2.00047e+92  1.72279e+92  -1.42343e+92  1.10606e+92  -7.74649e+91  4.33456e+91  -8.69233e+90  -2.60383e+91  
2.33631e+91  7.79879e+90  -3.88943e+91  6.95106e+91  -9.92463e+91  1.27719e+92  -1.54569e+92  1.79468e+92  -2.02119e+92  2.22262e+92  -2.39673e+92  2.54165e+92  -2.65589e+92  2.73829e+92  -2.78805e+92  2.80469e+92  -2.78805e+92  2.73829e+92  -2.65589e+92  2.54165e+92  -2.39673e+92  2.22262e+92  -2.02119e+92  1.79468e+92  -1.54569e+92  1.27719e+92  -9.92463e+91  6.95106e+91  -3.88943e+91  7.79879e+90  2.33631e+91  
-2.04591e+91  -6.829e+90  3.40612e+91  -6.08737e+91  8.69133e+91  -1.11843e+92  1.35348e+92  -1.5714e+92  1.76959e+92  -1.94579e+92  2.09806e+92  -2.22477e+92  2.32463e+92  -2.39664e+92  2.44013e+92  -2.45467e+92  2.44013e+92  -2.39664e+92  2.32463e+92  -2.22477e+92  2.09806e+92  -1.94579e+92  1.76959e+92  -1.5714e+92  1.35348e+92  -1.11843e+92  8.69133e+91  -6.08737e+91  3.40612e+91  -6.829e+90  -2.04591e+91  
1.73566e+91  5.79315e+90  -2.88972e+91  5.16453e+91  -7.37361e+91  9.48829e+91  -1.14818e+92  1.33296e+92  -1.50099e+92  1.65033e+92  -1.77936e+92  1.88671e+92  -1.9713e+92  2.03229e+92  -2.06912e+92  2.08143e+92  -2.06912e+92  2.03229e+92  -1.9713e+92  1.88671e+92  -1.77936e+92  1.65033e+92  -1.50099e+92  1.33296e+92  -1.14818e+92  9.48829e+91  -7.37361e+91  5.16453e+91  -2.88972e+91  5.79315e+90  1.73566e+91  
-1.40874e+91  -4.70178e+90  2.3455e+91  -4.19193e+91  5.98492e+91  -7.70113e+91  9.31877e+91  -1.0818e+92  1.21809e+92  -1.33922e+92  1.44384e+92  -1.53088e+92  1.59944e+92  -1.64888e+92  1.67873e+92  -1.68871e+92  1.67873e+92  -1.64888e+92  1.59944e+92  -1.53088e+92  1.44384e+92  -1.33922e+92  1.21809e+92  -1.0818e+92  9.31877e+91  -7.70113e+91  5.98492e+91  -4.19193e+91  2.3455e+91  -4.70178e+90  -1.40874e+91  
1.06838e+91  3.5657e+90  -1.77887e+91  3.17925e+91  -4.53906e+91  5.84052e+91  -7.06712e+91  8.20376e+91  -9.23699e+91  1.0155e+92  -1.09479e+92  1.16074e+92  -1.21269e+92  1.25014e+92  -1.27275e+92  1.28031e+92  -1.27275e+92  1.25014e+92  -1.21269e+92  1.16074e+92  -1.09479e+92  1.0155e+92  -9.23699e+91  8.20376e+91  -7.06712e+91  5.84052e+91  -4.53906e+91  3.17925e+91  -1.77887e+91  3.5657e+90  1.06838e+91  
-7.17902e+90  -2.39592e+90  1.19534e+91  -2.13636e+91  3.05008e+91  -3.92456e+91  4.74867e+91  -5.51228e+91  6.20633e+91  -6.82296e+91  7.35546e+91  -7.79833e+91  8.14716e+91  -8.39863e+91  8.55042e+91  -8.60116e+91  8.55042e+91  -8.39863e+91  8.14716e+91  -7.79833e+91  7.35546e+91  -6.82296e+91  6.20633e+91  -5.51228e+91  4.74867e+91  -3.92456e+91  3.05008e+91  -2.13636e+91  1.19534e+91  -2.39592e+90  -7.17902e+90  
3.60648e+90  1.20361e+90  -6.005e+90  1.07324e+91  -1.53227e+91  1.97156e+91  -2.38553e+91  2.76909e+91  -3.11769e+91  3.42738e+91  -3.69481e+91  3.9172e+91  -4.09237e+91  4.21864e+91  -4.29485e+91  4.32033e+91  -4.29485e+91  4.21864e+91  -4.09237e+91  3.9172e+91  -3.69481e+91  3.42738e+91  -3.11769e+91  2.76909e+91  -2.38553e+91  1.97156e+91  -1.53227e+91  1.07324e+91  -6.005e+90  1.20361e+90  3.60648e+90  
0  0  0  0  0  0  0  0  0  0  0  0  0  0  0  0  0  0  0  0  0  0  0  0  0  0  0  0  0  0  0  
