1  1  1  1  1  1  1  1  1  1  1  1  1  1  1  1  1  1  1  1  1  1  1  1  1  1  1  1  1  1  1  
3.55364e+96  1.18794e+96  -5.90916e+96  1.05592e+97  -1.50869e+97  1.94414e+97  -2.3572e+97  2.74292e+97  -3.09652e+97  3.41346e+97  -3.68952e+97  3.92094e+97  -4.10449e+97  4.23755e+97  -4.31817e+97  4.34517e+97  -4.31817e+97  4.23755e+97  -4.10449e+97  3.92094e+97  -3.68952e+97  3.41346e+97  -3.09652e+97  2.74292e+97  -2.3572e+97  1.94414e+97  -1.50869e+97  1.05592e+97  -5.90916e+96  1.18794e+96  3.55364e+96  
-7.063e+96  -2.36104e+96  1.17448e+97  -2.0987e+97  2.99859e+97  -3.864e+97  4.68487e+97  -5.45136e+97  6.15395e+97  -6.78363e+97  7.33208e+97  -7.7918e+97  8.15641e+97  -8.42068e+97  8.58081e+97  -8.63445e+97  8.58081e+97  -8.42068e+97  8.15641e+97  -7.7918e+97  7.33208e+97  -6.78363e+97  6.15395e+97  -5.45136e+97  4.68487e+97  -3.864e+97  2.99859e+97  -2.0987e+97  1.17448e+97  -2.36104e+96  -7.063e+96  
1.04845e+97  3.50473e+96  -1.74347e+97  3.11543e+97  -4.45121e+97  5.73571e+97  -6.95398e+97  8.0914e+97  -9.13386e+97  1.0068e+98  -1.08815e+98  1.15634e+98  -1.21041e+98  1.2496e+98  -1.27334e+98  1.2813e+98  -1.27334e+98  1.2496e+98  -1.21041e+98  1.15634e+98  -1.08815e+98  1.0068e+98  -9.13386e+97  8.0914e+97  -6.95398e+97  5.73571e+97  -4.45121e+97  3.11543e+97  -1.74347e+97  3.50473e+96  1.04845e+97  
-1.37762e+97  -4.6049e+96  2.29089e+97  -4.09362e+97  5.84869e+97  -7.5362e+97  9.13647e+97  -1.06303e+98  1.19991e+98  -1.32255e+98  1.42934e+98  -1.51883e+98  1.58978e+98  -1.6412e+98  1.67235e+98  -1.68278e+98  1.67235e+98  -1.6412e+98  1.58978e+98  -1.51883e+98  1.42934e+98  -1.32255e+98  1.19991e+98  -1.06303e+98  9.13647e+97  -7.5362e+97  5.84869e+97  -4.09362e+97  2.29089e+97  -4.6049e+96  -1.37762e+97  
1.68978e+97  5.64816e+96  -2.81009e+97  5.02139e+97  -7.17405e+97  9.24355e+97  -1.12057e+98  1.3037e+98  -1.47146e+98  1.62174e+98  -1.75255e+98  1.86215e+98  -1.94904e+98  2.01199e+98  -2.05013e+98  2.0629e+98  -2.05013e+98  2.01199e+98  -1.94904e+98  1.86215e+98  -1.75255e+98  1.62174e+98  -1.47146e+98  1.3037e+98  -1.12057e+98  9.24355e+97  -7.17405e+97  5.02139e+97  -2.81009e+97  5.64816e+96  1.68978e+97  
-1.98123e+97  -6.62202e+96  3.29488e+97  -5.88767e+97  8.41146e+97  -1.08374e+98  1.31369e+98  -1.52825e+98  1.72477e+98  -1.90074e+98  2.05388e+98  -2.18216e+98  2.28382e+98  -2.35748e+98  2.40209e+98  -2.41703e+98  2.40209e+98  -2.35748e+98  2.28382e+98  -2.18216e+98  2.05388e+98  -1.90074e+98  1.72477e+98  -1.52825e+98  1.31369e+98  -1.08374e+98  8.41146e+97  -5.88767e+97  3.29488e+97  -6.62202e+96  -1.98123e+97  
2.24855e+97  7.51512e+96  -3.73961e+97  6.68237e+97  -9.5465e+97  1.2299e+98  -1.49076e+98  1.73407e+98  -1.95685e+98  2.15628e+98  -2.32979e+98  2.47508e+98  -2.5902e+98  2.67358e+98  -2.72408e+98  2.74099e+98  -2.72408e+98  2.67358e+98  -2.5902e+98  2.47508e+98  -2.32979e+98  2.15628e+98  -1.95685e+98  1.73407e+98  -1.49076e+98  1.2299e+98  -9.5465e+97  6.68237e+97  -3.73961e+97  7.51512e+96  2.24855e+97  
-2.48872e+97  -8.31732e+96  4.13924e+97  -7.39649e+97  1.05663e+98  -1.3612e+98  1.64975e+98  -1.91882e+98  2.1651e+98  -2.38548e+98  2.57714e+98  -2.73758e+98  2.86468e+98  -2.95672e+98  3.01245e+98  -3.03111e+98  3.01245e+98  -2.95672e+98  2.86468e+98  -2.73758e+98  2.57714e+98  -2.38548e+98  2.1651e+98  -1.91882e+98  1.64975e+98  -1.3612e+98  1.05663e+98  -7.39649e+97  4.13924e+97  -8.31732e+96  -2.48872e+97  
2.69912e+97  9.01988e+96  -4.48941e+97  8.02224e+97  -1.14598e+98  1.47619e+98  -1.78896e+98  2.0805e+98  -2.34723e+98  2.58583e+98  -2.79326e+98  2.96684e+98  -3.1043e+98  3.20382e+98  -3.26407e+98  3.28425e+98  -3.26407e+98  3.20382e+98  -3.1043e+98  2.96684e+98  -2.79326e+98  2.58583e+98  -2.34723e+98  2.0805e+98  -1.78896e+98  1.47619e+98  -1.14598e+98  8.02224e+97  -4.48941e+97  9.01988e+96  2.69912e+97  
-2.87757e+97  -9.61552e+96  4.78649e+97  -8.55312e+97  1.22176e+98  -1.5737e+98  1.90693e+98  -2.21743e+98  2.5014e+98  -2.75531e+98  2.97595e+98  -3.16052e+98  3.30664e+98  -3.4124e+98  3.47642e+98  -3.49785e+98  3.47642e+98  -3.4124e+98  3.30664e+98  -3.16052e+98  2.97595e+98  -2.75531e+98  2.5014e+98  -2.21743e+98  1.90693e+98  -1.5737e+98  1.22176e+98  -8.55312e+97  4.78649e+97  -9.61552e+96  -2.87757e+97  
3.02233e+97  1.00985e+97  -5.0276e+97  8.984e+97  -1.28326e+98  1.65278e+98  -2.00254e+98  2.32832e+98  -2.62613e+98  2.8923e+98  -3.1235e+98  3.31683e+98  -3.46982e+98  3.58053e+98  -3.64753e+98  3.66996e+98  -3.64753e+98  3.58053e+98  -3.46982e+98  3.31683e+98  -3.1235e+98  2.8923e+98  -2.62613e+98  2.32832e+98  -2.00254e+98  1.65278e+98  -1.28326e+98  8.984e+97  -5.0276e+97  1.00985e+97  3.02233e+97  
-3.13215e+97  -1.04646e+97  5.21062e+97  -9.3111e+97  1.32992e+98  -1.71274e+98  2.07497e+98  -2.41222e+98  2.72038e+98  -2.99568e+98  3.2347e+98  -3.43448e+98  3.59253e+98  -3.70686e+98  3.77604e+98  -3.7992e+98  3.77604e+98  -3.70686e+98  3.59253e+98  -3.43448e+98  3.2347e+98  -2.99568e+98  2.72038e+98  -2.41222e+98  2.07497e+98  -1.71274e+98  1.32992e+98  -9.3111e+97  5.21062e+97  -1.04646e+97  -3.13215e+97  
3.20623e+97  1.07112e+97  -5.33421e+97  9.53201e+97  -1.36142e+98  1.75316e+98  -2.1237e+98  2.46855e+98  -2.78351e+98  3.06475e+98  -3.30882e+98  3.51274e+98  -3.674e+98  3.79062e+98  -3.86117e+98  3.88478e+98  -3.86117e+98  3.79062e+98  -3.674e+98  3.51274e+98  -3.30882e+98  3.06475e+98  -2.78351e+98  2.46855e+98  -2.1237e+98  1.75316e+98  -1.36142e+98  9.53201e+97  -5.33421e+97  1.07112e+97  3.20623e+97  
-3.24421e+97  -1.08371e+97  5.39777e+97  -9.64567e+97  1.37759e+98  -1.77385e+98  2.14852e+98  -2.49707e+98  2.81527e+98  -3.09926e+98  3.34561e+98  -3.55134e+98  3.71398e+98  -3.83156e+98  3.90268e+98  -3.92648e+98  3.90268e+98  -3.83156e+98  3.71398e+98  -3.55134e+98  3.34561e+98  -3.09926e+98  2.81527e+98  -2.49707e+98  2.14852e+98  -1.77385e+98  1.37759e+98  -9.64567e+97  5.39777e+97  -1.08371e+97  -3.24421e+97  
3.24618e+97  1.08428e+97  -5.40142e+97  9.65229e+97  -1.37848e+98  1.77485e+98  -2.1495e+98  2.49788e+98  -2.81578e+98  3.09938e+98  -3.34527e+98  3.55053e+98  -3.71273e+98  3.82997e+98  -3.90086e+98  3.92459e+98  -3.90086e+98  3.82997e+98  -3.71273e+98  3.55053e+98  -3.34527e+98  3.09938e+98  -2.81578e+98  2.49788e+98  -2.1495e+98  1.77485e+98  -1.37848e+98  9.65229e+97  -5.40142e+97  1.08428e+97  3.24618e+97  
-3.21264e+97  -1.07298e+97  5.34599e+97  -9.55332e+97  1.36429e+98  -1.75644e+98  2.12698e+98  -2.4714e+98  2.78554e+98  -3.06565e+98  3.30841e+98  -3.51098e+98  3.67099e+98  -3.78661e+98  3.85651e+98  -3.8799e+98  3.85651e+98  -3.78661e+98  3.67099e+98  -3.51098e+98  3.30841e+98  -3.06565e+98  2.78554e+98  -2.4714e+98  2.12698e+98  -1.75644e+98  1.36429e+98  -9.55332e+97  5.34599e+97  -1.07298e+97  -3.21264e+97  
3.14447e+97  1.05012e+97  -5.23291e+97  9.35136e+97  -1.3354e+98  1.71912e+98  -2.08157e+98  2.41833e+98  -2.72536e+98  2.999e+98  -3.23605e+98  3.43377e+98  -3.5899e+98  3.70268e+98  -3.77085e+98  3.79366e+98  -3.77085e+98  3.70268e+98  -3.5899e+98  3.43377e+98  -3.23605e+98  2.999e+98  -2.72536e+98  2.41833e+98  -2.08157e+98  1.71912e+98  -1.3354e+98  9.35136e+97  -5.23291e+97  1.05012e+97  3.14447e+97  
-3.0429e+97  -1.01612e+97  5.06423e+97  -9.05003e+97  1.29233e+98  -1.66355e+98  2.01408e+98  -2.33965e+98  2.63634e+98  -2.90066e+98  3.12953e+98  -3.32036e+98  3.47099e+98  -3.57977e+98  3.64551e+98  -3.6675e+98  3.64551e+98  -3.57977e+98  3.47099e+98  -3.32036e+98  3.12953e+98  -2.90066e+98  2.63634e+98  -2.33965e+98  2.01408e+98  -1.66355e+98  1.29233e+98  -9.05003e+97  5.06423e+97  -1.01612e+97  -3.0429e+97  
2.90948e+97  9.71486e+96  -4.84251e+97  8.65392e+97  -1.23572e+98  1.59058e+98  -1.92555e+98  2.23656e+98  -2.51987e+98  2.77216e+98  -2.99053e+98  3.17253e+98  -3.31614e+98  3.41983e+98  -3.48248e+98  3.50344e+98  -3.48248e+98  3.41983e+98  -3.31614e+98  3.17253e+98  -2.99053e+98  2.77216e+98  -2.51987e+98  2.23656e+98  -1.92555e+98  1.59058e+98  -1.23572e+98  8.65392e+97  -4.84251e+97  9.71486e+96  2.90948e+97  
-2.74606e+97  -9.16844e+96  4.57079e+97  -8.16845e+97  1.16637e+98  -1.50121e+98  1.81721e+98  -2.11049e+98  2.37756e+98  -2.61529e+98  2.82098e+98  -2.99234e+98  3.12753e+98  -3.22511e+98  3.28406e+98  -3.30377e+98  3.28406e+98  -3.22511e+98  3.12753e+98  -2.99234e+98  2.82098e+98  -2.61529e+98  2.37756e+98  -2.11049e+98  1.81721e+98  -1.50121e+98  1.16637e+98  -8.16845e+97  4.57079e+97  -9.16844e+96  -2.74606e+97  
2.5547e+97  8.5289e+96  -4.25253e+97  7.59978e+97  -1.08514e+98  1.39658e+98  -1.69042e+98  1.96305e+98  -2.21122e+98  2.43205e+98  -2.62305e+98  2.78213e+98  -2.90758e+98  2.99811e+98  -3.0528e+98  3.07108e+98  -3.0528e+98  2.99811e+98  -2.90758e+98  2.78213e+98  -2.62305e+98  2.43205e+98  -2.21122e+98  1.96305e+98  -1.69042e+98  1.39658e+98  -1.08514e+98  7.59978e+97  -4.25253e+97  8.5289e+96  2.5547e+97  
-2.33769e+97  -7.80389e+96  3.89152e+97  -6.95472e+97  9.93007e+97  -1.27794e+98  1.54671e+98  -1.796e+98  2.02286e+98  -2.22465e+98  2.39913e+98  -2.5444e+98  2.65894e+98  -2.74158e+98  2.79148e+98  -2.80817e+98  2.79148e+98  -2.74158e+98  2.65894e+98  -2.5444e+98  2.39913e+98  -2.22465e+98  2.02286e+98  -1.796e+98  1.54671e+98  -1.27794e+98  9.93007e+97  -6.95472e+97  3.89152e+97  -7.80389e+96  -2.33769e+97  
2.09752e+97  7.00167e+96  -3.49189e+97  6.24059e+97  -8.91023e+97  1.14664e+98  -1.3877e+98  1.61124e+98  -1.8146e+98  1.99544e+98  -2.15176e+98  2.28187e+98  -2.38443e+98  2.45841e+98  -2.50309e+98  2.51802e+98  -2.50309e+98  2.45841e+98  -2.38443e+98  2.28187e+98  -2.15176e+98  1.99544e+98  -1.8146e+98  1.61124e+98  -1.3877e+98  1.14664e+98  -8.91023e+97  6.24059e+97  -3.49189e+97  7.00167e+96  2.09752e+97  
-1.83679e+97  -6.13101e+96  3.05798e+97  -5.46518e+97  7.80298e+97  -1.00411e+98  1.21514e+98  -1.41078e+98  1.58872e+98  -1.74691e+98  1.88361e+98  -1.99737e+98  2.08703e+98  -2.15168e+98  2.19072e+98  -2.20378e+98  2.19072e+98  -2.15168e+98  2.08703e+98  -1.99737e+98  1.88361e+98  -1.74691e+98  1.58872e+98  -1.41078e+98  1.21514e+98  -1.00411e+98  7.80298e+97  -5.46518e+97  3.05798e+97  -6.13101e+96  -1.83679e+97  
1.55826e+97  5.20103e+96  -2.59436e+97  4.63666e+97  -6.61995e+97  8.51849e+97  -1.03082e+98  1.19672e+98  -1.34757e+98  1.48165e+98  -1.59749e+98  1.69387e+98  -1.76981e+98  1.82457e+98  -1.85763e+98  1.86869e+98  -1.85763e+98  1.82457e+98  -1.76981e+98  1.69387e+98  -1.59749e+98  1.48165e+98  -1.34757e+98  1.19672e+98  -1.03082e+98  8.51849e+97  -6.61995e+97  4.63666e+97  -2.59436e+97  5.20103e+96  1.55826e+97  
-1.26475e+97  -4.22121e+96  2.10577e+97  -3.76347e+97  5.3732e+97  -6.91399e+97  8.36629e+97  -9.71226e+97  1.09359e+98  -1.20234e+98  1.29627e+98  -1.37441e+98  1.43596e+98  -1.48035e+98  1.50714e+98  -1.5161e+98  1.50714e+98  -1.48035e+98  1.43596e+98  -1.37441e+98  1.29627e+98  -1.20234e+98  1.09359e+98  -9.71226e+97  8.36629e+97  -6.91399e+97  5.3732e+97  -3.76347e+97  2.10577e+97  -4.22121e+96  -1.26475e+97  
9.59183e+96  3.20125e+96  -1.59705e+97  2.8543e+97  -4.07512e+97  5.24356e+97  -6.34479e+97  7.36525e+97  -8.29287e+97  9.11709e+97  -9.82894e+97  1.0421e+98  -1.08874e+98  1.12237e+98  -1.14266e+98  1.14945e+98  -1.14266e+98  1.12237e+98  -1.08874e+98  1.0421e+98  -9.82894e+97  9.11709e+97  -8.29287e+97  7.36525e+97  -6.34479e+97  5.24356e+97  -4.07512e+97  2.8543e+97  -1.59705e+97  3.20125e+96  9.59183e+96  
-6.44525e+96  -2.15104e+96  1.07316e+97  -1.918e+97  2.73833e+97  -3.52343e+97  4.26331e+97  -4.94886e+97  5.57198e+97  -6.12558e+97  6.60366e+97  -7.00126e+97  7.31443e+97  -7.5402e+97  7.67648e+97  -7.72204e+97  7.67648e+97  -7.5402e+97  7.31443e+97  -7.00126e+97  6.60366e+97  -6.12558e+97  5.57198e+97  -4.94886e+97  4.26331e+97  -3.52343e+97  2.73833e+97  -1.918e+97  1.07316e+97  -2.15104e+96  -6.44525e+96  
3.23786e+96  1.08059e+96  -5.39123e+96  9.63548e+96  -1.37565e+97  1.77005e+97  -2.14171e+97  2.48606e+97  -2.79903e+97  3.07707e+97  -3.31716e+97  3.51682e+97  -3.67408e+97  3.78745e+97  -3.85587e+97  3.87875e+97  -3.85587e+97  3.78745e+97  -3.67408e+97  3.51682e+97  -3.31716e+97  3.07707e+97  -2.79903e+97  2.48606e+97  -2.14171e+97  1.77005e+97  -1.37565e+97  9.63548e+96  -5.39123e+96  1.08059e+96  3.23786e+96  
0  0  0  0  0  0  0  0  0  0  0  0  0  0  0  0  0  0  0  0  0  0  0  0  0  0  0  0  0  0  0  
