1  1  1  1  1  1  1  1  1  1  1  1  1  1  1  1  1  1  1  1  1  1  1  1  1  1  1  1  1  1  1  
0.96146  0.957301  0.944824  0.926292  0.904375  0.881346  0.858777  0.837612  0.818383  0.801384  0.786786  0.7747  0.765208  0.758375  0.754253  0.752875  0.754253  0.758375  0.765208  0.7747  0.786786  0.801384  0.818383  0.837612  0.858777  0.881346  0.904375  0.926292  0.944824  0.957301  0.96146  
0.923564  0.915535  0.89145  0.855908  0.814352  0.771427  0.730302  0.692789  0.659743  0.631449  0.607884  0.588899  0.57432  0.564001  0.557845  0.555798  0.557845  0.564001  0.57432  0.588899  0.607884  0.631449  0.659743  0.692789  0.730302  0.771427  0.814352  0.855908  0.89145  0.915535  0.923564  
0.886915  0.875549  0.841451  0.791642  0.734448  0.676943  0.623829  0.577531  0.53881  0.507419  0.482621  0.463552  0.449444  0.43972  0.434013  0.43213  0.434013  0.43972  0.449444  0.463552  0.482621  0.507419  0.53881  0.577531  0.623829  0.676943  0.734448  0.791642  0.841451  0.875549  0.886915  
0.85204  0.838031  0.796006  0.735404  0.667407  0.601397  0.543317  0.495738  0.458764  0.43108  0.410835  0.396249  0.385939  0.379009  0.37498  0.373654  0.37498  0.379009  0.385939  0.396249  0.410835  0.43108  0.458764  0.495738  0.543317  0.601397  0.667407  0.735404  0.796006  0.838031  0.85204  
0.819362  0.803478  0.755824  0.688106  0.614102  0.545122  0.487843  0.444403  0.413727  0.393105  0.379496  0.370362  0.364021  0.359638  0.356975  0.356071  0.356975  0.359638  0.364021  0.370362  0.379496  0.393105  0.413727  0.444403  0.487843  0.545122  0.614102  0.688106  0.755824  0.803478  0.819362  
0.789187  0.772183  0.721173  0.649781  0.573896  0.506178  0.453434  0.416875  0.393971  0.380609  0.372793  0.367605  0.36349  0.360071  0.357678  0.356807  0.357678  0.360071  0.36349  0.367605  0.372793  0.380609  0.393971  0.416875  0.453434  0.506178  0.573896  0.649781  0.721173  0.772183  0.789187  
0.7617  0.744264  0.691956  0.619829  0.545229  0.481508  0.435091  0.405996  0.390268  0.382662  0.3786  0.375149  0.371192  0.367056  0.363836  0.362616  0.363836  0.367056  0.371192  0.375149  0.3786  0.382662  0.390268  0.405996  0.435091  0.481508  0.545229  0.619829  0.691956  0.744264  0.7617  
0.736981  0.719693  0.667831  0.597289  0.526164  0.467893  0.428187  0.405882  0.395868  0.392141  0.389869  0.386321  0.380935  0.374836  0.369981  0.368129  0.369981  0.374836  0.380935  0.386321  0.389869  0.392141  0.395868  0.405882  0.428187  0.467893  0.526164  0.597289  0.667831  0.719693  0.736981  
0.715017  0.69834  0.648309  0.581065  0.514778  0.462492  0.429085  0.412412  0.406581  0.405166  0.403273  0.398412  0.390563  0.381663  0.374604  0.371917  0.374604  0.381663  0.390563  0.398412  0.403273  0.405166  0.406581  0.412412  0.429085  0.462492  0.514778  0.581065  0.648309  0.69834  0.715017  
0.695731  0.68001  0.632848  0.57008  0.50937  0.463049  0.435189  0.422967  0.420063  0.419863  0.417461  0.410544  0.399555  0.387245  0.377536  0.373847  0.377536  0.387245  0.399555  0.410544  0.417461  0.419863  0.420063  0.422967  0.435189  0.463049  0.50937  0.57008  0.632848  0.68001  0.695731  
0.678998  0.664474  0.620904  0.563356  0.508541  0.467877  0.444755  0.435975  0.43507  0.43537  0.43192  0.422472  0.407847  0.391626  0.378871  0.374029  0.378871  0.391626  0.407847  0.422472  0.43192  0.43537  0.43507  0.435975  0.444755  0.467877  0.508541  0.563356  0.620904  0.664474  0.678998  
0.664669  0.651495  0.611974  0.560059  0.511182  0.475755  0.456637  0.450502  0.450935  0.451263  0.446418  0.434098  0.415431  0.394852  0.378688  0.372551  0.378688  0.394852  0.415431  0.434098  0.446418  0.451263  0.450935  0.450502  0.456637  0.475755  0.511182  0.560059  0.611974  0.651495  0.664669  
0.652586  0.640842  0.60561  0.55949  0.516435  0.485813  0.470084  0.465983  0.467272  0.467291  0.46079  0.445317  0.42225  0.396912  0.377007  0.369446  0.377007  0.396912  0.42225  0.445317  0.46079  0.467291  0.467272  0.465983  0.470084  0.485813  0.516435  0.55949  0.60561  0.640842  0.652586  
0.642594  0.632303  0.601428  0.561085  0.52364  0.497423  0.484588  0.482053  0.483826  0.483258  0.474862  0.455972  0.428178  0.397726  0.373796  0.364698  0.373796  0.397726  0.428178  0.455972  0.474862  0.483258  0.483826  0.482053  0.484588  0.497423  0.52364  0.561085  0.601428  0.632303  0.642594  
0.634551  0.62569  0.599107  0.564392  0.532294  0.510125  0.499794  0.498457  0.500396  0.498969  0.488423  0.465839  0.433017  0.397154  0.368974  0.358257  0.368974  0.397154  0.433017  0.465839  0.488423  0.498969  0.500396  0.498457  0.499794  0.510125  0.532294  0.564392  0.599107  0.62569  0.634551  
0.628333  0.620848  0.598391  0.569057  0.54201  0.523574  0.515434  0.514991  0.516797  0.514209  0.501204  0.474624  0.436495  0.394999  0.362426  0.350041  0.362426  0.394999  0.436495  0.474624  0.501204  0.514209  0.516797  0.514991  0.515434  0.523574  0.54201  0.569057  0.598391  0.620848  0.628333  
0.623845  0.617655  0.599083  0.574811  0.552494  0.537505  0.531293  0.531471  0.532827  0.528713  0.512864  0.48194  0.438256  0.391001  0.354  0.339944  0.354  0.391001  0.438256  0.48194  0.512864  0.528713  0.532827  0.531471  0.531293  0.537505  0.552494  0.574811  0.599083  0.617655  0.623845  
0.621023  0.616029  0.601045  0.581461  0.56353  0.55171  0.547183  0.547701  0.548236  0.542129  0.522946  0.487283  0.437847  0.384839  0.343512  0.327842  0.343512  0.384839  0.437847  0.487283  0.522946  0.542129  0.548236  0.547701  0.547183  0.55171  0.56353  0.581461  0.601045  0.616029  0.621023  
0.619842  0.615932  0.604201  0.588887  0.574969  0.566024  0.562913  0.563432  0.562665  0.553958  0.530829  0.489999  0.434703  0.376128  0.330755  0.313599  0.330755  0.376128  0.434703  0.489999  0.530829  0.553958  0.562665  0.563432  0.562913  0.566024  0.574969  0.588887  0.604201  0.615932  0.619842  
0.620331  0.617383  0.608542  0.597042  0.586713  0.580292  0.578243  0.57829  0.57556  0.563458  0.535649  0.489235  0.42813  0.364419  0.315497  0.297072  0.315497  0.364419  0.42813  0.489235  0.535649  0.563458  0.57556  0.57829  0.578243  0.580292  0.586713  0.597042  0.608542  0.617383  0.620331  
0.622575  0.620462  0.61412  0.605925  0.598681  0.594297  0.592765  0.591622  0.586002  0.569496  0.536196  0.483888  0.417292  0.349204  0.2975  0.278124  0.2975  0.349204  0.417292  0.483888  0.536196  0.569496  0.586002  0.591622  0.592765  0.594297  0.598681  0.605925  0.61412  0.620462  0.622575  
0.626694  0.625268  0.620989  0.615489  0.610643  0.607545  0.605636  0.602202  0.592435  0.57034  0.530795  0.472567  0.401218  0.329942  0.27653  0.256636  0.27653  0.329942  0.401218  0.472567  0.530795  0.57034  0.592435  0.602202  0.605636  0.607545  0.610643  0.615489  0.620989  0.625268  0.626694  
0.632567  0.631643  0.62887  0.625228  0.621743  0.61871  0.615007  0.607711  0.59226  0.563414  0.517201  0.453578  0.378831  0.306085  0.252387  0.232523  0.252387  0.306085  0.378831  0.453578  0.517201  0.563414  0.59226  0.607711  0.615007  0.61871  0.621743  0.625228  0.62887  0.631643  0.632567  
0.638784  0.638097  0.636036  0.633012  0.6293  0.624492  0.617025  0.603983  0.581375  0.545093  0.492585  0.425006  0.34904  0.277144  0.224929  0.205757  0.224929  0.277144  0.34904  0.425006  0.492585  0.545093  0.581375  0.603983  0.617025  0.624492  0.6293  0.633012  0.636036  0.638097  0.638784  
0.639994  0.639184  0.636754  0.632677  0.626673  0.617877  0.604597  0.584292  0.55392  0.510766  0.453736  0.384919  0.310886  0.242772  0.194117  0.176387  0.194117  0.242772  0.310886  0.384919  0.453736  0.510766  0.55392  0.584292  0.604597  0.617877  0.626673  0.632677  0.636754  0.639184  0.639994  
0.622963  0.621672  0.617799  0.6111  0.601062  0.586768  0.56682  0.539432  0.502748  0.455444  0.397605  0.331761  0.26377  0.202873  0.160055  0.144565  0.160055  0.202873  0.26377  0.331761  0.397605  0.455444  0.502748  0.539432  0.56682  0.586768  0.601062  0.6111  0.617799  0.621672  0.622963  
0.565131  0.563263  0.55766  0.548104  0.534206  0.515373  0.490824  0.459687  0.421217  0.375157  0.322253  0.264896  0.207726  0.157709  0.123028  0.110561  0.123028  0.157709  0.207726  0.264896  0.322253  0.375157  0.421217  0.459687  0.490824  0.515373  0.534206  0.548104  0.55766  0.563263  0.565131  
0.442234  0.440205  0.434118  0.423913  0.40948  0.390663  0.367281  0.339174  0.306315  0.268978  0.228008  0.185194  0.143664  0.107991  0.0835245  0.0747733  0.0835245  0.107991  0.143664  0.185194  0.228008  0.268978  0.306315  0.339174  0.367281  0.390663  0.40948  0.423913  0.434118  0.440205  0.442234  
0.246084  0.244722  0.240637  0.233863  0.224447  0.212449  0.197948  0.181049  0.161919  0.140849  0.118362  0.0953929  0.0734917  0.0548968  0.0422321  0.0377167  0.0422321  0.0548968  0.0734917  0.0953929  0.118362  0.140849  0.161919  0.181049  0.197948  0.212449  0.224447  0.233863  0.240637  0.244722  0.246084  
0  0  0  0  0  0  0  0  0  0  0  0  0  0  0  0  0  0  0  0  0  0  0  0  0  0  0  0  0  0  0  
