1  1  1  1  1  1  1  1  1  1  1  1  1  1  1  1  1  1  1  1  1  1  1  1  1  1  1  1  1  1  1  
0.961869  0.958015  0.946452  0.929335  0.909181  0.888098  0.867504  0.848231  0.830732  0.815257  0.801954  0.790927  0.782254  0.776005  0.772232  0.77097  0.772232  0.776005  0.782254  0.790927  0.801954  0.815257  0.830732  0.848231  0.867504  0.888098  0.909181  0.929335  0.946452  0.958015  0.961869  
0.924354  0.916918  0.894611  0.861806  0.823631  0.784384  0.746923  0.71283  0.682819  0.657106  0.635658  0.618342  0.605015  0.595564  0.589917  0.588038  0.589917  0.595564  0.605015  0.618342  0.635658  0.657106  0.682819  0.71283  0.746923  0.784384  0.823631  0.861806  0.894611  0.916918  0.924354  
0.888029  0.877512  0.845962  0.800043  0.747582  0.695112  0.646858  0.604909  0.569848  0.541382  0.518821  0.501395  0.488438  0.479467  0.474185  0.472439  0.474185  0.479467  0.488438  0.501395  0.518821  0.541382  0.569848  0.604909  0.646858  0.695112  0.747582  0.800043  0.845962  0.877512  0.888029  
0.853395  0.840449  0.801612  0.745828  0.683579  0.623502  0.570908  0.527956  0.494577  0.469489  0.450994  0.437517  0.42787  0.421312  0.417468  0.416197  0.417468  0.421312  0.42787  0.437517  0.450994  0.469489  0.494577  0.527956  0.570908  0.623502  0.683579  0.745828  0.801612  0.840449  0.853395  
0.820849  0.806191  0.76222  0.699992  0.632388  0.569784  0.518093  0.47901  0.451354  0.432567  0.419903  0.41114  0.404867  0.400431  0.397704  0.396774  0.397704  0.400431  0.404867  0.41114  0.419903  0.432567  0.451354  0.47901  0.518093  0.569784  0.632388  0.699992  0.76222  0.806191  0.820849  
0.790674  0.77501  0.728016  0.66253  0.593357  0.53206  0.484603  0.451775  0.431049  0.418617  0.410915  0.405431  0.400909  0.397143  0.394534  0.393591  0.394534  0.397143  0.400909  0.405431  0.410915  0.418617  0.431049  0.451775  0.484603  0.53206  0.593357  0.66253  0.728016  0.77501  0.790674  
0.763037  0.747001  0.698891  0.632845  0.564975  0.507416  0.465723  0.439562  0.425119  0.417603  0.412981  0.408779  0.404165  0.399582  0.396123  0.394831  0.396123  0.399582  0.404165  0.408779  0.412981  0.417603  0.425119  0.439562  0.465723  0.507416  0.564975  0.632845  0.698891  0.747001  0.763037  
0.738  0.722125  0.6745  0.610005  0.54539  0.492814  0.457136  0.436939  0.427394  0.423084  0.419799  0.415281  0.40921  0.402744  0.397744  0.39586  0.397744  0.402744  0.40921  0.415281  0.419799  0.423084  0.427394  0.436939  0.457136  0.492814  0.54539  0.610005  0.6745  0.722125  0.738  
0.715536  0.700243  0.654362  0.592955  0.532783  0.485598  0.45548  0.440142  0.434102  0.431617  0.428465  0.422619  0.414236  0.405189  0.398171  0.395524  0.398171  0.405189  0.414236  0.422619  0.428465  0.431617  0.434102  0.440142  0.45548  0.485598  0.532783  0.592955  0.654362  0.700243  0.715536  
0.695556  0.681155  0.637951  0.58067  0.525557  0.483676  0.458382  0.446815  0.443166  0.441578  0.437839  0.430076  0.418839  0.406709  0.397297  0.393744  0.397297  0.406709  0.418839  0.430076  0.437839  0.441578  0.443166  0.446815  0.458382  0.483676  0.525557  0.58067  0.637951  0.681155  0.695556  
0.677925  0.664629  0.62474  0.572226  0.522406  0.485498  0.464263  0.455559  0.453506  0.452234  0.4475  0.437463  0.422979  0.407349  0.395203  0.390613  0.395203  0.407349  0.422979  0.437463  0.4475  0.452234  0.453506  0.455559  0.464263  0.485498  0.522406  0.572226  0.62474  0.664629  0.677925  
0.662484  0.650424  0.614243  0.566833  0.522303  0.489952  0.472102  0.46556  0.464552  0.463235  0.457259  0.4447  0.426646  0.407138  0.391939  0.386185  0.391939  0.407138  0.426646  0.4447  0.457259  0.463235  0.464552  0.46556  0.472102  0.489952  0.522303  0.566833  0.614243  0.650424  0.662484  
0.649066  0.638306  0.606028  0.563837  0.524458  0.496253  0.481234  0.476331  0.475982  0.474375  0.466978  0.45169  0.429774  0.406039  0.387493  0.380459  0.387493  0.406039  0.429774  0.45169  0.466978  0.474375  0.475982  0.476331  0.481234  0.496253  0.524458  0.563837  0.606028  0.638306  0.649066  
0.637503  0.628059  0.599724  0.562709  0.528268  0.50384  0.491219  0.487567  0.487587  0.485489  0.476504  0.458286  0.432236  0.403961  0.381807  0.373391  0.381807  0.403961  0.432236  0.458286  0.476504  0.485489  0.487587  0.487567  0.491219  0.50384  0.528268  0.562709  0.599724  0.628059  0.637503  
0.627643  0.619487  0.595019  0.563025  0.533273  0.512305  0.501754  0.499057  0.499204  0.496416  0.485652  0.464284  0.433839  0.400755  0.374784  0.364906  0.374784  0.400755  0.433839  0.464284  0.485652  0.496416  0.499204  0.499057  0.501754  0.512305  0.533273  0.563025  0.595019  0.619487  0.627643  
0.619345  0.612424  0.59166  0.564451  0.53912  0.521345  0.512611  0.510637  0.510685  0.506977  0.494189  0.469414  0.434326  0.396223  0.366292  0.354903  0.366292  0.396223  0.434326  0.469414  0.494189  0.506977  0.510685  0.510637  0.512611  0.521345  0.53912  0.564451  0.59166  0.612424  0.619345  
0.612496  0.606734  0.589447  0.566732  0.545542  0.530726  0.523612  0.522158  0.521868  0.516948  0.501813  0.473326  0.433362  0.390108  0.356171  0.343261  0.356171  0.390108  0.433362  0.473326  0.501813  0.516948  0.521868  0.522158  0.523612  0.530726  0.545542  0.566732  0.589447  0.606734  0.612496  
0.607008  0.602314  0.588233  0.569678  0.552339  0.540267  0.534599  0.533463  0.532547  0.526029  0.508121  0.475561  0.430523  0.382101  0.344231  0.329845  0.344231  0.382101  0.430523  0.475561  0.508121  0.526029  0.532547  0.533463  0.534599  0.540267  0.552339  0.569678  0.588233  0.602314  0.607008  
0.602827  0.599102  0.587927  0.573169  0.55937  0.549823  0.545416  0.544351  0.542424  0.53379  0.512562  0.475523  0.425283  0.371829  0.330259  0.314506  0.330259  0.371829  0.425283  0.475523  0.512562  0.53379  0.542424  0.544351  0.545416  0.549823  0.55937  0.573169  0.587927  0.599102  0.602827  
0.599947  0.597085  0.588497  0.577145  0.566548  0.559265  0.555865  0.554509  0.551024  0.539579  0.514357  0.472429  0.416991  0.358861  0.314022  0.297093  0.314022  0.358861  0.416991  0.472429  0.514357  0.539579  0.551024  0.554509  0.555865  0.559265  0.566548  0.577145  0.588497  0.597085  0.599947  
0.598419  0.596308  0.589974  0.581604  0.573805  0.568419  0.565613  0.563386  0.55755  0.542388  0.512409  0.46526  0.40486  0.342709  0.295279  0.27746  0.295279  0.342709  0.40486  0.46526  0.512409  0.542388  0.55755  0.563386  0.565613  0.568419  0.573805  0.581604  0.589974  0.596308  0.598419  
0.598342  0.596859  0.59241  0.586518  0.580969  0.576885  0.573948  0.569921  0.560623  0.540655  0.505182  0.45272  0.387973  0.322849  0.273797  0.255477  0.273797  0.322849  0.387973  0.45272  0.505182  0.540655  0.560623  0.569921  0.573948  0.576885  0.580969  0.586518  0.59241  0.596859  0.598342  
0.599651  0.598641  0.595612  0.591504  0.587346  0.583548  0.579275  0.572066  0.557911  0.532031  0.490602  0.433225  0.365308  0.29875  0.249367  0.23105  0.249367  0.29875  0.365308  0.433225  0.490602  0.532031  0.557911  0.572066  0.579275  0.583548  0.587346  0.591504  0.595612  0.598641  0.599651  
0.601212  0.600449  0.598162  0.59478  0.590651  0.58554  0.578185  0.566083  0.54568  0.513177  0.466029  0.404965  0.335818  0.269934  0.221844  0.204139  0.221844  0.269934  0.335818  0.404965  0.466029  0.513177  0.54568  0.566083  0.578185  0.58554  0.590651  0.59478  0.598162  0.600449  0.601212  
0.598425  0.597593  0.595096  0.590964  0.585026  0.576607  0.564284  0.545839  0.51853  0.479797  0.428441  0.3661  0.298574  0.236052  0.191174  0.174778  0.191174  0.236052  0.298574  0.3661  0.428441  0.479797  0.51853  0.545839  0.564284  0.576607  0.585026  0.590964  0.595096  0.597593  0.598425  
0.579513  0.578286  0.574603  0.568282  0.558919  0.545753  0.527584  0.502832  0.469801  0.427197  0.374935  0.315123  0.25298  0.196992  0.157444  0.143101  0.157444  0.196992  0.25298  0.315123  0.374935  0.427197  0.469801  0.502832  0.527584  0.545753  0.558919  0.568282  0.574603  0.578286  0.579513  
0.523958  0.522236  0.517068  0.508281  0.495556  0.478395  0.456123  0.427962  0.393215  0.35158  0.30362  0.251386  0.199034  0.152983  0.120913  0.109357  0.120913  0.152983  0.199034  0.251386  0.30362  0.35158  0.393215  0.427962  0.456123  0.478395  0.495556  0.508281  0.517068  0.522236  0.523958  
0.4093  0.407445  0.401879  0.392559  0.379402  0.362287  0.34106  0.315583  0.285813  0.251958  0.214719  0.17565  0.137564  0.104683  0.0820375  0.0739191  0.0820375  0.104683  0.137564  0.17565  0.214719  0.251958  0.285813  0.315583  0.34106  0.362287  0.379402  0.392559  0.401879  0.407445  0.4093  
0.227597  0.226355  0.222626  0.216447  0.207867  0.196949  0.183768  0.168422  0.151055  0.131911  0.111437  0.0904496  0.0703451  0.0531933  0.0414648  0.0372738  0.0414648  0.0531933  0.0703451  0.0904496  0.111437  0.131911  0.151055  0.168422  0.183768  0.196949  0.207867  0.216447  0.222626  0.226355  0.227597  
0  0  0  0  0  0  0  0  0  0  0  0  0  0  0  0  0  0  0  0  0  0  0  0  0  0  0  0  0  0  0  
