1  1  1  1  1  1  1  1  1  1  1  1  1  1  1  1  1  1  1  1  1  1  1  1  1  1  1  1  1  1  1  
0.967375  0.963916  0.953538  0.937996  0.919375  0.899485  0.879627  0.860647  0.843087  0.827306  0.813563  0.802054  0.792935  0.786329  0.782328  0.780988  0.782328  0.786329  0.792935  0.802054  0.813563  0.827306  0.843087  0.860647  0.879627  0.899485  0.919375  0.937996  0.953538  0.963916  0.967375  
0.935249  0.92856  0.908493  0.878612  0.843173  0.805871  0.769332  0.73519  0.704368  0.677351  0.654367  0.63551  0.620817  0.610305  0.60399  0.601883  0.60399  0.610305  0.620817  0.63551  0.654367  0.677351  0.704368  0.73519  0.769332  0.805871  0.843173  0.878612  0.908493  0.92856  0.935249  
0.90409  0.894593  0.866102  0.824061  0.774978  0.724489  0.676496  0.63323  0.595674  0.564028  0.538071  0.517425  0.501718  0.490667  0.484096  0.481914  0.484096  0.490667  0.501718  0.517425  0.538071  0.564028  0.595674  0.63323  0.676496  0.724489  0.774978  0.824061  0.866102  0.894593  0.90409  
0.874306  0.862554  0.827299  0.775867  0.717004  0.658195  0.604403  0.558098  0.519884  0.489247  0.465188  0.446668  0.432862  0.42324  0.417532  0.415637  0.417532  0.42324  0.432862  0.446668  0.465188  0.489247  0.519884  0.558098  0.604403  0.658195  0.717004  0.775867  0.827299  0.862554  0.874306  
0.846224  0.832831  0.792652  0.73478  0.670007  0.607381  0.552536  0.507731  0.472778  0.446174  0.426053  0.410806  0.39937  0.39124  0.386312  0.384654  0.386312  0.39124  0.39937  0.410806  0.426053  0.446174  0.472778  0.507731  0.552536  0.607381  0.670007  0.73478  0.792652  0.832831  0.846224  
0.820078  0.805654  0.762383  0.700863  0.633563  0.570647  0.51796  0.477152  0.447005  0.424995  0.408538  0.395725  0.385567  0.377888  0.373002  0.371314  0.373002  0.377888  0.385567  0.395725  0.408538  0.424995  0.447005  0.477152  0.51796  0.570647  0.633563  0.700863  0.762383  0.805654  0.820078  
0.796011  0.781115  0.736427  0.673676  0.606506  0.545692  0.496873  0.46087  0.435428  0.417176  0.40308  0.391202  0.380867  0.372431  0.366785  0.364788  0.366785  0.372431  0.380867  0.391202  0.40308  0.417176  0.435428  0.46087  0.496873  0.545692  0.606506  0.673676  0.736427  0.781115  0.796011  
0.774077  0.759188  0.714522  0.652487  0.587355  0.530035  0.485688  0.454278  0.432691  0.416974  0.403881  0.391615  0.379926  0.369785  0.36276  0.360235  0.36276  0.369785  0.379926  0.391615  0.403881  0.416974  0.432691  0.454278  0.485688  0.530035  0.587355  0.652487  0.714522  0.759188  0.774077  
0.754261  0.739767  0.696285  0.636442  0.574611  0.521449  0.481519  0.454055  0.435342  0.421084  0.407974  0.394401  0.380547  0.368033  0.35917  0.355953  0.35917  0.368033  0.380547  0.394401  0.407974  0.421084  0.435342  0.454055  0.481519  0.521449  0.574611  0.636442  0.696285  0.739767  0.754261  
0.736491  0.722689  0.681282  0.624687  0.566922  0.518122  0.482249  0.458006  0.441327  0.427751  0.413956  0.398482  0.381904  0.366511  0.355439  0.351393  0.355439  0.366511  0.381904  0.398482  0.413956  0.427751  0.441327  0.458006  0.482249  0.518122  0.566922  0.624687  0.681282  0.722689  0.736491  
0.720659  0.707762  0.669072  0.616433  0.563148  0.518659  0.48639  0.464725  0.449449  0.436034  0.421128  0.403354  0.38363  0.364937  0.351332  0.346332  0.351332  0.364937  0.38363  0.403354  0.421128  0.436034  0.449449  0.464725  0.48639  0.518659  0.563148  0.616433  0.669072  0.707762  0.720659  
0.706628  0.694779  0.659233  0.610985  0.562358  0.522008  0.49291  0.473305  0.458973  0.445367  0.429064  0.408697  0.385484  0.363122  0.346688  0.34062  0.346688  0.363122  0.385484  0.408697  0.429064  0.445367  0.458973  0.473305  0.49291  0.522008  0.562358  0.610985  0.659233  0.694779  0.706628  
0.694251  0.683534  0.651381  0.607747  0.563805  0.527376  0.501073  0.483125  0.4694  0.455347  0.437433  0.414237  0.38724  0.360889  0.341365  0.334128  0.341365  0.360889  0.38724  0.414237  0.437433  0.455347  0.4694  0.483125  0.501073  0.527376  0.563805  0.607747  0.651381  0.683534  0.694251  
0.683377  0.673826  0.645171  0.606215  0.566884  0.534153  0.510336  0.49373  0.480346  0.465637  0.445925  0.419691  0.388659  0.35805  0.335221  0.326732  0.335221  0.35805  0.388659  0.419691  0.445925  0.465637  0.480346  0.49373  0.510336  0.534153  0.566884  0.606215  0.645171  0.673826  0.683377  
0.673855  0.665465  0.640297  0.60596  0.571101  0.541853  0.520265  0.504749  0.49148  0.475917  0.45422  0.424751  0.389471  0.354396  0.328105  0.318305  0.328105  0.354396  0.389471  0.424751  0.45422  0.475917  0.49148  0.504749  0.520265  0.541853  0.571101  0.60596  0.640297  0.665465  0.673855  
0.665537  0.658276  0.636492  0.60662  0.576045  0.550071  0.530499  0.515856  0.502489  0.485859  0.461969  0.429067  0.389366  0.349693  0.319858  0.30872  0.319858  0.349693  0.389366  0.429067  0.461969  0.485859  0.502489  0.515856  0.530499  0.550071  0.576045  0.60662  0.636492  0.658276  0.665537  
0.658282  0.652091  0.63352  0.607886  0.581365  0.558458  0.540709  0.52674  0.513048  0.495102  0.468769  0.432229  0.387983  0.343673  0.310308  0.297844  0.310308  0.343673  0.387983  0.432229  0.468769  0.495102  0.513048  0.52674  0.540709  0.558458  0.581365  0.607886  0.63352  0.652091  0.658282  
0.651953  0.646758  0.631172  0.609489  0.586754  0.566695  0.550576  0.537071  0.522793  0.503221  0.474141  0.433748  0.384896  0.336033  0.29927  0.285541  0.29927  0.336033  0.384896  0.433748  0.474141  0.503221  0.522793  0.537071  0.550576  0.566695  0.586754  0.609489  0.631172  0.646758  0.651953  
0.646417  0.642128  0.629261  0.611194  0.591935  0.574477  0.559768  0.546472  0.531273  0.509677  0.47748  0.433026  0.379605  0.326431  0.286548  0.271676  0.286548  0.326431  0.379605  0.433026  0.47748  0.509677  0.531273  0.546472  0.559768  0.574477  0.591935  0.611194  0.629261  0.642128  0.646417  
0.641536  0.638054  0.62761  0.612778  0.596638  0.581477  0.567889  0.554451  0.537877  0.513746  0.478006  0.429322  0.371518  0.314481  0.271937  0.256115  0.271937  0.314481  0.371518  0.429322  0.478006  0.513746  0.537877  0.554451  0.567889  0.581477  0.596638  0.612778  0.62761  0.638054  0.641536  
0.637158  0.634376  0.62603  0.614005  0.600552  0.58728  0.574385  0.560285  0.541712  0.51441  0.474681  0.42172  0.359947  0.299766  0.255232  0.238732  0.255232  0.299766  0.359947  0.42172  0.474681  0.51441  0.541712  0.560285  0.574385  0.58728  0.600552  0.614005  0.62603  0.634376  0.637158  
0.633058  0.630855  0.624243  0.614515  0.603184  0.591203  0.578331  0.562796  0.541393  0.510203  0.466128  0.409091  0.344112  0.281846  0.236238  0.219422  0.236238  0.281846  0.344112  0.409091  0.466128  0.510203  0.541393  0.562796  0.578331  0.591203  0.603184  0.614515  0.624243  0.630855  0.633058  
0.628695  0.626919  0.621592  0.613494  0.603472  0.591863  0.577997  0.55996  0.534752  0.499032  0.450557  0.390101  0.323169  0.26029  0.21479  0.198109  0.21479  0.26029  0.323169  0.390101  0.450557  0.499032  0.534752  0.55996  0.577997  0.591863  0.603472  0.613494  0.621592  0.626919  0.628695  
0.62238  0.62083  0.616179  0.608773  0.598887  0.586331  0.570121  0.548365  0.518507  0.478046  0.425765  0.363269  0.296272  0.234716  0.190773  0.174764  0.190773  0.234716  0.296272  0.363269  0.425765  0.478046  0.518507  0.548365  0.570121  0.586331  0.598887  0.608773  0.616179  0.62083  0.62238  
0.609311  0.607725  0.602966  0.595057  0.583865  0.568873  0.549021  0.522714  0.488102  0.443697  0.389302  0.327129  0.262699  0.204862  0.164154  0.149422  0.164154  0.204862  0.262699  0.327129  0.389302  0.443697  0.488102  0.522714  0.549021  0.568873  0.583865  0.595057  0.602966  0.607725  0.609311  
0.578737  0.576876  0.571294  0.561858  0.548279  0.530018  0.50625  0.475941  0.438102  0.392221  0.33889  0.280531  0.222015  0.170663  0.135014  0.122195  0.135014  0.170663  0.222015  0.280531  0.33889  0.392221  0.438102  0.475941  0.50625  0.530018  0.548279  0.561858  0.571294  0.576876  0.578737  
0.513153  0.510996  0.504526  0.493638  0.478143  0.457749  0.432083  0.400767  0.36358  0.320715  0.273143  0.223056  0.174283  0.132338  0.103575  0.0932906  0.103575  0.132338  0.174283  0.223056  0.273143  0.320715  0.36358  0.400767  0.432083  0.457749  0.478143  0.493638  0.504526  0.510996  0.513153  
0.39434  0.392262  0.386029  0.37565  0.361132  0.342489  0.319751  0.293009  0.262488  0.228665  0.192451  0.155453  0.120248  0.0904517  0.0702163  0.0630137  0.0702163  0.0904517  0.120248  0.155453  0.192451  0.228665  0.262488  0.293009  0.319751  0.342489  0.361132  0.37565  0.386029  0.392262  0.39434  
0.216933  0.215616  0.211664  0.205136  0.19612  0.184736  0.171137  0.155515  0.138125  0.119323  0.0996432  0.0799178  0.0614229  0.0459288  0.035472  0.0317608  0.035472  0.0459288  0.0614229  0.0799178  0.0996432  0.119323  0.138125  0.155515  0.171137  0.184736  0.19612  0.205136  0.211664  0.215616  0.216933  
0  0  0  0  0  0  0  0  0  0  0  0  0  0  0  0  0  0  0  0  0  0  0  0  0  0  0  0  0  0  0  
