1  1  1  1  1  1  1  1  1  1  1  1  1  1  1  1  1  1  1  1  1  1  1  1  1  1  1  1  1  1  1  
0.966122  0.962554  0.951849  0.935856  0.916766  0.896466  0.876293  0.857099  0.839413  0.823575  0.809822  0.798331  0.789241  0.782664  0.778683  0.77735  0.778683  0.782664  0.789241  0.798331  0.809822  0.823575  0.839413  0.857099  0.876293  0.896466  0.916766  0.935856  0.951849  0.962554  0.966122  
0.93277  0.925874  0.905184  0.874458  0.838163  0.800151  0.763122  0.728716  0.697823  0.670876  0.648048  0.629384  0.61488  0.604524  0.59831  0.596238  0.59831  0.604524  0.61488  0.629384  0.648048  0.670876  0.697823  0.728716  0.763122  0.800151  0.838163  0.874458  0.905184  0.925874  0.93277  
0.900438  0.890654  0.861303  0.81812  0.767935  0.716619  0.66818  0.624844  0.587524  0.556318  0.5309  0.510804  0.495588  0.484918  0.478585  0.476485  0.478585  0.484918  0.495588  0.510804  0.5309  0.556318  0.587524  0.624844  0.66818  0.716619  0.767935  0.81812  0.861303  0.890654  0.900438  
0.869555  0.857462  0.821182  0.768432  0.708383  0.648825  0.594846  0.54888  0.5114  0.481728  0.458705  0.441163  0.428184  0.419181  0.413854  0.412087  0.413854  0.419181  0.428184  0.441163  0.458705  0.481728  0.5114  0.54888  0.594846  0.648825  0.708383  0.768432  0.821182  0.857462  0.869555  
0.840465  0.826702  0.785414  0.726167  0.660273  0.597135  0.542507  0.498561  0.464906  0.439805  0.421182  0.407275  0.396925  0.389582  0.385127  0.383625  0.385127  0.389582  0.396925  0.407275  0.421182  0.439805  0.464906  0.498561  0.542507  0.597135  0.660273  0.726167  0.785414  0.826702  0.840465  
0.813415  0.798617  0.754224  0.691377  0.623132  0.560037  0.508027  0.468601  0.440263  0.420196  0.405575  0.394332  0.3854  0.37858  0.374196  0.372673  0.374196  0.37858  0.3854  0.394332  0.405575  0.420196  0.440263  0.468601  0.508027  0.560037  0.623132  0.691377  0.754224  0.798617  0.813415  
0.788553  0.773299  0.727538  0.663588  0.595717  0.535087  0.487386  0.453216  0.429982  0.413979  0.401922  0.391724  0.382657  0.375079  0.369923  0.368083  0.369923  0.375079  0.382657  0.391724  0.401922  0.413979  0.429982  0.453216  0.487386  0.535087  0.595717  0.663588  0.727538  0.773299  0.788553  
0.765937  0.750722  0.705077  0.64202  0.57646  0.519672  0.476818  0.447589  0.428489  0.415211  0.404262  0.393712  0.383277  0.373958  0.367386  0.365005  0.367386  0.373958  0.383277  0.393712  0.404262  0.415211  0.428489  0.447589  0.476818  0.519672  0.57646  0.64202  0.705077  0.750722  0.765937  
0.74555  0.730771  0.686435  0.625775  0.563786  0.511458  0.473314  0.448278  0.43223  0.420524  0.40961  0.397756  0.385121  0.373378  0.364923  0.361831  0.364923  0.373378  0.385121  0.397756  0.40961  0.420524  0.43223  0.448278  0.473314  0.511458  0.563786  0.625775  0.686435  0.730771  0.74555  
0.727318  0.713278  0.671158  0.613958  0.556281  0.508561  0.474685  0.453031  0.43913  0.428174  0.416604  0.402841  0.387443  0.372764  0.36205  0.35811  0.36205  0.372764  0.387443  0.402841  0.416604  0.428174  0.43913  0.453031  0.474685  0.508561  0.556281  0.613958  0.671158  0.713278  0.727318  
0.711125  0.69804  0.658785  0.605745  0.552763  0.509541  0.479412  0.460435  0.448003  0.437253  0.424596  0.408528  0.389945  0.371905  0.358601  0.353684  0.358601  0.371905  0.389945  0.408528  0.424596  0.437253  0.448003  0.460435  0.479412  0.509541  0.552763  0.605745  0.658785  0.69804  0.711125  
0.696832  0.684843  0.648878  0.600419  0.552276  0.513327  0.486455  0.46959  0.458143  0.447238  0.43321  0.414546  0.392434  0.370658  0.354461  0.348449  0.354461  0.370658  0.392434  0.414546  0.43321  0.447238  0.458143  0.46959  0.486455  0.513327  0.552276  0.600419  0.648878  0.684843  0.696832  
0.684288  0.673476  0.641041  0.597367  0.554055  0.519121  0.495089  0.479902  0.469084  0.457764  0.442152  0.420658  0.394718  0.368877  0.349518  0.342307  0.349518  0.368877  0.394718  0.420658  0.442152  0.457764  0.469084  0.479902  0.495089  0.519121  0.554055  0.597367  0.641041  0.673476  0.684288  
0.673337  0.663734  0.634922  0.596076  0.557493  0.526318  0.504785  0.490941  0.480476  0.468529  0.451145  0.426609  0.396583  0.366396  0.343649  0.335151  0.343649  0.366396  0.396583  0.426609  0.451145  0.468529  0.480476  0.490941  0.504785  0.526318  0.557493  0.596076  0.634922  0.663734  0.673337  
0.66383  0.655426  0.630214  0.596117  0.5621  0.534443  0.515136  0.502368  0.492022  0.479244  0.459897  0.432114  0.397776  0.363021  0.336716  0.326868  0.336716  0.363021  0.397776  0.432114  0.459897  0.479244  0.492022  0.502368  0.515136  0.534443  0.5621  0.596117  0.630214  0.655426  0.66383  
0.65562  0.648378  0.62665  0.597131  0.567473  0.543112  0.525804  0.513889  0.503441  0.489611  0.468079  0.436836  0.397996  0.358523  0.328567  0.317337  0.328567  0.358523  0.397996  0.436836  0.468079  0.489611  0.503441  0.513889  0.525804  0.543112  0.567473  0.597131  0.62665  0.648378  0.65562  
0.648574  0.642431  0.624003  0.598819  0.573277  0.551996  0.53649  0.525222  0.51444  0.499295  0.475311  0.440379  0.396887  0.35264  0.319033  0.30643  0.319033  0.35264  0.396887  0.440379  0.475311  0.499295  0.51444  0.525222  0.53649  0.551996  0.573277  0.598819  0.624003  0.642431  0.648574  
0.642565  0.637443  0.622076  0.600929  0.579227  0.560804  0.546906  0.536073  0.524683  0.507894  0.481124  0.442255  0.394024  0.345066  0.30793  0.294011  0.30793  0.345066  0.394024  0.442255  0.481124  0.507894  0.524683  0.536073  0.546906  0.560804  0.579227  0.600929  0.622076  0.637443  0.642565  
0.637478  0.633285  0.620704  0.603246  0.585071  0.569259  0.556753  0.546097  0.53375  0.514888  0.484922  0.441865  0.388898  0.335451  0.295058  0.279944  0.295058  0.335451  0.388898  0.441865  0.484922  0.514888  0.53375  0.546097  0.556753  0.569259  0.585071  0.603246  0.620704  0.633285  0.637478  
0.633206  0.629839  0.619739  0.605585  0.590578  0.577078  0.565675  0.554837  0.541053  0.519563  0.48592  0.438458  0.380904  0.323401  0.280207  0.264091  0.280207  0.323401  0.380904  0.438458  0.48592  0.519563  0.541053  0.554837  0.565675  0.577078  0.590578  0.605585  0.619739  0.629839  0.633206  
0.62964  0.62699  0.619041  0.607757  0.595485  0.583891  0.573159  0.561599  0.54571  0.520897  0.483063  0.431089  0.369332  0.308484  0.263164  0.246324  0.263164  0.308484  0.369332  0.431089  0.483063  0.520897  0.54571  0.561599  0.573159  0.583891  0.595485  0.607757  0.619041  0.62699  0.62964  
0.626623  0.624568  0.6184  0.609472  0.599363  0.589067  0.578317  0.565219  0.546331  0.517394  0.474933  0.418592  0.35337  0.290241  0.243729  0.226533  0.243729  0.290241  0.35337  0.418592  0.474933  0.517394  0.546331  0.565219  0.578317  0.589067  0.599363  0.609472  0.6184  0.624568  0.626623  
0.623712  0.622097  0.617252  0.609996  0.601219  0.591269  0.579433  0.563656  0.540698  0.506898  0.459674  0.399577  0.332135  0.268219  0.221726  0.204639  0.221726  0.268219  0.332135  0.399577  0.459674  0.506898  0.540698  0.563656  0.579433  0.591269  0.601219  0.609996  0.617252  0.622097  0.623712  
0.619318  0.617933  0.61378  0.607223  0.598552  0.587561  0.573192  0.553407  0.525419  0.486443  0.434984  0.372489  0.30474  0.242019  0.197036  0.180612  0.197036  0.242019  0.30474  0.372489  0.434984  0.486443  0.525419  0.553407  0.573192  0.587561  0.598552  0.607223  0.61378  0.617933  0.619318  
0.608642  0.607213  0.602926  0.595803  0.585699  0.572058  0.55373  0.528974  0.495741  0.452311  0.398287  0.335783  0.270416  0.211359  0.169622  0.154487  0.169622  0.211359  0.270416  0.335783  0.398287  0.452311  0.495741  0.528974  0.55373  0.572058  0.585699  0.595803  0.602926  0.607213  0.608642  
0.580648  0.578916  0.573719  0.564912  0.552178  0.534924  0.512238  0.482963  0.445953  0.400535  0.347168  0.288231  0.228698  0.176167  0.139567  0.126383  0.139567  0.176167  0.228698  0.288231  0.347168  0.400535  0.445953  0.482963  0.512238  0.534924  0.552178  0.564912  0.573719  0.578916  0.580648  
0.517108  0.515035  0.508815  0.498327  0.483353  0.463553  0.438487  0.407688  0.370834  0.328019  0.280138  0.22937  0.179637  0.136666  0.107103  0.096516  0.107103  0.136666  0.179637  0.22937  0.280138  0.328019  0.370834  0.407688  0.438487  0.463553  0.483353  0.498327  0.508815  0.515035  0.517108  
0.398839  0.3968  0.390681  0.380481  0.366186  0.347781  0.325257  0.298655  0.268147  0.234155  0.197556  0.159957  0.123999  0.0934399  0.0726257  0.0652062  0.0726257  0.0934399  0.123999  0.159957  0.197556  0.234155  0.268147  0.298655  0.325257  0.347781  0.366186  0.380481  0.390681  0.3968  0.398839  
0.219936  0.218629  0.214707  0.208223  0.199259  0.187922  0.174348  0.158711  0.141244  0.122282  0.102345  0.0822669  0.0633572  0.0474558  0.0366947  0.0328701  0.0366947  0.0474558  0.0633572  0.0822669  0.102345  0.122282  0.141244  0.158711  0.174348  0.187922  0.199259  0.208223  0.214707  0.218629  0.219936  
0  0  0  0  0  0  0  0  0  0  0  0  0  0  0  0  0  0  0  0  0  0  0  0  0  0  0  0  0  0  0  
