1  1  1  1  1  1  1  1  1  1  1  1  1  1  1  1  1  1  1  1  1  1  1  1  1  1  1  1  1  1  1  
0.966128  0.962548  0.951808  0.935759  0.916596  0.896213  0.875951  0.85667  0.838901  0.822988  0.80917  0.797625  0.788493  0.781885  0.777886  0.776547  0.777886  0.781885  0.788493  0.797625  0.80917  0.822988  0.838901  0.85667  0.875951  0.896213  0.916596  0.935759  0.951808  0.962548  0.966128  
0.932782  0.925863  0.905104  0.874269  0.837833  0.799661  0.762465  0.727895  0.696852  0.669772  0.646832  0.628077  0.613503  0.603098  0.596854  0.594773  0.596854  0.603098  0.613503  0.628077  0.646832  0.669772  0.696852  0.727895  0.762465  0.799661  0.837833  0.874269  0.905104  0.925863  0.932782  
0.900458  0.890641  0.86119  0.817849  0.767464  0.715922  0.667254  0.623702  0.586188  0.554818  0.529268  0.509069  0.493777  0.483055  0.476693  0.474583  0.476693  0.483055  0.493777  0.509069  0.529268  0.554818  0.586188  0.623702  0.667254  0.715922  0.767464  0.817849  0.86119  0.890641  0.900458  
0.869584  0.857449  0.821043  0.768094  0.707796  0.647965  0.593715  0.547502  0.509814  0.479975  0.456825  0.439191  0.426149  0.417104  0.411754  0.40998  0.411754  0.417104  0.426149  0.439191  0.456825  0.479975  0.509814  0.547502  0.593715  0.647965  0.707796  0.768094  0.821043  0.857449  0.869584  
0.840505  0.826693  0.785257  0.725779  0.6596  0.596157  0.541238  0.497039  0.463183  0.437932  0.419205  0.405229  0.394837  0.387468  0.382999  0.381494  0.382999  0.387468  0.394837  0.405229  0.419205  0.437932  0.463183  0.497039  0.541238  0.596157  0.6596  0.725779  0.785257  0.826693  0.840505  
0.81347  0.798617  0.754058  0.690958  0.622405  0.55899  0.506686  0.467018  0.438501  0.418311  0.403615  0.392329  0.383373  0.37654  0.372151  0.370626  0.372151  0.37654  0.383373  0.392329  0.403615  0.418311  0.438501  0.467018  0.506686  0.55899  0.622405  0.690958  0.754058  0.798617  0.81347  
0.788626  0.773313  0.727376  0.663158  0.59497  0.534018  0.486033  0.451643  0.428257  0.412161  0.400054  0.389832  0.380753  0.37317  0.368011  0.36617  0.368011  0.37317  0.380753  0.389832  0.400054  0.412161  0.428257  0.451643  0.486033  0.534018  0.59497  0.663158  0.727376  0.773313  0.788626  
0.766033  0.750757  0.70493  0.641601  0.575723  0.518622  0.475503  0.446079  0.426856  0.41351  0.40253  0.391967  0.381524  0.3722  0.365624  0.363241  0.365624  0.3722  0.381524  0.391967  0.40253  0.41351  0.426856  0.446079  0.475503  0.518622  0.575723  0.641601  0.70493  0.750757  0.766033  
0.745674  0.730834  0.686316  0.625385  0.563086  0.510463  0.472077  0.446873  0.430727  0.418973  0.408038  0.396173  0.383528  0.371773  0.363309  0.360214  0.363309  0.371773  0.383528  0.396173  0.408038  0.418973  0.430727  0.446873  0.472077  0.510463  0.563086  0.625385  0.686316  0.730834  0.745674  
0.727475  0.713375  0.671078  0.613615  0.555645  0.50765  0.473559  0.451763  0.437784  0.426791  0.415204  0.401427  0.38601  0.371309  0.360579  0.356631  0.360579  0.371309  0.38601  0.401427  0.415204  0.426791  0.437784  0.451763  0.473559  0.50765  0.555645  0.613615  0.671078  0.713375  0.727475  
0.711321  0.69818  0.658754  0.605468  0.552212  0.508741  0.478422  0.459325  0.446831  0.436052  0.423376  0.407283  0.388668  0.370592  0.357262  0.352335  0.357262  0.370592  0.388668  0.407283  0.423376  0.436052  0.446831  0.459325  0.478422  0.508741  0.552212  0.605468  0.658754  0.69818  0.711321  
0.697075  0.685033  0.648909  0.600221  0.551829  0.512658  0.485621  0.468656  0.457158  0.446226  0.432171  0.413469  0.391307  0.36948  0.353246  0.347221  0.353246  0.36948  0.391307  0.413469  0.432171  0.446226  0.457158  0.468656  0.485621  0.512658  0.551829  0.600221  0.648909  0.685033  0.697075  
0.684584  0.673724  0.641144  0.597263  0.553728  0.518599  0.494426  0.479156  0.468295  0.456946  0.441296  0.419746  0.393737  0.367828  0.348418  0.341189  0.348418  0.367828  0.393737  0.419746  0.441296  0.456946  0.468295  0.479156  0.494426  0.518599  0.553728  0.597263  0.641144  0.673724  0.684584  
0.673695  0.664048  0.635107  0.596078  0.557299  0.525956  0.504305  0.490391  0.479887  0.467906  0.450471  0.425859  0.395742  0.365467  0.342656  0.334136  0.342656  0.365467  0.395742  0.425859  0.450471  0.467906  0.479887  0.490391  0.504305  0.525956  0.557299  0.596078  0.635107  0.664048  0.673695  
0.664257  0.655815  0.63049  0.596234  0.56205  0.534252  0.514846  0.50202  0.491636  0.478815  0.4594  0.431519  0.397066  0.362203  0.335822  0.325947  0.335822  0.362203  0.397066  0.431519  0.4594  0.478815  0.491636  0.50202  0.514846  0.534252  0.56205  0.596234  0.63049  0.655815  0.664257  
0.656125  0.648851  0.627027  0.597374  0.567576  0.543099  0.52571  0.513745  0.503258  0.489373  0.467754  0.43639  0.397411  0.35781  0.327765  0.316504  0.327765  0.35781  0.397411  0.43639  0.467754  0.489373  0.503258  0.513745  0.52571  0.543099  0.567576  0.597374  0.627027  0.648851  0.656125  
0.649166  0.642997  0.624489  0.599195  0.57354  0.552166  0.536593  0.525282  0.514455  0.499242  0.475149  0.440071  0.396417  0.352024  0.318317  0.305677  0.318317  0.352024  0.396417  0.440071  0.475149  0.499242  0.514455  0.525282  0.536593  0.552166  0.57354  0.599195  0.624489  0.642997  0.649166  
0.643253  0.63811  0.62268  0.601446  0.579655  0.561158  0.547207  0.536333  0.524891  0.508016  0.481114  0.442075  0.39366  0.344538  0.307292  0.293334  0.307292  0.344538  0.39366  0.442075  0.481114  0.508016  0.524891  0.536333  0.547207  0.561158  0.579655  0.601446  0.62268  0.63811  0.643253  
0.638273  0.634063  0.621434  0.60391  0.585667  0.569799  0.557249  0.54655  0.534139  0.515172  0.485051  0.4418  0.388628  0.335004  0.294492  0.279337  0.294492  0.335004  0.388628  0.4418  0.485051  0.515172  0.534139  0.54655  0.557249  0.569799  0.585667  0.60391  0.621434  0.634063  0.638273  
0.634117  0.630738  0.620603  0.606401  0.591343  0.5778  0.566358  0.55547  0.541608  0.519992  0.48617  0.438492  0.380716  0.323026  0.279708  0.263549  0.279708  0.323026  0.380716  0.438492  0.48617  0.519992  0.541608  0.55547  0.566358  0.5778  0.591343  0.606401  0.620603  0.630738  0.634117  
0.630677  0.628019  0.620046  0.608728  0.596418  0.584788  0.574017  0.562397  0.546412  0.521449  0.483413  0.431204  0.369214  0.308172  0.262727  0.245844  0.262727  0.308172  0.369214  0.431204  0.483413  0.521449  0.546412  0.562397  0.574017  0.584788  0.596418  0.608728  0.620046  0.628019  0.630677  
0.627795  0.625734  0.619549  0.610596  0.600458  0.590128  0.57933  0.566157  0.54715  0.518041  0.475359  0.41877  0.353309  0.289985  0.243349  0.226111  0.243349  0.289985  0.353309  0.41877  0.475359  0.518041  0.54715  0.566157  0.57933  0.590128  0.600458  0.610596  0.619549  0.625734  0.627795  
0.62502  0.623401  0.618543  0.611266  0.60246  0.59247  0.580571  0.564699  0.5416  0.507606  0.460146  0.399796  0.332116  0.268012  0.2214  0.204273  0.2214  0.268012  0.332116  0.399796  0.460146  0.507606  0.5416  0.564699  0.580571  0.59247  0.60246  0.611266  0.618543  0.623401  0.62502  
0.620749  0.61936  0.615193  0.608613  0.599905  0.58886  0.57441  0.554507  0.526357  0.487172  0.435472  0.372728  0.304751  0.241853  0.196761  0.180301  0.196761  0.241853  0.304751  0.372728  0.435472  0.487172  0.526357  0.554507  0.57441  0.58886  0.599905  0.608613  0.615193  0.61936  0.620749  
0.610151  0.608716  0.604411  0.597257  0.587104  0.573391  0.554962  0.530069  0.496659  0.453017  0.398757  0.336019  0.270444  0.211229  0.169395  0.154228  0.169395  0.211229  0.270444  0.336019  0.398757  0.453017  0.496659  0.530069  0.554962  0.573391  0.587104  0.597257  0.604411  0.608716  0.610151  
0.582146  0.580405  0.575185  0.566336  0.55354  0.536199  0.513398  0.483977  0.44679  0.40117  0.347588  0.288445  0.228733  0.176068  0.139387  0.126176  0.139387  0.176068  0.228733  0.288445  0.347588  0.40117  0.44679  0.483977  0.513398  0.536199  0.55354  0.566336  0.575185  0.580405  0.582146  
0.518455  0.516372  0.510125  0.49959  0.484548  0.464658  0.439477  0.40854  0.371528  0.328539  0.28048  0.229545  0.179671  0.136594  0.106969  0.096361  0.106969  0.136594  0.179671  0.229545  0.28048  0.328539  0.371528  0.40854  0.439477  0.464658  0.484548  0.49959  0.510125  0.516372  0.518455  
0.399868  0.39782  0.391676  0.381434  0.36708  0.348599  0.325981  0.299272  0.268643  0.234524  0.197797  0.160081  0.124025  0.0933932  0.0725364  0.0651028  0.0725364  0.0933932  0.124025  0.160081  0.197797  0.234524  0.268643  0.299272  0.325981  0.348599  0.36708  0.381434  0.391676  0.39782  0.399868  
0.220495  0.219183  0.215246  0.208737  0.199739  0.188357  0.174731  0.159035  0.141503  0.122473  0.102469  0.0823308  0.0633709  0.0474328  0.03665  0.0328184  0.03665  0.0474328  0.0633709  0.0823308  0.102469  0.122473  0.141503  0.159035  0.174731  0.188357  0.199739  0.208737  0.215246  0.219183  0.220495  
0  0  0  0  0  0  0  0  0  0  0  0  0  0  0  0  0  0  0  0  0  0  0  0  0  0  0  0  0  0  0  
