1  1  1  1  1  1  1  1  1  1  1  1  1  1  1  1  1  1  1  1  1  1  1  1  1  1  1  1  1  1  1  
0.966114  0.962534  0.951796  0.93575  0.916591  0.896213  0.875957  0.85668  0.838917  0.823009  0.809194  0.797652  0.788523  0.781917  0.777919  0.77658  0.777919  0.781917  0.788523  0.797652  0.809194  0.823009  0.838917  0.85668  0.875957  0.896213  0.916591  0.93575  0.951796  0.962534  0.966114  
0.932755  0.925836  0.905081  0.874251  0.837823  0.79966  0.762474  0.727914  0.69688  0.669808  0.646874  0.628125  0.613555  0.603153  0.596911  0.59483  0.596911  0.603153  0.613555  0.628125  0.646874  0.669808  0.69688  0.727914  0.762474  0.79966  0.837823  0.874251  0.905081  0.925836  0.932755  
0.900416  0.890601  0.861155  0.817822  0.767448  0.715919  0.667265  0.623725  0.586223  0.554862  0.529319  0.509126  0.493837  0.483118  0.476758  0.474648  0.476758  0.483118  0.493837  0.509126  0.529319  0.554862  0.586223  0.623725  0.667265  0.715919  0.767448  0.817822  0.861155  0.890601  0.900416  
0.869528  0.857395  0.820995  0.768056  0.707772  0.647957  0.593723  0.547524  0.509847  0.480017  0.456873  0.439242  0.426202  0.41716  0.411811  0.410037  0.411811  0.41716  0.426202  0.439242  0.456873  0.480017  0.509847  0.547524  0.593723  0.647957  0.707772  0.768056  0.820995  0.857395  0.869528  
0.840436  0.826626  0.785197  0.725731  0.659567  0.596142  0.541238  0.497053  0.463206  0.437961  0.419236  0.405262  0.394871  0.387503  0.383035  0.38153  0.383035  0.387503  0.394871  0.405262  0.419236  0.437961  0.463206  0.497053  0.541238  0.596142  0.659567  0.725731  0.785197  0.826626  0.840436  
0.813387  0.798536  0.753986  0.690899  0.622362  0.558964  0.506675  0.467017  0.438506  0.418318  0.403622  0.392335  0.383379  0.376547  0.372158  0.370634  0.372158  0.376547  0.383379  0.392335  0.403622  0.418318  0.438506  0.467017  0.506675  0.558964  0.622362  0.690899  0.753986  0.798536  0.813387  
0.788529  0.773219  0.72729  0.663085  0.594913  0.533977  0.486005  0.451621  0.428237  0.41214  0.40003  0.389807  0.380728  0.373146  0.367989  0.366149  0.367989  0.373146  0.380728  0.389807  0.40003  0.41214  0.428237  0.451621  0.486005  0.533977  0.594913  0.663085  0.72729  0.773219  0.788529  
0.765921  0.750648  0.70483  0.641513  0.575651  0.518563  0.475453  0.446033  0.426807  0.413456  0.402472  0.391908  0.381467  0.372146  0.365574  0.363192  0.365574  0.372146  0.381467  0.391908  0.402472  0.413456  0.426807  0.446033  0.475453  0.518563  0.575651  0.641513  0.70483  0.750648  0.765921  
0.745548  0.730711  0.686201  0.625282  0.562996  0.510383  0.472003  0.446798  0.430646  0.418884  0.407945  0.39608  0.383439  0.371692  0.363233  0.360141  0.363233  0.371692  0.383439  0.39608  0.407945  0.418884  0.430646  0.446798  0.472003  0.510383  0.562996  0.625282  0.686201  0.730711  0.745548  
0.727334  0.713237  0.670946  0.613495  0.555535  0.507548  0.473457  0.451656  0.437668  0.426667  0.415076  0.401301  0.385892  0.371202  0.360481  0.356537  0.360481  0.371202  0.385892  0.401301  0.415076  0.426667  0.437668  0.451656  0.473457  0.507548  0.555535  0.613495  0.670946  0.713237  0.727334  
0.711165  0.698025  0.658606  0.605328  0.552081  0.508613  0.478291  0.459185  0.44668  0.435891  0.423212  0.407125  0.388522  0.370462  0.357145  0.352222  0.357145  0.370462  0.388522  0.407125  0.423212  0.435891  0.44668  0.459185  0.478291  0.508613  0.552081  0.605328  0.658606  0.698025  0.711165  
0.696902  0.684862  0.648743  0.600062  0.551674  0.512502  0.485459  0.468482  0.456971  0.446029  0.431973  0.41328  0.391136  0.36933  0.353112  0.347093  0.353112  0.36933  0.391136  0.41328  0.431973  0.446029  0.456971  0.468482  0.485459  0.512502  0.551674  0.600062  0.648743  0.684862  0.696902  
0.684394  0.673535  0.640958  0.597082  0.553548  0.518415  0.494232  0.478947  0.468071  0.456713  0.441064  0.419528  0.393542  0.367658  0.34827  0.341049  0.34827  0.367658  0.393542  0.419528  0.441064  0.456713  0.468071  0.478947  0.494232  0.518415  0.553548  0.597082  0.640958  0.673535  0.684394  
0.673486  0.66384  0.634901  0.595873  0.557093  0.525742  0.504078  0.490147  0.479628  0.467637  0.450206  0.425612  0.395524  0.365281  0.342496  0.333985  0.342496  0.365281  0.395524  0.425612  0.450206  0.467637  0.479628  0.490147  0.504078  0.525742  0.557093  0.595873  0.634901  0.66384  0.673486  
0.664028  0.655586  0.630262  0.596006  0.561817  0.534008  0.514587  0.501741  0.491341  0.478512  0.459103  0.431246  0.396828  0.362004  0.335653  0.325789  0.335653  0.362004  0.396828  0.431246  0.459103  0.478512  0.491341  0.501741  0.514587  0.534008  0.561817  0.596006  0.630262  0.655586  0.664028  
0.655875  0.6486  0.626775  0.59712  0.567314  0.542824  0.525417  0.513431  0.502928  0.489037  0.467428  0.436092  0.397154  0.357599  0.327589  0.316341  0.327589  0.357599  0.397154  0.436092  0.467428  0.489037  0.502928  0.513431  0.525417  0.542824  0.567314  0.59712  0.626775  0.6486  0.655875  
0.648893  0.642723  0.624213  0.598914  0.573249  0.551859  0.536267  0.524934  0.514092  0.498874  0.474795  0.439751  0.396145  0.351803  0.318136  0.305511  0.318136  0.351803  0.396145  0.439751  0.474795  0.498874  0.514092  0.524934  0.536267  0.551859  0.573249  0.598914  0.624213  0.642723  0.648893  
0.642955  0.637811  0.622378  0.601136  0.579333  0.560819  0.546847  0.535952  0.524495  0.507619  0.480736  0.441736  0.393375  0.344311  0.307109  0.293168  0.307109  0.344311  0.393375  0.441736  0.480736  0.507619  0.524495  0.535952  0.546847  0.560819  0.579333  0.601136  0.622378  0.637811  0.642955  
0.637948  0.633736  0.621103  0.60357  0.585313  0.569427  0.556855  0.546136  0.533712  0.514748  0.484651  0.441445  0.388334  0.334773  0.294309  0.279172  0.294309  0.334773  0.388334  0.441445  0.484651  0.514748  0.533712  0.546136  0.556855  0.569427  0.585313  0.60357  0.621103  0.633736  0.637948  
0.633762  0.630382  0.620241  0.606028  0.590956  0.577394  0.565931  0.555025  0.541153  0.519545  0.485752  0.438125  0.380417  0.322795  0.279528  0.263389  0.279528  0.322795  0.380417  0.438125  0.485752  0.519545  0.541153  0.555025  0.565931  0.577394  0.590956  0.606028  0.620241  0.630382  0.633762  
0.63029  0.62763  0.61965  0.608321  0.595996  0.584348  0.573557  0.561921  0.545932  0.520982  0.482983  0.430832  0.368914  0.307945  0.262554  0.24569  0.262554  0.307945  0.368914  0.430832  0.482983  0.520982  0.545932  0.561921  0.573557  0.584348  0.595996  0.608321  0.61965  0.62763  0.63029  
0.627372  0.625308  0.619117  0.610153  0.6  0.589652  0.578838  0.565655  0.54665  0.517561  0.474922  0.418398  0.353014  0.289766  0.243185  0.225966  0.243185  0.289766  0.353014  0.418398  0.474922  0.517561  0.54665  0.565655  0.578838  0.589652  0.6  0.610153  0.619117  0.625308  0.627372  
0.624557  0.622936  0.618071  0.610785  0.601965  0.591962  0.580052  0.564176  0.541087  0.507122  0.459713  0.399433  0.331833  0.267805  0.221247  0.20414  0.221247  0.267805  0.331833  0.399433  0.459713  0.507122  0.541087  0.564176  0.580052  0.591962  0.601965  0.610785  0.618071  0.622936  0.624557  
0.620246  0.618855  0.614683  0.608095  0.599378  0.588324  0.573872  0.553974  0.525843  0.486696  0.435054  0.372382  0.304486  0.241662  0.196622  0.180181  0.196622  0.241662  0.304486  0.372382  0.435054  0.486696  0.525843  0.553974  0.573872  0.588324  0.599378  0.608095  0.614683  0.618855  0.620246  
0.609614  0.608178  0.60387  0.596712  0.586556  0.572843  0.55442  0.529543  0.496162  0.452565  0.398368  0.335703  0.270206  0.21106  0.169274  0.154125  0.169274  0.21106  0.270206  0.335703  0.398368  0.452565  0.496162  0.529543  0.55442  0.572843  0.586556  0.596712  0.60387  0.608178  0.609614  
0.581596  0.579856  0.574636  0.565789  0.552997  0.535665  0.51288  0.483484  0.446335  0.400764  0.347245  0.288171  0.228529  0.175926  0.139287  0.126091  0.139287  0.175926  0.228529  0.288171  0.347245  0.400764  0.446335  0.483484  0.51288  0.535665  0.552997  0.565789  0.574636  0.579856  0.581596  
0.517939  0.515858  0.509614  0.499086  0.484055  0.464181  0.439023  0.408117  0.371144  0.328203  0.2802  0.229325  0.179509  0.136482  0.106891  0.096295  0.106891  0.136482  0.179509  0.229325  0.2802  0.328203  0.371144  0.408117  0.439023  0.464181  0.484055  0.499086  0.509614  0.515858  0.517939  
0.399457  0.397411  0.391272  0.381038  0.366698  0.348234  0.325639  0.298958  0.268363  0.234283  0.197599  0.159927  0.123913  0.0933163  0.0724832  0.065058  0.0724832  0.0933163  0.123913  0.159927  0.197599  0.234283  0.268363  0.298958  0.325639  0.348234  0.366698  0.381038  0.391272  0.397411  0.399457  
0.220264  0.218953  0.21502  0.208518  0.199528  0.188158  0.174546  0.158867  0.141355  0.122347  0.102366  0.0822512  0.0633133  0.0473936  0.0366231  0.0327957  0.0366231  0.0473936  0.0633133  0.0822512  0.102366  0.122347  0.141355  0.158867  0.174546  0.188158  0.199528  0.208518  0.21502  0.218953  0.220264  
0  0  0  0  0  0  0  0  0  0  0  0  0  0  0  0  0  0  0  0  0  0  0  0  0  0  0  0  0  0  0  
