1  1  1  1  1  1  1  1  1  1  1  1  1  1  1  1  1  1  1  1  1  1  1  1  1  1  1  1  1  1  1  
0.966103  0.962523  0.951782  0.935732  0.91657  0.896187  0.875928  0.856649  0.838883  0.822973  0.809157  0.797614  0.788483  0.781877  0.777879  0.77654  0.777879  0.781877  0.788483  0.797614  0.809157  0.822973  0.838883  0.856649  0.875928  0.896187  0.91657  0.935732  0.951782  0.962523  0.966103  
0.932734  0.925814  0.905053  0.874216  0.837781  0.799611  0.762419  0.727855  0.696817  0.669743  0.646807  0.628057  0.613486  0.603084  0.596842  0.594761  0.596842  0.603084  0.613486  0.628057  0.646807  0.669743  0.696817  0.727855  0.762419  0.799611  0.837781  0.874216  0.905053  0.925814  0.932734  
0.900385  0.890567  0.861114  0.817772  0.767388  0.71585  0.667189  0.623644  0.586139  0.554777  0.529234  0.509041  0.493753  0.483035  0.476675  0.474565  0.476675  0.483035  0.493753  0.509041  0.529234  0.554777  0.586139  0.623644  0.667189  0.71585  0.767388  0.817772  0.861114  0.890567  0.900385  
0.869488  0.857352  0.820943  0.767993  0.707698  0.647872  0.593632  0.547429  0.509751  0.479921  0.456779  0.439152  0.426114  0.417074  0.411726  0.409952  0.411726  0.417074  0.426114  0.439152  0.456779  0.479921  0.509751  0.547429  0.593632  0.647872  0.707698  0.767993  0.820943  0.857352  0.869488  
0.840386  0.826573  0.785135  0.725656  0.65948  0.596045  0.541137  0.49695  0.463104  0.437862  0.419143  0.405173  0.394786  0.387421  0.382955  0.38145  0.382955  0.387421  0.394786  0.405173  0.419143  0.437862  0.463104  0.49695  0.541137  0.596045  0.65948  0.725656  0.785135  0.826573  0.840386  
0.813328  0.798475  0.753914  0.690814  0.622266  0.55886  0.506567  0.46691  0.438402  0.418221  0.40353  0.39225  0.383299  0.376471  0.372085  0.370562  0.372085  0.376471  0.383299  0.39225  0.40353  0.418221  0.438402  0.46691  0.506567  0.55886  0.622266  0.690814  0.753914  0.798475  0.813328  
0.788463  0.77315  0.727211  0.662994  0.59481  0.533868  0.485893  0.451512  0.428134  0.412044  0.399942  0.389726  0.380653  0.373076  0.367921  0.366082  0.367921  0.373076  0.380653  0.389726  0.399942  0.412044  0.428134  0.451512  0.485893  0.533868  0.59481  0.662994  0.727211  0.77315  0.788463  
0.765848  0.750572  0.704744  0.641415  0.575543  0.51845  0.47534  0.445923  0.426704  0.413362  0.402386  0.39183  0.381395  0.37208  0.36551  0.36313  0.36551  0.37208  0.381395  0.39183  0.402386  0.413362  0.426704  0.445923  0.47534  0.51845  0.575543  0.641415  0.704744  0.750572  0.765848  
0.745468  0.730628  0.686109  0.625179  0.562884  0.510267  0.471888  0.446688  0.430544  0.418791  0.407861  0.396004  0.383371  0.371628  0.363174  0.360082  0.363174  0.371628  0.383371  0.396004  0.407861  0.418791  0.430544  0.446688  0.471888  0.510267  0.562884  0.625179  0.686109  0.730628  0.745468  
0.727248  0.713148  0.67085  0.613388  0.55542  0.50743  0.473341  0.451545  0.437565  0.426574  0.414992  0.401226  0.385825  0.371141  0.360424  0.356482  0.360424  0.371141  0.385825  0.401226  0.414992  0.426574  0.437565  0.451545  0.473341  0.50743  0.55542  0.613388  0.67085  0.713148  0.727248  
0.711074  0.697932  0.658505  0.605218  0.551964  0.508493  0.478174  0.459074  0.446577  0.435798  0.423128  0.407051  0.388457  0.370404  0.35709  0.352169  0.35709  0.370404  0.388457  0.407051  0.423128  0.435798  0.446577  0.459074  0.478174  0.508493  0.551964  0.605218  0.658505  0.697932  0.711074  
0.696806  0.684764  0.648638  0.599949  0.551555  0.512382  0.485341  0.46837  0.456867  0.445935  0.431889  0.413206  0.391071  0.369273  0.35306  0.347042  0.35306  0.369273  0.391071  0.413206  0.431889  0.445935  0.456867  0.46837  0.485341  0.512382  0.551555  0.599949  0.648638  0.684764  0.696806  
0.684294  0.673433  0.64085  0.596966  0.553428  0.518293  0.494112  0.478833  0.467966  0.456617  0.440979  0.419454  0.393478  0.367603  0.34822  0.341001  0.34822  0.367603  0.393478  0.419454  0.440979  0.456617  0.467966  0.478833  0.494112  0.518293  0.553428  0.596966  0.64085  0.673433  0.684294  
0.673382  0.663734  0.63479  0.595756  0.556972  0.52562  0.503958  0.490033  0.479521  0.46754  0.45012  0.425538  0.39546  0.365227  0.342448  0.333939  0.342448  0.365227  0.39546  0.425538  0.45012  0.46754  0.479521  0.490033  0.503958  0.52562  0.556972  0.595756  0.63479  0.663734  0.673382  
0.66392  0.655477  0.630149  0.595887  0.561694  0.533885  0.514465  0.501625  0.491234  0.478415  0.459017  0.431171  0.396765  0.361951  0.335607  0.325745  0.335607  0.361951  0.396765  0.431171  0.459017  0.478415  0.491234  0.501625  0.514465  0.533885  0.561694  0.595887  0.630149  0.655477  0.66392  
0.655765  0.648488  0.62666  0.596999  0.567191  0.5427  0.525295  0.513315  0.502819  0.488939  0.467342  0.436018  0.397093  0.357548  0.327545  0.316299  0.327545  0.357548  0.397093  0.436018  0.467342  0.488939  0.502819  0.513315  0.525295  0.5427  0.567191  0.596999  0.62666  0.648488  0.655765  
0.648779  0.642608  0.624095  0.598793  0.573125  0.551734  0.536145  0.524817  0.513983  0.498776  0.474709  0.439677  0.396085  0.351754  0.318093  0.305472  0.318093  0.351754  0.396085  0.439677  0.474709  0.498776  0.513983  0.524817  0.536145  0.551734  0.573125  0.598793  0.624095  0.642608  0.648779  
0.64284  0.637694  0.622258  0.601013  0.579208  0.560694  0.546725  0.535835  0.524386  0.50752  0.48065  0.441663  0.393316  0.344263  0.307069  0.29313  0.307069  0.344263  0.393316  0.441663  0.48065  0.50752  0.524386  0.535835  0.546725  0.560694  0.579208  0.601013  0.622258  0.637694  0.64284  
0.63783  0.633618  0.620982  0.603447  0.585189  0.569302  0.556734  0.546019  0.533604  0.51465  0.484565  0.441374  0.388277  0.334727  0.294271  0.279137  0.294271  0.334727  0.388277  0.441374  0.484565  0.51465  0.533604  0.546019  0.556734  0.569302  0.585189  0.603447  0.620982  0.633618  0.63783  
0.633642  0.630262  0.620119  0.605905  0.590832  0.57727  0.56581  0.554909  0.541046  0.519448  0.485668  0.438056  0.380362  0.322752  0.279493  0.263356  0.279493  0.322752  0.380362  0.438056  0.485668  0.519448  0.541046  0.554909  0.56581  0.57727  0.590832  0.605905  0.620119  0.630262  0.633642  
0.630169  0.627509  0.619528  0.608198  0.595873  0.584225  0.573437  0.561808  0.545826  0.520888  0.482901  0.430765  0.368861  0.307904  0.262521  0.24566  0.262521  0.307904  0.368861  0.430765  0.482901  0.520888  0.545826  0.561808  0.573437  0.584225  0.595873  0.608198  0.619528  0.627509  0.630169  
0.62725  0.625186  0.618995  0.61003  0.599878  0.589531  0.578721  0.565544  0.546548  0.51747  0.474844  0.418334  0.352964  0.289728  0.243155  0.225939  0.243155  0.289728  0.352964  0.418334  0.474844  0.51747  0.546548  0.565544  0.578721  0.589531  0.599878  0.61003  0.618995  0.625186  0.62725  
0.624436  0.622814  0.61795  0.610663  0.601845  0.591844  0.579938  0.564069  0.540989  0.507035  0.45964  0.399373  0.331787  0.26777  0.22122  0.204116  0.22122  0.26777  0.331787  0.399373  0.45964  0.507035  0.540989  0.564069  0.579938  0.591844  0.601845  0.610663  0.61795  0.622814  0.624436  
0.620126  0.618736  0.614564  0.607976  0.599262  0.588211  0.573763  0.553873  0.525751  0.486615  0.434986  0.372328  0.304444  0.241632  0.196599  0.18016  0.196599  0.241632  0.304444  0.372328  0.434986  0.486615  0.525751  0.553873  0.573763  0.588211  0.599262  0.607976  0.614564  0.618736  0.620126  
0.609499  0.608063  0.603756  0.596599  0.586446  0.572737  0.55432  0.52945  0.496079  0.452493  0.398307  0.335655  0.27017  0.211034  0.169254  0.154107  0.169254  0.211034  0.27017  0.335655  0.398307  0.452493  0.496079  0.52945  0.55432  0.572737  0.586446  0.596599  0.603756  0.608063  0.609499  
0.581489  0.57975  0.574531  0.565686  0.552897  0.53557  0.512791  0.483403  0.446262  0.400702  0.347193  0.288131  0.228499  0.175904  0.13927  0.126076  0.13927  0.175904  0.228499  0.288131  0.347193  0.400702  0.446262  0.483403  0.512791  0.53557  0.552897  0.565686  0.574531  0.57975  0.581489  
0.517848  0.515767  0.509525  0.498999  0.483971  0.464102  0.43895  0.408051  0.371085  0.328154  0.28016  0.229294  0.179486  0.136465  0.106878  0.096284  0.106878  0.136465  0.179486  0.229294  0.28016  0.328154  0.371085  0.408051  0.43895  0.464102  0.483971  0.498999  0.509525  0.515767  0.517848  
0.399389  0.397343  0.391206  0.380974  0.366637  0.348177  0.325587  0.298911  0.268322  0.234248  0.197571  0.159905  0.123897  0.093305  0.0724748  0.0650506  0.0724748  0.093305  0.123897  0.159905  0.197571  0.234248  0.268322  0.298911  0.325587  0.348177  0.366637  0.380974  0.391206  0.397343  0.399389  
0.220228  0.218917  0.214985  0.208484  0.199495  0.188128  0.174519  0.158843  0.141334  0.122329  0.102352  0.0822402  0.0633053  0.0473878  0.0366188  0.032792  0.0366188  0.0473878  0.0633053  0.0822402  0.102352  0.122329  0.141334  0.158843  0.174519  0.188128  0.199495  0.208484  0.214985  0.218917  0.220228  
0  0  0  0  0  0  0  0  0  0  0  0  0  0  0  0  0  0  0  0  0  0  0  0  0  0  0  0  0  0  0  
