1  1  1  1  1  1  1  1  1  1  1  1  1  1  1  1  1  1  1  1  1  1  1  1  1  1  1  1  1  1  1  
0.966093  0.962512  0.951768  0.935714  0.916547  0.896159  0.875894  0.85661  0.83884  0.822926  0.809108  0.797562  0.78843  0.781822  0.777823  0.776484  0.777823  0.781822  0.78843  0.797562  0.809108  0.822926  0.83884  0.85661  0.875894  0.896159  0.916547  0.935714  0.951768  0.962512  0.966093  
0.932714  0.925792  0.905026  0.874181  0.837736  0.799556  0.762354  0.727782  0.696737  0.669657  0.646716  0.627962  0.613389  0.602984  0.596741  0.59466  0.596741  0.602984  0.613389  0.627962  0.646716  0.669657  0.696737  0.727782  0.762354  0.799556  0.837736  0.874181  0.905026  0.925792  0.932714  
0.900356  0.890535  0.861074  0.81772  0.767323  0.715772  0.667099  0.623543  0.58603  0.554661  0.529113  0.508916  0.493626  0.482907  0.476546  0.474436  0.476546  0.482907  0.493626  0.508916  0.529113  0.554661  0.58603  0.623543  0.667099  0.715772  0.767323  0.81772  0.861074  0.890535  0.900356  
0.869449  0.85731  0.820892  0.767927  0.707615  0.647775  0.593521  0.547307  0.509621  0.479786  0.45664  0.43901  0.425972  0.416931  0.411584  0.40981  0.411584  0.416931  0.425972  0.43901  0.45664  0.479786  0.509621  0.547307  0.593521  0.647775  0.707615  0.767927  0.820892  0.85731  0.869449  
0.840339  0.826522  0.785072  0.725578  0.659384  0.595933  0.541011  0.496814  0.462961  0.437715  0.418994  0.405024  0.394638  0.387274  0.382809  0.381304  0.382809  0.387274  0.394638  0.405024  0.418994  0.437715  0.462961  0.496814  0.541011  0.595933  0.659384  0.725578  0.785072  0.826522  0.840339  
0.813273  0.798415  0.753843  0.690725  0.622158  0.558736  0.50643  0.466765  0.438252  0.418068  0.403378  0.392099  0.38315  0.376324  0.371939  0.370417  0.371939  0.376324  0.38315  0.392099  0.403378  0.418068  0.438252  0.466765  0.50643  0.558736  0.622158  0.690725  0.753843  0.798415  0.813273  
0.7884  0.773082  0.727131  0.662896  0.594694  0.533735  0.485749  0.45136  0.427979  0.411888  0.399788  0.389574  0.380505  0.37293  0.367778  0.36594  0.367778  0.37293  0.380505  0.389574  0.399788  0.411888  0.427979  0.45136  0.485749  0.533735  0.594694  0.662896  0.727131  0.773082  0.7884  
0.765778  0.750498  0.704657  0.641311  0.57542  0.518312  0.47519  0.445767  0.426546  0.413204  0.402231  0.391678  0.381248  0.371937  0.36537  0.36299  0.36537  0.371937  0.381248  0.391678  0.402231  0.413204  0.426546  0.445767  0.47519  0.518312  0.57542  0.641311  0.704657  0.750498  0.765778  
0.745391  0.730547  0.686015  0.625069  0.562756  0.510125  0.471735  0.446529  0.430384  0.418632  0.407705  0.395853  0.383225  0.371488  0.363036  0.359946  0.363036  0.371488  0.383225  0.395853  0.407705  0.418632  0.430384  0.446529  0.471735  0.510125  0.562756  0.625069  0.686015  0.730547  0.745391  
0.727165  0.713062  0.670751  0.613273  0.555288  0.507284  0.473186  0.451385  0.437404  0.426414  0.414836  0.401076  0.385681  0.371003  0.360289  0.356348  0.360289  0.371003  0.385681  0.401076  0.414836  0.426414  0.437404  0.451385  0.473186  0.507284  0.555288  0.613273  0.670751  0.713062  0.727165  
0.710986  0.69784  0.658402  0.605099  0.551829  0.508346  0.478017  0.458912  0.446414  0.435637  0.422972  0.406901  0.388314  0.370267  0.356959  0.35204  0.356959  0.370267  0.388314  0.406901  0.422972  0.435637  0.446414  0.458912  0.478017  0.508346  0.551829  0.605099  0.658402  0.69784  0.710986  
0.696713  0.684667  0.64853  0.599827  0.551418  0.512232  0.485183  0.468207  0.456703  0.445773  0.431732  0.413057  0.390929  0.369139  0.352931  0.346916  0.352931  0.369139  0.390929  0.413057  0.431732  0.445773  0.456703  0.468207  0.485183  0.512232  0.551418  0.599827  0.64853  0.684667  0.696713  
0.684196  0.673332  0.640739  0.596842  0.553289  0.518143  0.493954  0.478671  0.467802  0.456456  0.440823  0.419304  0.393337  0.367471  0.348095  0.340878  0.348095  0.367471  0.393337  0.419304  0.440823  0.456456  0.467802  0.478671  0.493954  0.518143  0.553289  0.596842  0.640739  0.673332  0.684196  
0.67328  0.663629  0.634676  0.595629  0.556832  0.525469  0.503799  0.48987  0.479357  0.467379  0.449964  0.425389  0.395321  0.365098  0.342326  0.33382  0.342326  0.365098  0.395321  0.425389  0.449964  0.467379  0.479357  0.48987  0.503799  0.525469  0.556832  0.595629  0.634676  0.663629  0.67328  
0.663815  0.655369  0.630032  0.595758  0.561554  0.533734  0.514307  0.501463  0.49107  0.478253  0.458861  0.431023  0.396628  0.361825  0.335488  0.32563  0.335488  0.361825  0.396628  0.431023  0.458861  0.478253  0.49107  0.501463  0.514307  0.533734  0.561554  0.595758  0.630032  0.655369  0.663815  
0.655655  0.648376  0.62654  0.59687  0.56705  0.54255  0.525138  0.513153  0.502656  0.488777  0.467185  0.435871  0.396957  0.357425  0.32743  0.316188  0.32743  0.357425  0.396957  0.435871  0.467185  0.488777  0.502656  0.513153  0.525138  0.54255  0.56705  0.59687  0.62654  0.648376  0.655655  
0.648666  0.642493  0.623973  0.598662  0.572984  0.551585  0.535988  0.524656  0.51382  0.498615  0.474554  0.439531  0.395952  0.351634  0.317984  0.305366  0.317984  0.351634  0.395952  0.439531  0.474554  0.498615  0.51382  0.524656  0.535988  0.551585  0.572984  0.598662  0.623973  0.642493  0.648666  
0.642723  0.637576  0.622135  0.600881  0.579067  0.560545  0.546569  0.535674  0.524224  0.50736  0.480495  0.441519  0.393185  0.344147  0.306963  0.293029  0.306963  0.344147  0.393185  0.441519  0.480495  0.50736  0.524224  0.535674  0.546569  0.560545  0.579067  0.600881  0.622135  0.637576  0.642723  
0.63771  0.633497  0.620856  0.603314  0.585048  0.569154  0.556579  0.54586  0.533443  0.514491  0.484413  0.441232  0.38815  0.334616  0.294171  0.279042  0.294171  0.334616  0.38815  0.441232  0.484413  0.514491  0.533443  0.54586  0.556579  0.569154  0.585048  0.603314  0.620856  0.633497  0.63771  
0.63352  0.630138  0.619991  0.605771  0.59069  0.577122  0.565656  0.554752  0.540887  0.519291  0.485518  0.437917  0.380239  0.322645  0.279399  0.263267  0.279399  0.322645  0.380239  0.437917  0.485518  0.519291  0.540887  0.554752  0.565656  0.577122  0.59069  0.605771  0.619991  0.630138  0.63352  
0.630043  0.627382  0.619397  0.608062  0.595731  0.584077  0.573284  0.561651  0.545669  0.520733  0.482754  0.43063  0.368743  0.307803  0.262433  0.245577  0.262433  0.307803  0.368743  0.43063  0.482754  0.520733  0.545669  0.561651  0.573284  0.584077  0.595731  0.608062  0.619397  0.627382  0.630043  
0.627121  0.625057  0.618862  0.609893  0.599735  0.589384  0.578569  0.565389  0.546393  0.517319  0.474702  0.418205  0.352852  0.289633  0.243074  0.225863  0.243074  0.289633  0.352852  0.418205  0.474702  0.517319  0.546393  0.565389  0.578569  0.589384  0.599735  0.609893  0.618862  0.625057  0.627121  
0.624303  0.622681  0.617814  0.610524  0.601702  0.591696  0.579787  0.563916  0.540837  0.506889  0.459503  0.399251  0.331683  0.267683  0.221147  0.204048  0.221147  0.267683  0.331683  0.399251  0.459503  0.506889  0.540837  0.563916  0.579787  0.591696  0.601702  0.610524  0.617814  0.622681  0.624303  
0.61999  0.618599  0.614426  0.607835  0.599118  0.588064  0.573614  0.553724  0.525605  0.486476  0.434858  0.372215  0.304349  0.241554  0.196534  0.1801  0.196534  0.241554  0.304349  0.372215  0.434858  0.486476  0.525605  0.553724  0.573614  0.588064  0.599118  0.607835  0.614426  0.618599  0.61999  
0.60936  0.607924  0.603616  0.596458  0.586303  0.572593  0.554175  0.529308  0.495941  0.452364  0.39819  0.335553  0.270086  0.210966  0.169198  0.154056  0.169198  0.210966  0.270086  0.335553  0.39819  0.452364  0.495941  0.529308  0.554175  0.572593  0.586303  0.596458  0.603616  0.607924  0.60936  
0.581353  0.579613  0.574394  0.565549  0.55276  0.535434  0.512656  0.483272  0.446139  0.400588  0.347092  0.288044  0.228428  0.175848  0.139225  0.126034  0.139225  0.175848  0.228428  0.288044  0.347092  0.400588  0.446139  0.483272  0.512656  0.535434  0.55276  0.565549  0.574394  0.579613  0.581353  
0.517722  0.515641  0.509399  0.498875  0.483848  0.463982  0.438834  0.40794  0.370982  0.32806  0.280078  0.229225  0.17943  0.136422  0.106843  0.0962521  0.106843  0.136422  0.17943  0.229225  0.280078  0.32806  0.370982  0.40794  0.438834  0.463982  0.483848  0.498875  0.509399  0.515641  0.517722  
0.399289  0.397244  0.391108  0.380877  0.366542  0.348086  0.3255  0.29883  0.268247  0.234181  0.197513  0.159857  0.123858  0.0932753  0.072451  0.065029  0.072451  0.0932753  0.123858  0.159857  0.197513  0.234181  0.268247  0.29883  0.3255  0.348086  0.366542  0.380877  0.391108  0.397244  0.399289  
0.220172  0.218862  0.21493  0.20843  0.199443  0.188078  0.174472  0.158799  0.141294  0.122294  0.102322  0.0822155  0.0632857  0.0473728  0.0366068  0.0327811  0.0366068  0.0473728  0.0632857  0.0822155  0.102322  0.122294  0.141294  0.158799  0.174472  0.188078  0.199443  0.20843  0.21493  0.218862  0.220172  
0  0  0  0  0  0  0  0  0  0  0  0  0  0  0  0  0  0  0  0  0  0  0  0  0  0  0  0  0  0  0  
