1  1  1  1  1  1  1  1  1  1  1  1  1  1  1  1  1  1  1  1  1  1  1  1  1  1  1  1  1  1  1  
0.966093  0.962512  0.951768  0.935714  0.916546  0.896157  0.875893  0.856609  0.838838  0.822924  0.809106  0.79756  0.788427  0.78182  0.777821  0.776482  0.777821  0.78182  0.788427  0.79756  0.809106  0.822924  0.838838  0.856609  0.875893  0.896157  0.916546  0.935714  0.951768  0.962512  0.966093  
0.932713  0.925791  0.905025  0.874179  0.837734  0.799554  0.762352  0.727779  0.696734  0.669653  0.646712  0.627958  0.613385  0.60298  0.596737  0.594656  0.596737  0.60298  0.613385  0.627958  0.646712  0.669653  0.696734  0.727779  0.762352  0.799554  0.837734  0.874179  0.905025  0.925791  0.932713  
0.900354  0.890534  0.861073  0.817718  0.76732  0.715769  0.667095  0.623539  0.586025  0.554656  0.529108  0.508911  0.493621  0.482901  0.47654  0.474431  0.47654  0.482901  0.493621  0.508911  0.529108  0.554656  0.586025  0.623539  0.667095  0.715769  0.76732  0.817718  0.861073  0.890534  0.900354  
0.869447  0.857308  0.820889  0.767924  0.707612  0.647771  0.593516  0.547302  0.509616  0.47978  0.456634  0.439005  0.425966  0.416926  0.411578  0.409804  0.411578  0.416926  0.425966  0.439005  0.456634  0.47978  0.509616  0.547302  0.593516  0.647771  0.707612  0.767924  0.820889  0.857308  0.869447  
0.840337  0.82652  0.785069  0.725575  0.65938  0.595928  0.541005  0.496808  0.462955  0.437709  0.418988  0.405018  0.394632  0.387268  0.382803  0.381299  0.382803  0.387268  0.394632  0.405018  0.418988  0.437709  0.462955  0.496808  0.541005  0.595928  0.65938  0.725575  0.785069  0.82652  0.840337  
0.81327  0.798413  0.75384  0.690722  0.622154  0.558731  0.506424  0.466758  0.438245  0.418062  0.403371  0.392093  0.383144  0.376318  0.371934  0.370411  0.371934  0.376318  0.383144  0.392093  0.403371  0.418062  0.438245  0.466758  0.506424  0.558731  0.622154  0.690722  0.75384  0.798413  0.81327  
0.788397  0.773079  0.727128  0.662892  0.594689  0.53373  0.485743  0.451354  0.427972  0.411882  0.399781  0.389568  0.380499  0.372924  0.367772  0.365934  0.367772  0.372924  0.380499  0.389568  0.399781  0.411882  0.427972  0.451354  0.485743  0.53373  0.594689  0.662892  0.727128  0.773079  0.788397  
0.765775  0.750494  0.704653  0.641306  0.575414  0.518306  0.475184  0.445761  0.426539  0.413198  0.402225  0.391672  0.381242  0.371931  0.365364  0.362985  0.365364  0.371931  0.381242  0.391672  0.402225  0.413198  0.426539  0.445761  0.475184  0.518306  0.575414  0.641306  0.704653  0.750494  0.765775  
0.745388  0.730544  0.686011  0.625064  0.562751  0.510119  0.471729  0.446523  0.430377  0.418626  0.407699  0.395847  0.383219  0.371482  0.363031  0.359941  0.363031  0.371482  0.383219  0.395847  0.407699  0.418626  0.430377  0.446523  0.471729  0.510119  0.562751  0.625064  0.686011  0.730544  0.745388  
0.727162  0.713058  0.670747  0.613268  0.555282  0.507278  0.473179  0.451379  0.437397  0.426408  0.41483  0.40107  0.385675  0.370997  0.360284  0.356343  0.360284  0.370997  0.385675  0.40107  0.41483  0.426408  0.437397  0.451379  0.473179  0.507278  0.555282  0.613268  0.670747  0.713058  0.727162  
0.710982  0.697836  0.658397  0.605094  0.551823  0.508339  0.47801  0.458905  0.446408  0.435631  0.422966  0.406895  0.388308  0.370262  0.356953  0.352034  0.356953  0.370262  0.388308  0.406895  0.422966  0.435631  0.446408  0.458905  0.47801  0.508339  0.551823  0.605094  0.658397  0.697836  0.710982  
0.696709  0.684663  0.648526  0.599821  0.551412  0.512226  0.485176  0.468201  0.456697  0.445767  0.431726  0.413051  0.390924  0.369133  0.352926  0.346911  0.352926  0.369133  0.390924  0.413051  0.431726  0.445767  0.456697  0.468201  0.485176  0.512226  0.551412  0.599821  0.648526  0.684663  0.696709  
0.684192  0.673327  0.640735  0.596836  0.553283  0.518137  0.493947  0.478664  0.467795  0.456449  0.440816  0.419298  0.393332  0.367466  0.34809  0.340873  0.34809  0.367466  0.393332  0.419298  0.440816  0.456449  0.467795  0.478664  0.493947  0.518137  0.553283  0.596836  0.640735  0.673327  0.684192  
0.673276  0.663624  0.634671  0.595624  0.556826  0.525463  0.503793  0.489863  0.47935  0.467372  0.449957  0.425383  0.395316  0.365093  0.342321  0.333815  0.342321  0.365093  0.395316  0.425383  0.449957  0.467372  0.47935  0.489863  0.503793  0.525463  0.556826  0.595624  0.634671  0.663624  0.673276  
0.66381  0.655364  0.630027  0.595753  0.561548  0.533728  0.514301  0.501456  0.491063  0.478246  0.458854  0.431017  0.396623  0.36182  0.335484  0.325626  0.335484  0.36182  0.396623  0.431017  0.458854  0.478246  0.491063  0.501456  0.514301  0.533728  0.561548  0.595753  0.630027  0.655364  0.66381  
0.65565  0.648371  0.626535  0.596864  0.567044  0.542543  0.525131  0.513146  0.502649  0.48877  0.467179  0.435865  0.396952  0.35742  0.327426  0.316184  0.327426  0.35742  0.396952  0.435865  0.467179  0.48877  0.502649  0.513146  0.525131  0.542543  0.567044  0.596864  0.626535  0.648371  0.65565  
0.648661  0.642488  0.623968  0.598656  0.572978  0.551578  0.535981  0.524649  0.513813  0.498608  0.474547  0.439525  0.395946  0.351629  0.317979  0.305361  0.317979  0.351629  0.395946  0.439525  0.474547  0.498608  0.513813  0.524649  0.535981  0.551578  0.572978  0.598656  0.623968  0.642488  0.648661  
0.642718  0.637571  0.622129  0.600876  0.579061  0.560538  0.546562  0.535668  0.524218  0.507354  0.480489  0.441513  0.39318  0.344143  0.306959  0.293025  0.306959  0.344143  0.39318  0.441513  0.480489  0.507354  0.524218  0.535668  0.546562  0.560538  0.579061  0.600876  0.622129  0.637571  0.642718  
0.637705  0.633492  0.620851  0.603308  0.585042  0.569147  0.556572  0.545853  0.533437  0.514485  0.484407  0.441226  0.388144  0.334611  0.294167  0.279038  0.294167  0.334611  0.388144  0.441226  0.484407  0.514485  0.533437  0.545853  0.556572  0.569147  0.585042  0.603308  0.620851  0.633492  0.637705  
0.633515  0.630132  0.619986  0.605765  0.590684  0.577115  0.56565  0.554745  0.54088  0.519285  0.485512  0.437912  0.380234  0.322641  0.279395  0.263263  0.279395  0.322641  0.380234  0.437912  0.485512  0.519285  0.54088  0.554745  0.56565  0.577115  0.590684  0.605765  0.619986  0.630132  0.633515  
0.630038  0.627376  0.619392  0.608056  0.595725  0.584071  0.573278  0.561645  0.545662  0.520727  0.482748  0.430625  0.368739  0.307799  0.26243  0.245574  0.26243  0.307799  0.368739  0.430625  0.482748  0.520727  0.545662  0.561645  0.573278  0.584071  0.595725  0.608056  0.619392  0.627376  0.630038  
0.627116  0.625051  0.618856  0.609887  0.599729  0.589378  0.578563  0.565383  0.546386  0.517312  0.474696  0.4182  0.352848  0.28963  0.24307  0.22586  0.24307  0.28963  0.352848  0.4182  0.474696  0.517312  0.546386  0.565383  0.578563  0.589378  0.599729  0.609887  0.618856  0.625051  0.627116  
0.624298  0.622675  0.617808  0.610518  0.601696  0.59169  0.579781  0.56391  0.540831  0.506883  0.459497  0.399246  0.331679  0.26768  0.221144  0.204045  0.221144  0.26768  0.331679  0.399246  0.459497  0.506883  0.540831  0.56391  0.579781  0.59169  0.601696  0.610518  0.617808  0.622675  0.624298  
0.619984  0.618593  0.61442  0.607829  0.599111  0.588058  0.573608  0.553718  0.525599  0.48647  0.434852  0.37221  0.304345  0.241551  0.196531  0.180097  0.196531  0.241551  0.304345  0.37221  0.434852  0.48647  0.525599  0.553718  0.573608  0.588058  0.599111  0.607829  0.61442  0.618593  0.619984  
0.609354  0.607918  0.60361  0.596452  0.586297  0.572587  0.554169  0.529302  0.495935  0.452358  0.398185  0.335549  0.270082  0.210963  0.169196  0.154054  0.169196  0.210963  0.270082  0.335549  0.398185  0.452358  0.495935  0.529302  0.554169  0.572587  0.586297  0.596452  0.60361  0.607918  0.609354  
0.581347  0.579607  0.574388  0.565543  0.552754  0.535428  0.512651  0.483267  0.446133  0.400583  0.347088  0.28804  0.228425  0.175845  0.139223  0.126032  0.139223  0.175845  0.228425  0.28804  0.347088  0.400583  0.446133  0.483267  0.512651  0.535428  0.552754  0.565543  0.574388  0.579607  0.581347  
0.517717  0.515636  0.509394  0.49887  0.483843  0.463977  0.438829  0.407935  0.370978  0.328056  0.280075  0.229222  0.179428  0.13642  0.106842  0.0962508  0.106842  0.13642  0.179428  0.229222  0.280075  0.328056  0.370978  0.407935  0.438829  0.463977  0.483843  0.49887  0.509394  0.515636  0.517717  
0.399285  0.39724  0.391103  0.380873  0.366538  0.348082  0.325496  0.298826  0.268244  0.234178  0.197511  0.159855  0.123857  0.0932741  0.0724501  0.0650282  0.0724501  0.0932741  0.123857  0.159855  0.197511  0.234178  0.268244  0.298826  0.325496  0.348082  0.366538  0.380873  0.391103  0.39724  0.399285  
0.22017  0.218859  0.214927  0.208428  0.199441  0.188076  0.17447  0.158797  0.141293  0.122293  0.10232  0.0822145  0.0632849  0.0473722  0.0366064  0.0327807  0.0366064  0.0473722  0.0632849  0.0822145  0.10232  0.122293  0.141293  0.158797  0.17447  0.188076  0.199441  0.208428  0.214927  0.218859  0.22017  
0  0  0  0  0  0  0  0  0  0  0  0  0  0  0  0  0  0  0  0  0  0  0  0  0  0  0  0  0  0  0  
