1  1  1  1  1  1  1  1  1  1  1  1  1  1  1  1  1  1  1  1  1  1  1  1  1  1  1  1  1  1  1  
0.97495  0.97468  0.97387  0.972557  0.970798  0.968672  0.966272  0.963705  0.961082  0.958519  0.956127  0.95401  0.952261  0.950954  0.950147  0.949874  0.950147  0.950954  0.952261  0.95401  0.956127  0.958519  0.961082  0.963705  0.966272  0.968672  0.970798  0.972557  0.97387  0.97468  0.97495  
0.949893  0.949358  0.947751  0.945145  0.941655  0.937437  0.932677  0.927585  0.922384  0.917301  0.912559  0.908362  0.904894  0.902303  0.900703  0.900162  0.900703  0.902303  0.904894  0.908362  0.912559  0.917301  0.922384  0.927585  0.932677  0.937437  0.941655  0.945145  0.947751  0.949358  0.949893  
0.924821  0.924028  0.921649  0.917791  0.912626  0.906384  0.89934  0.891806  0.884113  0.876595  0.869582  0.863378  0.858251  0.854422  0.852057  0.851257  0.852057  0.854422  0.858251  0.863378  0.869582  0.876595  0.884113  0.891806  0.89934  0.906384  0.912626  0.917791  0.921649  0.924028  0.924821  
0.899721  0.898683  0.895568  0.890518  0.883757  0.875588  0.866372  0.856516  0.846454  0.836624  0.827456  0.819347  0.812646  0.807643  0.804553  0.803508  0.804553  0.807643  0.812646  0.819347  0.827456  0.836624  0.846454  0.856516  0.866372  0.875588  0.883757  0.890518  0.895568  0.898683  0.899721  
0.874575  0.873307  0.869504  0.863337  0.855083  0.84511  0.833863  0.821837  0.809561  0.797574  0.786394  0.776508  0.768341  0.762244  0.758478  0.757205  0.758478  0.762244  0.768341  0.776508  0.786394  0.797574  0.809561  0.821837  0.833863  0.84511  0.855083  0.863337  0.869504  0.873307  0.874575  
0.849358  0.847879  0.843442  0.836248  0.82662  0.814991  0.801877  0.787858  0.773552  0.759584  0.746561  0.735046  0.725534  0.718435  0.71405  0.712567  0.71405  0.718435  0.725534  0.735046  0.746561  0.759584  0.773552  0.787858  0.801877  0.814991  0.82662  0.836248  0.843442  0.847879  0.849358  
0.824036  0.822366  0.817357  0.809236  0.798371  0.785247  0.77045  0.754636  0.7385  0.722748  0.708063  0.695081  0.684359  0.676356  0.671414  0.669743  0.671414  0.676356  0.684359  0.695081  0.708063  0.722748  0.7385  0.754636  0.77045  0.785247  0.798371  0.809236  0.817357  0.822366  0.824036  
0.798563  0.796726  0.791212  0.782274  0.770314  0.755871  0.739589  0.722189  0.704436  0.687108  0.670955  0.656675  0.644882  0.636079  0.630644  0.628806  0.630644  0.636079  0.644882  0.656675  0.670955  0.687108  0.704436  0.722189  0.739589  0.755871  0.770314  0.782274  0.791212  0.796726  0.798563  
0.772885  0.770902  0.764954  0.755312  0.742411  0.726831  0.709268  0.690499  0.67135  0.652658  0.635234  0.61983  0.607107  0.597611  0.591747  0.589764  0.591747  0.597611  0.607107  0.61983  0.635234  0.652658  0.67135  0.690499  0.709268  0.726831  0.742411  0.755312  0.764954  0.770902  0.772885  
0.746931  0.744828  0.738517  0.728287  0.7146  0.698069  0.679432  0.659515  0.639192  0.619352  0.600854  0.584499  0.570989  0.560904  0.554675  0.552569  0.554675  0.560904  0.570989  0.584499  0.600854  0.619352  0.639192  0.659515  0.679432  0.698069  0.7146  0.728287  0.738517  0.744828  0.746931  
0.720618  0.718418  0.711817  0.701116  0.686797  0.669502  0.65  0.629153  0.607877  0.587101  0.567727  0.550592  0.536435  0.525864  0.519335  0.517127  0.519335  0.525864  0.536435  0.550592  0.567727  0.587101  0.607877  0.629153  0.65  0.669502  0.686797  0.701116  0.711817  0.718418  0.720618  
0.693848  0.691575  0.684756  0.673699  0.658902  0.641025  0.620862  0.599302  0.577291  0.55579  0.535732  0.517986  0.503321  0.492368  0.485601  0.483313  0.485601  0.492368  0.503321  0.517986  0.535732  0.55579  0.577291  0.599302  0.620862  0.641025  0.658902  0.673699  0.684756  0.691575  0.693848  
0.666508  0.664185  0.657217  0.645918  0.630792  0.612514  0.59189  0.56983  0.547298  0.525278  0.504727  0.486538  0.4715  0.460266  0.453324  0.450976  0.453324  0.460266  0.4715  0.486538  0.504727  0.525278  0.547298  0.56983  0.59189  0.612514  0.630792  0.645918  0.657217  0.664185  0.666508  
0.63847  0.636121  0.629072  0.61764  0.602332  0.583827  0.562939  0.540586  0.517743  0.495408  0.474553  0.456086  0.440812  0.429399  0.422344  0.419958  0.422344  0.429399  0.440812  0.456086  0.474553  0.495408  0.517743  0.540586  0.562939  0.583827  0.602332  0.61764  0.629072  0.636121  0.63847  
0.609595  0.60724  0.600176  0.588718  0.57337  0.55481  0.53385  0.511408  0.488462  0.466014  0.445043  0.426464  0.411092  0.399601  0.392497  0.390094  0.392497  0.399601  0.411092  0.426464  0.445043  0.466014  0.488462  0.511408  0.53385  0.55481  0.57337  0.588718  0.600176  0.60724  0.609595  
0.579728  0.57739  0.570375  0.558994  0.543746  0.525298  0.504455  0.482127  0.459285  0.436927  0.416028  0.397506  0.382175  0.37071  0.363622  0.361223  0.363622  0.37071  0.382175  0.397506  0.416028  0.436927  0.459285  0.482127  0.504455  0.525298  0.543746  0.558994  0.570375  0.57739  0.579728  
0.54871  0.546409  0.539507  0.528305  0.513293  0.495123  0.474586  0.452573  0.430043  0.407979  0.387346  0.369051  0.353903  0.342573  0.335565  0.333194  0.335565  0.342573  0.353903  0.369051  0.387346  0.407979  0.430043  0.452573  0.474586  0.495123  0.513293  0.528305  0.539507  0.546409  0.54871  
0.516377  0.514134  0.507406  0.496486  0.481845  0.464119  0.444075  0.422582  0.400574  0.379012  0.358841  0.340949  0.32613  0.315043  0.308186  0.305865  0.308186  0.315043  0.32613  0.340949  0.358841  0.379012  0.400574  0.422582  0.444075  0.464119  0.481845  0.496486  0.507406  0.514134  0.516377  
0.482569  0.480406  0.473914  0.463375  0.449243  0.432127  0.412767  0.392  0.370728  0.34988  0.330371  0.313061  0.298722  0.287992  0.281355  0.279109  0.281355  0.287992  0.298722  0.313061  0.330371  0.34988  0.370728  0.392  0.412767  0.432127  0.449243  0.463375  0.473914  0.480406  0.482569  
0.447138  0.445074  0.438881  0.428826  0.41534  0.399004  0.380521  0.36069  0.340372  0.320454  0.301811  0.285268  0.271562  0.261305  0.25496  0.252812  0.25496  0.261305  0.271562  0.285268  0.301811  0.320454  0.340372  0.36069  0.380521  0.399004  0.41534  0.428826  0.438881  0.445074  0.447138  
0.409957  0.408014  0.402183  0.392715  0.380016  0.364631  0.347221  0.328538  0.309395  0.290626  0.273057  0.257467  0.244548  0.234881  0.228901  0.226877  0.228901  0.234881  0.244548  0.257467  0.273057  0.290626  0.309395  0.328538  0.347221  0.364631  0.380016  0.392715  0.402183  0.408014  0.409957  
0.370933  0.369131  0.363727  0.354951  0.34318  0.328919  0.31278  0.29546  0.277713  0.260314  0.244027  0.229575  0.2176  0.208639  0.203095  0.201219  0.203095  0.208639  0.2176  0.229575  0.244027  0.260314  0.277713  0.29546  0.31278  0.328919  0.34318  0.354951  0.363727  0.369131  0.370933  
0.330016  0.328379  0.323465  0.315487  0.304786  0.29182  0.277149  0.261406  0.245275  0.229462  0.214662  0.20153  0.190651  0.18251  0.177474  0.17577  0.177474  0.18251  0.190651  0.20153  0.214662  0.229462  0.245275  0.261406  0.277149  0.29182  0.304786  0.315487  0.323465  0.328379  0.330016  
0.287217  0.285764  0.281405  0.274327  0.264835  0.253335  0.240324  0.226364  0.212063  0.198046  0.18493  0.173293  0.163654  0.156443  0.151982  0.150472  0.151982  0.156443  0.163654  0.173293  0.18493  0.198046  0.212063  0.226364  0.240324  0.253335  0.264835  0.274327  0.281405  0.285764  0.287217  
0.242609  0.241361  0.237617  0.231539  0.223388  0.213515  0.202347  0.190367  0.178096  0.166072  0.154822  0.144844  0.13658  0.130399  0.126575  0.125281  0.126575  0.130399  0.13658  0.144844  0.154822  0.166072  0.178096  0.190367  0.202347  0.213515  0.223388  0.231539  0.237617  0.241361  0.242609  
0.196338  0.195314  0.192242  0.187255  0.180568  0.172469  0.16331  0.153487  0.143429  0.133574  0.124357  0.116183  0.109415  0.104353  0.101222  0.100163  0.101222  0.104353  0.109415  0.116183  0.124357  0.133574  0.143429  0.153487  0.16331  0.172469  0.180568  0.187255  0.192242  0.195314  0.196338  
0.148624  0.147841  0.145489  0.141673  0.136556  0.13036  0.123354  0.115842  0.108152  0.100619  0.0935745  0.087329  0.0821581  0.0782911  0.0758999  0.0750908  0.0758999  0.0782911  0.0821581  0.087329  0.0935745  0.100619  0.108152  0.115842  0.123354  0.13036  0.136556  0.141673  0.145489  0.147841  0.148624  
0.0997575  0.0992273  0.0976366  0.0950545  0.0915932  0.0874025  0.0826646  0.0775854  0.0723864  0.0672951  0.0625347  0.0583148  0.0548214  0.0522092  0.050594  0.0500475  0.050594  0.0522092  0.0548214  0.0583148  0.0625347  0.0672951  0.0723864  0.0775854  0.0826646  0.0874025  0.0915932  0.0950545  0.0976366  0.0992273  0.0997575  
0.0500857  0.0498182  0.0490156  0.0477131  0.045967  0.0438532  0.0414636  0.0389022  0.0362807  0.0337138  0.031314  0.0291869  0.0274262  0.0261097  0.0252957  0.0250203  0.0252957  0.0261097  0.0274262  0.0291869  0.031314  0.0337138  0.0362807  0.0389022  0.0414636  0.0438532  0.045967  0.0477131  0.0490156  0.0498182  0.0500857  
0  0  0  0  0  0  0  0  0  0  0  0  0  0  0  0  0  0  0  0  0  0  0  0  0  0  0  0  0  0  0  
