1  1  1  1  1  1  1  1  1  1  1  1  1  1  1  1  1  1  1  1  1  1  1  1  1  1  1  1  1  1  1  
0.974394  0.974104  0.973234  0.971823  0.969935  0.967654  0.965082  0.962332  0.959524  0.956782  0.954225  0.951963  0.950095  0.9487  0.947838  0.947547  0.947838  0.9487  0.950095  0.951963  0.954225  0.956782  0.959524  0.962332  0.965082  0.967654  0.969935  0.971823  0.973234  0.974104  0.974394  
0.948809  0.948234  0.946509  0.943713  0.939971  0.935451  0.930354  0.924905  0.919344  0.913913  0.90885  0.904373  0.900674  0.897913  0.896208  0.895631  0.896208  0.897913  0.900674  0.904373  0.90885  0.913913  0.919344  0.924905  0.930354  0.935451  0.939971  0.943713  0.946509  0.948234  0.948809  
0.923264  0.922414  0.919865  0.915733  0.910203  0.903525  0.895996  0.887949  0.879739  0.871724  0.864252  0.857647  0.852192  0.84812  0.845606  0.844756  0.845606  0.84812  0.852192  0.857647  0.864252  0.871724  0.879739  0.887949  0.895996  0.903525  0.910203  0.915733  0.919865  0.922414  0.923264  
0.897773  0.896663  0.893333  0.887935  0.880714  0.871995  0.862167  0.851667  0.840956  0.830505  0.820765  0.812156  0.805048  0.799744  0.796469  0.795362  0.796469  0.799744  0.805048  0.812156  0.820765  0.830505  0.840956  0.851667  0.862167  0.871995  0.880714  0.887935  0.893333  0.896663  0.897773  
0.872342  0.87099  0.866935  0.860361  0.851569  0.840956  0.828996  0.816223  0.8032  0.790494  0.778658  0.7682  0.759567  0.753126  0.749149  0.747805  0.749149  0.753126  0.759567  0.7682  0.778658  0.790494  0.8032  0.816223  0.828996  0.840956  0.851569  0.860361  0.866935  0.87099  0.872342  
0.846968  0.845395  0.840679  0.833035  0.822813  0.810476  0.79658  0.781742  0.766618  0.751868  0.738131  0.725997  0.715983  0.708512  0.703901  0.702342  0.703901  0.708512  0.715983  0.725997  0.738131  0.751868  0.766618  0.781742  0.79658  0.810476  0.822813  0.833035  0.840679  0.845395  0.846968  
0.821634  0.819865  0.814559  0.805961  0.794465  0.780593  0.764972  0.748296  0.731303  0.714735  0.699307  0.685682  0.674439  0.666053  0.660876  0.659126  0.660876  0.666053  0.674439  0.685682  0.699307  0.714735  0.731303  0.748296  0.764972  0.780593  0.794465  0.805961  0.814559  0.819865  0.821634  
0.79631  0.79437  0.788551  0.779122  0.766517  0.75131  0.734186  0.71591  0.697288  0.679133  0.662231  0.647304  0.634987  0.6258  0.62013  0.618213  0.62013  0.6258  0.634987  0.647304  0.662231  0.679133  0.697288  0.71591  0.734186  0.75131  0.766517  0.779122  0.788551  0.79437  0.79631  
0.77095  0.768866  0.762612  0.75248  0.738935  0.722594  0.704195  0.684557  0.664548  0.645041  0.626877  0.610836  0.597598  0.587724  0.581628  0.579567  0.581628  0.587724  0.597598  0.610836  0.626877  0.645041  0.664548  0.684557  0.704195  0.722594  0.738935  0.75248  0.762612  0.768866  0.77095  
0.74549  0.743287  0.736678  0.725969  0.711653  0.694381  0.67493  0.654168  0.633009  0.612376  0.59316  0.576185  0.562174  0.551721  0.545267  0.543085  0.545267  0.551721  0.562174  0.576185  0.59316  0.612376  0.633009  0.654168  0.67493  0.694381  0.711653  0.725969  0.736678  0.743287  0.74549  
0.719845  0.717549  0.710662  0.699502  0.68458  0.666572  0.646289  0.624631  0.602551  0.581011  0.560943  0.543208  0.528564  0.517636  0.510887  0.508606  0.510887  0.517636  0.528564  0.543208  0.560943  0.581011  0.602551  0.624631  0.646289  0.666572  0.68458  0.699502  0.710662  0.717549  0.719845  
0.693911  0.691547  0.684456  0.672964  0.657594  0.639041  0.618134  0.595799  0.573017  0.55078  0.530051  0.511722  0.49658  0.485276  0.478293  0.475932  0.478293  0.485276  0.49658  0.511722  0.530051  0.55078  0.573017  0.595799  0.618134  0.639041  0.657594  0.672964  0.684456  0.691547  0.693911  
0.667559  0.665151  0.657928  0.646218  0.630552  0.611632  0.590301  0.567498  0.544224  0.52149  0.500283  0.481519  0.466009  0.454425  0.447267  0.444846  0.447267  0.454425  0.466009  0.481519  0.500283  0.52149  0.544224  0.567498  0.590301  0.611632  0.630552  0.646218  0.657928  0.665151  0.667559  
0.640642  0.638212  0.630923  0.619104  0.603284  0.584169  0.562603  0.539533  0.515967  0.49293  0.471423  0.45238  0.43663  0.42486  0.417585  0.415123  0.417585  0.42486  0.43663  0.45238  0.471423  0.49293  0.515967  0.539533  0.562603  0.584169  0.603284  0.619104  0.630923  0.638212  0.640642  
0.612987  0.610556  0.603265  0.591438  0.575602  0.556454  0.534836  0.511691  0.488029  0.464879  0.443248  0.424081  0.408219  0.396358  0.389025  0.386544  0.389025  0.396358  0.408219  0.424081  0.443248  0.464879  0.488029  0.511691  0.534836  0.556454  0.575602  0.591438  0.603265  0.610556  0.612987  
0.584402  0.581991  0.574758  0.563022  0.547299  0.528276  0.506783  0.483754  0.46019  0.437115  0.415539  0.396406  0.380561  0.368709  0.361378  0.358898  0.361378  0.368709  0.380561  0.396406  0.415539  0.437115  0.46019  0.483754  0.506783  0.528276  0.547299  0.563022  0.574758  0.581991  0.584402  
0.55468  0.552308  0.545191  0.533641  0.518159  0.499416  0.478224  0.4555  0.432229  0.409424  0.388083  0.369148  0.353458  0.341717  0.334452  0.331993  0.334452  0.341717  0.353458  0.369148  0.388083  0.409424  0.432229  0.4555  0.478224  0.499416  0.518159  0.533641  0.545191  0.552308  0.55468  
0.523598  0.521284  0.514342  0.503072  0.487958  0.469651  0.448938  0.426712  0.403935  0.3816  0.360686  0.342118  0.326726  0.315204  0.308073  0.305659  0.308073  0.315204  0.326726  0.342118  0.360686  0.3816  0.403935  0.426712  0.448938  0.469651  0.487958  0.503072  0.514342  0.521284  0.523598  
0.490934  0.488697  0.481988  0.471093  0.456477  0.438765  0.418714  0.397187  0.375113  0.353456  0.333167  0.315147  0.300205  0.289016  0.28209  0.279746  0.28209  0.289016  0.300205  0.315147  0.333167  0.353456  0.375113  0.397187  0.418714  0.438765  0.456477  0.471093  0.481988  0.488697  0.490934  
0.456468  0.45433  0.447914  0.437493  0.423509  0.406557  0.387359  0.366739  0.345588  0.324828  0.305374  0.288091  0.273756  0.26302  0.256375  0.254125  0.256375  0.26302  0.273756  0.288091  0.305374  0.324828  0.345588  0.366739  0.387359  0.406557  0.423509  0.437493  0.447914  0.45433  0.456468  
0.420006  0.417986  0.411926  0.402083  0.388872  0.372853  0.354708  0.335214  0.315214  0.29558  0.277178  0.260828  0.247266  0.237109  0.230822  0.228693  0.230822  0.237109  0.247266  0.260828  0.277178  0.29558  0.315214  0.335214  0.354708  0.372853  0.388872  0.402083  0.411926  0.417986  0.420006  
0.381386  0.379507  0.37387  0.364713  0.352422  0.337517  0.320632  0.302491  0.283879  0.265607  0.248482  0.233267  0.220647  0.211196  0.205345  0.203365  0.205345  0.211196  0.220647  0.233267  0.248482  0.265607  0.283879  0.302491  0.320632  0.337517  0.352422  0.364713  0.37387  0.379507  0.381386  
0.340504  0.338789  0.333643  0.325285  0.314065  0.300461  0.285051  0.268496  0.251512  0.234841  0.219219  0.205342  0.193833  0.185215  0.179881  0.178075  0.179881  0.185215  0.193833  0.205342  0.219219  0.234841  0.251512  0.268496  0.285051  0.300461  0.314065  0.325285  0.333643  0.338789  0.340504  
0.297326  0.295798  0.291214  0.283769  0.273776  0.261661  0.247941  0.233203  0.218088  0.203256  0.18936  0.177018  0.166786  0.159124  0.154383  0.152778  0.154383  0.159124  0.166786  0.177018  0.18936  0.203256  0.218088  0.233203  0.247941  0.261661  0.273776  0.283769  0.291214  0.295798  0.297326  
0.251907  0.250589  0.246637  0.240218  0.231604  0.221163  0.209341  0.196647  0.183631  0.170863  0.158905  0.148288  0.139487  0.132899  0.128822  0.127443  0.128822  0.132899  0.139487  0.148288  0.158905  0.170863  0.183631  0.196647  0.209341  0.221163  0.231604  0.240218  0.246637  0.250589  0.251907  
0.204399  0.203314  0.200059  0.194773  0.187682  0.179087  0.169359  0.158917  0.148215  0.137719  0.127892  0.11917  0.111942  0.106532  0.103185  0.102053  0.103185  0.106532  0.111942  0.11917  0.127892  0.137719  0.148215  0.158917  0.169359  0.179087  0.187682  0.194773  0.200059  0.203314  0.204399  
0.15506  0.154227  0.151728  0.147671  0.142228  0.135634  0.128172  0.120165  0.11196  0.103917  0.0963885  0.0897085  0.0841741  0.080033  0.0774712  0.0766042  0.0774712  0.080033  0.0841741  0.0897085  0.0963885  0.103917  0.11196  0.120165  0.128172  0.135634  0.142228  0.147671  0.151728  0.154227  0.15506  
0.104243  0.103679  0.101984  0.0992325  0.0955425  0.0910727  0.0860158  0.0805908  0.0750336  0.0695871  0.0644906  0.0599694  0.0562243  0.0534224  0.0516893  0.0511028  0.0516893  0.0534224  0.0562243  0.0599694  0.0644906  0.0695871  0.0750336  0.0805908  0.0860158  0.0910727  0.0955425  0.0992325  0.101984  0.103679  0.104243  
0.0523894  0.052104  0.0512478  0.0498578  0.0479937  0.0457361  0.0431823  0.0404431  0.0376376  0.0348884  0.0323164  0.030035  0.0281455  0.026732  0.0258578  0.0255619  0.0258578  0.026732  0.0281455  0.030035  0.0323164  0.0348884  0.0376376  0.0404431  0.0431823  0.0457361  0.0479937  0.0498578  0.0512478  0.052104  0.0523894  
0  0  0  0  0  0  0  0  0  0  0  0  0  0  0  0  0  0  0  0  0  0  0  0  0  0  0  0  0  0  0  
