1  1  1  1  1  1  1  1  1  1  1  1  1  1  1  1  1  1  1  1  1  1  1  1  1  1  1  1  1  1  1  
0.974117  0.973825  0.972951  0.971532  0.969635  0.967342  0.964757  0.961994  0.959174  0.95642  0.953853  0.951582  0.949707  0.948307  0.947443  0.94715  0.947443  0.948307  0.949707  0.951582  0.953853  0.95642  0.959174  0.961994  0.964757  0.967342  0.969635  0.971532  0.972951  0.973825  0.974117  
0.948263  0.947685  0.945952  0.943141  0.939381  0.934839  0.929718  0.924245  0.918661  0.91321  0.908128  0.903635  0.899924  0.897155  0.895444  0.894866  0.895444  0.897155  0.899924  0.903635  0.908128  0.91321  0.918661  0.924245  0.929718  0.934839  0.939381  0.943141  0.945952  0.947685  0.948263  
0.922464  0.921611  0.91905  0.914898  0.909343  0.902636  0.895076  0.886999  0.878759  0.870718  0.863224  0.8566  0.85113  0.847048  0.844528  0.843676  0.844528  0.847048  0.85113  0.8566  0.863224  0.870718  0.878759  0.886999  0.895076  0.902636  0.909343  0.914898  0.91905  0.921611  0.922464  
0.896742  0.895628  0.892284  0.886864  0.879615  0.870863  0.861002  0.850469  0.839729  0.829251  0.819489  0.810864  0.803743  0.798431  0.79515  0.794042  0.79515  0.798431  0.803743  0.810864  0.819489  0.829251  0.839729  0.850469  0.861002  0.870863  0.879615  0.886864  0.892284  0.895628  0.896742  
0.871109  0.869753  0.865683  0.859088  0.850268  0.839625  0.827635  0.814834  0.801785  0.78906  0.777208  0.76674  0.758101  0.751656  0.747678  0.746333  0.747678  0.751656  0.758101  0.76674  0.777208  0.78906  0.801785  0.814834  0.827635  0.839625  0.850268  0.859088  0.865683  0.869753  0.871109  
0.845568  0.843991  0.839262  0.8316  0.821356  0.808996  0.795077  0.780221  0.765084  0.750327  0.736588  0.724455  0.714444  0.706978  0.70237  0.700812  0.70237  0.706978  0.714444  0.724455  0.736588  0.750327  0.765084  0.780221  0.795077  0.808996  0.821356  0.8316  0.839262  0.843991  0.845568  
0.820107  0.818336  0.813021  0.804411  0.792901  0.779018  0.763388  0.74671  0.729721  0.713163  0.697751  0.684143  0.672918  0.664546  0.659379  0.657633  0.659379  0.664546  0.672918  0.684143  0.697751  0.713163  0.729721  0.74671  0.763388  0.779018  0.792901  0.804411  0.813021  0.818336  0.820107  
0.794702  0.792761  0.786939  0.777507  0.764901  0.749697  0.732583  0.714325  0.695729  0.677607  0.66074  0.64585  0.633566  0.624406  0.618753  0.616842  0.618753  0.624406  0.633566  0.64585  0.66074  0.677607  0.695729  0.714325  0.732583  0.749697  0.764901  0.777507  0.786939  0.792761  0.794702  
0.769309  0.767226  0.760976  0.750852  0.737321  0.721002  0.702634  0.683038  0.66308  0.643628  0.625523  0.609539  0.596351  0.586516  0.580445  0.578393  0.580445  0.586516  0.596351  0.609539  0.625523  0.643628  0.66308  0.683038  0.702634  0.721002  0.737321  0.750852  0.760976  0.767226  0.769309  
0.743867  0.741668  0.735071  0.724382  0.710097  0.692867  0.673471  0.652775  0.631691  0.611138  0.592004  0.575105  0.56116  0.550758  0.544337  0.542166  0.544337  0.550758  0.56116  0.575105  0.592004  0.611138  0.631691  0.652775  0.673471  0.692867  0.710097  0.724382  0.735071  0.741668  0.743867  
0.718293  0.716004  0.709136  0.698009  0.683135  0.66519  0.644984  0.623416  0.601435  0.579999  0.560032  0.542392  0.527828  0.516961  0.510251  0.507983  0.510251  0.516961  0.527828  0.542392  0.560032  0.579999  0.601435  0.623416  0.644984  0.66519  0.683135  0.698009  0.709136  0.716004  0.718293  
0.692482  0.690127  0.683064  0.671617  0.656312  0.63784  0.617031  0.594808  0.572146  0.550032  0.529421  0.5112  0.49615  0.484915  0.477975  0.475628  0.477975  0.484915  0.49615  0.5112  0.529421  0.550032  0.572146  0.594808  0.617031  0.63784  0.656312  0.671617  0.683064  0.690127  0.692482  
0.666304  0.663907  0.656718  0.645065  0.629477  0.610656  0.58944  0.566767  0.543628  0.521032  0.499955  0.481309  0.465897  0.454386  0.447274  0.444869  0.447274  0.454386  0.465897  0.481309  0.499955  0.521032  0.543628  0.566767  0.58944  0.610656  0.629477  0.645065  0.656718  0.663907  0.666304  
0.639606  0.63719  0.629941  0.618187  0.602457  0.583453  0.562016  0.539086  0.515667  0.492775  0.471405  0.452483  0.436834  0.425139  0.41791  0.415464  0.41791  0.425139  0.436834  0.452483  0.471405  0.492775  0.515667  0.539086  0.562016  0.583453  0.602457  0.618187  0.629941  0.63719  0.639606  
0.612212  0.609796  0.602549  0.590794  0.575055  0.556026  0.534543  0.511545  0.488033  0.46503  0.443536  0.424489  0.408724  0.396936  0.389647  0.387181  0.389647  0.396936  0.408724  0.424489  0.443536  0.46503  0.488033  0.511545  0.534543  0.556026  0.575055  0.590794  0.602549  0.609796  0.612212  
0.583922  0.581526  0.574338  0.562677  0.547054  0.528153  0.506796  0.483913  0.460495  0.437563  0.416116  0.397096  0.381343  0.369557  0.362267  0.3598  0.362267  0.369557  0.381343  0.397096  0.416116  0.437563  0.460495  0.483913  0.506796  0.528153  0.547054  0.562677  0.574338  0.581526  0.583922  
0.554515  0.552158  0.545087  0.533611  0.518227  0.499603  0.478542  0.455956  0.432822  0.410148  0.388925  0.37009  0.35448  0.342797  0.335567  0.33312  0.335567  0.342797  0.35448  0.37009  0.388925  0.410148  0.432822  0.455956  0.478542  0.499603  0.518227  0.533611  0.545087  0.552158  0.554515  
0.52376  0.521461  0.514562  0.503361  0.488339  0.470141  0.449548  0.427447  0.404792  0.38257  0.361756  0.343273  0.327948  0.316472  0.30937  0.306965  0.30937  0.316472  0.327948  0.343273  0.361756  0.38257  0.404792  0.427447  0.449548  0.470141  0.488339  0.503361  0.514562  0.521461  0.52376  
0.491417  0.489193  0.482523  0.47169  0.457156  0.439539  0.419592  0.39817  0.376198  0.354634  0.334425  0.316471  0.301578  0.290424  0.283519  0.281181  0.283519  0.290424  0.301578  0.316471  0.334425  0.354634  0.376198  0.39817  0.419592  0.439539  0.457156  0.47169  0.482523  0.489193  0.491417  
0.457251  0.455124  0.44874  0.438372  0.424456  0.407582  0.388468  0.367931  0.346858  0.326167  0.306771  0.289533  0.275231  0.264518  0.257885  0.25564  0.257885  0.264518  0.275231  0.289533  0.306771  0.326167  0.346858  0.367931  0.388468  0.407582  0.424456  0.438372  0.44874  0.455124  0.457251  
0.421049  0.419038  0.413004  0.403201  0.390042  0.374082  0.355998  0.336563  0.316617  0.297028  0.278661  0.262336  0.248791  0.238644  0.232362  0.230234  0.232362  0.238644  0.248791  0.262336  0.278661  0.297028  0.316617  0.336563  0.355998  0.374082  0.390042  0.403201  0.413004  0.419038  0.421049  
0.382633  0.38076  0.375141  0.366012  0.353756  0.33889  0.322044  0.303939  0.285356  0.267106  0.249994  0.234786  0.222168  0.212716  0.206864  0.204882  0.206864  0.212716  0.222168  0.234786  0.249994  0.267106  0.285356  0.303939  0.322044  0.33889  0.353756  0.366012  0.375141  0.38076  0.382633  
0.341883  0.340171  0.335036  0.326694  0.315494  0.30191  0.286518  0.269976  0.253001  0.236331  0.220705  0.206819  0.195299  0.186671  0.18133  0.179521  0.18133  0.186671  0.195299  0.206819  0.220705  0.236331  0.253001  0.269976  0.286518  0.30191  0.315494  0.326694  0.335036  0.340171  0.341883  
0.298752  0.297226  0.292646  0.285206  0.27522  0.263109  0.249389  0.234648  0.219523  0.204676  0.190761  0.178399  0.168147  0.160469  0.155717  0.154108  0.155717  0.160469  0.168147  0.178399  0.190761  0.204676  0.219523  0.234648  0.249389  0.263109  0.27522  0.285206  0.292646  0.297226  0.298752  
0.253289  0.251971  0.248018  0.241596  0.232978  0.222529  0.210695  0.197984  0.184948  0.172154  0.160169  0.149524  0.140698  0.13409  0.130001  0.128616  0.130001  0.13409  0.140698  0.149524  0.160169  0.172154  0.184948  0.197984  0.210695  0.222529  0.232978  0.241596  0.248018  0.251971  0.253289  
0.205645  0.204558  0.201299  0.196006  0.188903  0.180294  0.170547  0.160082  0.149352  0.138826  0.128969  0.120217  0.112963  0.107533  0.104173  0.103036  0.104173  0.107533  0.112963  0.120217  0.128969  0.138826  0.149352  0.160082  0.170547  0.180294  0.188903  0.196006  0.201299  0.204558  0.205645  
0.156082  0.155247  0.152743  0.148676  0.143221  0.13661  0.129127  0.121096  0.112865  0.104793  0.097236  0.0905291  0.0849711  0.0808117  0.0782383  0.0773673  0.0782383  0.0808117  0.0849711  0.0905291  0.097236  0.104793  0.112865  0.121096  0.129127  0.13661  0.143221  0.148676  0.152743  0.155247  0.156082  
0.104969  0.104403  0.102704  0.0999441  0.096243  0.091759  0.0866851  0.0812407  0.0756622  0.0701936  0.0650752  0.0605335  0.0567708  0.0539553  0.0522135  0.0516241  0.0522135  0.0539553  0.0567708  0.0605335  0.0650752  0.0701936  0.0756622  0.0812407  0.0866851  0.091759  0.096243  0.0999441  0.102704  0.104403  0.104969  
0.0527662  0.0524799  0.051621  0.0502263  0.048356  0.0460903  0.043527  0.0407769  0.0379598  0.0351986  0.0326147  0.0303223  0.0284234  0.0270026  0.0261238  0.0258263  0.0261238  0.0270026  0.0284234  0.0303223  0.0326147  0.0351986  0.0379598  0.0407769  0.043527  0.0460903  0.048356  0.0502263  0.051621  0.0524799  0.0527662  
0  0  0  0  0  0  0  0  0  0  0  0  0  0  0  0  0  0  0  0  0  0  0  0  0  0  0  0  0  0  0  
