1  1  1  1  1  1  1  1  1  1  1  1  1  1  1  1  1  1  1  1  1  1  1  1  1  1  1  1  1  1  1  
0.974089  0.973798  0.972923  0.971506  0.969608  0.967317  0.964733  0.96197  0.959151  0.956399  0.953833  0.951564  0.949689  0.94829  0.947426  0.947134  0.947426  0.94829  0.949689  0.951564  0.953833  0.956399  0.959151  0.96197  0.964733  0.967317  0.969608  0.971506  0.972923  0.973798  0.974089  
0.948208  0.94763  0.945898  0.943088  0.939329  0.934789  0.92967  0.9242  0.918618  0.913169  0.90809  0.903599  0.89989  0.897122  0.895412  0.894834  0.895412  0.897122  0.89989  0.903599  0.90809  0.913169  0.918618  0.9242  0.92967  0.934789  0.939329  0.943088  0.945898  0.94763  0.948208  
0.922383  0.92153  0.91897  0.914819  0.909267  0.902563  0.895006  0.886933  0.878697  0.87066  0.863169  0.856549  0.851082  0.847003  0.844484  0.843632  0.844484  0.847003  0.851082  0.856549  0.863169  0.87066  0.878697  0.886933  0.895006  0.902563  0.909267  0.914819  0.91897  0.92153  0.922383  
0.896636  0.895522  0.89218  0.886762  0.879516  0.870769  0.860912  0.850385  0.83965  0.829178  0.819422  0.810801  0.803685  0.798376  0.795098  0.793989  0.795098  0.798376  0.803685  0.810801  0.819422  0.829178  0.83965  0.850385  0.860912  0.870769  0.879516  0.886762  0.89218  0.895522  0.896636  
0.87098  0.869624  0.865556  0.858964  0.850149  0.839511  0.827528  0.814734  0.801693  0.788976  0.777132  0.766671  0.758037  0.751597  0.747621  0.746277  0.747621  0.751597  0.758037  0.766671  0.777132  0.788976  0.801693  0.814734  0.827528  0.839511  0.850149  0.858964  0.865556  0.869624  0.87098  
0.845418  0.843842  0.839116  0.831458  0.821219  0.808866  0.794957  0.78011  0.764983  0.750236  0.736507  0.724383  0.71438  0.706919  0.702315  0.700758  0.702315  0.706919  0.71438  0.724383  0.736507  0.750236  0.764983  0.78011  0.794957  0.808866  0.821219  0.831458  0.839116  0.843842  0.845418  
0.819939  0.818168  0.812857  0.804252  0.79275  0.778876  0.763257  0.746591  0.729615  0.713069  0.697669  0.684073  0.672857  0.664493  0.65933  0.657585  0.65933  0.664493  0.672857  0.684073  0.697669  0.713069  0.729615  0.746591  0.763257  0.778876  0.79275  0.804252  0.812857  0.818168  0.819939  
0.794518  0.792579  0.786761  0.777336  0.764738  0.749546  0.732445  0.714201  0.695621  0.677514  0.660662  0.645785  0.633514  0.624362  0.618714  0.616805  0.618714  0.624362  0.633514  0.645785  0.660662  0.677514  0.695621  0.714201  0.732445  0.749546  0.764738  0.777336  0.786761  0.792579  0.794518  
0.769114  0.767032  0.760787  0.750671  0.73715  0.720845  0.702493  0.682914  0.662973  0.64354  0.625453  0.609484  0.59631  0.586485  0.58042  0.578371  0.58042  0.586485  0.59631  0.609484  0.625453  0.64354  0.662973  0.682914  0.702493  0.720845  0.73715  0.750671  0.760787  0.767032  0.769114  
0.743663  0.741466  0.734874  0.724195  0.709922  0.692707  0.673329  0.652653  0.63159  0.611058  0.591944  0.575063  0.561134  0.550743  0.544329  0.54216  0.544329  0.550743  0.561134  0.575063  0.591944  0.611058  0.63159  0.652653  0.673329  0.692707  0.709922  0.724195  0.734874  0.741466  0.743663  
0.718084  0.715797  0.708935  0.697819  0.682958  0.665032  0.644846  0.6233  0.601342  0.57993  0.559985  0.542364  0.527817  0.516963  0.510261  0.507995  0.510261  0.516963  0.527817  0.542364  0.559985  0.57993  0.601342  0.6233  0.644846  0.665032  0.682958  0.697819  0.708935  0.715797  0.718084  
0.692271  0.689919  0.682862  0.671427  0.656138  0.637685  0.616899  0.5947  0.572064  0.549975  0.529388  0.511188  0.496156  0.484934  0.478004  0.47566  0.478004  0.484934  0.496156  0.511188  0.529388  0.549975  0.572064  0.5947  0.616899  0.637685  0.656138  0.671427  0.682862  0.689919  0.692271  
0.666095  0.663701  0.65652  0.64488  0.629309  0.610509  0.589317  0.56667  0.543558  0.520989  0.499937  0.481314  0.465921  0.454425  0.447321  0.444919  0.447321  0.454425  0.465921  0.481314  0.499937  0.520989  0.543558  0.56667  0.589317  0.610509  0.629309  0.64488  0.65652  0.663701  0.666095  
0.639404  0.63699  0.629749  0.618009  0.602298  0.583315  0.561903  0.539001  0.51561  0.492746  0.471402  0.452504  0.436874  0.425193  0.417974  0.415531  0.417974  0.425193  0.436874  0.452504  0.471402  0.492746  0.51561  0.539001  0.561903  0.583315  0.602298  0.618009  0.629749  0.63699  0.639404  
0.61202  0.609607  0.602368  0.590627  0.574906  0.5559  0.534444  0.511474  0.487991  0.465016  0.443548  0.424525  0.40878  0.397007  0.389726  0.387264  0.389726  0.397007  0.40878  0.424525  0.443548  0.465016  0.487991  0.511474  0.534444  0.5559  0.574906  0.590627  0.602368  0.609607  0.61202  
0.583742  0.581349  0.57417  0.562523  0.546919  0.528041  0.506711  0.483856  0.460468  0.437563  0.416143  0.397146  0.381412  0.369641  0.362359  0.359895  0.362359  0.369641  0.381412  0.397146  0.416143  0.437563  0.460468  0.483856  0.506711  0.528041  0.546919  0.562523  0.57417  0.581349  0.583742  
0.554352  0.551998  0.544935  0.533473  0.518108  0.499507  0.478472  0.455914  0.432808  0.410162  0.388964  0.370152  0.354561  0.342891  0.33567  0.333226  0.33567  0.342891  0.354561  0.370152  0.388964  0.410162  0.432808  0.455914  0.478472  0.499507  0.518108  0.533473  0.544935  0.551998  0.554352  
0.523615  0.521318  0.514428  0.503241  0.488237  0.470062  0.449494  0.427419  0.404792  0.382596  0.361807  0.343345  0.328037  0.316575  0.30948  0.307078  0.30948  0.316575  0.328037  0.343345  0.361807  0.382596  0.404792  0.427419  0.449494  0.470062  0.488237  0.503241  0.514428  0.521318  0.523615  
0.491291  0.489071  0.482408  0.471589  0.457072  0.439476  0.419553  0.398156  0.37621  0.354671  0.334484  0.31655  0.301674  0.290532  0.283634  0.281299  0.283634  0.290532  0.301674  0.31655  0.334484  0.354671  0.37621  0.398156  0.419553  0.439476  0.457072  0.471589  0.482408  0.489071  0.491291  
0.457147  0.455021  0.448646  0.43829  0.42439  0.407536  0.388444  0.36793  0.346881  0.326212  0.306837  0.289617  0.275331  0.264628  0.258002  0.255758  0.258002  0.264628  0.275331  0.289617  0.306837  0.326212  0.346881  0.36793  0.388444  0.407536  0.42439  0.43829  0.448646  0.455021  0.457147  
0.420965  0.418956  0.412929  0.403138  0.389994  0.374051  0.355987  0.336574  0.316648  0.297079  0.278731  0.262422  0.248891  0.238753  0.232477  0.230352  0.232477  0.238753  0.248891  0.262422  0.278731  0.297079  0.316648  0.336574  0.355987  0.374051  0.389994  0.403138  0.412929  0.418956  0.420965  
0.38257  0.380699  0.375086  0.365966  0.353724  0.338873  0.322045  0.303958  0.285393  0.267161  0.250066  0.234872  0.222265  0.212821  0.206975  0.204995  0.206975  0.212821  0.222265  0.234872  0.250066  0.267161  0.285393  0.303958  0.322045  0.338873  0.353724  0.365966  0.375086  0.380699  0.38257  
0.341837  0.340128  0.334998  0.326664  0.315475  0.301905  0.286527  0.270002  0.253042  0.236388  0.220775  0.206901  0.195391  0.18677  0.181433  0.179627  0.181433  0.18677  0.195391  0.206901  0.220775  0.236388  0.253042  0.270002  0.286527  0.301905  0.315475  0.326664  0.334998  0.340128  0.341837  
0.298723  0.297197  0.292622  0.285189  0.275212  0.263112  0.249405  0.234677  0.219565  0.20473  0.190827  0.178476  0.168231  0.160559  0.155811  0.154203  0.155811  0.160559  0.168231  0.178476  0.190827  0.20473  0.219565  0.234677  0.249405  0.263112  0.275212  0.285189  0.292622  0.297197  0.298723  
0.253272  0.251955  0.248005  0.241589  0.232979  0.222539  0.210714  0.198014  0.184988  0.172205  0.160228  0.149592  0.140772  0.134169  0.130083  0.128699  0.130083  0.134169  0.140772  0.149592  0.160228  0.172205  0.184988  0.198014  0.210714  0.222539  0.232979  0.241589  0.248005  0.251955  0.253272  
0.205636  0.204551  0.201294  0.196005  0.188909  0.180307  0.170567  0.16011  0.149388  0.13887  0.12902  0.120274  0.113025  0.107599  0.104241  0.103104  0.104241  0.107599  0.113025  0.120274  0.12902  0.13887  0.149388  0.16011  0.170567  0.180307  0.188909  0.196005  0.201294  0.204551  0.205636  
0.156079  0.155245  0.152743  0.148679  0.143228  0.136622  0.129145  0.121119  0.112894  0.104828  0.0972761  0.0905736  0.0850192  0.0808625  0.0782906  0.0774203  0.0782906  0.0808625  0.0850192  0.0905736  0.0972761  0.104828  0.112894  0.121119  0.129145  0.136622  0.143228  0.148679  0.152743  0.155245  0.156079  
0.104969  0.104403  0.102705  0.0999478  0.0962494  0.0917686  0.0866983  0.0812576  0.0756829  0.0702179  0.0651029  0.060564  0.0568037  0.0539898  0.0522492  0.05166  0.0522492  0.0539898  0.0568037  0.060564  0.0651029  0.0702179  0.0756829  0.0812576  0.0866983  0.0917686  0.0962494  0.0999478  0.102705  0.104403  0.104969  
0.0527668  0.0524807  0.0516223  0.0502287  0.0483597  0.0460955  0.043534  0.0407858  0.0379705  0.0352111  0.0326288  0.0303379  0.02844  0.0270201  0.0261418  0.0258445  0.0261418  0.0270201  0.02844  0.0303379  0.0326288  0.0352111  0.0379705  0.0407858  0.043534  0.0460955  0.0483597  0.0502287  0.0516223  0.0524807  0.0527668  
0  0  0  0  0  0  0  0  0  0  0  0  0  0  0  0  0  0  0  0  0  0  0  0  0  0  0  0  0  0  0  
