1  1  1  1  1  1  1  1  1  1  1  1  1  1  1  1  1  1  1  1  1  1  1  1  1  1  1  1  1  1  1  
0.969142  0.97213  0.981092  0.956957  0.990378  0.940513  0.997315  0.923917  1.00228  0.90866  1.00563  0.896329  1.00766  0.888308  1.00862  0.885525  1.00862  0.888308  1.00766  0.896329  1.00563  0.90866  1.00228  0.923917  0.997315  0.940513  0.990378  0.956957  0.981092  0.97213  0.969142  
0.957979  0.950921  0.929747  0.971833  0.898289  0.987715  0.865349  0.999265  0.833577  1.00723  0.806076  1.01231  0.785809  1.01509  0.775059  1.01597  0.775059  1.01509  0.785809  1.01231  0.806076  1.00723  0.833577  0.999265  0.865349  0.987715  0.898289  0.971833  0.929747  0.950921  0.957979  
0.908005  0.916682  0.942714  0.872542  0.969577  0.824812  0.989399  0.776848  1.00327  0.732978  1.01232  0.697699  1.01763  0.674838  1.02004  0.666925  1.02004  0.674838  1.01763  0.697699  1.01232  0.732978  1.00327  0.776848  0.989399  0.824812  0.969577  0.872542  0.942714  0.916682  0.908005  
0.915272  0.901796  0.861367  0.941575  0.801339  0.971435  0.738799  0.992595  0.6789  1.00658  0.62744  1.015  0.589762  1.01932  0.569867  1.02063  0.569867  1.01932  0.589762  1.015  0.62744  1.00658  0.6789  0.992595  0.738799  0.971435  0.801339  0.941575  0.861367  0.901796  0.915272  
0.848481  0.862042  0.902725  0.792825  0.944373  0.718273  0.974365  0.643948  0.994398  0.576606  1.00656  0.522941  1.01304  0.488412  1.01572  0.476507  1.01572  0.488412  1.01304  0.522941  1.00656  0.576606  0.994398  0.643948  0.974365  0.718273  0.944373  0.792825  0.902725  0.862042  0.848481  
0.87126  0.852536  0.796366  0.907452  0.713004  0.947893  0.626786  0.975328  0.545068  0.992096  0.475633  1.00102  0.425286  1.00494  0.398877  1.00597  0.398877  1.00494  0.425286  1.00102  0.475633  0.992096  0.545068  0.975328  0.626786  0.947893  0.713004  0.907452  0.796366  0.852536  0.87126  
0.791259  0.80851  0.860264  0.719957  0.912624  0.625028  0.948994  0.531339  0.971554  0.447478  0.983522  0.381426  0.988598  0.339316  0.990131  0.32487  0.990131  0.339316  0.988598  0.381426  0.983522  0.447478  0.971554  0.531339  0.948994  0.625028  0.912624  0.719957  0.860264  0.80851  0.791259  
0.825423  0.802967  0.735598  0.86821  0.635577  0.915022  0.532968  0.944853  0.436875  0.960874  0.356265  0.967394  0.298464  0.968944  0.268374  0.969019  0.268374  0.968944  0.298464  0.967394  0.356265  0.960874  0.436875  0.944853  0.532968  0.915022  0.635577  0.86821  0.735598  0.802967  0.825423  
0.736523  0.756067  0.814697  0.654883  0.8731  0.546864  0.911778  0.441366  0.933276  0.34813  0.942042  0.275587  0.943519  0.22978  0.942735  0.214148  0.942735  0.22978  0.943519  0.275587  0.942042  0.34813  0.933276  0.441366  0.911778  0.546864  0.8731  0.654883  0.814697  0.756067  0.736523  
0.77731  0.752762  0.679117  0.823153  0.569538  0.872036  0.457939  0.900662  0.354614  0.913006  0.26899  0.914928  0.208242  0.912756  0.176844  0.911411  0.176844  0.912756  0.208242  0.914928  0.26899  0.913006  0.354614  0.900662  0.457939  0.872036  0.569538  0.823153  0.679117  0.752762  0.77731  
0.683881  0.704302  0.765566  0.597256  0.825416  0.483237  0.862742  0.372849  0.88036  0.276365  0.883899  0.202084  0.880486  0.155561  0.876768  0.139754  0.876768  0.155561  0.880486  0.202085  0.883899  0.276365  0.88036  0.372849  0.862742  0.483237  0.825416  0.597256  0.765566  0.704302  0.683881  
0.726451  0.701377  0.626155  0.772017  0.513683  0.819166  0.399673  0.843823  0.295034  0.850658  0.209137  0.846916  0.148685  0.840509  0.117607  0.837598  0.117607  0.840509  0.148685  0.846916  0.209137  0.850658  0.295034  0.843823  0.399673  0.819166  0.513683  0.772017  0.626155  0.701377  0.726451  
0.632348  0.652375  0.712456  0.545579  0.769756  0.431721  0.802915  0.322074  0.814948  0.22694  0.812443  0.154208  0.803891  0.108893  0.797218  0.0935383  0.797218  0.108893  0.803891  0.154208  0.812443  0.22694  0.814948  0.322074  0.802915  0.431721  0.769756  0.545579  0.712456  0.652375  0.632348  
0.672231  0.647976  0.575212  0.714728  0.465501  0.757197  0.354375  0.776186  0.252832  0.776873  0.169899  0.767511  0.111777  0.757146  0.0819754  0.752808  0.0819754  0.757146  0.111777  0.767511  0.169899  0.776873  0.252832  0.776186  0.354375  0.757197  0.465501  0.714728  0.575212  0.647976  0.672231  
0.580404  0.599012  0.654835  0.497476  0.70651  0.388683  0.733705  0.283982  0.739564  0.193366  0.731288  0.124257  0.718215  0.0812701  0.709053  0.0667163  0.709053  0.0812701  0.718215  0.124257  0.731288  0.193366  0.739564  0.283982  0.733704  0.388683  0.70651  0.497476  0.654835  0.599012  0.580404  
0.613772  0.59138  0.524203  0.651149  0.421662  0.687004  0.317391  0.699666  0.222051  0.694581  0.144197  0.680508  0.0896384  0.667044  0.0616609  0.661622  0.0616609  0.667044  0.0896385  0.680508  0.144197  0.694581  0.222051  0.699666  0.317391  0.687004  0.421662  0.651149  0.524203  0.59138  0.613772  
0.526077  0.542538  0.59192  0.450016  0.635954  0.349942  0.656387  0.253218  0.656422  0.169301  0.643459  0.10518  0.627085  0.0652347  0.616215  0.0516985  0.616215  0.0652347  0.627085  0.10518  0.643459  0.169301  0.656422  0.253218  0.656387  0.349942  0.635954  0.450016  0.59192  0.542538  0.526077  
0.549872  0.530071  0.470667  0.580898  0.378498  0.609214  0.283974  0.615785  0.197083  0.606056  0.125839  0.588754  0.0757528  0.573401  0.0500134  0.56736  0.0500134  0.573401  0.0757528  0.588754  0.125839  0.606056  0.197083  0.615785  0.283974  0.609214  0.378498  0.580898  0.470667  0.530071  0.549872  
0.467114  0.480995  0.522638  0.400068  0.558065  0.31135  0.571832  0.224867  0.567113  0.149356  0.551079  0.091371  0.532968  0.0551186  0.521341  0.0428109  0.521341  0.0551186  0.532968  0.091371  0.551079  0.149356  0.567113  0.224867  0.571832  0.31135  0.558065  0.400068  0.522638  0.480995  0.467114  
0.47908  0.462318  0.412031  0.503319  0.332458  0.524093  0.249858  0.525526  0.173261  0.512794  0.110033  0.494066  0.0653592  0.478211  0.0423301  0.472069  0.0423301  0.478211  0.0653592  0.494066  0.110033  0.512794  0.173261  0.525526  0.249858  0.524093  0.332458  0.503319  0.412031  0.462318  0.47908  
0.401257  0.412383  0.445763  0.344697  0.472557  0.269279  0.480497  0.194927  0.472607  0.129454  0.455431  0.0788566  0.437307  0.0470886  0.425935  0.0362805  0.425935  0.0470886  0.437307  0.0788566  0.455431  0.129454  0.472607  0.194927  0.480497  0.269279  0.472557  0.344697  0.445763  0.412383  0.401257  
0.399962  0.386473  0.346004  0.417669  0.280572  0.431659  0.211694  0.429447  0.147164  0.415663  0.0934894  0.397454  0.0553649  0.382526  0.0356517  0.376808  0.0356517  0.382526  0.0553649  0.397454  0.0934894  0.415663  0.147164  0.429447  0.211694  0.431659  0.280572  0.417669  0.346004  0.386473  0.399962  
0.32669  0.335083  0.36026  0.281641  0.379135  0.221064  0.382641  0.160623  0.373488  0.106931  0.357222  0.0651804  0.340821  0.0388656  0.330698  0.0298965  0.330698  0.0388656  0.340821  0.0651804  0.357222  0.106931  0.373488  0.160623  0.382641  0.221064  0.379135  0.281641  0.36026  0.335083  0.32669  
0.311584  0.30146  0.271088  0.323515  0.220932  0.332014  0.167402  0.327974  0.116756  0.315203  0.0743361  0.299433  0.0440696  0.286794  0.0283813  0.281993  0.0283813  0.286794  0.0440696  0.299433  0.0743361  0.315203  0.116756  0.327974  0.167402  0.332014  0.220932  0.323515  0.271088  0.30146  0.311584  
0.242609  0.248408  0.265803  0.209831  0.277924  0.16541  0.278685  0.120611  0.270265  0.080512  0.256895  0.0491755  0.243821  0.0293668  0.235846  0.0226066  0.235846  0.0293668  0.243821  0.0491755  0.256895  0.080512  0.270265  0.120611  0.278685  0.16541  0.277924  0.209831  0.265803  0.248408  0.242609  
0.214088  0.207348  0.187128  0.221241  0.153132  0.225757  0.11643  0.221744  0.0814289  0.211926  0.0519569  0.200308  0.0308608  0.191139  0.0199078  0.187676  0.0199078  0.191139  0.0308608  0.200308  0.0519569  0.211926  0.0814289  0.221744  0.11643  0.225757  0.153132  0.221241  0.187128  0.207348  0.214088  
0.149763  0.153146  0.163294  0.129835  0.169918  0.10267  0.169569  0.0750541  0.163673  0.0502027  0.154883  0.0307164  0.146454  0.0183758  0.141353  0.014161  0.141353  0.0183758  0.146454  0.0307164  0.154883  0.0502028  0.163673  0.0750541  0.169569  0.10267  0.169918  0.129835  0.163294  0.153146  0.149763  
0.109151  0.105786  0.095691  0.112451  0.0785117  0.114317  0.0598238  0.111871  0.0419117  0.106537  0.0267802  0.100373  0.0159287  0.095553  0.0102897  0.0937386  0.0102897  0.095553  0.0159287  0.100373  0.0267802  0.106537  0.0419117  0.111871  0.0598239  0.114317  0.0785117  0.112451  0.095691  0.105786  0.109151  
0.0506766  0.0517861  0.0551148  0.0439876  0.057203  0.0348406  0.0569402  0.0255023  0.0548239  0.0170758  0.0517586  0.0104574  0.0488469  0.00626245  0.0470913  0.00482919  0.0470913  0.00626245  0.0488469  0.0104574  0.0517586  0.0170758  0.0548239  0.0255023  0.0569402  0.0348406  0.057203  0.0439876  0.0551148  0.0517861  0.0506766  
0  0  0  0  0  0  0  0  0  0  0  0  0  0  0  0  0  0  0  0  0  0  0  0  0  0  0  0  0  0  0  
