1  1  1  1  1  1  1  1  1  1  1  1  1  1  1  1  1  1  1  1  1  1  1  1  1  1  1  1  1  1  1  
0.186652  0.708421  2.27373  -1.3447  4.27682  -3.30006  6.15276  -5.09662  7.82623  -6.64441  9.20095  -7.84256  10.181  -8.60176  10.6913  -8.86184  10.6913  -8.60176  10.181  -7.84256  9.20095  -6.64441  7.82623  -5.09662  6.15276  -3.30006  4.27682  -1.3447  2.27373  0.708421  0.186652  
2.50443  1.47205  -1.6251  5.52037  -5.5946  9.36233  -9.31109  12.8768  -12.6211  15.8908  -15.334  18.2142  -17.2635  19.6816  -18.2666  20.1835  -18.2666  19.6816  -17.2635  18.2142  -15.334  15.8908  -12.6211  12.8768  -9.31109  9.36233  -5.5946  5.52037  -1.6251  1.47205  2.50443  
-1.36617  0.150439  4.70026  -5.81583  10.5127  -11.4761  15.9251  -16.64  20.714  -21.0501  24.6128  -24.4346  27.3698  -26.5641  28.7973  -27.2908  28.7973  -26.5641  27.3698  -24.4346  24.6128  -21.0501  20.714  -16.64  15.9251  -11.4761  10.5127  -5.81583  4.70026  0.150439  -1.36617  
3.86479  1.89538  -4.01286  9.61519  -11.5669  16.9001  -18.581  23.4945  -24.7539  29.0768  -29.7469  33.3244  -33.256  35.9791  -35.065  36.8816  -35.065  35.9791  -33.256  33.3244  -29.7469  29.0768  -24.7539  23.4945  -18.581  16.9001  -11.5669  9.61519  -4.01286  1.89538  3.86479  
-2.71012  -0.336396  6.78477  -9.67067  15.8539  -18.4628  24.2084  -26.3766  31.486  -33.0232  37.3087  -38.0386  41.3612  -41.1512  43.4361  -42.2051  43.4361  -41.1512  41.3612  -38.0386  37.3087  -33.0232  31.486  -26.3766  24.2084  -18.4628  15.8539  -9.67067  6.78477  -0.336396  -2.71012  
4.96147  2.22955  -5.96622  12.9328  -16.4075  22.9465  -25.9797  31.8647  -34.2484  39.2613  -40.7982  44.7734  -45.3134  48.1595  -47.6093  49.2994  -47.6093  48.1595  -45.3134  44.7734  -40.7982  39.2613  -34.2484  31.8647  -25.9797  22.9465  -16.4075  12.9328  -5.96622  2.22955  4.96147  
-3.74495  -0.71805  8.36266  -12.6157  19.881  -23.7152  30.3385  -33.5242  39.2536  -41.5725  46.2136  -47.5015  50.9478  -51.1082  53.3321  -52.3154  53.3321  -51.1082  50.9478  -47.5015  46.2136  -41.5725  39.2536  -33.5242  30.3385  -23.7152  19.881  -12.6157  8.36266  -0.71805  -3.74495  
5.71702  2.44837  -7.3576  15.2483  -19.7986  27.0989  -31.0265  37.4409  -40.4999  45.7967  -47.8036  51.8552  -52.7111  55.4916  -55.1603  56.6993  -55.1603  55.4916  -52.7111  51.8552  -47.8036  45.7967  -40.4999  37.4409  -31.0265  27.0989  -19.7986  15.2483  -7.3576  2.44837  5.71702  
-4.41797  -0.976855  9.34648  -14.4987  22.3854  -26.9784  34.0274  -37.7744  43.7033  -46.3896  51.0357  -52.5514  55.8819  -56.2058  58.2712  -57.4109  58.2712  -56.2058  55.8819  -52.5514  51.0357  -46.3896  43.7033  -37.7744  34.0274  -26.9784  22.3854  -14.4987  9.34648  -0.976855  -4.41797  
6.10319  2.54225  -8.14056  16.4827  -21.6398  29.248  -33.619  40.1435  -43.4663  48.6901  -50.8265  54.6914  -55.624  58.1937  -57.9642  59.3375  -57.9642  58.1937  -55.624  54.6914  -50.8265  48.6901  -43.4663  40.1435  -33.619  29.248  -21.6398  16.4827  -8.14056  2.54225  6.10319  
-4.72545  -1.11205  9.72815  -15.3115  23.3677  -28.2781  35.3411  -39.2511  45.0296  -47.7512  52.1367  -53.6346  56.683  -57.0232  58.8687  -58.1211  58.8687  -57.0232  56.683  -53.6346  52.1367  -47.7512  45.0296  -39.2511  35.3411  -28.2781  23.3677  -15.3115  9.72815  -1.11205  -4.72545  
6.13698  2.51684  -8.34357  16.69  -22.023  29.5358  -33.9674  40.2631  -43.5341  48.428  -50.4585  53.969  -54.8258  57.1029  -56.9019  58.1068  -56.9019  57.1029  -54.8258  53.969  -50.4585  48.428  -43.5341  40.2631  -33.9674  29.5358  -22.023  16.69  -8.34357  2.51684  6.13698  
-4.70448  -1.137  9.56545  -15.1632  22.9942  -27.8535  34.6014  -38.3753  43.7575  -46.295  50.2604  -51.5979  54.2807  -54.5587  56.1612  -55.4994  56.1612  -54.5587  54.2807  -51.5979  50.2604  -46.295  43.7575  -38.3753  34.6014  -27.8535  22.9942  -15.1632  9.56545  -1.137  -4.70448  
5.86895  2.38896  -8.05102  16.0205  -21.1758  28.2717  -32.4781  38.3067  -41.3213  45.7346  -47.5314  50.6112  -51.3226  53.282  -53.0772  54.12  -53.0772  53.282  -51.3226  50.6112  -47.5314  45.7346  -41.3213  38.3067  -32.4781  28.2717  -21.1758  16.0205  -8.05102  2.38896  5.86895  
-4.419  -1.07444  8.95924  -14.2382  21.5319  -26.0657  32.2639  -35.7072  40.5466  -42.7846  46.2607  -47.3816  49.6803  -49.8721  51.2361  -50.6479  51.2361  -49.8721  49.6803  -47.3816  46.2607  -42.7846  40.5466  -35.7072  32.2639  -26.0657  21.5319  -14.2382  8.95924  -1.07444  -4.419  
5.36807  2.18138  -7.3787  14.6766  -19.3937  25.8412  -29.6341  34.8484  -37.4976  41.363  -42.8806  45.5173  -46.0724  47.7253  -47.5125  48.404  -47.5125  47.7253  -46.0724  45.5173  -42.8806  41.363  -37.4976  34.8484  -29.6341  25.8412  -19.3937  14.6766  -7.3787  2.18138  5.36807  
-3.94462  -0.951255  8.02883  -12.7518  19.2845  -23.3114  28.8092  -31.8146  36.0397  -37.9372  40.9127  -41.8162  43.7488  -43.8633  45.007  -44.4893  45.007  -43.8633  43.7488  -41.8162  40.9127  -37.9372  36.0397  -31.8146  28.8092  -23.3114  19.2845  -12.7518  8.02883  -0.951255  -3.94462  
4.70727  1.9179  -6.45021  12.8709  -16.9817  22.629  -25.9019  30.4222  -32.6641  35.965  -37.2066  39.4202  -39.8384  41.2113  -41.0007  41.7519  -41.0007  41.2113  -39.8384  39.4202  -37.2066  35.965  -32.6641  30.4222  -25.9019  22.629  -16.9817  12.8709  -6.45021  1.9179  4.70727  
-3.35539  -0.793863  6.89072  -10.9132  16.5403  -19.958  24.6684  -27.1905  30.7746  -32.3331  34.8235  -35.5343  37.1311  -37.1899  38.1339  -37.6887  38.1339  -37.1899  37.1311  -35.5343  34.8235  -32.3331  30.7746  -27.1905  24.6684  -19.958  16.5403  -10.9132  6.89072  -0.793863  -3.35539  
3.95225  1.61961  -5.3783  10.7953  -14.2104  18.9687  -21.6746  25.4633  -27.2945  30.0365  -31.0261  32.8446  -33.1543  34.2737  -34.0793  34.6991  -34.0793  34.2737  -33.1543  32.8446  -31.0261  30.0365  -27.2945  25.4633  -21.6746  18.9687  -14.2104  10.7953  -5.3783  1.61961  3.95225  
-2.71427  -0.624824  5.64352  -8.89906  13.5386  -16.3053  20.1831  -22.2141  25.1511  -26.3901  28.4154  -28.963  30.2509  -30.2763  31.0372  -30.6679  31.0372  -30.2763  30.2509  -28.963  28.4154  -26.3901  25.1511  -22.2141  20.1831  -16.3053  13.5386  -8.89906  5.64352  -0.624824  -2.71427  
3.15454  1.30274  -4.25266  8.60075  -11.291  15.1148  -17.2458  20.2868  -21.7214  23.914  -24.6782  26.1235  -26.3499  27.2353  -27.0694  27.5631  -27.0694  27.2353  -26.3499  26.1235  -24.6782  23.914  -21.7214  20.2868  -17.2458  15.1148  -11.291  8.60075  -4.25266  1.30274  3.15454  
-2.0675  -0.460679  4.35979  -6.83952  10.4538  -12.5674  15.592  -17.1433  19.4326  -20.3739  21.9479  -22.3562  23.3526  -23.3611  23.9492  -23.6589  23.9492  -23.3611  23.3526  -22.3562  21.9479  -20.3739  19.4326  -17.1433  15.592  -12.5674  10.4538  -6.83952  4.35979  -0.460679  -2.0675  
2.3487  0.978051  -3.1339  6.3896  -8.36523  11.2357  -12.8052  15.0915  -16.148  17.796  -18.3554  19.439  -19.5994  20.2613  -20.1322  20.5025  -20.1322  20.2613  -19.5994  19.439  -18.3554  17.796  -16.148  15.0915  -12.8052  11.2357  -8.36523  6.3896  -3.1339  0.978051  2.3487  
-1.44246  -0.310901  3.08377  -4.81319  7.39111  -8.87174  11.0348  -12.1247  13.7645  -14.4258  15.5529  -15.8375  16.5495  -16.5514  16.9711  -16.7623  16.9711  -16.5514  16.5495  -15.8375  15.5529  -14.4258  13.7645  -12.1247  11.0348  -8.87174  7.39111  -4.81319  3.08377  -0.310901  -1.44246  
1.55287  0.651476  -2.05271  4.21566  -5.50594  7.4185  -8.44778  9.97502  -10.6698  11.7722  -12.1399  12.8644  -12.9682  13.41  -13.3224  13.5696  -13.3224  13.41  -12.9682  12.8644  -12.1399  11.7722  -10.6698  9.97502  -8.44778  7.4185  -5.50594  4.21566  -2.05271  0.651475  1.55287  
-0.84841  -0.177846  1.83385  -2.85055  4.39395  -5.26809  6.56659  -7.21243  8.19901  -8.59172  9.27046  -9.43914  9.86758  -9.86759  10.1198  -9.99407  10.1198  -9.86759  9.86758  -9.43914  9.27046  -8.59171  8.19901  -7.21243  6.56659  -5.26809  4.39395  -2.85055  1.83385  -0.177846  -0.84841  
0.771599  0.325381  -1.01327  2.0915  -2.72717  3.68269  -4.19155  4.95624  -5.30075  5.85355  -6.03609  6.39953  -6.45083  6.67224  -6.6281  6.75195  -6.6281  6.67224  -6.45083  6.39953  -6.03609  5.85355  -5.30075  4.95624  -4.19155  3.68269  -2.72717  2.0915  -1.01327  0.325381  0.771599  
-0.279611  -0.0576804  0.608112  -0.943076  1.45681  -1.74554  2.17846  -2.39232  2.72172  -2.852  3.0788  -3.13477  3.27791  -3.27779  3.362  -3.32  3.362  -3.27779  3.27791  -3.13477  3.0788  -2.852  2.72172  -2.39232  2.17846  -1.74554  1.45681  -0.943076  0.608112  -0.0576804  -0.279611  
0  0  0  0  0  0  0  0  0  0  0  0  0  0  0  0  0  0  0  0  0  0  0  0  0  0  0  0  0  0  0  
