1  1  1  1  1  1  1  1  1  1  1  1  1  1  1  1  1  1  1  1  1  1  1  1  1  1  1  1  1  1  1  
-3.36177  -0.487442  8.13556  -11.7822  19.1801  -22.5301  29.5316  -32.3985  38.7714  -40.8959  46.3649  -47.4715  51.7801  -51.6371  54.6003  -53.064  54.6003  -51.6371  51.7801  -47.4715  46.3649  -40.8959  38.7714  -32.3985  29.5316  -22.5301  19.1801  -11.7822  8.13556  -0.487442  -3.36177  
9.51725  3.83525  -13.2108  26.147  -35.0384  47.3394  -55.459  66.739  -73.6353  83.3845  -88.5257  96.2209  -99.1135  104.33  -104.616  107.104  -104.616  104.33  -99.1135  96.2209  -88.5257  83.3845  -73.6353  66.739  -55.459  47.3394  -35.0384  26.147  -13.2108  3.83525  9.51725  
-11.6791  -3.32431  21.7399  -36.1461  53.7887  -67.2583  83.6555  -95.6216  110.098  -119.832  131.636  -138.404  146.871  -150.087  154.761  -154.073  154.761  -150.087  146.871  -138.404  131.636  -119.832  110.098  -95.6216  83.6555  -67.2583  53.7887  -36.1461  21.7399  -3.32431  -11.6791  
17.2402  6.40107  -26.1165  48.9482  -67.6541  89.1332  -106.192  125.536  -140.086  156.369  -167.488  179.841  -186.739  194.514  -196.661  199.503  -196.661  194.514  -186.739  179.841  -167.488  156.369  -140.086  125.536  -106.192  89.1332  -67.6541  48.9482  -26.1165  6.40107  17.2402  
-18.8476  -5.77105  33.4586  -57.1204  83.4652  -105.445  129.57  -148.909  169.759  -185.391  201.931  -212.907  224.332  -229.978  235.803  -235.757  235.803  -229.978  224.332  -212.907  201.931  -185.391  169.759  -148.909  129.57  -105.445  83.4652  -57.1204  33.4586  -5.77105  -18.8476  
23.5097  8.474  -36.6331  67.4652  -94.0452  122.705  -146.635  171.941  -192.029  212.804  -227.966  243.272  -252.729  261.995  -265.316  268.3  -265.316  261.995  -252.729  243.272  -227.966  212.804  -192.029  171.941  -146.635  122.705  -94.0452  67.4652  -36.6331  8.474  23.5097  
-24.3157  -7.64067  42.3844  -73.0899  105.898  -134.093  163.613  -187.959  212.854  -232.124  251.322  -264.64  277.502  -284.411  290.692  -291.028  290.692  -284.411  277.502  -264.64  251.322  -232.124  212.854  -187.959  163.613  -134.093  105.898  -73.0899  42.3844  -7.64067  -24.3157  
27.8994  9.9099  -44.0585  80.4588  -112.463  145.837  -174.142  202.943  -226.14  249.118  -266.198  282.62  -293.098  302.74  -306.517  309.424  -306.517  302.74  -293.098  282.62  -266.198  249.118  -226.14  202.943  -174.142  145.837  -112.463  80.4588  -44.0585  9.9099  27.8994  
-27.7925  -8.83528  48.0363  -83.2171  119.939  -151.799  184.2  -211.075  237.656  -258.335  278.2  -292.111  305.016  -312.129  318.243  -318.728  318.243  -312.129  305.016  -292.111  278.2  -258.335  237.656  -211.075  184.2  -151.799  119.939  -83.2171  48.0363  -8.83528  -27.7925  
30.2549  10.6572  -48.1359  87.4956  -122.354  157.927  -188.151  218.101  -242.185  265.349  -282.534  298.556  -308.811  317.95  -321.621  324.287  -321.621  317.95  -308.811  298.556  -282.534  265.349  -242.185  218.101  -188.151  157.927  -122.354  87.4956  -48.1359  10.6572  30.2549  
-29.2556  -9.3488  50.3716  -87.4545  125.592  -158.704  191.693  -218.937  245.237  -265.546  284.557  -297.772  309.735  -316.316  321.85  -322.321  321.85  -316.316  309.735  -297.772  284.557  -265.546  245.237  -218.937  191.693  -158.704  125.592  -87.4545  50.3716  -9.3488  -29.2556  
30.6726  10.7496  -49.0193  88.8748  -124.222  159.76  -189.815  219.021  -242.29  264.181  -280.225  294.866  -304.123  312.241  -315.473  317.81  -315.473  312.241  -304.123  294.866  -280.225  264.181  -242.29  219.021  -189.815  159.76  -124.222  88.8748  -49.0193  10.7496  30.6726  
-28.9058  -9.25141  49.7118  -86.3991  123.777  -156.121  187.87  -213.86  238.493  -257.262  274.496  -286.283  296.787  -302.465  307.225  -307.601  307.225  -302.465  296.787  -286.283  274.496  -257.262  238.493  -213.86  187.87  -156.121  123.777  -86.3991  49.7118  -9.25141  -28.9058  
29.435  10.2839  -47.1691  85.429  -119.314  153.044  -181.366  208.5  -229.851  249.608  -263.847  276.641  -284.567  291.471  -294.143  296.129  -294.143  291.471  -284.567  276.641  -263.847  249.608  -229.851  208.5  -181.366  153.044  -119.314  85.429  -47.1691  10.2839  29.435  
-27.0902  -8.66318  46.6179  -81.0611  115.971  -146.031  175.247  -198.919  221.063  -237.68  252.727  -262.811  271.713  -276.4  280.365  -280.627  280.365  -276.4  271.713  -262.811  252.727  -237.68  221.063  -198.919  175.247  -146.031  115.971  -81.0611  46.6179  -8.66318  -27.0902  
26.9278  9.39167  -43.2167  78.2788  -109.252  139.91  -165.458  189.705  -208.548  225.786  -237.989  248.842  -255.407  261.124  -263.251  264.905  -263.251  261.124  -255.407  248.842  -237.989  225.786  -208.548  189.705  -165.458  139.91  -109.252  78.2788  -43.2167  9.39167  26.9278  
-24.2182  -7.72527  41.7536  -72.619  103.852  -130.61  156.476  -177.235  196.496  -210.742  223.525  -231.921  239.297  -243.07  246.309  -246.473  246.309  -243.07  239.297  -231.921  223.525  -210.742  196.496  -177.235  156.476  -130.61  103.852  -72.619  41.7536  -7.72527  -24.2182  
23.5602  8.2114  -37.8349  68.6035  -95.7064  122.484  -144.649  165.588  -181.682  196.31  -206.501  215.513  -220.841  225.495  -227.157  228.515  -227.157  225.495  -220.841  215.513  -206.501  196.31  -181.682  165.588  -144.649  122.484  -95.7064  68.6035  -37.8349  8.2114  23.5602  
-20.6896  -6.57506  35.7686  -62.2162  89.016  -111.875  133.941  -151.513  167.759  -179.634  190.242  -197.089  203.096  -206.088  208.699  -208.793  208.699  -206.088  203.096  -197.089  190.242  -179.634  167.759  -151.513  133.941  -111.875  89.016  -62.2162  35.7686  -6.57506  -20.6896  
19.7023  6.86769  -31.6362  57.467  -80.1589  102.611  -121.097  138.551  -151.855  163.92  -172.222  179.547  -183.798  187.529  -188.814  189.911  -188.814  187.529  -183.798  179.547  -172.222  163.92  -151.855  138.551  -121.097  102.611  -80.1589  57.467  -31.6362  6.86769  19.7023  
-16.8425  -5.32833  29.2142  -50.8175  72.7904  -91.4676  109.53  -123.834  137.063  -146.65  155.208  -160.661  165.449  -167.786  169.853  -169.905  169.853  -167.786  165.449  -160.661  155.208  -146.65  137.063  -123.834  109.53  -91.4676  72.7904  -50.8175  29.2142  -5.32833  -16.8425  
15.646  5.45781  -25.1066  45.7093  -63.7657  81.6997  -96.4119  110.336  -120.891  130.474  -137.012  142.785  -146.092  149.007  -149.985  150.847  -149.985  149.007  -146.092  142.785  -137.012  130.474  -120.891  110.336  -96.4119  81.6997  -63.7657  45.7093  -25.1066  5.45781  15.646  
-12.9246  -4.06928  22.4968  -39.1324  56.14  -70.5605  84.5633  -95.613  105.862  -113.25  119.857  -124.032  127.706  -129.475  131.054  -131.083  131.054  -129.475  127.706  -124.032  119.857  -113.25  105.862  -95.613  84.5633  -70.5605  56.14  -39.1324  22.4968  -4.06928  -12.9246  
11.5866  4.04625  -18.5748  33.898  -47.3016  60.6818  -71.633  82.041  -89.9054  97.0678  -101.93  106.233  -108.679  110.841  -111.556  112.198  -111.556  110.841  -108.679  106.233  -101.93  97.0678  -89.9054  82.041  -71.633  60.6818  -47.3016  33.898  -18.5748  4.04625  11.5866  
-9.08388  -2.84724  15.8627  -27.5915  39.6479  -49.8533  59.8114  -67.6543  74.958  -80.2086  84.9172  -87.8801  90.4923  -91.7415  92.8619  -92.8784  92.8619  -91.7415  90.4923  -87.8801  84.9172  -80.2086  74.958  -67.6543  59.8114  -49.8533  39.6479  -27.5915  15.8627  -2.84724  -9.08388  
7.62396  2.6655  -12.2099  22.3295  -31.1686  40.0361  -47.2846  54.204  -59.4245  64.1956  -67.4271  70.2934  -71.9163  73.3548  -73.8268  74.2539  -73.8268  73.3548  -71.9163  70.2934  -67.4271  64.1956  -59.4245  54.204  -47.2846  40.0361  -31.1686  22.3295  -12.2099  2.6655  7.62396  
-5.37491  -1.67882  9.40946  -16.3659  23.549  -29.6234  35.5757  -40.2596  44.6375  -47.781  50.6077  -52.3829  53.9508  -54.6983  55.3702  -55.3792  55.3702  -54.6983  53.9508  -52.3829  50.6077  -47.781  44.6375  -40.2596  35.5757  -29.6234  23.549  -16.3659  9.40946  -1.67882  -5.37491  
3.77566  1.3212  -6.04218  11.0661  -15.4504  19.8645  -23.4706  26.9244  -29.5286  31.915  -33.5299  34.9649  -35.7762  36.4961  -36.7318  36.9455  -36.7318  36.4961  -35.7762  34.9649  -33.5299  31.915  -29.5286  26.9244  -23.4706  19.8645  -15.4504  11.0661  -6.04218  1.3212  3.77566  
-1.77739  -0.554086  3.11584  -5.41919  7.8037  -9.81921  11.7991  -13.3566  14.8155  -15.8626  16.8058  -17.3977  17.921  -18.1702  18.3944  -18.3974  18.3944  -18.1702  17.921  -17.3977  16.8058  -15.8626  14.8155  -13.3566  11.7991  -9.81921  7.8037  -5.41919  3.11584  -0.554086  -1.77739  
0  0  0  0  0  0  0  0  0  0  0  0  0  0  0  0  0  0  0  0  0  0  0  0  0  0  0  0  0  0  0  
