1  1  1  1  1  1  1  1  1  1  1  1  1  1  1  1  1  1  1  1  1  1  1  1  1  1  1  1  1  1  1  
-634624  -213875  1.04837e+06  -1.86672e+06  2.66541e+06  -3.43924e+06  4.18123e+06  -4.88285e+06  5.53444e+06  -6.12578e+06  6.64667e+06  -7.08752e+06  7.43987e+06  -7.69674e+06  7.85299e+06  -7.90543e+06  7.85299e+06  -7.69674e+06  7.43987e+06  -7.08752e+06  6.64667e+06  -6.12578e+06  5.53444e+06  -4.88285e+06  4.18123e+06  -3.43924e+06  2.66541e+06  -1.86672e+06  1.04837e+06  -213875  -634624  
1.25422e+06  422652  -2.07206e+06  3.68901e+06  -5.26594e+06  6.79208e+06  -8.25342e+06  9.63308e+06  -1.09122e+07  1.2071e+07  -1.30901e+07  1.39513e+07  -1.46386e+07  1.51392e+07  -1.54434e+07  1.55455e+07  -1.54434e+07  1.51392e+07  -1.46386e+07  1.39513e+07  -1.30901e+07  1.2071e+07  -1.09122e+07  9.63308e+06  -8.25342e+06  6.79208e+06  -5.26594e+06  3.68901e+06  -2.07206e+06  422652  1.25422e+06  
-1.84443e+06  -621447  3.04749e+06  -5.42448e+06  7.73978e+06  -9.97647e+06  1.21134e+07  -1.41256e+07  1.59861e+07  -1.76668e+07  1.91407e+07  -2.03831e+07  2.13724e+07  -2.20916e+07  2.25282e+07  -2.26746e+07  2.25282e+07  -2.20916e+07  2.13724e+07  -2.03831e+07  1.91407e+07  -1.76668e+07  1.59861e+07  -1.41256e+07  1.21134e+07  -9.97647e+06  7.73978e+06  -5.42448e+06  3.04749e+06  -621447  -1.84443e+06  
2.39216e+06  805830  -3.95316e+06  7.03458e+06  -1.0031e+07  1.29187e+07  -1.5669e+07  1.82498e+07  -2.06268e+07  2.27658e+07  -2.46345e+07  2.6204e+07  -2.745e+07  2.83535e+07  -2.8901e+07  2.90844e+07  -2.8901e+07  2.83535e+07  -2.745e+07  2.6204e+07  -2.46345e+07  2.27658e+07  -2.06268e+07  1.82498e+07  -1.5669e+07  1.29187e+07  -1.0031e+07  7.03458e+06  -3.95316e+06  805830  2.39216e+06  
-2.88614e+06  -971970  4.77053e+06  -8.48623e+06  1.20921e+07  -1.55565e+07  1.88436e+07  -2.19145e+07  2.47297e+07  -2.72505e+07  2.94422e+07  -3.12746e+07  3.27237e+07  -3.37711e+07  3.44043e+07  -3.46162e+07  3.44043e+07  -3.37711e+07  3.27237e+07  -3.12746e+07  2.94422e+07  -2.72505e+07  2.47297e+07  -2.19145e+07  1.88436e+07  -1.55565e+07  1.20921e+07  -8.48623e+06  4.77053e+06  -971970  -2.88614e+06  
3.31729e+06  1.1168e+06  -5.48467e+06  9.75296e+06  -1.38853e+07  1.78416e+07  -2.15787e+07  2.50523e+07  -2.82186e+07  3.10376e+07  -3.34744e+07  3.55008e+07  -3.70956e+07  3.82439e+07  -3.89362e+07  3.91675e+07  -3.89362e+07  3.82439e+07  -3.70956e+07  3.55008e+07  -3.34744e+07  3.10376e+07  -2.82186e+07  2.50523e+07  -2.15787e+07  1.78416e+07  -1.38853e+07  9.75296e+06  -5.48467e+06  1.1168e+06  3.31729e+06  
-3.67901e+06  -1.23809e+06  6.08469e+06  -1.08156e+07  1.5384e+07  -1.97407e+07  2.38358e+07  -2.76201e+07  3.10479e+07  -3.40796e+07  3.6683e+07  -3.88346e+07  4.05185e+07  -4.17256e+07  4.2451e+07  -4.2693e+07  4.2451e+07  -4.17256e+07  4.05185e+07  -3.88346e+07  3.6683e+07  -3.40796e+07  3.10479e+07  -2.76201e+07  2.38358e+07  -1.97407e+07  1.5384e+07  -1.08156e+07  6.08469e+06  -1.23809e+06  -3.67901e+06  
3.96725e+06  1.33447e+06  -6.56384e+06  1.16627e+07  -1.65728e+07  2.1236e+07  -2.55957e+07  2.95995e+07  -3.32011e+07  3.63633e+07  -3.90592e+07  4.12716e+07  -4.29924e+07  4.42196e+07  -4.49544e+07  4.51991e+07  -4.49544e+07  4.42196e+07  -4.29924e+07  4.12716e+07  -3.90592e+07  3.63633e+07  -3.32011e+07  2.95995e+07  -2.55957e+07  2.1236e+07  -1.65728e+07  1.16627e+07  -6.56384e+06  1.33447e+06  3.96725e+06  
-4.18045e+06  -1.40545e+06  6.91955e+06  -1.22901e+07  1.74472e+07  -2.23239e+07  2.68579e+07  -3.09942e+07  3.46879e+07  -3.79058e+07  4.06276e+07  -4.28444e+07  4.45568e+07  -4.57711e+07  4.64952e+07  -4.67358e+07  4.64952e+07  -4.57711e+07  4.45568e+07  -4.28444e+07  4.06276e+07  -3.79058e+07  3.46879e+07  -3.09942e+07  2.68579e+07  -2.23239e+07  1.74472e+07  -1.22901e+07  6.91955e+06  -1.40545e+06  -4.18045e+06  
4.31946e+06  1.45133e+06  -7.15304e+06  1.27004e+07  -1.80125e+07  2.30139e+07  -2.76375e+07  3.18272e+07  -3.55402e+07  3.87487e+07  -4.14401e+07  4.36145e+07  -4.52817e+07  4.64567e+07  -4.71543e+07  4.73855e+07  -4.71543e+07  4.64567e+07  -4.52817e+07  4.36145e+07  -4.14401e+07  3.87487e+07  -3.55402e+07  3.18272e+07  -2.76375e+07  2.30139e+07  -1.80125e+07  1.27004e+07  -7.15304e+06  1.45133e+06  4.31946e+06  
-4.38714e+06  -1.47312e+06  7.26895e+06  -1.29025e+07  1.82825e+07  -2.33263e+07  2.7963e+07  -3.21363e+07  3.58065e+07  -3.89519e+07  4.15677e+07  -4.36633e+07  4.52576e+07  -4.63738e+07  4.70333e+07  -4.72514e+07  4.70333e+07  -4.63738e+07  4.52576e+07  -4.36633e+07  4.15677e+07  -3.89519e+07  3.58065e+07  -3.21363e+07  2.7963e+07  -2.33263e+07  1.82825e+07  -1.29025e+07  7.26895e+06  -1.47312e+06  -4.38714e+06  
4.38811e+06  1.4724e+06  -7.27473e+06  1.291e+07  -1.8278e+07  2.32901e+07  -2.78728e+07  3.19703e+07  -3.55468e+07  3.85868e+07  -4.10931e+07  4.30837e+07  -4.4586e+07  4.56306e+07  -4.62447e+07  4.64471e+07  -4.62447e+07  4.56306e+07  -4.4586e+07  4.30837e+07  -4.10931e+07  3.85868e+07  -3.55468e+07  3.19703e+07  -2.78728e+07  2.32901e+07  -1.8278e+07  1.291e+07  -7.27473e+06  1.4724e+06  4.38811e+06  
-4.32834e+06  -1.45124e+06  7.18006e+06  -1.27403e+07  1.80247e+07  -2.29402e+07  2.74117e+07  -3.13848e+07  3.48278e+07  -3.77308e+07  4.01039e+07  -4.19726e+07  4.33715e+07  -4.43372e+07  4.4902e+07  -4.50877e+07  4.4902e+07  -4.43372e+07  4.33715e+07  -4.19726e+07  4.01039e+07  -3.77308e+07  3.48278e+07  -3.13848e+07  2.74117e+07  -2.29402e+07  1.80247e+07  -1.27403e+07  7.18006e+06  -1.45124e+06  -4.32834e+06  
4.21471e+06  1.41199e+06  -6.99615e+06  1.24135e+07  -1.75518e+07  2.23152e+07  -2.66282e+07  3.04385e+07  -3.3718e+07  3.64622e+07  -3.86873e+07  4.04248e+07  -4.17149e+07  4.25993e+07  -4.31138e+07  4.32825e+07  -4.31138e+07  4.25993e+07  -4.17149e+07  4.04248e+07  -3.86873e+07  3.64622e+07  -3.3718e+07  3.04385e+07  -2.66282e+07  2.23152e+07  -1.75518e+07  1.24135e+07  -6.99615e+06  1.41199e+06  4.21471e+06  
-4.05468e+06  -1.35722e+06  6.73514e+06  -1.19511e+07  1.68901e+07  -2.14554e+07  2.5572e+07  -2.919e+07  3.22848e+07  -3.48565e+07  3.69258e+07  -3.85288e+07  3.97098e+07  -4.05138e+07  4.09791e+07  -4.11311e+07  4.09791e+07  -4.05138e+07  3.97098e+07  -3.85288e+07  3.69258e+07  -3.48565e+07  3.22848e+07  -2.919e+07  2.5572e+07  -2.14554e+07  1.68901e+07  -1.19511e+07  6.73514e+06  -1.35722e+06  -4.05468e+06  
3.85589e+06  1.28954e+06  -6.40951e+06  1.13751e+07  -1.60709e+07  2.04008e+07  -2.42916e+07  2.76957e+07  -3.05919e+07  3.29834e+07  -3.48945e+07  3.63641e+07  -3.74389e+07  3.81657e+07  -3.85842e+07  3.87206e+07  -3.85842e+07  3.81657e+07  -3.74389e+07  3.63641e+07  -3.48945e+07  3.29834e+07  -3.05919e+07  2.76957e+07  -2.42916e+07  2.04008e+07  -1.60709e+07  1.13751e+07  -6.40951e+06  1.28954e+06  3.85589e+06  
-3.62587e+06  -1.21151e+06  6.03158e+06  -1.07071e+07  1.51246e+07  -1.91901e+07  2.28328e+07  -2.6008e+07  2.8697e+07  -3.09056e+07  3.26596e+07  -3.39996e+07  3.49731e+07  -3.56274e+07  3.60023e+07  -3.61242e+07  3.60023e+07  -3.56274e+07  3.49731e+07  -3.39996e+07  3.26596e+07  -3.09056e+07  2.8697e+07  -2.6008e+07  2.28328e+07  -1.91901e+07  1.51246e+07  -1.07071e+07  6.03158e+06  -1.21151e+06  -3.62587e+06  
3.37178e+06  1.12557e+06  -5.61305e+06  9.96759e+06  -1.40797e+07  1.78588e+07  -2.12376e+07  2.4174e+07  -2.66515e+07  2.86772e+07  -3.02778e+07  3.14936e+07  -3.23717e+07  3.29586e+07  -3.32934e+07  3.3402e+07  -3.32934e+07  3.29586e+07  -3.23717e+07  3.14936e+07  -3.02778e+07  2.86772e+07  -2.66515e+07  2.4174e+07  -2.12376e+07  1.78588e+07  -1.40797e+07  9.96759e+06  -5.61305e+06  1.12557e+06  3.37178e+06  
-3.10017e+06  -1.03395e+06  5.16472e+06  -9.17538e+06  1.29621e+07  -1.64391e+07  1.95431e+07  -2.22347e+07  2.44993e+07  -2.63443e+07  2.77961e+07  -2.88936e+07  2.96822e+07  -3.02069e+07  3.0505e+07  -3.06015e+07  3.0505e+07  -3.02069e+07  2.96822e+07  -2.88936e+07  2.77961e+07  -2.63443e+07  2.44993e+07  -2.22347e+07  1.95431e+07  -1.64391e+07  1.29621e+07  -9.17538e+06  5.16472e+06  -1.03395e+06  -3.10017e+06  
2.81685e+06  938603  -4.69615e+06  8.3471e+06  -1.17947e+07  1.49592e+07  -1.77815e+07  2.02253e+07  -2.22772e+07  2.39446e+07  -2.52524e+07  2.62373e+07  -2.69422e+07  2.74093e+07  -2.76738e+07  2.77592e+07  -2.76738e+07  2.74093e+07  -2.69422e+07  2.62373e+07  -2.52524e+07  2.39446e+07  -2.22772e+07  2.02253e+07  -1.77815e+07  1.49592e+07  -1.17947e+07  8.3471e+06  -4.69615e+06  938603  2.81685e+06  
-2.52679e+06  -841207  4.21555e+06  -7.49698e+06  1.0597e+07  -1.34425e+07  1.59795e+07  -1.81745e+07  2.00151e+07  -2.15082e+07  2.26765e+07  -2.35539e+07  2.41798e+07  -2.45932e+07  2.48268e+07  -2.49021e+07  2.48268e+07  -2.45932e+07  2.41798e+07  -2.35539e+07  2.26765e+07  -2.15082e+07  2.00151e+07  -1.81745e+07  1.59795e+07  -1.34425e+07  1.0597e+07  -7.49698e+06  4.21555e+06  -841207  -2.52679e+06  
2.23405e+06  743122  -3.72967e+06  6.63675e+06  -9.38493e+06  1.19085e+07  -1.41586e+07  1.6105e+07  -1.77361e+07  1.90579e+07  -2.00906e+07  2.08646e+07  -2.14155e+07  2.17785e+07  -2.19831e+07  2.2049e+07  -2.19831e+07  2.17785e+07  -2.14155e+07  2.08646e+07  -2.00906e+07  1.90579e+07  -1.77361e+07  1.6105e+07  -1.41586e+07  1.19085e+07  -9.38493e+06  6.63675e+06  -3.72967e+06  743122  2.23405e+06  
-1.94176e+06  -645387  3.24375e+06  -5.77549e+06  8.17085e+06  -1.03719e+07  1.23353e+07  -1.40341e+07  1.54576e+07  -1.66106e+07  1.75107e+07  -1.81845e+07  1.86633e+07  -1.89781e+07  1.91554e+07  -1.92124e+07  1.91554e+07  -1.89781e+07  1.86633e+07  -1.81845e+07  1.75107e+07  -1.66106e+07  1.54576e+07  -1.40341e+07  1.23353e+07  -1.03719e+07  8.17085e+06  -5.77549e+06  3.24375e+06  -645387  -1.94176e+06  
1.65217e+06  548738  -2.76155e+06  4.91979e+06  -6.96365e+06  8.84327e+06  -1.05212e+07  1.19737e+07  -1.31913e+07  1.41775e+07  -1.49471e+07  1.55228e+07  -1.59315e+07  1.62e+07  -1.63509e+07  1.63994e+07  -1.63509e+07  1.62e+07  -1.59315e+07  1.55228e+07  -1.49471e+07  1.41775e+07  -1.31913e+07  1.19737e+07  -1.05212e+07  8.84327e+06  -6.96365e+06  4.91979e+06  -2.76155e+06  548738  1.65217e+06  
-1.36664e+06  -453617  2.28546e+06  -4.07383e+06  5.76902e+06  -7.32942e+06  8.72355e+06  -9.9313e+06  1.09443e+07  -1.17651e+07  1.24056e+07  -1.28846e+07  1.32244e+07  -1.34475e+07  1.35728e+07  -1.36131e+07  1.35728e+07  -1.34475e+07  1.32244e+07  -1.28846e+07  1.24056e+07  -1.17651e+07  1.09443e+07  -9.9313e+06  8.72355e+06  -7.32942e+06  5.76902e+06  -4.07383e+06  2.28546e+06  -453617  -1.36664e+06  
1.0858e+06  360203  -1.81658e+06  3.2396e+06  -4.58969e+06  5.83355e+06  -6.94585e+06  7.91022e+06  -8.71961e+06  9.37576e+06  -9.88795e+06  1.0271e+07  -1.05427e+07  1.07209e+07  -1.0821e+07  1.08532e+07  -1.0821e+07  1.07209e+07  -1.05427e+07  1.0271e+07  -9.88795e+06  9.37576e+06  -8.71961e+06  7.91022e+06  -6.94585e+06  5.83355e+06  -4.58969e+06  3.2396e+06  -1.81658e+06  360203  1.0858e+06  
-809550  -268444  1.35487e+06  -2.41718e+06  3.42583e+06  -4.35586e+06  5.18819e+06  -5.91038e+06  6.51691e+06  -7.00887e+06  7.39303e+06  -7.68036e+06  7.88415e+06  -8.01783e+06  8.09288e+06  -8.11699e+06  8.09288e+06  -8.01783e+06  7.88415e+06  -7.68036e+06  7.39303e+06  -7.00887e+06  6.51691e+06  -5.91038e+06  5.18819e+06  -4.35586e+06  3.42583e+06  -2.41718e+06  1.35487e+06  -268444  -809550  
537267  178100  -899404  1.60508e+06  -2.2755e+06  2.89407e+06  -3.448e+06  3.92894e+06  -4.33307e+06  4.66102e+06  -4.91718e+06  5.10882e+06  -5.24475e+06  5.3339e+06  -5.38395e+06  5.40002e+06  -5.38395e+06  5.3339e+06  -5.24475e+06  5.10882e+06  -4.91718e+06  4.66102e+06  -4.33307e+06  3.92894e+06  -3.448e+06  2.89407e+06  -2.2755e+06  1.60508e+06  -899404  178100  537267  
-267874  -88780.6  448499  -800540  1.13512e+06  -1.44395e+06  1.72062e+06  -1.96093e+06  2.16294e+06  -2.32691e+06  2.45503e+06  -2.55088e+06  2.61887e+06  -2.66347e+06  2.6885e+06  -2.69654e+06  2.6885e+06  -2.66347e+06  2.61887e+06  -2.55088e+06  2.45503e+06  -2.32691e+06  2.16294e+06  -1.96093e+06  1.72062e+06  -1.44395e+06  1.13512e+06  -800540  448499  -88780.6  -267874  
0  0  0  0  0  0  0  0  0  0  0  0  0  0  0  0  0  0  0  0  0  0  0  0  0  0  0  0  0  0  0  
