1  1  1  1  1  1  1  1  1  1  1  1  1  1  1  1  1  1  1  1  1  1  1  1  1  1  1  1  1  1  1  
1.45431e+06  490121  -2.40245e+06  4.27779e+06  -6.10808e+06  7.88139e+06  -9.58174e+06  1.11896e+07  -1.26828e+07  1.40379e+07  -1.52316e+07  1.62418e+07  -1.70493e+07  1.76379e+07  -1.7996e+07  1.81161e+07  -1.7996e+07  1.76379e+07  -1.70493e+07  1.62418e+07  -1.52316e+07  1.40379e+07  -1.26828e+07  1.11896e+07  -9.58174e+06  7.88139e+06  -6.10808e+06  4.27779e+06  -2.40245e+06  490121  1.45431e+06  
-2.87418e+06  -968549  4.74836e+06  -8.45377e+06  1.20675e+07  -1.55648e+07  1.89136e+07  -2.20752e+07  2.50065e+07  -2.76621e+07  2.99974e+07  -3.19708e+07  3.3546e+07  -3.4693e+07  3.53902e+07  -3.56241e+07  3.53902e+07  -3.4693e+07  3.3546e+07  -3.19708e+07  2.99974e+07  -2.76621e+07  2.50065e+07  -2.20752e+07  1.89136e+07  -1.55648e+07  1.20675e+07  -8.45377e+06  4.74836e+06  -968549  -2.87418e+06  
4.22671e+06  1.42412e+06  -6.98365e+06  1.24308e+07  -1.77365e+07  2.28622e+07  -2.77591e+07  3.23704e+07  -3.66338e+07  4.04854e+07  -4.38631e+07  4.671e+07  -4.89772e+07  5.06254e+07  -5.16258e+07  5.19613e+07  -5.16258e+07  5.06254e+07  -4.89772e+07  4.671e+07  -4.38631e+07  4.04854e+07  -3.66338e+07  3.23704e+07  -2.77591e+07  2.28622e+07  -1.77365e+07  1.24308e+07  -6.98365e+06  1.42412e+06  4.22671e+06  
-5.48189e+06  -1.84664e+06  9.05909e+06  -1.61205e+07  2.29872e+07  -2.96045e+07  3.59071e+07  -4.18213e+07  4.72685e+07  -5.21704e+07  5.64527e+07  -6.00493e+07  6.29046e+07  -6.49752e+07  6.62298e+07  -6.665e+07  6.62298e+07  -6.49752e+07  6.29046e+07  -6.00493e+07  5.64527e+07  -5.21704e+07  4.72685e+07  -4.18213e+07  3.59071e+07  -2.96045e+07  2.29872e+07  -1.61205e+07  9.05909e+06  -1.84664e+06  -5.48189e+06  
6.6139e+06  2.22738e+06  -1.09322e+07  1.94471e+07  -2.77103e+07  3.56493e+07  -4.31821e+07  5.02196e+07  -5.66707e+07  6.24475e+07  -6.747e+07  7.16692e+07  -7.49898e+07  7.739e+07  -7.88412e+07  7.93267e+07  -7.88412e+07  7.739e+07  -7.49898e+07  7.16692e+07  -6.747e+07  6.24475e+07  -5.66707e+07  5.02196e+07  -4.31821e+07  3.56493e+07  -2.77103e+07  1.94471e+07  -1.09322e+07  2.22738e+06  6.6139e+06  
-7.60194e+06  -2.55927e+06  1.25687e+07  -2.235e+07  3.18196e+07  -4.08859e+07  4.945e+07  -5.741e+07  6.46661e+07  -7.1126e+07  7.67101e+07  -8.13539e+07  8.50085e+07  -8.76399e+07  8.92265e+07  -8.97566e+07  8.92265e+07  -8.76399e+07  8.50085e+07  -8.13539e+07  7.67101e+07  -7.1126e+07  6.46661e+07  -5.741e+07  4.945e+07  -4.08859e+07  3.18196e+07  -2.235e+07  1.25687e+07  -2.55927e+06  -7.60194e+06  
8.43086e+06  2.83721e+06  -1.39437e+07  2.47852e+07  -3.5254e+07  4.5238e+07  -5.46223e+07  6.32944e+07  -7.11497e+07  7.80971e+07  -8.40631e+07  8.89937e+07  -9.28526e+07  9.56186e+07  -9.72811e+07  9.78356e+07  -9.72811e+07  9.56186e+07  -9.28526e+07  8.89937e+07  -8.40631e+07  7.80971e+07  -7.11497e+07  6.32944e+07  -5.46223e+07  4.5238e+07  -3.5254e+07  2.47852e+07  -1.39437e+07  2.83721e+06  8.43086e+06  
-9.09137e+06  -3.05809e+06  1.50418e+07  -2.67263e+07  3.79783e+07  -4.86645e+07  5.86554e+07  -6.78304e+07  7.60838e+07  -8.33305e+07  8.95083e+07  -9.45784e+07  9.85218e+07  -1.01334e+08  1.03018e+08  -1.03579e+08  1.03018e+08  -1.01334e+08  9.85218e+07  -9.45784e+07  8.95083e+07  -8.33305e+07  7.60838e+07  -6.78304e+07  5.86554e+07  -4.86645e+07  3.79783e+07  -2.67263e+07  1.50418e+07  -3.05809e+06  -9.09137e+06  
9.57996e+06  3.22075e+06  -1.58569e+07  2.8164e+07  -3.99821e+07  5.11575e+07  -6.15477e+07  7.10266e+07  -7.9491e+07  8.68653e+07  -9.31025e+07  9.81826e+07  -1.02107e+08  1.04889e+08  -1.06549e+08  1.071e+08  -1.06549e+08  1.04889e+08  -1.02107e+08  9.81826e+07  -9.31025e+07  8.68653e+07  -7.9491e+07  7.10266e+07  -6.15477e+07  5.11575e+07  -3.99821e+07  2.8164e+07  -1.58569e+07  3.22075e+06  9.57996e+06  
-9.8985e+06  -3.32589e+06  1.6392e+07  -2.91044e+07  4.12775e+07  -5.27387e+07  6.33343e+07  -7.29354e+07  8.14442e+07  -8.87969e+07  9.49645e+07  -9.99473e+07  1.03768e+08  -1.0646e+08  1.08059e+08  -1.08589e+08  1.08059e+08  -1.0646e+08  1.03768e+08  -9.99473e+07  9.49645e+07  -8.87969e+07  8.14442e+07  -7.29354e+07  6.33343e+07  -5.27387e+07  4.12775e+07  -2.91044e+07  1.6392e+07  -3.32589e+06  -9.8985e+06  
1.00536e+07  3.37581e+06  -1.66576e+07  2.95676e+07  -4.18964e+07  5.34548e+07  -6.40803e+07  7.36438e+07  -8.20544e+07  8.92625e+07  -9.52569e+07  1.00059e+08  -1.03713e+08  1.06271e+08  -1.07782e+08  1.08282e+08  -1.07782e+08  1.06271e+08  -1.03713e+08  1.00059e+08  -9.52569e+07  8.92625e+07  -8.20544e+07  7.36438e+07  -6.40803e+07  5.34548e+07  -4.18964e+07  2.95676e+07  -1.66576e+07  3.37581e+06  1.00536e+07  
-1.00558e+07  -3.37417e+06  1.66708e+07  -2.95847e+07  4.1886e+07  -5.33719e+07  6.38736e+07  -7.32635e+07  8.14594e+07  -8.84257e+07  9.41693e+07  -9.8731e+07  1.02174e+08  -1.04567e+08  1.05975e+08  -1.06439e+08  1.05975e+08  -1.04567e+08  1.02174e+08  -9.8731e+07  9.41693e+07  -8.84257e+07  8.14594e+07  -7.32635e+07  6.38736e+07  -5.33719e+07  4.1886e+07  -2.95847e+07  1.66708e+07  -3.37417e+06  -1.00558e+07  
9.91885e+06  3.32567e+06  -1.64539e+07  2.91958e+07  -4.13056e+07  5.25699e+07  -6.28168e+07  7.19217e+07  -7.98116e+07  8.64641e+07  -9.19025e+07  9.61848e+07  -9.93904e+07  1.01603e+08  -1.02898e+08  1.03323e+08  -1.02898e+08  1.01603e+08  -9.93904e+07  9.61848e+07  -9.19025e+07  8.64641e+07  -7.98116e+07  7.19217e+07  -6.28168e+07  5.25699e+07  -4.13056e+07  2.91958e+07  -1.64539e+07  3.32567e+06  9.91885e+06  
-9.65846e+06  -3.23574e+06  1.60324e+07  -2.84469e+07  4.02218e+07  -5.11376e+07  6.10214e+07  -6.97531e+07  7.72683e+07  -8.35571e+07  8.86561e+07  -9.26378e+07  9.55943e+07  -9.7621e+07  9.88e+07  -9.91865e+07  9.88e+07  -9.7621e+07  9.55943e+07  -9.26378e+07  8.86561e+07  -8.35571e+07  7.72683e+07  -6.97531e+07  6.10214e+07  -5.11376e+07  4.02218e+07  -2.84469e+07  1.60324e+07  -3.23574e+06  -9.65846e+06  
9.29173e+06  3.11022e+06  -1.54343e+07  2.73872e+07  -3.87055e+07  4.91673e+07  -5.8601e+07  6.6892e+07  -7.39841e+07  7.98774e+07  -8.46194e+07  8.82929e+07  -9.09993e+07  9.28418e+07  -9.39079e+07  9.42565e+07  -9.39079e+07  9.28418e+07  -9.09993e+07  8.82929e+07  -8.46194e+07  7.98774e+07  -7.39841e+07  6.6892e+07  -5.8601e+07  4.91673e+07  -3.87055e+07  2.73872e+07  -1.54343e+07  3.11022e+06  9.29173e+06  
-8.83618e+06  -2.95512e+06  1.46881e+07  -2.60672e+07  3.68283e+07  -4.67507e+07  5.56668e+07  -6.34677e+07  7.01046e+07  -7.55851e+07  7.99645e+07  -8.33322e+07  8.57952e+07  -8.74609e+07  8.84198e+07  -8.87324e+07  8.84198e+07  -8.74609e+07  8.57952e+07  -8.33322e+07  7.99645e+07  -7.55851e+07  7.01046e+07  -6.34677e+07  5.56668e+07  -4.67507e+07  3.68283e+07  -2.60672e+07  1.46881e+07  -2.95512e+06  -8.83618e+06  
8.30909e+06  2.77631e+06  -1.3822e+07  2.45364e+07  -3.46597e+07  4.39761e+07  -5.23239e+07  5.96002e+07  -6.57623e+07  7.08234e+07  -7.48431e+07  7.79138e+07  -8.01447e+07  8.16441e+07  -8.25032e+07  8.27825e+07  -8.25032e+07  8.16441e+07  -8.01447e+07  7.79138e+07  -7.48431e+07  7.08234e+07  -6.57623e+07  5.96002e+07  -5.23239e+07  4.39761e+07  -3.46597e+07  2.45364e+07  -1.3822e+07  2.77631e+06  8.30909e+06  
-7.72681e+06  -2.57937e+06  1.28629e+07  -2.28418e+07  3.22651e+07  -4.09254e+07  4.86682e+07  -5.53972e+07  6.10747e+07  -6.57169e+07  6.93849e+07  -7.2171e+07  7.41832e+07  -7.55282e+07  7.62954e+07  -7.65443e+07  7.62954e+07  -7.55282e+07  7.41832e+07  -7.2171e+07  6.93849e+07  -6.57169e+07  6.10747e+07  -5.53972e+07  4.86682e+07  -4.09254e+07  3.22651e+07  -2.28418e+07  1.28629e+07  -2.57937e+06  -7.72681e+06  
7.10438e+06  2.36941e+06  -1.18355e+07  2.10264e+07  -2.9704e+07  3.7672e+07  -4.47851e+07  5.09533e+07  -5.61427e+07  6.03709e+07  -6.36977e+07  6.62127e+07  -6.80201e+07  6.92224e+07  -6.99056e+07  7.01267e+07  -6.99056e+07  6.92224e+07  -6.80201e+07  6.62127e+07  -6.36977e+07  6.03709e+07  -5.61427e+07  5.09533e+07  -4.47851e+07  3.7672e+07  -2.9704e+07  2.10264e+07  -1.18355e+07  2.36941e+06  7.10438e+06  
-6.45512e+06  -2.15091e+06  1.07617e+07  -1.91283e+07  2.70288e+07  -3.42805e+07  4.07481e+07  -4.63485e+07  5.10506e+07  -5.48717e+07  5.78685e+07  -6.01256e+07  6.1741e+07  -6.28113e+07  6.34175e+07  -6.36133e+07  6.34175e+07  -6.28113e+07  6.1741e+07  -6.01256e+07  5.78685e+07  -5.48717e+07  5.10506e+07  -4.63485e+07  4.07481e+07  -3.42805e+07  2.70288e+07  -1.91283e+07  1.07617e+07  -2.15091e+06  -6.45512e+06  
5.79042e+06  1.92772e+06  -9.66038e+06  1.71801e+07  -2.42842e+07  3.0805e+07  -3.66187e+07  4.16487e+07  -4.58667e+07  4.92883e+07  -5.19655e+07  5.39762e+07  -5.54107e+07  5.6358e+07  -5.68932e+07  5.70658e+07  -5.68932e+07  5.6358e+07  -5.54107e+07  5.39762e+07  -5.19655e+07  4.92883e+07  -4.58667e+07  4.16487e+07  -3.66187e+07  3.0805e+07  -2.42842e+07  1.71801e+07  -9.66038e+06  1.92772e+06  5.79042e+06  
-5.11957e+06  -1.70294e+06  8.54694e+06  -1.52088e+07  2.15066e+07  -2.72896e+07  3.2446e+07  -3.69063e+07  4.06443e+07  -4.36733e+07  4.60398e+07  -4.78135e+07  4.9076e+07  -4.99078e+07  5.03766e+07  -5.05276e+07  5.03766e+07  -4.99078e+07  4.9076e+07  -4.78135e+07  4.60398e+07  -4.36733e+07  4.06443e+07  -3.69063e+07  3.2446e+07  -2.72896e+07  2.15066e+07  -1.52088e+07  8.54694e+06  -1.70294e+06  -5.11957e+06  
4.44976e+06  1.47897e+06  -7.43339e+06  1.32352e+07  -1.87244e+07  2.37683e+07  -2.82677e+07  3.21606e+07  -3.54227e+07  3.80651e+07  -4.01277e+07  4.16717e+07  -4.27689e+07  4.34905e+07  -4.38966e+07  4.40273e+07  -4.38966e+07  4.34905e+07  -4.27689e+07  4.16717e+07  -4.01277e+07  3.80651e+07  -3.54227e+07  3.21606e+07  -2.82677e+07  2.37683e+07  -1.87244e+07  1.32352e+07  -7.43339e+06  1.47897e+06  4.44976e+06  
-3.78612e+06  -1.25749e+06  6.3284e+06  -1.12742e+07  1.5958e+07  -2.02653e+07  2.41104e+07  -2.7439e+07  3.02292e+07  -3.24893e+07  3.4253e+07  -3.55723e+07  3.65088e+07  -3.7124e+07  3.74699e+07  -3.75811e+07  3.74699e+07  -3.7124e+07  3.65088e+07  -3.55723e+07  3.4253e+07  -3.24893e+07  3.02292e+07  -2.7439e+07  2.41104e+07  -2.02653e+07  1.5958e+07  -1.12742e+07  6.3284e+06  -1.25749e+06  -3.78612e+06  
3.13181e+06  1.03951e+06  -5.23739e+06  9.33562e+06  -1.32203e+07  1.67962e+07  -1.9991e+07  2.27587e+07  -2.508e+07  2.69609e+07  -2.84287e+07  2.95264e+07  -3.03052e+07  3.08164e+07  -3.11036e+07  3.11959e+07  -3.11036e+07  3.08164e+07  -3.03052e+07  2.95264e+07  -2.84287e+07  2.69609e+07  -2.508e+07  2.27587e+07  -1.9991e+07  1.67962e+07  -1.32203e+07  9.33562e+06  -5.23739e+06  1.03951e+06  3.13181e+06  
-2.48822e+06  -825443  4.16288e+06  -7.42389e+06  1.05178e+07  -1.33682e+07  1.59172e+07  -1.81271e+07  1.99819e+07  -2.14856e+07  2.26593e+07  -2.35371e+07  2.41597e+07  -2.45682e+07  2.47976e+07  -2.48713e+07  2.47976e+07  -2.45682e+07  2.41597e+07  -2.35371e+07  2.26593e+07  -2.14856e+07  1.99819e+07  -1.81271e+07  1.59172e+07  -1.33682e+07  1.05178e+07  -7.42389e+06  4.16288e+06  -825443  -2.48822e+06  
1.85517e+06  615169  -3.10484e+06  5.53924e+06  -7.85066e+06  9.98193e+06  -1.18893e+07  1.35443e+07  -1.49342e+07  1.60616e+07  -1.69419e+07  1.76004e+07  -1.80674e+07  1.83737e+07  -1.85457e+07  1.8601e+07  -1.85457e+07  1.83737e+07  -1.80674e+07  1.76004e+07  -1.69419e+07  1.60616e+07  -1.49342e+07  1.35443e+07  -1.18893e+07  9.98193e+06  -7.85066e+06  5.53924e+06  -3.10484e+06  615169  1.85517e+06  
-1.23121e+06  -408134  2.06108e+06  -3.67821e+06  5.21456e+06  -6.63207e+06  7.90148e+06  -9.00358e+06  9.9297e+06  -1.06812e+07  1.12683e+07  -1.17074e+07  1.20189e+07  -1.22232e+07  1.23379e+07  -1.23747e+07  1.23379e+07  -1.22232e+07  1.20189e+07  -1.17074e+07  1.12683e+07  -1.06812e+07  9.9297e+06  -9.00358e+06  7.90148e+06  -6.63207e+06  5.21456e+06  -3.67821e+06  2.06108e+06  -408134  -1.23121e+06  
613862  203451  -1.02778e+06  1.83452e+06  -2.60126e+06  3.30897e+06  -3.943e+06  4.49368e+06  -4.9566e+06  5.33237e+06  -5.62596e+06  5.84562e+06  -6.00143e+06  6.10363e+06  -6.16099e+06  6.17942e+06  -6.16099e+06  6.10363e+06  -6.00143e+06  5.84562e+06  -5.62596e+06  5.33237e+06  -4.9566e+06  4.49368e+06  -3.943e+06  3.30897e+06  -2.60126e+06  1.83452e+06  -1.02778e+06  203451  613862  
0  0  0  0  0  0  0  0  0  0  0  0  0  0  0  0  0  0  0  0  0  0  0  0  0  0  0  0  0  0  0  
