1  1  1  1  1  1  1  1  1  1  1  1  1  1  1  1  1  1  1  1  1  1  1  1  1  1  1  1  1  1  1  
3.41262e+06  1.15009e+06  -5.63748e+06  1.0038e+07  -1.43329e+07  1.84941e+07  -2.2484e+07  2.62569e+07  -2.97608e+07  3.29406e+07  -3.57416e+07  3.81123e+07  -4.0007e+07  4.13883e+07  -4.22285e+07  4.25105e+07  -4.22285e+07  4.13883e+07  -4.0007e+07  3.81123e+07  -3.57416e+07  3.29406e+07  -2.97608e+07  2.62569e+07  -2.2484e+07  1.84941e+07  -1.43329e+07  1.0038e+07  -5.63748e+06  1.15009e+06  3.41262e+06  
-6.74442e+06  -2.27275e+06  1.11423e+07  -1.98372e+07  2.83169e+07  -3.65236e+07  4.43817e+07  -5.18007e+07  5.8679e+07  -6.49105e+07  7.03905e+07  -7.50212e+07  7.87173e+07  -8.1409e+07  8.3045e+07  -8.35938e+07  8.3045e+07  -8.1409e+07  7.87173e+07  -7.50212e+07  7.03905e+07  -6.49105e+07  5.8679e+07  -5.18007e+07  4.43817e+07  -3.65236e+07  2.83169e+07  -1.98372e+07  1.11423e+07  -2.27275e+06  -6.74442e+06  
9.91818e+06  3.34176e+06  -1.63875e+07  2.91695e+07  -4.16197e+07  5.36472e+07  -6.51381e+07  7.59587e+07  -8.59631e+07  9.50011e+07  -1.02927e+08  1.09607e+08  -1.14928e+08  1.18795e+08  -1.21143e+08  1.2193e+08  -1.21143e+08  1.18795e+08  -1.14928e+08  1.09607e+08  -1.02927e+08  9.50011e+07  -8.59631e+07  7.59587e+07  -6.51381e+07  5.36472e+07  -4.16197e+07  2.91695e+07  -1.63875e+07  3.34176e+06  9.91818e+06  
-1.28635e+07  -4.33325e+06  2.12576e+07  -3.78276e+07  5.39406e+07  -6.94685e+07  8.4258e+07  -9.81358e+07  1.10918e+08  -1.2242e+08  1.32469e+08  -1.40909e+08  1.47609e+08  -1.52468e+08  1.55412e+08  -1.56398e+08  1.55412e+08  -1.52468e+08  1.47609e+08  -1.40909e+08  1.32469e+08  -1.2242e+08  1.10918e+08  -9.81358e+07  8.4258e+07  -6.94685e+07  5.39406e+07  -3.78276e+07  2.12576e+07  -4.33325e+06  -1.28635e+07  
1.55198e+07  5.22665e+06  -2.56529e+07  4.56337e+07  -6.50236e+07  8.3653e+07  -1.01329e+08  1.17843e+08  -1.32981e+08  1.46536e+08  -1.58322e+08  1.68176e+08  -1.75967e+08  1.816e+08  -1.85005e+08  1.86144e+08  -1.85005e+08  1.816e+08  -1.75967e+08  1.68176e+08  -1.58322e+08  1.46536e+08  -1.32981e+08  1.17843e+08  -1.01329e+08  8.3653e+07  -6.50236e+07  4.56337e+07  -2.56529e+07  5.22665e+06  1.55198e+07  
-1.78383e+07  -6.00546e+06  2.94932e+07  -5.24453e+07  7.46663e+07  -9.59408e+07  1.16037e+08  -1.34716e+08  1.51742e+08  -1.66901e+08  1.80004e+08  -1.90901e+08  1.99477e+08  -2.05652e+08  2.09375e+08  -2.10619e+08  2.09375e+08  -2.05652e+08  1.99477e+08  -1.90901e+08  1.80004e+08  -1.66901e+08  1.51742e+08  -1.34716e+08  1.16037e+08  -9.59408e+07  7.46663e+07  -5.24453e+07  2.94932e+07  -6.00546e+06  -1.78383e+07  
1.97834e+07  6.65767e+06  -3.27196e+07  5.81597e+07  -8.27253e+07  1.06153e+08  -1.28174e+08  1.48524e+08  -1.66956e+08  1.83259e+08  -1.97258e+08  2.08828e+08  -2.17883e+08  2.24374e+08  -2.28275e+08  2.29576e+08  -2.28275e+08  2.24374e+08  -2.17883e+08  2.08828e+08  -1.97258e+08  1.83259e+08  -1.66956e+08  1.48524e+08  -1.28174e+08  1.06153e+08  -8.27253e+07  5.81597e+07  -3.27196e+07  6.65767e+06  1.97834e+07  
-2.13334e+07  -7.17596e+06  3.52963e+07  -6.27147e+07  8.9118e+07  -1.14194e+08  1.37638e+08  -1.59168e+08  1.78535e+08  -1.95539e+08  2.10036e+08  -2.21933e+08  2.31187e+08  -2.37785e+08  2.41737e+08  -2.43053e+08  2.41737e+08  -2.37785e+08  2.31187e+08  -2.21933e+08  2.10036e+08  -1.95539e+08  1.78535e+08  -1.59168e+08  1.37638e+08  -1.14194e+08  8.9118e+07  -6.27147e+07  3.52963e+07  -7.17596e+06  -2.13334e+07  
2.24799e+07  7.55766e+06  -3.7209e+07  6.60883e+07  -9.38199e+07  1.20044e+08  -1.44425e+08  1.66668e+08  -1.8653e+08  2.03834e+08  -2.1847e+08  2.30391e+08  -2.39599e+08  2.46128e+08  -2.50022e+08  2.51316e+08  -2.50022e+08  2.46128e+08  -2.39599e+08  2.30391e+08  -2.1847e+08  2.03834e+08  -1.8653e+08  1.66668e+08  -1.44425e+08  1.20044e+08  -9.38199e+07  6.60883e+07  -3.7209e+07  7.55766e+06  2.24799e+07  
-2.32273e+07  -7.80436e+06  3.84646e+07  -6.8295e+07  9.68598e+07  -1.23754e+08  1.48617e+08  -1.71147e+08  1.91113e+08  -2.08367e+08  2.22839e+08  -2.34531e+08  2.43497e+08  -2.49815e+08  2.53566e+08  -2.5481e+08  2.53566e+08  -2.49815e+08  2.43497e+08  -2.34531e+08  2.22839e+08  -2.08367e+08  1.91113e+08  -1.71147e+08  1.48617e+08  -1.23754e+08  9.68598e+07  -6.8295e+07  3.84646e+07  -7.80436e+06  -2.32273e+07  
2.35913e+07  7.92151e+06  -3.90879e+07  6.93818e+07  -9.8312e+07  1.25434e+08  -1.50368e+08  1.72809e+08  -1.92545e+08  2.09459e+08  -2.23525e+08  2.34794e+08  -2.43367e+08  2.49369e+08  -2.52916e+08  2.54088e+08  -2.52916e+08  2.49369e+08  -2.43367e+08  2.34794e+08  -2.23525e+08  2.09459e+08  -1.92545e+08  1.72809e+08  -1.50368e+08  1.25434e+08  -9.8312e+07  6.93818e+07  -3.90879e+07  7.92151e+06  2.35913e+07  
-2.35965e+07  -7.91766e+06  3.9119e+07  -6.94221e+07  9.82877e+07  -1.2524e+08  1.49883e+08  -1.71916e+08  1.91149e+08  -2.07496e+08  2.20973e+08  -2.31677e+08  2.39756e+08  -2.45373e+08  2.48675e+08  -2.49764e+08  2.48675e+08  -2.45373e+08  2.39756e+08  -2.31677e+08  2.20973e+08  -2.07496e+08  1.91149e+08  -1.71916e+08  1.49883e+08  -1.2524e+08  9.82877e+07  -6.94221e+07  3.9119e+07  -7.91766e+06  -2.35965e+07  
2.32751e+07  7.80385e+06  -3.86099e+07  6.85095e+07  -9.69256e+07  1.23358e+08  -1.47403e+08  1.68768e+08  -1.87282e+08  2.02893e+08  -2.15654e+08  2.25703e+08  -2.33225e+08  2.38418e+08  -2.41455e+08  2.42453e+08  -2.41455e+08  2.38418e+08  -2.33225e+08  2.25703e+08  -2.15654e+08  2.02893e+08  -1.87282e+08  1.68768e+08  -1.47403e+08  1.23358e+08  -9.69256e+07  6.85095e+07  -3.86099e+07  7.80385e+06  2.32751e+07  
-2.26641e+07  -7.59282e+06  3.76209e+07  -6.6752e+07  9.43825e+07  -1.19997e+08  1.4319e+08  -1.63679e+08  1.81314e+08  -1.96071e+08  2.08036e+08  -2.17379e+08  2.24317e+08  -2.29073e+08  2.31839e+08  -2.32746e+08  2.31839e+08  -2.29073e+08  2.24317e+08  -2.17379e+08  2.08036e+08  -1.96071e+08  1.81314e+08  -1.63679e+08  1.4319e+08  -1.19997e+08  9.43825e+07  -6.6752e+07  3.76209e+07  -7.59282e+06  -2.26641e+07  
2.18035e+07  7.2983e+06  -3.62174e+07  6.42654e+07  -9.08244e+07  1.15374e+08  -1.3751e+08  1.56965e+08  -1.73608e+08  1.87436e+08  -1.98564e+08  2.07184e+08  -2.13535e+08  2.17858e+08  -2.2036e+08  2.21178e+08  -2.2036e+08  2.17858e+08  -2.13535e+08  2.07184e+08  -1.98564e+08  1.87436e+08  -1.73608e+08  1.56965e+08  -1.3751e+08  1.15374e+08  -9.08244e+07  6.42654e+07  -3.62174e+07  7.2983e+06  2.18035e+07  
-2.07346e+07  -6.93434e+06  3.44663e+07  -6.1168e+07  8.64194e+07  -1.09703e+08  1.30625e+08  -1.4893e+08  1.64504e+08  -1.77364e+08  1.87641e+08  -1.95543e+08  2.01323e+08  -2.05231e+08  2.07482e+08  -2.08215e+08  2.07482e+08  -2.05231e+08  2.01323e+08  -1.95543e+08  1.87641e+08  -1.77364e+08  1.64504e+08  -1.4893e+08  1.30625e+08  -1.09703e+08  8.64194e+07  -6.1168e+07  3.44663e+07  -6.93434e+06  -2.07346e+07  
1.94977e+07  6.51476e+06  -3.24341e+07  5.7576e+07  -8.13307e+07  1.03192e+08  -1.22781e+08  1.39855e+08  -1.54315e+08  1.66191e+08  -1.75623e+08  1.82829e+08  -1.88064e+08  1.91582e+08  -1.93598e+08  1.94253e+08  -1.93598e+08  1.91582e+08  -1.88064e+08  1.82829e+08  -1.75623e+08  1.66191e+08  -1.54315e+08  1.39855e+08  -1.22781e+08  1.03192e+08  -8.13307e+07  5.7576e+07  -3.24341e+07  6.51476e+06  1.94977e+07  
-1.81313e+07  -6.05263e+06  3.01835e+07  -5.35995e+07  7.57117e+07  -9.60335e+07  1.14202e+08  -1.29992e+08  1.43315e+08  -1.54208e+08  1.62815e+08  -1.69353e+08  1.74075e+08  -1.77231e+08  1.79031e+08  -1.79615e+08  1.79031e+08  -1.77231e+08  1.74075e+08  -1.69353e+08  1.62815e+08  -1.54208e+08  1.43315e+08  -1.29992e+08  1.14202e+08  -9.60335e+07  7.57117e+07  -5.35995e+07  3.01835e+07  -6.05263e+06  -1.81313e+07  
1.66708e+07  5.55993e+06  -2.77726e+07  4.93395e+07  -6.97019e+07  8.83994e+07  -1.05091e+08  1.19565e+08  -1.31742e+08  1.41663e+08  -1.4947e+08  1.55372e+08  -1.59613e+08  1.62434e+08  -1.64037e+08  1.64556e+08  -1.64037e+08  1.62434e+08  -1.59613e+08  1.55372e+08  -1.4947e+08  1.41663e+08  -1.31742e+08  1.19565e+08  -1.05091e+08  8.83994e+07  -6.97019e+07  4.93395e+07  -2.77726e+07  5.55993e+06  1.66708e+07  
-1.51473e+07  -5.04722e+06  2.52529e+07  -4.48855e+07  6.34245e+07  -8.0441e+07  9.56176e+07  -1.08759e+08  1.19793e+08  -1.28759e+08  1.35792e+08  -1.41088e+08  1.44878e+08  -1.4739e+08  1.48812e+08  -1.49272e+08  1.48812e+08  -1.4739e+08  1.44878e+08  -1.41088e+08  1.35792e+08  -1.28759e+08  1.19793e+08  -1.08759e+08  9.56176e+07  -8.0441e+07  6.34245e+07  -4.48855e+07  2.52529e+07  -5.04722e+06  -1.51473e+07  
1.35875e+07  4.52349e+06  -2.26686e+07  4.03141e+07  -5.6984e+07  7.22856e+07  -8.59276e+07  9.77309e+07  -1.07629e+08  1.15658e+08  -1.2194e+08  1.26658e+08  -1.30024e+08  1.32247e+08  -1.33503e+08  1.33908e+08  -1.33503e+08  1.32247e+08  -1.30024e+08  1.26658e+08  -1.2194e+08  1.15658e+08  -1.07629e+08  9.77309e+07  -8.59276e+07  7.22856e+07  -5.6984e+07  4.03141e+07  -2.26686e+07  4.52349e+06  1.35875e+07  
-1.20133e+07  -3.99604e+06  2.00558e+07  -3.56883e+07  5.04663e+07  -6.40365e+07  7.61362e+07  -8.66026e+07  9.53739e+07  -1.02482e+08  1.08035e+08  -1.12197e+08  1.15159e+08  -1.17111e+08  1.18211e+08  -1.18566e+08  1.18211e+08  -1.17111e+08  1.15159e+08  -1.12197e+08  1.08035e+08  -1.02482e+08  9.53739e+07  -8.66026e+07  7.61362e+07  -6.40365e+07  5.04663e+07  -3.56883e+07  2.00558e+07  -3.99604e+06  -1.20133e+07  
1.04416e+07  3.47049e+06  -1.74428e+07  3.1057e+07  -4.39377e+07  5.57735e+07  -6.63315e+07  7.54664e+07  -8.31213e+07  8.93216e+07  -9.41617e+07  9.77848e+07  -1.00359e+08  1.02053e+08  -1.03006e+08  1.03312e+08  -1.03006e+08  1.02053e+08  -1.00359e+08  9.77848e+07  -9.41617e+07  8.93216e+07  -8.31213e+07  7.54664e+07  -6.63315e+07  5.57735e+07  -4.39377e+07  3.1057e+07  -1.74428e+07  3.47049e+06  1.04416e+07  
-8.88433e+06  -2.95077e+06  1.48499e+07  -2.64556e+07  3.74462e+07  -4.75536e+07  5.65763e+07  -6.43871e+07  7.09344e+07  -7.62378e+07  8.03763e+07  -8.34722e+07  8.56698e+07  -8.71134e+07  8.7925e+07  -8.8186e+07  8.7925e+07  -8.71134e+07  8.56698e+07  -8.34722e+07  8.03763e+07  -7.62378e+07  7.09344e+07  -6.43871e+07  5.65763e+07  -4.75536e+07  3.74462e+07  -2.64556e+07  1.48499e+07  -2.95077e+06  -8.88433e+06  
7.34896e+06  2.43927e+06  -1.22898e+07  2.19065e+07  -3.10222e+07  3.94131e+07  -4.69098e+07  5.34044e+07  -5.88515e+07  6.32651e+07  -6.67095e+07  6.92853e+07  -7.11128e+07  7.23124e+07  -7.29863e+07  7.32029e+07  -7.29863e+07  7.23124e+07  -7.11128e+07  6.92853e+07  -6.67095e+07  6.32651e+07  -5.88515e+07  5.34044e+07  -4.69098e+07  3.94131e+07  -3.10222e+07  2.19065e+07  -1.22898e+07  2.43927e+06  7.34896e+06  
-5.83873e+06  -1.93694e+06  9.76842e+06  -1.74205e+07  2.46805e+07  -3.13692e+07  3.73504e+07  -4.25362e+07  4.68886e+07  -5.0417e+07  5.31712e+07  -5.5231e+07  5.66919e+07  -5.76505e+07  5.81888e+07  -5.83617e+07  5.81888e+07  -5.76505e+07  5.66919e+07  -5.5231e+07  5.31712e+07  -5.0417e+07  4.68886e+07  -4.25362e+07  3.73504e+07  -3.13692e+07  2.46805e+07  -1.74205e+07  9.76842e+06  -1.93694e+06  -5.83873e+06  
4.35326e+06  1.44352e+06  -7.28567e+06  1.29981e+07  -1.8422e+07  2.34231e+07  -2.78989e+07  3.17824e+07  -3.50439e+07  3.76893e+07  -3.97551e+07  4.13002e+07  -4.2396e+07  4.31149e+07  -4.35185e+07  4.36481e+07  -4.35185e+07  4.31149e+07  -4.2396e+07  4.13002e+07  -3.97551e+07  3.76893e+07  -3.50439e+07  3.17824e+07  -2.78989e+07  2.34231e+07  -1.8422e+07  1.29981e+07  -7.28567e+06  1.44352e+06  4.35326e+06  
-2.88909e+06  -957707  4.83643e+06  -8.6311e+06  1.22362e+07  -1.55625e+07  1.85412e+07  -2.11274e+07  2.33006e+07  -2.5064e+07  2.64416e+07  -2.74721e+07  2.8203e+07  -2.86824e+07  2.89515e+07  -2.9038e+07  2.89515e+07  -2.86824e+07  2.8203e+07  -2.74721e+07  2.64416e+07  -2.5064e+07  2.33006e+07  -2.11274e+07  1.85412e+07  -1.55625e+07  1.22362e+07  -8.6311e+06  4.83643e+06  -957707  -2.88909e+06  
1.44046e+06  477407  -2.41175e+06  4.3048e+06  -6.10398e+06  7.76466e+06  -9.25244e+06  1.05447e+07  -1.16309e+07  1.25127e+07  -1.32016e+07  1.37171e+07  -1.40827e+07  1.43225e+07  -1.44571e+07  1.45003e+07  -1.44571e+07  1.43225e+07  -1.40827e+07  1.37171e+07  -1.32016e+07  1.25127e+07  -1.16309e+07  1.05447e+07  -9.25244e+06  7.76466e+06  -6.10398e+06  4.3048e+06  -2.41175e+06  477407  1.44046e+06  
0  0  0  0  0  0  0  0  0  0  0  0  0  0  0  0  0  0  0  0  0  0  0  0  0  0  0  0  0  0  0  
