1  1  1  1  1  1  1  1  1  1  1  1  1  1  1  1  1  1  1  1  1  1  1  1  1  1  1  1  1  1  1  
1.87909e+07  6.33276e+06  -3.10417e+07  5.52725e+07  -7.89214e+07  1.01834e+08  -1.23804e+08  1.44579e+08  -1.63872e+08  1.81381e+08  -1.96804e+08  2.09858e+08  -2.20291e+08  2.27897e+08  -2.32523e+08  2.34075e+08  -2.32523e+08  2.27897e+08  -2.20291e+08  2.09858e+08  -1.96804e+08  1.81381e+08  -1.63872e+08  1.44579e+08  -1.23804e+08  1.01834e+08  -7.89214e+07  5.52725e+07  -3.10417e+07  6.33276e+06  1.87909e+07  
-3.71368e+07  -1.25145e+07  6.13527e+07  -1.0923e+08  1.55922e+08  -2.0111e+08  2.44379e+08  -2.8523e+08  3.23104e+08  -3.57417e+08  3.87591e+08  -4.1309e+08  4.33441e+08  -4.48263e+08  4.57271e+08  -4.60293e+08  4.57271e+08  -4.48263e+08  4.33441e+08  -4.1309e+08  3.87591e+08  -3.57417e+08  3.23104e+08  -2.8523e+08  2.44379e+08  -2.0111e+08  1.55922e+08  -1.0923e+08  6.13527e+07  -1.25145e+07  -3.71368e+07  
5.46125e+07  1.84007e+07  -9.02345e+07  1.60616e+08  -2.29171e+08  2.95398e+08  -3.5867e+08  4.18252e+08  -4.73339e+08  5.23105e+08  -5.66747e+08  6.03532e+08  -6.32826e+08  6.54122e+08  -6.67049e+08  6.71382e+08  -6.67049e+08  6.54122e+08  -6.32826e+08  6.03532e+08  -5.66747e+08  5.23105e+08  -4.73339e+08  4.18252e+08  -3.5867e+08  2.95398e+08  -2.29171e+08  1.60616e+08  -9.02345e+07  1.84007e+07  5.46125e+07  
-7.08305e+07  -2.38602e+07  1.17051e+08  -2.0829e+08  2.97013e+08  -3.82515e+08  4.6395e+08  -5.40366e+08  6.10749e+08  -6.74084e+08  7.29415e+08  -7.75886e+08  8.1278e+08  -8.39533e+08  8.55743e+08  -8.61173e+08  8.55743e+08  -8.39533e+08  8.1278e+08  -7.75886e+08  7.29415e+08  -6.74084e+08  6.10749e+08  -5.40366e+08  4.6395e+08  -3.82515e+08  2.97013e+08  -2.0829e+08  1.17051e+08  -2.38602e+07  -7.08305e+07  
8.5457e+07  2.87795e+07  -1.41253e+08  2.51273e+08  -3.5804e+08  4.60619e+08  -5.57948e+08  6.48878e+08  -7.32232e+08  8.06874e+08  -8.71767e+08  9.26025e+08  -9.6893e+08  9.99943e+08  -1.01869e+09  1.02497e+09  -1.01869e+09  9.99943e+08  -9.6893e+08  9.26025e+08  -8.71767e+08  8.06874e+08  -7.32232e+08  6.48878e+08  -5.57948e+08  4.60619e+08  -3.5804e+08  2.51273e+08  -1.41253e+08  2.87795e+07  8.5457e+07  
-9.82233e+07  -3.30679e+07  1.62398e+08  -2.8878e+08  4.11135e+08  -5.28279e+08  6.38935e+08  -7.41785e+08  8.35539e+08  -9.19006e+08  9.91158e+08  -1.05116e+09  1.09838e+09  -1.13238e+09  1.15288e+09  -1.15973e+09  1.15288e+09  -1.13238e+09  1.09838e+09  -1.05116e+09  9.91158e+08  -9.19006e+08  8.35539e+08  -7.41785e+08  6.38935e+08  -5.28279e+08  4.11135e+08  -2.8878e+08  1.62398e+08  -3.30679e+07  -9.82233e+07  
1.08934e+08  3.66591e+07  -1.80164e+08  3.20245e+08  -4.55511e+08  5.84512e+08  -7.05766e+08  8.17816e+08  -9.19313e+08  1.00908e+09  -1.08617e+09  1.14987e+09  -1.19973e+09  1.23547e+09  -1.25695e+09  1.26412e+09  -1.25695e+09  1.23547e+09  -1.19973e+09  1.14987e+09  -1.08617e+09  1.00908e+09  -9.19313e+08  8.17816e+08  -7.05766e+08  5.84512e+08  -4.55511e+08  3.20245e+08  -1.80164e+08  3.66591e+07  1.08934e+08  
-1.17468e+08  -3.9513e+07  1.94352e+08  -3.45326e+08  4.90711e+08  -6.28786e+08  7.57876e+08  -8.76425e+08  9.83066e+08  -1.0767e+09  1.15652e+09  -1.22203e+09  1.27298e+09  -1.30932e+09  1.33108e+09  -1.33832e+09  1.33108e+09  -1.30932e+09  1.27298e+09  -1.22203e+09  1.15652e+09  -1.0767e+09  9.83066e+08  -8.76425e+08  7.57876e+08  -6.28786e+08  4.90711e+08  -3.45326e+08  1.94352e+08  -3.9513e+07  -1.17468e+08  
1.23781e+08  4.16147e+07  -2.04884e+08  3.63902e+08  -5.16601e+08  6.60997e+08  -7.95247e+08  9.17722e+08  -1.02709e+09  1.12237e+09  -1.20296e+09  1.2686e+09  -1.3193e+09  1.35526e+09  -1.3767e+09  1.38382e+09  -1.3767e+09  1.35526e+09  -1.3193e+09  1.2686e+09  -1.20296e+09  1.12237e+09  -1.02709e+09  9.17722e+08  -7.95247e+08  6.60997e+08  -5.16601e+08  3.63902e+08  -2.04884e+08  4.16147e+07  1.23781e+08  
-1.27897e+08  -4.29732e+07  2.11798e+08  -3.76053e+08  5.33339e+08  -6.81428e+08  8.18331e+08  -9.42386e+08  1.05233e+09  -1.14733e+09  1.22702e+09  -1.2914e+09  1.34077e+09  -1.37556e+09  1.39621e+09  -1.40306e+09  1.39621e+09  -1.37556e+09  1.34077e+09  -1.2914e+09  1.22702e+09  -1.14733e+09  1.05233e+09  -9.42386e+08  8.18331e+08  -6.81428e+08  5.33339e+08  -3.76053e+08  2.11798e+08  -4.29732e+07  -1.27897e+08  
1.29901e+08  4.36182e+07  -2.1523e+08  3.82037e+08  -5.41336e+08  6.9068e+08  -8.27971e+08  9.51538e+08  -1.06021e+09  1.15334e+09  -1.2308e+09  1.29285e+09  -1.34005e+09  1.3731e+09  -1.39263e+09  1.39909e+09  -1.39263e+09  1.3731e+09  -1.34005e+09  1.29285e+09  -1.2308e+09  1.15334e+09  -1.06021e+09  9.51538e+08  -8.27971e+08  6.9068e+08  -5.41336e+08  3.82037e+08  -2.1523e+08  4.36182e+07  1.29901e+08  
-1.2993e+08  -4.3597e+07  2.15401e+08  -3.82259e+08  5.41202e+08  -6.89608e+08  8.25299e+08  -9.46624e+08  1.05252e+09  -1.14253e+09  1.21674e+09  -1.27569e+09  1.32017e+09  -1.3511e+09  1.36928e+09  -1.37528e+09  1.36928e+09  -1.3511e+09  1.32017e+09  -1.27569e+09  1.21674e+09  -1.14253e+09  1.05252e+09  -9.46624e+08  8.25299e+08  -6.89608e+08  5.41202e+08  -3.82259e+08  2.15401e+08  -4.3597e+07  -1.2993e+08  
1.2816e+08  4.29704e+07  -2.12598e+08  3.77234e+08  -5.33702e+08  6.79247e+08  -8.11645e+08  9.29288e+08  -1.03123e+09  1.11719e+09  -1.18746e+09  1.24279e+09  -1.28421e+09  1.3128e+09  -1.32952e+09  1.33502e+09  -1.32952e+09  1.3128e+09  -1.28421e+09  1.24279e+09  -1.18746e+09  1.11719e+09  -1.03123e+09  9.29288e+08  -8.11645e+08  6.79247e+08  -5.33702e+08  3.77234e+08  -2.12598e+08  4.29704e+07  1.2816e+08  
-1.24795e+08  -4.18084e+07  2.07152e+08  -3.67557e+08  5.19699e+08  -6.6074e+08  7.88447e+08  -9.01267e+08  9.98371e+08  -1.07963e+09  1.14551e+09  -1.19696e+09  1.23516e+09  -1.26134e+09  1.27658e+09  -1.28157e+09  1.27658e+09  -1.26134e+09  1.23516e+09  -1.19696e+09  1.14551e+09  -1.07963e+09  9.98371e+08  -9.01267e+08  7.88447e+08  -6.6074e+08  5.19699e+08  -3.67557e+08  2.07152e+08  -4.18084e+07  -1.24795e+08  
1.20057e+08  4.01866e+07  -1.99424e+08  3.53865e+08  -5.00107e+08  6.35282e+08  -7.57173e+08  8.64299e+08  -9.55936e+08  1.03208e+09  -1.09335e+09  1.14082e+09  -1.17579e+09  1.19959e+09  -1.21337e+09  1.21787e+09  -1.21337e+09  1.19959e+09  -1.17579e+09  1.14082e+09  -1.09335e+09  1.03208e+09  -9.55936e+08  8.64299e+08  -7.57173e+08  6.35282e+08  -5.00107e+08  3.53865e+08  -1.99424e+08  4.01866e+07  1.20057e+08  
-1.14171e+08  -3.81826e+07  1.89782e+08  -3.36809e+08  4.75852e+08  -6.04058e+08  7.19261e+08  -8.20055e+08  9.05809e+08  -9.76622e+08  1.03321e+09  -1.07672e+09  1.10854e+09  -1.13007e+09  1.14246e+09  -1.1465e+09  1.14246e+09  -1.13007e+09  1.10854e+09  -1.07672e+09  1.03321e+09  -9.76622e+08  9.05809e+08  -8.20055e+08  7.19261e+08  -6.04058e+08  4.75852e+08  -3.36809e+08  1.89782e+08  -3.81826e+07  -1.14171e+08  
1.0736e+08  3.58722e+07  -1.78592e+08  3.17031e+08  -4.47832e+08  5.68208e+08  -6.76068e+08  7.70083e+08  -8.49703e+08  9.15097e+08  -9.67034e+08  1.00671e+09  -1.03554e+09  1.05491e+09  -1.06601e+09  1.06962e+09  -1.06601e+09  1.05491e+09  -1.03554e+09  1.00671e+09  -9.67034e+08  9.15097e+08  -8.49703e+08  7.70083e+08  -6.76068e+08  5.68208e+08  -4.47832e+08  3.17031e+08  -1.78592e+08  3.58722e+07  1.0736e+08  
-9.98367e+07  -3.33276e+07  1.662e+08  -2.95135e+08  4.16891e+08  -5.28789e+08  6.28833e+08  -7.15778e+08  7.89136e+08  -8.49117e+08  8.9651e+08  -9.32508e+08  9.58508e+08  -9.75887e+08  9.858e+08  -9.89015e+08  9.858e+08  -9.75887e+08  9.58508e+08  -9.32508e+08  8.9651e+08  -8.49117e+08  7.89136e+08  -7.15778e+08  6.28833e+08  -5.28789e+08  4.16891e+08  -2.95135e+08  1.662e+08  -3.33276e+07  -9.98367e+07  
9.17944e+07  3.06147e+07  -1.52925e+08  2.71678e+08  -3.838e+08  4.86754e+08  -5.7866e+08  6.58359e+08  -7.2541e+08  7.80042e+08  -8.23026e+08  8.55523e+08  -8.78876e+08  8.9441e+08  -9.03238e+08  9.06094e+08  -9.03238e+08  8.9441e+08  -8.78876e+08  8.55523e+08  -8.23026e+08  7.80042e+08  -7.2541e+08  6.58359e+08  -5.7866e+08  4.86754e+08  -3.838e+08  2.71678e+08  -1.52925e+08  3.06147e+07  9.17944e+07  
-8.34055e+07  -2.77915e+07  1.3905e+08  -2.47153e+08  3.49234e+08  -4.42932e+08  5.265e+08  -5.98861e+08  6.59616e+08  -7.08988e+08  7.47709e+08  -7.76872e+08  7.97744e+08  -8.11573e+08  8.19406e+08  -8.21936e+08  8.19406e+08  -8.11573e+08  7.97744e+08  -7.76872e+08  7.47709e+08  -7.08988e+08  6.59616e+08  -5.98861e+08  5.265e+08  -4.42932e+08  3.49234e+08  -2.47153e+08  1.3905e+08  -2.77915e+07  -8.34055e+07  
7.4817e+07  2.49077e+07  -1.2482e+08  2.21982e+08  -3.13771e+08  3.98026e+08  -4.73144e+08  5.38136e+08  -5.92636e+08  6.36845e+08  -6.71438e+08  6.97417e+08  -7.15951e+08  7.28192e+08  -7.35107e+08  7.37337e+08  -7.35107e+08  7.28192e+08  -7.15951e+08  6.97417e+08  -6.71438e+08  6.36845e+08  -5.92636e+08  5.38136e+08  -4.73144e+08  3.98026e+08  -3.13771e+08  2.21982e+08  -1.2482e+08  2.49077e+07  7.4817e+07  
-6.6149e+07  -2.20034e+07  1.10433e+08  -1.9651e+08  2.77883e+08  -3.52605e+08  4.19229e+08  -4.7686e+08  5.25158e+08  -5.64295e+08  5.94872e+08  -6.1779e+08  6.34102e+08  -6.44849e+08  6.50907e+08  -6.52859e+08  6.50907e+08  -6.44849e+08  6.34102e+08  -6.1779e+08  5.94872e+08  -5.64295e+08  5.25158e+08  -4.7686e+08  4.19229e+08  -3.52605e+08  2.77883e+08  -1.9651e+08  1.10433e+08  -2.20034e+07  -6.6149e+07  
5.74946e+07  1.91096e+07  -9.60456e+07  1.71009e+08  -2.41934e+08  3.07106e+08  -3.65242e+08  4.15541e+08  -4.57691e+08  4.91832e+08  -5.18483e+08  5.38433e+08  -5.52609e+08  5.61933e+08  -5.6718e+08  5.68869e+08  -5.6718e+08  5.61933e+08  -5.52609e+08  5.38433e+08  -5.18483e+08  4.91832e+08  -4.57691e+08  4.15541e+08  -3.65242e+08  3.07106e+08  -2.41934e+08  1.71009e+08  -9.60456e+07  1.91096e+07  5.74946e+07  
-4.89198e+07  -1.62478e+07  8.17681e+07  -1.45672e+08  2.0619e+08  -2.61845e+08  3.11527e+08  -3.54535e+08  3.90587e+08  -4.19788e+08  4.42576e+08  -4.59623e+08  4.71724e+08  -4.79673e+08  4.84142e+08  -4.85579e+08  4.84142e+08  -4.79673e+08  4.71724e+08  -4.59623e+08  4.42576e+08  -4.19788e+08  3.90587e+08  -3.54535e+08  3.11527e+08  -2.61845e+08  2.0619e+08  -1.45672e+08  8.17681e+07  -1.62478e+07  -4.89198e+07  
4.04656e+07  1.34314e+07  -6.76714e+07  1.20624e+08  -1.70818e+08  2.1702e+08  -2.583e+08  2.94061e+08  -3.24054e+08  3.48357e+08  -3.67323e+08  3.81506e+08  -3.91569e+08  3.98174e+08  -4.01885e+08  4.03077e+08  -4.01885e+08  3.98174e+08  -3.91569e+08  3.81506e+08  -3.67323e+08  3.48357e+08  -3.24054e+08  2.94061e+08  -2.583e+08  2.1702e+08  -1.70818e+08  1.20624e+08  -6.76714e+07  1.34314e+07  4.04656e+07  
-3.21498e+07  -1.06654e+07  5.37879e+07  -9.59228e+07  1.35898e+08  -1.72728e+08  2.05663e+08  -2.34217e+08  2.58183e+08  -2.77611e+08  2.92777e+08  -3.04119e+08  3.12163e+08  -3.17441e+08  3.20405e+08  -3.21357e+08  3.20405e+08  -3.17441e+08  3.12163e+08  -3.04119e+08  2.92777e+08  -2.77611e+08  2.58183e+08  -2.34217e+08  2.05663e+08  -1.72728e+08  1.35898e+08  -9.59228e+07  5.37879e+07  -1.06654e+07  -3.21498e+07  
2.39703e+07  7.94848e+06  -4.01171e+07  7.15715e+07  -1.01437e+08  1.28975e+08  -1.5362e+08  1.75003e+08  -1.92962e+08  2.07529e+08  -2.18904e+08  2.27411e+08  -2.33445e+08  2.37404e+08  -2.39626e+08  2.4034e+08  -2.39626e+08  2.37404e+08  -2.33445e+08  2.27411e+08  -2.18904e+08  2.07529e+08  -1.92962e+08  1.75003e+08  -1.5362e+08  1.28975e+08  -1.01437e+08  7.15715e+07  -4.01171e+07  7.94848e+06  2.39703e+07  
-1.59082e+07  -5.27343e+06  2.66309e+07  -4.75255e+07  6.73764e+07  -8.56918e+07  1.02094e+08  -1.16334e+08  1.283e+08  -1.3801e+08  1.45595e+08  -1.5127e+08  1.55294e+08  -1.57934e+08  1.59416e+08  -1.59892e+08  1.59416e+08  -1.57934e+08  1.55294e+08  -1.5127e+08  1.45595e+08  -1.3801e+08  1.283e+08  -1.16334e+08  1.02094e+08  -8.56918e+07  6.73764e+07  -4.75255e+07  2.66309e+07  -5.27343e+06  -1.59082e+07  
7.9316e+06  2.62875e+06  -1.32798e+07  2.37036e+07  -3.36104e+07  4.27546e+07  -5.09468e+07  5.80621e+07  -6.40434e+07  6.88986e+07  -7.2692e+07  7.55303e+07  -7.75435e+07  7.88639e+07  -7.96051e+07  7.98432e+07  -7.96051e+07  7.88639e+07  -7.75435e+07  7.55303e+07  -7.2692e+07  6.88986e+07  -6.40434e+07  5.80621e+07  -5.09468e+07  4.27546e+07  -3.36104e+07  2.37036e+07  -1.32798e+07  2.62875e+06  7.9316e+06  
0  0  0  0  0  0  0  0  0  0  0  0  0  0  0  0  0  0  0  0  0  0  0  0  0  0  0  0  0  0  0  
