1  1  1  1  1  1  1  1  1  1  1  1  1  1  1  1  1  1  1  1  1  1  1  1  1  1  1  1  1  1  1  
-5.56389e+08  -1.8751e+08  9.19127e+08  -1.63659e+09  2.33682e+09  -3.01525e+09  3.66577e+09  -4.28089e+09  4.85216e+09  -5.3706e+09  5.82727e+09  -6.21377e+09  6.52268e+09  -6.7479e+09  6.88488e+09  -6.93085e+09  6.88488e+09  -6.7479e+09  6.52268e+09  -6.21377e+09  5.82727e+09  -5.3706e+09  4.85216e+09  -4.28089e+09  3.66577e+09  -3.01525e+09  2.33682e+09  -1.63659e+09  9.19127e+08  -1.8751e+08  -5.56389e+08  
1.0996e+09  3.70547e+08  -1.81662e+09  3.23423e+09  -4.61676e+09  5.95476e+09  -7.23594e+09  8.44552e+09  -9.56695e+09  1.05829e+10  -1.14764e+10  1.22314e+10  -1.2834e+10  1.32728e+10  -1.35395e+10  1.3629e+10  -1.35395e+10  1.32728e+10  -1.2834e+10  1.22314e+10  -1.14764e+10  1.05829e+10  -9.56695e+09  8.44552e+09  -7.23594e+09  5.95476e+09  -4.61676e+09  3.23423e+09  -1.81662e+09  3.70547e+08  1.0996e+09  
-1.61705e+09  -5.44836e+08  2.6718e+09  -4.75575e+09  6.78562e+09  -8.74658e+09  1.062e+10  -1.23842e+10  1.40153e+10  -1.54888e+10  1.67811e+10  -1.78702e+10  1.87376e+10  -1.93682e+10  1.9751e+10  -1.98793e+10  1.9751e+10  -1.93682e+10  1.87376e+10  -1.78702e+10  1.67811e+10  -1.54888e+10  1.40153e+10  -1.23842e+10  1.062e+10  -8.74658e+09  6.78562e+09  -4.75575e+09  2.6718e+09  -5.44836e+08  -1.61705e+09  
2.09725e+09  7.06487e+08  -3.46581e+09  6.16736e+09  -8.79441e+09  1.13261e+10  -1.37373e+10  1.59999e+10  -1.80839e+10  1.99593e+10  -2.15976e+10  2.29736e+10  -2.4066e+10  2.48581e+10  -2.53381e+10  2.54989e+10  -2.53381e+10  2.48581e+10  -2.4066e+10  2.29736e+10  -2.15976e+10  1.99593e+10  -1.80839e+10  1.59999e+10  -1.37373e+10  1.13261e+10  -8.79441e+09  6.16736e+09  -3.46581e+09  7.06487e+08  2.09725e+09  
-2.53034e+09  -8.52147e+08  4.18242e+09  -7.44005e+09  1.06014e+10  -1.36387e+10  1.65205e+10  -1.92129e+10  2.1681e+10  -2.38911e+10  2.58126e+10  -2.74191e+10  2.86895e+10  -2.96078e+10  3.0163e+10  -3.03487e+10  3.0163e+10  -2.96078e+10  2.86895e+10  -2.74191e+10  2.58126e+10  -2.38911e+10  2.1681e+10  -1.92129e+10  1.65205e+10  -1.36387e+10  1.06014e+10  -7.44005e+09  4.18242e+09  -8.52147e+08  -2.53034e+09  
2.90834e+09  9.79123e+08  -4.80853e+09  8.55062e+09  -1.21735e+10  1.56421e+10  -1.89185e+10  2.19639e+10  -2.47399e+10  2.72113e+10  -2.93477e+10  3.11243e+10  -3.25224e+10  3.35292e+10  -3.41362e+10  3.4339e+10  -3.41362e+10  3.35292e+10  -3.25224e+10  3.11243e+10  -2.93477e+10  2.72113e+10  -2.47399e+10  2.19639e+10  -1.89185e+10  1.56421e+10  -1.21735e+10  8.55062e+09  -4.80853e+09  9.79123e+08  2.90834e+09  
-3.22547e+09  -1.08546e+09  5.33457e+09  -9.48228e+09  1.34874e+10  -1.73071e+10  2.08973e+10  -2.42151e+10  2.72204e+10  -2.98783e+10  3.21608e+10  -3.40471e+10  3.55234e+10  -3.65817e+10  3.72177e+10  -3.74298e+10  3.72177e+10  -3.65817e+10  3.55234e+10  -3.40471e+10  3.21608e+10  -2.98783e+10  2.72204e+10  -2.42151e+10  2.08973e+10  -1.73071e+10  1.34874e+10  -9.48228e+09  5.33457e+09  -1.08546e+09  -3.22547e+09  
3.47816e+09  1.16996e+09  -5.75466e+09  1.02249e+10  -1.45297e+10  1.8618e+10  -2.24403e+10  2.59505e+10  -2.91081e+10  3.18805e+10  -3.4244e+10  3.61837e+10  -3.76924e+10  3.87682e+10  -3.94125e+10  3.9627e+10  -3.94125e+10  3.87682e+10  -3.76924e+10  3.61837e+10  -3.4244e+10  3.18805e+10  -2.91081e+10  2.59505e+10  -2.24403e+10  1.8618e+10  -1.45297e+10  1.02249e+10  -5.75466e+09  1.16996e+09  3.47816e+09  
-3.66509e+09  -1.23219e+09  6.06651e+09  -1.07749e+10  1.52963e+10  -1.95718e+10  2.35468e+10  -2.71733e+10  3.04116e+10  -3.32328e+10  3.5619e+10  -3.75626e+10  3.90639e+10  -4.01284e+10  4.07633e+10  -4.09742e+10  4.07633e+10  -4.01284e+10  3.90639e+10  -3.75626e+10  3.5619e+10  -3.32328e+10  3.04116e+10  -2.71733e+10  2.35468e+10  -1.95718e+10  1.52963e+10  -1.07749e+10  6.06651e+09  -1.23219e+09  -3.66509e+09  
3.78696e+09  1.27241e+09  -6.27122e+09  1.11347e+10  -1.57919e+10  2.01767e+10  -2.42304e+10  2.79035e+10  -3.11588e+10  3.39718e+10  -3.63314e+10  3.82377e+10  -3.96994e+10  4.07295e+10  -4.13411e+10  4.15438e+10  -4.13411e+10  4.07295e+10  -3.96994e+10  3.82377e+10  -3.63314e+10  3.39718e+10  -3.11588e+10  2.79035e+10  -2.42304e+10  2.01767e+10  -1.57919e+10  1.11347e+10  -6.27122e+09  1.27241e+09  3.78696e+09  
-3.84629e+09  -1.29151e+09  6.37283e+09  -1.13119e+10  1.60287e+10  -2.04507e+10  2.45158e+10  -2.81745e+10  3.13923e+10  -3.41499e+10  3.64433e+10  -3.82805e+10  3.96783e+10  -4.06569e+10  4.12351e+10  -4.14263e+10  4.12351e+10  -4.06569e+10  3.96783e+10  -3.82805e+10  3.64433e+10  -3.41499e+10  3.13923e+10  -2.81745e+10  2.45158e+10  -2.04507e+10  1.60287e+10  -1.13119e+10  6.37283e+09  -1.29151e+09  -3.84629e+09  
3.84715e+09  1.29089e+09  -6.37791e+09  1.13185e+10  -1.60247e+10  2.04189e+10  -2.44367e+10  2.8029e+10  -3.11646e+10  3.38298e+10  -3.60272e+10  3.77724e+10  -3.90895e+10  4.00053e+10  -4.05437e+10  4.07212e+10  -4.05437e+10  4.00053e+10  -3.90895e+10  3.77724e+10  -3.60272e+10  3.38298e+10  -3.11646e+10  2.8029e+10  -2.44367e+10  2.04189e+10  -1.60247e+10  1.13185e+10  -6.37791e+09  1.29089e+09  3.84715e+09  
-3.79474e+09  -1.27233e+09  6.29491e+09  -1.11697e+10  1.58026e+10  -2.01121e+10  2.40324e+10  -2.75157e+10  3.05342e+10  -3.30793e+10  3.51599e+10  -3.67983e+10  3.80246e+10  -3.88713e+10  3.93665e+10  -3.95293e+10  3.93665e+10  -3.88713e+10  3.80246e+10  -3.67983e+10  3.51599e+10  -3.30793e+10  3.05342e+10  -2.75157e+10  2.40324e+10  -2.01121e+10  1.58026e+10  -1.11697e+10  6.29491e+09  -1.27233e+09  -3.79474e+09  
3.69512e+09  1.23792e+09  -6.13367e+09  1.08832e+10  -1.5388e+10  1.95642e+10  -2.33455e+10  2.6686e+10  -2.95612e+10  3.19672e+10  -3.3918e+10  3.54413e+10  -3.65723e+10  3.73477e+10  -3.77988e+10  3.79467e+10  -3.77988e+10  3.73477e+10  -3.65723e+10  3.54413e+10  -3.3918e+10  3.19672e+10  -2.95612e+10  2.6686e+10  -2.33455e+10  1.95642e+10  -1.5388e+10  1.08832e+10  -6.13367e+09  1.23792e+09  3.69512e+09  
-3.55482e+09  -1.18991e+09  5.90483e+09  -1.04777e+10  1.48079e+10  -1.88104e+10  2.24195e+10  -2.55914e+10  2.83048e+10  -3.05594e+10  3.23736e+10  -3.3779e+10  3.48144e+10  -3.55193e+10  3.59272e+10  -3.60605e+10  3.59272e+10  -3.55193e+10  3.48144e+10  -3.3779e+10  3.23736e+10  -3.05594e+10  2.83048e+10  -2.55914e+10  2.24195e+10  -1.88104e+10  1.48079e+10  -1.04777e+10  5.90483e+09  -1.18991e+09  -3.55482e+09  
3.38054e+09  1.13057e+09  -5.61935e+09  9.97275e+09  -1.40897e+10  1.78858e+10  -2.12969e+10  2.42814e+10  -2.68205e+10  2.89172e+10  -3.05927e+10  3.18811e+10  -3.28234e+10  3.34607e+10  -3.38275e+10  3.39471e+10  -3.38275e+10  3.34607e+10  -3.28234e+10  3.18811e+10  -3.05927e+10  2.89172e+10  -2.68205e+10  2.42814e+10  -2.12969e+10  1.78858e+10  -1.40897e+10  9.97275e+09  -5.61935e+09  1.13057e+09  3.38054e+09  
-3.17888e+09  -1.06216e+09  5.28801e+09  -9.38711e+09  1.32601e+10  -1.68243e+10  2.0018e+10  -2.28018e+10  2.51593e+10  -2.70955e+10  2.86334e+10  -2.98082e+10  3.06617e+10  -3.12353e+10  3.1564e+10  -3.16708e+10  3.1564e+10  -3.12353e+10  3.06617e+10  -2.98082e+10  2.86334e+10  -2.70955e+10  2.51593e+10  -2.28018e+10  2.0018e+10  -1.68243e+10  1.32601e+10  -9.38711e+09  5.28801e+09  -1.06216e+09  -3.17888e+09  
2.95611e+09  9.86814e+08  -4.92108e+09  8.73879e+09  -1.23439e+10  1.56572e+10  -1.86194e+10  2.11938e+10  -2.33659e+10  2.51419e+10  -2.65452e+10  2.76111e+10  -2.83809e+10  2.88955e+10  -2.9189e+10  2.92842e+10  -2.9189e+10  2.88955e+10  -2.83809e+10  2.76111e+10  -2.65452e+10  2.51419e+10  -2.33659e+10  2.11938e+10  -1.86194e+10  1.56572e+10  -1.23439e+10  8.73879e+09  -4.92108e+09  9.86814e+08  2.95611e+09  
-2.71798e+09  -9.06484e+08  4.52801e+09  -8.04425e+09  1.13641e+10  -1.44125e+10  1.71338e+10  -1.94937e+10  2.1479e+10  -2.30966e+10  2.43694e+10  -2.53316e+10  2.6023e+10  -2.6483e+10  2.67444e+10  -2.6829e+10  2.67444e+10  -2.6483e+10  2.6023e+10  -2.53316e+10  2.43694e+10  -2.30966e+10  2.1479e+10  -1.94937e+10  1.71338e+10  -1.44125e+10  1.13641e+10  -8.04425e+09  4.52801e+09  -9.06484e+08  -2.71798e+09  
2.46959e+09  8.22892e+08  -4.11721e+09  7.31807e+09  -1.03406e+10  1.3115e+10  -1.55894e+10  1.77319e+10  -1.95309e+10  2.09928e+10  -2.21393e+10  2.30028e+10  -2.36208e+10  2.40303e+10  -2.42622e+10  2.43371e+10  -2.42622e+10  2.40303e+10  -2.36208e+10  2.30028e+10  -2.21393e+10  2.09928e+10  -1.95309e+10  1.77319e+10  -1.55894e+10  1.3115e+10  -1.03406e+10  7.31807e+09  -4.11721e+09  8.22892e+08  2.46959e+09  
-2.21529e+09  -7.37504e+08  3.69586e+09  -6.57276e+09  9.2906e+09  -1.17853e+10  1.40095e+10  -1.59339e+10  1.75476e+10  -1.88567e+10  1.98809e+10  -2.06501e+10  2.11989e+10  -2.15614e+10  2.17661e+10  -2.18322e+10  2.17661e+10  -2.15614e+10  2.11989e+10  -2.06501e+10  1.98809e+10  -1.88567e+10  1.75476e+10  -1.59339e+10  1.40095e+10  -1.17853e+10  9.2906e+09  -6.57276e+09  3.69586e+09  -7.37504e+08  -2.21529e+09  
1.95864e+09  6.5151e+08  -3.26988e+09  5.81857e+09  -8.22796e+09  1.04404e+10  -1.24131e+10  1.41196e+10  -1.55496e+10  1.67085e+10  -1.76138e+10  1.82924e+10  -1.87754e+10  1.90936e+10  -1.9273e+10  1.93308e+10  -1.9273e+10  1.90936e+10  -1.87754e+10  1.82924e+10  -1.76138e+10  1.67085e+10  -1.55496e+10  1.41196e+10  -1.24131e+10  1.04404e+10  -8.22796e+09  5.81857e+09  -3.26988e+09  6.5151e+08  1.95864e+09  
-1.70238e+09  -5.65824e+08  2.84386e+09  -5.06349e+09  7.16355e+09  -9.09324e+09  1.08146e+10  -1.23039e+10  1.3552e+10  -1.45629e+10  1.5352e+10  -1.59427e+10  1.63625e+10  -1.66385e+10  1.67939e+10  -1.68439e+10  1.67939e+10  -1.66385e+10  1.63625e+10  -1.59427e+10  1.5352e+10  -1.45629e+10  1.3552e+10  -1.23039e+10  1.08146e+10  -9.09324e+09  7.16355e+09  -5.06349e+09  2.84386e+09  -5.65824e+08  -1.70238e+09  
1.44849e+09  4.8109e+08  -2.42111e+09  4.31328e+09  -6.10518e+09  7.75308e+09  -9.22413e+09  1.04976e+10  -1.15651e+10  1.24297e+10  -1.31045e+10  1.36092e+10  -1.39675e+10  1.42029e+10  -1.43352e+10  1.43777e+10  -1.43352e+10  1.42029e+10  -1.39675e+10  1.36092e+10  -1.31045e+10  1.24297e+10  -1.15651e+10  1.04976e+10  -9.22413e+09  7.75308e+09  -6.10518e+09  4.31328e+09  -2.42111e+09  4.8109e+08  1.44849e+09  
-1.19816e+09  -3.97695e+08  2.00371e+09  -3.57161e+09  5.05782e+09  -6.42585e+09  7.64812e+09  -8.70698e+09  9.59507e+09  -1.03147e+10  1.08762e+10  -1.12962e+10  1.15941e+10  -1.17897e+10  1.18996e+10  -1.19349e+10  1.18996e+10  -1.17897e+10  1.15941e+10  -1.12962e+10  1.08762e+10  -1.03147e+10  9.59507e+09  -8.70698e+09  7.64812e+09  -6.42585e+09  5.05782e+09  -3.57161e+09  2.00371e+09  -3.97695e+08  -1.19816e+09  
9.5194e+08  3.15797e+08  -1.59263e+09  2.84022e+09  -4.02387e+09  5.11439e+09  -6.08957e+09  6.93505e+09  -7.64466e+09  8.21992e+09  -8.66897e+09  9.00479e+09  -9.24298e+09  9.39926e+09  -9.48702e+09  9.51522e+09  -9.48702e+09  9.39926e+09  -9.24298e+09  9.00479e+09  -8.66897e+09  8.21992e+09  -7.64466e+09  6.93505e+09  -6.08957e+09  5.11439e+09  -4.02387e+09  2.84022e+09  -1.59263e+09  3.15797e+08  9.5194e+08  
-7.09749e+08  -2.3535e+08  1.18785e+09  -2.11919e+09  3.00349e+09  -3.81887e+09  4.5486e+09  -5.18175e+09  5.71351e+09  -6.14482e+09  6.48162e+09  -6.73353e+09  6.9122e+09  -7.0294e+09  7.09519e+09  -7.11633e+09  7.09519e+09  -7.0294e+09  6.9122e+09  -6.73353e+09  6.48162e+09  -6.14482e+09  5.71351e+09  -5.18175e+09  4.5486e+09  -3.81887e+09  3.00349e+09  -2.11919e+09  1.18785e+09  -2.3535e+08  -7.09749e+08  
4.71033e+08  1.56143e+08  -7.88526e+08  1.4072e+09  -1.99498e+09  2.53729e+09  -3.02294e+09  3.44458e+09  -3.79889e+09  4.08641e+09  -4.311e+09  4.47901e+09  -4.59818e+09  4.67634e+09  -4.72022e+09  4.73431e+09  -4.72022e+09  4.67634e+09  -4.59818e+09  4.47901e+09  -4.311e+09  4.08641e+09  -3.79889e+09  3.44458e+09  -3.02294e+09  2.53729e+09  -1.99498e+09  1.4072e+09  -7.88526e+08  1.56143e+08  4.71033e+08  
-2.34851e+08  -7.78358e+07  3.93208e+08  -7.0185e+08  9.95185e+08  -1.26594e+09  1.50851e+09  -1.71919e+09  1.89629e+09  -2.04005e+09  2.15237e+09  -2.23641e+09  2.29602e+09  -2.33512e+09  2.35706e+09  -2.36411e+09  2.35706e+09  -2.33512e+09  2.29602e+09  -2.23641e+09  2.15237e+09  -2.04005e+09  1.89629e+09  -1.71919e+09  1.50851e+09  -1.26594e+09  9.95185e+08  -7.0185e+08  3.93208e+08  -7.78358e+07  -2.34851e+08  
0  0  0  0  0  0  0  0  0  0  0  0  0  0  0  0  0  0  0  0  0  0  0  0  0  0  0  0  0  0  0  
