1  1  1  1  1  1  1  1  1  1  1  1  1  1  1  1  1  1  1  1  1  1  1  1  1  1  1  1  1  1  1  
-1.30559e+09  -4.40001e+08  2.15678e+09  -3.84034e+09  5.48347e+09  -7.07544e+09  8.60192e+09  -1.00453e+10  1.13858e+10  -1.26024e+10  1.3674e+10  -1.45809e+10  1.53058e+10  -1.58343e+10  1.61557e+10  -1.62636e+10  1.61557e+10  -1.58343e+10  1.53058e+10  -1.45809e+10  1.3674e+10  -1.26024e+10  1.13858e+10  -1.00453e+10  8.60192e+09  -7.07544e+09  5.48347e+09  -3.84034e+09  2.15678e+09  -4.40001e+08  -1.30559e+09  
2.58027e+09  8.69506e+08  -4.26279e+09  7.5893e+09  -1.08335e+10  1.39731e+10  -1.69795e+10  1.98178e+10  -2.24493e+10  2.48334e+10  -2.69299e+10  2.87015e+10  -3.01156e+10  3.11454e+10  -3.17712e+10  3.19812e+10  -3.17712e+10  3.11454e+10  -3.01156e+10  2.87015e+10  -2.69299e+10  2.48334e+10  -2.24493e+10  1.98178e+10  -1.69795e+10  1.39731e+10  -1.08335e+10  7.5893e+09  -4.26279e+09  8.69506e+08  2.58027e+09  
-3.79448e+09  -1.27849e+09  6.26951e+09  -1.11596e+10  1.59228e+10  -2.05243e+10  2.49204e+10  -2.90602e+10  3.28877e+10  -3.63454e+10  3.93776e+10  -4.19335e+10  4.39688e+10  -4.54485e+10  4.63466e+10  -4.66477e+10  4.63466e+10  -4.54485e+10  4.39688e+10  -4.19335e+10  3.93776e+10  -3.63454e+10  3.28877e+10  -2.90602e+10  2.49204e+10  -2.05243e+10  1.59228e+10  -1.11596e+10  6.26951e+09  -1.27849e+09  -3.79448e+09  
4.92131e+09  1.65781e+09  -8.13271e+09  1.4472e+10  -2.06365e+10  2.65772e+10  -3.22353e+10  3.75447e+10  -4.24349e+10  4.68355e+10  -5.06799e+10  5.39087e+10  -5.64721e+10  5.83308e+10  -5.94572e+10  5.98344e+10  -5.94572e+10  5.83308e+10  -5.64721e+10  5.39087e+10  -5.06799e+10  4.68355e+10  -4.24349e+10  3.75447e+10  -3.22353e+10  2.65772e+10  -2.06365e+10  1.4472e+10  -8.13271e+09  1.65781e+09  4.92131e+09  
-5.93756e+09  -1.99961e+09  9.81427e+09  -1.74585e+10  2.48767e+10  -3.20039e+10  3.87663e+10  -4.50841e+10  5.08756e+10  -5.60617e+10  6.05705e+10  -6.43404e+10  6.73214e+10  -6.94762e+10  7.07789e+10  -7.12148e+10  7.07789e+10  -6.94762e+10  6.73214e+10  -6.43404e+10  6.05705e+10  -5.60617e+10  5.08756e+10  -4.50841e+10  3.87663e+10  -3.20039e+10  2.48767e+10  -1.74585e+10  9.81427e+09  -1.99961e+09  -5.93756e+09  
6.82457e+09  2.29756e+09  -1.12835e+10  2.00645e+10  -2.85657e+10  3.67049e+10  -4.43933e+10  5.15393e+10  -5.80533e+10  6.38527e+10  -6.88658e+10  7.30347e+10  -7.63156e+10  7.86779e+10  -8.01023e+10  8.05782e+10  -8.01023e+10  7.86779e+10  -7.63156e+10  7.30347e+10  -6.88658e+10  6.38527e+10  -5.80533e+10  5.15393e+10  -4.43933e+10  3.67049e+10  -2.85657e+10  2.00645e+10  -1.12835e+10  2.29756e+09  6.82457e+09  
-7.56872e+09  -2.54708e+09  1.25178e+10  -2.22507e+10  3.1649e+10  -4.0612e+10  4.90367e+10  -5.6822e+10  6.3874e+10  -7.01109e+10  7.54669e+10  -7.98933e+10  8.33576e+10  -8.58407e+10  8.73332e+10  -8.7831e+10  8.73332e+10  -8.58407e+10  8.33576e+10  -7.98933e+10  7.54669e+10  -7.01109e+10  6.3874e+10  -5.6822e+10  4.90367e+10  -4.0612e+10  3.1649e+10  -2.22507e+10  1.25178e+10  -2.54708e+09  -7.56872e+09  
8.16169e+09  2.74537e+09  -1.35036e+10  2.39933e+10  -3.40947e+10  4.36881e+10  -5.26574e+10  6.08941e+10  -6.83036e+10  7.48092e+10  -8.03552e+10  8.49069e+10  -8.8447e+10  9.09716e+10  -9.24834e+10  9.29867e+10  -9.24834e+10  9.09716e+10  -8.8447e+10  8.49069e+10  -8.03552e+10  7.48092e+10  -6.83036e+10  6.08941e+10  -5.26574e+10  4.36881e+10  -3.40947e+10  2.39933e+10  -1.35036e+10  2.74537e+09  8.16169e+09  
-8.60032e+09  -2.8914e+09  1.42354e+10  -2.5284e+10  3.58935e+10  -4.59262e+10  5.52539e+10  -6.37635e+10  7.13624e+10  -7.79825e+10  8.35819e+10  -8.81425e+10  9.16654e+10  -9.41634e+10  9.56532e+10  -9.61482e+10  9.56532e+10  -9.41634e+10  9.16654e+10  -8.81425e+10  8.35819e+10  -7.79825e+10  7.13624e+10  -6.37635e+10  5.52539e+10  -4.59262e+10  3.58935e+10  -2.5284e+10  1.42354e+10  -2.8914e+09  -8.60032e+09  
8.88629e+09  2.98578e+09  -1.47157e+10  2.61282e+10  -3.70565e+10  4.73457e+10  -5.68578e+10  6.54771e+10  -7.31157e+10  7.97166e+10  -8.52535e+10  8.97267e+10  -9.31567e+10  9.55739e+10  -9.7009e+10  9.74847e+10  -9.7009e+10  9.55739e+10  -9.31567e+10  8.97267e+10  -8.52535e+10  7.97166e+10  -7.31157e+10  6.54771e+10  -5.68578e+10  4.73457e+10  -3.70565e+10  2.61282e+10  -1.47157e+10  2.98578e+09  8.88629e+09  
-9.02553e+09  -3.0306e+09  1.49542e+10  -2.6544e+10  3.76121e+10  -4.79886e+10  5.75275e+10  -6.6113e+10  7.36636e+10  -8.01345e+10  8.5516e+10  -8.98272e+10  9.31071e+10  -9.54034e+10  9.67603e+10  -9.72089e+10  9.67603e+10  -9.54034e+10  9.31071e+10  -8.98272e+10  8.5516e+10  -8.01345e+10  7.36636e+10  -6.6113e+10  5.75275e+10  -4.79886e+10  3.76121e+10  -2.6544e+10  1.49542e+10  -3.0306e+09  -9.02553e+09  
9.02753e+09  3.02913e+09  -1.49661e+10  2.65594e+10  -3.76028e+10  4.79141e+10  -5.73419e+10  6.57716e+10  -7.31294e+10  7.93834e+10  -8.45396e+10  8.86348e+10  -9.17255e+10  9.38744e+10  -9.51378e+10  9.55543e+10  -9.51378e+10  9.38744e+10  -9.17255e+10  8.86348e+10  -8.45396e+10  7.93834e+10  -7.31294e+10  6.57716e+10  -5.73419e+10  4.79141e+10  -3.76028e+10  2.65594e+10  -1.49661e+10  3.02913e+09  9.02753e+09  
-8.90456e+09  -2.98559e+09  1.47713e+10  -2.62103e+10  3.70817e+10  -4.71942e+10  5.63932e+10  -6.45671e+10  7.16501e+10  -7.76224e+10  8.25046e+10  -8.6349e+10  8.92268e+10  -9.12135e+10  9.23755e+10  -9.27575e+10  9.23755e+10  -9.12135e+10  8.92268e+10  -8.6349e+10  8.25046e+10  -7.76224e+10  7.16501e+10  -6.45671e+10  5.63932e+10  -4.71942e+10  3.70817e+10  -2.62103e+10  1.47713e+10  -2.98559e+09  -8.90456e+09  
8.67079e+09  2.90485e+09  -1.4393e+10  2.55379e+10  -3.61087e+10  4.59083e+10  -5.47814e+10  6.26202e+10  -6.93669e+10  7.50126e+10  -7.95902e+10  8.31647e+10  -8.58189e+10  8.76384e+10  -8.86968e+10  8.90438e+10  -8.86968e+10  8.76384e+10  -8.58189e+10  8.31647e+10  -7.95902e+10  7.50126e+10  -6.93669e+10  6.26202e+10  -5.47814e+10  4.59083e+10  -3.61087e+10  2.55379e+10  -1.4393e+10  2.90485e+09  8.67079e+09  
-8.34156e+09  -2.79217e+09  1.3856e+10  -2.45866e+10  3.47475e+10  -4.41395e+10  5.26085e+10  -6.00516e+10  6.64186e+10  -7.17092e+10  7.59663e+10  -7.92641e+10  8.16938e+10  -8.33479e+10  8.4305e+10  -8.46179e+10  8.4305e+10  -8.33479e+10  8.16938e+10  -7.92641e+10  7.59663e+10  -7.17092e+10  6.64186e+10  -6.00516e+10  5.26085e+10  -4.41395e+10  3.47475e+10  -2.45866e+10  1.3856e+10  -2.79217e+09  -8.34156e+09  
7.9326e+09  2.65293e+09  -1.31861e+10  2.34016e+10  -3.30622e+10  4.197e+10  -4.99744e+10  5.69775e+10  -6.29357e+10  6.78558e+10  -7.17874e+10  7.48107e+10  -7.70219e+10  7.85172e+10  -7.93781e+10  7.96587e+10  -7.93781e+10  7.85172e+10  -7.70219e+10  7.48107e+10  -7.17874e+10  6.78558e+10  -6.29357e+10  5.69775e+10  -4.99744e+10  4.197e+10  -3.30622e+10  2.34016e+10  -1.31861e+10  2.65293e+09  7.9326e+09  
-7.4594e+09  -2.49241e+09  1.24086e+10  -2.20273e+10  3.11154e+10  -3.94792e+10  4.69733e+10  -5.35055e+10  5.90375e+10  -6.35811e+10  6.71897e+10  -6.99464e+10  7.19492e+10  -7.32953e+10  7.40665e+10  -7.43172e+10  7.40665e+10  -7.32953e+10  7.19492e+10  -6.99464e+10  6.71897e+10  -6.35811e+10  5.90375e+10  -5.35055e+10  4.69733e+10  -3.94792e+10  3.11154e+10  -2.20273e+10  1.24086e+10  -2.49241e+09  -7.4594e+09  
6.93667e+09  2.31561e+09  -1.15476e+10  2.0506e+10  -2.89657e+10  3.67404e+10  -4.36914e+10  4.97324e+10  -5.48293e+10  5.89968e+10  -6.22896e+10  6.47908e+10  -6.65973e+10  6.78047e+10  -6.84935e+10  6.87169e+10  -6.84935e+10  6.78047e+10  -6.65973e+10  6.47908e+10  -6.22896e+10  5.89968e+10  -5.48293e+10  4.97324e+10  -4.36914e+10  3.67404e+10  -2.89657e+10  2.0506e+10  -1.15476e+10  2.31561e+09  6.93667e+09  
-6.37789e+09  -2.12711e+09  1.06252e+10  -1.88762e+10  2.66665e+10  -3.38197e+10  4.02054e+10  -4.57429e+10  5.04016e+10  -5.41974e+10  5.7184e+10  -5.94418e+10  6.10644e+10  -6.21437e+10  6.27571e+10  -6.29556e+10  6.27571e+10  -6.21437e+10  6.10644e+10  -5.94418e+10  5.7184e+10  -5.41974e+10  5.04016e+10  -4.57429e+10  4.02054e+10  -3.38197e+10  2.66665e+10  -1.88762e+10  1.06252e+10  -2.12711e+09  -6.37789e+09  
5.79503e+09  1.93096e+09  -9.66124e+09  1.71722e+10  -2.42648e+10  3.0775e+10  -3.65813e+10  4.16089e+10  -4.58302e+10  4.92606e+10  -5.1951e+10  5.39772e+10  -5.54274e+10  5.63882e+10  -5.69324e+10  5.71082e+10  -5.69324e+10  5.63882e+10  -5.54274e+10  5.39772e+10  -5.1951e+10  4.92606e+10  -4.58302e+10  4.16089e+10  -3.65813e+10  3.0775e+10  -2.42648e+10  1.71722e+10  -9.66124e+09  1.93096e+09  5.79503e+09  
-5.19829e+09  -1.73059e+09  8.67252e+09  -1.54233e+10  2.18009e+10  -2.76549e+10  3.28741e+10  -3.73898e+10  4.11764e+10  -4.42481e+10  4.66516e+10  -4.84566e+10  4.97444e+10  -5.05949e+10  5.10753e+10  -5.12303e+10  5.10753e+10  -5.05949e+10  4.97444e+10  -4.84566e+10  4.66516e+10  -4.42481e+10  4.11764e+10  -3.73898e+10  3.28741e+10  -2.76549e+10  2.18009e+10  -1.54233e+10  8.67252e+09  -1.73059e+09  -5.19829e+09  
4.59605e+09  1.5288e+09  -7.67293e+09  1.36536e+10  -1.93073e+10  2.4499e+10  -2.91281e+10  3.31323e+10  -3.6488e+10  3.92073e+10  -4.13318e+10  4.29242e+10  -4.40575e+10  4.48042e+10  -4.52251e+10  4.53607e+10  -4.52251e+10  4.48042e+10  -4.40575e+10  4.29242e+10  -4.13318e+10  3.92073e+10  -3.6488e+10  3.31323e+10  -2.91281e+10  2.4499e+10  -1.93073e+10  1.36536e+10  -7.67293e+09  1.5288e+09  4.59605e+09  
-3.99473e+09  -1.32774e+09  6.67326e+09  -1.18817e+10  1.68096e+10  -2.13378e+10  2.5377e+10  -2.88718e+10  3.18004e+10  -3.41725e+10  3.60242e+10  -3.74104e+10  3.83954e+10  -3.90432e+10  3.94078e+10  -3.95251e+10  3.94078e+10  -3.90432e+10  3.83954e+10  -3.74104e+10  3.60242e+10  -3.41725e+10  3.18004e+10  -2.88718e+10  2.5377e+10  -2.13378e+10  1.68096e+10  -1.18817e+10  6.67326e+09  -1.32774e+09  -3.99473e+09  
3.39896e+09  1.1289e+09  -5.68126e+09  1.01213e+10  -1.43261e+10  1.8193e+10  -2.16449e+10  2.46331e+10  -2.7138e+10  2.9167e+10  -3.07503e+10  3.19347e+10  -3.27754e+10  3.33277e+10  -3.36382e+10  3.37381e+10  -3.36382e+10  3.33277e+10  -3.27754e+10  3.19347e+10  -3.07503e+10  2.9167e+10  -2.7138e+10  2.46331e+10  -2.16449e+10  1.8193e+10  -1.43261e+10  1.01213e+10  -5.68126e+09  1.1289e+09  3.39896e+09  
-2.81156e+09  -9.33212e+08  4.70182e+09  -8.38096e+09  1.18684e+10  -1.50786e+10  1.79467e+10  -2.04314e+10  2.25153e+10  -2.42039e+10  2.55216e+10  -2.65071e+10  2.72062e+10  -2.76652e+10  2.7923e+10  -2.80059e+10  2.7923e+10  -2.76652e+10  2.72062e+10  -2.65071e+10  2.55216e+10  -2.42039e+10  2.25153e+10  -2.04314e+10  1.79467e+10  -1.50786e+10  1.18684e+10  -8.38096e+09  4.70182e+09  -9.33212e+08  -2.81156e+09  
2.23378e+09  7.41034e+08  -3.73719e+09  6.66473e+09  -9.44222e+09  1.20012e+10  -1.42895e+10  1.62735e+10  -1.79386e+10  1.92885e+10  -2.03422e+10  2.11302e+10  -2.16891e+10  2.20559e+10  -2.22618e+10  2.2328e+10  -2.22618e+10  2.20559e+10  -2.16891e+10  2.11302e+10  -2.03422e+10  1.92885e+10  -1.79386e+10  1.62735e+10  -1.42895e+10  1.20012e+10  -9.44222e+09  6.66473e+09  -3.73719e+09  7.41034e+08  2.23378e+09  
-1.66546e+09  -5.52262e+08  2.78734e+09  -4.9728e+09  7.04785e+09  -8.96118e+09  1.06735e+10  -1.21593e+10  1.34071e+10  -1.44191e+10  1.52095e+10  -1.58006e+10  1.62198e+10  -1.64948e+10  1.66492e+10  -1.66988e+10  1.66492e+10  -1.64948e+10  1.62198e+10  -1.58006e+10  1.52095e+10  -1.44191e+10  1.34071e+10  -1.21593e+10  1.06735e+10  -8.96118e+09  7.04785e+09  -4.9728e+09  2.78734e+09  -5.52262e+08  -1.66546e+09  
1.1053e+09  3.66399e+08  -1.85032e+09  3.30208e+09  -4.68132e+09  5.95388e+09  -7.09348e+09  8.08288e+09  -8.9143e+09  9.58897e+09  -1.0116e+10  1.05102e+10  -1.07899e+10  1.09733e+10  -1.10762e+10  1.11093e+10  -1.10762e+10  1.09733e+10  -1.07899e+10  1.05102e+10  -1.0116e+10  9.58897e+09  -8.9143e+09  8.08288e+09  -7.09348e+09  5.95388e+09  -4.68132e+09  3.30208e+09  -1.85032e+09  3.66399e+08  1.1053e+09  
-5.51089e+08  -1.82646e+08  9.22683e+08  -1.64693e+09  2.33525e+09  -2.97059e+09  3.53979e+09  -4.03416e+09  4.44975e+09  -4.78709e+09  5.05065e+09  -5.24785e+09  5.38773e+09  -5.47948e+09  5.53097e+09  -5.54752e+09  5.53097e+09  -5.47948e+09  5.38773e+09  -5.24785e+09  5.05065e+09  -4.78709e+09  4.44975e+09  -4.03416e+09  3.53979e+09  -2.97059e+09  2.33525e+09  -1.64693e+09  9.22683e+08  -1.82646e+08  -5.51089e+08  
0  0  0  0  0  0  0  0  0  0  0  0  0  0  0  0  0  0  0  0  0  0  0  0  0  0  0  0  0  0  0  
