1  1  1  1  1  1  1  1  1  1  1  1  1  1  1  1  1  1  1  1  1  1  1  1  1  1  1  1  1  1  1  
2.12862e+11  7.17372e+10  -3.51639e+11  6.26124e+11  -8.94018e+11  1.15357e+12  -1.40245e+12  1.63778e+12  -1.85633e+12  2.05468e+12  -2.22939e+12  2.37726e+12  -2.49544e+12  2.5816e+12  -2.63401e+12  2.6516e+12  -2.63401e+12  2.5816e+12  -2.49544e+12  2.37726e+12  -2.22939e+12  2.05468e+12  -1.85633e+12  1.63778e+12  -1.40245e+12  1.15357e+12  -8.94018e+11  6.26124e+11  -3.51639e+11  7.17372e+10  2.12862e+11  
-4.20684e+11  -1.41763e+11  6.95e+11  -1.23735e+12  1.76627e+12  -2.27816e+12  2.76832e+12  -3.23107e+12  3.66011e+12  -4.0488e+12  4.39062e+12  -4.67946e+12  4.91e+12  -5.0779e+12  5.17994e+12  -5.21418e+12  5.17994e+12  -5.0779e+12  4.91e+12  -4.67946e+12  4.39062e+12  -4.0488e+12  3.66011e+12  -3.23107e+12  2.76832e+12  -2.27816e+12  1.76627e+12  -1.23735e+12  6.95e+11  -1.41763e+11  -4.20684e+11  
6.18648e+11  2.08443e+11  -1.02217e+12  1.81945e+12  -2.59603e+12  3.34625e+12  -4.063e+12  4.73794e+12  -5.36196e+12  5.9257e+12  -6.42008e+12  6.83678e+12  -7.16862e+12  7.40986e+12  -7.55629e+12  7.60539e+12  -7.55629e+12  7.40986e+12  -7.16862e+12  6.83678e+12  -6.42008e+12  5.9257e+12  -5.36196e+12  4.73794e+12  -4.063e+12  3.34625e+12  -2.59603e+12  1.81945e+12  -1.02217e+12  2.08443e+11  6.18648e+11  
-8.02365e+11  -2.70287e+11  1.32595e+12  -2.3595e+12  3.36455e+12  -4.33311e+12  5.2556e+12  -6.12124e+12  6.91853e+12  -7.636e+12  8.26278e+12  -8.78921e+12  9.20713e+12  -9.51019e+12  9.69382e+12  -9.75533e+12  9.69382e+12  -9.51019e+12  9.20713e+12  -8.78921e+12  8.26278e+12  -7.636e+12  6.91853e+12  -6.12124e+12  5.2556e+12  -4.33311e+12  3.36455e+12  -2.3595e+12  1.32595e+12  -2.70287e+11  -8.02365e+11  
9.68053e+11  3.26013e+11  -1.60011e+12  2.84641e+12  -4.05586e+12  5.21787e+12  -6.32041e+12  7.35046e+12  -8.29469e+12  9.14023e+12  -9.87534e+12  1.049e+13  -1.0976e+13  1.13273e+13  -1.15397e+13  1.16108e+13  -1.15397e+13  1.13273e+13  -1.0976e+13  1.049e+13  -9.87534e+12  9.14023e+12  -8.29469e+12  7.35046e+12  -6.32041e+12  5.21787e+12  -4.05586e+12  2.84641e+12  -1.60011e+12  3.26013e+11  9.68053e+11  
-1.11267e+12  -3.74592e+11  1.83964e+12  -3.27128e+12  4.65732e+12  -5.98432e+12  7.23783e+12  -8.4029e+12  9.46494e+12  -1.04105e+13  1.12278e+13  -1.19075e+13  1.24424e+13  -1.28275e+13  1.30598e+13  -1.31374e+13  1.30598e+13  -1.28275e+13  1.24424e+13  -1.19075e+13  1.12278e+13  -1.04105e+13  9.46494e+12  -8.4029e+12  7.23783e+12  -5.98432e+12  4.65732e+12  -3.27128e+12  1.83964e+12  -3.74592e+11  -1.11267e+12  
1.23399e+12  4.15273e+11  -2.04089e+12  3.62772e+12  -5.16001e+12  6.62132e+12  -7.99488e+12  9.26419e+12  -1.04139e+13  1.14308e+13  -1.2304e+13  1.30257e+13  -1.35905e+13  1.39954e+13  -1.42387e+13  1.43198e+13  -1.42387e+13  1.39954e+13  -1.35905e+13  1.30257e+13  -1.2304e+13  1.14308e+13  -1.04139e+13  9.26419e+12  -7.99488e+12  6.62132e+12  -5.16001e+12  3.62772e+12  -2.04089e+12  4.15273e+11  1.23399e+12  
-1.33067e+12  -4.47602e+11  2.20161e+12  -3.91184e+12  5.55875e+12  -7.12285e+12  8.58519e+12  -9.9281e+12  1.11361e+13  -1.21968e+13  1.3101e+13  -1.38431e+13  1.44203e+13  -1.48319e+13  1.50784e+13  -1.51604e+13  1.50784e+13  -1.48319e+13  1.44203e+13  -1.38431e+13  1.3101e+13  -1.21968e+13  1.11361e+13  -9.9281e+12  8.58519e+12  -7.12285e+12  5.55875e+12  -3.91184e+12  2.20161e+12  -4.47602e+11  -1.33067e+12  
1.40219e+12  4.7141e+11  -2.32092e+12  4.12227e+12  -5.85203e+12  7.48775e+12  -9.00852e+12  1.03959e+13  -1.16348e+13  1.27142e+13  -1.36271e+13  1.43706e+13  -1.4945e+13  1.53523e+13  -1.55952e+13  1.56759e+13  -1.55952e+13  1.53523e+13  -1.4945e+13  1.43706e+13  -1.36271e+13  1.27142e+13  -1.16348e+13  1.03959e+13  -9.00852e+12  7.48775e+12  -5.85203e+12  4.12227e+12  -2.32092e+12  4.7141e+11  1.40219e+12  
-1.44881e+12  -4.86798e+11  2.39923e+12  -4.25991e+12  6.04164e+12  -7.71918e+12  9.27002e+12  -1.06753e+13  1.19207e+13  -1.29969e+13  1.38996e+13  -1.46289e+13  1.51882e+13  -1.55822e+13  1.58162e+13  -1.58938e+13  1.58162e+13  -1.55822e+13  1.51882e+13  -1.46289e+13  1.38996e+13  -1.29969e+13  1.19207e+13  -1.06753e+13  9.27002e+12  -7.71918e+12  6.04164e+12  -4.25991e+12  2.39923e+12  -4.86798e+11  -1.44881e+12  
1.47151e+12  4.94105e+11  -2.43811e+12  4.3277e+12  -6.13222e+12  7.82399e+12  -9.37922e+12  1.0779e+13  -1.201e+13  1.3065e+13  -1.39424e+13  1.46453e+13  -1.51801e+13  1.55545e+13  -1.57757e+13  1.58488e+13  -1.57757e+13  1.55545e+13  -1.51801e+13  1.46453e+13  -1.39424e+13  1.3065e+13  -1.201e+13  1.0779e+13  -9.37922e+12  7.82399e+12  -6.13222e+12  4.3277e+12  -2.43811e+12  4.94105e+11  1.47151e+12  
-1.47184e+12  -4.93865e+11  2.44005e+12  -4.33021e+12  6.13071e+12  -7.81185e+12  9.34895e+12  -1.07233e+13  1.19229e+13  -1.29426e+13  1.37832e+13  -1.44509e+13  1.49548e+13  -1.53052e+13  1.55111e+13  -1.55791e+13  1.55111e+13  -1.53052e+13  1.49548e+13  -1.44509e+13  1.37832e+13  -1.29426e+13  1.19229e+13  -1.07233e+13  9.34895e+12  -7.81185e+12  6.13071e+12  -4.33021e+12  2.44005e+12  -4.93865e+11  -1.47184e+12  
1.45179e+12  4.86766e+11  -2.4083e+12  4.27329e+12  -6.04575e+12  7.69448e+12  -9.19428e+12  1.05269e+13  -1.16817e+13  1.26554e+13  -1.34514e+13  1.40782e+13  -1.45474e+13  1.48713e+13  -1.50608e+13  1.51231e+13  -1.50608e+13  1.48713e+13  -1.45474e+13  1.40782e+13  -1.34514e+13  1.26554e+13  -1.16817e+13  1.05269e+13  -9.19428e+12  7.69448e+12  -6.04575e+12  4.27329e+12  -2.4083e+12  4.86766e+11  1.45179e+12  
-1.41367e+12  -4.73603e+11  2.34661e+12  -4.16367e+12  5.88712e+12  -7.48484e+12  8.93149e+12  -1.02095e+13  1.13095e+13  -1.223e+13  1.29763e+13  -1.35591e+13  1.39918e+13  -1.42884e+13  1.4461e+13  -1.45176e+13  1.4461e+13  -1.42884e+13  1.39918e+13  -1.35591e+13  1.29763e+13  -1.223e+13  1.13095e+13  -1.02095e+13  8.93149e+12  -7.48484e+12  5.88712e+12  -4.16367e+12  2.34661e+12  -4.73603e+11  -1.41367e+12  
1.36e+12  4.55232e+11  -2.25906e+12  4.00856e+12  -5.66519e+12  7.19644e+12  -8.57722e+12  9.79074e+12  -1.08288e+13  1.16914e+13  -1.23854e+13  1.29231e+13  -1.33193e+13  1.35889e+13  -1.3745e+13  1.3796e+13  -1.3745e+13  1.35889e+13  -1.33193e+13  1.29231e+13  -1.23854e+13  1.16914e+13  -1.08288e+13  9.79074e+12  -8.57722e+12  7.19644e+12  -5.66519e+12  4.00856e+12  -2.25906e+12  4.55232e+11  1.36e+12  
-1.29332e+12  -4.3253e+11  2.14984e+12  -3.81536e+12  5.39042e+12  -6.84274e+12  8.14776e+12  -9.28954e+12  1.0261e+13  -1.10631e+13  1.17041e+13  -1.2197e+13  1.25575e+13  -1.28013e+13  1.29417e+13  -1.29874e+13  1.29417e+13  -1.28013e+13  1.25575e+13  -1.2197e+13  1.17041e+13  -1.10631e+13  1.0261e+13  -9.28954e+12  8.14776e+12  -6.84274e+12  5.39042e+12  -3.81536e+12  2.14984e+12  -4.3253e+11  -1.29332e+12  
1.21617e+12  4.06359e+11  -2.02308e+12  3.59131e+12  -5.07302e+12  6.43663e+12  -7.65846e+12  8.72347e+12  -9.6254e+12  1.03662e+13  -1.09545e+13  1.1404e+13  -1.17305e+13  1.195e+13  -1.20757e+13  1.21166e+13  -1.20757e+13  1.195e+13  -1.17305e+13  1.1404e+13  -1.09545e+13  1.03662e+13  -9.6254e+12  8.72347e+12  -7.65846e+12  6.43663e+12  -5.07302e+12  3.59131e+12  -2.02308e+12  4.06359e+11  1.21617e+12  
-1.13095e+12  -3.77534e+11  1.8827e+12  -3.34328e+12  4.72253e+12  -5.9901e+12  7.12339e+12  -8.1083e+12  8.93929e+12  -9.61876e+12  1.01556e+13  -1.05634e+13  1.08579e+13  -1.10548e+13  1.11671e+13  -1.12035e+13  1.11671e+13  -1.10548e+13  1.08579e+13  -1.05634e+13  1.01556e+13  -9.61876e+12  8.93929e+12  -8.1083e+12  7.12339e+12  -5.9901e+12  4.72253e+12  -3.34328e+12  1.8827e+12  -3.77534e+11  -1.13095e+12  
1.03984e+12  3.46802e+11  -1.73232e+12  3.07756e+12  -4.34767e+12  5.51393e+12  -6.55504e+12  7.45786e+12  -8.21741e+12  8.83627e+12  -9.3232e+12  9.69132e+12  -9.95586e+12  1.01318e+13  -1.02318e+13  1.02642e+13  -1.02318e+13  1.01318e+13  -9.95586e+12  9.69132e+12  -9.3232e+12  8.83627e+12  -8.21741e+12  7.45786e+12  -6.55504e+12  5.51393e+12  -4.34767e+12  3.07756e+12  -1.73232e+12  3.46802e+11  1.03984e+12  
-9.44813e+11  -3.14821e+11  1.57516e+12  -2.79974e+12  3.95611e+12  -5.01752e+12  5.96416e+12  -6.78387e+12  7.4721e+12  -8.03138e+12  8.47002e+12  -8.80037e+12  9.03681e+12  -9.19346e+12  9.28219e+12  -9.31085e+12  9.28219e+12  -9.19346e+12  9.03681e+12  -8.80037e+12  8.47002e+12  -8.03138e+12  7.4721e+12  -6.78387e+12  5.96416e+12  -5.01752e+12  3.95611e+12  -2.79974e+12  1.57516e+12  -3.14821e+11  -9.44813e+11  
8.47523e+11  2.82153e+11  -1.41396e+12  2.5146e+12  -3.55439e+12  4.50882e+12  -5.35975e+12  6.09598e+12  -6.71335e+12  7.21416e+12  -7.60601e+12  7.90031e+12  -8.11026e+12  8.24893e+12  -8.32726e+12  8.35252e+12  -8.32726e+12  8.24893e+12  -8.11026e+12  7.90031e+12  -7.60601e+12  7.21416e+12  -6.71335e+12  6.09598e+12  -5.35975e+12  4.50882e+12  -3.55439e+12  2.5146e+12  -1.41396e+12  2.82153e+11  8.47523e+11  
-7.49333e+11  -2.49254e+11  1.25098e+12  -2.22606e+12  3.14784e+12  -3.99429e+12  4.74901e+12  -5.40185e+12  5.94896e+12  -6.39231e+12  6.73868e+12  -6.9983e+12  7.18308e+12  -7.30482e+12  7.37345e+12  -7.39555e+12  7.37345e+12  -7.30482e+12  7.18308e+12  -6.9983e+12  6.73868e+12  -6.39231e+12  5.94896e+12  -5.40185e+12  4.74901e+12  -3.99429e+12  3.14784e+12  -2.22606e+12  1.25098e+12  -2.49254e+11  -7.49333e+11  
6.51296e+11  2.16472e+11  -1.088e+12  1.93718e+12  -2.74062e+12  3.47888e+12  -4.13744e+12  4.70723e+12  -5.1847e+12  5.57145e+12  -5.87335e+12  6.09934e+12  -6.25993e+12  6.36555e+12  -6.42499e+12  6.44412e+12  -6.42499e+12  6.36555e+12  -6.25993e+12  6.09934e+12  -5.87335e+12  5.57145e+12  -5.1847e+12  4.70723e+12  -4.13744e+12  3.47888e+12  -2.74062e+12  1.93718e+12  -1.088e+12  2.16472e+11  6.51296e+11  
-5.54162e+11  -1.84055e+11  9.26265e+11  -1.65017e+12  2.33571e+12  -2.96616e+12  3.52896e+12  -4.01615e+12  4.42455e+12  -4.75534e+12  5.01348e+12  -5.20659e+12  5.34367e+12  -5.43371e+12  5.48433e+12  -5.50062e+12  5.48433e+12  -5.43371e+12  5.34367e+12  -5.20659e+12  5.01348e+12  -4.75534e+12  4.42455e+12  -4.01615e+12  3.52896e+12  -2.96616e+12  2.33571e+12  -1.65017e+12  9.26265e+11  -1.84055e+11  -5.54162e+11  
4.58392e+11  1.5215e+11  -7.66578e+11  1.36642e+12  -1.93501e+12  2.4584e+12  -2.92601e+12  3.3311e+12  -3.67087e+12  3.94617e+12  -4.16101e+12  4.32168e+12  -4.43567e+12  4.51049e+12  -4.55253e+12  4.56604e+12  -4.55253e+12  4.51049e+12  -4.43567e+12  4.32168e+12  -4.16101e+12  3.94617e+12  -3.67087e+12  3.3311e+12  -2.92601e+12  2.4584e+12  -1.93501e+12  1.36642e+12  -7.66578e+11  1.5215e+11  4.58392e+11  
-3.64192e+11  -1.20817e+11  6.09307e+11  -1.08661e+12  1.53945e+12  -1.95666e+12  2.32974e+12  -2.6532e+12  2.92469e+12  -3.14477e+12  3.31656e+12  -3.44504e+12  3.53617e+12  -3.59596e+12  3.62953e+12  -3.64032e+12  3.62953e+12  -3.59596e+12  3.53617e+12  -3.44504e+12  3.31656e+12  -3.14477e+12  2.92469e+12  -2.6532e+12  2.32974e+12  -1.95666e+12  1.53945e+12  -1.08661e+12  6.09307e+11  -1.20817e+11  -3.64192e+11  
2.71535e+11  9.004e+10  -4.54445e+11  8.10759e+11  -1.14907e+12  1.46102e+12  -1.7402e+12  1.98243e+12  -2.18587e+12  2.35088e+12  -2.47973e+12  2.57611e+12  -2.64446e+12  2.6893e+12  -2.71447e+12  2.72256e+12  -2.71447e+12  2.6893e+12  -2.64446e+12  2.57611e+12  -2.47973e+12  2.35088e+12  -2.18587e+12  1.98243e+12  -1.7402e+12  1.46102e+12  -1.14907e+12  8.10759e+11  -4.54445e+11  9.004e+10  2.71535e+11  
-1.80207e+11  -5.97371e+10  3.01673e+11  -5.38366e+11  7.63236e+11  -9.70712e+11  1.15651e+12  -1.31782e+12  1.45338e+12  -1.56337e+12  1.6493e+12  -1.71357e+12  1.75916e+12  -1.78907e+12  1.80585e+12  -1.81125e+12  1.80585e+12  -1.78907e+12  1.75916e+12  -1.71357e+12  1.6493e+12  -1.56337e+12  1.45338e+12  -1.31782e+12  1.15651e+12  -9.70712e+11  7.63236e+11  -5.38366e+11  3.01673e+11  -5.97371e+10  -1.80207e+11  
8.98488e+10  2.97783e+10  -1.50433e+11  2.68513e+11  -3.80737e+11  4.84322e+11  -5.77122e+11  6.57725e+11  -7.25481e+11  7.8048e+11  -8.23452e+11  8.55603e+11  -8.78409e+11  8.93367e+11  -9.01763e+11  9.0446e+11  -9.01763e+11  8.93367e+11  -8.78409e+11  8.55603e+11  -8.23452e+11  7.8048e+11  -7.25481e+11  6.57725e+11  -5.77122e+11  4.84322e+11  -3.80737e+11  2.68513e+11  -1.50433e+11  2.97783e+10  8.98488e+10  
0  0  0  0  0  0  0  0  0  0  0  0  0  0  0  0  0  0  0  0  0  0  0  0  0  0  0  0  0  0  0  
