1  1  1  1  1  1  1  1  1  1  1  1  1  1  1  1  1  1  1  1  1  1  1  1  1  1  1  1  1  1  1  
4.99493e+11  1.68335e+11  -8.25138e+11  1.46923e+12  -2.09786e+12  2.70691e+12  -3.29091e+12  3.84313e+12  -4.35598e+12  4.8214e+12  -5.23138e+12  5.57836e+12  -5.85568e+12  6.05786e+12  -6.18083e+12  6.22211e+12  -6.18083e+12  6.05786e+12  -5.85568e+12  5.57836e+12  -5.23138e+12  4.8214e+12  -4.35598e+12  3.84313e+12  -3.29091e+12  2.70691e+12  -2.09786e+12  1.46923e+12  -8.25138e+11  1.68335e+11  4.99493e+11  
-9.87157e+11  -3.32655e+11  1.63085e+12  -2.9035e+12  4.14465e+12  -5.34583e+12  6.496e+12  -7.58188e+12  8.58864e+12  -9.50073e+12  1.03028e+13  -1.09806e+13  1.15216e+13  -1.19156e+13  1.2155e+13  -1.22353e+13  1.2155e+13  -1.19156e+13  1.15216e+13  -1.09806e+13  1.03028e+13  -9.50073e+12  8.58864e+12  -7.58188e+12  6.496e+12  -5.34583e+12  4.14465e+12  -2.9035e+12  1.63085e+12  -3.32655e+11  -9.87157e+11  
1.45169e+12  4.89122e+11  -2.39858e+12  4.26943e+12  -6.09173e+12  7.85216e+12  -9.53403e+12  1.11178e+13  -1.25821e+13  1.3905e+13  -1.50651e+13  1.60429e+13  -1.68215e+13  1.73876e+13  -1.77312e+13  1.78464e+13  -1.77312e+13  1.73876e+13  -1.68215e+13  1.60429e+13  -1.50651e+13  1.3905e+13  -1.25821e+13  1.11178e+13  -9.53403e+12  7.85216e+12  -6.09173e+12  4.26943e+12  -2.39858e+12  4.89122e+11  1.45169e+12  
-1.88279e+12  -6.34242e+11  3.1114e+12  -5.53669e+12  7.8951e+12  -1.01679e+13  1.23325e+13  -1.43638e+13  1.62347e+13  -1.79183e+13  1.9389e+13  -2.06243e+13  2.1605e+13  -2.23161e+13  2.2747e+13  -2.28914e+13  2.2747e+13  -2.23161e+13  2.1605e+13  -2.06243e+13  1.9389e+13  -1.79183e+13  1.62347e+13  -1.43638e+13  1.23325e+13  -1.01679e+13  7.8951e+12  -5.53669e+12  3.1114e+12  -6.34242e+11  -1.88279e+12  
2.27159e+12  7.65007e+11  -3.75473e+12  6.67924e+12  -9.51728e+12  1.2244e+13  -1.48312e+13  1.72482e+13  -1.94639e+13  2.1448e+13  -2.3173e+13  2.46153e+13  -2.57557e+13  2.65801e+13  -2.70785e+13  2.72453e+13  -2.70785e+13  2.65801e+13  -2.57557e+13  2.46153e+13  -2.3173e+13  2.1448e+13  -1.94639e+13  1.72482e+13  -1.48312e+13  1.2244e+13  -9.51728e+12  6.67924e+12  -3.75473e+12  7.65007e+11  2.27159e+12  
-2.61093e+12  -8.78998e+11  4.31681e+12  -7.67624e+12  1.09286e+13  -1.40425e+13  1.69839e+13  -1.97178e+13  2.221e+13  -2.44287e+13  2.63466e+13  -2.79415e+13  2.91967e+13  -3.01005e+13  3.06454e+13  -3.08275e+13  3.06454e+13  -3.01005e+13  2.91967e+13  -2.79415e+13  2.63466e+13  -2.44287e+13  2.221e+13  -1.97178e+13  1.69839e+13  -1.40425e+13  1.09286e+13  -7.67624e+12  4.31681e+12  -8.78998e+11  -2.61093e+12  
2.89563e+12  9.74459e+11  -4.78906e+12  8.51263e+12  -1.21082e+13  1.55373e+13  -1.87604e+13  2.17389e+13  -2.44368e+13  2.68229e+13  -2.8872e+13  3.05655e+13  -3.18908e+13  3.28408e+13  -3.34118e+13  3.36023e+13  -3.34118e+13  3.28408e+13  -3.18908e+13  3.05655e+13  -2.8872e+13  2.68229e+13  -2.44368e+13  2.17389e+13  -1.87604e+13  1.55373e+13  -1.21082e+13  8.51263e+12  -4.78906e+12  9.74459e+11  2.89563e+12  
-3.12249e+12  -1.05032e+12  5.16619e+12  -9.17933e+12  1.30439e+13  -1.67141e+13  2.01456e+13  -2.32968e+13  2.61315e+13  -2.86204e+13  3.07422e+13  -3.24836e+13  3.3838e+13  -3.48038e+13  3.53822e+13  -3.55747e+13  3.53822e+13  -3.48038e+13  3.3838e+13  -3.24836e+13  3.07422e+13  -2.86204e+13  2.61315e+13  -2.32968e+13  2.01456e+13  -1.67141e+13  1.30439e+13  -9.17933e+12  5.16619e+12  -1.05032e+12  -3.12249e+12  
3.2903e+12  1.10619e+12  -5.44615e+12  9.67311e+12  -1.37321e+13  1.75704e+13  -2.1139e+13  2.43945e+13  -2.73017e+13  2.98345e+13  -3.19767e+13  3.37215e+13  -3.50692e+13  3.60249e+13  -3.65949e+13  3.67842e+13  -3.65949e+13  3.60249e+13  -3.50692e+13  3.37215e+13  -3.19767e+13  2.98345e+13  -2.73017e+13  2.43945e+13  -2.1139e+13  1.75704e+13  -1.37321e+13  9.67311e+12  -5.44615e+12  1.10619e+12  3.2903e+12  
-3.39971e+12  -1.1423e+12  5.62993e+12  -9.9961e+12  1.4177e+13  -1.81135e+13  2.17526e+13  -2.50501e+13  2.79725e+13  -3.04979e+13  3.26162e+13  -3.43275e+13  3.56398e+13  -3.65645e+13  3.71136e+13  -3.72956e+13  3.71136e+13  -3.65645e+13  3.56398e+13  -3.43275e+13  3.26162e+13  -3.04979e+13  2.79725e+13  -2.50501e+13  2.17526e+13  -1.81135e+13  1.4177e+13  -9.9961e+12  5.62993e+12  -1.1423e+12  -3.39971e+12  
3.45298e+12  1.15944e+12  -5.72115e+12  1.01552e+13  -1.43896e+13  1.83594e+13  -2.20088e+13  2.52934e+13  -2.81821e+13  3.06578e+13  -3.27166e+13  3.4366e+13  -3.56208e+13  3.64993e+13  -3.70184e+13  3.719e+13  -3.70184e+13  3.64993e+13  -3.56208e+13  3.4366e+13  -3.27166e+13  3.06578e+13  -2.81821e+13  2.52934e+13  -2.20088e+13  1.83594e+13  -1.43896e+13  1.01552e+13  -5.72115e+12  1.15944e+12  3.45298e+12  
-3.45374e+12  -1.15888e+12  5.72571e+12  -1.01611e+13  1.4386e+13  -1.83309e+13  2.19378e+13  -2.51628e+13  2.79778e+13  -3.03704e+13  3.2343e+13  -3.39098e+13  3.50922e+13  -3.59144e+13  3.63977e+13  -3.6557e+13  3.63977e+13  -3.59144e+13  3.50922e+13  -3.39098e+13  3.2343e+13  -3.03704e+13  2.79778e+13  -2.51628e+13  2.19378e+13  -1.83309e+13  1.4386e+13  -1.01611e+13  5.72571e+12  -1.15888e+12  -3.45374e+12  
3.40669e+12  1.14222e+12  -5.65119e+12  1.00275e+13  -1.41867e+13  1.80555e+13  -2.15748e+13  2.4702e+13  -2.74118e+13  2.96967e+13  -3.15645e+13  3.30353e+13  -3.41363e+13  3.48964e+13  -3.53409e+13  3.5487e+13  -3.53409e+13  3.48964e+13  -3.41363e+13  3.30353e+13  -3.15645e+13  2.96967e+13  -2.74118e+13  2.4702e+13  -2.15748e+13  1.80555e+13  -1.41867e+13  1.00275e+13  -5.65119e+12  1.14222e+12  3.40669e+12  
-3.31726e+12  -1.11133e+12  5.50644e+12  -9.77026e+12  1.38144e+13  -1.75636e+13  2.09582e+13  -2.39571e+13  2.65383e+13  -2.86982e+13  3.04495e+13  -3.18171e+13  3.28325e+13  -3.35286e+13  3.39335e+13  -3.40663e+13  3.39335e+13  -3.35286e+13  3.28325e+13  -3.18171e+13  3.04495e+13  -2.86982e+13  2.65383e+13  -2.39571e+13  2.09582e+13  -1.75636e+13  1.38144e+13  -9.77026e+12  5.50644e+12  -1.11133e+12  -3.31726e+12  
3.1913e+12  1.06823e+12  -5.30101e+12  9.4063e+12  -1.32937e+13  1.68868e+13  -2.01269e+13  2.29745e+13  -2.54103e+13  2.74344e+13  -2.90631e+13  3.03248e+13  -3.12543e+13  3.18871e+13  -3.22533e+13  3.2373e+13  -3.22533e+13  3.18871e+13  -3.12543e+13  3.03248e+13  -2.90631e+13  2.74344e+13  -2.54103e+13  2.29745e+13  -2.01269e+13  1.68868e+13  -1.32937e+13  9.4063e+12  -5.30101e+12  1.06823e+12  3.1913e+12  
-3.03485e+12  -1.01495e+12  5.04472e+12  -8.95294e+12  1.26489e+13  -1.60568e+13  1.91191e+13  -2.17984e+13  2.40779e+13  -2.59602e+13  2.74643e+13  -2.8621e+13  2.94669e+13  -3.0039e+13  3.03684e+13  -3.04757e+13  3.03684e+13  -3.0039e+13  2.94669e+13  -2.8621e+13  2.74643e+13  -2.59602e+13  2.40779e+13  -2.17984e+13  1.91191e+13  -1.60568e+13  1.26489e+13  -8.95294e+12  5.04472e+12  -1.01495e+12  -3.03485e+12  
2.85381e+12  9.53542e+11  -4.74726e+12  8.42719e+12  -1.19041e+13  1.51039e+13  -1.7971e+13  2.04701e+13  -2.25865e+13  2.43248e+13  -2.57053e+13  2.676e+13  -2.75262e+13  2.80412e+13  -2.83363e+13  2.84322e+13  -2.83363e+13  2.80412e+13  -2.75262e+13  2.676e+13  -2.57053e+13  2.43248e+13  -2.25865e+13  2.04701e+13  -1.7971e+13  1.51039e+13  -1.19041e+13  8.42719e+12  -4.74726e+12  9.53542e+11  2.85381e+12  
-2.65382e+12  -8.85903e+11  4.41785e+12  -7.84517e+12  1.10817e+13  -1.40561e+13  1.67154e+13  -1.90265e+13  2.09765e+13  -2.25709e+13  2.38307e+13  -2.47876e+13  2.54787e+13  -2.59407e+13  2.62042e+13  -2.62896e+13  2.62042e+13  -2.59407e+13  2.54787e+13  -2.47876e+13  2.38307e+13  -2.25709e+13  2.09765e+13  -1.90265e+13  1.67154e+13  -1.40561e+13  1.10817e+13  -7.84517e+12  4.41785e+12  -8.85903e+11  -2.65382e+12  
2.44004e+12  8.13788e+11  -4.06498e+12  7.22165e+12  -1.0202e+13  1.29387e+13  -1.53817e+13  1.75002e+13  -1.92826e+13  2.07348e+13  -2.18774e+13  2.27412e+13  -2.33619e+13  2.37749e+13  -2.40095e+13  2.40855e+13  -2.40095e+13  2.37749e+13  -2.33619e+13  2.27412e+13  -2.18774e+13  2.07348e+13  -1.92826e+13  1.75002e+13  -1.53817e+13  1.29387e+13  -1.0202e+13  7.22165e+12  -4.06498e+12  8.13788e+11  2.44004e+12  
-2.21705e+12  -7.38744e+11  3.69618e+12  -6.56973e+12  9.28322e+12  -1.17739e+13  1.39952e+13  -1.59187e+13  1.75337e+13  -1.88461e+13  1.98753e+13  -2.06505e+13  2.12053e+13  -2.15729e+13  2.17811e+13  -2.18484e+13  2.17811e+13  -2.15729e+13  2.12053e+13  -2.06505e+13  1.98753e+13  -1.88461e+13  1.75337e+13  -1.59187e+13  1.39952e+13  -1.17739e+13  9.28322e+12  -6.56973e+12  3.69618e+12  -7.38744e+11  -2.21705e+12  
1.98876e+12  6.62087e+11  -3.31792e+12  5.90063e+12  -8.34055e+12  1.05802e+13  -1.25769e+13  1.43045e+13  -1.57532e+13  1.69284e+13  -1.78479e+13  1.85385e+13  -1.90311e+13  1.93565e+13  -1.95403e+13  1.95996e+13  -1.95403e+13  1.93565e+13  -1.90311e+13  1.85385e+13  -1.78479e+13  1.69284e+13  -1.57532e+13  1.43045e+13  -1.25769e+13  1.05802e+13  -8.34055e+12  5.90063e+12  -3.31792e+12  6.62087e+11  1.98876e+12  
-1.75835e+12  -5.84887e+11  2.9355e+12  -5.22357e+12  7.38658e+12  -9.3728e+12  1.11438e+13  -1.26757e+13  1.39595e+13  -1.49999e+13  1.58127e+13  -1.64219e+13  1.68555e+13  -1.71411e+13  1.73022e+13  -1.7354e+13  1.73022e+13  -1.71411e+13  1.68555e+13  -1.64219e+13  1.58127e+13  -1.49999e+13  1.39595e+13  -1.26757e+13  1.11438e+13  -9.3728e+12  7.38658e+12  -5.22357e+12  2.9355e+12  -5.84887e+11  -1.75835e+12  
1.5283e+12  5.07963e+11  -2.55305e+12  4.5457e+12  -6.43101e+12  8.16337e+12  -9.70872e+12  1.10458e+13  -1.21662e+13  1.30737e+13  -1.37821e+13  1.43124e+13  -1.46892e+13  1.49371e+13  -1.50766e+13  1.51215e+13  -1.50766e+13  1.49371e+13  -1.46892e+13  1.43124e+13  -1.37821e+13  1.30737e+13  -1.21662e+13  1.10458e+13  -9.70872e+12  8.16337e+12  -6.43101e+12  4.5457e+12  -2.55305e+12  5.07963e+11  1.5283e+12  
-1.30037e+12  -4.31894e+11  2.17353e+12  -3.87221e+12  5.48087e+12  -6.96026e+12  8.28088e+12  -9.42411e+12  1.03824e+13  -1.11587e+13  1.17644e+13  -1.22175e+13  1.25392e+13  -1.27505e+13  1.28693e+13  -1.29075e+13  1.28693e+13  -1.27505e+13  1.25392e+13  -1.22175e+13  1.17644e+13  -1.11587e+13  1.03824e+13  -9.42411e+12  8.28088e+12  -6.96026e+12  5.48087e+12  -3.87221e+12  2.17353e+12  -4.31894e+11  -1.30037e+12  
1.07564e+12  3.57027e+11  -1.79882e+12  3.20638e+12  -4.54061e+12  5.76875e+12  -6.86602e+12  7.81661e+12  -8.61388e+12  9.25989e+12  -9.76403e+12  1.01411e+13  -1.04085e+13  1.05841e+13  -1.06827e+13  1.07145e+13  -1.06827e+13  1.05841e+13  -1.04085e+13  1.01411e+13  -9.76403e+12  9.25989e+12  -8.61388e+12  7.81661e+12  -6.86602e+12  5.76875e+12  -4.54061e+12  3.20638e+12  -1.79882e+12  3.57027e+11  1.07564e+12  
-8.54595e+11  -2.83504e+11  1.42977e+12  -2.54978e+12  3.61239e+12  -4.5914e+12  5.46685e+12  -6.22588e+12  6.86293e+12  -7.37936e+12  7.78249e+12  -8.08397e+12  8.2978e+12  -8.4381e+12  8.51688e+12  -8.5422e+12  8.51688e+12  -8.4381e+12  8.2978e+12  -8.08397e+12  7.78249e+12  -7.37936e+12  6.86293e+12  -6.22588e+12  5.46685e+12  -4.5914e+12  3.61239e+12  -2.54978e+12  1.42977e+12  -2.83504e+11  -8.54595e+11  
6.37171e+11  2.11284e+11  -1.06638e+12  1.90249e+12  -2.69636e+12  3.42836e+12  -4.08346e+12  4.65187e+12  -5.12925e+12  5.51646e+12  -5.81881e+12  6.04496e+12  -6.20536e+12  6.31058e+12  -6.36964e+12  6.38862e+12  -6.36964e+12  6.31058e+12  -6.20536e+12  6.04496e+12  -5.81881e+12  5.51646e+12  -5.12925e+12  4.65187e+12  -4.08346e+12  3.42836e+12  -2.69636e+12  1.90249e+12  -1.06638e+12  2.11284e+11  6.37171e+11  
-4.22866e+11  -1.40176e+11  7.07892e+11  -1.2633e+12  1.79097e+12  -2.27783e+12  2.71381e+12  -3.09234e+12  3.41042e+12  -3.66854e+12  3.87016e+12  -4.02099e+12  4.12797e+12  -4.19814e+12  4.23753e+12  -4.25018e+12  4.23753e+12  -4.19814e+12  4.12797e+12  -4.02099e+12  3.87016e+12  -3.66854e+12  3.41042e+12  -3.09234e+12  2.71381e+12  -2.27783e+12  1.79097e+12  -1.2633e+12  7.07892e+11  -1.40176e+11  -4.22866e+11  
2.10835e+11  6.98764e+10  -3.52999e+11  6.30079e+11  -8.93418e+11  1.13649e+12  -1.35425e+12  1.54338e+12  -1.70238e+12  1.83144e+12  -1.93227e+12  2.00772e+12  -2.06123e+12  2.09633e+12  -2.11603e+12  2.12236e+12  -2.11603e+12  2.09633e+12  -2.06123e+12  2.00772e+12  -1.93227e+12  1.83144e+12  -1.70238e+12  1.54338e+12  -1.35425e+12  1.13649e+12  -8.93418e+11  6.30079e+11  -3.52999e+11  6.98764e+10  2.10835e+11  
0  0  0  0  0  0  0  0  0  0  0  0  0  0  0  0  0  0  0  0  0  0  0  0  0  0  0  0  0  0  0  
