1  1  1  1  1  1  1  1  1  1  1  1  1  1  1  1  1  1  1  1  1  1  1  1  1  1  1  1  1  1  1  
-3.47048e+13  -1.16959e+13  5.73307e+13  -1.02083e+14  1.4576e+14  -1.88077e+14  2.28653e+14  -2.67021e+14  3.02654e+14  -3.34992e+14  3.63477e+14  -3.87585e+14  4.06853e+14  -4.20901e+14  4.29445e+14  -4.32313e+14  4.29445e+14  -4.20901e+14  4.06853e+14  -3.87585e+14  3.63477e+14  -3.34992e+14  3.02654e+14  -2.67021e+14  2.28653e+14  -1.88077e+14  1.4576e+14  -1.02083e+14  5.73307e+13  -1.16959e+13  -3.47048e+13  
6.85878e+13  2.31129e+13  -1.13312e+14  2.01736e+14  -2.87971e+14  3.71429e+14  -4.51343e+14  5.2679e+14  -5.9674e+14  6.60112e+14  -7.1584e+14  7.62933e+14  -8.00521e+14  8.27894e+14  -8.44531e+14  8.50113e+14  -8.44531e+14  8.27894e+14  -8.00521e+14  7.62933e+14  -7.1584e+14  6.60112e+14  -5.9674e+14  5.2679e+14  -4.51343e+14  3.71429e+14  -2.87971e+14  2.01736e+14  -1.13312e+14  2.31129e+13  6.85878e+13  
-1.00864e+14  -3.39842e+13  1.66654e+14  -2.96641e+14  4.23254e+14  -5.45569e+14  6.62426e+14  -7.72467e+14  8.74208e+14  -9.66119e+14  1.04672e+15  -1.11466e+15  1.16876e+15  -1.20809e+15  1.23197e+15  -1.23997e+15  1.23197e+15  -1.20809e+15  1.16876e+15  -1.11466e+15  1.04672e+15  -9.66119e+14  8.74208e+14  -7.72467e+14  6.62426e+14  -5.45569e+14  4.23254e+14  -2.96641e+14  1.66654e+14  -3.39842e+13  -1.00864e+14  
1.30817e+14  4.40672e+13  -2.16181e+14  3.8469e+14  -5.48553e+14  7.06464e+14  -8.56867e+14  9.97999e+14  -1.12799e+15  1.24496e+15  -1.34715e+15  1.43298e+15  -1.50112e+15  1.55053e+15  -1.58047e+15  1.5905e+15  -1.58047e+15  1.55053e+15  -1.50112e+15  1.43298e+15  -1.34715e+15  1.24496e+15  -1.12799e+15  9.97999e+14  -8.56867e+14  7.06464e+14  -5.48553e+14  3.8469e+14  -2.16181e+14  4.40672e+13  1.30817e+14  
-1.5783e+14  -5.31528e+13  2.60879e+14  -4.64075e+14  6.61262e+14  -8.50714e+14  1.03047e+15  -1.19841e+15  1.35236e+15  -1.49021e+15  1.61006e+15  -1.71027e+15  1.78951e+15  -1.84679e+15  1.88142e+15  -1.89301e+15  1.88142e+15  -1.84679e+15  1.78951e+15  -1.71027e+15  1.61006e+15  -1.49021e+15  1.35236e+15  -1.19841e+15  1.03047e+15  -8.50714e+14  6.61262e+14  -4.64075e+14  2.60879e+14  -5.31528e+13  -1.5783e+14  
1.81408e+14  6.10729e+13  -2.99933e+14  5.33346e+14  -7.59324e+14  9.75676e+14  -1.18005e+15  1.37e+15  -1.54315e+15  1.69731e+15  -1.83056e+15  1.94138e+15  -2.02859e+15  2.09139e+15  -2.12925e+15  2.1419e+15  -2.12925e+15  2.09139e+15  -2.02859e+15  1.94138e+15  -1.83056e+15  1.69731e+15  -1.54315e+15  1.37e+15  -1.18005e+15  9.75676e+14  -7.59324e+14  5.33346e+14  -2.99933e+14  6.10729e+13  1.81408e+14  
-2.01189e+14  -6.77056e+13  3.32744e+14  -5.91458e+14  8.41281e+14  -1.07953e+15  1.30347e+15  -1.51042e+15  1.69787e+15  -1.86366e+15  2.00603e+15  -2.12369e+15  2.21578e+15  -2.28179e+15  2.32146e+15  -2.33469e+15  2.32146e+15  -2.28179e+15  2.21578e+15  -2.12369e+15  2.00603e+15  -1.86366e+15  1.69787e+15  -1.51042e+15  1.30347e+15  -1.07953e+15  8.41281e+14  -5.91458e+14  3.32744e+14  -6.77056e+13  -2.01189e+14  
2.16951e+14  7.29764e+13  -3.58948e+14  6.37781e+14  -9.06292e+14  1.1613e+15  -1.39972e+15  1.61866e+15  -1.81562e+15  1.98855e+15  -2.13597e+15  2.25696e+15  -2.35107e+15  2.41817e+15  -2.45836e+15  2.47174e+15  -2.45836e+15  2.41817e+15  -2.35107e+15  2.25696e+15  -2.13597e+15  1.98855e+15  -1.81562e+15  1.61866e+15  -1.39972e+15  1.1613e+15  -9.06292e+14  6.37781e+14  -3.58948e+14  7.29764e+13  2.16951e+14  
-2.28611e+14  -7.68581e+13  3.78399e+14  -6.72089e+14  9.54108e+14  -1.22079e+15  1.46874e+15  -1.69494e+15  1.89693e+15  -2.0729e+15  2.22174e+15  -2.34297e+15  2.43662e+15  -2.50302e+15  2.54262e+15  -2.55577e+15  2.54262e+15  -2.50302e+15  2.43662e+15  -2.34297e+15  2.22174e+15  -2.0729e+15  1.89693e+15  -1.69494e+15  1.46874e+15  -1.22079e+15  9.54108e+14  -6.72089e+14  3.78399e+14  -7.68581e+13  -2.28611e+14  
2.36212e+14  7.9367e+13  -3.91168e+14  6.94531e+14  -9.85022e+14  1.25853e+15  -1.51137e+15  1.74049e+15  -1.94353e+15  2.119e+15  -2.26618e+15  2.38508e+15  -2.47626e+15  2.54051e+15  -2.57866e+15  2.5913e+15  -2.57866e+15  2.54051e+15  -2.47626e+15  2.38508e+15  -2.26618e+15  2.119e+15  -1.94353e+15  1.74049e+15  -1.51137e+15  1.25853e+15  -9.85022e+14  6.94531e+14  -3.91168e+14  7.9367e+13  2.36212e+14  
-2.39913e+14  -8.05583e+13  3.97506e+14  -7.05583e+14  9.9979e+14  -1.27561e+15  1.52918e+15  -1.75739e+15  1.9581e+15  -2.13011e+15  2.27315e+15  -2.38775e+15  2.47494e+15  -2.53598e+15  2.57205e+15  -2.58397e+15  2.57205e+15  -2.53598e+15  2.47494e+15  -2.38775e+15  2.27315e+15  -2.13011e+15  1.9581e+15  -1.75739e+15  1.52918e+15  -1.27561e+15  9.9979e+14  -7.05583e+14  3.97506e+14  -8.05583e+13  -2.39913e+14  
2.39966e+14  8.05192e+13  -3.97823e+14  7.05992e+14  -9.99543e+14  1.27363e+15  -1.52424e+15  1.74832e+15  -1.9439e+15  2.11014e+15  -2.2472e+15  2.35606e+15  -2.43821e+15  2.49533e+15  -2.52892e+15  2.53999e+15  -2.52892e+15  2.49533e+15  -2.43821e+15  2.35606e+15  -2.2472e+15  2.11014e+15  -1.9439e+15  1.74832e+15  -1.52424e+15  1.27363e+15  -9.99543e+14  7.05992e+14  -3.97823e+14  8.05192e+13  2.39966e+14  
-2.36698e+14  -7.93618e+13  3.92646e+14  -6.96712e+14  9.85691e+14  -1.2545e+15  1.49902e+15  -1.7163e+15  1.90458e+15  -2.06333e+15  2.19311e+15  -2.2953e+15  2.37179e+15  -2.4246e+15  2.45549e+15  -2.46565e+15  2.45549e+15  -2.4246e+15  2.37179e+15  -2.2953e+15  2.19311e+15  -2.06333e+15  1.90458e+15  -1.7163e+15  1.49902e+15  -1.2545e+15  9.85691e+14  -6.96712e+14  3.92646e+14  -7.93618e+13  -2.36698e+14  
2.30484e+14  7.72157e+13  -3.82588e+14  6.78839e+14  -9.59829e+14  1.22032e+15  -1.45618e+15  1.66455e+15  -1.84389e+15  1.99396e+15  -2.11564e+15  2.21065e+15  -2.28121e+15  2.32957e+15  -2.3577e+15  2.36693e+15  -2.3577e+15  2.32957e+15  -2.28121e+15  2.21065e+15  -2.11564e+15  1.99396e+15  -1.84389e+15  1.66455e+15  -1.45618e+15  1.22032e+15  -9.59829e+14  6.78839e+14  -3.82588e+14  7.72157e+13  2.30484e+14  
-2.21732e+14  -7.42205e+13  3.68315e+14  -6.53551e+14  9.23645e+14  -1.1733e+15  1.39842e+15  -1.59627e+15  1.76551e+15  -1.90615e+15  2.01931e+15  -2.10697e+15  2.17155e+15  -2.21552e+15  2.24096e+15  -2.24928e+15  2.24096e+15  -2.21552e+15  2.17155e+15  -2.10697e+15  2.01931e+15  -1.90615e+15  1.76551e+15  -1.59627e+15  1.39842e+15  -1.1733e+15  9.23645e+14  -6.53551e+14  3.68315e+14  -7.42205e+13  -2.21732e+14  
2.10861e+14  7.05192e+13  -3.50508e+14  6.22052e+14  -8.78848e+14  1.11563e+15  -1.3284e+15  1.51456e+15  -1.67293e+15  1.80372e+15  -1.90823e+15  1.98859e+15  -2.04737e+15  2.08711e+15  -2.11e+15  2.11746e+15  -2.11e+15  2.08711e+15  -2.04737e+15  1.98859e+15  -1.90823e+15  1.80372e+15  -1.67293e+15  1.51456e+15  -1.3284e+15  1.11563e+15  -8.78848e+14  6.22052e+14  -3.50508e+14  7.05192e+13  2.10861e+14  
-1.98283e+14  -6.62522e+13  3.2984e+14  -5.85523e+14  8.27098e+14  -1.04942e+15  1.24863e+15  -1.42226e+15  1.56931e+15  -1.69009e+15  1.78601e+15  -1.85929e+15  1.91253e+15  -1.94831e+15  1.96881e+15  -1.97547e+15  1.96881e+15  -1.94831e+15  1.91253e+15  -1.85929e+15  1.78601e+15  -1.69009e+15  1.56931e+15  -1.42226e+15  1.24863e+15  -1.04942e+15  8.27098e+14  -5.85523e+14  3.2984e+14  -6.62522e+13  -1.98283e+14  
1.84388e+14  6.15526e+13  -3.06953e+14  5.45084e+14  -7.69955e+14  9.76618e+14  -1.16139e+15  1.32197e+15  -1.45745e+15  1.56823e+15  -1.65576e+15  1.72224e+15  -1.77026e+15  1.80236e+15  -1.82067e+15  1.82661e+15  -1.82067e+15  1.80236e+15  -1.77026e+15  1.72224e+15  -1.65576e+15  1.56823e+15  -1.45745e+15  1.32197e+15  -1.16139e+15  9.76618e+14  -7.69955e+14  5.45084e+14  -3.06953e+14  6.15526e+13  1.84388e+14  
-1.69535e+14  -5.65421e+13  2.82436e+14  -5.01761e+14  7.08838e+14  -8.98983e+14  1.06873e+15  -1.21592e+15  1.33976e+15  -1.44065e+15  1.52004e+15  -1.58006e+15  1.62319e+15  -1.65188e+15  1.66819e+15  -1.67346e+15  1.66819e+15  -1.65188e+15  1.62319e+15  -1.58006e+15  1.52004e+15  -1.44065e+15  1.33976e+15  -1.21592e+15  1.06873e+15  -8.98983e+14  7.08838e+14  -5.01761e+14  2.82436e+14  -5.65421e+13  -1.69535e+14  
1.54041e+14  5.1328e+13  -2.56811e+14  4.56466e+14  -6.44999e+14  8.1805e+14  -9.7239e+14  1.10603e+15  -1.21824e+15  1.30943e+15  -1.38094e+15  1.4348e+15  -1.47335e+15  1.49889e+15  -1.51336e+15  1.51803e+15  -1.51336e+15  1.49889e+15  -1.47335e+15  1.4348e+15  -1.38094e+15  1.30943e+15  -1.21824e+15  1.10603e+15  -9.7239e+14  8.1805e+14  -6.44999e+14  4.56466e+14  -2.56811e+14  5.1328e+13  1.54041e+14  
-1.38179e+14  -4.60019e+13  2.3053e+14  -4.09977e+14  5.79503e+14  -7.35113e+14  8.73847e+14  -9.93881e+14  1.09454e+15  -1.17619e+15  1.24007e+15  -1.28806e+15  1.32229e+15  -1.34489e+15  1.35767e+15  -1.36178e+15  1.35767e+15  -1.34489e+15  1.32229e+15  -1.28806e+15  1.24007e+15  -1.17619e+15  1.09454e+15  -9.93881e+14  8.73847e+14  -7.35113e+14  5.79503e+14  -4.09977e+14  2.3053e+14  -4.60019e+13  -1.38179e+14  
1.2217e+14  4.0638e+13  -2.03959e+14  3.62934e+14  -5.1322e+14  6.51223e+14  -7.74272e+14  8.8071e+14  -9.69911e+14  1.04219e+15  -1.09867e+15  1.14099e+15  -1.17112e+15  1.19097e+15  -1.20216e+15  1.20576e+15  -1.20216e+15  1.19097e+15  -1.17112e+15  1.14099e+15  -1.09867e+15  1.04219e+15  -9.69911e+14  8.8071e+14  -7.74272e+14  6.51223e+14  -5.1322e+14  3.62934e+14  -2.03959e+14  4.0638e+13  1.2217e+14  
-1.06187e+14  -3.52934e+13  1.77386e+14  -3.15836e+14  4.46827e+14  -5.67192e+14  6.74563e+14  -7.67461e+14  8.45307e+14  -9.08362e+14  9.57583e+14  -9.94429e+14  1.02061e+15  -1.03783e+15  1.04752e+15  -1.05064e+15  1.04752e+15  -1.03783e+15  1.02061e+15  -9.94429e+14  9.57583e+14  -9.08362e+14  8.45307e+14  -7.67461e+14  6.74563e+14  -5.67192e+14  4.46827e+14  -3.15836e+14  1.77386e+14  -3.52934e+13  -1.06187e+14  
9.03498e+13  3.00081e+13  -1.51017e+14  2.69042e+14  -3.80811e+14  4.836e+14  -5.75357e+14  6.54789e+14  -7.21372e+14  7.75305e+14  -8.17392e+14  8.48875e+14  -8.71224e+14  8.85905e+14  -8.94159e+14  8.96813e+14  -8.94159e+14  8.85905e+14  -8.71224e+14  8.48875e+14  -8.17392e+14  7.75305e+14  -7.21372e+14  6.54789e+14  -5.75357e+14  4.836e+14  -3.80811e+14  2.69042e+14  -1.51017e+14  3.00081e+13  9.03498e+13  
-7.47357e+13  -2.48063e+13  1.24982e+14  -2.2278e+14  3.15482e+14  -4.00814e+14  4.77052e+14  -5.43099e+14  5.98494e+14  -6.43379e+14  6.78406e+14  -7.04602e+14  7.23186e+14  -7.35385e+14  7.42239e+14  -7.44442e+14  7.42239e+14  -7.35385e+14  7.23186e+14  -7.04602e+14  6.78406e+14  -6.43379e+14  5.98494e+14  -5.43099e+14  4.77052e+14  -4.00814e+14  3.15482e+14  -2.2278e+14  1.24982e+14  -2.48063e+13  -7.47357e+13  
5.93774e+13  1.96979e+13  -9.93406e+13  1.77159e+14  -2.5099e+14  3.19011e+14  -3.79838e+14  4.32575e+14  -4.76837e+14  5.12719e+14  -5.40728e+14  5.61675e+14  -5.76532e+14  5.8628e+14  -5.91754e+14  5.93513e+14  -5.91754e+14  5.8628e+14  -5.76532e+14  5.61675e+14  -5.40728e+14  5.12719e+14  -4.76837e+14  4.32575e+14  -3.79838e+14  3.19011e+14  -2.5099e+14  1.77159e+14  -9.93406e+13  1.96979e+13  5.93774e+13  
-4.42707e+13  -1.468e+13  7.40921e+13  -1.32185e+14  1.87343e+14  -2.38203e+14  2.83719e+14  -3.23213e+14  3.56381e+14  -3.83284e+14  4.04292e+14  -4.20005e+14  4.31149e+14  -4.3846e+14  4.42564e+14  -4.43882e+14  4.42564e+14  -4.3846e+14  4.31149e+14  -4.20005e+14  4.04292e+14  -3.83284e+14  3.56381e+14  -3.23213e+14  2.83719e+14  -2.38203e+14  1.87343e+14  -1.32185e+14  7.40921e+13  -1.468e+13  -4.42707e+13  
2.93808e+13  9.73947e+12  -4.91844e+13  8.77745e+13  -1.24437e+14  1.58264e+14  -1.88556e+14  2.14856e+14  -2.36956e+14  2.5489e+14  -2.68899e+14  2.79379e+14  -2.86812e+14  2.91687e+14  -2.94424e+14  2.95303e+14  -2.94424e+14  2.91687e+14  -2.86812e+14  2.79379e+14  -2.68899e+14  2.5489e+14  -2.36956e+14  2.14856e+14  -1.88556e+14  1.58264e+14  -1.24437e+14  8.77745e+13  -4.91844e+13  9.73947e+12  2.93808e+13  
-1.46488e+13  -4.85502e+12  2.45264e+13  -4.3778e+13  6.20748e+13  -7.89632e+13  9.40933e+13  -1.07235e+14  1.18281e+14  -1.27249e+14  1.34255e+14  -1.39496e+14  1.43215e+14  -1.45653e+14  1.47022e+14  -1.47462e+14  1.47022e+14  -1.45653e+14  1.43215e+14  -1.39496e+14  1.34255e+14  -1.27249e+14  1.18281e+14  -1.07235e+14  9.40933e+13  -7.89632e+13  6.20748e+13  -4.3778e+13  2.45264e+13  -4.85502e+12  -1.46488e+13  
0  0  0  0  0  0  0  0  0  0  0  0  0  0  0  0  0  0  0  0  0  0  0  0  0  0  0  0  0  0  0  
