1  1  1  1  1  1  1  1  1  1  1  1  1  1  1  1  1  1  1  1  1  1  1  1  1  1  1  1  1  1  1  
0.960919  0.953639  0.931798  0.90214  0.870392  0.839526  0.810669  0.784246  0.760472  0.739492  0.72143  0.706406  0.694543  0.68596  0.680762  0.679021  0.680762  0.68596  0.694543  0.706406  0.72143  0.739492  0.760472  0.784246  0.810669  0.839526  0.870392  0.90214  0.931798  0.953639  0.960919  
0.922559  0.908659  0.86696  0.811271  0.753459  0.699742  0.652301  0.61153  0.577129  0.548536  0.525155  0.506477  0.492147  0.481968  0.475865  0.473829  0.475865  0.481968  0.492147  0.506477  0.525155  0.548536  0.577129  0.61153  0.652301  0.699742  0.753459  0.811271  0.86696  0.908659  0.922559  
0.885597  0.866239  0.808167  0.732551  0.657692  0.592975  0.54096  0.500869  0.470638  0.447959  0.430816  0.417734  0.407831  0.400731  0.396401  0.394939  0.396401  0.400731  0.407831  0.417734  0.430816  0.447959  0.470638  0.500869  0.54096  0.592975  0.657692  0.732551  0.808167  0.866239  0.885597  
0.850619  0.827222  0.75703  0.668423  0.58577  0.520758  0.474949  0.444951  0.425961  0.413603  0.404699  0.397397  0.391004  0.385686  0.382065  0.380771  0.382065  0.385686  0.391004  0.397397  0.404699  0.413603  0.425961  0.444951  0.474949  0.520758  0.58577  0.668423  0.75703  0.827222  0.850619  
0.818078  0.792079  0.714084  0.618867  0.535737  0.477258  0.442579  0.424856  0.416567  0.411958  0.407591  0.402032  0.395376  0.388769  0.383842  0.382012  0.383842  0.388769  0.395376  0.402032  0.407591  0.411958  0.416567  0.424856  0.442579  0.477258  0.535737  0.618867  0.714084  0.792079  0.818078  
0.788262  0.760956  0.679037  0.582281  0.503337  0.454259  0.431052  0.423628  0.422661  0.422055  0.418802  0.412143  0.402957  0.393332  0.38597  0.383206  0.38597  0.393332  0.402957  0.412143  0.418802  0.422055  0.422661  0.423628  0.431052  0.454259  0.503337  0.582281  0.679037  0.760956  0.788262  
0.761303  0.733754  0.651105  0.556394  0.483952  0.444422  0.430811  0.43073  0.434148  0.4353  0.431712  0.423034  0.410595  0.39727  0.386917  0.382996  0.386917  0.39727  0.410595  0.423034  0.431712  0.4353  0.434148  0.43073  0.430811  0.444422  0.483952  0.556394  0.651105  0.733754  0.761303  
0.737195  0.710218  0.629288  0.538899  0.473624  0.442395  0.435961  0.440756  0.44682  0.448885  0.444737  0.434019  0.418171  0.400753  0.386958  0.381681  0.386958  0.400753  0.418171  0.434019  0.444737  0.448885  0.44682  0.440756  0.435961  0.442395  0.473624  0.538899  0.629288  0.710218  0.737195  
0.71583  0.690012  0.61256  0.527767  0.469355  0.444682  0.443221  0.451157  0.458985  0.461815  0.45736  0.444894  0.42568  0.403876  0.386216  0.379382  0.386216  0.403876  0.42568  0.444894  0.45736  0.461815  0.458985  0.451157  0.443221  0.444682  0.469355  0.527767  0.61256  0.690012  0.71583  
0.697033  0.672769  0.59998  0.521363  0.469031  0.449159  0.450867  0.460753  0.469891  0.473592  0.469245  0.455462  0.433052  0.406654  0.384739  0.376154  0.384739  0.406654  0.433052  0.455462  0.469245  0.473592  0.469891  0.460753  0.450867  0.449159  0.469031  0.521363  0.59998  0.672769  0.697033  
0.680593  0.658127  0.590729  0.518428  0.471244  0.454613  0.458063  0.469033  0.479198  0.483939  0.480148  0.465541  0.440184  0.409055  0.38253  0.372004  0.38253  0.409055  0.440184  0.465541  0.480148  0.483939  0.479198  0.469033  0.458063  0.454613  0.471244  0.518428  0.590729  0.658127  0.680593  
0.666286  0.645747  0.584128  0.518033  0.475097  0.460419  0.464496  0.475873  0.486836  0.49276  0.489937  0.474989  0.446968  0.411013  0.379553  0.366911  0.379553  0.411013  0.446968  0.474989  0.489937  0.49276  0.486836  0.475873  0.464496  0.460419  0.475097  0.518033  0.584128  0.645747  0.666286  
0.65389  0.635324  0.579625  0.519504  0.480056  0.466338  0.470183  0.48142  0.492956  0.500141  0.498605  0.483726  0.45329  0.412431  0.375747  0.360829  0.375747  0.412431  0.45329  0.483726  0.498605  0.500141  0.492956  0.48142  0.470183  0.466338  0.480056  0.519504  0.579625  0.635324  0.65389  
0.643197  0.626593  0.576782  0.522366  0.485835  0.472373  0.475363  0.486017  0.497898  0.50633  0.506262  0.49172  0.459034  0.413184  0.371022  0.35369  0.371022  0.413184  0.459034  0.49172  0.506262  0.50633  0.497898  0.486017  0.475363  0.472373  0.485835  0.522366  0.576782  0.626593  0.643197  
0.634015  0.619325  0.575254  0.526287  0.492306  0.478679  0.480411  0.49015  0.502139  0.5117  0.513103  0.498974  0.464067  0.413107  0.365258  0.345405  0.365258  0.413107  0.464067  0.498974  0.513103  0.5117  0.502139  0.49015  0.480411  0.478679  0.492306  0.526287  0.575254  0.619325  0.634015  
0.626179  0.613327  0.574771  0.531034  0.499433  0.485483  0.485767  0.494366  0.506227  0.51669  0.519371  0.5055  0.468224  0.411991  0.358307  0.335869  0.358307  0.411991  0.468224  0.5055  0.519371  0.51669  0.506227  0.494366  0.485767  0.485483  0.499433  0.531034  0.574771  0.613327  0.626179  
0.619546  0.608441  0.575127  0.536438  0.507217  0.493017  0.491864  0.499212  0.51071  0.521742  0.525299  0.511268  0.471278  0.40957  0.349984  0.324957  0.349984  0.40957  0.471278  0.511268  0.525299  0.521742  0.51071  0.499212  0.491864  0.493017  0.507217  0.536438  0.575127  0.608441  0.619546  
0.613997  0.604537  0.57616  0.54237  0.51566  0.501471  0.499064  0.505154  0.516067  0.527233  0.531048  0.516163  0.472904  0.405499  0.340072  0.312525  0.340072  0.405499  0.472904  0.516163  0.531048  0.527233  0.516067  0.505154  0.499064  0.501471  0.51566  0.54237  0.57616  0.604537  0.613997  
0.609442  0.601518  0.577748  0.548718  0.524728  0.510945  0.507607  0.512523  0.522637  0.533401  0.536629  0.51991  0.472641  0.399348  0.32831  0.298416  0.32831  0.399348  0.472641  0.51991  0.536629  0.533401  0.522637  0.512523  0.507607  0.510945  0.524728  0.548718  0.577748  0.601518  0.609442  
0.605816  0.599312  0.579802  0.555379  0.534344  0.521429  0.517569  0.521463  0.53056  0.540264  0.541814  0.521997  0.469835  0.390572  0.314403  0.282457  0.314403  0.390572  0.469835  0.521997  0.541814  0.540264  0.53056  0.521463  0.517569  0.521429  0.534344  0.555379  0.579802  0.599312  0.605816  
0.603086  0.59788  0.582262  0.562257  0.544378  0.532796  0.528854  0.531899  0.539714  0.547519  0.545999  0.521554  0.463581  0.378505  0.298017  0.264471  0.298017  0.378505  0.463581  0.521554  0.545999  0.547519  0.539714  0.531899  0.528854  0.532796  0.544378  0.562257  0.582262  0.59788  0.603086  
0.601255  0.597217  0.585104  0.569268  0.554667  0.544815  0.541193  0.543501  0.549602  0.554353  0.548005  0.517211  0.452654  0.362346  0.278791  0.244282  0.278791  0.362346  0.452654  0.517211  0.548005  0.554353  0.549602  0.543501  0.541193  0.544815  0.554667  0.569268  0.585104  0.597217  0.601255  
0.600373  0.597368  0.588352  0.576366  0.565041  0.55718  0.554117  0.555548  0.559082  0.559093  0.545762  0.506909  0.435458  0.341169  0.256357  0.221731  0.256357  0.341169  0.435458  0.506909  0.545762  0.559093  0.559082  0.555548  0.554117  0.55718  0.565041  0.576366  0.588352  0.597368  0.600373  
0.60057  0.598457  0.592116  0.583573  0.575339  0.569421  0.566684  0.566412  0.565682  0.558544  0.535864  0.487721  0.410015  0.313972  0.230368  0.196697  0.230368  0.313972  0.410015  0.487721  0.535864  0.558544  0.565682  0.566412  0.566684  0.569421  0.575339  0.583573  0.592116  0.598457  0.60057  
0.602167  0.600772  0.596586  0.590815  0.584942  0.580042  0.576199  0.572019  0.564146  0.546957  0.51308  0.455779  0.374071  0.279776  0.200559  0.169123  0.200559  0.279776  0.374071  0.455779  0.51308  0.546957  0.564146  0.572019  0.576199  0.580042  0.584942  0.590815  0.596586  0.600772  0.602167  
0.603892  0.602856  0.599749  0.595062  0.589318  0.582632  0.574309  0.562531  0.544186  0.514992  0.470235  0.406567  0.325404  0.237813  0.166811  0.139055  0.166811  0.237813  0.325404  0.406567  0.470235  0.514992  0.544186  0.562531  0.574309  0.582632  0.589318  0.595062  0.599749  0.602856  0.603892  
0.590633  0.589311  0.585344  0.578747  0.569428  0.556982  0.540522  0.518593  0.489216  0.450121  0.399283  0.335916  0.262451  0.187798  0.129246  0.106675  0.129246  0.187798  0.262451  0.335916  0.399283  0.450121  0.489216  0.518593  0.540522  0.556982  0.569428  0.578747  0.585344  0.589311  0.590633  
0.514039  0.512098  0.506273  0.496518  0.482727  0.46468  0.442012  0.414214  0.38069  0.340887  0.294502  0.241908  0.185192  0.13026  0.0883163  0.0723314  0.0883163  0.13026  0.185192  0.241908  0.294502  0.340887  0.38069  0.414214  0.442012  0.46468  0.482727  0.496518  0.506273  0.512098  0.514039  
0.313731  0.312057  0.307035  0.298728  0.287224  0.272631  0.255058  0.234615  0.211418  0.185606  0.157385  0.127164  0.0960227  0.0667825  0.0448453  0.0365478  0.0448453  0.0667825  0.0960227  0.127164  0.157385  0.185606  0.211418  0.234615  0.255058  0.272631  0.287224  0.298728  0.307035  0.312057  0.313731  
0  0  0  0  0  0  0  0  0  0  0  0  0  0  0  0  0  0  0  0  0  0  0  0  0  0  0  0  0  0  0  
