1  1  1  1  1  1  1  1  1  1  1  1  1  1  1  1  1  1  1  1  1  1  1  1  1  1  1  1  1  1  1  
0.962695  0.955669  0.93459  0.905791  0.874696  0.844191  0.815444  0.788956  0.76501  0.743808  0.725514  0.710276  0.698234  0.68952  0.684242  0.682474  0.684242  0.68952  0.698234  0.710276  0.725514  0.743808  0.76501  0.788956  0.815444  0.844191  0.874696  0.905791  0.93459  0.955669  0.962695  
0.92607  0.912644  0.872367  0.818216  0.761434  0.70806  0.660379  0.61897  0.583713  0.554197  0.529932  0.510483  0.495536  0.484914  0.478545  0.476422  0.478545  0.484914  0.495536  0.510483  0.529932  0.554197  0.583713  0.61897  0.660379  0.70806  0.761434  0.818216  0.872367  0.912644  0.92607  
0.890763  0.872043  0.81588  0.742183  0.66831  0.603399  0.550228  0.508388  0.476171  0.451541  0.432663  0.418161  0.407183  0.399349  0.394596  0.392996  0.394596  0.399349  0.407183  0.418161  0.432663  0.451541  0.476171  0.508388  0.550228  0.603399  0.66831  0.742183  0.81588  0.872043  0.890763  
0.85733  0.834664  0.766666  0.680044  0.597942  0.5318  0.4836  0.45058  0.428487  0.413326  0.402116  0.393067  0.385458  0.379373  0.375342  0.373921  0.375342  0.379373  0.385458  0.393067  0.402116  0.413326  0.428487  0.45058  0.4836  0.5318  0.597942  0.680044  0.766666  0.834664  0.85733  
0.826198  0.80096  0.725248  0.631821  0.548559  0.487864  0.449579  0.427764  0.415608  0.40776  0.400928  0.393657  0.38593  0.378736  0.373541  0.371638  0.373541  0.378736  0.38593  0.393657  0.400928  0.40776  0.415608  0.427764  0.449579  0.487864  0.548559  0.631821  0.725248  0.80096  0.826198  
0.797641  0.771073  0.69137  0.596037  0.516193  0.463882  0.436091  0.423857  0.41863  0.414666  0.409014  0.400819  0.39079  0.380806  0.373349  0.370576  0.373349  0.380806  0.39079  0.400819  0.409014  0.414666  0.41863  0.423857  0.436091  0.463882  0.516193  0.596037  0.69137  0.771073  0.797641  
0.771786  0.744915  0.664303  0.570573  0.496509  0.452929  0.434057  0.428759  0.427763  0.425568  0.41968  0.409617  0.396523  0.38304  0.372752  0.368885  0.372752  0.38304  0.396523  0.409617  0.41968  0.425568  0.427763  0.428759  0.434057  0.452929  0.496509  0.570573  0.664303  0.744915  0.771786  
0.748629  0.72225  0.643112  0.553259  0.485771  0.449917  0.437825  0.437217  0.438827  0.437565  0.431157  0.41912  0.402735  0.385317  0.371735  0.366573  0.371735  0.385317  0.402735  0.41912  0.431157  0.437565  0.438827  0.437217  0.437825  0.449917  0.485771  0.553259  0.643112  0.72225  0.748629  
0.728072  0.702762  0.626833  0.542179  0.481128  0.4515  0.444208  0.446699  0.450074  0.449559  0.442798  0.428983  0.409267  0.387579  0.370267  0.363608  0.370267  0.387579  0.409267  0.428983  0.442798  0.449559  0.450074  0.446699  0.444208  0.4515  0.481128  0.542179  0.626833  0.702762  0.728072  
0.709952  0.686107  0.614573  0.535777  0.480557  0.455614  0.451497  0.455988  0.460686  0.460973  0.454185  0.43892  0.41596  0.389747  0.368302  0.359951  0.368302  0.389747  0.41596  0.43892  0.454185  0.460973  0.460686  0.455988  0.451497  0.455614  0.480557  0.535777  0.614573  0.686107  0.709952  
0.694068  0.67194  0.605554  0.532848  0.482689  0.461054  0.458823  0.464515  0.470253  0.471461  0.465007  0.448686  0.42265  0.391729  0.365784  0.355553  0.365784  0.391729  0.42265  0.448686  0.465007  0.471461  0.470253  0.464515  0.458823  0.461054  0.482689  0.532848  0.605554  0.67194  0.694068  
0.68021  0.659939  0.599123  0.532487  0.486633  0.467166  0.465812  0.472079  0.478624  0.48085  0.475067  0.458083  0.429176  0.393413  0.362638  0.350355  0.362638  0.393413  0.429176  0.458083  0.475067  0.48085  0.478624  0.472079  0.465812  0.467166  0.486633  0.532487  0.599123  0.659939  0.68021  
0.668166  0.649811  0.594746  0.534027  0.491833  0.473653  0.4724  0.478729  0.485856  0.48914  0.484283  0.466972  0.435383  0.394671  0.358775  0.344283  0.358775  0.394671  0.435383  0.466972  0.484283  0.48914  0.485856  0.478729  0.4724  0.473653  0.491833  0.534027  0.594746  0.649811  0.668166  
0.657734  0.641298  0.591989  0.536986  0.497964  0.480448  0.478724  0.4847  0.492175  0.496477  0.492681  0.475261  0.441115  0.395352  0.354087  0.337254  0.354087  0.395352  0.441115  0.475261  0.492681  0.496477  0.492175  0.4847  0.478724  0.480448  0.497964  0.536986  0.591989  0.641298  0.657734  
0.64873  0.634175  0.590507  0.541011  0.504845  0.487616  0.48505  0.49035  0.497933  0.50312  0.500368  0.482892  0.446205  0.395274  0.348444  0.329172  0.348444  0.395274  0.446205  0.482892  0.500368  0.50312  0.497933  0.49035  0.48505  0.487616  0.504845  0.541011  0.590507  0.634175  0.64873  
0.640988  0.628247  0.590021  0.54584  0.512381  0.495292  0.491698  0.496097  0.503547  0.509389  0.507491  0.489812  0.450452  0.394213  0.341691  0.319924  0.341691  0.394213  0.450452  0.489812  0.507491  0.509389  0.503547  0.496097  0.491698  0.495292  0.512381  0.54584  0.590021  0.628247  0.640988  
0.634362  0.623349  0.59031  0.551271  0.520509  0.503614  0.498983  0.502354  0.509433  0.515609  0.514188  0.495932  0.453601  0.391896  0.333645  0.309387  0.333645  0.391896  0.453601  0.495932  0.514188  0.515609  0.509433  0.502354  0.498983  0.503614  0.520509  0.551271  0.59031  0.623349  0.634362  
0.628726  0.619342  0.591192  0.557134  0.529166  0.51268  0.507153  0.509464  0.515944  0.52204  0.520534  0.501084  0.455312  0.387981  0.324089  0.29742  0.324089  0.387981  0.455312  0.501084  0.520534  0.52204  0.515944  0.509464  0.507153  0.51268  0.529166  0.557134  0.591192  0.619342  0.628726  
0.623971  0.616108  0.592518  0.563278  0.538258  0.522505  0.516343  0.517641  0.523304  0.52882  0.526463  0.504955  0.455115  0.382044  0.312776  0.283871  0.312776  0.382044  0.455115  0.504955  0.526463  0.52882  0.523304  0.517641  0.516343  0.522505  0.538258  0.563278  0.592518  0.616108  0.623971  
0.620009  0.613548  0.594163  0.569553  0.547645  0.533004  0.526542  0.526932  0.531557  0.535883  0.531691  0.50701  0.452366  0.373561  0.29942  0.268577  0.29942  0.373561  0.452366  0.50701  0.531691  0.535883  0.531557  0.526932  0.526542  0.533004  0.547645  0.569553  0.594163  0.613548  0.620009  
0.616767  0.611581  0.596022  0.57581  0.557137  0.543977  0.537572  0.537177  0.540496  0.54286  0.535584  0.506389  0.446189  0.361895  0.283707  0.25137  0.283707  0.361895  0.446189  0.506389  0.535584  0.54286  0.540496  0.537177  0.537572  0.543977  0.557137  0.57581  0.596022  0.611581  0.616767  
0.614187  0.610142  0.598006  0.581897  0.5665  0.555122  0.549088  0.54797  0.549563  0.548906  0.536971  0.501764  0.435416  0.34629  0.265298  0.232086  0.265298  0.34629  0.435416  0.501764  0.536971  0.548906  0.549563  0.54797  0.549088  0.555122  0.5665  0.581897  0.598006  0.610142  0.614187  
0.612227  0.609181  0.600043  0.587671  0.575473  0.566039  0.560531  0.558515  0.557574  0.552361  0.533849  0.491175  0.418539  0.325875  0.243846  0.210576  0.243846  0.325875  0.418539  0.491175  0.533849  0.552361  0.557574  0.558515  0.560531  0.566039  0.575473  0.587671  0.600043  0.609181  0.612227  
0.610857  0.608663  0.602081  0.592998  0.583738  0.576119  0.570851  0.567123  0.562077  0.550132  0.522973  0.471855  0.393703  0.299715  0.219032  0.18673  0.219032  0.299715  0.393703  0.471855  0.522973  0.550132  0.562077  0.567123  0.570851  0.576119  0.583738  0.592998  0.602081  0.608663  0.610857  
0.610097  0.608576  0.604014  0.597514  0.590423  0.583674  0.577252  0.569753  0.557981  0.536739  0.499403  0.44018  0.358802  0.266899  0.190609  0.160496  0.190609  0.266899  0.358802  0.44018  0.499403  0.536739  0.557981  0.569753  0.577252  0.583674  0.590423  0.597514  0.604014  0.608576  0.610097  
0.608171  0.606973  0.603381  0.597827  0.59076  0.582231  0.57153  0.556913  0.535485  0.503363  0.456414  0.39194  0.311782  0.226722  0.158473  0.13192  0.158473  0.226722  0.311782  0.39194  0.456414  0.503363  0.535485  0.556913  0.57153  0.582231  0.59076  0.597827  0.603381  0.606973  0.608171  
0.589917  0.588441  0.584013  0.576631  0.566189  0.552288  0.534088  0.510242  0.478965  0.438277  0.386517  0.323282  0.25121  0.178937  0.122744  0.101175  0.122744  0.178937  0.25121  0.323282  0.386517  0.438277  0.478965  0.510242  0.534088  0.552288  0.566189  0.576631  0.584013  0.588441  0.589917  
0.509009  0.506978  0.500885  0.490688  0.476292  0.457506  0.434012  0.405381  0.371132  0.330865  0.284464  0.232486  0.177115  0.124057  0.083851  0.0685878  0.083851  0.124057  0.177115  0.232486  0.284464  0.330865  0.371132  0.405381  0.434012  0.457506  0.476292  0.490688  0.500885  0.506978  0.509009  
0.308737  0.307041  0.301951  0.293533  0.281885  0.267125  0.249383  0.2288  0.205532  0.179774  0.151802  0.1221  0.0917858  0.0635829  0.0425706  0.0346518  0.0425706  0.0635829  0.0917858  0.1221  0.151802  0.179774  0.205532  0.2288  0.249383  0.267125  0.281885  0.293533  0.301951  0.307041  0.308737  
0  0  0  0  0  0  0  0  0  0  0  0  0  0  0  0  0  0  0  0  0  0  0  0  0  0  0  0  0  0  0  
