1  1  1  1  1  1  1  1  1  1  1  1  1  1  1  1  1  1  1  1  1  1  1  1  1  1  1  1  1  1  1  
0.962791  0.955832  0.934956  0.906439  0.875648  0.845427  0.816927  0.790643  0.766863  0.745793  0.727604  0.712447  0.700468  0.691796  0.686544  0.684784  0.686544  0.691796  0.700468  0.712447  0.727604  0.745793  0.766863  0.790643  0.816927  0.845427  0.875648  0.906439  0.934956  0.955832  0.962791  
0.926259  0.912963  0.873077  0.819461  0.763238  0.710358  0.663067  0.621941  0.586875  0.557479  0.533286  0.513878  0.498955  0.488346  0.481985  0.479864  0.481985  0.488346  0.498955  0.513878  0.533286  0.557479  0.586875  0.621941  0.663067  0.710358  0.763238  0.819461  0.873077  0.912963  0.926259  
0.891039  0.872502  0.816892  0.743935  0.670794  0.60647  0.553685  0.512039  0.479868  0.455189  0.436218  0.421614  0.410551  0.402655  0.397866  0.396256  0.397866  0.402655  0.410551  0.421614  0.436218  0.455189  0.479868  0.512039  0.553685  0.60647  0.670794  0.743935  0.816892  0.872502  0.891039  
0.857682  0.835243  0.767925  0.682187  0.600902  0.535326  0.487381  0.454345  0.432057  0.416617  0.405125  0.395839  0.388058  0.381867  0.377781  0.376343  0.377781  0.381867  0.388058  0.395839  0.405125  0.416617  0.432057  0.454345  0.487381  0.535326  0.600902  0.682187  0.767925  0.835243  0.857682  
0.826612  0.801633  0.726694  0.634236  0.551798  0.491564  0.453331  0.431248  0.418649  0.410323  0.403076  0.3955  0.387587  0.380301  0.375072  0.373162  0.375072  0.380301  0.387587  0.3955  0.403076  0.410323  0.418649  0.431248  0.453331  0.491564  0.551798  0.634236  0.726694  0.801633  0.826612  
0.798102  0.771812  0.69294  0.598611  0.519543  0.467543  0.439583  0.426841  0.420967  0.416384  0.410246  0.401742  0.391565  0.381547  0.374105  0.371344  0.374105  0.381547  0.391565  0.401742  0.410246  0.416384  0.420967  0.426841  0.439583  0.467543  0.519543  0.598611  0.69294  0.771812  0.798102  
0.772275  0.745691  0.665938  0.573206  0.499837  0.456407  0.437159  0.431152  0.429351  0.426441  0.420035  0.409686  0.396511  0.383075  0.372869  0.36904  0.372869  0.383075  0.396511  0.409686  0.420035  0.426441  0.429351  0.431152  0.437159  0.456407  0.499837  0.573206  0.665938  0.745691  0.772275  
0.749126  0.723034  0.644755  0.555867  0.488979  0.453123  0.440479  0.439001  0.439684  0.437634  0.43069  0.418404  0.402014  0.38474  0.371319  0.366225  0.371319  0.38474  0.402014  0.418404  0.43069  0.437634  0.439684  0.439001  0.440479  0.453123  0.488979  0.555867  0.644755  0.723034  0.749126  
0.728555  0.703525  0.628435  0.544693  0.484145  0.454385  0.446401  0.447896  0.450245  0.448881  0.44157  0.42754  0.407903  0.386463  0.369401  0.362845  0.369401  0.386463  0.407903  0.42754  0.44157  0.448881  0.450245  0.447896  0.446401  0.454385  0.484145  0.544693  0.628435  0.703525  0.728555  
0.710398  0.686821  0.61609  0.538141  0.483334  0.458154  0.45324  0.45664  0.460231  0.459612  0.452254  0.436806  0.414007  0.388153  0.367055  0.358845  0.367055  0.388153  0.414007  0.436806  0.452254  0.459612  0.460231  0.45664  0.45324  0.458154  0.483334  0.538141  0.61609  0.686821  0.710398  
0.694455  0.672578  0.606946  0.535016  0.48519  0.463239  0.46014  0.464672  0.469238  0.469484  0.462434  0.445952  0.420156  0.389708  0.364211  0.354164  0.364211  0.389708  0.420156  0.445952  0.462434  0.469484  0.469238  0.464672  0.46014  0.463239  0.48519  0.535016  0.606946  0.672578  0.694455  
0.680513  0.660473  0.600354  0.534419  0.48883  0.468995  0.466731  0.471793  0.477113  0.478325  0.471913  0.454783  0.426187  0.39101  0.36079  0.348733  0.36079  0.39101  0.426187  0.454783  0.471913  0.478325  0.477113  0.471793  0.466731  0.468995  0.48883  0.534419  0.600354  0.660473  0.680513  
0.668359  0.650214  0.595781  0.53569  0.493704  0.475125  0.472944  0.478046  0.483908  0.48613  0.480608  0.463155  0.431943  0.391929  0.356696  0.342475  0.356696  0.391929  0.431943  0.463155  0.480608  0.48613  0.483908  0.478046  0.472944  0.475125  0.493704  0.53569  0.595781  0.650214  0.668359  
0.657792  0.641543  0.592798  0.538347  0.499485  0.481556  0.478909  0.483654  0.489841  0.493038  0.48854  0.470977  0.437267  0.392311  0.351816  0.3353  0.351816  0.392311  0.437267  0.470977  0.48854  0.493038  0.489841  0.483654  0.478909  0.481556  0.499485  0.538347  0.592798  0.641543  0.657792  
0.648625  0.634233  0.591057  0.542039  0.505991  0.488348  0.484878  0.488962  0.495247  0.499297  0.495808  0.478186  0.44199  0.391971  0.346019  0.327108  0.346019  0.391971  0.44199  0.478186  0.495808  0.499297  0.495247  0.488962  0.484878  0.488348  0.505991  0.542039  0.591057  0.634233  0.648625  
0.64069  0.628088  0.590282  0.546503  0.513122  0.495626  0.491159  0.49437  0.500527  0.505212  0.50255  0.484726  0.445912  0.390688  0.339148  0.317786  0.339148  0.390688  0.445912  0.484726  0.50255  0.505212  0.500527  0.49437  0.491159  0.495626  0.513122  0.546503  0.590282  0.628088  0.64069  
0.633838  0.62294  0.590249  0.551536  0.520813  0.503519  0.498052  0.500274  0.50608  0.511093  0.508897  0.490506  0.448779  0.388189  0.331017  0.307206  0.331017  0.388189  0.448779  0.490506  0.508897  0.511093  0.50608  0.500274  0.498052  0.503519  0.520813  0.551536  0.590249  0.62294  0.633838  
0.627939  0.618647  0.590773  0.556966  0.528995  0.512115  0.505793  0.507001  0.512241  0.517189  0.514914  0.495356  0.450253  0.384135  0.321414  0.295229  0.321414  0.384135  0.450253  0.495356  0.514914  0.517189  0.512241  0.507001  0.505793  0.512115  0.528995  0.556966  0.590773  0.618647  0.627939  
0.62288  0.615086  0.591702  0.562637  0.53757  0.521425  0.514506  0.514753  0.519223  0.523626  0.520533  0.498963  0.449869  0.378105  0.310089  0.2817  0.310089  0.378105  0.449869  0.498963  0.520533  0.523626  0.519223  0.514753  0.514506  0.521425  0.53757  0.562637  0.591702  0.615086  0.62288  
0.618566  0.612151  0.592906  0.568396  0.546393  0.531356  0.524171  0.523566  0.527058  0.530331  0.525466  0.500799  0.446989  0.36958  0.29676  0.266458  0.29676  0.36958  0.446989  0.500799  0.525466  0.530331  0.527058  0.523566  0.524171  0.531356  0.546393  0.568396  0.592906  0.612151  0.618566  
0.614913  0.609753  0.594272  0.574087  0.55527  0.541705  0.534608  0.533277  0.535539  0.536937  0.529086  0.500013  0.440748  0.357932  0.281113  0.249334  0.281113  0.357932  0.440748  0.500013  0.529086  0.536937  0.535539  0.533277  0.534608  0.541705  0.55527  0.574087  0.594272  0.609753  0.614913  
0.611853  0.607815  0.5957  0.579551  0.563961  0.552165  0.545467  0.543479  0.54411  0.542609  0.53024  0.495296  0.429995  0.34241  0.262813  0.230164  0.262813  0.34241  0.429995  0.495296  0.53024  0.542609  0.54411  0.543479  0.545467  0.552165  0.563961  0.579551  0.5957  0.607815  0.611853  
0.609324  0.606269  0.597102  0.584631  0.572194  0.562333  0.556194  0.553385  0.551607  0.545716  0.526959  0.484716  0.413239  0.322157  0.241516  0.2088  0.241516  0.322157  0.413239  0.484716  0.526959  0.545716  0.551607  0.553385  0.556194  0.562333  0.572194  0.584631  0.597102  0.606269  0.609324  
0.607273  0.605056  0.598405  0.589173  0.57964  0.571594  0.565744  0.561333  0.55562  0.543218  0.516046  0.46555  0.388651  0.296244  0.216904  0.18513  0.216904  0.296244  0.388651  0.46555  0.516046  0.543218  0.55562  0.561333  0.565744  0.571594  0.57964  0.589173  0.598405  0.605056  0.607273  
0.605682  0.604129  0.599472  0.592795  0.585422  0.578279  0.571371  0.563355  0.551153  0.529732  0.492647  0.434224  0.354152  0.263773  0.188732  0.159104  0.188732  0.263773  0.354152  0.434224  0.492647  0.529732  0.551153  0.563355  0.571371  0.578279  0.585422  0.592795  0.599472  0.604129  0.605682  
0.60278  0.601551  0.597864  0.592148  0.584851  0.576035  0.565023  0.550138  0.52858  0.496587  0.450138  0.386589  0.307713  0.224044  0.156896  0.130765  0.156896  0.224044  0.307713  0.386589  0.450138  0.496587  0.52858  0.550138  0.565023  0.576035  0.584851  0.592148  0.597864  0.601551  0.60278  
0.583686  0.582193  0.577716  0.570256  0.559719  0.545725  0.527466  0.503647  0.472544  0.432245  0.381142  0.318843  0.247918  0.176811  0.121513  0.100282  0.121513  0.176811  0.247918  0.318843  0.381142  0.432245  0.472544  0.503647  0.527466  0.545725  0.559719  0.570256  0.577716  0.582193  0.583686  
0.502929  0.500905  0.494831  0.48467  0.470337  0.451653  0.428319  0.399929  0.36603  0.326247  0.280481  0.229284  0.174788  0.122577  0.0830054  0.0679795  0.0830054  0.122577  0.174788  0.229284  0.280481  0.326247  0.36603  0.399929  0.428319  0.451653  0.470337  0.48467  0.494831  0.500905  0.502929  
0.304797  0.303115  0.29807  0.289727  0.278187  0.26357  0.246012  0.225657  0.202668  0.177247  0.14967  0.120416  0.0905783  0.0628228  0.0421399  0.0343436  0.0421399  0.0628228  0.0905783  0.120416  0.14967  0.177247  0.202668  0.225657  0.246012  0.26357  0.278187  0.289727  0.29807  0.303115  0.304797  
0  0  0  0  0  0  0  0  0  0  0  0  0  0  0  0  0  0  0  0  0  0  0  0  0  0  0  0  0  0  0  
