1  1  1  1  1  1  1  1  1  1  1  1  1  1  1  1  1  1  1  1  1  1  1  1  1  1  1  1  1  1  1  
0.962747  0.955782  0.93489  0.906354  0.875546  0.845312  0.816803  0.790513  0.766728  0.745656  0.727465  0.712307  0.700327  0.691656  0.686403  0.684644  0.686403  0.691656  0.700327  0.712307  0.727465  0.745656  0.766728  0.790513  0.816803  0.845312  0.875546  0.906354  0.93489  0.955782  0.962747  
0.926171  0.912865  0.872948  0.819297  0.763045  0.710147  0.662846  0.621716  0.586651  0.557258  0.53307  0.513667  0.498749  0.488143  0.481785  0.479664  0.481785  0.488143  0.498749  0.513667  0.53307  0.557258  0.586651  0.621716  0.662846  0.710147  0.763045  0.819297  0.872948  0.912865  0.926171  
0.890909  0.872358  0.816706  0.743704  0.67053  0.606191  0.553405  0.511767  0.47961  0.454947  0.435991  0.421402  0.41035  0.402464  0.397681  0.396072  0.397681  0.402464  0.41035  0.421402  0.435991  0.454947  0.47961  0.511767  0.553405  0.606191  0.67053  0.743704  0.816706  0.872358  0.890909  
0.857512  0.835057  0.76769  0.681902  0.600588  0.535006  0.487074  0.454061  0.431799  0.416385  0.404917  0.395651  0.387887  0.381708  0.37763  0.376194  0.37763  0.381708  0.387887  0.395651  0.404917  0.416385  0.431799  0.454061  0.487074  0.535006  0.600588  0.681902  0.76769  0.835057  0.857512  
0.826405  0.801408  0.726417  0.633909  0.551449  0.491221  0.453015  0.430966  0.418401  0.410106  0.402885  0.395332  0.387436  0.380164  0.374944  0.373036  0.374944  0.380164  0.387436  0.395332  0.402885  0.410106  0.418401  0.430966  0.453015  0.491221  0.551449  0.633909  0.726417  0.801408  0.826405  
0.79786  0.771552  0.692629  0.598253  0.519171  0.467189  0.439264  0.426563  0.420724  0.416171  0.41006  0.401579  0.391421  0.381419  0.373987  0.37123  0.373987  0.381419  0.391421  0.401579  0.41006  0.416171  0.420724  0.426563  0.439264  0.467189  0.519171  0.598253  0.692629  0.771552  0.79786  
0.772002  0.745401  0.665597  0.572823  0.499448  0.456044  0.436837  0.430871  0.429104  0.426222  0.419842  0.409518  0.396366  0.382949  0.372756  0.368932  0.372756  0.382949  0.396366  0.409518  0.419842  0.426222  0.429104  0.430871  0.436837  0.456044  0.499448  0.572823  0.665597  0.745401  0.772002  
0.748825  0.722716  0.64439  0.555465  0.488576  0.452751  0.440149  0.43871  0.439423  0.4374  0.430483  0.418224  0.401862  0.384611  0.371207  0.366119  0.371207  0.384611  0.401862  0.418224  0.430483  0.4374  0.439423  0.43871  0.440149  0.452751  0.488576  0.555465  0.64439  0.722716  0.748825  
0.728228  0.703183  0.628049  0.544275  0.48373  0.454001  0.446057  0.447586  0.449964  0.448625  0.441341  0.427344  0.40774  0.38633  0.369289  0.36274  0.369289  0.38633  0.40774  0.427344  0.441341  0.448625  0.449964  0.447586  0.446057  0.454001  0.48373  0.544275  0.628049  0.703183  0.728228  
0.710047  0.686456  0.615685  0.537708  0.482906  0.457755  0.452877  0.456307  0.459923  0.459329  0.452001  0.43659  0.413831  0.388014  0.366941  0.358741  0.366941  0.388014  0.413831  0.43659  0.452001  0.459329  0.459923  0.456307  0.452877  0.457755  0.482906  0.537708  0.615685  0.686456  0.710047  
0.694082  0.672192  0.606524  0.534569  0.484747  0.462822  0.459754  0.464311  0.468898  0.46917  0.462154  0.445715  0.419966  0.389562  0.364097  0.354061  0.364097  0.389562  0.419966  0.445715  0.462154  0.46917  0.468898  0.464311  0.459754  0.462822  0.484747  0.534569  0.606524  0.672192  0.694082  
0.68012  0.660069  0.599916  0.533958  0.488371  0.468558  0.466318  0.4714  0.47674  0.477978  0.471603  0.454523  0.425982  0.390858  0.360674  0.348631  0.360674  0.390858  0.425982  0.454523  0.471603  0.477978  0.47674  0.4714  0.466318  0.468558  0.488371  0.533958  0.599916  0.660069  0.68012  
0.667948  0.649793  0.595329  0.535215  0.493228  0.474665  0.472502  0.477621  0.483502  0.48575  0.480269  0.462872  0.431724  0.39177  0.356579  0.342374  0.356579  0.39177  0.431724  0.462872  0.480269  0.48575  0.483502  0.477621  0.472502  0.474665  0.493228  0.535215  0.595329  0.649793  0.667948  
0.657363  0.641105  0.592332  0.537859  0.498992  0.481073  0.478438  0.483197  0.4894  0.492625  0.488172  0.470672  0.437034  0.392145  0.351699  0.3352  0.351699  0.392145  0.437034  0.470672  0.488172  0.492625  0.4894  0.483197  0.478438  0.481073  0.498992  0.537859  0.592332  0.641105  0.657363  
0.64818  0.63378  0.590578  0.541537  0.505481  0.487842  0.484379  0.488473  0.494774  0.498853  0.495414  0.477861  0.441744  0.391801  0.345902  0.327011  0.345902  0.391801  0.441744  0.477861  0.495414  0.498853  0.494774  0.488473  0.484379  0.487842  0.505481  0.541537  0.590578  0.63378  0.64818  
0.640229  0.62762  0.589791  0.545988  0.512595  0.495097  0.490634  0.493852  0.500024  0.504741  0.502133  0.484384  0.445656  0.390515  0.339032  0.317691  0.339032  0.390515  0.445656  0.484384  0.502133  0.504741  0.500024  0.493852  0.490634  0.495097  0.512595  0.545988  0.589791  0.62762  0.640229  
0.633363  0.622458  0.589745  0.551008  0.520271  0.50297  0.497503  0.49973  0.505552  0.510599  0.508461  0.49015  0.448516  0.388014  0.330904  0.307115  0.330904  0.388014  0.448516  0.49015  0.508461  0.510599  0.505552  0.49973  0.497503  0.50297  0.520271  0.551008  0.589745  0.622458  0.633363  
0.627449  0.618151  0.590257  0.556427  0.528439  0.511549  0.505223  0.506436  0.511692  0.516677  0.514463  0.49499  0.449986  0.383959  0.321304  0.295142  0.321304  0.383959  0.449986  0.49499  0.514463  0.516677  0.511692  0.506436  0.505223  0.511549  0.528439  0.556427  0.590257  0.618151  0.627449  
0.622377  0.614577  0.591175  0.562088  0.537002  0.520845  0.51392  0.514172  0.518659  0.523101  0.520073  0.498592  0.4496  0.377931  0.309982  0.281618  0.309982  0.377931  0.4496  0.498592  0.520073  0.523101  0.518659  0.514172  0.51392  0.520845  0.537002  0.562088  0.591175  0.614577  0.622377  
0.61805  0.611629  0.592368  0.567838  0.545816  0.530766  0.523575  0.522974  0.526486  0.5298  0.525003  0.500429  0.446723  0.369411  0.296659  0.266381  0.296659  0.369411  0.446723  0.500429  0.525003  0.5298  0.526486  0.522974  0.523575  0.530766  0.545816  0.567838  0.592368  0.611629  0.61805  
0.614385  0.60922  0.593725  0.573521  0.554687  0.541109  0.534006  0.532681  0.534965  0.536408  0.528627  0.499648  0.440489  0.35777  0.281018  0.249263  0.281018  0.35777  0.440489  0.499648  0.528627  0.536408  0.534965  0.532681  0.534006  0.541109  0.554687  0.573521  0.593725  0.60922  0.614385  
0.611314  0.607272  0.595145  0.57898  0.563374  0.551567  0.544865  0.542886  0.543542  0.542089  0.529793  0.494943  0.429746  0.342257  0.262725  0.2301  0.262725  0.342257  0.429746  0.494943  0.529793  0.542089  0.543542  0.542886  0.544865  0.551567  0.563374  0.57898  0.595145  0.607272  0.611314  
0.608776  0.605717  0.596541  0.584057  0.571608  0.561738  0.555598  0.552801  0.551053  0.545212  0.52653  0.484382  0.413007  0.322015  0.241436  0.208743  0.241436  0.322015  0.413007  0.484382  0.52653  0.545212  0.551053  0.552801  0.555598  0.561738  0.571608  0.584057  0.596541  0.605717  0.608776  
0.606717  0.604498  0.597841  0.5886  0.579058  0.571008  0.565163  0.560769  0.55509  0.542743  0.515646  0.465242  0.388439  0.296117  0.216834  0.18508  0.216834  0.296117  0.388439  0.465242  0.515646  0.542743  0.55509  0.560769  0.565163  0.571008  0.579058  0.5886  0.597841  0.604498  0.606717  
0.605125  0.603571  0.59891  0.592228  0.584852  0.577712  0.570815  0.562823  0.550659  0.529296  0.492285  0.43395  0.353966  0.263662  0.188672  0.159062  0.188672  0.263662  0.353966  0.43395  0.492285  0.529296  0.550659  0.562823  0.570815  0.577712  0.584852  0.592228  0.59891  0.603571  0.605125  
0.602234  0.601005  0.597317  0.591603  0.584309  0.575503  0.56451  0.549655  0.528141  0.496206  0.449827  0.386356  0.307557  0.223953  0.156847  0.130731  0.156847  0.223953  0.307557  0.386356  0.449827  0.496206  0.528141  0.549655  0.56451  0.575503  0.584309  0.591603  0.597317  0.601005  0.602234  
0.58318  0.581689  0.577214  0.569762  0.559236  0.545258  0.527024  0.50324  0.472181  0.431935  0.380894  0.31866  0.247796  0.176741  0.121476  0.100256  0.121476  0.176741  0.247796  0.31866  0.380894  0.431935  0.472181  0.50324  0.527024  0.545258  0.559236  0.569762  0.577214  0.581689  0.58318  
0.502523  0.5005  0.494432  0.484281  0.469962  0.451297  0.427988  0.399629  0.365768  0.326028  0.280307  0.229157  0.174705  0.122529  0.0829802  0.0679623  0.0829802  0.122529  0.174705  0.229157  0.280307  0.326028  0.365768  0.399629  0.427988  0.451297  0.469962  0.484281  0.494432  0.5005  0.502523  
0.304565  0.302885  0.297844  0.289509  0.277979  0.263375  0.245833  0.225497  0.20253  0.177132  0.14958  0.120351  0.0905361  0.0627986  0.0421273  0.0343349  0.0421273  0.0627986  0.0905361  0.120351  0.14958  0.177132  0.20253  0.225497  0.245833  0.263375  0.277979  0.289509  0.297844  0.302885  0.304565  
0  0  0  0  0  0  0  0  0  0  0  0  0  0  0  0  0  0  0  0  0  0  0  0  0  0  0  0  0  0  0  
