1  1  1  1  1  1  1  1  1  1  1  1  1  1  1  1  1  1  1  1  1  1  1  1  1  1  1  1  1  1  1  
0.962731  0.955764  0.934861  0.906313  0.875494  0.845249  0.81673  0.790432  0.766641  0.745564  0.727369  0.712208  0.700226  0.691553  0.6863  0.68454  0.6863  0.691553  0.700226  0.712208  0.727369  0.745564  0.766641  0.790432  0.81673  0.845249  0.875494  0.906313  0.934861  0.955764  0.962731  
0.926139  0.912828  0.872893  0.819219  0.762945  0.710028  0.662714  0.621573  0.586501  0.557104  0.532913  0.513509  0.49859  0.487984  0.481626  0.479505  0.481626  0.487984  0.49859  0.513509  0.532913  0.557104  0.586501  0.621573  0.662714  0.710028  0.762945  0.819219  0.872893  0.912828  0.926139  
0.890862  0.872304  0.816627  0.743594  0.670392  0.606031  0.553232  0.511588  0.479429  0.454767  0.435815  0.42123  0.410182  0.402299  0.397518  0.39591  0.397518  0.402299  0.410182  0.42123  0.435815  0.454767  0.479429  0.511588  0.553232  0.606031  0.670392  0.743594  0.816627  0.872304  0.890862  
0.857452  0.834986  0.76759  0.681766  0.600421  0.53482  0.48688  0.453867  0.431611  0.416206  0.404747  0.39549  0.387733  0.38156  0.377484  0.37605  0.377484  0.38156  0.387733  0.39549  0.404747  0.416206  0.431611  0.453867  0.48688  0.53482  0.600421  0.681766  0.76759  0.834986  0.857452  
0.826331  0.801323  0.726299  0.633753  0.551263  0.49102  0.452812  0.430771  0.418219  0.409938  0.402729  0.395187  0.387301  0.380034  0.374818  0.372912  0.374818  0.380034  0.387301  0.395187  0.402729  0.409938  0.418219  0.430771  0.452812  0.49102  0.551263  0.633753  0.726299  0.801323  0.826331  
0.797775  0.771455  0.692496  0.598081  0.518972  0.466981  0.439061  0.426372  0.42055  0.416014  0.409918  0.401448  0.3913  0.381304  0.373877  0.37112  0.373877  0.381304  0.3913  0.401448  0.409918  0.416014  0.42055  0.426372  0.439061  0.466981  0.518972  0.598081  0.692496  0.771455  0.797775  
0.771905  0.745292  0.665453  0.572641  0.499242  0.455832  0.436635  0.430686  0.428938  0.426074  0.419709  0.409398  0.396256  0.382846  0.372657  0.368834  0.372657  0.382846  0.396256  0.409398  0.419709  0.426074  0.428938  0.430686  0.436635  0.455832  0.499242  0.572641  0.665453  0.745292  0.771905  
0.748719  0.722598  0.644237  0.555275  0.488366  0.452539  0.439949  0.438528  0.439262  0.437259  0.430358  0.418112  0.401761  0.384518  0.371117  0.366031  0.371117  0.384518  0.401761  0.418112  0.430358  0.437259  0.439262  0.438528  0.439949  0.452539  0.488366  0.555275  0.644237  0.722598  0.748719  
0.728113  0.703057  0.627889  0.54408  0.483517  0.453788  0.445858  0.447408  0.449807  0.448488  0.441222  0.427239  0.407646  0.386244  0.369207  0.36266  0.369207  0.386244  0.407646  0.427239  0.441222  0.448488  0.449807  0.447408  0.445858  0.453788  0.483517  0.54408  0.627889  0.703057  0.728113  
0.709925  0.686324  0.61552  0.537511  0.482691  0.457542  0.452679  0.45613  0.459768  0.459195  0.451885  0.43649  0.413743  0.387934  0.366866  0.358668  0.366866  0.387934  0.413743  0.43649  0.451885  0.459195  0.459768  0.45613  0.452679  0.457542  0.482691  0.537511  0.61552  0.686324  0.709925  
0.693954  0.672054  0.606355  0.53437  0.484532  0.46261  0.459556  0.464134  0.468744  0.469037  0.46204  0.445618  0.419882  0.389488  0.364028  0.353993  0.364028  0.389488  0.419882  0.445618  0.46204  0.469037  0.468744  0.464134  0.459556  0.46261  0.484532  0.53437  0.606355  0.672054  0.693954  
0.679986  0.659926  0.599745  0.533759  0.488157  0.468345  0.46612  0.471223  0.476585  0.477845  0.471492  0.454429  0.425903  0.390788  0.36061  0.348569  0.36061  0.390788  0.425903  0.454429  0.471492  0.477845  0.476585  0.471223  0.46612  0.468345  0.488157  0.533759  0.599745  0.659926  0.679986  
0.66781  0.649647  0.595157  0.535016  0.493015  0.474453  0.472303  0.477441  0.483345  0.485617  0.480158  0.462781  0.431648  0.391705  0.35652  0.342316  0.35652  0.391705  0.431648  0.462781  0.480158  0.485617  0.483345  0.477441  0.472303  0.474453  0.493015  0.535016  0.595157  0.649647  0.66781  
0.657222  0.640956  0.592159  0.537661  0.49878  0.480862  0.478239  0.483016  0.489242  0.492492  0.488063  0.470583  0.436962  0.392085  0.351645  0.335148  0.351645  0.392085  0.436962  0.470583  0.488063  0.492492  0.489242  0.483016  0.478239  0.480862  0.49878  0.537661  0.592159  0.640956  0.657222  
0.648036  0.633628  0.590406  0.541342  0.505271  0.487632  0.48418  0.488291  0.494615  0.498719  0.495305  0.477775  0.441676  0.391744  0.345852  0.326962  0.345852  0.391744  0.441676  0.477775  0.495305  0.498719  0.494615  0.488291  0.48418  0.487632  0.505271  0.541342  0.590406  0.633628  0.648036  
0.640083  0.627467  0.589619  0.545796  0.51239  0.49489  0.490435  0.493671  0.499865  0.504608  0.502025  0.4843  0.445591  0.390462  0.338986  0.317647  0.338986  0.390462  0.445591  0.4843  0.502025  0.504608  0.499865  0.493671  0.490435  0.49489  0.51239  0.545796  0.589619  0.627467  0.640083  
0.633215  0.622305  0.589575  0.55082  0.52007  0.502766  0.497307  0.499551  0.505394  0.510467  0.508356  0.490069  0.448455  0.387965  0.330861  0.307075  0.330861  0.387965  0.448455  0.490069  0.508356  0.510467  0.505394  0.499551  0.497307  0.502766  0.52007  0.55082  0.589575  0.622305  0.633215  
0.627302  0.617999  0.59009  0.556243  0.528244  0.511351  0.505032  0.506259  0.511537  0.516548  0.514361  0.494913  0.449928  0.383914  0.321265  0.295105  0.321265  0.383914  0.449928  0.494913  0.514361  0.516548  0.511537  0.506259  0.505032  0.511351  0.528244  0.556243  0.59009  0.617999  0.627302  
0.62223  0.614425  0.591011  0.56191  0.536813  0.520654  0.513735  0.514  0.518509  0.522976  0.519975  0.498519  0.449546  0.377889  0.309947  0.281585  0.309947  0.377889  0.449546  0.498519  0.519975  0.522976  0.518509  0.514  0.513735  0.520654  0.536813  0.56191  0.591011  0.614425  0.62223  
0.617904  0.61148  0.592209  0.567666  0.545636  0.530583  0.523398  0.522811  0.526343  0.529682  0.524911  0.500361  0.446673  0.369373  0.296627  0.266351  0.296627  0.369373  0.446673  0.500361  0.524911  0.529682  0.526343  0.522811  0.523398  0.530583  0.545636  0.567666  0.592209  0.61148  0.617904  
0.614242  0.609074  0.593571  0.573358  0.554516  0.540937  0.533839  0.532527  0.534831  0.536297  0.528542  0.499586  0.440444  0.357736  0.28099  0.249236  0.28099  0.357736  0.440444  0.499586  0.528542  0.536297  0.534831  0.532527  0.533839  0.540937  0.554516  0.573358  0.593571  0.609074  0.614242  
0.611174  0.60713  0.594997  0.578825  0.563215  0.551408  0.544712  0.542744  0.543419  0.541989  0.529716  0.494888  0.429707  0.342227  0.2627  0.230076  0.2627  0.342227  0.429707  0.494888  0.529716  0.541989  0.543419  0.542744  0.544712  0.551408  0.563215  0.578825  0.594997  0.60713  0.611174  
0.608642  0.605582  0.596402  0.583913  0.571461  0.561592  0.555459  0.552675  0.550944  0.545124  0.526463  0.484334  0.412972  0.321989  0.241414  0.208722  0.241414  0.321989  0.412972  0.484334  0.526463  0.545124  0.550944  0.552675  0.555459  0.561592  0.571461  0.583913  0.596402  0.605582  0.608642  
0.606591  0.604371  0.597711  0.588468  0.578926  0.570879  0.565041  0.560658  0.554996  0.542667  0.515589  0.465201  0.38841  0.296094  0.216815  0.185062  0.216815  0.296094  0.38841  0.465201  0.515589  0.542667  0.554996  0.560658  0.565041  0.570879  0.578926  0.588468  0.597711  0.604371  0.606591  
0.605009  0.603455  0.598793  0.592111  0.584737  0.577601  0.570711  0.56273  0.550581  0.529233  0.492239  0.433916  0.353942  0.263644  0.188657  0.159047  0.188657  0.263644  0.353942  0.433916  0.492239  0.529233  0.550581  0.56273  0.570711  0.577601  0.584737  0.592111  0.598793  0.603455  0.605009  
0.602133  0.600904  0.597218  0.591504  0.584214  0.575413  0.564427  0.549582  0.52808  0.496157  0.449791  0.38633  0.307538  0.223938  0.156835  0.130719  0.156835  0.223938  0.307538  0.38633  0.449791  0.496157  0.52808  0.549582  0.564427  0.575413  0.584214  0.591504  0.597218  0.600904  0.602133  
0.583101  0.58161  0.577137  0.569686  0.559163  0.545191  0.526963  0.503186  0.472137  0.4319  0.380868  0.318641  0.247782  0.17673  0.121467  0.100248  0.121467  0.17673  0.247782  0.318641  0.380868  0.4319  0.472137  0.503186  0.526963  0.545191  0.559163  0.569686  0.577137  0.58161  0.583101  
0.502469  0.500446  0.494379  0.48423  0.469914  0.451253  0.427949  0.399595  0.36574  0.326005  0.280291  0.229145  0.174696  0.122522  0.0829741  0.0679565  0.0829741  0.122522  0.174696  0.229145  0.280291  0.326005  0.36574  0.399595  0.427949  0.451253  0.469914  0.48423  0.494379  0.500446  0.502469  
0.304539  0.302858  0.297818  0.289484  0.277955  0.263354  0.245814  0.225481  0.202517  0.177121  0.149572  0.120345  0.0905316  0.0627951  0.0421242  0.034332  0.0421242  0.0627951  0.0905316  0.120345  0.149572  0.177121  0.202517  0.225481  0.245814  0.263354  0.277955  0.289484  0.297818  0.302858  0.304539  
0  0  0  0  0  0  0  0  0  0  0  0  0  0  0  0  0  0  0  0  0  0  0  0  0  0  0  0  0  0  0  
