1  1  1  1  1  1  1  1  1  1  1  1  1  1  1  1  1  1  1  1  1  1  1  1  1  1  1  1  1  1  1  
0.962702  0.955729  0.934813  0.906245  0.875405  0.84514  0.816603  0.790289  0.766484  0.745395  0.72719  0.712022  0.700034  0.691357  0.686101  0.684341  0.686101  0.691357  0.700034  0.712022  0.72719  0.745395  0.766484  0.790289  0.816603  0.84514  0.875405  0.906245  0.934813  0.955729  0.962702  
0.926081  0.91276  0.872798  0.819087  0.762775  0.709823  0.662478  0.621313  0.58622  0.556808  0.532605  0.513193  0.498269  0.487661  0.481301  0.47918  0.481301  0.487661  0.498269  0.513193  0.532605  0.556808  0.58622  0.621313  0.662478  0.709823  0.762775  0.819087  0.872798  0.91276  0.926081  
0.890776  0.872204  0.816488  0.743404  0.670153  0.605749  0.552916  0.511246  0.479069  0.454397  0.435439  0.420852  0.409804  0.401922  0.397143  0.395535  0.397143  0.401922  0.409804  0.420852  0.435439  0.454397  0.479069  0.511246  0.552916  0.605749  0.670153  0.743404  0.816488  0.872204  0.890776  
0.857339  0.834857  0.767413  0.681528  0.600127  0.534481  0.486508  0.453475  0.431208  0.415799  0.404341  0.395088  0.387338  0.381171  0.3771  0.375668  0.3771  0.381171  0.387338  0.395088  0.404341  0.415799  0.431208  0.453475  0.486508  0.534481  0.600127  0.681528  0.767413  0.834857  0.857339  
0.826193  0.801167  0.726089  0.633476  0.550927  0.49064  0.452404  0.430347  0.417789  0.409509  0.402306  0.394774  0.386899  0.379643  0.374434  0.372531  0.374434  0.379643  0.386899  0.394774  0.402306  0.409509  0.417789  0.430347  0.452404  0.49064  0.550927  0.633476  0.726089  0.801167  0.826193  
0.797613  0.771274  0.692257  0.597773  0.518604  0.466571  0.438626  0.425925  0.4201  0.415568  0.409481  0.401025  0.390893  0.380912  0.373495  0.370743  0.373495  0.380912  0.390893  0.401025  0.409481  0.415568  0.4201  0.425925  0.438626  0.466571  0.518604  0.597773  0.692257  0.771274  0.797613  
0.771722  0.745089  0.66519  0.572308  0.498849  0.4554  0.43618  0.430219  0.428469  0.425611  0.419258  0.408965  0.395843  0.382452  0.372278  0.36846  0.372278  0.382452  0.395843  0.408965  0.419258  0.425611  0.428469  0.430219  0.43618  0.4554  0.498849  0.572308  0.66519  0.745089  0.771722  
0.748515  0.722375  0.643954  0.554921  0.487954  0.452088  0.439476  0.438044  0.438776  0.436778  0.429892  0.417668  0.401341  0.384123  0.370741  0.365661  0.370741  0.384123  0.401341  0.417668  0.429892  0.436778  0.438776  0.438044  0.439476  0.452088  0.487954  0.554921  0.643954  0.722375  0.748515  
0.727891  0.702816  0.627588  0.54371  0.48309  0.453323  0.44537  0.446907  0.449303  0.44799  0.440741  0.426782  0.40722  0.385848  0.368834  0.362296  0.368834  0.385848  0.40722  0.426782  0.440741  0.44799  0.449303  0.446907  0.44537  0.453323  0.48309  0.54371  0.627588  0.702816  0.727891  
0.709686  0.686066  0.615204  0.537127  0.482252  0.457064  0.452176  0.455614  0.459248  0.458681  0.451389  0.436022  0.41331  0.387538  0.366498  0.358309  0.366498  0.387538  0.41331  0.436022  0.451389  0.458681  0.459248  0.455614  0.452176  0.457064  0.482252  0.537127  0.615204  0.686066  0.709686  
0.693699  0.671781  0.606027  0.533976  0.484083  0.462121  0.459042  0.463605  0.468209  0.468509  0.461531  0.44514  0.419444  0.389091  0.363663  0.353642  0.363663  0.389091  0.419444  0.44514  0.461531  0.468509  0.468209  0.463605  0.459042  0.462121  0.484083  0.533976  0.606027  0.671781  0.693699  
0.679718  0.65964  0.599406  0.533356  0.4877  0.467848  0.465595  0.470682  0.476039  0.477305  0.470972  0.453942  0.425459  0.390392  0.360251  0.348224  0.360251  0.390392  0.425459  0.453942  0.470972  0.477305  0.476039  0.470682  0.465595  0.467848  0.4877  0.533356  0.599406  0.65964  0.679718  
0.667528  0.649348  0.594809  0.534608  0.492552  0.47395  0.471772  0.476893  0.48279  0.485068  0.479629  0.462286  0.431201  0.39131  0.356167  0.34198  0.356167  0.39131  0.431201  0.462286  0.479629  0.485068  0.48279  0.476893  0.471772  0.47395  0.492552  0.534608  0.594809  0.649348  0.667528  
0.656927  0.640646  0.591803  0.537248  0.498314  0.480355  0.477703  0.482462  0.488681  0.491936  0.487527  0.470083  0.436511  0.391691  0.351299  0.334821  0.351299  0.391691  0.436511  0.470083  0.487527  0.491936  0.488681  0.482462  0.477703  0.480355  0.498314  0.537248  0.591803  0.640646  0.656927  
0.64773  0.633308  0.590043  0.540925  0.504804  0.487124  0.483643  0.487735  0.494052  0.498161  0.494765  0.47727  0.441224  0.391354  0.345514  0.326645  0.345514  0.391354  0.441224  0.47727  0.494765  0.498161  0.494052  0.487735  0.483643  0.487124  0.504804  0.540925  0.590043  0.633308  0.64773  
0.639766  0.627137  0.58925  0.545377  0.511922  0.494383  0.489899  0.493115  0.499302  0.504049  0.501484  0.483794  0.445139  0.390076  0.338657  0.317341  0.338657  0.390076  0.445139  0.483794  0.501484  0.504049  0.499302  0.493115  0.489899  0.494383  0.511922  0.545377  0.58925  0.627137  0.639766  
0.632888  0.621966  0.589201  0.5504  0.519604  0.502263  0.496774  0.498999  0.504834  0.50991  0.507815  0.489564  0.448005  0.387584  0.330542  0.306781  0.330542  0.387584  0.448005  0.489564  0.507815  0.50991  0.504834  0.498999  0.496774  0.502263  0.519604  0.5504  0.589201  0.621966  0.632888  
0.626965  0.617651  0.589712  0.555823  0.527781  0.510852  0.504505  0.505714  0.510983  0.515996  0.513824  0.49441  0.449482  0.383541  0.320957  0.294824  0.320957  0.383541  0.449482  0.49441  0.513824  0.515996  0.510983  0.505714  0.504505  0.510852  0.527781  0.555823  0.589712  0.617651  0.626965  
0.621883  0.61407  0.590629  0.56149  0.536355  0.520162  0.513216  0.513463  0.517963  0.522431  0.519443  0.498021  0.449106  0.377526  0.309652  0.281318  0.309652  0.377526  0.449106  0.498021  0.519443  0.522431  0.517963  0.513463  0.513216  0.520162  0.536355  0.56149  0.590629  0.61407  0.621883  
0.617548  0.611117  0.591822  0.567247  0.545182  0.530099  0.522888  0.522283  0.525806  0.529145  0.524387  0.49987  0.446242  0.369022  0.296347  0.266101  0.296347  0.369022  0.446242  0.49987  0.524387  0.529145  0.525806  0.522283  0.522888  0.530099  0.545182  0.567247  0.591822  0.611117  0.617548  
0.613877  0.608703  0.59318  0.572939  0.554067  0.54046  0.533339  0.532011  0.534305  0.53577  0.528028  0.499105  0.440025  0.357398  0.280726  0.249003  0.280726  0.357398  0.440025  0.499105  0.528028  0.53577  0.534305  0.532011  0.533339  0.54046  0.554067  0.572939  0.59318  0.608703  0.613877  
0.6108  0.60675  0.594601  0.578406  0.56277  0.550938  0.544221  0.542238  0.542904  0.541472  0.529213  0.494421  0.429304  0.341908  0.262455  0.229862  0.262455  0.341908  0.429304  0.494421  0.529213  0.541472  0.542904  0.542238  0.544221  0.550938  0.56277  0.578406  0.594601  0.60675  0.6108  
0.608258  0.605193  0.596001  0.583493  0.571019  0.561129  0.554978  0.552179  0.550439  0.54462  0.525975  0.483885  0.41259  0.321691  0.241191  0.208529  0.241191  0.321691  0.41259  0.483885  0.525975  0.54462  0.550439  0.552179  0.554978  0.561129  0.571019  0.583493  0.596001  0.605193  0.608258  
0.606196  0.603973  0.597303  0.588045  0.578485  0.57042  0.564566  0.560172  0.554504  0.542179  0.515122  0.464777  0.388054  0.295823  0.216616  0.184892  0.216616  0.295823  0.388054  0.464777  0.515122  0.542179  0.554504  0.560172  0.564566  0.57042  0.578485  0.588045  0.597303  0.603973  0.606196  
0.604603  0.603047  0.598377  0.591683  0.584295  0.577145  0.570244  0.562255  0.550106  0.528768  0.491801  0.433526  0.353622  0.263404  0.188484  0.158901  0.188484  0.263404  0.353622  0.433526  0.491801  0.528768  0.550106  0.562255  0.570244  0.577145  0.584295  0.591683  0.598377  0.603047  0.604603  
0.601714  0.600484  0.596792  0.591071  0.583772  0.574963  0.563971  0.549126  0.527632  0.495729  0.449396  0.385987  0.307262  0.223735  0.156691  0.130599  0.156691  0.223735  0.307262  0.385987  0.449396  0.495729  0.527632  0.549126  0.563971  0.574963  0.583772  0.591071  0.596792  0.600484  0.601714  
0.58268  0.581188  0.576713  0.56926  0.558736  0.544763  0.52654  0.502773  0.471741  0.431531  0.380537  0.31836  0.247561  0.17657  0.121356  0.100156  0.121356  0.17657  0.247561  0.31836  0.380537  0.431531  0.471741  0.502773  0.52654  0.544763  0.558736  0.56926  0.576713  0.581188  0.58268  
0.502093  0.500072  0.494006  0.48386  0.46955  0.450897  0.427605  0.399268  0.365435  0.325729  0.280049  0.228944  0.174541  0.122412  0.0828988  0.0678944  0.0828988  0.122412  0.174541  0.228944  0.280049  0.325729  0.365435  0.399268  0.427605  0.450897  0.46955  0.48386  0.494006  0.500072  0.502093  
0.304306  0.302627  0.297589  0.289259  0.277737  0.263145  0.245616  0.225296  0.202348  0.176972  0.149444  0.12024  0.0904514  0.0627387  0.042086  0.0343007  0.042086  0.0627387  0.0904514  0.12024  0.149444  0.176972  0.202348  0.225296  0.245616  0.263145  0.277737  0.289259  0.297589  0.302627  0.304306  
0  0  0  0  0  0  0  0  0  0  0  0  0  0  0  0  0  0  0  0  0  0  0  0  0  0  0  0  0  0  0  
