1  1  1  1  1  1  1  1  1  1  1  1  1  1  1  1  1  1  1  1  1  1  1  1  1  1  1  1  1  1  1  
0.962698  0.955725  0.934806  0.906235  0.875392  0.845124  0.816585  0.790269  0.766462  0.745371  0.727165  0.711996  0.700007  0.69133  0.686074  0.684313  0.686074  0.69133  0.700007  0.711996  0.727165  0.745371  0.766462  0.790269  0.816585  0.845124  0.875392  0.906235  0.934806  0.955725  0.962698  
0.926073  0.912751  0.872784  0.819068  0.762751  0.709794  0.662445  0.621276  0.586181  0.556766  0.532562  0.513149  0.498225  0.487616  0.481255  0.479134  0.481255  0.487616  0.498225  0.513149  0.532562  0.556766  0.586181  0.621276  0.662445  0.709794  0.762751  0.819068  0.872784  0.912751  0.926073  
0.890764  0.872191  0.816469  0.743377  0.670119  0.605709  0.552871  0.511198  0.479019  0.454345  0.435387  0.420799  0.409752  0.40187  0.397091  0.395484  0.397091  0.40187  0.409752  0.420799  0.435387  0.454345  0.479019  0.511198  0.552871  0.605709  0.670119  0.743377  0.816469  0.872191  0.890764  
0.857323  0.83484  0.767388  0.681495  0.600085  0.534433  0.486456  0.45342  0.431152  0.415743  0.404285  0.395034  0.387284  0.381118  0.377048  0.375616  0.377048  0.381118  0.387284  0.395034  0.404285  0.415743  0.431152  0.45342  0.486456  0.534433  0.600085  0.681495  0.767388  0.83484  0.857323  
0.826174  0.801146  0.72606  0.633437  0.55088  0.490587  0.452347  0.430289  0.41773  0.40945  0.402249  0.394719  0.386845  0.379591  0.374383  0.37248  0.374383  0.379591  0.386845  0.394719  0.402249  0.40945  0.41773  0.430289  0.452347  0.490587  0.55088  0.633437  0.72606  0.801146  0.826174  
0.797591  0.771249  0.692224  0.59773  0.518552  0.466514  0.438566  0.425864  0.420039  0.415508  0.409423  0.400969  0.390839  0.38086  0.373444  0.370693  0.373444  0.38086  0.390839  0.400969  0.409423  0.415508  0.420039  0.425864  0.438566  0.466514  0.518552  0.59773  0.692224  0.771249  0.797591  
0.771697  0.745061  0.665153  0.572261  0.498795  0.45534  0.436117  0.430156  0.428407  0.425549  0.419199  0.408908  0.395789  0.3824  0.372228  0.368411  0.372228  0.3824  0.395789  0.408908  0.419199  0.425549  0.428407  0.430156  0.436117  0.45534  0.498795  0.572261  0.665153  0.745061  0.771697  
0.748487  0.722344  0.643914  0.554872  0.487896  0.452026  0.439412  0.437979  0.438711  0.436715  0.429831  0.41761  0.401287  0.384072  0.370692  0.365613  0.370692  0.384072  0.401287  0.41761  0.429831  0.436715  0.438711  0.437979  0.439412  0.452026  0.487896  0.554872  0.643914  0.722344  0.748487  
0.727861  0.702782  0.627547  0.543659  0.483031  0.453259  0.445303  0.44684  0.449236  0.447925  0.440678  0.426723  0.407165  0.385797  0.368786  0.362248  0.368786  0.385797  0.407165  0.426723  0.440678  0.447925  0.449236  0.44684  0.445303  0.453259  0.483031  0.543659  0.627547  0.702782  0.727861  
0.709653  0.68603  0.615161  0.537074  0.482191  0.456999  0.452108  0.455545  0.459179  0.458615  0.451325  0.435962  0.413255  0.387487  0.36645  0.358263  0.36645  0.387487  0.413255  0.435962  0.451325  0.458615  0.459179  0.455545  0.452108  0.456999  0.482191  0.537074  0.615161  0.68603  0.709653  
0.693665  0.671744  0.605982  0.533921  0.484021  0.462055  0.458972  0.463534  0.46814  0.46844  0.461466  0.445079  0.419388  0.38904  0.363617  0.353596  0.363617  0.38904  0.419388  0.445079  0.461466  0.46844  0.46814  0.463534  0.458972  0.462055  0.484021  0.533921  0.605982  0.671744  0.693665  
0.679681  0.659601  0.59936  0.533301  0.487637  0.467781  0.465525  0.470611  0.475968  0.477236  0.470905  0.45388  0.425403  0.390342  0.360206  0.34818  0.360206  0.390342  0.425403  0.45388  0.470905  0.477236  0.475968  0.470611  0.465525  0.467781  0.487637  0.533301  0.59936  0.659601  0.679681  
0.667489  0.649307  0.594761  0.534552  0.492489  0.473882  0.471701  0.47682  0.482718  0.484997  0.479562  0.462224  0.431144  0.39126  0.356122  0.341937  0.356122  0.39126  0.431144  0.462224  0.479562  0.484997  0.482718  0.47682  0.471701  0.473882  0.492489  0.534552  0.594761  0.649307  0.667489  
0.656888  0.640604  0.591754  0.537191  0.498251  0.480286  0.477631  0.482389  0.488608  0.491865  0.487458  0.470019  0.436455  0.391642  0.351255  0.334779  0.351255  0.391642  0.436455  0.470019  0.487458  0.491865  0.488608  0.482389  0.477631  0.480286  0.498251  0.537191  0.591754  0.640604  0.656888  
0.647688  0.633265  0.589994  0.540868  0.504741  0.487055  0.483571  0.487662  0.493979  0.498089  0.494696  0.477207  0.441167  0.391305  0.345471  0.326605  0.345471  0.391305  0.441167  0.477207  0.494696  0.498089  0.493979  0.487662  0.483571  0.487055  0.504741  0.540868  0.589994  0.633265  0.647688  
0.639724  0.627093  0.5892  0.54532  0.511859  0.494315  0.489828  0.493043  0.499229  0.503977  0.501415  0.48373  0.445082  0.390027  0.338615  0.317302  0.338615  0.390027  0.445082  0.48373  0.501415  0.503977  0.499229  0.493043  0.489828  0.494315  0.511859  0.54532  0.5892  0.627093  0.639724  
0.632844  0.621921  0.589151  0.550343  0.519542  0.502195  0.496704  0.498927  0.504761  0.509839  0.507747  0.4895  0.447948  0.387537  0.330502  0.306743  0.330502  0.387537  0.447948  0.4895  0.507747  0.509839  0.504761  0.498927  0.496704  0.502195  0.519542  0.550343  0.589151  0.621921  0.632844  
0.62692  0.617605  0.589661  0.555767  0.527719  0.510786  0.504435  0.505643  0.510911  0.515925  0.513756  0.494347  0.449426  0.383494  0.320919  0.294789  0.320919  0.383494  0.449426  0.494347  0.513756  0.515925  0.510912  0.505643  0.504435  0.510786  0.527719  0.555767  0.589661  0.617605  0.62692  
0.621837  0.614022  0.590578  0.561434  0.536294  0.520096  0.513148  0.513393  0.517892  0.522361  0.519377  0.497959  0.449052  0.377481  0.309616  0.281285  0.309616  0.377481  0.449052  0.497959  0.519377  0.522361  0.517892  0.513393  0.513148  0.520096  0.536294  0.561434  0.590578  0.614022  0.621837  
0.617501  0.611069  0.591771  0.567192  0.545122  0.530035  0.522821  0.522215  0.525737  0.529077  0.524321  0.499809  0.446189  0.368978  0.296312  0.266069  0.296312  0.368978  0.446189  0.499809  0.524321  0.529077  0.525737  0.522215  0.522821  0.530035  0.545122  0.567192  0.591771  0.611069  0.617501  
0.613829  0.608654  0.593128  0.572884  0.554008  0.540397  0.533274  0.531944  0.534238  0.535704  0.527964  0.499046  0.439973  0.357357  0.280694  0.248974  0.280694  0.357357  0.439973  0.499046  0.527964  0.535704  0.534238  0.531944  0.533274  0.540397  0.554008  0.572884  0.593128  0.608654  0.613829  
0.610751  0.606701  0.594549  0.578351  0.562712  0.550877  0.544158  0.542173  0.542838  0.541408  0.529151  0.494363  0.429254  0.341868  0.262425  0.229835  0.262425  0.341868  0.429254  0.494363  0.529151  0.541408  0.542838  0.542173  0.544158  0.550877  0.562712  0.578351  0.594549  0.606701  0.610751  
0.608208  0.605143  0.595948  0.583438  0.570962  0.561069  0.554916  0.552115  0.550376  0.544557  0.525915  0.48383  0.412543  0.321654  0.241163  0.208504  0.241163  0.321654  0.412543  0.48383  0.525915  0.544557  0.550376  0.552115  0.554916  0.561069  0.570962  0.583438  0.595948  0.605143  0.608208  
0.606145  0.603922  0.597251  0.58799  0.578429  0.570362  0.564506  0.560111  0.554442  0.542119  0.515064  0.464725  0.388011  0.295789  0.216591  0.184871  0.216591  0.295789  0.388011  0.464725  0.515064  0.542119  0.554442  0.560111  0.564506  0.570362  0.578429  0.58799  0.597251  0.603922  0.606145  
0.604551  0.602994  0.598324  0.591628  0.584239  0.577088  0.570185  0.562196  0.550047  0.528711  0.491747  0.433479  0.353582  0.263374  0.188463  0.158883  0.188463  0.263374  0.353582  0.433479  0.491747  0.528711  0.550047  0.562196  0.570185  0.577088  0.584239  0.591628  0.598324  0.602994  0.604551  
0.601662  0.600431  0.596738  0.591016  0.583716  0.574906  0.563915  0.54907  0.527577  0.495676  0.449348  0.385945  0.307228  0.22371  0.156674  0.130584  0.156674  0.22371  0.307228  0.385945  0.449348  0.495676  0.527577  0.54907  0.563915  0.574906  0.583716  0.591016  0.596738  0.600431  0.601662  
0.582627  0.581135  0.57666  0.569207  0.558683  0.54471  0.526488  0.502722  0.471693  0.431486  0.380497  0.318326  0.247534  0.176551  0.121342  0.100144  0.121342  0.176551  0.247534  0.318326  0.380497  0.431486  0.471693  0.502722  0.526488  0.54471  0.558683  0.569207  0.57666  0.581135  0.582627  
0.502047  0.500026  0.49396  0.483815  0.469505  0.450853  0.427563  0.399228  0.365398  0.325695  0.280019  0.22892  0.174522  0.122398  0.0828895  0.0678867  0.0828895  0.122398  0.174522  0.22892  0.280019  0.325695  0.365398  0.399228  0.427563  0.450853  0.469505  0.483815  0.49396  0.500026  0.502047  
0.304278  0.302598  0.297561  0.289232  0.277711  0.263119  0.245592  0.225273  0.202328  0.176953  0.149428  0.120227  0.0904416  0.0627318  0.0420813  0.0342968  0.0420813  0.0627318  0.0904416  0.120227  0.149428  0.176953  0.202328  0.225273  0.245592  0.263119  0.277711  0.289232  0.297561  0.302598  0.304278  
0  0  0  0  0  0  0  0  0  0  0  0  0  0  0  0  0  0  0  0  0  0  0  0  0  0  0  0  0  0  0  
