1  1  1  1  1  1  1  1  1  1  1  1  1  1  1  1  1  1  1  1  1  1  1  1  1  1  1  1  1  1  1  
0.962698  0.955725  0.934805  0.906235  0.875391  0.845125  0.816584  0.790269  0.766461  0.745372  0.727164  0.711996  0.700006  0.69133  0.686072  0.684313  0.686072  0.69133  0.700006  0.711996  0.727164  0.745372  0.766461  0.790269  0.816584  0.845125  0.875391  0.906235  0.934805  0.955725  0.962698  
0.926073  0.912751  0.872785  0.819067  0.762751  0.709792  0.662446  0.621274  0.586182  0.556764  0.532563  0.513147  0.498225  0.487613  0.481256  0.479132  0.481256  0.487613  0.498225  0.513147  0.532563  0.556764  0.586181  0.621274  0.662446  0.709792  0.762751  0.819067  0.872785  0.912751  0.926073  
0.890765  0.87219  0.816468  0.743378  0.670117  0.60571  0.552869  0.511199  0.479016  0.454346  0.435384  0.4208  0.409749  0.401871  0.397088  0.395484  0.397088  0.401871  0.409749  0.4208  0.435384  0.454346  0.479016  0.511199  0.552869  0.60571  0.670117  0.743378  0.816468  0.87219  0.890765  
0.857322  0.834839  0.767389  0.681493  0.600086  0.53443  0.486457  0.453417  0.431153  0.415739  0.404286  0.39503  0.387285  0.381115  0.377048  0.375613  0.377048  0.381115  0.387285  0.39503  0.404286  0.415739  0.431153  0.453417  0.486457  0.53443  0.600086  0.681493  0.767389  0.834839  0.857322  
0.826174  0.801145  0.726058  0.633438  0.550877  0.490588  0.452343  0.43029  0.417726  0.409451  0.402246  0.394719  0.386842  0.379591  0.37438  0.37248  0.37438  0.379591  0.386842  0.394719  0.402246  0.409451  0.417726  0.43029  0.452343  0.490588  0.550877  0.633438  0.726058  0.801145  0.826174  
0.797589  0.771248  0.692225  0.597727  0.518553  0.46651  0.438567  0.42586  0.42004  0.415504  0.409424  0.400966  0.39084  0.380857  0.373445  0.37069  0.373445  0.380857  0.39084  0.400966  0.409424  0.415504  0.42004  0.425861  0.438567  0.46651  0.518553  0.597727  0.692224  0.771248  0.797589  
0.771697  0.74506  0.665151  0.572262  0.498791  0.455342  0.436113  0.430157  0.428402  0.425551  0.419195  0.408909  0.395785  0.382401  0.372225  0.368411  0.372225  0.382401  0.395786  0.408909  0.419195  0.42555  0.428403  0.430157  0.436113  0.455341  0.498791  0.572262  0.665151  0.74506  0.771697  
0.748486  0.722343  0.643915  0.554869  0.487898  0.452022  0.439413  0.437975  0.438713  0.436711  0.429832  0.417606  0.401287  0.384069  0.370693  0.365611  0.370693  0.384069  0.401287  0.417606  0.429832  0.436711  0.438712  0.437975  0.439413  0.452022  0.487898  0.554869  0.643915  0.722343  0.748486  
0.727861  0.702782  0.627544  0.54366  0.483027  0.45326  0.445299  0.446841  0.449232  0.447926  0.440674  0.426724  0.407162  0.385798  0.368783  0.362249  0.368783  0.385797  0.407162  0.426724  0.440674  0.447926  0.449232  0.446841  0.445299  0.45326  0.483027  0.54366  0.627544  0.702782  0.727861  
0.709652  0.686029  0.615161  0.537071  0.482192  0.456994  0.45211  0.45554  0.459181  0.45861  0.451326  0.435958  0.413256  0.387484  0.366451  0.358261  0.36645  0.387484  0.413255  0.435958  0.451326  0.45861  0.459181  0.45554  0.45211  0.456995  0.482192  0.537071  0.615161  0.686029  0.709652  
0.693665  0.671743  0.605979  0.533922  0.484017  0.462056  0.458968  0.463536  0.468135  0.468442  0.461462  0.44508  0.419385  0.389041  0.363614  0.353597  0.363614  0.389041  0.419385  0.44508  0.461462  0.468442  0.468135  0.463536  0.458968  0.462056  0.484017  0.533922  0.60598  0.671743  0.693665  
0.679679  0.659599  0.59936  0.533297  0.487639  0.467776  0.465527  0.470606  0.475969  0.477231  0.470906  0.453876  0.425404  0.390339  0.360206  0.348178  0.360206  0.390339  0.425404  0.453876  0.470906  0.477231  0.475969  0.470606  0.465527  0.467776  0.487638  0.533298  0.59936  0.659599  0.679679  
0.66749  0.649307  0.594759  0.534553  0.492485  0.473884  0.471696  0.476822  0.482713  0.484998  0.479557  0.462225  0.431141  0.39126  0.35612  0.341938  0.35612  0.39126  0.431141  0.462225  0.479557  0.484998  0.482713  0.476822  0.471696  0.473883  0.492485  0.534552  0.594759  0.649307  0.667489  
0.656886  0.640603  0.591755  0.537188  0.498252  0.480282  0.477633  0.482384  0.48861  0.49186  0.48746  0.470015  0.436455  0.391639  0.351255  0.334777  0.351255  0.391639  0.436455  0.470016  0.48746  0.49186  0.48861  0.482384  0.477633  0.480282  0.498252  0.537188  0.591755  0.640603  0.656886  
0.647688  0.633264  0.589991  0.540869  0.504736  0.487057  0.483566  0.487664  0.493973  0.498091  0.494692  0.477208  0.441163  0.391305  0.345469  0.326605  0.345469  0.391305  0.441164  0.477208  0.494692  0.49809  0.493974  0.487664  0.483566  0.487057  0.504737  0.540869  0.589991  0.633264  0.647688  
0.639722  0.627092  0.589201  0.545317  0.511861  0.49431  0.48983  0.493037  0.499231  0.503972  0.501417  0.483726  0.445083  0.390025  0.338615  0.3173  0.338615  0.390025  0.445083  0.483726  0.501416  0.503972  0.499231  0.493038  0.489829  0.49431  0.51186  0.545317  0.589201  0.627092  0.639722  
0.632844  0.62192  0.589148  0.550344  0.519538  0.502197  0.496699  0.498929  0.504756  0.509841  0.507742  0.489501  0.447945  0.387537  0.3305  0.306744  0.3305  0.387537  0.447945  0.489501  0.507743  0.50984  0.504757  0.498928  0.496699  0.502196  0.519538  0.550344  0.589148  0.62192  0.632844  
0.626918  0.617604  0.589661  0.555763  0.52772  0.510781  0.504437  0.505638  0.510913  0.51592  0.513758  0.494343  0.449427  0.383492  0.320919  0.294787  0.320919  0.383492  0.449427  0.494343  0.513757  0.515921  0.510913  0.505638  0.504437  0.510781  0.52772  0.555764  0.589661  0.617604  0.626918  
0.621837  0.614021  0.590575  0.561434  0.53629  0.520098  0.513143  0.513395  0.517888  0.522363  0.519372  0.49796  0.449049  0.377481  0.309614  0.281285  0.309614  0.377481  0.449049  0.49796  0.519373  0.522362  0.517888  0.513395  0.513143  0.520097  0.53629  0.561434  0.590575  0.614021  0.621837  
0.617499  0.611067  0.591771  0.567189  0.545123  0.53003  0.522823  0.52221  0.525738  0.529072  0.524322  0.499806  0.446189  0.368976  0.296312  0.266068  0.296312  0.368976  0.446189  0.499806  0.524322  0.529072  0.525738  0.522211  0.522822  0.530031  0.545123  0.567189  0.591771  0.611067  0.617499  
0.613828  0.608653  0.593126  0.572884  0.554004  0.540398  0.53327  0.531945  0.534233  0.535705  0.52796  0.499047  0.439971  0.357357  0.280692  0.248974  0.280692  0.357357  0.439971  0.499046  0.52796  0.535704  0.534233  0.531945  0.53327  0.540398  0.554005  0.572884  0.593126  0.608653  0.613828  
0.610749  0.606699  0.594549  0.578349  0.562713  0.550873  0.544159  0.542169  0.542839  0.541404  0.529151  0.49436  0.429254  0.341866  0.262425  0.229834  0.262425  0.341866  0.429254  0.49436  0.529151  0.541404  0.542839  0.54217  0.544159  0.550874  0.562712  0.578349  0.594549  0.606699  0.610749  
0.608207  0.605142  0.595946  0.583438  0.570959  0.56107  0.554912  0.552116  0.550372  0.544558  0.525912  0.48383  0.412541  0.321654  0.241162  0.208504  0.241162  0.321654  0.412541  0.48383  0.525912  0.544558  0.550372  0.552116  0.554913  0.56107  0.570959  0.583438  0.595946  0.605142  0.608207  
0.606144  0.60392  0.59725  0.587988  0.578429  0.570359  0.564507  0.560107  0.554443  0.542116  0.515065  0.464722  0.388011  0.295788  0.216591  0.18487  0.216591  0.295788  0.388011  0.464723  0.515065  0.542116  0.554442  0.560107  0.564506  0.570359  0.578429  0.587988  0.59725  0.60392  0.606144  
0.60455  0.602993  0.598322  0.591628  0.584237  0.577088  0.570182  0.562196  0.550044  0.528711  0.491745  0.433479  0.353581  0.263374  0.188462  0.158883  0.188462  0.263374  0.353581  0.433479  0.491745  0.528711  0.550044  0.562196  0.570182  0.577088  0.584237  0.591628  0.598322  0.602993  0.60455  
0.60166  0.600429  0.596737  0.591014  0.583716  0.574904  0.563915  0.549067  0.527577  0.495674  0.449348  0.385943  0.307228  0.223709  0.156674  0.130584  0.156674  0.223709  0.307228  0.385944  0.449348  0.495674  0.527577  0.549067  0.563914  0.574904  0.583716  0.591014  0.596737  0.600429  0.60166  
0.582626  0.581134  0.576659  0.569206  0.558681  0.54471  0.526486  0.502722  0.471691  0.431486  0.380495  0.318326  0.247533  0.176551  0.121342  0.100144  0.121342  0.176551  0.247533  0.318326  0.380495  0.431486  0.471691  0.502722  0.526486  0.54471  0.558681  0.569206  0.576659  0.581134  0.582626  
0.502046  0.500024  0.49396  0.483814  0.469504  0.450852  0.427562  0.399227  0.365397  0.325694  0.280019  0.228919  0.174522  0.122398  0.0828894  0.0678864  0.0828894  0.122398  0.174522  0.228919  0.280019  0.325694  0.365397  0.399227  0.427562  0.450852  0.469504  0.483814  0.49396  0.500024  0.502046  
0.304277  0.302598  0.29756  0.289232  0.27771  0.263119  0.245591  0.225273  0.202327  0.176953  0.149427  0.120227  0.0904413  0.0627318  0.0420811  0.0342968  0.0420811  0.0627318  0.0904413  0.120227  0.149427  0.176953  0.202327  0.225273  0.245591  0.263119  0.27771  0.289231  0.29756  0.302598  0.304277  
0  0  0  0  0  0  0  0  0  0  0  0  0  0  0  0  0  0  0  0  0  0  0  0  0  0  0  0  0  0  0  
