1  1  1  1  1  1  1  1  1  1  1  1  1  1  1  1  1  1  1  1  1  1  1  1  1  1  1  1  1  1  1  
0.962697  0.955724  0.934806  0.906234  0.875393  0.845122  0.816587  0.790266  0.766464  0.745368  0.727168  0.711992  0.70001  0.691326  0.686076  0.684309  0.686076  0.691326  0.70001  0.711992  0.727168  0.745368  0.766464  0.790266  0.816587  0.845122  0.875393  0.906234  0.934806  0.955724  0.962697  
0.926074  0.912751  0.872782  0.81907  0.762747  0.709797  0.66244  0.62128  0.586175  0.556771  0.532556  0.513154  0.498218  0.48762  0.481249  0.479139  0.481249  0.48762  0.498218  0.513154  0.532556  0.55677  0.586175  0.62128  0.66244  0.709797  0.762747  0.81907  0.872782  0.912751  0.926074  
0.890762  0.87219  0.816471  0.743373  0.670123  0.605703  0.552876  0.511191  0.479025  0.454338  0.435392  0.420792  0.409757  0.401863  0.397096  0.395476  0.397096  0.401863  0.409757  0.420792  0.435392  0.454338  0.479024  0.511191  0.552876  0.605703  0.670122  0.743373  0.816471  0.87219  0.890763  
0.857325  0.83484  0.767385  0.681499  0.600079  0.534438  0.486448  0.453426  0.431143  0.415749  0.404277  0.395039  0.387276  0.381123  0.37704  0.37562  0.37704  0.381123  0.387276  0.395039  0.404277  0.415748  0.431143  0.453426  0.486448  0.534438  0.600079  0.681499  0.767385  0.83484  0.857325  
0.826171  0.801144  0.726063  0.633431  0.550885  0.490578  0.452353  0.430279  0.417736  0.409441  0.402255  0.39471  0.38685  0.379583  0.374387  0.372472  0.374387  0.379583  0.38685  0.394711  0.402255  0.409442  0.417736  0.43028  0.452353  0.490579  0.550885  0.633431  0.726063  0.801144  0.826171  
0.797593  0.771249  0.692219  0.597735  0.518544  0.466521  0.438556  0.425871  0.420029  0.415515  0.409414  0.400975  0.390831  0.380865  0.373437  0.370697  0.373438  0.380865  0.390831  0.400975  0.409414  0.415514  0.42003  0.425871  0.438556  0.46652  0.518544  0.597734  0.692219  0.771249  0.797593  
0.771693  0.745059  0.665157  0.572253  0.498801  0.45533  0.436125  0.430146  0.428414  0.425539  0.419205  0.408899  0.395794  0.382393  0.372232  0.368404  0.372232  0.382393  0.395794  0.4089  0.419205  0.42554  0.428413  0.430146  0.436124  0.455331  0.498801  0.572254  0.665157  0.745059  0.771693  
0.74849  0.722344  0.643909  0.554878  0.487887  0.452034  0.4394  0.437987  0.4387  0.436723  0.429821  0.417616  0.401279  0.384076  0.370686  0.365617  0.370686  0.384076  0.401279  0.417615  0.429821  0.436722  0.438701  0.437987  0.439401  0.452033  0.487887  0.554877  0.643909  0.722344  0.748489  
0.727857  0.70278  0.62755  0.54365  0.483038  0.453248  0.445312  0.446828  0.449245  0.447914  0.440685  0.426714  0.407171  0.38579  0.36879  0.362242  0.36879  0.38579  0.40717  0.426714  0.440685  0.447915  0.449244  0.446829  0.445311  0.453248  0.483037  0.543651  0.62755  0.70278  0.727857  
0.709656  0.686031  0.615155  0.537081  0.482181  0.457007  0.452096  0.455554  0.459167  0.458623  0.451314  0.435968  0.413246  0.387492  0.366444  0.358267  0.366444  0.387491  0.413247  0.435968  0.451315  0.458622  0.459168  0.455553  0.452097  0.457006  0.482181  0.53708  0.615155  0.686031  0.709656  
0.69366  0.671742  0.605986  0.533912  0.484029  0.462043  0.458981  0.463522  0.468149  0.468428  0.461474  0.445069  0.419394  0.389033  0.363621  0.353591  0.36362  0.389033  0.419393  0.44507  0.461473  0.468429  0.468148  0.463522  0.458981  0.462043  0.484028  0.533913  0.605986  0.671742  0.693661  
0.679683  0.659601  0.599354  0.533307  0.487626  0.46779  0.465512  0.47062  0.475955  0.477245  0.470893  0.453887  0.425395  0.390346  0.3602  0.348184  0.3602  0.390346  0.425395  0.453886  0.470894  0.477244  0.475956  0.470619  0.465513  0.467789  0.487627  0.533307  0.599354  0.659601  0.679683  
0.667485  0.649305  0.594765  0.534542  0.492497  0.473869  0.471711  0.476807  0.482727  0.484984  0.47957  0.462213  0.43115  0.391253  0.356126  0.341932  0.356126  0.391253  0.431149  0.462214  0.479569  0.484985  0.482727  0.476808  0.47171  0.47387  0.492496  0.534543  0.594765  0.649305  0.667485  
0.65689  0.640604  0.591748  0.537198  0.498239  0.480295  0.477618  0.482399  0.488595  0.491874  0.487447  0.470026  0.436446  0.391646  0.351249  0.334782  0.35125  0.391645  0.436447  0.470026  0.487447  0.491873  0.488596  0.482399  0.477619  0.480295  0.49824  0.537197  0.591749  0.640604  0.65689  
0.647684  0.633263  0.589997  0.540859  0.504749  0.487043  0.483581  0.487648  0.493989  0.498076  0.494705  0.477197  0.441172  0.391298  0.345474  0.3266  0.345474  0.391298  0.441172  0.477197  0.494704  0.498077  0.493988  0.487649  0.48358  0.487044  0.504748  0.540859  0.589997  0.633263  0.647685  
0.639726  0.627093  0.589195  0.545326  0.511848  0.494324  0.489814  0.493053  0.499215  0.503986  0.501403  0.483737  0.445074  0.390031  0.33861  0.317305  0.33861  0.390031  0.445075  0.483737  0.501404  0.503986  0.499216  0.493052  0.489815  0.494323  0.511849  0.545326  0.589195  0.627093  0.639725  
0.632841  0.621919  0.589154  0.550335  0.519549  0.502183  0.496713  0.498913  0.504771  0.509826  0.507755  0.48949  0.447954  0.38753  0.330505  0.306739  0.330505  0.387531  0.447953  0.489491  0.507754  0.509827  0.50477  0.498914  0.496712  0.502184  0.519549  0.550335  0.589153  0.621919  0.632841  
0.626921  0.617605  0.589655  0.555772  0.527709  0.510794  0.504422  0.505652  0.510898  0.515934  0.513745  0.494353  0.449418  0.383498  0.320914  0.294791  0.320914  0.383498  0.449419  0.494353  0.513746  0.515933  0.510899  0.505652  0.504423  0.510794  0.527709  0.555772  0.589656  0.617604  0.626921  
0.621834  0.61402  0.59058  0.561426  0.536301  0.520085  0.513157  0.51338  0.517901  0.522349  0.519384  0.49795  0.449056  0.377475  0.309618  0.281281  0.309618  0.377475  0.449056  0.497951  0.519383  0.52235  0.517901  0.513381  0.513156  0.520086  0.5363  0.561427  0.59058  0.61402  0.621834  
0.617502  0.611068  0.591766  0.567196  0.545113  0.530042  0.522809  0.522224  0.525725  0.529085  0.524311  0.499815  0.446182  0.368981  0.296308  0.266071  0.296308  0.368981  0.446182  0.499814  0.524311  0.529084  0.525725  0.522223  0.52281  0.530041  0.545113  0.567195  0.591766  0.611068  0.617502  
0.613826  0.608652  0.59313  0.572877  0.554013  0.540387  0.533282  0.531932  0.534245  0.535693  0.52797  0.499038  0.439977  0.357352  0.280695  0.248971  0.280695  0.357352  0.439977  0.499038  0.527969  0.535694  0.534245  0.531933  0.533281  0.540388  0.554013  0.572877  0.593129  0.608652  0.613826  
0.610751  0.6067  0.594546  0.578355  0.562704  0.550883  0.544148  0.54218  0.542828  0.541414  0.529142  0.494368  0.429248  0.34187  0.262422  0.229836  0.262422  0.34187  0.429248  0.494367  0.529143  0.541413  0.542829  0.54218  0.544149  0.550882  0.562705  0.578354  0.594546  0.6067  0.610751  
0.608205  0.605141  0.595949  0.583433  0.570966  0.561061  0.554922  0.552106  0.550382  0.544549  0.52592  0.483823  0.412546  0.32165  0.241165  0.208502  0.241164  0.321651  0.412546  0.483824  0.525919  0.544549  0.550381  0.552107  0.554921  0.561062  0.570965  0.583433  0.595949  0.605141  0.608205  
0.606145  0.603921  0.597248  0.587992  0.578423  0.570366  0.564498  0.560115  0.554434  0.542123  0.515058  0.464728  0.388006  0.295791  0.216588  0.184871  0.216588  0.295791  0.388006  0.464728  0.515058  0.542123  0.554435  0.560115  0.564499  0.570365  0.578423  0.587992  0.597248  0.603921  0.606145  
0.604549  0.602993  0.598324  0.591625  0.584241  0.577082  0.570189  0.562189  0.55005  0.528705  0.49175  0.433474  0.353584  0.263371  0.188463  0.158881  0.188463  0.263372  0.353584  0.433474  0.49175  0.528705  0.55005  0.56219  0.570188  0.577082  0.584241  0.591625  0.598323  0.602993  0.604549  
0.601661  0.60043  0.596736  0.591017  0.583712  0.574908  0.56391  0.549072  0.527571  0.495679  0.449343  0.385947  0.307225  0.223711  0.156672  0.130585  0.156672  0.223711  0.307225  0.385947  0.449343  0.495678  0.527572  0.549072  0.56391  0.574908  0.583712  0.591017  0.596736  0.60043  0.601661  
0.582626  0.581134  0.576659  0.569205  0.558683  0.544707  0.526489  0.502718  0.471694  0.431482  0.380498  0.318323  0.247535  0.176549  0.121343  0.100143  0.121343  0.176549  0.247535  0.318323  0.380498  0.431483  0.471694  0.502718  0.526489  0.544707  0.558683  0.569205  0.576659  0.581134  0.582626  
0.502046  0.500024  0.493959  0.483815  0.469503  0.450854  0.42756  0.399229  0.365395  0.325696  0.280017  0.228921  0.17452  0.122399  0.0828886  0.067887  0.0828887  0.122399  0.17452  0.228921  0.280017  0.325696  0.365395  0.399229  0.42756  0.450853  0.469503  0.483815  0.493959  0.500024  0.502046  
0.304277  0.302598  0.29756  0.289231  0.277711  0.263118  0.245592  0.225272  0.202328  0.176952  0.149428  0.120226  0.090442  0.0627312  0.0420815  0.0342965  0.0420815  0.0627313  0.0904419  0.120226  0.149428  0.176952  0.202328  0.225272  0.245592  0.263118  0.277711  0.289231  0.29756  0.302598  0.304277  
0  0  0  0  0  0  0  0  0  0  0  0  0  0  0  0  0  0  0  0  0  0  0  0  0  0  0  0  0  0  0  
