1  1  1  1  1  1  1  1  1  1  1  1  1  1  1  1  1  1  1  1  1  1  1  1  1  1  1  1  1  1  1  
0.962696  0.955724  0.934807  0.906232  0.875395  0.84512  0.816589  0.790263  0.766467  0.745365  0.727171  0.711989  0.700013  0.691323  0.686079  0.684306  0.686079  0.691323  0.700013  0.711989  0.72717  0.745365  0.766467  0.790263  0.816589  0.84512  0.875395  0.906232  0.934807  0.955724  0.962696  
0.926075  0.912752  0.872781  0.819072  0.762744  0.709801  0.662436  0.621284  0.58617  0.556775  0.532551  0.513159  0.498213  0.487625  0.481244  0.479143  0.481244  0.487625  0.498213  0.513158  0.532551  0.556775  0.58617  0.621284  0.662436  0.709801  0.762744  0.819072  0.872781  0.912752  0.926075  
0.890761  0.872189  0.816473  0.74337  0.670127  0.605698  0.552882  0.511185  0.47903  0.454332  0.435398  0.420786  0.409763  0.401857  0.397101  0.395471  0.397101  0.401857  0.409763  0.420786  0.435398  0.454332  0.47903  0.511185  0.552881  0.605698  0.670126  0.74337  0.816473  0.872189  0.890761  
0.857327  0.834841  0.767382  0.681503  0.600073  0.534444  0.486442  0.453433  0.431136  0.415755  0.40427  0.395045  0.38727  0.381128  0.377035  0.375626  0.377035  0.381128  0.387271  0.395045  0.404271  0.415754  0.431137  0.453432  0.486442  0.534444  0.600074  0.681503  0.767382  0.834841  0.857327  
0.826169  0.801143  0.726066  0.633426  0.550891  0.490572  0.45236  0.430272  0.417743  0.409434  0.402262  0.394704  0.386856  0.379578  0.374392  0.372467  0.374392  0.379578  0.386856  0.394705  0.402261  0.409435  0.417742  0.430273  0.45236  0.490572  0.55089  0.633426  0.726066  0.801143  0.826169  
0.797595  0.77125  0.692216  0.59774  0.518537  0.466528  0.438548  0.425879  0.420022  0.415522  0.409407  0.400981  0.390825  0.38087  0.373432  0.370702  0.373433  0.38087  0.390826  0.40098  0.409408  0.415521  0.420023  0.425878  0.438549  0.466527  0.518538  0.597739  0.692216  0.77125  0.797595  
0.77169  0.745058  0.665161  0.572247  0.498808  0.455323  0.436132  0.430138  0.428422  0.425532  0.419212  0.408893  0.3958  0.382388  0.372237  0.368399  0.372237  0.382388  0.395799  0.408893  0.419211  0.425533  0.428421  0.430139  0.436131  0.455323  0.498807  0.572248  0.66516  0.745058  0.77169  
0.748492  0.722345  0.643905  0.554884  0.487879  0.452042  0.439392  0.437995  0.438692  0.43673  0.429814  0.417622  0.401273  0.384081  0.370681  0.365622  0.370681  0.384081  0.401273  0.417621  0.429814  0.436729  0.438693  0.437994  0.439393  0.452041  0.48788  0.554883  0.643905  0.722345  0.748492  
0.727854  0.702779  0.627555  0.543644  0.483046  0.453239  0.44532  0.446819  0.449253  0.447906  0.440693  0.426707  0.407176  0.385785  0.368795  0.362238  0.368794  0.385785  0.407176  0.426708  0.440692  0.447907  0.449252  0.446821  0.445319  0.45324  0.483045  0.543644  0.627554  0.702779  0.727854  
0.709659  0.686032  0.61515  0.537087  0.482173  0.457016  0.452087  0.455563  0.459158  0.458631  0.451306  0.435975  0.41324  0.387497  0.366439  0.358271  0.36644  0.387496  0.413241  0.435974  0.451308  0.45863  0.459159  0.455561  0.452088  0.457015  0.482174  0.537086  0.615151  0.686032  0.709659  
0.693657  0.671741  0.60599  0.533906  0.484037  0.462034  0.458991  0.463512  0.468158  0.468419  0.461482  0.445062  0.4194  0.389028  0.363625  0.353587  0.363625  0.389028  0.419399  0.445063  0.461481  0.468421  0.468157  0.463513  0.45899  0.462035  0.484036  0.533906  0.60599  0.671741  0.693658  
0.679686  0.659602  0.599349  0.533314  0.487618  0.467799  0.465502  0.47063  0.475945  0.477254  0.470885  0.453894  0.425388  0.390351  0.360195  0.348188  0.360196  0.39035  0.425389  0.453893  0.470886  0.477253  0.475946  0.470629  0.465504  0.467798  0.487619  0.533313  0.59935  0.659602  0.679686  
0.667482  0.649304  0.594769  0.534536  0.492505  0.47386  0.47172  0.476797  0.482737  0.484974  0.479578  0.462206  0.431156  0.391248  0.35613  0.341929  0.356129  0.391248  0.431155  0.462207  0.479577  0.484976  0.482736  0.476798  0.471719  0.473861  0.492504  0.534536  0.594769  0.649304  0.667483  
0.656892  0.640605  0.591744  0.537204  0.498231  0.480305  0.477608  0.48241  0.488584  0.491884  0.487438  0.470034  0.43644  0.391651  0.351246  0.334785  0.351246  0.39165  0.436441  0.470033  0.487439  0.491883  0.488586  0.482408  0.477609  0.480304  0.498232  0.537203  0.591744  0.640605  0.656892  
0.647682  0.633262  0.590001  0.540852  0.504757  0.487033  0.483591  0.487638  0.493999  0.498066  0.494713  0.477189  0.441178  0.391293  0.345478  0.326597  0.345478  0.391294  0.441177  0.47719  0.494712  0.498067  0.493997  0.487639  0.483589  0.487035  0.504756  0.540853  0.590001  0.633262  0.647682  
0.639728  0.627094  0.589191  0.545332  0.51184  0.494333  0.489804  0.493063  0.499205  0.503996  0.501395  0.483745  0.445068  0.390036  0.338607  0.317308  0.338607  0.390035  0.445069  0.483743  0.501396  0.503995  0.499207  0.493062  0.489806  0.494332  0.511841  0.545332  0.589191  0.627094  0.639728  
0.632838  0.621918  0.589157  0.550328  0.519557  0.502174  0.496723  0.498903  0.504781  0.509816  0.507763  0.489483  0.447959  0.387526  0.330508  0.306736  0.330508  0.387527  0.447958  0.489484  0.507762  0.509818  0.50478  0.498904  0.496722  0.502175  0.519556  0.550329  0.589157  0.621918  0.632838  
0.626923  0.617605  0.589652  0.555778  0.527701  0.510803  0.504412  0.505662  0.510888  0.515943  0.513737  0.49436  0.449413  0.383502  0.320911  0.294793  0.320911  0.383501  0.449414  0.494359  0.513738  0.515942  0.51089  0.505661  0.504414  0.510802  0.527702  0.555777  0.589652  0.617605  0.626923  
0.621832  0.61402  0.590583  0.561421  0.536308  0.520076  0.513166  0.513371  0.517911  0.52234  0.519392  0.497943  0.449062  0.377471  0.309621  0.281279  0.30962  0.377472  0.449061  0.497944  0.519391  0.522341  0.51791  0.513372  0.513165  0.520077  0.536307  0.561421  0.590583  0.61402  0.621832  
0.617503  0.611068  0.591763  0.567201  0.545106  0.53005  0.522801  0.522233  0.525716  0.529093  0.524303  0.499821  0.446177  0.368984  0.296305  0.266073  0.296305  0.368984  0.446178  0.49982  0.524304  0.529092  0.525717  0.522231  0.522802  0.530049  0.545107  0.5672  0.591764  0.611068  0.617503  
0.613824  0.608651  0.593132  0.572872  0.554019  0.54038  0.53329  0.531924  0.534254  0.535685  0.527977  0.499032  0.439982  0.357349  0.280698  0.248969  0.280697  0.357349  0.439981  0.499033  0.527976  0.535686  0.534252  0.531925  0.533289  0.540381  0.554019  0.572873  0.593132  0.608651  0.613825  
0.610752  0.6067  0.594543  0.578359  0.562699  0.55089  0.544141  0.542188  0.542821  0.541421  0.529136  0.494373  0.429244  0.341873  0.26242  0.229838  0.26242  0.341873  0.429244  0.494372  0.529137  0.54142  0.542822  0.542187  0.544142  0.550889  0.562699  0.578358  0.594544  0.6067  0.610752  
0.608204  0.605141  0.595951  0.58343  0.57097  0.561056  0.554928  0.5521  0.550388  0.544542  0.525925  0.483819  0.412549  0.321648  0.241166  0.208501  0.241166  0.321648  0.412549  0.483819  0.525924  0.544543  0.550387  0.5521  0.554927  0.561056  0.57097  0.58343  0.595951  0.605141  0.608204  
0.606146  0.603921  0.597246  0.587995  0.578419  0.570371  0.564493  0.560121  0.554428  0.542128  0.515053  0.464732  0.388003  0.295793  0.216587  0.184873  0.216587  0.295793  0.388004  0.464732  0.515054  0.542128  0.554429  0.56012  0.564494  0.57037  0.578419  0.587995  0.597246  0.603921  0.606146  
0.604549  0.602993  0.598325  0.591622  0.584244  0.577078  0.570193  0.562185  0.550055  0.5287  0.491754  0.43347  0.353587  0.26337  0.188465  0.15888  0.188465  0.26337  0.353586  0.433471  0.491753  0.528701  0.550054  0.562185  0.570192  0.577078  0.584244  0.591623  0.598325  0.602993  0.604549  
0.601661  0.60043  0.596735  0.591018  0.58371  0.574911  0.563906  0.549076  0.527568  0.495682  0.44934  0.38595  0.307223  0.223713  0.156671  0.130586  0.156671  0.223713  0.307223  0.385949  0.44934  0.495682  0.527568  0.549075  0.563907  0.574911  0.58371  0.591018  0.596735  0.60043  0.601661  
0.582625  0.581134  0.57666  0.569203  0.558685  0.544705  0.526491  0.502716  0.471697  0.43148  0.3805  0.318321  0.247537  0.176548  0.121344  0.100143  0.121344  0.176548  0.247537  0.318321  0.3805  0.43148  0.471696  0.502716  0.526491  0.544705  0.558684  0.569204  0.57666  0.581134  0.582625  
0.502046  0.500024  0.493959  0.483815  0.469502  0.450855  0.427558  0.39923  0.365393  0.325698  0.280016  0.228922  0.174519  0.122399  0.0828881  0.0678874  0.0828882  0.122399  0.174519  0.228922  0.280016  0.325697  0.365394  0.39923  0.427559  0.450855  0.469502  0.483815  0.493959  0.500024  0.502046  
0.304277  0.302598  0.29756  0.289231  0.277711  0.263117  0.245592  0.225271  0.202329  0.176951  0.149429  0.120225  0.0904425  0.0627309  0.0420817  0.0342963  0.0420817  0.0627309  0.0904424  0.120225  0.149429  0.176951  0.202329  0.225271  0.245592  0.263117  0.277711  0.289231  0.29756  0.302598  0.304277  
0  0  0  0  0  0  0  0  0  0  0  0  0  0  0  0  0  0  0  0  0  0  0  0  0  0  0  0  0  0  0  
