1  1  1  1  1  1  1  1  1  1  1  1  1  1  1  1  1  1  1  1  1  1  1  1  1  1  1  1  1  1  1  
0.975813  0.960887  0.91611  0.935512  0.837123  0.891314  0.76347  0.849289  0.702546  0.813215  0.656279  0.785136  0.625284  0.767069  0.609784  0.760743  0.609883  0.766875  0.625566  0.78478  0.656694  0.812757  0.703026  0.848808  0.76393  0.890894  0.837484  0.935229  0.916294  0.960836  0.975683  
0.900472  0.90267  0.909265  0.762329  0.836079  0.622587  0.760971  0.513928  0.700011  0.438511  0.653529  0.390773  0.62111  0.364721  0.603969  0.356569  0.603772  0.365106  0.620552  0.39148  0.652704  0.43942  0.699058  0.514883  0.760056  0.623422  0.835362  0.762893  0.908898  0.902772  0.90073  
0.927705  0.886738  0.763837  0.824438  0.567011  0.725837  0.420328  0.651925  0.33376  0.601175  0.289177  0.564976  0.268229  0.540832  0.259989  0.531817  0.26028  0.540261  0.269055  0.563929  0.290401  0.599826  0.335174  0.650507  0.421687  0.724596  0.568077  0.823601  0.764381  0.886588  0.927324  
0.810522  0.816416  0.834097  0.579841  0.727149  0.38955  0.642563  0.291661  0.594102  0.254947  0.560615  0.244441  0.53189  0.241737  0.512813  0.241251  0.512432  0.242484  0.530807  0.245815  0.559007  0.256719  0.592242  0.293527  0.640775  0.391184  0.725746  0.580942  0.833384  0.816612  0.811021  
0.881201  0.822775  0.647498  0.751988  0.40504  0.653786  0.279781  0.605977  0.243599  0.578564  0.240543  0.547694  0.242697  0.516097  0.243127  0.50172  0.243593  0.515182  0.244024  0.546008  0.242517  0.576387  0.245885  0.603684  0.281981  0.651778  0.406765  0.750635  0.648371  0.822538  0.880593  
0.735976  0.747097  0.780461  0.465558  0.679112  0.289263  0.623762  0.239084  0.60368  0.238673  0.576638  0.245087  0.53512  0.246718  0.500561  0.246248  0.500016  0.247789  0.533565  0.247065  0.574319  0.241233  0.600991  0.241783  0.621174  0.291625  0.677083  0.467147  0.779439  0.747372  0.736683  
0.838339  0.771067  0.569249  0.7153  0.326449  0.644091  0.239957  0.627404  0.234944  0.611006  0.245308  0.568818  0.250453  0.514811  0.248828  0.488387  0.249445  0.513597  0.252219  0.566569  0.247947  0.608089  0.23801  0.624327  0.242907  0.641399  0.328759  0.713493  0.570406  0.770761  0.837545  
0.678245  0.695101  0.74567  0.403223  0.669915  0.253259  0.645872  0.230154  0.642603  0.241774  0.611276  0.252895  0.548239  0.253041  0.490539  0.249995  0.489856  0.254384  0.546282  0.255392  0.608342  0.245019  0.639191  0.233579  0.642588  0.256253  0.667348  0.405226  0.744393  0.695434  0.679114  
0.800403  0.730691  0.521557  0.702016  0.292932  0.661033  0.228927  0.665282  0.234629  0.652712  0.251294  0.596567  0.258346  0.515569  0.252459  0.473492  0.253199  0.514112  0.260472  0.593851  0.254492  0.649171  0.238353  0.661544  0.232509  0.657768  0.295728  0.699839  0.522938  0.730339  0.799473  
0.635976  0.65796  0.723912  0.373666  0.679002  0.241106  0.67787  0.226801  0.684255  0.244164  0.648509  0.261054  0.563891  0.259013  0.479183  0.251466  0.478396  0.260566  0.561621  0.263962  0.645081  0.247963  0.680257  0.230814  0.674025  0.244608  0.676007  0.375991  0.722447  0.658326  0.636953  
0.76742  0.699518  0.495811  0.700831  0.281808  0.685044  0.22465  0.701788  0.23336  0.691828  0.25708  0.62459  0.267232  0.516014  0.254609  0.455825  0.255434  0.514383  0.269622  0.621524  0.260701  0.687811  0.23759  0.697542  0.228716  0.681343  0.284969  0.698385  0.497341  0.699144  0.766412  
0.606797  0.632518  0.709681  0.364396  0.693846  0.238931  0.707198  0.22408  0.719179  0.246104  0.681447  0.270562  0.578525  0.265191  0.465294  0.250653  0.464441  0.26688  0.576044  0.273752  0.677673  0.250296  0.714763  0.228513  0.702954  0.24279  0.690556  0.366932  0.708107  0.632892  0.607821  
0.738633  0.675346  0.485488  0.703911  0.283827  0.70706  0.224245  0.729956  0.232768  0.722234  0.264283  0.648221  0.277817  0.514136  0.255175  0.434609  0.256047  0.512408  0.280359  0.644944  0.268166  0.717915  0.237321  0.725385  0.22862  0.703086  0.287208  0.701316  0.487084  0.674977  0.737608  
0.588264  0.615902  0.698817  0.368962  0.707621  0.24459  0.728932  0.224685  0.743201  0.250515  0.705697  0.282735  0.589021  0.271581  0.447799  0.247108  0.44692  0.273327  0.586447  0.28606  0.701749  0.254912  0.738564  0.229341  0.724477  0.248633  0.70419  0.371582  0.69722  0.616261  0.589274  
0.713084  0.656376  0.486252  0.706306  0.296585  0.723158  0.230676  0.747546  0.237154  0.741219  0.27555  0.664131  0.29048  0.507913  0.253601  0.409127  0.254477  0.506171  0.293056  0.660797  0.279515  0.736797  0.241822  0.742859  0.235159  0.719094  0.300024  0.703694  0.487827  0.656034  0.712102  
0.578174  0.605767  0.688545  0.384382  0.716678  0.26017  0.741749  0.233654  0.755565  0.261655  0.719158  0.298994  0.592626  0.277557  0.425523  0.240058  0.42466  0.279276  0.590081  0.302295  0.715224  0.266048  0.750923  0.238317  0.737293  0.264204  0.713274  0.386951  0.687013  0.606088  0.579114  
0.690007  0.641308  0.495209  0.705024  0.320324  0.731761  0.248579  0.754857  0.25187  0.748522  0.293894  0.67006  0.304891  0.495129  0.248836  0.378587  0.249676  0.493455  0.307374  0.666833  0.297747  0.744213  0.256426  0.750278  0.252954  0.727808  0.323647  0.702532  0.496679  0.64101  0.689121  
0.574583  0.600252  0.677256  0.409088  0.718945  0.288601  0.745686  0.256351  0.757177  0.283869  0.721084  0.320025  0.586592  0.281522  0.397063  0.228439  0.396255  0.283133  0.5842  0.323138  0.717362  0.288038  0.752765  0.260786  0.741451  0.29242  0.715747  0.411468  0.67587  0.600522  0.575406  
0.668997  0.629288  0.510158  0.698399  0.355491  0.731943  0.282011  0.752667  0.281572  0.744677  0.321252  0.663941  0.319172  0.473088  0.239244  0.342059  0.240011  0.471559  0.321443  0.660982  0.324796  0.740704  0.285782  0.748435  0.286049  0.72831  0.358519  0.696162  0.511444  0.629047  0.668248  
0.575748  0.597886  0.664297  0.441532  0.713087  0.33152  0.740485  0.296428  0.748702  0.319622  0.710569  0.344204  0.567426  0.280429  0.360677  0.210921  0.359959  0.281859  0.565302  0.346973  0.707251  0.323346  0.744753  0.300399  0.7367  0.334916  0.71027  0.443596  0.663127  0.598096  0.576419  
0.650046  0.619795  0.529044  0.685808  0.401152  0.722634  0.332407  0.740773  0.327977  0.729252  0.35612  0.642355  0.328617  0.438207  0.222525  0.298463  0.223186  0.436891  0.330571  0.639811  0.35917  0.725827  0.331611  0.73712  0.335884  0.719523  0.403718  0.683945  0.530086  0.619616  0.649459  
0.580066  0.597504  0.649817  0.479321  0.69843  0.387628  0.725077  0.353573  0.729238  0.366552  0.6843  0.365029  0.529639  0.269255  0.31424  0.186006  0.313641  0.270445  0.527876  0.367321  0.681556  0.369633  0.72597  0.356857  0.721956  0.39041  0.696149  0.480962  0.648911  0.597653  0.580567  
0.633475  0.612517  0.549644  0.667748  0.453994  0.703017  0.396677  0.717608  0.386554  0.698344  0.389339  0.597812  0.323998  0.385591  0.195807  0.246685  0.196338  0.384537  0.325553  0.595795  0.391748  0.695644  0.389415  0.714737  0.399398  0.7006  0.455962  0.666345  0.550408  0.612396  0.633059  
0.586044  0.598202  0.634676  0.51878  0.675591  0.451373  0.697995  0.419904  0.693628  0.411133  0.631703  0.367065  0.464084  0.240836  0.255422  0.152299  0.254962  0.241745  0.462747  0.368791  0.62965  0.413427  0.691204  0.42233  0.695703  0.453398  0.673952  0.519937  0.634055  0.598296  0.586377  
0.619852  0.607241  0.569407  0.645879  0.507178  0.672342  0.462533  0.675907  0.436611  0.63596  0.395755  0.514279  0.290341  0.309154  0.156175  0.185893  0.156561  0.308393  0.291453  0.512852  0.397442  0.634084  0.438583  0.673942  0.464381  0.670719  0.508481  0.644968  0.56989  0.60717  0.619597  
0.590658  0.597443  0.617797  0.550954  0.641282  0.50302  0.645866  0.461822  0.615248  0.412171  0.524647  0.322089  0.357518  0.187175  0.182427  0.109076  0.182117  0.187784  0.356634  0.323216  0.523324  0.41363  0.613724  0.463329  0.644459  0.504247  0.640306  0.55163  0.617443  0.597493  0.590843  
0.589942  0.583081  0.562498  0.596493  0.519  0.594817  0.468751  0.564811  0.408679  0.492086  0.325331  0.365511  0.210109  0.203853  0.102086  0.116209  0.102319  0.203397  0.210767  0.364679  0.326299  0.491028  0.409774  0.563738  0.469744  0.593959  0.519676  0.59603  0.562738  0.583048  0.589818  
0.497727  0.498893  0.502392  0.467369  0.493701  0.419933  0.463608  0.360013  0.405637  0.286582  0.31597  0.197906  0.199281  0.104262  0.0956919  0.0572104  0.0955366  0.104565  0.198845  0.198453  0.315339  0.287266  0.404937  0.360692  0.462987  0.420463  0.493287  0.467649  0.502249  0.498913  0.4978  
0.306238  0.303105  0.293709  0.29681  0.26645  0.277651  0.228477  0.244073  0.182854  0.196042  0.131747  0.135574  0.0781298  0.0717752  0.0356915  0.0396239  0.0357691  0.071624  0.0783465  0.135304  0.132058  0.195709  0.183193  0.243747  0.228773  0.277401  0.266644  0.29668  0.293774  0.303097  0.306204  
0  0  0  0  0  0  0  0  0  0  0  0  0  0  0  0  0  0  0  0  0  0  0  0  0  0  0  0  0  0  0  
