1  1  1  1  1  1  1  1  1  1  1  1  1  1  1  1  1  1  1  1  1  1  1  1  1  1  1  1  1  1  1  
0.987283  0.965402  0.89976  0.961117  0.803655  0.931712  0.717015  0.900912  0.646638  0.872564  0.594264  0.84913  0.5599  0.833352  0.543014  0.827645  0.543184  0.833018  0.560383  0.848519  0.594976  0.87178  0.647459  0.900089  0.717804  0.930993  0.804273  0.960631  0.900076  0.965314  0.98706  
0.878083  0.893854  0.941168  0.712711  0.900209  0.54632  0.847141  0.420041  0.799574  0.335073  0.75935  0.283712  0.728632  0.257179  0.711369  0.249285  0.711032  0.25784  0.727675  0.284924  0.757935  0.336631  0.797941  0.421678  0.845573  0.547751  0.898979  0.713677  0.94054  0.894029  0.878525  
0.96001  0.899461  0.717812  0.895326  0.476845  0.83089  0.304419  0.774994  0.206725  0.729591  0.161296  0.691095  0.144418  0.662425  0.140004  0.651155  0.140503  0.661447  0.145834  0.6893  0.163394  0.72728  0.209149  0.772564  0.306749  0.828763  0.478673  0.893891  0.718743  0.899203  0.959357  
0.769597  0.800305  0.892432  0.49095  0.83826  0.262863  0.779066  0.15022  0.736589  0.114341  0.697327  0.112735  0.658382  0.119794  0.631623  0.123638  0.63097  0.121075  0.656526  0.11509  0.694571  0.117379  0.733401  0.153418  0.776  0.265663  0.835854  0.492838  0.89121  0.800641  0.770451  
0.929319  0.841689  0.578801  0.855651  0.277523  0.796479  0.128908  0.759579  0.0913636  0.72642  0.0991575  0.681463  0.116628  0.635513  0.128273  0.61485  0.129072  0.633945  0.118902  0.678574  0.10254  0.722689  0.0952813  0.755648  0.132678  0.793037  0.28048  0.853332  0.580298  0.841283  0.928277  
0.6821  0.725979  0.857617  0.349994  0.819492  0.134301  0.785663  0.0758089  0.764211  0.0840922  0.722821  0.1088  0.66129  0.129388  0.611788  0.137319  0.610853  0.131223  0.658625  0.11219  0.718847  0.0884799  0.759602  0.0804344  0.781226  0.13835  0.816015  0.352717  0.855864  0.72645  0.683311  
0.896611  0.793807  0.485395  0.840362  0.175777  0.809095  0.068491  0.799814  0.0658496  0.773108  0.0933095  0.708613  0.123379  0.630618  0.140862  0.593408  0.141921  0.628537  0.126407  0.704758  0.0978345  0.768108  0.071104  0.79454  0.0735485  0.80448  0.179736  0.837265  0.487379  0.793282  0.895249  
0.616831  0.671283  0.834639  0.270642  0.829036  0.0795147  0.82633  0.0485159  0.820803  0.0713984  0.769866  0.108919  0.676714  0.138456  0.595391  0.148793  0.594221  0.140758  0.67336  0.113198  0.764837  0.076961  0.814954  0.0543862  0.820702  0.0846472  0.824635  0.274076  0.832449  0.671852  0.61832  
0.863827  0.755093  0.428894  0.840457  0.12676  0.842643  0.0398164  0.856191  0.0470784  0.831684  0.0857805  0.74502  0.128254  0.629046  0.150696  0.570868  0.151963  0.62655  0.131897  0.740363  0.0912621  0.825615  0.0534618  0.849784  0.0459574  0.837046  0.131553  0.836725  0.43126  0.754489  0.862232  
0.571564  0.63342  0.818989  0.230818  0.851037  0.0524127  0.875178  0.0269005  0.880949  0.0567562  0.820835  0.108188  0.695566  0.146683  0.577799  0.157984  0.57645  0.149344  0.691674  0.113172  0.814959  0.0632683  0.874096  0.0337795  0.868588  0.0584156  0.845903  0.234803  0.816478  0.634048  0.573238  
0.8319  0.7238  0.3995  0.846736  0.105062  0.879937  0.0198699  0.909998  0.0281929  0.887044  0.0784683  0.781475  0.13424  0.627028  0.159259  0.545311  0.160673  0.624233  0.138335  0.77622  0.0846748  0.880158  0.0354433  0.90272  0.0268404  0.873593  0.110479  0.842544  0.402122  0.72316  0.830172  
0.543083  0.608843  0.806122  0.216754  0.874083  0.0389244  0.918401  0.00864299  0.931716  0.0441277  0.865438  0.110357  0.712358  0.15578  0.557214  0.165286  0.555751  0.158675  0.708106  0.115825  0.85897  0.0513129  0.924146  0.0162418  0.911126  0.0455399  0.868444  0.2211  0.803425  0.609485  0.544838  
0.800825  0.69811  0.389967  0.851948  0.101453  0.910849  0.00799387  0.951166  0.0143485  0.92955  0.0761575  0.810768  0.143811  0.621555  0.166884  0.515729  0.168378  0.618594  0.148169  0.805151  0.0828145  0.922146  0.0221527  0.943331  0.0154926  0.904037  0.107249  0.847501  0.392703  0.697477  0.799069  
0.528278  0.59431  0.792405  0.221918  0.890615  0.0386054  0.948546  -0.000515115  0.965682  0.0396103  0.896412  0.119068  0.722361  0.166631  0.532237  0.170367  0.53073  0.169623  0.717948  0.124768  0.889645  0.0471466  0.957733  0.00746722  0.940909  0.0455358  0.884733  0.226409  0.789668  0.594924  0.53001  
0.770249  0.67658  0.395572  0.850909  0.114659  0.9295  0.00967194  0.974655  0.0127263  0.953683  0.0840452  0.827484  0.158789  0.609845  0.173255  0.481362  0.174757  0.606858  0.163203  0.82177  0.0908425  0.946104  0.0207274  0.966619  0.0173568  0.922535  0.120554  0.846432  0.398272  0.675993  0.768566  
0.524374  0.587126  0.775382  0.243717  0.895689  0.0555435  0.961907  0.00698115  0.979571  0.0498997  0.909439  0.137557  0.721571  0.179249  0.501528  0.172445  0.500048  0.182195  0.717209  0.143215  0.902696  0.0574296  0.971615  0.0149731  0.954267  0.0624581  0.889855  0.248121  0.772755  0.587678  0.525985  
0.739973  0.658255  0.4131  0.840222  0.146212  0.93239  0.0317428  0.978513  0.0308754  0.957102  0.107015  0.827851  0.17987  0.589175  0.17742  0.441476  0.17886  0.586304  0.184127  0.822319  0.11362  0.949717  0.0386853  0.970665  0.0392412  0.925615  0.151908  0.83595  0.415618  0.657745  0.738454  
0.528839  0.585085  0.753821  0.280889  0.886074  0.0944249  0.956521  0.0384977  0.972387  0.0810812  0.902267  0.167688  0.706466  0.192394  0.463651  0.170362  0.462266  0.195156  0.702366  0.173024  0.895886  0.0882265  0.964824  0.0461002  0.949262  0.100971  0.880592  0.284969  0.751445  0.585548  0.530249  
0.710219  0.642631  0.43987  0.81811  0.197474  0.917089  0.0800171  0.961771  0.075055  0.938958  0.148116  0.808993  0.205668  0.556655  0.177709  0.395256  0.179023  0.554034  0.209562  0.803921  0.15419  0.932148  0.0822705  0.954516  0.0869391  0.910861  0.202665  0.814275  0.442074  0.642219  0.708934  
0.539256  0.586364  0.727688  0.331707  0.859887  0.158029  0.930709  0.0991111  0.943553  0.136582  0.873331  0.208223  0.673379  0.203035  0.41696  0.162649  0.415731  0.205487  0.669737  0.212969  0.867644  0.142966  0.936784  0.105918  0.924221  0.163851  0.855059  0.335244  0.725682  0.586725  0.540406  
0.681702  0.629535  0.473034  0.784505  0.26756  0.881903  0.156863  0.923276  0.147726  0.898396  0.205948  0.767595  0.231303  0.508873  0.171663  0.341784  0.172796  0.506617  0.234651  0.763233  0.211176  0.892525  0.153954  0.917014  0.162824  0.87657  0.271959  0.781312  0.474821  0.629227  0.680696  
0.553248  0.589467  0.698122  0.39277  0.817046  0.244957  0.88319  0.188752  0.892137  0.213746  0.819888  0.252005  0.617368  0.205792  0.359548  0.147643  0.358522  0.207832  0.614347  0.255933  0.815184  0.219027  0.886536  0.194381  0.877841  0.249726  0.813136  0.395583  0.69657  0.589723  0.554107  
0.65556  0.618964  0.509176  0.741435  0.351768  0.827074  0.258386  0.862239  0.243388  0.832743  0.269986  0.697422  0.246618  0.441472  0.156148  0.280107  0.157058  0.439666  0.249284  0.693966  0.274116  0.828114  0.248293  0.857318  0.263051  0.822932  0.355143  0.73903  0.510486  0.618757  0.654848  
0.568476  0.593204  0.667387  0.458293  0.760509  0.347383  0.814658  0.297373  0.815267  0.296663  0.733637  0.281721  0.530566  0.192808  0.289376  0.123788  0.288588  0.194367  0.528275  0.284679  0.730117  0.300595  0.811112  0.301532  0.810729  0.350854  0.757701  0.460276  0.666322  0.593366  0.569047  
0.633226  0.610954  0.544136  0.693295  0.43983  0.755591  0.368453  0.775285  0.337478  0.729688  0.311867  0.584892  0.235074  0.349165  0.127945  0.209536  0.128606  0.347862  0.23698  0.582447  0.31476  0.726474  0.340859  0.771917  0.371619  0.75281  0.442064  0.691733  0.544964  0.610832  0.632789  
0.581043  0.594833  0.636203  0.515942  0.691594  0.440197  0.717489  0.385574  0.691867  0.339196  0.590453  0.266286  0.401468  0.155245  0.204944  0.0902492  0.204413  0.156287  0.399952  0.268217  0.588186  0.341697  0.689256  0.388157  0.715077  0.4423  0.68992  0.5171  0.635596  0.594919  0.58136  
0.596335  0.584782  0.550122  0.620341  0.484321  0.638609  0.418293  0.619075  0.35361  0.545047  0.277121  0.406748  0.177402  0.227714  0.08525  0.130272  0.085649  0.226934  0.178531  0.405321  0.278782  0.543232  0.355487  0.617235  0.419996  0.637139  0.485479  0.619548  0.550533  0.584726  0.596124  
0.493952  0.497905  0.509763  0.452997  0.514847  0.392911  0.495111  0.325743  0.440805  0.252401  0.347389  0.170803  0.220919  0.0884122  0.106886  0.0478653  0.10662  0.0889316  0.220172  0.171742  0.346307  0.253573  0.439605  0.326907  0.494046  0.39382  0.514138  0.453478  0.509517  0.497938  0.494078  
0.307951  0.303549  0.290343  0.303434  0.25661  0.290352  0.213521  0.260504  0.165836  0.212725  0.116296  0.148987  0.0673706  0.0796792  0.0301046  0.044287  0.0302378  0.07942  0.0677421  0.148523  0.116829  0.212153  0.166417  0.259945  0.214028  0.289923  0.256941  0.303211  0.290456  0.303534  0.307894  
0  0  0  0  0  0  0  0  0  0  0  0  0  0  0  0  0  0  0  0  0  0  0  0  0  0  0  0  0  0  0  
