1  1  1  1  1  1  1  1  1  1  1  1  1  1  1  1  1  1  1  1  1  1  1  1  1  1  1  1  1  1  1  
0.40324  0.735506  1.7323  -0.342706  2.50796  -1.12554  3.08285  -1.72827  3.49424  -2.15055  3.75346  -2.41122  3.89148  -2.54444  3.94614  -2.5827  3.94365  -2.53958  3.88445  -2.40231  3.74307  -2.13912  3.48226  -1.71627  3.07135  -1.11504  2.49894  -0.33562  1.7277  0.73679  0.406488  
2.01809  1.34274  -0.68332  3.2393  -2.36531  4.42999  -3.54094  5.20131  -4.27103  5.60341  -4.63085  5.73773  -4.74958  5.73723  -4.7624  5.71809  -4.75748  5.7276  -4.73564  5.72007  -4.61022  5.5807  -4.24723  5.17745  -3.51807  4.40912  -2.34738  3.22521  -0.674167  1.3402  2.01165  
-0.684892  0.251664  3.06133  -2.71413  5.0679  -4.51816  6.20627  -5.49158  6.67545  -5.80991  6.67413  -5.73274  6.45171  -5.533  6.25484  -5.43211  6.24756  -5.51874  6.43106  -5.70657  6.64354  -5.77622  6.64012  -5.45615  6.1723  -4.48715  5.04126  -2.6932  3.04776  0.255416  -0.675365  
2.85337  1.62059  -2.07775  5.01684  -4.8188  6.71282  -6.17047  7.35113  -6.51766  7.27311  -6.26377  6.8198  -5.7843  6.3322  -5.42288  6.11893  -5.41335  6.31353  -5.75724  6.78545  -6.2236  7.22882  -6.47119  7.30452  -6.12577  6.67201  -4.78373  4.98932  -2.05993  1.6157  2.84091  
-1.52055  -0.121318  4.07638  -4.42201  6.76935  -6.46755  7.80901  -7.05915  7.8405  -6.8  7.29672  -6.12926  6.53656  -5.44728  5.98067  -5.15194  5.96902  -5.42442  6.5034  -6.08715  7.24741  -6.7456  7.78338  -7.00184  7.75404  -6.41737  6.72624  -4.3882  4.05455  -0.11539  -1.50537  
3.42499  1.80114  -3.07041  6.23319  -6.32657  8.022  -7.45467  8.38568  -7.40582  7.95145  -6.71761  7.04646  -5.76268  6.10513  -5.05534  5.68997  -5.04171  6.07837  -5.72381  6.99704  -6.65967  7.88748  -7.33863  8.31824  -7.39  7.96297  -6.27588  6.19349  -3.04487  1.79428  3.40733  
-2.06991  -0.363873  4.75424  -5.5259  7.84508  -7.58891  8.79465  -7.97389  8.67059  -7.4759  7.82861  -6.40651  6.59237  -5.26674  5.64139  -4.76  5.62595  -5.2364  6.54824  -6.3503  7.76264  -7.403  8.59398  -7.89699  8.72091  -7.52164  7.78735  -5.48076  4.72531  -0.356221  -2.05006  
3.74321  1.88383  -3.69432  7.01922  -7.2697  8.9216  -8.35659  9.29091  -8.24637  8.74053  -7.30002  7.43603  -5.86282  5.97292  -4.74612  5.3076  -4.72906  5.93936  -5.81392  7.37364  -7.22669  8.65944  -8.16111  9.20533  -8.27454  8.84678  -7.20554  6.96915  -3.66239  1.87552  3.72149  
-2.36469  -0.48709  5.14572  -6.20602  8.58383  -8.39909  9.66235  -8.85728  9.58941  -8.27427  8.50734  -6.80918  6.74943  -5.14839  5.33449  -4.39287  5.31602  -5.11199  6.6963  -6.74129  8.42743  -8.18579  9.49634  -8.76387  9.57282  -8.31749  8.51395  -6.15161  5.11122  -0.478281  -2.34145  
3.85025  1.88258  -4.02044  7.50121  -7.90391  9.65408  -9.16396  10.1974  -9.12618  9.59143  -7.94687  7.88644  -6.00556  5.86521  -4.44535  4.92322  -4.42568  5.82641  -5.94882  7.81378  -7.8612  9.49648  -9.02627  10.0971  -9.06787  9.56656  -7.82906  7.44311  -3.98383  1.87343  3.82584  
-2.45008  -0.512172  5.30155  -6.57892  9.09939  -9.03678  10.4388  -9.68293  10.4661  -9.04461  9.16564  -7.20089  6.90195  -5.024  5.01573  -4.0162  4.99511  -4.98325  6.84224  -7.12427  9.07515  -8.94422  10.3604  -9.57682  10.3372  -8.94429  9.02041  -6.51781  5.26333  -0.502837  -2.42489  
3.78594  1.81387  -4.10236  7.7305  -8.29756  10.2155  -9.8271  10.969  -9.88092  10.3196  -8.49522  8.26133  -6.09777  5.72481  -4.12426  4.5169  -4.10293  5.6826  -6.03579  8.18162  -8.40092  10.2148  -9.77056  10.8583  -9.72104  10.1191  -8.21534  7.66714  -4.06304  1.80451  3.76035  
-2.36445  -0.460495  5.25138  -6.68168  9.38157  -9.45803  11.0102  -10.3029  11.1262  -9.61739  9.64701  -7.45917  6.96243  -4.84576  4.66328  -3.61934  4.6415  -4.80259  6.89889  -7.37728  9.54996  -9.50945  11.0124  -10.1886  10.9009  -9.35871  9.29708  -6.61685  5.21149  -0.451263  -2.33885  
3.58116  1.69325  -3.97049  7.70477  -8.42084  10.5191  -10.2247  11.4565  -10.3528  10.7692  -8.80613  8.44583  -6.06216  5.50801  -3.76774  4.08221  -3.74577  5.46439  -5.99782  8.36274  -8.70747  10.6593  -10.2369  11.3401  -10.1133  10.418  -8.33509  7.63929  -3.93059  1.68429  3.55591  
-2.13896  -0.351636  5.01035  -6.50759  9.37167  -9.56908  11.2536  -10.5795  11.4303  -9.85525  9.82675  -7.48329  6.85927  -4.57768  4.26462  -3.20082  4.24272  -4.53414  6.79491  -7.39998  9.72765  -9.74475  11.3137  -10.4623  11.1416  -9.46753  9.28572  -6.44231  4.97098  -0.343078  -2.11443  
3.26226  1.53577  -3.64371  7.40168  -8.2129  10.4668  -10.239  11.539  -10.4166  10.8228  -8.77107  8.35082  -5.83908  5.1822  -3.36864  3.61902  -3.34706  5.13924  -5.77549  8.26833  -8.67276  10.7131  -10.3006  11.4225  -10.1276  10.366  -8.12785  7.33747  -3.60541  1.52772  3.23877  
-1.80274  -0.204175  4.59153  -6.03939  9.00545  -9.27552  11.0638  -10.4002  11.274  -9.65441  9.61449  -7.1999  6.54077  -4.19667  3.81379  -2.76425  3.79279  -4.15481  6.47871  -7.11925  9.5182  -9.54673  11.1601  -10.2857  10.9544  -9.17674  8.92241  -5.97712  4.55482  -0.196741  -1.78059  
2.85665  1.3569  -3.14234  6.8043  -7.61783  9.97402  -9.77026  11.1221  -9.97654  10.398  -8.31545  7.91795  -5.39252  4.72789  -2.92674  3.13083  -2.90655  4.68763  -5.33275  7.84016  -8.22243  10.2938  -9.86628  11.0112  -9.66442  9.87857  -7.53792  6.7448  -3.1077  1.35015  2.83611  
-1.38741  -0.0364082  4.01658  -5.2733  8.23771  -8.50306  10.3571  -9.67679  10.5819  -8.94527  8.95658  -6.57069  5.98049  -3.69573  3.31077  -2.31651  3.29161  -3.65751  5.92372  -6.49673  8.86803  -8.84598  10.4767  -9.57102  10.2562  -8.41226  8.16202  -5.2174  3.98445  -0.0303922  -1.36867  
2.39619  1.17264  -2.49801  5.92006  -6.60957  8.98525  -8.74763  10.1381  -8.96985  9.44899  -7.4074  7.12642  -4.71726  4.14123  -2.44862  2.62332  -2.43069  4.10548  -4.66417  7.05723  -7.32448  9.35592  -8.87116  10.0388  -8.65304  8.90037  -6.53918  5.86849  -2.46876  1.16738  2.37943  
-0.929116  0.133929  3.32307  -4.23756  7.06493  -7.22173  9.08832  -8.36206  9.31842  -7.70713  7.84618  -5.60415  5.18245  -3.08694  2.76117  -1.86647  2.74465  -3.05404  5.13362  -5.54056  7.76996  -7.62154  9.22762  -8.27077  9.00142  -7.14399  7.00081  -4.191  3.29701  0.138417  -0.914449  
1.91786  0.998427  -1.75986  4.79675  -5.21833  7.50411  -7.16152  8.57458  -7.39582  7.98811  -6.07838  6.0023  -3.84609  3.43506  -1.94711  2.10323  -1.93216  3.40532  -3.80204  5.94502  -6.0098  7.91111  -7.31415  8.49251  -7.08354  7.43459  -5.16133  4.75574  -1.73723  0.99469  1.90533  
-0.468221  0.290919  2.56834  -3.00796  5.55317  -5.48504  7.29456  -6.49639  7.52739  -6.00513  6.34234  -4.37045  4.18352  -2.40198  2.17516  -1.42356  2.16189  -2.37565  4.14465  -4.32005  6.28213  -5.93764  7.45589  -6.42465  7.22654  -5.42465  5.50397  -2.97289  2.54925  0.293942  -0.457827  
1.46236  0.847511  -0.997043  3.53602  -3.56026  5.63845  -5.12115  6.53159  -5.37355  6.12063  -4.45247  4.62377  -2.8519  2.63663  -1.43919  1.57711  -1.4277  2.6139  -2.81849  4.58065  -4.40116  6.0633  -5.31297  6.47097  -5.06387  5.58784  -3.51931  3.50711  -0.981513  0.845149  1.45404  
-0.0472787  0.422037  1.82998  -1.71929  3.86655  -3.48018  5.15525  -4.28098  5.38122  -4.03903  4.57985  -3.00769  3.0469  -1.68674  1.56512  -0.995668  1.55548  -1.66774  3.01911  -2.97204  4.53768  -3.99216  5.33193  -4.23188  5.10908  -3.43963  3.83399  -1.69652  1.81791  0.423804  -0.0408983  
1.07028  0.727626  -0.300328  2.2974  -1.86833  3.63668  -2.92665  4.265  -3.20643  4.05204  -2.7576  3.10539  -1.83458  1.77996  -0.941399  1.04994  -0.933658  1.76475  -1.81247  3.07723  -2.72455  4.01558  -3.16836  4.22733  -2.89148  3.60602  -1.84392  2.28051  -0.291481  0.726375  1.06566  
0.271006  0.49821  1.17982  -0.59307  2.24882  -1.58952  2.98555  -2.14179  3.15541  -2.14949  2.7299  -1.69125  1.8414  -0.986435  0.942355  -0.586563  0.936537  -0.975052  1.82495  -1.67044  2.70569  -2.12304  3.12805  -2.11496  2.96073  -1.56809  2.23193  -0.581503  1.17384  0.499031  0.274096  
0.686003  0.548189  0.13475  1.18424  -0.561109  1.76778  -1.10772  2.06937  -1.34846  1.99146  -1.25112  1.54971  -0.879972  0.894902  -0.462981  0.524233  -0.4591  0.887331  -0.869081  1.53603  -1.23534  1.97438  -1.33097  2.0524  -1.09219  1.75452  -0.55077  1.17723  0.138335  0.547709  0.684168  
0.220765  0.280974  0.461602  -0.0335724  0.757289  -0.355853  0.97448  -0.575455  1.03169  -0.636062  0.9024  -0.533403  0.614771  -0.322491  0.314518  -0.193413  0.312576  -0.318712  0.609354  -0.526634  0.894638  -0.627722  1.02322  -0.567311  0.967096  -0.349604  0.752462  -0.0303313  0.459957  0.28119  0.221601  
0  0  0  0  0  0  0  0  0  0  0  0  0  0  0  0  0  0  0  0  0  0  0  0  0  0  0  0  0  0  0  
