1  1  1  1  1  1  1  1  1  1  1  1  1  1  1  1  1  1  1  1  1  1  1  1  1  1  1  1  1  1  1  
296.229  117.18  -419.966  660.088  -860.82  1041.05  -1195.51  1330.42  -1439.48  1529.98  -1597.59  1650.5  -1685.47  1710.62  -1722.46  1727.89  -1721.92  1709.57  -1683.95  1648.58  -1595.35  1527.51  -1436.9  1327.83  -1193.03  1038.79  -858.875  658.559  -418.972  116.903  295.528  
-575.395  -226.016  822.122  -1276.51  1651.7  -1962.82  2219.33  -2417.02  2564.77  -2663.95  2727.1  -2758.86  2772.73  -2773.37  2771.93  -2769.25  2770.87  -2771.3  2769.72  -2755.05  2722.65  -2659.05  2559.64  -2411.87  2214.4  -1958.32  1647.83  -1273.47  820.147  -225.467  -574.005  
832.419  328.345  -1183.88  1825.38  -2320.18  2704.64  -2982.97  3168.52  -3269.93  3306.97  -3293.08  3249.58  -3190.62  3135.82  -3095.34  3081.33  -3093.77  3132.74  -3186.17  3243.93  -3286.48  3299.7  -3262.3  3160.87  -2975.64  2697.95  -2314.43  1820.87  -1180.95  327.536  830.363  
-1052.46  -413.811  1502.15  -2287.03  2859.97  -3259.47  3512.88  -3638.94  3666.86  -3618.01  3519.39  -3390.88  3258.95  -3142.92  3065.19  -3036.01  3063.14  -3138.89  3253.11  -3383.47  3510.72  -3608.46  3656.83  -3628.88  3503.23  -3250.67  2852.4  -2281.09  1498.3  -412.757  -1049.78  
1239.12  487.562  -1767.11  2668.06  -3280.29  3671.27  -3880.27  3950.98  -3914.92  3803.39  -3636.86  3442.91  -3245.66  3077.35  -2961.74  2921.02  -2959.23  3072.42  -3238.51  3433.82  -3626.21  3791.65  -3902.6  3938.62  -3868.41  3660.44  -3270.99  2660.77  -1762.4  486.283  1235.84  
-1385.49  -542.638  1985.93  -2972.55  3611.47  -3984.74  4163.32  -4197.22  4127.28  -3973.68  3759.27  -3505.21  3247.55  -3021.74  2868.33  -2811.83  2865.39  -3015.97  3239.17  -3494.54  3746.77  -3959.88  4112.79  -4182.67  4149.36  -3972  3600.53  -2963.98  1980.42  -541.159  -1381.68  
1499.97  585.819  -2156.63  3217.49  -3874.31  4242.77  -4407.02  4431.45  -4345.07  4166.36  -3906.47  3594.79  -3268.71  2982.22  -2782.91  2711.66  -2779.58  2975.68  -3259.19  3582.67  -3892.24  4150.63  -4328.54  4414.86  -4391.11  4228.25  -3861.85  3207.75  -2150.39  584.168  1495.69  
-1579.1  -612.031  2289.19  -3409.18  4091.74  -4465.54  4637.87  -4666.54  4578.73  -4376.94  4075.58  -3700.32  3304.46  -2949.08  2702.86  -2612.37  2699.18  -2941.84  3293.91  -3686.86  4059.76  -4359.44  4560.33  -4648.08  4620.17  -4449.4  4077.9  -3398.38  2282.3  -610.239  -1574.42  
1632.06  628.386  -2382.65  3560.45  -4271.32  4667.75  -4858.42  4904.74  -4817.22  4597.86  -4251.74  3815.28  -3344.31  2920.51  -2622.01  2514.3  -2618.03  2912.65  -3332.85  3800.63  -4234.5  4578.77  -4797.14  4884.58  -4839.1  4650.14  -4256.24  3548.71  -2375.2  626.486  1627.05  
-1655.84  -630.474  2445.64  -3672.17  4422.34  -4848.17  5069.24  -5134.17  5052.42  -4813.03  4427.01  -3927.12  3385.04  -2889.51  2541.19  -2413.04  2536.95  -2881.13  3372.8  -3911.44  4408.52  -4792.54  5030.86  -5112.54  5048.51  -4829.28  4406.19  -3659.64  2437.74  -628.499  -1650.58  
1658.79  625.124  -2475.87  3751.39  -4541.94  5007.84  -5259.79  5348.1  -5268.7  5014.12  -4587.11  4030.73  -3417.44  2855.78  -2455.89  2310.58  -2451.44  2846.99  -3404.56  4014.2  -4567.59  4992.46  -5245.9  5325.2  -5237.86  4987.88  -4524.89  3738.21  -2467.62  623.11  1653.35  
-1637.54  -608.115  2480.15  -3794.57  4632.18  -5137.89  5425.38  -5532.51  5458.69  -5186.58  4725.93  -4114.72  3439.4  -2813.24  2367.87  -2203.57  2363.27  -2804.13  3426.03  -4097.52  4705.58  -5163.98  5434.88  -5508.61  5402.5  -5117.08  4614.44  -3780.9  2471.67  -606.095  -1632.02  
1599.59  585.935  -2455.03  3805.47  -4685.77  5235.74  -5553.91  5681.61  -5608.72  5324.53  -4830.99  4175.53  -3442.59  2762.35  -2273.35  2094.59  -2268.65  2753.03  -3428.88  4157.87  -4810.05  5301.24  -5584.17  5656.97  -5530.33  5214.31  -4667.54  3791.48  -2446.42  583.943  1594.06  
-1541.4  -554.47  2406.32  -3778.58  4702.43  -5291.02  5641.15  -5783.08  5713.99  -5415.72  4898.39  -4203.19  3426.06  -2697.71  2174.54  -1980.86  2169.8  -2688.3  3412.18  -4185.26  4877.1  -5392.02  5688.98  -5757.97  5617.13  -5269.22  4683.93  -3764.45  2397.71  -552.537  -1535.95  
1470.06  519.991  -2330.2  3716.71  -4673.82  5301.08  -5675.89  5833.14  -5763.08  5456.82  -4917.68  4196  -3382.61  2620.58  -2068.21  1865.21  -2063.48  2611.19  -3368.73  4178.03  -4896.29  5432.97  -5737.91  5807.86  -5651.72  5279.17  -4655.27  3702.62  -2321.71  518.145  1464.76  
-1382.17  -478.513  2232.45  -3614.23  4599.81  -5256.01  5655.18  -5821.07  5753.35  -5437.7  4887.3  -4145.79  3312.81  -2526.42  1956.91  -1745.24  1952.26  -2517.15  3299.09  -4127.99  4866.09  -5414.02  5728.33  -5795.93  5631.15  -5234.26  4581.46  -3600.38  2224.19  -476.778  -1377.1  
1284.81  436.199  -2109.65  3474.67  -4472.82  5154.33  -5569  5744.73  -5675.15  5357.3  -4798.99  4053.11  -3211  2417.42  -1837.93  1623.88  -1833.4  2408.39  -3197.61  4035.71  -4778.21  5334.07  -5650.59  5720.04  -5545.41  5133.02  -4454.91  3461.23  -2101.72  434.595  1280.03  
-1174.97  -389.18  1968.21  -3293.61  4294.42  -4987.58  5415.97  -5594.85  5527.77  -5207.64  4653.79  -3912.05  3079.62  -2290.11  1714.13  -1499.06  1709.78  -2281.43  3066.72  -3895.27  4633.72  -5185.16  5503.98  -5570.93  5393.14  -4966.99  4277.17  -3280.78  1960.73  -387.724  -1170.54  
1059.94  343.542  -1805.64  3076.53  -4059.21  4756.68  -5187.99  5371.31  -5303.64  4990.33  -4446.21  3725.98  -2915.03  2147.82  -1583.34  1373.68  -1579.21  2139.58  -2902.78  3710.03  -4427.1  4968.91  -5280.95  5348.49  -5166.21  4737.09  -4042.88  3064.46  -1798.71  342.244  1055.9  
-937.118  -295.459  1629.52  -2821.32  3772.08  -4456.3  4886.83  -5067.67  5005.21  -4700.69  4180.89  -3492.04  2721.95  -1988.35  1448.68  -1245.96  1444.81  -1980.64  2710.5  -3477.11  4163  -4680.61  4983.92  -5046.26  4866.42  -4437.98  3756.89  -2810.19  1623.21  -294.325  -933.503  
814.043  250.883  -1438.6  2536.47  -3431.61  4092.06  -4508.76  4688.33  -4629.28  4344.97  -3856.55  3217.19  -2499.17  1816.14  -1308.52  1118.64  -1304.95  1809.04  -2488.64  3203.47  -3840.1  4326.5  -4609.69  4668.63  -4490.01  4075.29  -3417.78  2526.43  -1432.97  249.915  810.878  
-688.471  -205.907  1241.78  -2223.19  3047.97  -3664.61  4062.18  -4233.19  4184.78  -3924.34  3483.07  -2902.48  2253.83  -1630.32  1166.06  -990.2  1162.83  -1623.9  2244.32  -2890.12  3468.27  -3907.72  4167.15  -4215.49  4045.36  -3649.61  3035.67  -2214.34  1236.9  -205.101  -685.769  
568.068  166.255  -1039.18  1893.8  -2625.73  3187.57  -3551.92  3715.73  -3676.87  3452.68  -3065.08  2558.96  -1987.15  1436.14  -1020.15  863.047  -1017.29  1430.45  -1978.76  2548.09  -3052.09  3438.12  -3661.45  3700.25  -3537.24  3174.54  -2615.11  1886.23  -1035.06  165.603  565.825  
-450.757  -127.808  841.038  -1553.46  2182.21  -2670.91  2997.5  -3146.96  3125.09  -2939.74  2618.72  -2191.6  1708.04  -1233.71  873.799  -735.864  871.32  -1228.8  1700.83  -2182.29  2607.65  -2927.37  3112.02  -3133.88  2985.14  -2659.99  2173.38  -1547.22  837.688  -127.299  -448.961  
344.215  95.9943  -648.668  1218.77  -1729.62  2139.23  -2416.24  2553.37  -2545.89  2408.07  -2154.21  1814.13  -1419.2  1028.28  -726.114  610.547  -724.035  1024.18  -1413.21  1806.44  -2145.11  2397.96  -2535.25  2542.78  -2406.28  2130.48  -1722.59  1213.85  -646.064  95.613  342.839  
-246.425  -66.4503  473.473  -898.899  1293.11  -1613.33  1840.46  -1958.1  1968.67  -1873.98  1690.73  -1432.93  1129.18  -820.155  579.475  -485.914  577.805  -816.875  1124.41  -1426.85  1683.6  -1866.12  1960.45  -1949.97  1832.87  -1606.72  1287.85  -895.254  471.564  -66.1804  -245.429  
164.846  44.2928  -317.367  613.232  -890.341  1125.52  -1295.65  1394.41  -1414.08  1360.8  -1237.91  1059.48  -839.825  613.243  -433.022  363.149  -431.767  610.787  -836.275  1055  -1232.69  1355.1  -1408.17  1388.62  -1290.29  1120.89  -886.698  610.736  -316.076  44.1156  164.18  
-96.4652  -24.8889  189.84  -368.722  543.717  -693.707  809.672  -879.918  903.713  -877.659  807.294  -695.906  555.96  -407.101  288.067  -241.194  287.229  -405.467  553.61  -692.956  803.889  -873.974  899.94  -876.258  806.322  -690.846  541.486  -367.21  189.067  -24.7854  -96.0693  
44.3247  11.7008  -86.1707  170.442  -252.511  326.523  -383.949  422.28  -436.942  428.697  -396.718  344.622  -276.265  203.131  -143.686  120.42  -143.267  202.316  -275.096  343.162  -395.043  426.898  -435.114  420.523  -382.355  325.175  -251.469  169.743  -85.8159  11.6541  44.1441  
0  0  0  0  0  0  0  0  0  0  0  0  0  0  0  0  0  0  0  0  0  0  0  0  0  0  0  0  0  0  0  
