1  1  1  1  1  1  1  1  1  1  1  1  1  1  1  1  1  1  1  1  1  1  1  1  1  1  1  1  1  1  1  
23247  9151.14  -33136.3  51898.3  -67841.4  81899.2  -94191.7  104691  -113404  120417  -125862  129923  -132795  134677  -135726  136057  -135703  134632  -132731  129842  -125767  120313  -113295  104582  -94087  81803.6  -67759.3  51833.8  -33094.3  9139.45  23217.4  
-45371.8  -17864.7  64656.5  -100562  129978  -154589  174680  -190349  201894  -209800  214697  -217292  218321  -218465  218295  -218178  218250  -218378  218194  -217131  214510  -209593  201677  -190131  174472  -154399  129815  -100433  64573.2  -17841.6  -45313.2  
65464.8  25781.9  -93266.7  143649  -182713  212882  -234885  249412  -257478  260330  -259317  255841  -251283  246928  -243830  242693  -243763  246799  -251096  255603  -259039  260023  -257156  249090  -234576  212599  -182471  143459  -93143  25747.7  65378  
-82922.6  -32642.5  118198  -180099  225102  -256637  276504  -286499  288631  -284857  277041  -267003  256578  -247531  241386  -239183  241299  -247361  256332  -266690  276675  -284454  288207  -286075  276097  -256266  224782  -179848  118035  -32598  -82809.2  
97484.2  38320.7  -139170  209987  -258269  288958  -305476  310969  -308195  299356  -286321  271009  -255568  242291  -233287  230067  -233180  242083  -255266  270626  -285871  298860  -307675  310447  -304976  288502  -257876  209679  -138971  38266.7  97346  
-109131  -42777.8  156282  -234045  284244  -313691  327665  -330392  324818  -312796  295866  -275950  255634  -237954  225863  -221523  225739  -237710  255280  -275500  295339  -312214  324207  -329778  327076  -313153  283782  -233683  156049  -42715.4  -108970  
118018  46058.2  -169820  253227  -305000  333912  -346895  348739  -342002  327873  -307494  282917  -257341  234768  -219185  213575  -219044  234491  -256939  282405  -306894  327210  -341305  348039  -346223  333300  -304474  252816  -169557  45988.6  117837  
-124362  -48234.6  180149  -268395  322025  -351501  364979  -367291  360307  -344496  320720  -291270  260076  -232204  212814  -205811  212659  -231898  259631  -290701  320053  -343758  359531  -366512  364231  -350820  321441  -267939  179858  -48159  -124165  
128413  49410.1  -187599  280208  -336224  367332  -382391  385955  -379132  361800  -334639  300238  -263261  229882  -206498  198029  -206330  229550  -262778  299620  -333911  360995  -378284  385104  -381576  366589  -335587  279713  -187285  49329.9  128202  
-130394  -49681.2  192457  -289079  348025  -381592  398902  -404071  397561  -378795  348353  -309096  266392  -227490  200070  -190109  199890  -227137  265875  -308434  347573  -377930  396651  -403158  398027  -380795  347344  -288549  192123  -49597.8  -130172  
130513  49153.4  -194927  295223  -357505  394079  -413961  420828  -414648  394542  -361016  317174  -268997  224766  -193404  181982  -193216  224395  -268453  316476  -360193  393628  -413685  419862  -413035  393236  -356786  294667  -194578  49068.4  130284  
-128945  -47917  195166  -298699  364526  -404380  426916  -435408  429522  -408183  371864  -323847  270652  -221469  186411  -173608  186217  -221085  270088  -323121  371005  -407229  428517  -434400  425950  -403502  363777  -298122  194808  -47831.8  -128712  
125851  46068.6  -193277  299469  -368814  412003  -437101  447067  -441401  418962  -380203  328558  -270964  217396  -179019  164969  -178820  217003  -270386  327812  -379319  417980  -440365  446026  -436105  411099  -368045  298878  -192914  45984.5  125617  
-121371  -43691.4  189348  -297431  370045  -416425  443891  -455126  449610  -426214  385431  -330804  269591  -212363  171180  -156063  170980  -211966  269005  -330047  384532  -425214  448554  -454066  442877  -415505  369264  -296835  188985  -43609.8  -121141  
115653  40878  -183446  292474  -367868  417140  -446699  458990  -453550  429372  -387025  330163  -266237  206227  -162858  146901  -162659  205831  -265651  329405  -386122  428366  -452488  457923  -445679  416215  -367085  291880  -183088  40800  115429  
-108834  -37710.6  175659  -284491  361963  -413669  444995  -458118  452709  -427947  384558  -326286  260672  -198873  154039  -137501  153843  -198482  260093  -325535  383662  -426947  451653  -457058  443981  -412751  361189  -283906  175310  -37637.4  -108620  
101071  34282.7  -166083  273420  -352048  405590  -438291  452036  -446636  421543  -377687  318917  -252728  190230  -144721  127893  -144530  189849  -252163  318182  -376810  420562  -445599  450994  -437295  404691  -351292  272853  -165749  34215  100870  
-92523.3  -30678  154858  -259254  337925  -392547  426172  -440321  434961  -409847  366183  -307893  242318  -180269  134922  -118108  134738  -179902  241774  -307185  365336  -408899  433957  -439312  425209  -391678  337197  -258713  154542  -30616.6  -92336.2  
83371.5  26990.1  -142154  242081  -319497  374296  -408312  422654  -417406  392668  -349930  293174  -229435  169009  -124672  108186  -124498  168661  -228918  292501  -349123  391764  -416448  421691  -407393  373470  -318808  241572  -141861  26935.4  83201  
-73801  -23300.8  128200  -222083  296815  -350739  384533  -398841  393842  -369959  328971  -274842  214171  -156515  114022  -98168.3  113859  -156189  213687  -274212  328216  -369111  392944  -397938  383672  -349967  296174  -221613  127934  -23252.9  -73648.4  
64018.5  19697.6  -113265  199576  -270107  321993  -354864  368910  -364343  341884  -303530  253136  -196708  142904  -103032  88098.9  -102881  142605  -196263  252557  -302836  341105  -363516  368078  -354073  321285  -269523  199152  -113028  19656.8  63885  
-54230.6  -16252.3  97682.8  -175009  239827  -288439  319638  -333177  329280  -308868  274058  -228448  177332  -128333  91774  -78018.3  91637.9  -128062  176931  -227926  273434  -308167  328537  -332430  318928  -287806  239308  -174636  97476.7  -16218.2  -54116.6  
44659.7  13037.3  -81829.9  148995  -206685  250811  -279568  292371  -289397  271667  -241247  201339  -156411  112999  -80326.1  67968  -80205.3  112759  -156057  200880  -240699  271052  -288746  291718  -278949  250261  -206237  148676  -81656.1  13009.8  44565.1  
-35521.5  -10105.4  66142.9  -122301  171692  -210239  235850  -247698  245889  -231386  206041  -172503  134384  -97115.3  68769.1  -57980.2  68664.4  -96908.3  134080  -172111  205573  -230864  245337  -247146  235328  -209778  171319  -122038  66001.5  -10083.9  -35445.7  
27042.5  7507.83  -51096.1  95869.4  -136163  168308  -190195  200898  -200394  189463  -169564  142729  -111712  80904.3  -57174.4  48081.9  -57086.6  80731.3  -111459  142405  -169180  189037  -199945  200451  -189775  167938  -135866  95662.1  -50986.1  7491.74  26984.4  
-19440  -5276.21  37215.3  -70787.7  101720  -127010  144794  -154138  154885  -147513  133017  -112794  88837  -64563  45603.9  -38286.7  45533.4  -64424.6  88635.8  -112538  132716  -147181  154539  -153795  144474  -126731  101498  -70633.9  37134.7  -5264.82  -19398  
12927.8  3440.61  -25021  48215.8  -70111.2  88532.8  -102004  109696  -111319  107056  -97447.6  83351.3  -66109.4  48248  -34096.7  28598.3  -34043.7  48144.3  -65959.5  83161.9  -97227.1  106815  -111070  109451  -101778  88337.6  -69957.4  48110.5  -24966.5  3433.14  12899.7  
-7630.6  -1997.55  14901.6  -29055.1  42752.6  -54627.7  63685.3  -69277.4  71090.2  -69093.3  63508.4  -54782.1  43737.8  -32048  22669.9  -19004.7  22634.6  -31979  43638.6  -54657.5  63364.7  -68937.7  70931  -69122.9  63543.9  -54506.9  42658.4  -28991.3  14868.9  -1993.18  -7613.9  
3464.59  897.313  -6804.53  13390.8  -19893.4  25675.9  -30234.5  33214.4  -34401.3  33722.8  -31231.4  27110.7  -21747.7  15981.3  -11314.1  9483.11  -11296.4  15946.9  -21698.4  27049  -31160.8  33646.9  -34324.1  33140.2  -30167.3  25619  -19849.5  13361.3  -6789.56  895.342  3456.97  
0  0  0  0  0  0  0  0  0  0  0  0  0  0  0  0  0  0  0  0  0  0  0  0  0  0  0  0  0  0  0  
