1  1  1  1  1  1  1  1  1  1  1  1  1  1  1  1  1  1  1  1  1  1  1  1  1  1  1  1  1  1  1  
-1.22851e+07  -4.83569e+06  1.75124e+07  -2.7427e+07  3.5854e+07  -4.32831e+07  4.97814e+07  -5.53307e+07  5.99378e+07  -6.36453e+07  6.65262e+07  -6.86749e+07  7.01965e+07  -7.11936e+07  7.17523e+07  -7.19301e+07  7.17474e+07  -7.1184e+07  7.01827e+07  -6.86574e+07  6.65057e+07  -6.36228e+07  5.99142e+07  -5.53071e+07  4.97588e+07  -4.32625e+07  3.58363e+07  -2.74131e+07  1.75034e+07  -4.83317e+06  -1.22787e+07  
2.39785e+07  9.4416e+06  -3.41691e+07  5.31453e+07  -6.8691e+07  8.16987e+07  -9.23171e+07  1.006e+08  -1.06703e+08  1.10885e+08  -1.13477e+08  1.14853e+08  -1.15402e+08  1.15485e+08  -1.15401e+08  1.15347e+08  -1.15391e+08  1.15466e+08  -1.15374e+08  1.14818e+08  -1.13436e+08  1.1084e+08  -1.06656e+08  1.00553e+08  -9.22722e+07  8.16577e+07  -6.86558e+07  5.31176e+07  -3.41512e+07  9.43661e+06  2.39659e+07  
-3.45959e+07  -1.36246e+07  4.92893e+07  -7.59144e+07  9.65594e+07  -1.12502e+08  1.24131e+08  -1.31809e+08  1.36073e+08  -1.37583e+08  1.37052e+08  -1.35221e+08  1.32819e+08  -1.30526e+08  1.28898e+08  -1.28307e+08  1.28883e+08  -1.30498e+08  1.32779e+08  -1.35169e+08  1.36992e+08  -1.37517e+08  1.36004e+08  -1.31739e+08  1.24064e+08  -1.12441e+08  9.65071e+07  -7.58733e+07  4.92627e+07  -1.36172e+07  -3.45772e+07  
4.38223e+07  1.72509e+07  -6.2463e+07  9.51759e+07  -1.18957e+08  1.35621e+08  -1.46118e+08  1.514e+08  -1.52527e+08  1.50535e+08  -1.46409e+08  1.4111e+08  -1.35609e+08  1.30839e+08  -1.27602e+08  1.26451e+08  -1.27583e+08  1.30802e+08  -1.35556e+08  1.41043e+08  -1.4633e+08  1.50448e+08  -1.52436e+08  1.51309e+08  -1.4603e+08  1.35541e+08  -1.18888e+08  9.51218e+07  -6.2428e+07  1.72413e+07  4.37978e+07  
-5.15159e+07  -2.02505e+07  7.35456e+07  -1.10967e+08  1.36481e+08  -1.52695e+08  1.61421e+08  -1.64321e+08  1.62855e+08  -1.58186e+08  1.51302e+08  -1.43217e+08  1.35067e+08  -1.28062e+08  1.23318e+08  -1.21632e+08  1.23295e+08  -1.28017e+08  1.35001e+08  -1.43134e+08  1.51205e+08  -1.58079e+08  1.62743e+08  -1.64209e+08  1.61313e+08  -1.52596e+08  1.36396e+08  -1.10901e+08  7.35027e+07  -2.02389e+07  -5.14861e+07  
5.76707e+07  2.26064e+07  -8.25863e+07  1.23679e+08  -1.50202e+08  1.65758e+08  -1.73138e+08  1.74576e+08  -1.71629e+08  1.65278e+08  -1.56336e+08  1.45819e+08  -1.35093e+08  1.25764e+08  -1.1939e+08  1.17115e+08  -1.19363e+08  1.25711e+08  -1.35017e+08  1.45722e+08  -1.56222e+08  1.65153e+08  -1.71497e+08  1.74444e+08  -1.73011e+08  1.65642e+08  -1.50102e+08  1.23601e+08  -8.25361e+07  2.2593e+07  5.7636e+07  
-6.2365e+07  -2.43388e+07  8.97398e+07  -1.33811e+08  1.61165e+08  -1.76437e+08  1.83292e+08  -1.84262e+08  1.80701e+08  -1.73236e+08  1.62472e+08  -1.49492e+08  1.35988e+08  -1.24074e+08  1.15857e+08  -1.12913e+08  1.15827e+08  -1.24014e+08  1.35902e+08  -1.49382e+08  1.62343e+08  -1.73093e+08  1.80551e+08  -1.84111e+08  1.83147e+08  -1.76305e+08  1.61052e+08  -1.33723e+08  8.9683e+07  -2.43238e+07  -6.2326e+07  
6.57174e+07  2.54892e+07  -9.51953e+07  1.41824e+08  -1.70157e+08  1.85725e+08  -1.9284e+08  1.94058e+08  -1.90366e+08  1.82013e+08  -1.69454e+08  1.539e+08  -1.37427e+08  1.22714e+08  -1.12486e+08  1.08808e+08  -1.12453e+08  1.22648e+08  -1.37331e+08  1.53777e+08  -1.6931e+08  1.81854e+08  -1.90198e+08  1.9389e+08  -1.92679e+08  1.85578e+08  -1.70031e+08  1.41726e+08  -9.51326e+07  2.54729e+07  6.56747e+07  
-6.78561e+07  -2.61092e+07  9.91313e+07  -1.48063e+08  1.77656e+08  -1.94085e+08  2.02035e+08  -2.03913e+08  2.00307e+08  -1.9115e+08  1.76804e+08  -1.58633e+08  1.39106e+08  -1.21482e+08  1.09145e+08  -1.04694e+08  1.09109e+08  -1.2141e+08  1.39001e+08  -1.585e+08  1.76646e+08  -1.90977e+08  2.00124e+08  -2.0373e+08  2.01859e+08  -1.93925e+08  1.77518e+08  -1.47956e+08  9.90635e+07  -2.60919e+07  -6.78104e+07  
6.89022e+07  2.62528e+07  -1.01696e+08  1.52748e+08  -1.83887e+08  2.01616e+08  -2.10755e+08  2.13482e+08  -2.1004e+08  2.00126e+08  -1.84045e+08  1.6331e+08  -1.40755e+08  1.20215e+08  -1.05745e+08  1.00507e+08  -1.05706e+08  1.20138e+08  -1.40643e+08  1.63167e+08  -1.83877e+08  1.9994e+08  -2.09844e+08  2.13285e+08  -2.10566e+08  2.01444e+08  -1.8374e+08  1.52634e+08  -1.01624e+08  2.62348e+07  6.88543e+07  
-6.89636e+07  -2.59728e+07  1.03e+08  -1.55992e+08  1.88894e+08  -2.0821e+08  2.18708e+08  -2.22332e+08  2.19066e+08  -2.08443e+08  1.90734e+08  -1.67574e+08  1.42129e+08  -1.18771e+08  1.02219e+08  -9.62104e+07  1.02179e+08  -1.18691e+08  1.42011e+08  -1.67423e+08  1.90556e+08  -2.08246e+08  2.18858e+08  -2.22124e+08  2.18509e+08  -2.08028e+08  1.88739e+08  -1.55871e+08  1.02925e+08  -2.59545e+07  -6.89141e+07  
6.81344e+07  2.53198e+07  -1.03124e+08  1.57826e+08  -1.926e+08  2.13651e+08  -2.25551e+08  2.30034e+08  -2.26922e+08  2.15649e+08  -1.96463e+08  1.71098e+08  -1.43e+08  1.17027e+08  -9.85211e+07  9.17831e+07  -9.84792e+07  1.16944e+08  -1.42878e+08  1.70942e+08  -1.96277e+08  2.15444e+08  -2.26705e+08  2.29817e+08  -2.25342e+08  2.13461e+08  -1.92439e+08  1.57702e+08  -1.03047e+08  2.53014e+07  6.80841e+07  
-6.64979e+07  -2.43421e+07  1.02125e+08  -1.58231e+08  1.94865e+08  -2.17676e+08  2.30931e+08  -2.36192e+08  2.33198e+08  -2.21343e+08  2.00868e+08  -1.73585e+08  1.43163e+08  -1.14871e+08  9.46129e+07  -8.72159e+07  9.45701e+07  -1.14786e+08  1.43038e+08  -1.73424e+08  2.00677e+08  -2.21131e+08  2.32975e+08  -2.35968e+08  2.30716e+08  -2.17481e+08  1.94699e+08  -1.58103e+08  1.02047e+08  -2.43239e+07  -6.64476e+07  
6.41309e+07  2.30864e+07  -1.00047e+08  1.57153e+08  -1.95513e+08  2.20012e+08  -2.34517e+08  2.4045e+08  -2.37534e+08  2.25175e+08  -2.03629e+08  1.74771e+08  -1.42436e+08  1.1221e+08  -9.0468e+07  8.25077e+07  -9.04248e+07  1.12125e+08  -1.42309e+08  1.74608e+08  -2.03435e+08  2.24959e+08  -2.37307e+08  2.40222e+08  -2.34299e+08  2.19813e+08  -1.95344e+08  1.57024e+08  -9.99689e+07  2.30688e+07  6.40813e+07  
-6.1108e+07  -2.15988e+07  9.69287e+07  -1.54532e+08  1.94362e+08  -2.20389e+08  2.36002e+08  -2.42492e+08  2.39617e+08  -2.26843e+08  2.04471e+08  -1.74432e+08  1.40663e+08  -1.08966e+08  8.60689e+07  -7.76637e+07  8.60258e+07  -1.08881e+08  1.40536e+08  -1.74268e+08  2.04277e+08  -2.26626e+08  2.39388e+08  -2.42262e+08  2.35782e+08  -2.20189e+08  1.94194e+08  -1.54404e+08  9.68514e+07  -2.1582e+07  -6.10598e+07  
5.75052e+07  1.99258e+07  -9.28125e+07  1.50313e+08  -1.91241e+08  2.18555e+08  -2.35101e+08  2.42033e+08  -2.39173e+08  2.26091e+08  -2.03168e+08  1.72384e+08  -1.37722e+08  1.05079e+08  -8.14067e+07  7.26944e+07  -8.13643e+07  1.04995e+08  -1.37597e+08  1.72222e+08  -2.02975e+08  2.25875e+08  -2.38945e+08  2.41804e+08  -2.34882e+08  2.18357e+08  -1.91074e+08  1.50187e+08  -9.27372e+07  1.991e+07  5.7459e+07  
-5.34025e+07  -1.81137e+07  8.77528e+07  -1.44463e+08  1.86003e+08  -2.14287e+08  2.3156e+08  -2.38819e+08  2.35966e+08  -2.22708e+08  1.99539e+08  -1.6849e+08  1.33524e+08  -1.00511e+08  7.64813e+07  -6.76144e+07  7.64401e+07  -1.00429e+08  1.33402e+08  -1.68331e+08  1.9935e+08  -2.22496e+08  2.35742e+08  -2.38594e+08  2.31345e+08  -2.14093e+08  1.8584e+08  -1.4434e+08  8.76806e+07  -1.80991e+07  -5.3359e+07  
4.88863e+07  1.62096e+07  -8.18206e+07  1.36978e+08  -1.7854e+08  2.07396e+08  -2.25158e+08  2.32632e+08  -2.29798e+08  2.1653e+08  -1.93461e+08  1.62666e+08  -1.28023e+08  9.52474e+07  -7.13016e+07  6.24414e+07  -7.12619e+07  9.51683e+07  -1.27906e+08  1.62514e+08  -1.93278e+08  2.16325e+08  -2.29581e+08  2.32414e+08  -2.2495e+08  2.07209e+08  -1.78383e+08  1.36861e+08  -8.17525e+07  1.61963e+07  4.88459e+07  
-4.40499e+07  -1.42603e+07  7.51086e+07  -1.27904e+08  1.68804e+08  -1.97754e+08  2.15723e+08  -2.23298e+08  2.20525e+08  -2.07454e+08  1.84875e+08  -1.5489e+08  1.21217e+08  -8.92971e+07  6.58846e+07  -5.71959e+07  6.5847e+07  -8.9222e+07  1.21106e+08  -1.54744e+08  1.84701e+08  -2.07259e+08  2.20318e+08  -2.2309e+08  2.15525e+08  -1.97575e+08  1.68655e+08  -1.27794e+08  7.50455e+07  -1.42484e+07  -4.40131e+07  
3.89936e+07  1.23115e+07  -6.77347e+07  1.17338e+08  -1.5682e+08  1.85308e+08  -2.0316e+08  2.10719e+08  -2.08076e+08  1.95458e+08  -1.73802e+08  1.45205e+08  -1.13152e+08  8.26956e+07  -6.02557e+07  5.18998e+07  -6.02205e+07  8.26254e+07  -1.13048e+08  1.45069e+08  -1.73639e+08  1.95275e+08  -2.07882e+08  2.10524e+08  -2.02974e+08  1.85142e+08  -1.56682e+08  1.17236e+08  -6.76773e+07  1.23012e+07  3.89607e+07  
-3.38241e+07  -1.0407e+07  5.98442e+07  -1.05445e+08  1.42709e+08  -1.7012e+08  1.87486e+08  -1.94905e+08  1.92492e+08  -1.80625e+08  1.60362e+08  -1.33737e+08  1.03926e+08  -7.55037e+07  5.44474e+07  -4.6576e+07  5.44149e+07  -7.5439e+07  1.0383e+08  -1.33612e+08  1.60212e+08  -1.80457e+08  1.92314e+08  -1.94726e+08  1.87315e+08  -1.69967e+08  1.42583e+08  -1.05354e+08  5.9793e+07  -1.03982e+07  -3.37953e+07  
2.86531e+07  8.58725e+06  -5.16104e+07  9.24658e+07  -1.2671e+08  1.52393e+08  -1.68875e+08  1.76028e+08  -1.73967e+08  1.63183e+08  -1.44791e+08  1.20695e+08  -9.3689e+07  6.78051e+07  -4.84977e+07  4.12469e+07  -4.84683e+07  6.77466e+07  -9.36025e+07  1.20582e+08  -1.44656e+08  1.63032e+08  -1.73807e+08  1.75866e+08  -1.68722e+08  1.52257e+08  -1.26598e+08  9.23852e+07  -5.1566e+07  8.57991e+06  2.86285e+07  
-2.35956e+07  -6.88795e+06  4.3235e+07  -7.87207e+07  1.09201e+08  -1.32512e+08  1.47706e+08  -1.54468e+08  1.52897e+08  -1.43529e+08  1.27457e+08  -1.06372e+08  8.26363e+07  -5.97026e+07  4.24481e+07  -3.59333e+07  4.2422e+07  -5.96509e+07  8.256e+07  -1.06273e+08  1.27339e+08  -1.43396e+08  1.52756e+08  -1.54327e+08  1.47572e+08  -1.32394e+08  1.09104e+08  -7.86518e+07  4.31975e+07  -6.88201e+06  -2.35752e+07  
1.8768e+07  5.33948e+06  -3.4946e+07  6.46174e+07  -9.07114e+07  1.11077e+08  -1.24607e+08  1.30867e+08  -1.2991e+08  1.22248e+08  -1.08856e+08  9.11379e+07  -7.09984e+07  5.13107e+07  -3.63404e+07  3.06531e+07  -3.63178e+07  5.12661e+07  -7.09328e+07  9.10532e+07  -1.08755e+08  1.22135e+08  -1.29791e+08  1.30748e+08  -1.24495e+08  1.10978e+08  -9.0631e+07  6.45605e+07  -3.49155e+07  5.33484e+06  1.87516e+07  
-1.42874e+07  -3.96641e+06  2.69966e+07  -5.06515e+07  7.19406e+07  -8.89228e+07  1.00487e+08  -1.0614e+08  1.05874e+08  -1.00099e+08  8.95855e+07  -7.54071e+07  5.90205e+07  -4.27453e+07  3.02133e+07  -2.54199e+07  3.01944e+07  -4.2708e+07  5.89659e+07  -7.53371e+07  8.95026e+07  -1.00006e+08  1.05778e+08  -1.06044e+08  1.00396e+08  -8.88431e+07  7.18766e+07  -5.06068e+07  2.69729e+07  -3.96294e+06  -1.42749e+07  
1.02713e+07  2.78797e+06  -1.96621e+07  3.74003e+07  -5.37422e+07  6.71042e+07  -7.64996e+07  8.14365e+07  -8.18303e+07  7.79354e+07  -7.02763e+07  5.95921e+07  -4.69347e+07  3.41116e+07  -2.40988e+07  2.02415e+07  -2.40836e+07  3.40818e+07  -4.68913e+07  5.95368e+07  -7.02114e+07  7.78638e+07  -8.17555e+07  8.13625e+07  -7.64305e+07  6.70439e+07  -5.36942e+07  3.73671e+07  -1.96447e+07  2.78551e+06  1.02622e+07  
-6.82998e+06  -1.81751e+06  1.32199e+07  -2.5474e+07  3.70426e+07  -4.67747e+07  5.38927e+07  -5.79555e+07  5.88134e+07  -5.65604e+07  5.14843e+07  -4.40364e+07  3.49274e+07  -2.54914e+07  1.8018e+07  -1.51193e+07  1.80066e+07  -2.54691e+07  3.48951e+07  -4.39955e+07  5.14368e+07  -5.65084e+07  5.87597e+07  -5.79028e+07  5.38439e+07  -4.67326e+07  3.70094e+07  -2.54513e+07  1.32081e+07  -1.81589e+06  -6.82391e+06  
4.0318e+06  1.05565e+06  -7.87281e+06  1.53511e+07  -2.25875e+07  2.88619e+07  -3.36468e+07  3.66016e+07  -3.75589e+07  3.65041e+07  -3.3553e+07  2.89428e+07  -2.31077e+07  1.69324e+07  -1.19796e+07  1.00474e+07  -1.19719e+07  1.69175e+07  -2.30863e+07  2.8916e+07  -3.3522e+07  3.64705e+07  -3.75245e+07  3.65683e+07  -3.36163e+07  2.88359e+07  -2.25671e+07  1.53374e+07  -7.86577e+06  1.05471e+06  4.0282e+06  
-1.83031e+06  -473923  3.59524e+06  -7.07471e+06  1.05105e+07  -1.35653e+07  1.5974e+07  -1.75481e+07  1.81753e+07  -1.78166e+07  1.65005e+07  -1.43232e+07  1.14899e+07  -8.44361e+06  5.9788e+06  -5.01351e+06  5.97499e+06  -8.43618e+06  1.14793e+07  -1.43099e+07  1.64852e+07  -1.78002e+07  1.81587e+07  -1.75321e+07  1.59595e+07  -1.3553e+07  1.05011e+07  -7.06834e+06  3.59201e+06  -473498  -1.82867e+06  
0  0  0  0  0  0  0  0  0  0  0  0  0  0  0  0  0  0  0  0  0  0  0  0  0  0  0  0  0  0  0  
