1  1  1  1  1  1  1  1  1  1  1  1  1  1  1  1  1  1  1  1  1  1  1  1  1  1  1  1  1  1  1  
0.966095  0.96248  0.951634  0.935421  0.916055  0.895447  0.87496  0.855464  0.8375  0.821417  0.807455  0.795792  0.78657  0.779899  0.775861  0.774509  0.775861  0.779899  0.78657  0.795792  0.807455  0.821417  0.8375  0.855464  0.87496  0.895447  0.916055  0.935421  0.951634  0.96248  0.966095  
0.932721  0.925733  0.904768  0.873616  0.83679  0.798196  0.760583  0.725628  0.694246  0.666881  0.643709  0.624773  0.610065  0.599567  0.593269  0.59117  0.593269  0.599567  0.610065  0.624773  0.643709  0.666881  0.694246  0.725628  0.760583  0.798196  0.83679  0.873616  0.904768  0.925733  0.932721  
0.900375  0.890459  0.860714  0.816923  0.765994  0.713878  0.664661  0.620624  0.582709  0.551024  0.525239  0.504871  0.489462  0.478666  0.472262  0.470138  0.472262  0.478666  0.489462  0.504871  0.525239  0.551024  0.582709  0.620624  0.664661  0.713878  0.765994  0.816923  0.860714  0.890459  0.900375  
0.869489  0.857231  0.820457  0.766953  0.705997  0.645494  0.590632  0.543913  0.505843  0.47574  0.452421  0.434688  0.421591  0.412521  0.407159  0.405381  0.407159  0.412521  0.421591  0.434688  0.452421  0.47574  0.505843  0.543913  0.590632  0.645494  0.705997  0.766953  0.820457  0.857231  0.869489  
0.840412  0.826458  0.784598  0.724491  0.657583  0.593425  0.537892  0.493231  0.459072  0.433656  0.414863  0.400879  0.390506  0.383161  0.37871  0.37721  0.37871  0.383161  0.390506  0.400879  0.414863  0.433656  0.459072  0.493231  0.537892  0.593425  0.657583  0.724491  0.784598  0.826458  0.840412  
0.813394  0.798387  0.753368  0.689593  0.620282  0.556156  0.503284  0.463239  0.434528  0.414288  0.399627  0.388414  0.379531  0.372755  0.368399  0.366885  0.368399  0.372755  0.379531  0.388414  0.399627  0.414288  0.434528  0.463239  0.503284  0.556156  0.620282  0.689593  0.753368  0.798387  0.813394  
0.788586  0.773113  0.726697  0.661788  0.592847  0.531223  0.482747  0.448082  0.424616  0.408574  0.396584  0.386487  0.377507  0.369988  0.364862  0.363031  0.364862  0.369988  0.377507  0.386487  0.396584  0.408574  0.424616  0.448082  0.482747  0.531223  0.592847  0.661788  0.726697  0.773113  0.788586  
0.766049  0.750613  0.704304  0.640293  0.573695  0.515985  0.472465  0.442873  0.423671  0.410461  0.399651  0.389235  0.37889  0.369615  0.363056  0.360676  0.363056  0.369615  0.37889  0.389235  0.399651  0.410461  0.423671  0.442873  0.472465  0.515985  0.573695  0.640293  0.704304  0.750613  0.766049  
0.745769  0.730773  0.685785  0.624203  0.561235  0.50808  0.469388  0.444113  0.428073  0.416513  0.405777  0.394056  0.381484  0.369745  0.36127  0.358168  0.36127  0.369745  0.381484  0.394056  0.405777  0.416513  0.428073  0.444113  0.469388  0.50808  0.561235  0.624203  0.685785  0.730773  0.745769  
0.727672  0.713425  0.670683  0.612614  0.554041  0.505599  0.471292  0.44951  0.435703  0.424944  0.413562  0.399908  0.384523  0.369791  0.359014  0.355046  0.359014  0.369791  0.384523  0.399908  0.413562  0.424944  0.435703  0.44951  0.471292  0.505599  0.554041  0.612614  0.670683  0.713425  0.727672  
0.711646  0.698368  0.658534  0.604697  0.550915  0.50708  0.476631  0.45762  0.445349  0.434825  0.422345  0.40634  0.387703  0.369539  0.356119  0.351154  0.356119  0.369539  0.387703  0.40634  0.422345  0.434825  0.445349  0.45762  0.476631  0.50708  0.550915  0.604697  0.658534  0.698368  0.711646  
0.697553  0.685389  0.648898  0.599725  0.550886  0.511436  0.484345  0.467526  0.456287  0.445619  0.431741  0.41308  0.390832  0.368851  0.352477  0.346395  0.352477  0.368851  0.390832  0.41308  0.431741  0.445619  0.456287  0.467526  0.484345  0.511436  0.550886  0.599725  0.648898  0.685389  0.697553  
0.685244  0.674277  0.641377  0.597081  0.553181  0.517853  0.493694  0.478618  0.468042  0.456955  0.441452  0.419888  0.393721  0.367584  0.34798  0.340675  0.34798  0.367584  0.393721  0.419888  0.441452  0.456955  0.468042  0.478618  0.493694  0.517853  0.553181  0.597081  0.641377  0.674277  0.685244  
0.674566  0.664828  0.635617  0.596245  0.557183  0.525716  0.504139  0.490458  0.480254  0.468523  0.451196  0.426507  0.396153  0.365573  0.34251  0.333892  0.34251  0.365573  0.396153  0.426507  0.451196  0.468523  0.480254  0.490458  0.504139  0.525716  0.557183  0.596245  0.635617  0.664828  0.674566  
0.665369  0.656854  0.631309  0.596783  0.562394  0.534542  0.515263  0.502699  0.49262  0.48003  0.460677  0.432649  0.397875  0.362625  0.335931  0.325937  0.335931  0.362625  0.397875  0.432649  0.460677  0.48003  0.49262  0.502699  0.515263  0.534542  0.562394  0.596783  0.631309  0.656854  0.665369  
0.657512  0.650181  0.628188  0.598335  0.568406  0.543939  0.526721  0.515039  0.504853  0.491171  0.46956  0.437973  0.398584  0.358513  0.328094  0.316691  0.328094  0.358513  0.398584  0.437973  0.46956  0.491171  0.504853  0.515039  0.526721  0.543939  0.568406  0.598335  0.628188  0.650181  0.657512  
0.650863  0.644653  0.626024  0.600598  0.574881  0.553574  0.538208  0.527191  0.516652  0.501604  0.477457  0.442073  0.39792  0.352971  0.318831  0.306028  0.318831  0.352971  0.39792  0.442073  0.477457  0.501604  0.516652  0.527191  0.538208  0.553574  0.574881  0.600598  0.626024  0.644653  0.650863  
0.6453  0.640131  0.624625  0.60332  0.581529  0.563149  0.549431  0.538854  0.527676  0.510917  0.48389  0.444459  0.395452  0.345693  0.307958  0.293817  0.307958  0.345693  0.395452  0.444459  0.48389  0.510917  0.527676  0.538854  0.549431  0.563149  0.581529  0.60332  0.624625  0.640131  0.6453  
0.640713  0.636491  0.623826  0.606286  0.588098  0.572387  0.560087  0.549675  0.537491  0.518579  0.488253  0.444518  0.390664  0.336327  0.295276  0.27992  0.295276  0.336327  0.390664  0.444518  0.488253  0.518579  0.537491  0.549675  0.560087  0.572387  0.588098  0.606286  0.623826  0.636491  0.640713  
0.636999  0.633621  0.623485  0.609314  0.594356  0.580997  0.56981  0.559185  0.545498  0.523861  0.489744  0.441487  0.382945  0.324476  0.280577  0.264203  0.280577  0.324476  0.382945  0.441487  0.489744  0.523861  0.545498  0.559185  0.56981  0.580997  0.594356  0.609314  0.623485  0.633621  0.636999  
0.634058  0.631409  0.623464  0.612214  0.600036  0.588605  0.578075  0.566675  0.550795  0.52572  0.487289  0.434409  0.371576  0.309703  0.263647  0.246539  0.263647  0.309703  0.371576  0.434409  0.487289  0.52572  0.550795  0.566675  0.578075  0.588605  0.600036  0.612214  0.623464  0.631409  0.634058  
0.631734  0.629689  0.623552  0.614692  0.6047  0.594563  0.583973  0.570954  0.551959  0.52263  0.479448  0.422101  0.355736  0.291547  0.244285  0.226819  0.244285  0.291547  0.355736  0.422101  0.479448  0.52263  0.551959  0.570954  0.583973  0.594563  0.6047  0.614692  0.623552  0.629689  0.631734  
0.629574  0.627974  0.623173  0.615995  0.607328  0.597499  0.585744  0.569932  0.54673  0.512398  0.464335  0.403153  0.334532  0.269552  0.222318  0.204966  0.222318  0.269552  0.334532  0.403153  0.464335  0.512398  0.54673  0.569932  0.585744  0.597499  0.607328  0.615995  0.623173  0.627974  0.629574  
0.625944  0.624572  0.620456  0.613957  0.605351  0.594401  0.579999  0.560036  0.531651  0.492009  0.439617  0.375995  0.30707  0.243317  0.197627  0.180952  0.197627  0.243317  0.30707  0.375995  0.439617  0.492009  0.531651  0.560036  0.579999  0.594401  0.605351  0.613957  0.620456  0.624572  0.625944  
0.615915  0.614489  0.610212  0.603094  0.592973  0.579258  0.560754  0.535665  0.501893  0.457691  0.402684  0.339062  0.272577  0.212561  0.170177  0.154814  0.170177  0.212561  0.272577  0.339062  0.402684  0.457691  0.501893  0.535665  0.560754  0.579258  0.592973  0.603094  0.610212  0.614489  0.615915  
0.588205  0.586461  0.58123  0.572355  0.559499  0.542045  0.519044  0.489307  0.451661  0.405428  0.351098  0.291123  0.230586  0.177214  0.140054  0.126674  0.140054  0.177214  0.230586  0.291123  0.351098  0.405428  0.451661  0.489307  0.519044  0.542045  0.559499  0.572355  0.58123  0.586461  0.588205  
0.524239  0.52214  0.515844  0.505221  0.490042  0.46995  0.444488  0.413172  0.375673  0.332094  0.283361  0.231713  0.181154  0.137504  0.107495  0.0967518  0.107495  0.137504  0.181154  0.231713  0.283361  0.332094  0.375673  0.413172  0.444488  0.46995  0.490042  0.505221  0.515844  0.52214  0.524239  
0.404527  0.402457  0.396248  0.385894  0.371379  0.352679  0.329781  0.302726  0.271684  0.237092  0.199852  0.16161  0.125063  0.0940252  0.0728997  0.065372  0.0728997  0.0940252  0.125063  0.16161  0.199852  0.237092  0.271684  0.302726  0.329781  0.352679  0.371379  0.385894  0.396248  0.402457  0.404527  
0.223124  0.221796  0.217812  0.211226  0.202117  0.190594  0.176792  0.160888  0.143117  0.123823  0.10354  0.0831224  0.0639051  0.0477567  0.0368356  0.0329557  0.0368356  0.0477567  0.0639051  0.0831224  0.10354  0.123823  0.143117  0.160888  0.176792  0.190594  0.202117  0.211226  0.217812  0.221796  0.223124  
0  0  0  0  0  0  0  0  0  0  0  0  0  0  0  0  0  0  0  0  0  0  0  0  0  0  0  0  0  0  0  
