1  1  1  1  1  1  1  1  1  1  1  1  1  1  1  1  1  1  1  1  1  1  1  1  1  1  1  1  1  1  1  
0.966213  0.962643  0.951934  0.935929  0.916815  0.896479  0.87626  0.857013  0.839272  0.823381  0.809579  0.798045  0.788921  0.782319  0.778323  0.776985  0.778323  0.782319  0.788921  0.798045  0.809579  0.823381  0.839272  0.857013  0.87626  0.896479  0.916815  0.935929  0.951934  0.962643  0.966213  
0.932951  0.926051  0.905351  0.874599  0.838254  0.800168  0.763044  0.728531  0.697528  0.670475  0.64755  0.628804  0.614234  0.60383  0.597586  0.595505  0.597586  0.60383  0.614234  0.628804  0.64755  0.670475  0.697528  0.728531  0.763044  0.800168  0.838254  0.874599  0.905351  0.926051  0.932951  
0.900706  0.890917  0.861548  0.818321  0.768058  0.716625  0.668042  0.624545  0.587061  0.5557  0.530145  0.509933  0.494626  0.48389  0.477519  0.475405  0.477519  0.48389  0.494626  0.509933  0.530145  0.5557  0.587061  0.624545  0.668042  0.716625  0.768058  0.818321  0.861548  0.890917  0.900706  
0.869906  0.857804  0.821498  0.768685  0.708526  0.64881  0.594637  0.54846  0.510771  0.480907  0.457716  0.440039  0.426955  0.417879  0.412508  0.410727  0.412508  0.417879  0.426955  0.440039  0.457717  0.480907  0.510771  0.54846  0.594637  0.64881  0.708526  0.768685  0.821498  0.857804  0.869906  
0.840895  0.82712  0.785794  0.726464  0.660428  0.597091  0.542226  0.498029  0.464134  0.438817  0.420014  0.405964  0.395508  0.388092  0.383595  0.38208  0.383595  0.388092  0.395508  0.405964  0.420014  0.438817  0.464134  0.498029  0.542226  0.597091  0.660428  0.726464  0.785794  0.82712  0.840895  
0.813919  0.799105  0.754662  0.691711  0.623295  0.559968  0.507687  0.467984  0.439387  0.419097  0.404294  0.392913  0.383879  0.376992  0.37257  0.371035  0.37257  0.376992  0.383879  0.392913  0.404294  0.419097  0.439387  0.467984  0.507687  0.559968  0.623295  0.691711  0.754662  0.799105  0.813919  
0.789127  0.773853  0.72803  0.663956  0.595891  0.535003  0.487011  0.452548  0.429051  0.412826  0.400594  0.390264  0.381102  0.373462  0.36827  0.366419  0.36827  0.373462  0.381102  0.390264  0.400594  0.412826  0.429051  0.452548  0.487011  0.535003  0.595891  0.663956  0.72803  0.773853  0.789127  
0.766577  0.751337  0.70562  0.642424  0.576651  0.519589  0.476432  0.446909  0.427547  0.414054  0.402937  0.392262  0.381735  0.372357  0.36575  0.363358  0.36575  0.372357  0.381735  0.392262  0.402937  0.414054  0.427547  0.446909  0.476432  0.519589  0.576651  0.642424  0.70562  0.751337  0.766577  
0.746252  0.731446  0.687029  0.626218  0.564003  0.511394  0.472947  0.447619  0.431319  0.419404  0.408327  0.396348  0.383622  0.371817  0.363327  0.360224  0.363327  0.371817  0.383622  0.396348  0.408327  0.419404  0.431318  0.447619  0.472946  0.511394  0.564003  0.626218  0.687029  0.731446  0.746252  
0.728078  0.714009  0.671802  0.614443  0.556536  0.508536  0.474361  0.452427  0.438279  0.427121  0.415388  0.401498  0.386004  0.371259  0.360507  0.356554  0.360507  0.371259  0.386004  0.401498  0.415388  0.427121  0.43828  0.452427  0.474361  0.508536  0.556536  0.614443  0.671802  0.714009  0.728078  
0.711942  0.698826  0.65948  0.606279  0.55307  0.509573  0.479157  0.459908  0.44724  0.436288  0.423466  0.407262  0.388576  0.370463  0.357117  0.352185  0.357117  0.370463  0.388576  0.407262  0.423466  0.436288  0.44724  0.459908  0.479156  0.509573  0.55307  0.606279  0.65948  0.698826  0.711942  
0.697704  0.685685  0.649627  0.601009  0.552643  0.513433  0.486286  0.469163  0.457484  0.446378  0.432176  0.413367  0.391139  0.369283  0.353039  0.347012  0.353039  0.369283  0.39114  0.413367  0.432176  0.446378  0.457484  0.469163  0.486286  0.513432  0.552643  0.601009  0.649627  0.685685  0.697704  
0.685214  0.674372  0.641847  0.598018  0.554495  0.519313  0.495023  0.479588  0.468544  0.457019  0.441223  0.419569  0.393502  0.367571  0.34816  0.340932  0.34816  0.367571  0.393502  0.419569  0.441223  0.457019  0.468544  0.479588  0.495023  0.519313  0.554495  0.598018  0.641846  0.674372  0.685214  
0.674319  0.664685  0.635786  0.596794  0.558013  0.526607  0.504832  0.490752  0.480063  0.467904  0.450324  0.425613  0.395445  0.365159  0.342354  0.333839  0.342354  0.365159  0.395446  0.425613  0.450324  0.467904  0.480063  0.490752  0.504832  0.526607  0.558013  0.596794  0.635786  0.664685  0.674319  
0.664865  0.656434  0.631139  0.596906  0.562707  0.534837  0.515304  0.502308  0.49174  0.478742  0.459184  0.431209  0.396716  0.361851  0.335485  0.325618  0.335485  0.361851  0.396715  0.431209  0.459183  0.478742  0.49174  0.502309  0.515304  0.534837  0.562707  0.596906  0.631139  0.656434  0.664865  
0.656711  0.649442  0.627638  0.597995  0.56817  0.543615  0.526095  0.513961  0.503289  0.48923  0.467471  0.43602  0.39701  0.357421  0.3274  0.316151  0.3274  0.357421  0.39701  0.43602  0.467471  0.489229  0.503289  0.513961  0.526095  0.543615  0.56817  0.597995  0.627638  0.649442  0.65671  
0.649719  0.643553  0.625056  0.599759  0.574068  0.552608  0.536904  0.525423  0.514414  0.499028  0.474801  0.439644  0.395973  0.351602  0.31793  0.305307  0.31793  0.351602  0.395972  0.439644  0.474801  0.499028  0.514413  0.525423  0.536904  0.552608  0.574068  0.599759  0.625056  0.643553  0.649719  
0.643765  0.638622  0.623194  0.601945  0.580108  0.561522  0.547437  0.536395  0.524773  0.507732  0.480703  0.441596  0.393175  0.344092  0.306891  0.292953  0.306891  0.344092  0.393176  0.441596  0.480703  0.507731  0.524773  0.536395  0.547437  0.561522  0.580108  0.601945  0.623194  0.638622  0.643765  
0.638732  0.63452  0.621885  0.604337  0.58604  0.570076  0.557392  0.546527  0.533942  0.514815  0.484578  0.441273  0.388111  0.334539  0.294083  0.278952  0.294083  0.334539  0.388111  0.441273  0.484578  0.514815  0.533942  0.546528  0.557392  0.570077  0.58604  0.604337  0.621885  0.63452  0.638732  
0.634511  0.631128  0.620979  0.606744  0.591625  0.577983  0.566406  0.555358  0.541327  0.519563  0.485638  0.437922  0.380174  0.322551  0.279298  0.263167  0.279298  0.322551  0.380174  0.437922  0.485638  0.519563  0.541327  0.555358  0.566406  0.577983  0.591625  0.606744  0.620979  0.631128  0.634511  
0.630991  0.628326  0.620333  0.608975  0.596597  0.584865  0.573961  0.562185  0.546044  0.520947  0.482827  0.4306  0.368654  0.307694  0.262325  0.245472  0.262325  0.307694  0.368654  0.4306  0.482827  0.520947  0.546044  0.562185  0.573961  0.584865  0.596597  0.608975  0.620333  0.628326  0.630991  
0.628008  0.625939  0.619729  0.61073  0.600518  0.590085  0.579158  0.565841  0.546693  0.51747  0.474726  0.418141  0.352743  0.289514  0.242961  0.225756  0.242961  0.289514  0.352743  0.418141  0.474726  0.51747  0.546693  0.565841  0.579158  0.590085  0.600518  0.61073  0.619729  0.625939  0.628008  
0.625107  0.623479  0.618592  0.611265  0.602384  0.592294  0.580275  0.564274  0.541056  0.506975  0.459481  0.399158  0.331559  0.267559  0.221035  0.203942  0.221035  0.267559  0.331559  0.399158  0.459481  0.506975  0.541056  0.564274  0.580275  0.592294  0.602384  0.611265  0.618592  0.623479  0.625107  
0.620683  0.619284  0.615088  0.608457  0.599677  0.588541  0.573987  0.553979  0.525739  0.486499  0.434794  0.372099  0.304216  0.24143  0.196426  0.18  0.196426  0.24143  0.304216  0.372099  0.434794  0.486499  0.525739  0.553979  0.573987  0.588541  0.599677  0.608457  0.615088  0.619284  0.620683  
0.609909  0.608465  0.604133  0.596934  0.58672  0.572934  0.554426  0.529459  0.495994  0.452331  0.398095  0.335424  0.269953  0.210848  0.1691  0.153965  0.1691  0.210848  0.269953  0.335424  0.398095  0.452331  0.495994  0.529459  0.554426  0.572934  0.58672  0.596934  0.604133  0.608465  0.609909  
0.581734  0.579987  0.574746  0.565865  0.553026  0.535637  0.512789  0.48333  0.446124  0.400515  0.346979  0.287914  0.228304  0.175743  0.139139  0.125957  0.139139  0.175743  0.228304  0.287914  0.346979  0.400515  0.446125  0.48333  0.512789  0.535637  0.553026  0.565865  0.574746  0.579987  0.581734  
0.517937  0.515851  0.509592  0.499041  0.483978  0.464068  0.438872  0.407929  0.370926  0.327969  0.279966  0.229109  0.179325  0.136336  0.106775  0.096191  0.106775  0.136336  0.179325  0.229109  0.279966  0.327969  0.370926  0.407929  0.438872  0.464068  0.483978  0.499041  0.509592  0.515851  0.517937  
0.399375  0.397326  0.39118  0.380935  0.366578  0.348097  0.325484  0.298787  0.268182  0.234099  0.197424  0.15977  0.123782  0.0932145  0.0724036  0.0649868  0.0724036  0.0932145  0.123782  0.15977  0.197424  0.234099  0.268182  0.298787  0.325484  0.348097  0.366578  0.380934  0.39118  0.397326  0.399375  
0.220191  0.218879  0.214943  0.208437  0.199441  0.188066  0.174449  0.158765  0.141252  0.122246  0.102272  0.0821686  0.0632456  0.0473412  0.0365825  0.0327595  0.0365825  0.0473412  0.0632456  0.0821686  0.102272  0.122246  0.141252  0.158765  0.174449  0.188066  0.199441  0.208437  0.214943  0.218879  0.220191  
0  0  0  0  0  0  0  0  0  0  0  0  0  0  0  0  0  0  0  0  0  0  0  0  0  0  0  0  0  0  0  
