1  1  1  1  1  1  1  1  1  1  1  1  1  1  1  1  1  1  1  1  1  1  1  1  1  1  1  1  1  1  1  
0.961748  0.960934  0.958491  0.924702  0.931399  0.878143  0.896837  0.833421  0.864135  0.796227  0.837166  0.768821  0.817914  0.752219  0.807692  0.746929  0.807256  0.753072  0.816681  0.770383  0.835342  0.798235  0.862031  0.83553  0.894815  0.879984  0.92983  0.925907  0.957746  0.961114  0.962236  
0.941313  0.928974  0.891956  0.895855  0.809011  0.834576  0.722473  0.772022  0.649584  0.719446  0.595626  0.680363  0.560808  0.656026  0.544175  0.647213  0.545038  0.654336  0.563254  0.677265  0.599245  0.715461  0.653764  0.767831  0.726491  0.830917  0.812131  0.89346  0.893434  0.928618  0.940346  
0.887992  0.886049  0.88022  0.78657  0.80882  0.666299  0.723379  0.562765  0.650518  0.488528  0.596629  0.441617  0.561008  0.416562  0.542587  0.409497  0.541311  0.419062  0.557389  0.446204  0.591269  0.494434  0.644321  0.568983  0.717417  0.671731  0.80419  0.790124  0.878029  0.886575  0.889424  
0.88538  0.863199  0.796655  0.80777  0.655663  0.709689  0.524965  0.620922  0.433883  0.556846  0.380428  0.514464  0.352607  0.489048  0.341399  0.479359  0.343068  0.485778  0.357344  0.508457  0.387453  0.5491  0.442016  0.612756  0.532799  0.70255  0.661747  0.803103  0.799527  0.862513  0.883508  
0.821674  0.819768  0.814052  0.67888  0.720485  0.524885  0.619386  0.415066  0.546486  0.355324  0.49988  0.327355  0.469784  0.315369  0.452917  0.313101  0.450879  0.319363  0.463995  0.334701  0.491282  0.364811  0.536517  0.425079  0.609775  0.533644  0.713022  0.6846  0.810538  0.820602  0.823957  
0.83452  0.806246  0.721424  0.74356  0.554465  0.637467  0.421763  0.554746  0.350799  0.503924  0.32143  0.470434  0.309433  0.446746  0.30486  0.436117  0.307239  0.442081  0.316198  0.461843  0.331493  0.492813  0.362482  0.543002  0.433038  0.62719  0.563217  0.73686  0.725529  0.805279  0.831863  
0.76557  0.764871  0.762773  0.605873  0.668179  0.450069  0.575756  0.359982  0.518731  0.324901  0.482689  0.312317  0.453059  0.305367  0.432255  0.303987  0.429566  0.310642  0.445404  0.322047  0.471282  0.337506  0.505468  0.373319  0.562947  0.461743  0.658244  0.613466  0.758134  0.765954  0.768561  
0.790196  0.759442  0.667181  0.702145  0.498379  0.606454  0.382177  0.540485  0.334308  0.501817  0.31958  0.468701  0.310692  0.437588  0.304186  0.422167  0.307152  0.431767  0.319145  0.457948  0.332197  0.487863  0.349  0.525704  0.396373  0.593518  0.509379  0.693754  0.67229  0.758262  0.786919  
0.72044  0.721663  0.725332  0.562245  0.643135  0.419602  0.567893  0.350168  0.524766  0.329526  0.491083  0.319841  0.452813  0.308377  0.421925  0.304117  0.418718  0.314673  0.443662  0.331492  0.477401  0.344671  0.508812  0.366226  0.552469  0.433649  0.631204  0.571326  0.719825  0.722921  0.723953  
0.752854  0.722381  0.630964  0.67805  0.473496  0.600344  0.375627  0.55001  0.342144  0.516938  0.331646  0.477057  0.317789  0.432499  0.304328  0.409745  0.307737  0.425803  0.327528  0.464644  0.346237  0.500774  0.359183  0.532856  0.392103  0.585349  0.486215  0.668393  0.636794  0.721067  0.749157  
0.685626  0.688941  0.698884  0.540061  0.635172  0.414558  0.577469  0.359504  0.543344  0.344837  0.506852  0.331857  0.455356  0.311122  0.410809  0.301722  0.40724  0.318137  0.445143  0.344886  0.49152  0.361836  0.525413  0.37756  0.56013  0.430326  0.62182  0.55017  0.69281  0.690291  0.689451  
0.722127  0.693767  0.608688  0.665318  0.468317  0.607101  0.38552  0.569023  0.359511  0.537588  0.34831  0.487912  0.325634  0.426674  0.301902  0.394915  0.305589  0.419422  0.336201  0.474417  0.364206  0.519948  0.378128  0.550272  0.403521  0.590747  0.482138  0.654889  0.614921  0.692403  0.71823  
0.659792  0.664929  0.680339  0.532521  0.636424  0.424  0.594281  0.378105  0.565835  0.365049  0.52441  0.345764  0.457543  0.312372  0.396994  0.295871  0.393232  0.319776  0.446746  0.359566  0.508136  0.383124  0.546748  0.397332  0.575831  0.440742  0.622304  0.543137  0.67403  0.666288  0.663707  
0.697211  0.672064  0.596624  0.659106  0.475452  0.619214  0.404652  0.590602  0.382177  0.55885  0.367618  0.49816  0.333232  0.418377  0.296284  0.376506  0.300077  0.410908  0.344132  0.484213  0.384078  0.540554  0.401508  0.571129  0.423328  0.602289  0.489691  0.64844  0.602924  0.67073  0.693332  
0.641422  0.647833  0.667065  0.534722  0.641482  0.442296  0.612567  0.402474  0.587722  0.388412  0.540372  0.360322  0.457123  0.311234  0.379283  0.285921  0.375503  0.318681  0.446248  0.374248  0.523921  0.40671  0.568382  0.421957  0.593894  0.459193  0.627304  0.545298  0.660858  0.649124  0.645213  
0.677175  0.655832  0.591802  0.65588  0.490389  0.631924  0.429791  0.610604  0.408475  0.577251  0.388111  0.504905  0.33916  0.405863  0.286592  0.35353  0.290316  0.398523  0.349883  0.491164  0.404353  0.559174  0.427588  0.591354  0.448226  0.615271  0.504323  0.645531  0.597836  0.6546  0.673522  
0.629079  0.636074  0.65706  0.543242  0.646694  0.466266  0.628577  0.430842  0.605674  0.413388  0.551461  0.373561  0.451491  0.306217  0.35642  0.271004  0.352793  0.313366  0.441043  0.386955  0.535622  0.431022  0.587027  0.449617  0.610615  0.482462  0.633184  0.55323  0.651276  0.637233  0.632551  
0.661161  0.643855  0.59194  0.653217  0.51011  0.642017  0.458856  0.625941  0.436773  0.589495  0.407447  0.504755  0.341021  0.387026  0.271593  0.32497  0.275084  0.380147  0.351076  0.491866  0.422691  0.572521  0.45472  0.607881  0.476114  0.626489  0.523021  0.643717  0.597402  0.642782  0.657909  
0.621472  0.628334  0.64892  0.555555  0.649637  0.493504  0.639547  0.461286  0.616585  0.437371  0.553835  0.382129  0.437343  0.2951  0.326985  0.250073  0.323667  0.301637  0.427794  0.394367  0.539366  0.453477  0.599564  0.478401  0.623216  0.508165  0.637489  0.564449  0.643841  0.629313  0.62447  
0.648453  0.63515  0.595239  0.649595  0.532165  0.647243  0.489484  0.633758  0.464088  0.591577  0.421366  0.493222  0.335075  0.35925  0.249738  0.289772  0.252849  0.353124  0.344017  0.481772  0.434893  0.576532  0.479973  0.617804  0.504682  0.633634  0.5434  0.64141  0.59988  0.634272  0.645736  
0.617439  0.623512  0.641729  0.569531  0.648749  0.521292  0.642935  0.490201  0.616336  0.455067  0.541943  0.380414  0.410289  0.27485  0.289406  0.222011  0.286532  0.280505  0.402044  0.390957  0.529505  0.468881  0.601772  0.504803  0.629054  0.533686  0.638556  0.576919  0.637569  0.624284  0.619856  
0.638397  0.628809  0.600044  0.64397  0.553694  0.645368  0.517225  0.629636  0.483638  0.576715  0.421923  0.46374  0.315854  0.319369  0.219296  0.246941  0.221907  0.314237  0.323325  0.454207  0.433146  0.564277  0.496724  0.616546  0.529635  0.634323  0.562741  0.637447  0.603692  0.628144  0.636295  
0.615342  0.620046  0.634159  0.582053  0.641608  0.543974  0.633433  0.508486  0.596174  0.45523  0.506341  0.359476  0.364571  0.241787  0.242143  0.185849  0.239817  0.246352  0.35794  0.367918  0.49643  0.466181  0.584687  0.519942  0.622608  0.553573  0.633781  0.587667  0.631041  0.620605  0.617126  
0.627744  0.621189  0.601527  0.631797  0.566463  0.628447  0.528981  0.601082  0.479017  0.531016  0.395079  0.406732  0.276312  0.264017  0.178724  0.1958  0.180746  0.260054  0.282056  0.399443  0.403607  0.521627  0.488827  0.591336  0.538152  0.620351  0.573035  0.627109  0.604114  0.620733  0.626273  
0.603744  0.606373  0.614259  0.57788  0.612912  0.540511  0.59085  0.491082  0.534634  0.415958  0.431548  0.307088  0.293717  0.192409  0.184168  0.141152  0.182464  0.195743  0.288897  0.313185  0.424444  0.423744  0.526535  0.499089  0.583351  0.547097  0.607594  0.581652  0.612191  0.606732  0.604913  
0.586  0.581205  0.56682  0.580078  0.532876  0.560541  0.484663  0.513495  0.416123  0.429697  0.320883  0.311  0.209724  0.190845  0.127388  0.136434  0.128763  0.18816  0.213597  0.306119  0.326546  0.423518  0.422515  0.507209  0.490517  0.555428  0.536981  0.577183  0.568398  0.580935  0.585113  
0.514854  0.514923  0.515132  0.488949  0.498441  0.44628  0.459487  0.386203  0.393363  0.306796  0.299813  0.21227  0.193593  0.125298  0.115799  0.0885569  0.114762  0.127321  0.190682  0.215927  0.295587  0.311385  0.38864  0.390821  0.455212  0.449992  0.495478  0.491027  0.514006  0.515115  0.515484  
0.401402  0.398  0.387794  0.387476  0.357517  0.35974  0.312407  0.313226  0.253812  0.248382  0.184622  0.171252  0.114538  0.100766  0.0665506  0.0702051  0.0672447  0.0994132  0.11648  0.168818  0.187425  0.245351  0.256917  0.310205  0.315188  0.357337  0.359425  0.386145  0.388512  0.397879  0.401001  
0.219333  0.218674  0.216696  0.205411  0.203982  0.182554  0.181025  0.151852  0.148542  0.115357  0.10882  0.0766042  0.0679947  0.0436707  0.0395863  0.0302249  0.0392385  0.0443481  0.0670232  0.0778195  0.107424  0.116863  0.147005  0.153343  0.179658  0.183731  0.203052  0.206058  0.216348  0.218732  0.219527  
0  0  0  0  0  0  0  0  0  0  0  0  0  0  0  0  0  0  0  0  0  0  0  0  0  0  0  0  0  0  0  
