1  1  1  1  1  1  1  1  1  1  1  1  1  1  1  1  1  1  1  1  1  1  1  1  1  1  1  1  1  1  1  
6.28601e+09  2.30424e+09  -9.64105e+09  1.59243e+10  -2.13672e+10  2.61139e+10  -3.02333e+10  3.37539e+10  -3.66967e+10  3.90913e+10  -4.09789e+10  4.24081e+10  -4.34302e+10  4.40931e+10  -4.44363e+10  4.44869e+10  -4.4257e+10  4.37421e+10  -4.29224e+10  4.1765e+10  -4.0228e+10  3.82649e+10  -3.58304e+10  3.28854e+10  -2.94011e+10  2.5356e+10  -2.07211e+10  1.5428e+10  -9.33464e+09  2.23027e+09  6.08525e+09  
-1.23163e+10  -4.51398e+09  1.88929e+10  -3.11165e+10  4.15388e+10  -5.04044e+10  5.78364e+10  -6.3905e+10  6.86909e+10  -7.23123e+10  7.49223e+10  -7.66945e+10  7.78048e+10  -7.8413e+10  7.86484e+10  -7.85969e+10  7.82931e+10  -7.77172e+10  7.67978e+10  -7.5419e+10  7.34323e+10  -7.06717e+10  6.69705e+10  -6.21796e+10  5.61825e+10  -4.8898e+10  4.02548e+10  -3.01305e+10  1.82845e+10  -4.3674e+09  -1.1918e+10  
1.78666e+10  6.54558e+09  -2.74175e+10  4.49643e+10  -5.95636e+10  7.1503e+10  -8.09574e+10  8.80834e+10  -9.31e+10  9.63091e+10  -9.80741e+10  9.87826e+10  -9.88095e+10  9.84856e+10  -9.80713e+10  9.77362e+10  -9.75459e+10  9.74566e+10  -9.73198e+10  9.68946e+10  -9.58675e+10  9.38779e+10  -9.0549e+10  8.55238e+10  -7.85028e+10  6.92668e+10  -5.76576e+10  4.35014e+10  -2.65157e+10  6.3291e+09  1.72774e+10  
-2.27677e+10  -8.33456e+09  3.49648e+10  -5.70545e+10  7.4884e+10  -8.8747e+10  9.89057e+10  -1.05686e+11  1.09544e+11  -1.11056e+11  1.10857e+11  -1.09584e+11  1.07821e+11  -1.06068e+11  1.04711e+11  -1.03998e+11  1.04024e+11  -1.04722e+11  1.05871e+11  -1.07111e+11  1.07965e+11  -1.07867e+11  1.06196e+11  -1.02324e+11  9.56808e+10  -8.58084e+10  7.23796e+10  -5.51336e+10  3.37825e+10  -8.05211e+09  -2.1997e+10  
2.69149e+10  9.83942e+09  -4.13869e+10  6.71935e+10  -8.73488e+10  1.02153e+11  -1.12026e+11  1.17558e+11  -1.19523e+11  1.18804e+11  -1.16304e+11  1.12864e+11  -1.09228e+11  1.0602e+11  -1.03719e+11  1.02633e+11  -1.0288e+11  1.04376e+11  -1.06845e+11  1.0984e+11  -1.12764e+11  1.14899e+11  -1.15419e+11  1.13436e+11  -1.0807e+11  9.85477e+10  -8.42767e+10  6.48392e+10  -3.99407e+10  9.49611e+09  2.59751e+10  
-3.02654e+10  -1.10413e+10  4.66308e+10  -7.53749e+10  9.71189e+10  -1.12198e+11  1.21261e+11  -1.25231e+11  1.25216e+11  -1.22378e+11  1.17808e+11  -1.12477e+11  1.07224e+11  -1.02758e+11  9.96351e+10  -9.82209e+10  9.86557e+10  -1.00838e+11  1.0444e+11  -1.08941e+11  1.13666e+11  -1.17804e+11  1.20407e+11  -1.20396e+11  1.1662e+11  -1.07968e+11  9.35163e+10  -7.26174e+10  4.49411e+10  -1.06433e+10  -2.91714e+10  
3.28264e+10  1.19404e+10  -5.07174e+10  8.17193e+10  -1.04528e+11  1.19544e+11  -1.27687e+11  1.30219e+11  -1.28539e+11  1.23997e+11  -1.17782e+11  1.10924e+11  -1.04325e+11  9.87762e+10  -9.49274e+10  9.32189e+10  -9.38202e+10  9.66045e+10  -1.01173e+11  1.06919e+11  -1.13087e+11  1.18808e+11  -1.2308e+11  1.24728e+11  -1.22414e+11  1.14738e+11  -1.00438e+11  7.85938e+10  -4.88079e+10  1.14946e+10  3.15955e+10  
-3.46398e+10  -1.25509e+10  5.37155e+10  -8.64108e+10  1.09957e+11  -1.24829e+11  1.32213e+11  -1.33654e+11  1.30754e+11  -1.2495e+11  1.17457e+11  -1.0933e+11  1.01538e+11  -9.49827e+10  9.04401e+10  -8.84496e+10  8.9219e+10  -9.25863e+10  9.80576e+10  -1.04903e+11  1.12263e+11  -1.19205e+11  1.24706e+11  -1.2757e+11  1.26369e+11  -1.19505e+11  1.05429e+11  -8.29569e+10  5.16127e+10  -1.20651e+10  -3.3291e+10  
3.5767e+10  1.28958e+10  -5.57179e+10  8.96461e+10  -1.13748e+11  1.28557e+11  -1.35464e+11  1.36214e+11  -1.32504e+11  1.25782e+11  -1.17252e+11  1.07993e+11  -9.90656e+10  9.15167e+10  -8.62769e+10  8.40058e+10  -8.49569e+10  8.89248e+10  -9.52988e+10  1.03197e+11  -1.1162e+11  1.19548e+11  -1.25936e+11  1.29604e+11  -1.29115e+11  1.22775e+11  -1.08837e+11  8.59079e+10  -5.34509e+10  1.2378e+10  3.4321e+10  
-3.62776e+10  -1.30024e+10  5.68234e+10  -9.16036e+10  1.16168e+11  -1.31061e+11  1.37795e+11  -1.38207e+11  1.34006e+11  -1.26603e+11  1.17181e+11  -1.06862e+11  9.6825e+10  -8.82835e+10  8.23427e+10  -7.97938e+10  8.09397e+10  -8.55271e+10  9.28159e+10  -1.01753e+11  1.11175e+11  -1.1995e+11  1.26992e+11  -1.31145e+11  1.31013e+11  -1.24888e+11  1.10933e+11  -8.76288e+10  5.44235e+10  -1.24613e+10  -3.47563e+10  
3.62415e+10  1.28996e+10  -5.71262e+10  9.24285e+10  -1.17397e+11  1.32525e+11  -1.39347e+11  1.39697e+11  -1.35235e+11  1.27312e+11  -1.17099e+11  1.05782e+11  -9.46721e+10  8.51613e+10  -7.85347e+10  7.57184e+10  -7.70655e+10  8.22733e+10  -9.04679e+10  1.00419e+11  -1.10788e+11  1.20314e+11  -1.27854e+11  1.32265e+11  -1.3221e+11  1.26034e+11  -1.11901e+11  8.82678e+10  -5.46263e+10  1.23439e+10  3.46672e+10  
-3.57243e+10  -1.26156e+10  5.67103e+10  -9.22306e+10  1.17541e+11  -1.33018e+11  1.40123e+11  -1.4061e+11  1.36047e+11  -1.27725e+11  1.16817e+11  -1.04582e+11  9.24706e+10  -8.2049e+10  7.47773e+10  -7.17133e+10  7.32594e+10  -7.90635e+10  8.81207e+10  -9.90269e+10  1.10273e+11  -1.20464e+11  1.28383e+11  -1.32891e+11  1.32714e+11  -1.26286e+11  1.11852e+11  -8.79376e+10  5.41446e+10  -1.20539e+10  -3.412e+10  
3.47859e+10  1.21773e+10  -5.56487e+10  9.10891e+10  -1.1665e+11  1.3253e+11  -1.40042e+11  1.40796e+11  -1.36249e+11  1.27636e+11  -1.16141e+11  1.03103e+11  -9.01033e+10  7.88678e+10  -7.10185e+10  6.77364e+10  -6.94698e+10  7.582e+10  -8.56589e+10  9.74219e+10  -1.09442e+11  1.20196e+11  -1.28392e+11  1.32882e+11  -1.32448e+11  1.25639e+11  -1.10838e+11  8.67192e+10  -5.30519e+10  1.16178e+10  3.31744e+10  
-3.34806e+10  -1.16093e+10  5.40046e+10  -8.9061e+10  1.14736e+11  -1.3101e+11  1.38982e+11  -1.40081e+11  1.35641e+11  -1.26844e+11  1.14895e+11  -1.01207e+11  8.74726e+10  -7.55571e+10  6.72232e+10  -6.37613e+10  6.56617e+10  -7.24827e+10  8.29858e+10  -9.54658e+10  1.08119e+11  -1.19313e+11  1.27684e+11  -1.32065e+11  1.31294e+11  -1.24043e+11  1.08875e+11  -8.4671e+10  5.14116e+10  -1.10602e+10  -3.18841e+10  
3.18577e+10  1.09347e+10  -5.18343e+10  8.61906e+10  -1.11796e+11  1.28386e+11  -1.36811e+11  1.38291e+11  -1.34032e+11  1.25169e+11  -1.12925e+11  9.87749e+10  -8.44995e+10  7.20715e+10  -6.33683e+10  5.97731e+10  -6.18121e+10  6.90061e+10  -8.0023e+10  9.30424e+10  -1.06153e+11  1.17637e+11  -1.2607e+11  1.30272e+11  -1.29125e+11  1.21432e+11  -1.0596e+11  8.18376e+10  -4.92795e+10  1.04032e+10  3.02975e+10  
-2.99632e+10  -1.01748e+10  4.91906e+10  -8.25181e+10  1.07822e+11  -1.24593e+11  1.33409e+11  -1.35274e+11  1.31261e+11  -1.2246e+11  1.10107e+11  -9.57153e+10  8.11243e+10  -6.83789e+10  5.94404e+10  -5.57648e+10  5.79071e+10  -6.53578e+10  7.67102e+10  -9.00592e+10  1.03421e+11  -1.15019e+11  1.23393e+11  -1.2735e+11  1.25821e+11  -1.17739e+11  1.02087e+11  -7.82586e+10  4.67073e+10  -9.66765e+09  -2.84593e+10  
2.78415e+10  9.34957e+09  -4.61261e+10  7.8088e+10  -1.02821e+11  1.19584e+11  -1.28686e+11  1.30913e+11  -1.27207e+11  1.18609e+11  -1.06351e+11  9.19639e+10  -7.73072e+10  6.446e+10  -5.54336e+10  5.17349e+10  -5.39403e+10  6.15172e+10  -7.30064e+10  8.64509e+10  -9.98316e+10  1.1135e+11  -1.19532e+11  1.23185e+11  -1.21293e+11  1.12918e+11  -9.72606e+10  7.39771e+10  -4.37457e+10  8.87264e+09  2.64121e+10  
-2.55361e+10  -8.47812e+09  4.2696e+10  -7.29558e+10  9.6819e+10  -1.13346e+11  1.22594e+11  -1.25141e+11  1.21799e+11  -1.13551e+11  1.01609e+11  -8.74872e+10  7.30293e+10  -6.03076e+10  5.13486e+10  -4.76865e+10  4.99115e+10  -5.74756e+10  6.88907e+10  -8.21817e+10  9.53339e+10  -1.06564e+11  1.14412e+11  -1.17707e+11  1.15491e+11  -1.06954e+11  9.15049e+10  -6.90458e+10  4.04476e+10  -8.03623e+09  -2.41975e+10  
2.30915e+10  7.57853e+09  -3.89605e+10  6.71935e+10  -8.98737e+10  1.0591e+11  -1.15141e+11  1.1795e+11  -1.15024e+11  1.07277e+11  -9.58745e+10  8.22844e+10  -6.82928e+10  5.59258e+10  -4.71909e+10  4.36256e+10  -4.5825e+10  5.32351e+10  -6.4362e+10  7.72472e+10  -8.9919e+10  1.00648e+11  -1.08018e+11  1.10905e+11  -1.08419e+11  9.98754e+10  -8.48736e+10  6.35326e+10  -3.68702e+10  7.17556e+09  2.18575e+10  
-2.05532e+10  -6.66823e+09  3.49866e+10  -6.08936e+10  8.20802e+10  -9.73601e+10  1.06395e+11  -1.09399e+11  1.06935e+11  -9.98343e+10  8.91904e+10  -7.63881e+10  6.31203e+10  -5.13295e+10  4.29703e+10  -3.95599e+10  4.16896e+10  -4.88079e+10  5.94393e+10  -7.1675e+10  8.36226e+10  -9.36417e+10  1.00397e+11  -1.02832e+11  1.0014e+11  -9.17589e+10  7.74558e+10  -5.75246e+10  3.30765e+10  -6.307e+09  -1.94348e+10  
1.79684e+10  5.76399e+09  -3.08493e+10  5.41718e+10  -7.35751e+10  8.78393e+10  -9.64983e+10  9.96226e+10  -9.76564e+10  9.1332e+10  -8.16445e+10  6.9863e+10  -5.75537e+10  4.65424e+10  -3.86996e+10  3.54982e+10  -3.75164e+10  4.42147e+10  -5.41598e+10  6.55234e+10  -7.65252e+10  8.56463e+10  -9.16619e+10  9.36122e+10  -9.07853e+10  8.27381e+10  -6.93797e+10  5.11308e+10  -2.91372e+10  5.44622e+09  1.6974e+10  
-1.53866e+10  -4.88195e+09  2.66321e+10  -4.71682e+10  6.45386e+10  -7.75504e+10  8.56608e+10  -8.88272e+10  8.7379e+10  -8.19353e+10  7.33673e+10  -6.28016e+10  5.16505e+10  -4.15952e+10  3.43933e+10  -3.14491e+10  3.33184e+10  -3.94829e+10  4.85756e+10  -5.88776e+10  6.87479e+10  -7.68157e+10  8.19929e+10  -8.34393e+10  8.0553e+10  -7.30044e+10  6.08151e+10  -4.44832e+10  2.51307e+10  -4.60828e+09  -1.45213e+10  
1.2859e+10  4.03757e+09  -2.24268e+10  4.0047e+10  -5.51932e+10  6.67551e+10  -7.41625e+10  7.7289e+10  -7.6356e+10  7.18583e+10  -6.4524e+10  5.53181e+10  -4.54798e+10  3.65232e+10  -3.00662e+10  2.74205e+10  -2.91088e+10  3.46442e+10  -4.275e+10  5.18433e+10  -6.0445e+10  6.73506e+10  -7.16279e+10  7.25737e+10  -6.9707e+10  6.28045e+10  -5.19715e+10  3.7736e+10  -2.11432e+10  3.80758e+09  1.21245e+10  
-1.04381e+10  -3.24558e+09  1.83321e+10  -3.29922e+10  4.5797e+10  -5.57633e+10  6.23373e+10  -6.53372e+10  6.48851e+10  -6.13476e+10  5.53007e+10  -4.75381e+10  3.91155e+10  -3.13628e+10  2.57325e+10  -2.34187e+10  2.49002e+10  -2.97315e+10  3.67513e+10  -4.45376e+10  5.17906e+10  -5.74831e+10  6.08471e+10  -6.13259e+10  5.85626e+10  -5.24308e+10  4.30923e+10  -3.10627e+10  1.72672e+10  -3.05781e+09  -9.83284e+09  
8.17539e+09  2.51941e+09  -1.44485e+10  2.61981e+10  -3.66269e+10  4.49108e+10  -5.05467e+10  5.33238e+10  -5.32795e+10  5.06577e+10  -4.58854e+10  3.95864e+10  -3.26301e+10  2.61483e+10  -2.14041e+10  1.94476e+10  -2.07028e+10  2.4776e+10  -3.06462e+10  3.7077e+10  -4.29614e+10  4.74527e+10  -4.9946e+10  5.00282e+10  -4.74606e+10  4.21999e+10  -3.44383e+10  2.46455e+10  -1.35971e+10  2.37144e+09  7.6943e+09  
-6.11609e+09  -1.86989e+09  1.08687e+10  -1.98475e+10  2.7947e+10  -3.45179e+10  3.91333e+10  -4.15785e+10  4.18276e+10  -4.00193e+10  3.64459e+10  -3.15734e+10  2.60869e+10  -2.09092e+10  1.70895e+10  -1.55087e+10  1.65238e+10  -1.98039e+10  2.4493e+10  -2.95643e+10  3.41148e+10  -3.74763e+10  3.91965e+10  -3.89913e+10  3.67241e+10  -3.24135e+10  2.62577e+10  -1.8656e+10  1.02193e+10  -1.75847e+09  -5.75106e+09  
4.28943e+09  1.30261e+09  -7.65786e+09  1.40759e+10  -1.99573e+10  2.48291e+10  -2.83577e+10  3.03501e+10  -3.0745e+10  2.96032e+10  -2.7107e+10  2.35816e+10  -1.95337e+10  1.56669e+10  -1.27934e+10  1.16001e+10  -1.23665e+10  1.48341e+10  -1.83356e+10  2.20763e+10  -2.53674e+10  2.77145e+10  -2.88012e+10  2.84496e+10  -2.65982e+10  2.33012e+10  -1.8738e+10  1.32207e+10  -7.19437e+09  1.22394e+09  4.03005e+09  
-2.69531e+09  -8.14216e+08  4.82906e+09  -8.92565e+09  1.27323e+10  -1.59437e+10  1.83314e+10  -1.97486e+10  2.013e+10  -1.94911e+10  1.79322e+10  -1.56568e+10  1.29988e+10  -1.04336e+10  8.51605e+09  -7.71753e+09  8.23033e+09  -9.87686e+09  1.21993e+10  -1.46549e+10  1.67784e+10  -1.82435e+10  1.8852e+10  -1.85053e+10  1.71864e+10  -1.49548e+10  1.19473e+10  -8.37786e+09  4.5336e+09  -7.64485e+08  -2.53051e+09  
1.29298e+09  3.89266e+08  -2.32187e+09  4.30805e+09  -6.17188e+09  7.76455e+09  -8.96998e+09  9.70861e+09  -9.93937e+09  9.66129e+09  -8.91753e+09  7.80528e+09  -6.49042e+09  5.21272e+09  -4.25382e+09  3.85379e+09  -4.11064e+09  4.9339e+09  -6.09054e+09  7.30506e+09  -8.34277e+09  9.04154e+09  -9.30654e+09  9.0952e+09  -8.40723e+09  7.28041e+09  -5.78899e+09  4.04182e+09  -2.17875e+09  3.65305e+08  1.21332e+09  
0  0  0  0  0  0  0  0  0  0  0  0  0  0  0  0  0  0  0  0  0  0  0  0  0  0  0  0  0  0  0  
