1  1  1  1  1  1  1  1  1  1  1  1  1  1  1  1  1  1  1  1  1  1  1  1  1  1  1  1  1  1  1  
-1.63967e+14  -6.01029e+13  2.51488e+14  -4.15435e+14  5.57529e+14  -6.81539e+14  7.89273e+14  -8.81479e+14  9.58712e+14  -1.02175e+15  1.07165e+15  -1.10968e+15  1.13717e+15  -1.15533e+15  1.16518e+15  -1.1674e+15  1.16224e+15  -1.14957e+15  1.12883e+15  -1.09913e+15  1.05933e+15  -1.00818e+15  9.44493e+14  -8.67225e+14  7.75612e+14  -6.69099e+14  5.46925e+14  -4.07291e+14  2.46459e+14  -5.88889e+13  -1.60671e+14  
3.21238e+14  1.17732e+14  -4.92785e+14  8.11693e+14  -1.08372e+15  1.31527e+15  -1.50957e+15  1.66847e+15  -1.79409e+15  1.88951e+15  -1.95874e+15  2.0063e+15  -2.03675e+15  2.05424e+15  -2.06209e+15  2.06249e+15  -2.05626e+15  2.04282e+15  -2.02022e+15  1.98536e+15  -1.93428e+15  1.86258e+15  -1.76585e+15  1.64015e+15  -1.48243e+15  1.29055e+15  -1.06265e+15  7.9551e+14  -4.82798e+14  1.15327e+14  3.14702e+14  
-4.65948e+14  -1.70701e+14  7.15041e+14  -1.17273e+15  1.55366e+15  -1.86534e+15  2.11237e+15  -2.29885e+15  2.43053e+15  -2.51533e+15  2.56275e+15  -2.58291e+15  2.58557e+15  -2.57933e+15  2.57094e+15  -2.56473e+15  2.56231e+15  -2.56245e+15  2.56112e+15  -2.55192e+15  2.52653e+15  -2.47543e+15  2.38866e+15  -2.25683e+15  2.07208e+15  -1.82864e+15  1.52238e+15  -1.14872e+15  7.0024e+14  -1.67148e+14  -4.56277e+14  
5.93667e+14  2.17322e+14  -9.11714e+14  1.48775e+15  -1.95275e+15  2.3144e+15  -2.57957e+15  2.75682e+15  -2.85813e+15  2.89858e+15  -2.89483e+15  2.86347e+15  -2.81978e+15  2.77674e+15  -2.74437e+15  2.72904e+15  -2.73309e+15  2.75465e+15  -2.78777e+15  2.82289e+15  -2.84736e+15  2.84625e+15  -2.80318e+15  2.70165e+15  -2.52664e+15  2.26617e+15  -1.91164e+15  1.45622e+15  -8.92308e+14  2.12686e+14  5.81017e+14  
-7.01663e+14  -2.56512e+14  1.07894e+15  -1.75168e+15  2.27705e+15  -2.66292e+15  2.92028e+15  -3.06463e+15  3.11626e+15  -3.09839e+15  3.03457e+15  -2.94683e+15  2.85458e+15  -2.77403e+15  2.7176e+15  -2.69322e+15  2.70383e+15  -2.74704e+15  2.81547e+15  -2.8972e+15  2.97648e+15  -3.03429e+15  3.04891e+15  -2.99697e+15  2.85534e+15  -2.60374e+15  2.22663e+15  -1.71304e+15  1.0552e+15  -2.50878e+14  -6.86238e+14  
7.88827e+14  2.87783e+14  -1.21535e+15  1.96439e+15  -2.53082e+15  2.92344e+15  -3.15925e+15  3.26246e+15  -3.2622e+15  3.18888e+15  -3.07109e+15  2.93417e+15  -2.80002e+15  2.68708e+15  -2.60974e+15  2.57745e+15  -2.59367e+15  2.65556e+15  -2.75432e+15  2.87613e+15  -3.0031e+15  3.1138e+15  -3.18326e+15  3.18312e+15  -3.08307e+15  2.85401e+15  -2.47169e+15  1.91913e+15  -1.18762e+15  2.8125e+14  7.70872e+14  
-8.55359e+14  -3.11142e+14  1.32151e+15  -2.12906e+15  2.72285e+15  -3.11337e+15  3.32477e+15  -3.39013e+15  3.34621e+15  -3.22834e+15  3.06769e+15  -2.89112e+15  2.72213e+15  -2.58134e+15  2.48558e+15  -2.44619e+15  2.46741e+15  -2.5457e+15  2.67041e+15  -2.82538e+15  2.99062e+15  -3.14317e+15  3.2566e+15  -3.30002e+15  3.23823e+15  -3.0345e+15  2.65573e+15  -2.07776e+15  1.29017e+15  -3.03825e+14  -8.35156e+14  
9.02365e+14  3.26966e+14  -1.39923e+15  2.25056e+15  -2.86316e+15  3.24952e+15  -3.44072e+15  3.47737e+15  -3.40144e+15  3.25062e+15  -3.05671e+15  2.84721e+15  -2.64738e+15  2.48069e+15  -2.36727e+15  2.32103e+15  -2.34723e+15  2.44136e+15  -2.59026e+15  2.77455e+15  -2.97146e+15  3.15634e+15  -3.30218e+15  3.37751e+15  -3.3448e+15  3.16213e+15  -2.78885e+15  2.19387e+15  -1.36472e+15  3.18991e+14  8.80228e+14  
-9.31467e+14  -3.35858e+14  1.45097e+15  -2.33406e+15  2.96077e+15  -3.34509e+15  3.52356e+15  -3.54195e+15  3.4448e+15  -3.27006e+15  3.04917e+15  -2.81031e+15  2.5811e+15  -2.38878e+15  2.25753e+15  -2.20442e+15  2.23587e+15  -2.34624e+15  2.51928e+15  -2.73159e+15  2.95673e+15  -3.16774e+15  3.337e+15  -3.43346e+15  3.41936e+15  -3.25018e+15  2.88016e+15  -2.27271e+15  1.41376e+15  -3.27361e+14  -9.07735e+14  
9.44497e+14  3.38541e+14  -1.47933e+15  2.38427e+15  -3.02268e+15  3.40888e+15  -3.5826e+15  3.59202e+15  -3.48202e+15  3.28954e+15  -3.04547e+15  2.7791e+15  -2.52111e+15  2.30313e+15  -2.15389e+15  2.0939e+15  -2.13086e+15  2.25789e+15  -2.45531e+15  2.69524e+15  -2.94689e+15  3.18033e+15  -3.3669e+15  3.47612e+15  -3.47128e+15  3.30757e+15  -2.93675e+15  2.31903e+15  -1.43994e+15  3.2966e+14  9.19527e+14  
-9.43288e+14  -3.35771e+14  1.48678e+15  -2.405e+15  3.05365e+15  -3.44574e+15  3.62158e+15  -3.62932e+15  3.51246e+15  -3.30645e+15  3.04183e+15  -2.74951e+15  2.46366e+15  -2.22055e+15  2.05363e+15  -1.98695e+15  2.02952e+15  -2.17315e+15  2.39466e+15  -2.66148e+15  2.93824e+15  -3.1916e+15  3.39132e+15  -3.50733e+15  3.50444e+15  -3.3392e+15  2.96344e+15  -2.33671e+15  1.44575e+15  -3.2665e+14  -9.17451e+14  
9.29569e+14  3.2829e+14  -1.47555e+15  2.39916e+15  -3.05648e+15  3.45748e+15  -3.64061e+15  3.65186e+15  -3.53238e+15  3.31599e+15  -3.03327e+15  2.71707e+15  -2.40517e+15  2.1384e+15  -1.9548e+15  1.88185e+15  -1.92988e+15  2.0894e+15  -2.33378e+15  2.6259e+15  -2.92587e+15  3.19681e+15  -3.4066e+15  3.52517e+15  -3.519e+15  3.34699e+15  -2.9631e+15  2.3287e+15  -1.43343e+15  3.1907e+14  9.03238e+14  
-9.0491e+14  -3.16798e+14  1.44754e+15  -2.36882e+15  3.03248e+15  -3.4439e+15  3.63757e+15  -3.65578e+15  3.53675e+15  -3.31277e+15  3.01477e+15  -2.67765e+15  2.34259e+15  -2.05462e+15  1.85601e+15  -1.77749e+15  1.83059e+15  -2.00459e+15  2.26964e+15  -2.5844e+15  2.90481e+15  -3.19066e+15  3.4078e+15  -3.52589e+15  3.51292e+15  -3.33079e+15  2.93709e+15  -2.2971e+15  1.40491e+15  -3.07617e+14  -8.78461e+14  
8.7073e+14  3.01945e+14  -1.40441e+15  2.31551e+15  -2.98202e+15  3.40363e+15  -3.60928e+15  3.63652e+15  -3.52029e+15  3.29154e+15  -2.98169e+15  2.62759e+15  -2.27335e+15  1.96761e+15  -1.75635e+15  1.67318e+15  -1.73072e+15  1.91715e+15  -2.19971e+15  2.53336e+15  -2.87049e+15  3.16793e+15  -3.38969e+15  3.50496e+15  -3.48311e+15  3.28929e+15  -2.88582e+15  2.24345e+15  -1.36185e+15  2.92932e+14  8.44527e+14  
-8.2832e+14  -2.84329e+14  1.34765e+15  -2.24036e+15  2.90499e+15  -3.33485e+15  3.55232e+15  -3.58953e+15  3.47804e+15  -3.24757e+15  2.93002e+15  -2.56381e+15  2.19538e+15  -1.87619e+15  1.65522e+15  -1.56853e+15  1.62968e+15  -1.82588e+15  2.12191e+15  -2.46973e+15  2.81888e+15  -3.12395e+15  3.34738e+15  -3.45791e+15  3.42617e+15  -3.2207e+15  2.80921e+15  -2.16892e+15  1.30571e+15  -2.75606e+14  -8.02713e+14  
7.78884e+14  2.64507e+14  -1.27862e+15  2.14445e+15  -2.80122e+15  3.23581e+15  -3.46354e+15  3.51083e+15  -3.40579e+15  3.17696e+15  -2.85649e+15  2.4839e+15  -2.10712e+15  1.77951e+15  -1.55226e+15  1.46334e+15  -1.52709e+15  1.72992e+15  -2.03467e+15  2.39107e+15  -2.74676e+15  3.05483e+15  -3.27667e+15  3.38077e+15  -3.339e+15  3.12331e+15  -2.70709e+15  2.07454e+15  -1.23786e+15  2.56184e+14  7.542e+14  
-7.23573e+14  -2.43001e+14  1.19871e+15  -2.02893e+15  2.67084e+15  -3.10529e+15  3.34056e+15  -3.39735e+15  3.30036e+15  -3.07679e+15  2.75875e+15  -2.38616e+15  2.00751e+15  -1.67705e+15  1.44731e+15  -1.35759e+15  1.4228e+15  -1.62875e+15  1.93692e+15  -2.29568e+15  2.65175e+15  -2.95765e+15  3.17439e+15  -3.27051e+15  3.21921e+15  -2.99588e+15  2.57957e+15  -1.96146e+15  1.15964e+15  -2.35174e+14  -7.00113e+14  
6.63524e+14  2.20305e+14  -1.10935e+15  1.89524e+15  -2.51455e+15  2.94294e+15  -3.18213e+15  3.24733e+15  -3.15986e+15  2.9454e+15  -2.63551e+15  2.26971e+15  -1.89605e+15  1.56863e+15  -1.34039e+15  1.25136e+15  -1.3168e+15  1.52215e+15  -1.82812e+15  2.18263e+15  -2.53252e+15  2.83073e+15  -3.03862e+15  3.12532e+15  -3.06555e+15  2.83803e+15  -2.42732e+15  1.83107e+15  -1.07245e+15  2.13053e+14  6.41553e+14  
-5.99888e+14  -1.9689e+14  1.0121e+15  -1.74526e+15  2.33383e+15  -2.74956e+15  2.98841e+15  -3.06054e+15  2.98395e+15  -2.78251e+15  2.48661e+15  -2.1345e+15  1.77278e+15  -1.45435e+15  1.23164e+15  -1.14479e+15  1.20922e+15  -1.41018e+15  1.70826e+15  -2.05182e+15  2.38886e+15  -2.6737e+15  2.86896e+15  -2.94492e+15  2.87809e+15  -2.65052e+15  2.25177e+15  -1.68517e+15  9.77794e+14  -1.90277e+14  -5.79633e+14  
5.33847e+14  1.73208e+14  -9.08708e+14  1.58137e+15  -2.13117e+15  2.52733e+15  -2.76122e+15  2.83851e+15  -2.77399e+15  2.58935e+15  -2.31311e+15  1.98136e+15  -1.63827e+15  1.33456e+15  -1.1213e+15  1.0381e+15  -1.10028e+15  1.29318e+15  -1.57786e+15  1.90401e+15  -2.22173e+15  2.48771e+15  -2.66668e+15  2.73073e+15  -2.65855e+15  2.4354e+15  -2.05527e+15  1.52608e+15  -8.77358e+14  1.67279e+14  5.15491e+14  
-4.66629e+14  -1.49693e+14  8.01114e+14  -1.4066e+15  1.91009e+15  -2.27995e+15  2.50417e+15  -2.58469e+15  2.53318e+15  -2.36873e+15  2.1173e+15  -1.81197e+15  1.49361e+15  -1.2099e+15  1.00971e+15  -9.31519e+14  9.90294e+14  -1.17169e+15  1.4379e+15  -1.74075e+15  2.03328e+15  -2.27541e+15  2.43479e+15  -2.48605e+15  2.4104e+15  -2.19623e+15  1.84123e+15  -1.35669e+15  7.73013e+14  -1.44478e+14  -4.50308e+14  
3.99513e+14  1.26764e+14  -6.91484e+14  1.22456e+15  -1.67528e+15  2.01269e+15  -2.22275e+15  2.30447e+15  -2.26647e+15  2.12493e+15  -1.90255e+15  1.62871e+15  -1.34027e+15  1.08113e+15  -8.97242e+14  8.25265e+14  -8.796e+14  1.04646e+15  -1.2898e+15  1.56431e+15  -1.82674e+15  2.04091e+15  -2.17807e+15  2.21603e+15  -2.13892e+15  1.93807e+15  -1.61417e+15  1.18049e+15  -6.66842e+14  1.22272e+14  3.8531e+14  
-3.33829e+14  -1.04821e+14  5.82202e+14  -1.03953e+15  1.43251e+15  -1.73233e+15  1.92423e+15  -2.005e+15  1.98045e+15  -1.86351e+15  1.67315e+15  -1.43454e+15  1.18003e+15  -9.49183e+14  7.84273e+14  -7.1955e+14  7.68559e+14  -9.18343e+14  1.13523e+15  -1.37751e+15  1.6062e+15  -1.78952e+15  1.90285e+15  -1.9276e+15  1.8511e+15  -1.66749e+15  1.37963e+15  -1.0016e+15  5.61135e+14  -1.01046e+14  -3.21773e+14  
2.70936e+14  8.42456e+13  -4.75825e+14  8.56278e+14  -1.18848e+15  1.44693e+15  -1.61726e+15  1.69482e+15  -1.68283e+15  1.59085e+15  -1.43391e+15  1.23272e+15  -1.01482e+15  8.14984e+14  -6.71166e+14  6.14537e+14  -6.57504e+14  7.88211e+14  -9.76021e+14  1.18347e+15  -1.3763e+15  1.52742e+15  -1.61655e+15  1.62899e+15  -1.55531e+15  1.39223e+15  -1.14409e+15  8.24608e+14  -4.58348e+14  8.11638e+13  2.61001e+14  
-2.12169e+14  -6.53855e+13  3.74965e+14  -6.79844e+14  9.50382e+14  -1.1652e+15  1.31125e+15  -1.38309e+15  1.38174e+15  -1.31358e+15  1.18972e+15  -1.02647e+15  8.46508e+14  -6.79423e+14  5.58225e+14  -5.10332e+14  5.46714e+14  -6.569e+14  8.13946e+14  -9.85283e+14  1.14173e+15  -1.26097e+15  1.32703e+15  -1.329e+15  1.2606e+15  -1.1207e+15  9.14461e+14  -6.54361e+14  3.60991e+14  -6.29569e+13  -2.04273e+14  
1.58701e+14  4.85209e+13  -2.82018e+14  5.14969e+14  -7.25064e+14  8.95454e+14  -1.01507e+15  1.07836e+15  -1.08468e+15  1.03766e+15  -9.44934e+14  8.18655e+14  -6.76722e+14  5.43254e+14  -4.45671e+14  4.06968e+14  -4.36385e+14  5.25113e+14  -6.50562e+14  7.8568e+14  -9.06673e+14  9.95924e+14  -1.0415e+15  1.0359e+15  -9.75528e+14  8.60916e+14  -6.97338e+14  4.95413e+14  -2.7136e+14  4.66921e+13  1.52709e+14  
-1.11286e+14  -3.37956e+13  1.98675e+14  -3.65167e+14  5.17715e+14  -6.4404e+14  7.35498e+14  -7.87089e+14  7.97238e+14  -7.67545e+14  7.02775e+14  -6.11415e+14  5.06702e+14  -4.07027e+14  3.33618e+14  -3.04403e+14  3.26612e+14  -3.93359e+14  4.87038e+14  -5.86708e+14  6.74224e+14  -7.36547e+14  7.65335e+14  -7.55896e+14  7.06619e+14  -6.18964e+14  4.97701e+14  -3.51131e+14  1.91068e+14  -3.25044e+13  -1.07028e+14  
6.99187e+13  2.11217e+13  -1.25269e+14  2.31529e+14  -3.30255e+14  4.13524e+14  -4.75413e+14  5.12119e+14  -5.21958e+14  5.0534e+14  -4.64896e+14  4.05932e+14  -3.37177e+14  2.71056e+14  -2.22068e+14  2.02518e+14  -2.17379e+14  2.61918e+14  -3.24055e+14  3.89488e+14  -4.45958e+14  4.84864e+14  -5.00982e+14  4.91714e+14  -4.56621e+14  3.97294e+14  -3.1737e+14  2.22538e+14  -1.2042e+14  2.03055e+13  6.72139e+13  
-3.35381e+13  -1.00971e+13  6.02257e+13  -1.11741e+14  1.60077e+14  -2.01373e+14  2.32619e+14  -2.51752e+14  2.57712e+14  -2.50479e+14  2.31183e+14  -2.02363e+14  1.68352e+14  -1.35419e+14  1.10922e+14  -1.01129e+14  1.08572e+14  -1.30842e+14  1.61789e+14  -1.94153e+14  2.2175e+14  -2.40308e+14  2.47326e+14  -2.41685e+14  2.23382e+14  -1.93427e+14  1.53793e+14  -1.07371e+14  5.78767e+13  -9.70385e+12  -3.22307e+13  
0  0  0  0  0  0  0  0  0  0  0  0  0  0  0  0  0  0  0  0  0  0  0  0  0  0  0  0  0  0  0  
