1  1  1  1  1  1  1  1  1  1  1  1  1  1  1  1  1  1  1  1  1  1  1  1  1  1  1  1  1  1  1  
-5.31318e+29  -1.94749e+29  8.14955e+29  -1.34645e+30  1.80741e+30  -2.21012e+30  2.56046e+30  -2.86091e+30  3.11327e+30  -3.32006e+30  3.48473e+30  -3.61131e+30  3.70403e+30  -3.76677e+30  3.80267e+30  -3.81378e+30  3.80082e+30  -3.76315e+30  3.69879e+30  -3.60468e+30  3.47698e+30  -3.31153e+30  3.10433e+30  -2.85195e+30  2.55187e+30  -2.20229e+30  1.80074e+30  -1.34132e+30  8.11792e+29  -1.93986e+29  -5.29245e+29  
1.04083e+30  3.81448e+29  -1.59671e+30  2.63038e+30  -3.51263e+30  4.26427e+30  -4.89584e+30  5.41339e+30  -5.82387e+30  6.13733e+30  -6.36676e+30  6.52678e+30  -6.63208e+30  6.69595e+30  -6.72897e+30  6.73795e+30  -6.7253e+30  6.68877e+30  -6.62168e+30  6.51361e+30  -6.35138e+30  6.12039e+30  -5.80611e+30  5.39558e+30  -4.87877e+30  4.24872e+30  -3.49937e+30  2.6202e+30  -1.59043e+30  3.79935e+29  1.03672e+30  
-1.50945e+30  -5.52978e+29  2.31645e+30  -3.79955e+30  5.03441e+30  -6.0455e+30  6.84777e+30  -7.45471e+30  7.88509e+30  -8.16472e+30  8.3245e+30  -8.39725e+30  8.41457e+30  -8.40418e+30  8.38764e+30  -8.37873e+30  8.38222e+30  -8.39355e+30  8.39919e+30  -8.37776e+30  8.30172e+30  -8.13962e+30  7.85876e+30  -7.42829e+30  6.82243e+30  -6.02241e+30  5.01473e+30  -3.78444e+30  2.30714e+30  -5.50743e+29  -1.50337e+30  
1.92277e+30  7.03856e+29  -2.95289e+30  4.81875e+30  -6.32523e+30  7.49731e+30  -8.3574e+30  8.93351e+30  -9.26477e+30  9.40037e+30  -9.39454e+30  9.30118e+30  -9.16974e+30  9.04222e+30  -8.95073e+30  8.91552e+30  -8.94363e+30  9.02833e+30  -9.14961e+30  9.27565e+30  -9.36468e+30  9.36745e+30  -9.2302e+30  8.8988e+30  -8.32411e+30  7.46697e+30  -6.29938e+30  4.79892e+30  -2.94068e+30  7.0094e+29  1.91482e+30  
-2.27192e+30  -8.3057e+29  3.49349e+30  -5.6716e+30  7.37241e+30  -8.62146e+30  9.45463e+30  -9.92262e+30  1.00917e+31  -1.00376e+31  9.83705e+30  -9.56157e+30  9.27407e+30  -9.02691e+30  8.85997e+30  -8.79852e+30  8.85131e+30  -9.00994e+30  9.24947e+30  -9.53035e+30  9.80052e+30  -9.9973e+30  1.00494e+31  -9.88006e+30  9.41379e+30  -8.58424e+30  7.3407e+30  -5.6473e+30  3.47856e+30  -8.27026e+29  -2.26222e+30  
2.55334e+30  9.31543e+29  -3.93386e+30  6.35777e+30  -8.18998e+30  9.45902e+30  -1.02205e+31  1.05535e+31  -1.05532e+31  1.03188e+31  -9.94329e+30  9.5091e+30  -9.08714e+30  8.73686e+30  -8.50459e+30  8.42028e+30  -8.49448e+30  8.71704e+30  -9.05839e+30  9.4726e+30  -9.90052e+30  1.02715e+31  -1.05035e+31  1.05036e+31  -1.01726e+31  9.41535e+30  -8.15279e+30  6.32931e+30  -3.91642e+30  9.27434e+29  2.54205e+30  
-2.76773e+30  -1.00682e+30  4.27591e+30  -6.88779e+30  8.80678e+30  -1.00671e+31  1.07476e+31  -1.09564e+31  1.08136e+31  -1.04344e+31  9.92021e+30  -9.3583e+30  8.82474e+30  -8.386e+30  8.09619e+30  -7.99147e+30  8.08476e+30  -8.36358e+30  8.79221e+30  -9.31696e+30  9.87174e+30  -1.03808e+31  1.07572e+31  -1.08997e+31  1.06931e+31  -1.00175e+31  8.76456e+30  -6.85553e+30  4.2562e+30  -1.00222e+30  -2.75503e+30  
2.91875e+30  1.05765e+30  -4.52564e+30  7.2776e+30  -9.25566e+30  1.05006e+31  -1.1114e+31  1.12285e+31  -1.09813e+31  1.04951e+31  -9.87354e+30  9.20574e+30  -8.57341e+30  8.05232e+30  -7.70721e+30  7.5826e+30  -7.6946e+30  8.02759e+30  -8.53748e+30  9.16004e+30  -9.81992e+30  1.04358e+31  -1.09188e+31  1.11657e+31  -1.10537e+31  1.04456e+31  -9.20892e+30  7.24195e+30  -4.50394e+30  1.05263e+30  2.90482e+30  
-3.01172e+30  -1.08601e+30  4.69111e+30  -7.54424e+30  9.56624e+30  -1.08029e+31  1.13737e+31  -1.14281e+31  1.11117e+31  -1.0548e+31  9.83944e+30  -9.0772e+30  8.35068e+30  -7.74782e+30  7.34658e+30  -7.20165e+30  7.33295e+30  -7.72107e+30  8.31179e+30  -9.02769e+30  9.7813e+30  -1.04837e+31  1.10439e+31  -1.13599e+31  1.13082e+31  -1.07432e+31  9.51554e+30  -7.50565e+30  4.66771e+30  -1.08067e+30  -2.99679e+30  
3.05265e+30  1.09427e+30  -4.78087e+30  7.70313e+30  -9.76148e+30  1.10029e+31  -1.15572e+31  1.15819e+31  -1.12236e+31  1.06026e+31  -9.81926e+30  8.96846e+30  -8.14946e+30  7.46445e+30  -7.00618e+30  6.84056e+30  -6.99169e+30  7.43599e+30  -8.10807e+30  8.91571e+30  -9.75725e+30  1.05339e+31  -1.11512e+31  1.1509e+31  -1.14872e+31  1.09392e+31  -9.70743e+30  7.6621e+30  -4.7561e+30  1.08868e+30  3.03694e+30  
-3.04756e+30  -1.0849e+30  4.80306e+30  -7.76684e+30  9.85702e+30  -1.11164e+31  1.16769e+31  -1.16957e+31  1.13151e+31  -1.06504e+31  9.80075e+30  -8.86627e+30  7.95754e+30  -7.19182e+30  6.67723e+30  -6.49118e+30  6.66206e+30  -7.16201e+30  7.91414e+30  -8.81091e+30  9.73559e+30  -1.05781e+31  1.12389e+31  -1.1619e+31  1.16032e+31  -1.10494e+31  9.80028e+30  -7.72389e+30  4.77726e+30  -1.07917e+30  -3.03131e+30  
3.00209e+30  1.06033e+30  -4.76493e+30  7.74489e+30  -9.86207e+30  1.11495e+31  -1.17331e+31  1.17632e+31  -1.13741e+31  1.06758e+31  -9.76775e+30  8.75617e+30  -7.76332e+30  6.92133e+30  -6.35328e+30  6.14784e+30  -6.33761e+30  6.89051e+30  -7.71841e+30  8.69882e+30  -9.7002e+30  1.06009e+31  -1.1295e+31  1.16835e+31  -1.16566e+31  1.108e+31  -9.80334e+30  7.70057e+30  -4.73844e+30  1.05453e+30  2.98553e+30  
-2.92137e+30  -1.02284e+30  4.67275e+30  -7.64413e+30  9.78102e+30  -1.11017e+31  1.17192e+31  -1.17718e+31  1.13842e+31  -1.06615e+31  9.70394e+30  -8.62464e+30  7.55681e+30  -6.64627e+30  6.02989e+30  -5.8069e+30  6.0139e+30  -6.6148e+30  7.51093e+30  -8.56599e+30  9.63479e+30  -1.05846e+31  1.13031e+31  -1.16901e+31  1.16408e+31  -1.10306e+31  9.72102e+30  -7.59902e+30  4.64594e+30  -1.01707e+30  -2.90474e+30  
2.81003e+30  9.74538e+29  -4.53195e+30  7.46951e+30  -9.6151e+30  1.09685e+31  -1.16248e+31  1.17067e+31  -1.13282e+31  1.05901e+31  -9.59424e+30  8.45981e+30  -7.32969e+30  6.36145e+30  -5.70404e+30  5.46613e+30  -5.68792e+30  6.32971e+30  -7.28337e+30  8.40054e+30  -9.52429e+30  1.05124e+31  -1.12461e+31  1.16239e+31  -1.15454e+31  1.08966e+31  -9.5546e+30  7.42419e+30  -4.50518e+30  9.6887e+29  2.79355e+30  
-2.67227e+30  -9.17371e+29  4.34733e+30  -7.22483e+30  9.364e+30  -1.07441e+31  1.14387e+31  -1.15531e+31  1.11901e+31  -1.04465e+31  9.42552e+30  -8.25164e+30  7.0752e+30  -6.06297e+30  5.37376e+30  -5.12423e+30  5.3577e+30  -6.03133e+30  7.02898e+30  -8.19247e+30  9.35562e+30  -1.03687e+31  1.11079e+31  -1.14703e+31  1.13594e+31  -1.06723e+31  9.30375e+30  -7.17989e+30  4.32096e+30  -9.11885e+29  -2.65617e+30  
2.51199e+30  8.53143e+29  -4.12338e+30  6.91352e+30  -9.02717e+30  1.04227e+31  -1.11508e+31  1.1298e+31  -1.09561e+31  1.02177e+31  -9.18716e+30  7.99223e+30  -6.7882e+30  5.74808e+30  -5.0379e+30  4.7806e+30  -5.02207e+30  5.7169e+30  -6.74263e+30  7.93384e+30  -9.11814e+30  1.01409e+31  -1.08749e+31  1.12162e+31  -1.10725e+31  1.03519e+31  -8.96796e+30  6.86955e+30  -4.09775e+30  8.47908e+29  2.49646e+30  
-2.3329e+30  -7.83539e+29  3.86455e+30  -6.53934e+30  8.60501e+30  -1.00004e+31  1.07533e+31  -1.09315e+31  1.06158e+31  -9.89445e+30  8.87146e+30  -7.67603e+30  6.46525e+30  -5.41508e+30  4.69591e+30  -4.43513e+30  4.6805e+30  -5.3847e+30  6.42085e+30  -7.61912e+30  8.80416e+30  -9.81952e+30  1.05366e+31  -1.08518e+31  1.06769e+31  -9.93157e+30  8.54761e+30  -6.4969e+30  3.83998e+30  -7.78615e+29  -2.31815e+30  
2.13869e+30  7.10152e+29  -3.57547e+30  6.10694e+30  -8.09975e+30  9.47594e+30  -1.0242e+31  1.04478e+31  -1.01631e+31  9.47109e+30  -8.47413e+30  7.30007e+30  -6.10462e+30  5.06328e+30  -4.34783e+30  4.08807e+30  -4.33299e+30  5.03404e+30  -6.0619e+30  7.2453e+30  -8.40936e+30  9.39897e+30  -1.00868e+31  1.03711e+31  -1.01686e+31  9.40996e+30  -8.04489e+30  6.06658e+30  -3.55227e+30  7.0559e+29  2.12488e+30  
-1.93306e+30  -6.34499e+29  3.2612e+30  -5.62234e+30  7.51618e+30  -8.85193e+30  9.61736e+30  -9.84601e+30  9.59662e+30  -8.94668e+30  7.9946e+30  -6.86416e+30  5.7064e+30  -4.69296e+30  3.99408e+30  -3.73993e+30  3.97998e+30  -4.66519e+30  5.66582e+30  -6.81216e+30  7.93312e+30  -8.87825e+30  9.5243e+30  -9.77328e+30  9.54797e+30  -8.78963e+30  7.46456e+30  -5.58455e+30  3.23962e+30  -6.30339e+29  -1.92032e+30  
1.71982e+30  5.58035e+29  -2.92732e+30  5.09327e+30  -6.86222e+30  8.13531e+30  -8.88524e+30  9.131e+30  -8.92083e+30  8.32512e+30  -7.4362e+30  6.37091e+30  -5.2724e+30  4.30531e+30  -3.63547e+30  3.39139e+30  -3.62225e+30  4.27928e+30  -5.2344e+30  6.32225e+30  -7.37872e+30  8.26119e+30  -8.85333e+30  9.06321e+30  -8.82066e+30  8.07749e+30  -6.81448e+30  5.05849e+30  -2.9076e+30  5.54306e+29  1.70827e+30  
-1.50291e+30  -4.82155e+29  2.5801e+30  -4.52939e+30  6.14927e+30  -7.33796e+30  8.05721e+30  -8.31384e+30  8.14588e+30  -7.61535e+30  6.80621e+30  -5.8256e+30  4.806e+30  -3.90223e+30  3.27303e+30  -3.04319e+30  3.26081e+30  -3.8782e+30  4.77097e+30  -5.7808e+30  6.75336e+30  -7.55666e+30  8.084e+30  -8.2518e+30  7.99824e+30  -7.2853e+30  6.10596e+30  -4.498e+30  2.56243e+30  -4.78875e+29  -1.49264e+30  
1.28644e+30  4.08202e+29  -2.22651e+30  3.94241e+30  -5.39238e+30  6.47685e+30  -7.15096e+30  7.41184e+30  -7.28776e+30  6.83113e+30  -6.11547e+30  5.23591e+30  -4.31197e+30  3.48624e+30  -2.90794e+30  2.69607e+30  -2.89684e+30  3.46443e+30  -4.28022e+30  5.1954e+30  -6.06778e+30  6.77828e+30  -7.23216e+30  7.35622e+30  -7.09823e+30  6.42992e+30  -5.35394e+30  3.91469e+30  -2.21101e+30  4.05377e+29  1.27751e+30  
-1.07469e+30  -3.37462e+29  1.87421e+30  -3.34602e+30  4.61014e+30  -5.57384e+30  6.18982e+30  -6.44806e+30  6.36759e+30  -5.99032e+30  5.37773e+30  -4.6113e+30  3.79597e+30  -3.06022e+30  2.54142e+30  -2.3507e+30  2.53154e+30  -3.04082e+30  3.76779e+30  -4.57543e+30  5.33562e+30  -5.94379e+30  6.31878e+30  -6.39938e+30  6.14383e+30  -5.53305e+30  4.57688e+30  -3.32216e+30  1.86096e+30  -3.35088e+29  -1.0671e+30  
8.72019e+29  2.71158e+29  -1.53143e+30  2.75561e+30  -3.82411e+30  4.65484e+30  -5.20174e+30  5.44999e+30  -5.41023e+30  5.11351e+30  -4.60848e+30  3.96222e+30  -3.26416e+30  2.62717e+30  -2.17462e+30  2.00764e+30  -2.16602e+30  2.61033e+30  -3.23975e+30  3.93125e+30  -4.57224e+30  5.07361e+30  -5.36855e+30  5.40859e+30  -5.16277e+30  4.62044e+30  -3.79619e+30  2.73569e+30  -1.52043e+30  2.6922e+29  8.65771e+29  
-6.82722e+29  -2.10405e+29  1.20655e+30  -2.18738e+30  3.05743e+30  -3.74791e+30  4.21692e+30  -4.44709e+30  4.44187e+30  -4.22195e+30  3.82342e+30  -3.29906e+30  2.72252e+30  -2.18991e+30  1.80849e+30  -1.66721e+30  1.80125e+30  -2.17574e+30  2.70203e+30  -3.27315e+30  3.79324e+30  -4.18886e+30  4.40745e+30  -4.41307e+30  4.18506e+30  -3.71992e+30  3.03484e+30  -2.17135e+30  1.19776e+30  -2.08878e+29  -6.77756e+29  
5.10558e+29  1.56101e+29  -9.0727e+29  1.65656e+30  -2.33215e+30  2.87981e+30  -3.26399e+30  3.4669e+30  -3.4866e+30  3.3349e+30  -3.03655e+30  2.63098e+30  -2.17628e+30  1.75083e+30  -1.44372e+30  1.32953e+30  -1.43788e+30  1.73942e+30  -2.15983e+30  2.61024e+30  -3.01248e+30  3.30864e+30  -3.45944e+30  3.44019e+30  -3.23912e+30  2.85809e+30  -2.31471e+30  1.64426e+30  -9.00566e+29  1.54951e+29  5.0679e+29  
-3.57945e+29  -1.08704e+29  6.39019e+29  -1.17445e+30  1.66493e+30  -2.07095e+30  2.36471e+30  -2.5302e+30  2.56243e+30  -2.46661e+30  2.25824e+30  -1.96485e+30  1.62941e+30  -1.31169e+30  1.08066e+30  -9.94456e+29  1.07625e+30  -1.3031e+30  1.61704e+30  -1.94931e+30  2.24029e+30  -2.44712e+30  2.54236e+30  -2.51059e+30  2.34655e+30  -2.05517e+30  1.65234e+30  -1.16563e+30  6.34234e+29  -1.07892e+29  -3.55267e+29  
2.2485e+29  6.79262e+28  -4.02847e+29  7.44526e+29  -1.06192e+30  1.32954e+30  -1.52835e+30  1.64613e+30  -1.67752e+30  1.62389e+30  -1.49379e+30  1.30445e+30  -1.08422e+30  8.73464e+29  -7.19292e+29  6.61608e+29  -7.16342e+29  8.67716e+29  -1.07596e+30  1.29411e+30  -1.48188e+30  1.61101e+30  -1.66433e+30  1.6333e+30  -1.51653e+30  1.31933e+30  -1.05381e+30  7.38871e+29  -3.99797e+29  6.74128e+28  2.23149e+29  
-1.07841e+29  -3.24676e+28  1.93654e+29  -3.59283e+29  5.14668e+29  -6.47386e+29  7.47762e+29  -8.09173e+29  8.28223e+29  -8.04877e+29  7.42812e+29  -6.50272e+29  5.41334e+29  -4.36364e+29  3.59274e+29  -3.30378e+29  3.57795e+29  -4.33486e+29  5.37206e+29  -6.45108e+29  7.36879e+29  -7.9848e+29  8.2169e+29  -8.02841e+29  7.41952e+29  -6.42388e+29  5.10715e+29  -3.56535e+29  1.92176e+29  -3.22203e+28  -1.07019e+29  
0  0  0  0  0  0  0  0  0  0  0  0  0  0  0  0  0  0  0  0  0  0  0  0  0  0  0  0  0  0  0  
