1  1  1  1  1  1  1  1  1  1  1  1  1  1  1  1  1  1  1  1  1  1  1  1  1  1  1  1  1  1  1  
-8.9241e+31  -3.27104e+31  1.36882e+32  -2.26154e+32  3.03582e+32  -3.71229e+32  4.30085e+32  -4.80562e+32  5.22967e+32  -5.57722e+32  5.85404e+32  -6.06694e+32  6.22299e+32  -6.32869e+32  6.38933e+32  -6.40831e+32  6.38687e+32  -6.32389e+32  6.21603e+32  -6.05813e+32  5.84375e+32  -5.5659e+32  5.2178e+32  -4.79373e+32  4.28945e+32  -3.70191e+32  3.02697e+32  -2.25474e+32  1.36462e+32  -3.26091e+31  -8.89661e+31  
1.74819e+32  6.40682e+31  -2.68185e+32  4.41805e+32  -5.89994e+32  7.16253e+32  -8.22349e+32  9.09301e+32  -9.78274e+32  1.03096e+33  -1.06954e+33  1.09647e+33  -1.11421e+33  1.125e+33  -1.13061e+33  1.13218e+33  -1.13012e+33  1.12405e+33  -1.11283e+33  1.09472e+33  -1.0675e+33  1.02871e+33  -9.75918e+32  9.06938e+32  -8.20084e+32  7.1419e+32  -5.88236e+32  4.40455e+32  -2.67352e+32  6.38675e+31  1.74274e+32  
-2.53527e+32  -9.28777e+31  3.8907e+32  -6.38173e+32  8.45587e+32  -1.01542e+33  1.15019e+33  -1.25215e+33  1.32447e+33  -1.37148e+33  1.39837e+33  -1.41065e+33  1.41363e+33  -1.41197e+33  1.40928e+33  -1.40788e+33  1.40857e+33  -1.41056e+33  1.41159e+33  -1.40806e+33  1.39535e+33  -1.36815e+33  1.32098e+33  -1.24865e+33  1.14683e+33  -1.01236e+33  8.42977e+32  -6.36169e+32  3.87835e+32  -9.25812e+31  -2.5272e+32  
3.22944e+32  1.18218e+32  -4.9596e+32  8.09347e+32  -1.06238e+33  1.25924e+33  -1.40371e+33  1.50049e+33  -1.55615e+33  1.57897e+33  -1.57804e+33  1.56243e+33  -1.54044e+33  1.51913e+33  -1.50387e+33  1.49808e+33  -1.50293e+33  1.51728e+33  -1.53777e+33  1.55904e+33  -1.57408e+33  1.5746e+33  -1.55157e+33  1.49589e+33  -1.39929e+33  1.25522e+33  -1.05895e+33  8.06716e+32  -4.94341e+32  1.17831e+32  3.21888e+32  
-3.81581e+32  -1.39499e+32  5.8675e+32  -9.52573e+32  1.23823e+33  -1.44801e+33  1.58795e+33  -1.66655e+33  1.69497e+33  -1.68591e+33  1.65228e+33  -1.60608e+33  1.55789e+33  -1.5165e+33  1.48859e+33  -1.47842e+33  1.48745e+33  -1.51425e+33  1.55463e+33  -1.60194e+33  1.64743e+33  -1.68056e+33  1.68935e+33  -1.66091e+33  1.58253e+33  -1.44307e+33  1.23402e+33  -9.49349e+32  5.84769e+32  -1.39028e+32  -3.80294e+32  
4.2884e+32  1.56455e+32  -6.607e+32  1.0678e+33  -1.37551e+33  1.58863e+33  -1.71651e+33  1.77243e+33  -1.77238e+33  1.73303e+33  -1.67002e+33  1.59718e+33  -1.52641e+33  1.46771e+33  -1.42885e+33  1.41486e+33  -1.42751e+33  1.46508e+33  -1.5226e+33  1.59233e+33  -1.66435e+33  1.72677e+33  -1.76579e+33  1.76581e+33  -1.71015e+33  1.58284e+33  -1.37058e+33  1.06402e+33  -6.58386e+32  1.5591e+32  4.27342e+32  
-4.64839e+32  -1.69096e+32  7.18135e+32  -1.15679e+33  1.47906e+33  -1.6907e+33  1.80496e+33  -1.84001e+33  1.81601e+33  -1.75234e+33  1.66604e+33  -1.57175e+33  1.48225e+33  -1.40871e+33  1.36021e+33  -1.34281e+33  1.35869e+33  -1.40573e+33  1.47794e+33  -1.56627e+33  1.65961e+33  -1.74524e+33  1.80854e+33  -1.83249e+33  1.79774e+33  -1.68412e+33  1.47346e+33  -1.15251e+33  7.1552e+32  -1.68485e+32  -4.63154e+32  
4.90193e+32  1.77629e+32  -7.60063e+32  1.22223e+33  -1.55441e+33  1.76345e+33  -1.86643e+33  1.88563e+33  -1.84409e+33  1.76245e+33  -1.65811e+33  1.54604e+33  -1.43996e+33  1.3526e+33  -1.29482e+33  1.27411e+33  -1.29315e+33  1.34932e+33  -1.43519e+33  1.53998e+33  -1.651e+33  1.75459e+33  -1.8358e+33  1.87729e+33  -1.85842e+33  1.75616e+33  -1.54821e+33  1.2175e+33  -7.57183e+32  1.76963e+32  4.88346e+32  
-5.05797e+32  -1.82388e+32  7.87837e+32  -1.26698e+33  1.60652e+33  -1.81417e+33  1.90997e+33  -1.91907e+33  1.8659e+33  -1.77125e+33  1.6523e+33  -1.52437e+33  1.40248e+33  -1.3014e+33  1.23421e+33  -1.2101e+33  1.2324e+33  -1.29785e+33  1.39732e+33  -1.5178e+33  1.64459e+33  -1.76271e+33  1.85691e+33  -1.91002e+33  1.90128e+33  -1.80625e+33  1.5998e+33  -1.26186e+33  7.84732e+32  -1.81679e+32  -5.03817e+32  
5.12661e+32  1.83772e+32  -8.02895e+32  1.29364e+33  -1.63927e+33  1.84769e+33  -1.94073e+33  1.94483e+33  -1.88463e+33  1.78034e+33  -1.64884e+33  1.50604e+33  -1.36863e+33  1.25375e+33  -1.177e+33  1.14942e+33  -1.17508e+33  1.24998e+33  -1.36314e+33  1.49905e+33  -1.64061e+33  1.77123e+33  -1.87502e+33  1.93516e+33  -1.93144e+33  1.83924e+33  -1.6321e+33  1.28819e+33  -7.99609e+32  1.83031e+32  5.10577e+32  
-5.11796e+32  -1.82195e+32  8.06605e+32  -1.30431e+33  1.65528e+33  -1.86671e+33  1.96077e+33  -1.96389e+33  1.89994e+33  -1.78831e+33  1.64567e+33  -1.48883e+33  1.33634e+33  -1.20792e+33  1.12171e+33  -1.09072e+33  1.1197e+33  -1.20396e+33  1.33059e+33  -1.48148e+33  1.63703e+33  -1.77873e+33  1.88983e+33  -1.95371e+33  1.951e+33  -1.85782e+33  1.64775e+33  -1.29861e+33  8.03182e+32  -1.81434e+32  -5.0964e+32  
5.0415e+32  1.78066e+32  -8.00186e+32  1.30059e+33  -1.65609e+33  1.87223e+33  -1.97017e+33  1.97517e+33  -1.90979e+33  1.79254e+33  -1.64009e+33  1.47029e+33  -1.30368e+33  1.16245e+33  -1.06727e+33  1.03303e+33  -1.06519e+33  1.15836e+33  -1.29772e+33  1.46268e+33  -1.63113e+33  1.7826e+33  -1.8993e+33  1.9646e+33  -1.96003e+33  1.86301e+33  -1.6483e+33  1.29472e+33  -7.96672e+32  1.77297e+32  5.01953e+32  
-4.90586e+32  -1.71767e+32  7.84691e+32  -1.28365e+33  1.64245e+33  -1.86417e+33  1.9678e+33  -1.97658e+33  1.91145e+33  -1.79009e+33  1.62934e+33  -1.44817e+33  1.26896e+33  -1.11622e+33  1.01292e+33  -9.75738e+32  1.0108e+33  -1.11205e+33  1.26288e+33  -1.44039e+33  1.62016e+33  -1.7799e+33  1.90069e+33  -1.96574e+33  1.9574e+33  -1.85473e+33  1.63449e+33  -1.27767e+33  7.81135e+32  -1.71e+32  -4.88379e+32  
4.7188e+32  1.63652e+32  -7.61032e+32  1.25431e+33  -1.61456e+33  1.84178e+33  -1.95192e+33  1.96562e+33  -1.90203e+33  1.77809e+33  -1.61089e+33  1.42046e+33  -1.23079e+33  1.06836e+33  -9.58168e+32  9.18477e+32  -9.5603e+32  1.06415e+33  -1.22465e+33  1.4126e+33  -1.60161e+33  1.76778e+33  -1.89114e+33  1.95464e+33  -1.94139e+33  1.83224e+33  -1.60653e+33  1.24829e+33  -7.57481e+32  1.629e+32  4.69694e+32  
-4.48739e+32  -1.54049e+32  7.30018e+32  -1.2132e+33  1.57237e+33  -1.80407e+33  1.92065e+33  -1.93981e+33  1.87883e+33  -1.75395e+33  1.58254e+33  -1.38548e+33  1.18803e+33  -1.01821e+33  9.02673e+32  -8.61028e+32  9.00542e+32  -1.01401e+33  1.1819e+33  -1.37763e+33  1.57327e+33  -1.74364e+33  1.86792e+33  -1.92882e+33  1.91013e+33  -1.79454e+33  1.56438e+33  -1.20724e+33  7.26519e+32  -1.53322e+32  -4.46602e+32  
4.21816e+32  1.43262e+32  -6.92402e+32  1.16091e+33  -1.51579e+33  1.75008e+33  -1.87229e+33  1.89697e+33  -1.83953e+33  1.71554e+33  -1.5425e+33  1.34191e+33  -1.13982e+33  9.65303e+32  -8.46241e+32  8.03287e+32  -8.44141e+32  9.61165e+32  -1.13377e+33  1.33416e+33  -1.53335e+33  1.70534e+33  -1.82875e+33  1.88611e+33  -1.8619e+33  1.7407e+33  -1.50794e+33  1.15507e+33  -6.89001e+32  1.42567e+32  4.19756e+32  
-3.91738e+32  -1.31571e+32  6.48929e+32  -1.09806e+33  1.44489e+33  -1.67915e+33  1.80553e+33  -1.83542e+33  1.78238e+33  -1.66125e+33  1.48949e+33  -1.2888e+33  1.08557e+33  -9.09362e+32  7.88785e+32  -7.45238e+32  7.8674e+32  -9.05332e+32  1.07968e+33  -1.28125e+33  1.48056e+33  -1.6513e+33  1.77187e+33  -1.82484e+33  1.7954e+33  -1.67002e+33  1.43728e+33  -1.09243e+33  6.45669e+32  -1.30918e+32  -3.89781e+32  
3.59122e+32  1.19247e+32  -6.00379e+32  1.02544e+33  -1.36004e+33  1.59108e+33  -1.71967e+33  1.7542e+33  -1.70636e+33  1.59016e+33  -1.42277e+33  1.22567e+33  -1.02501e+33  8.50269e+32  -7.30306e+32  6.86921e+32  -7.28338e+32  8.4639e+32  -1.01934e+33  1.2184e+33  -1.41418e+33  1.58059e+33  -1.69624e+33  1.74401e+33  -1.70994e+33  1.58233e+33  -1.35276e+33  1.02008e+33  -5.973e+32  1.18641e+32  3.57289e+32  
-3.24589e+32  -1.06542e+32  5.47599e+32  -9.44058e+32  1.26204e+33  -1.48629e+33  1.61478e+33  -1.65314e+33  1.61125e+33  -1.50211e+33  1.34225e+33  -1.15247e+33  9.58133e+32  -7.88071e+32  6.70879e+32  -6.28424e+32  6.69009e+32  -7.84386e+32  9.5275e+32  -1.14557e+33  1.33409e+33  -1.49303e+33  1.60165e+33  -1.6435e+33  1.60558e+33  -1.47803e+33  1.25519e+33  -9.39044e+32  5.44736e+32  -1.0599e+32  -3.22899e+32  
2.88778e+32  9.3701e+31  -4.9153e+32  8.55211e+32  -1.15222e+33  1.36596e+33  -1.49185e+33  1.53309e+33  -1.49778e+33  1.39774e+33  -1.24849e+33  1.06965e+33  -8.85252e+32  7.22963e+32  -6.10637e+32  5.69858e+32  -6.08883e+32  7.1951e+32  -8.80211e+32  1.06319e+33  -1.24087e+33  1.38926e+33  -1.48882e+33  1.5241e+33  -1.48328e+33  1.35829e+33  -1.14589e+33  8.50597e+32  -4.88914e+32  9.32063e+31  2.87247e+32  
-2.52353e+32  -8.09588e+31  4.33223e+32  -7.60521e+32  1.0325e+33  -1.23207e+33  1.35282e+33  -1.39588e+33  1.36766e+33  -1.27857e+33  1.14272e+33  -9.78088e+32  8.06936e+32  -6.55269e+32  5.49753e+32  -5.11349e+32  5.48133e+32  -6.52081e+32  8.02288e+32  -9.72144e+32  1.13571e+33  -1.27079e+33  1.35945e+33  -1.38765e+33  1.34499e+33  -1.22509e+33  1.02675e+33  -7.56357e+32  4.30879e+32  -8.05236e+31  -2.50991e+32  
2.16003e+32  6.85404e+31  -3.73848e+32  6.61955e+32  -9.05406e+32  1.08748e+33  -1.20065e+33  1.24443e+33  -1.22358e+33  1.14691e+33  -1.02674e+33  8.79077e+32  -7.23981e+32  5.85409e+32  -4.88427e+32  4.53022e+32  -4.86955e+32  5.82516e+32  -7.1977e+32  8.73703e+32  -1.02042e+33  1.13989e+33  -1.21621e+33  1.23705e+33  -1.19365e+33  1.08125e+33  -9.00306e+32  6.58278e+32  -3.71792e+32  6.81656e+31  2.14818e+32  
-1.80446e+32  -5.6662e+31  3.14691e+32  -5.61812e+32  7.74057e+32  -9.35854e+32  1.03927e+33  -1.08261e+33  1.06909e+33  -1.00573e+33  9.02878e+32  -7.74206e+32  6.37341e+32  -5.13867e+32  4.26862e+32  -3.9499e+32  4.25551e+32  -5.11294e+32  6.33603e+32  -7.69447e+32  8.97292e+32  -9.99561e+32  1.06261e+33  -1.07615e+33  1.03316e+33  -9.30444e+32  7.69645e+32  -5.58647e+32  3.12933e+32  -5.6347e+31  -1.7944e+32  
1.46415e+32  4.55286e+31  -2.57132e+32  4.62675e+32  -6.42074e+32  7.81547e+32  -8.73363e+32  9.15034e+32  -9.08348e+32  8.5852e+32  -7.73725e+32  6.65227e+32  -5.48047e+32  4.41147e+32  -3.6525e+32  3.37345e+32  -3.6411e+32  4.38913e+32  -5.44809e+32  6.61118e+32  -7.68918e+32  8.53228e+32  -9.02817e+32  9.0954e+32  -8.68193e+32  7.76983e+32  -6.3837e+32  4.60032e+32  -2.55674e+32  4.52714e+31  1.45586e+32  
-1.1463e+32  -3.53275e+31  2.02581e+32  -3.67263e+32  5.13343e+32  -6.29269e+32  7.08008e+32  -7.46646e+32  7.45761e+32  -7.08832e+32  6.41918e+32  -5.53885e+32  4.57104e+32  -3.67721e+32  3.03753e+32  -2.80142e+32  3.02793e+32  -3.65841e+32  4.54387e+32  -5.50448e+32  6.37914e+32  -7.04443e+32  7.41196e+32  -7.42132e+32  7.03782e+32  -6.25556e+32  5.10346e+32  -3.65137e+32  2.01415e+32  -3.51249e+31  -1.13972e+32  
8.57228e+31  2.62094e+31  -1.52331e+32  2.78136e+32  -3.91564e+32  4.83512e+32  -5.4801e+32  5.82073e+32  -5.85375e+32  5.59901e+32  -5.09807e+32  4.41718e+32  -3.65391e+32  2.93992e+32  -2.42486e+32  2.23401e+32  -2.41711e+32  2.92478e+32  -3.63209e+32  4.38967e+32  -5.06615e+32  5.56418e+32  -5.81772e+32  5.7853e+32  -5.4471e+32  4.80631e+32  -3.89251e+32  2.76504e+32  -1.51441e+32  2.60568e+31  8.52229e+31  
-6.00984e+31  -1.82513e+31  1.0729e+32  -1.97188e+32  2.79537e+32  -3.47703e+32  3.97023e+32  -4.24805e+32  4.30211e+32  -4.14122e+32  3.79137e+32  -3.2988e+32  2.73572e+32  -2.20252e+32  1.81506e+32  -1.67099e+32  1.80921e+32  -2.19112e+32  2.71932e+32  -3.27819e+32  3.76754e+32  -4.11535e+32  4.27549e+32  -4.22202e+32  3.94614e+32  -3.45611e+32  2.77867e+32  -1.96017e+32  1.06655e+32  -1.81435e+31  -5.97432e+31  
3.77517e+31  1.14046e+31  -6.76367e+31  1.25003e+32  -1.78291e+32  2.23223e+32  -2.566e+32  2.76374e+32  -2.81642e+32  2.72636e+32  -2.50792e+32  2.19005e+32  -1.82036e+32  1.46667e+32  -1.20811e+32  1.1117e+32  -1.2042e+32  1.45904e+32  -1.80941e+32  2.17633e+32  -2.49212e+32  2.70927e+32  -2.79891e+32  2.74671e+32  -2.55032e+32  2.21868e+32  -1.77216e+32  1.24253e+32  -6.7232e+31  1.13365e+31  3.7526e+31  
-1.81061e+31  -5.45119e+30  3.25136e+31  -6.0322e+31  8.641e+31  -1.08692e+32  1.25544e+32  -1.35854e+32  1.39051e+32  -1.35131e+32  1.2471e+32  -1.09174e+32  9.08877e+31  -7.32716e+31  6.03428e+31  -5.55136e+31  6.01467e+31  -7.28898e+31  9.03401e+31  -1.08489e+32  1.23923e+32  -1.34282e+32  1.38185e+32  -1.35014e+32  1.24773e+32  -1.08029e+32  8.58857e+31  -5.99574e+31  3.23176e+31  -5.41837e+30  -1.7997e+31  
0  0  0  0  0  0  0  0  0  0  0  0  0  0  0  0  0  0  0  0  0  0  0  0  0  0  0  0  0  0  0  
