1  1  1  1  1  1  1  1  1  1  1  1  1  1  1  1  1  1  1  1  1  1  1  1  1  1  1  1  1  1  1  
-5.09633e+39  -1.868e+39  7.81699e+39  -1.29153e+40  1.73376e+40  -2.12016e+40  2.4564e+40  -2.74484e+40  2.98721e+40  -3.18595e+40  3.34434e+40  -3.46626e+40  3.55575e+40  -3.61651e+40  3.65155e+40  -3.66279e+40  3.65093e+40  -3.61531e+40  3.55401e+40  -3.46405e+40  3.34176e+40  -3.18311e+40  2.98424e+40  -2.74185e+40  2.45354e+40  -2.11756e+40  1.73154e+40  -1.28983e+40  7.80647e+39  -1.86546e+39  -5.08943e+39  
9.98338e+39  3.65872e+39  -1.53153e+40  2.52305e+40  -3.3694e+40  4.09057e+40  -4.69666e+40  5.19349e+40  -5.58773e+40  5.88904e+40  -6.10988e+40  6.26425e+40  -6.36626e+40  6.42861e+40  -6.46142e+40  6.4712e+40  -6.4602e+40  6.42622e+40  -6.3628e+40  6.25987e+40  -6.10476e+40  5.88341e+40  -5.58182e+40  5.18756e+40  -4.69098e+40  4.0854e+40  -3.36499e+40  2.51967e+40  -1.52944e+40  3.65369e+39  9.9697e+39  
-1.44779e+40  -5.30384e+39  2.22182e+40  -3.64438e+40  4.82893e+40  -5.79892e+40  6.56872e+40  -7.15129e+40  7.56466e+40  -7.83361e+40  7.98779e+40  -8.05869e+40  8.07662e+40  -8.06813e+40  8.05388e+40  -8.04702e+40  8.05207e+40  -8.06459e+40  8.0715e+40  -8.05221e+40  7.98021e+40  -7.82526e+40  7.5559e+40  -7.1425e+40  6.56029e+40  -5.79124e+40  4.82238e+40  -3.63936e+40  2.21873e+40  -5.29641e+39  -1.44576e+40  
1.84415e+40  6.75076e+39  -2.83216e+40  4.62175e+40  -6.06671e+40  7.19097e+40  -8.01609e+40  8.56894e+40  -8.88714e+40  9.01789e+40  -9.01324e+40  8.92494e+40  -8.8004e+40  8.67989e+40  -8.59415e+40  8.56256e+40  -8.59179e+40  8.67526e+40  -8.79371e+40  8.91644e+40  -9.00331e+40  9.00693e+40  -8.87564e+40  8.5574e+40  -8.00501e+40  7.18088e+40  -6.05811e+40  4.61515e+40  -2.8281e+40  6.74106e+39  1.84151e+40  
-2.17894e+40  -7.96576e+39  3.3505e+40  -5.43944e+40  7.07059e+40  -8.26846e+40  9.06751e+40  -9.51643e+40  9.67889e+40  -9.62758e+40  9.43615e+40  -9.17324e+40  8.8992e+40  -8.66422e+40  8.5065e+40  -8.45019e+40  8.50362e+40  -8.65857e+40  8.89101e+40  -9.16285e+40  9.42399e+40  -9.61416e+40  9.6648e+40  -9.50228e+40  9.05392e+40  -8.25608e+40  7.06004e+40  -5.43135e+40  3.34553e+40  -7.95397e+39  -2.17571e+40  
2.44871e+40  8.93374e+39  -3.77265e+40  6.09714e+40  -7.85407e+40  9.07084e+40  -9.80084e+40  1.012e+41  -1.01198e+41  9.89542e+40  -9.53622e+40  9.12119e+40  -8.71837e+40  8.38476e+40  -8.16472e+40  8.08693e+40  -8.16136e+40  8.37816e+40  -8.7088e+40  9.10904e+40  -9.52199e+40  9.87971e+40  -1.01033e+41  1.01034e+41  -9.7849e+40  9.05631e+40  -7.8417e+40  6.08767e+40  -3.76684e+40  8.92007e+39  2.44496e+40  
-2.65417e+40  -9.65519e+39  4.10044e+40  -6.60499e+40  8.44488e+40  -9.65295e+40  1.0305e+41  -1.05049e+41  1.03678e+41  -1.00045e+41  9.51227e+40  -8.97484e+40  8.46517e+40  -8.04697e+40  7.77208e+40  -7.67509e+40  7.76828e+40  -8.03951e+40  8.45434e+40  -8.96108e+40  9.49614e+40  -9.98663e+40  1.0349e+41  -1.0486e+41  1.02869e+41  -9.63645e+40  8.43083e+40  -6.59425e+40  4.09388e+40  -9.63988e+39  -2.64995e+40  
2.79883e+40  1.0142e+40  -4.33966e+40  6.9783e+40  -8.87457e+40  1.00676e+41  -1.06551e+41  1.07643e+41  -1.05269e+41  1.0061e+41  -9.46583e+40  8.82695e+40  -8.22272e+40  7.72578e+40  -7.39813e+40  7.28241e+40  -7.39394e+40  7.71754e+40  -8.21077e+40  8.81175e+40  -9.44799e+40  1.00413e+41  -1.05062e+41  1.07434e+41  -1.0635e+41  1.00494e+41  -8.85902e+40  6.96644e+40  -4.33244e+40  1.01253e+40  2.79419e+40  
-2.8878e+40  -1.04134e+40  4.49805e+40  -7.23346e+40  9.1716e+40  -1.03565e+41  1.09029e+41  -1.09543e+41  1.06505e+41  -1.01102e+41  9.43165e+40  -8.7023e+40  8.00787e+40  -7.43269e+40  7.05145e+40  -6.91654e+40  7.04692e+40  -7.42379e+40  7.99494e+40  -8.68583e+40  9.41231e+40  -1.00888e+41  1.06279e+41  -1.09316e+41  1.08811e+41  -1.03366e+41  9.15474e+40  -7.22062e+40  4.49026e+40  -1.03956e+40  -2.88283e+40  
2.92687e+40  1.04919e+40  -4.58383e+40  7.38529e+40  -9.35807e+40  1.05473e+41  -1.10777e+41  1.11005e+41  -1.07565e+41  1.01613e+41  -9.41106e+40  8.59685e+40  -7.81384e+40  7.16e+40  -6.72426e+40  6.56975e+40  -6.71944e+40  7.15054e+40  -7.80007e+40  8.5793e+40  -9.39043e+40  1.01384e+41  -1.07324e+41  1.10763e+41  -1.10544e+41  1.05261e+41  -9.34008e+40  7.37164e+40  -4.57558e+40  1.04734e+40  2.92164e+40  
-2.92181e+40  -1.04015e+40  4.60481e+40  -7.44588e+40  9.44898e+40  -1.06553e+41  1.11915e+41  -1.12086e+41  1.08432e+41  -1.02061e+41  9.3923e+40  -8.49789e+40  7.62889e+40  -6.89775e+40  6.40812e+40  -6.2342e+40  6.40308e+40  -6.88783e+40  7.61445e+40  -8.47947e+40  9.37062e+40  -1.0182e+41  1.08179e+41  -1.11831e+41  1.1167e+41  -1.0633e+41  9.4301e+40  -7.43159e+40  4.59623e+40  -1.03824e+40  -2.9164e+40  
2.87804e+40  1.01654e+40  -4.56798e+40  7.42436e+40  -9.45321e+40  1.06863e+41  -1.12446e+41  1.12725e+41  -1.0899e+41  1.02297e+41  -9.35985e+40  8.39152e+40  -7.44188e+40  6.63765e+40  -6.09684e+40  5.90445e+40  -6.09163e+40  6.6274e+40  -7.42694e+40  8.37244e+40  -9.33738e+40  1.02047e+41  -1.08726e+41  1.1246e+41  -1.12192e+41  1.06632e+41  -9.43366e+40  7.40962e+40  -4.55916e+40  1.01461e+40  2.87253e+40  
-2.8005e+40  -9.80535e+39  4.47935e+40  -7.32735e+40  9.37497e+40  -1.06399e+41  1.12306e+41  -1.12801e+41  1.0908e+41  -1.02153e+41  9.29806e+40  -8.26479e+40  7.24324e+40  -6.37327e+40  5.78615e+40  -5.57701e+40  5.78083e+40  -6.3628e+40  7.22798e+40  -8.24527e+40  9.27506e+40  -1.01897e+41  1.0881e+41  -1.12529e+41  1.12046e+41  -1.06162e+41  9.355e+40  -7.31234e+40  4.47043e+40  -9.78614e+39  -2.79496e+40  
2.69361e+40  9.34178e+39  -4.34413e+40  7.15958e+40  -9.21546e+40  1.05117e+41  -1.11397e+41  1.12172e+41  -1.08539e+41  1.01465e+41  -9.19246e+40  8.10629e+40  -7.02497e+40  6.09964e+40  -5.47316e+40  5.24973e+40  -5.4678e+40  6.08908e+40  -7.00956e+40  8.08657e+40  -9.16918e+40  1.01206e+41  -1.08266e+41  1.11897e+41  -1.11133e+41  1.04878e+41  -9.19533e+40  7.1445e+40  -4.33522e+40  9.32292e+39  2.68813e+40  
-2.56142e+40  -8.79331e+39  4.16694e+40  -6.9247e+40  8.97437e+40  -1.02962e+41  1.0961e+41  -1.10697e+41  1.07213e+41  -1.00085e+41  9.03044e+40  -7.90639e+40  6.78059e+40  -5.81301e+40  5.15598e+40  -4.92137e+40  5.15063e+40  -5.80248e+40  6.76522e+40  -7.8867e+40  9.00718e+40  -9.98264e+40  1.0694e+41  -1.10422e+41  1.09346e+41  -1.02723e+41  8.95433e+40  -6.90975e+40  4.15817e+40  -8.77506e+39  -2.55606e+40  
2.40767e+40  8.17725e+39  -3.9521e+40  6.62602e+40  -8.65121e+40  9.98787e+40  -1.06848e+41  1.08251e+41  -1.04969e+41  9.78912e+40  -8.80179e+40  7.6575e+40  -6.50516e+40  5.51073e+40  -4.83348e+40  4.59134e+40  -4.82822e+40  5.50036e+40  -6.49e+40  7.63808e+40  -8.77882e+40  9.76356e+40  -1.04699e+41  1.07978e+41  -1.06587e+41  9.96433e+40  -8.63151e+40  6.61139e+40  -3.94357e+40  8.15983e+39  2.4025e+40  
-2.23591e+40  -7.50974e+39  3.70385e+40  -6.26713e+40  8.24633e+40  -9.58288e+40  1.03036e+41  -1.04737e+41  1.01707e+41  -9.47922e+40  8.49913e+40  -7.35428e+40  6.19536e+40  -5.19116e+40  4.50517e+40  -4.25955e+40  4.50004e+40  -5.18106e+40  6.18058e+40  -7.33534e+40  8.47674e+40  -9.45429e+40  1.01443e+41  -1.04472e+41  1.02782e+41  -9.55998e+40  8.22723e+40  -6.25301e+40  3.69567e+40  -7.49336e+39  -2.231e+40  
2.04969e+40  6.80606e+39  -3.42664e+40  5.8525e+40  -7.76187e+40  9.08009e+40  -9.81348e+40  1.00101e+41  -9.73678e+40  9.0735e+40  -8.11832e+40  6.99388e+40  -5.84954e+40  4.85365e+40  -4.17104e+40  3.92623e+40  -4.16611e+40  4.84392e+40  -5.83532e+40  6.97566e+40  -8.09677e+40  9.04951e+40  -9.7114e+40  9.98457e+40  -9.78908e+40  9.05814e+40  -7.74362e+40  5.83907e+40  -3.41892e+40  6.79088e+39  2.04509e+40  
-1.85254e+40  -6.08074e+39  3.12531e+40  -5.3879e+40  7.20242e+40  -8.48194e+40  9.21484e+40  -9.43339e+40  9.194e+40  -8.57101e+40  7.6588e+40  -6.5761e+40  5.46776e+40  -4.49846e+40  3.83154e+40  -3.59187e+40  3.82684e+40  -4.48921e+40  5.45425e+40  -6.5588e+40  7.63835e+40  -8.54824e+40  9.16993e+40  -9.40919e+40  9.19175e+40  -8.46121e+40  7.18525e+40  -5.37532e+40  3.11813e+40  -6.0669e+39  -1.8483e+40  
1.64811e+40  5.34772e+39  -2.80524e+40  4.88072e+40  -6.57557e+40  7.79509e+40  -8.51321e+40  8.74823e+40  -8.54648e+40  7.97547e+40  -7.12377e+40  6.10342e+40  -5.05174e+40  4.12669e+40  -3.4874e+40  3.25713e+40  -3.483e+40  4.11803e+40  -5.0391e+40  6.08723e+40  -7.10465e+40  7.9542e+40  -8.52402e+40  8.72568e+40  -8.49172e+40  7.77586e+40  -6.55969e+40  4.86915e+40  -2.79868e+40  5.33532e+39  1.64427e+40  
-1.44019e+40  -4.62037e+39  2.47241e+40  -4.34022e+40  5.89223e+40  -7.03093e+40  7.71972e+40  -7.96523e+40  7.80397e+40  -7.29544e+40  6.52017e+40  -5.58091e+40  4.60474e+40  -3.7402e+40  3.13962e+40  -2.92271e+40  3.13555e+40  -3.7322e+40  4.59308e+40  -5.56601e+40  6.50259e+40  -7.27592e+40  7.78338e+40  -7.94459e+40  7.7001e+40  -7.01341e+40  5.87782e+40  -4.32978e+40  2.46653e+40  -4.60946e+39  -1.43677e+40  
1.23271e+40  3.91155e+39  -2.1335e+40  3.77763e+40  -5.16684e+40  6.20571e+40  -6.85131e+40  7.10096e+40  -6.98179e+40  6.54411e+40  -5.8584e+40  5.01591e+40  -4.1313e+40  3.34137e+40  -2.78933e+40  2.58933e+40  -2.78564e+40  3.33412e+40  -4.12073e+40  5.00243e+40  -5.84253e+40  6.52652e+40  -6.96329e+40  7.08245e+40  -6.83376e+40  6.19009e+40  -5.15405e+40  3.76841e+40  -2.12835e+40  3.90215e+39  1.22973e+40  
-1.02976e+40  -3.23357e+39  1.79586e+40  -3.20607e+40  4.41719e+40  -5.34037e+40  5.93034e+40  -6.17751e+40  6.10018e+40  -5.73856e+40  5.15161e+40  -4.41749e+40  3.63685e+40  -2.93298e+40  2.43771e+40  -2.25764e+40  2.43442e+40  -2.92652e+40  3.62747e+40  -4.40555e+40  5.1376e+40  -5.72308e+40  6.08394e+40  -6.16131e+40  5.91503e+40  -5.3268e+40  4.40613e+40  -3.19813e+40  1.79145e+40  -3.22567e+39  -1.02724e+40  
8.35535e+39  2.59815e+39  -1.46735e+40  2.64027e+40  -3.66395e+40  4.45976e+40  -4.98358e+40  5.22124e+40  -5.18296e+40  4.89855e+40  -4.41466e+40  3.79564e+40  -3.12727e+40  2.51787e+40  -2.08583e+40  1.92816e+40  -2.08297e+40  2.51227e+40  -3.11915e+40  3.78533e+40  -4.40261e+40  4.88527e+40  -5.16909e+40  5.20746e+40  -4.97061e+40  4.44831e+40  -3.65466e+40  2.63364e+40  -1.46369e+40  2.5917e+39  8.33456e+39  
-6.54135e+39  -2.01596e+39  1.15602e+40  -2.09575e+40  2.9293e+40  -3.59075e+40  4.03997e+40  -4.26035e+40  4.25522e+40  -4.04442e+40  3.66258e+40  -3.16032e+40  2.60831e+40  -2.09876e+40  1.73462e+40  -1.6012e+40  1.73221e+40  -2.09405e+40  2.60149e+40  -3.1517e+40  3.65254e+40  -4.03341e+40  4.24377e+40  -4.24904e+40  4.02937e+40  -3.58144e+40  2.92178e+40  -2.09042e+40  1.1531e+40  -2.01088e+39  -6.52483e+39  
4.89163e+39  1.4956e+39  -8.69248e+39  1.58712e+40  -2.23435e+40  2.75898e+40  -3.12696e+40  3.32127e+40  -3.34004e+40  3.19463e+40  -2.90878e+40  2.52031e+40  -2.08496e+40  1.67794e+40  -1.38473e+40  1.27689e+40  -1.38279e+40  1.67414e+40  -2.07949e+40  2.51341e+40  -2.90077e+40  3.1859e+40  -3.331e+40  3.31238e+40  -3.11869e+40  2.75176e+40  -2.22855e+40  1.58303e+40  -8.67017e+39  1.49178e+39  4.87909e+39  
-3.42934e+39  -1.04146e+39  6.12219e+39  -1.12519e+40  1.59507e+40  -1.98401e+40  2.2654e+40  -2.42388e+40  2.45468e+40  -2.36284e+40  2.16321e+40  -1.88219e+40  1.56102e+40  -1.25707e+40  1.03649e+40  -9.55087e+39  1.03503e+40  -1.2542e+40  1.55691e+40  -1.87702e+40  2.15723e+40  -2.35636e+40  2.44801e+40  -2.41735e+40  2.25935e+40  -1.97876e+40  1.59088e+40  -1.12225e+40  6.10627e+39  -1.03876e+39  -3.42043e+39  
2.15415e+39  6.50759e+38  -3.85941e+39  7.13275e+39  -1.01733e+40  1.2737e+40  -1.46413e+40  1.57694e+40  -1.60697e+40  1.55556e+40  -1.43092e+40  1.24956e+40  -1.0387e+40  8.3708e+39  -6.8989e+39  6.35416e+39  -6.88908e+39  8.35168e+39  -1.03596e+40  1.24612e+40  -1.42695e+40  1.55128e+40  -1.60258e+40  1.57267e+40  -1.4602e+40  1.2703e+40  -1.01464e+40  7.11394e+39  -3.84926e+39  6.49051e+38  2.14849e+39  
-1.03314e+39  -3.11046e+38  1.85523e+39  -3.44197e+39  4.93052e+39  -6.20188e+39  7.16335e+39  -7.75151e+39  7.93384e+39  -7.71005e+39  7.11543e+39  -6.22907e+39  5.18608e+39  -4.18185e+39  3.44586e+39  -3.17299e+39  3.44094e+39  -4.17228e+39  5.17234e+39  -6.21189e+39  7.09569e+39  -7.68876e+39  7.91211e+39  -7.73044e+39  7.14402e+39  -6.18525e+39  4.91737e+39  -3.43283e+39  1.85032e+39  -3.10223e+38  -1.0304e+39  
0  0  0  0  0  0  0  0  0  0  0  0  0  0  0  0  0  0  0  0  0  0  0  0  0  0  0  0  0  0  0  
