1  1  1  1  1  1  1  1  1  1  1  1  1  1  1  1  1  1  1  1  1  1  1  1  1  1  1  1  1  1  1  
-5.89406e+50  -2.16039e+50  9.04061e+50  -1.49372e+51  2.0052e+51  -2.45214e+51  2.84109e+51  -3.17478e+51  3.45523e+51  -3.68523e+51  3.8686e+51  -4.00983e+51  4.11356e+51  -4.18408e+51  4.22485e+51  -4.23811e+51  4.22463e+51  -4.18365e+51  4.11293e+51  -4.00904e+51  3.86768e+51  -3.68422e+51  3.45416e+51  -3.17371e+51  2.84007e+51  -2.45121e+51  2.00441e+51  -1.49311e+51  9.03685e+50  -2.15948e+50  -5.89159e+50  
1.1546e+51  4.23138e+50  -1.77125e+51  2.918e+51  -3.89688e+51  4.73101e+51  -5.4321e+51  6.00687e+51  -6.46304e+51  6.81179e+51  -7.06751e+51  7.24643e+51  -7.36483e+51  7.4374e+51  -7.47584e+51  7.48764e+51  -7.4754e+51  7.43655e+51  -7.36359e+51  7.24487e+51  -7.06569e+51  6.80977e+51  -6.46093e+51  6.00475e+51  -5.43007e+51  4.72916e+51  -3.8953e+51  2.91679e+51  -1.7705e+51  4.22959e+50  1.15411e+51  
-1.67438e+51  -6.13395e+50  2.56957e+51  -4.2148e+51  5.58479e+51  -6.70669e+51  7.5971e+51  -8.27103e+51  8.74935e+51  -9.0607e+51  9.23941e+51  -9.32188e+51  9.34318e+51  -9.33398e+51  9.31819e+51  -9.31097e+51  9.31754e+51  -9.33272e+51  9.34135e+51  -9.31957e+51  9.2367e+51  -9.05772e+51  8.74622e+51  -8.26789e+51  7.59409e+51  -6.70394e+51  5.58245e+51  -4.21301e+51  2.56846e+51  -6.13129e+50  -1.67366e+51  
2.13276e+51  7.80723e+50  -3.27538e+51  5.34506e+51  -7.01617e+51  8.31643e+51  -9.27075e+51  9.91026e+51  -1.02784e+52  1.043e+52  -1.0425e+52  1.03234e+52  -1.018e+52  1.00414e+52  -9.9431e+51  9.90749e+51  -9.94225e+51  1.00397e+52  -1.01776e+52  1.03204e+52  -1.04214e+52  1.0426e+52  -1.02743e+52  9.90613e+51  -9.2668e+51  8.31282e+51  -7.0131e+51  5.3427e+51  -3.27393e+51  7.80376e+50  2.13181e+51  
-2.51989e+51  -9.21224e+50  3.87478e+51  -6.29058e+51  8.17696e+51  -9.56225e+51  1.04863e+52  -1.10055e+52  1.11935e+52  -1.11344e+52  1.09134e+52  -1.06099e+52  1.02937e+52  -1.00229e+52  9.84147e+51  -9.77747e+51  9.84044e+51  -1.00208e+52  1.02908e+52  -1.06062e+52  1.09091e+52  -1.11296e+52  1.11885e+52  -1.10005e+52  1.04815e+52  -9.55782e+51  8.17318e+51  -6.28769e+51  3.87301e+51  -9.20803e+50  -2.51874e+51  
2.83183e+51  1.03315e+51  -4.3629e+51  7.05104e+51  -9.08277e+51  1.04898e+52  -1.13339e+52  1.1703e+52  -1.17027e+52  1.14434e+52  -1.10284e+52  1.0549e+52  -1.00839e+52  9.69912e+51  -9.44582e+51  9.35715e+51  -9.44462e+51  9.69676e+51  -1.00805e+52  1.05447e+52  -1.10233e+52  1.14378e+52  -1.16968e+52  1.1697e+52  -1.13282e+52  1.04846e+52  -9.07835e+51  7.04765e+51  -4.36082e+51  1.03266e+51  2.83049e+51  
-3.06938e+51  -1.11656e+51  4.74188e+51  -7.63814e+51  9.76571e+51  -1.11625e+52  1.19164e+52  -1.21473e+52  1.19888e+52  -1.15687e+52  1.09999e+52  -1.0379e+52  9.79047e+51  -9.30793e+51  8.99133e+51  -8.88063e+51  8.98997e+51  -9.30527e+51  9.7866e+51  -1.03741e+52  1.09942e+52  -1.15624e+52  1.19821e+52  -1.21406e+52  1.19099e+52  -1.11567e+52  9.76069e+51  -7.63431e+51  4.73954e+51  -1.11601e+51  -3.06787e+51  
3.23659e+51  1.17284e+51  -5.01841e+51  8.06964e+51  -1.02623e+52  1.16417e+52  -1.23207e+52  1.24467e+52  -1.21721e+52  1.16334e+52  -1.09455e+52  1.02073e+52  -9.50949e+51  8.93598e+51  -8.55849e+51  8.42627e+51  -8.55699e+51  8.93304e+51  -9.50522e+51  1.02019e+52  -1.09391e+52  1.16264e+52  -1.21647e+52  1.24392e+52  -1.23135e+52  1.16351e+52  -1.02567e+52  8.06541e+51  -5.01583e+51  1.17224e+51  3.23493e+51  
-3.3394e+51  -1.20419e+51  5.20145e+51  -8.36449e+51  1.06055e+52  -1.19753e+52  1.26067e+52  -1.26658e+52  1.23143e+52  -1.16897e+52  1.09054e+52  -1.00626e+52  9.26051e+51  -8.5966e+51  8.15722e+51  -8.00293e+51  8.1556e+51  -8.59341e+51  9.25588e+51  -1.00567e+52  1.08984e+52  -1.1682e+52  1.23063e+52  -1.26577e+52  1.25989e+52  -1.19682e+52  1.05994e+52  -8.3599e+51  5.19867e+51  -1.20356e+51  -3.33763e+51  
3.3845e+51  1.21325e+51  -5.30052e+51  8.53985e+51  -1.08208e+52  1.21955e+52  -1.28084e+52  1.28344e+52  -1.24364e+52  1.17482e+52  -1.0881e+52  9.94015e+51  -9.03566e+51  8.28085e+51  -7.77852e+51  7.60167e+51  -7.7768e+51  8.27746e+51  -9.03074e+51  9.93387e+51  -1.08736e+52  1.174e+52  -1.24278e+52  1.28257e+52  -1.28e+52  1.21879e+52  -1.08143e+52  8.53497e+51  -5.29757e+51  1.21259e+51  3.38264e+51  
-3.37858e+51  -1.20277e+51  5.32466e+51  -8.6097e+51  1.09256e+52  -1.232e+52  1.29395e+52  -1.2959e+52  1.25363e+52  -1.17995e+52  1.08589e+52  -9.82529e+51  8.82139e+51  -7.97722e+51  7.41264e+51  -7.21341e+51  7.41083e+51  -7.97367e+51  8.81623e+51  -9.81871e+51  1.08511e+52  -1.17909e+52  1.25272e+52  -1.29499e+52  1.29308e+52  -1.2312e+52  1.09188e+52  -8.60459e+51  5.32159e+51  -1.20208e+51  -3.37664e+51  
3.32789e+51  1.17543e+51  -5.28195e+51  8.58462e+51  -1.09302e+52  1.23556e+52  -1.30006e+52  1.30325e+52  -1.26003e+52  1.18265e+52  -1.0821e+52  9.70195e+51  -8.60481e+51  7.67613e+51  -7.05239e+51  6.83187e+51  -7.05053e+51  7.67247e+51  -8.59947e+51  9.69513e+51  -1.0813e+52  1.18176e+52  -1.25909e+52  1.3023e+52  -1.29916e+52  1.23473e+52  -1.09232e+52  8.57935e+51  -5.2788e+51  1.17474e+51  3.32592e+51  
-3.23816e+51  -1.13378e+51  5.17936e+51  -8.47226e+51  1.08395e+52  -1.23016e+52  1.29842e+52  -1.3041e+52  1.26106e+52  -1.18096e+52  1.07493e+52  -9.55514e+51  8.37484e+51  -7.37014e+51  6.69286e+51  -6.453e+51  6.69096e+51  -7.3664e+51  8.36939e+51  -9.54817e+51  1.07411e+52  -1.18004e+52  1.26009e+52  -1.30313e+52  1.29749e+52  -1.22932e+52  1.08324e+52  -8.4669e+51  5.17617e+51  -1.13309e+51  -3.23618e+51  
3.11451e+51  1.08016e+51  -5.0229e+51  8.27811e+51  -1.06549e+52  1.21533e+52  -1.28788e+52  1.29681e+52  -1.25479e+52  1.17298e+52  -1.0627e+52  9.37167e+51  -8.12223e+51  7.0535e+51  -6.33069e+51  6.07431e+51  -6.32877e+51  7.04972e+51  -8.11672e+51  9.36462e+51  -1.06187e+52  1.17206e+52  -1.25381e+52  1.29583e+52  -1.28694e+52  1.21447e+52  -1.06477e+52  8.27272e+51  -5.01972e+51  1.07948e+51  3.11255e+51  
-2.96161e+51  -1.01672e+51  4.81794e+51  -8.00639e+51  1.0376e+52  -1.19039e+52  1.26721e+52  -1.27974e+52  1.23944e+52  -1.15702e+52  1.04396e+52  -9.14039e+51  7.83948e+51  -6.72186e+51  5.9637e+51  -5.69437e+51  5.96179e+51  -6.7181e+51  7.83398e+51  -9.13335e+51  1.04312e+52  -1.1561e+52  1.23846e+52  -1.27876e+52  1.26626e+52  -1.18954e+52  1.03688e+52  -8.00105e+51  4.81481e+51  -1.01607e+51  -2.95969e+51  
2.78377e+51  9.45469e+50  -4.56945e+51  7.66093e+51  -1.00022e+52  1.15473e+52  -1.23526e+52  1.25145e+52  -1.21348e+52  1.13165e+52  -1.01751e+52  8.85251e+51  -7.52087e+51  6.37216e+51  -5.59058e+51  5.31251e+51  -5.58869e+51  6.36845e+51  -7.51545e+51  8.84556e+51  -1.01669e+52  1.13074e+52  -1.21252e+52  1.25048e+52  -1.23433e+52  1.15389e+52  -9.99515e+51  7.6557e+51  -4.5664e+51  9.44846e+50  2.78193e+51  
-2.58515e+51  -8.68275e+50  4.28234e+51  -7.24587e+51  9.53395e+51  -1.10789e+52  1.19118e+52  -1.21082e+52  1.17577e+52  -1.09582e+52  9.82514e+51  -8.50185e+51  7.16256e+51  -6.0025e+51  5.21075e+51  -4.9286e+51  5.20892e+51  -5.99889e+51  7.15728e+51  -8.49509e+51  9.81714e+51  -1.09492e+52  1.17482e+52  -1.20987e+52  1.19028e+52  -1.10707e+52  9.52713e+51  -7.24083e+51  4.27942e+51  -8.6769e+50  -2.58339e+51  
2.3698e+51  7.86902e+50  -3.96178e+51  6.76639e+51  -8.97373e+51  1.04975e+52  -1.13451e+52  1.15722e+52  -1.1256e+52  1.04891e+52  -9.38486e+51  8.08513e+51  -6.76264e+51  5.61213e+51  -4.82422e+51  4.54292e+51  -4.82246e+51  5.60865e+51  -6.75756e+51  8.07862e+51  -9.37715e+51  1.04805e+52  -1.12469e+52  1.15631e+52  -1.13364e+52  1.04897e+52  -8.96721e+51  6.76159e+51  -3.95902e+51  7.8636e+50  2.36815e+51  
-2.14182e+51  -7.03032e+50  3.61334e+51  -6.22915e+51  8.32684e+51  -9.80592e+51  1.0653e+52  -1.09054e+52  1.06285e+52  -9.90816e+51  8.8536e+51  -7.60209e+51  6.32118e+51  -5.20134e+51  4.43148e+51  -4.15605e+51  4.42981e+51  -5.19803e+51  6.31636e+51  -7.59591e+51  8.84629e+51  -9.90003e+51  1.06199e+52  -1.08968e+52  1.06447e+52  -9.79851e+51  8.32071e+51  -6.22466e+51  3.61077e+51  -7.02537e+50  -2.14031e+51  
1.90544e+51  6.18273e+50  -3.24324e+51  5.64271e+51  -7.60205e+51  9.01178e+51  -9.8418e+51  1.01133e+52  -9.8799e+51  9.21968e+51  -8.23506e+51  7.05562e+51  -5.84017e+51  4.77141e+51  -4.03341e+51  3.76873e+51  -4.03183e+51  4.76832e+51  -5.83565e+51  7.04983e+51  -8.22823e+51  9.21208e+51  -9.87187e+51  1.01052e+52  -9.83412e+51  9.00491e+51  -7.59637e+51  5.63857e+51  -3.24089e+51  6.1783e+50  1.90407e+51  
-1.66503e+51  -5.34174e+50  2.8584e+51  -5.01777e+51  6.81197e+51  -8.12828e+51  8.92442e+51  -9.20808e+51  9.02152e+51  -8.43354e+51  7.53727e+51  -6.45155e+51  5.32335e+51  -4.32448e+51  3.63114e+51  -3.38178e+51  3.62968e+51  -4.32162e+51  5.31919e+51  -6.44622e+51  7.53099e+51  -8.42656e+51  9.01416e+51  -9.20071e+51  8.91741e+51  -8.12202e+51  6.80682e+51  -5.01404e+51  2.8563e+51  -5.33783e+50  -1.66381e+51  
1.42514e+51  4.52218e+50  -2.46655e+51  4.3673e+51  -5.97328e+51  7.1742e+51  -7.92043e+51  8.20891e+51  -8.07103e+51  7.56496e+51  -6.77224e+51  5.79838e+51  -4.77598e+51  3.86331e+51  -3.22598e+51  2.99604e+51  -3.22466e+51  3.86071e+51  -4.77221e+51  5.79356e+51  -6.76657e+51  7.55868e+51  -8.06442e+51  8.2023e+51  -7.91416e+51  7.16862e+51  -5.96871e+51  4.364e+51  -2.46471e+51  4.51882e+50  1.42408e+51  
-1.1905e+51  -3.73831e+50  2.07617e+51  -3.70647e+51  5.10658e+51  -6.17377e+51  6.8557e+51  -7.14134e+51  7.05185e+51  -6.63374e+51  5.95518e+51  -5.10657e+51  4.20434e+51  -3.39108e+51  2.81928e+51  -2.61225e+51  2.81811e+51  -3.38878e+51  4.20099e+51  -5.10231e+51  5.95017e+51  -6.6282e+51  7.04605e+51  -7.13555e+51  6.85023e+51  -6.16892e+51  5.10263e+51  -3.70364e+51  2.07459e+51  -3.73549e+50  -1.1896e+51  
9.65942e+50  3.00366e+50  -1.69636e+51  3.05233e+51  -4.23574e+51  5.15568e+51  -5.76117e+51  6.03583e+51  -5.99151e+51  5.66266e+51  -5.10326e+51  4.3877e+51  -3.61523e+51  2.91112e+51  -2.41231e+51  2.23101e+51  -2.41129e+51  2.90912e+51  -3.61233e+51  4.38402e+51  -5.09895e+51  5.65791e+51  -5.98655e+51  6.03091e+51  -5.75653e+51  5.15159e+51  -4.23242e+51  3.04996e+51  -1.69506e+51  3.00136e+50  9.65199e+50  
-7.5622e+50  -2.33058e+50  1.33643e+51  -2.4228e+51  3.3864e+51  -4.15103e+51  4.6703e+51  -4.92501e+51  4.91901e+51  -4.67528e+51  4.23385e+51  -3.65327e+51  3.01527e+51  -2.42653e+51  2.00611e+51  -1.85271e+51  2.00525e+51  -2.42485e+51  3.01283e+51  -3.65019e+51  4.23026e+51  -4.67135e+51  4.91492e+51  -4.92096e+51  4.66651e+51  -4.1477e+51  3.38372e+51  -2.42089e+51  1.33538e+51  -2.32876e+50  -7.55629e+50  
5.65495e+50  1.72899e+50  -1.00489e+51  1.83478e+51  -2.58298e+51  3.18945e+51  -3.61481e+51  3.83939e+51  -3.86105e+51  3.69292e+51  -3.36246e+51  2.91342e+51  -2.41026e+51  1.93997e+51  -1.60145e+51  1.47745e+51  -1.60076e+51  1.93862e+51  -2.4083e+51  2.91095e+51  -3.3596e+51  3.6898e+51  -3.85782e+51  3.83621e+51  -3.61185e+51  3.18687e+51  -2.58091e+51  1.83331e+51  -1.00409e+51  1.72762e+50  5.65047e+50  
-3.96443e+50  -1.20396e+50  7.07744e+50  -1.30075e+51  1.84393e+51  -2.29354e+51  2.61881e+51  -2.80199e+51  2.83757e+51  -2.73138e+51  2.50059e+51  -2.17575e+51  1.80457e+51  -1.45337e+51  1.19871e+51  -1.1051e+51  1.19819e+51  -1.45235e+51  1.8031e+51  -2.17391e+51  2.49846e+51  -2.72907e+51  2.83519e+51  -2.79966e+51  2.61665e+51  -2.29166e+51  1.84243e+51  -1.2997e+51  7.07175e+50  -1.20299e+50  -3.96124e+50  
2.49024e+50  7.52291e+49  -4.46155e+50  8.24558e+50  -1.17605e+51  1.4724e+51  -1.69253e+51  1.82292e+51  -1.85762e+51  1.79818e+51  -1.65409e+51  1.44446e+51  -1.20076e+51  9.67796e+50  -7.97859e+50  7.35221e+50  -7.97508e+50  9.67113e+50  -1.19978e+51  1.44323e+51  -1.65267e+51  1.79665e+51  -1.85605e+51  1.82139e+51  -1.69112e+51  1.47119e+51  -1.17509e+51  8.23886e+50  -4.45793e+50  7.51681e+49  2.48822e+50  
-1.19432e+50  -3.59574e+49  2.14467e+50  -3.97895e+50  5.6997e+50  -7.16937e+50  8.28078e+50  -8.96062e+50  9.17133e+50  -8.91256e+50  8.22516e+50  -7.20061e+50  5.99517e+50  -4.83487e+50  3.98514e+50  -3.67137e+50  3.98338e+50  -4.83145e+50  5.99026e+50  -7.19447e+50  8.21811e+50  -8.90496e+50  9.16356e+50  -8.9531e+50  8.27387e+50  -7.16343e+50  5.695e+50  -3.97568e+50  2.14291e+50  -3.5928e+49  -1.19334e+50  
0  0  0  0  0  0  0  0  0  0  0  0  0  0  0  0  0  0  0  0  0  0  0  0  0  0  0  0  0  0  0  
