1  1  1  1  1  1  1  1  1  1  1  1  1  1  1  1  1  1  1  1  1  1  1  1  1  1  1  1  1  1  1  
-1.14576e+64  -4.19964e+63  1.75743e+64  -2.90368e+64  3.89799e+64  -4.76685e+64  5.52299e+64  -6.17173e+64  6.71699e+64  -7.16421e+64  7.52079e+64  -7.79546e+64  7.99726e+64  -8.13451e+64  8.21394e+64  -8.23987e+64  8.21383e+64  -8.13431e+64  7.99696e+64  -7.79509e+64  7.52035e+64  -7.16373e+64  6.71648e+64  -6.17122e+64  5.5225e+64  -4.76641e+64  3.89762e+64  -2.9034e+64  1.75725e+64  -4.19921e+63  -1.14564e+64  
2.24446e+64  8.22548e+63  -3.44317e+64  5.67238e+64  -7.57528e+64  9.19683e+64  -1.05598e+65  1.16772e+65  -1.25641e+65  1.32422e+65  -1.37396e+65  1.40876e+65  -1.4318e+65  1.44594e+65  -1.45345e+65  1.45577e+65  -1.45343e+65  1.4459e+65  -1.43175e+65  1.40869e+65  -1.37387e+65  1.32413e+65  -1.25631e+65  1.16762e+65  -1.05588e+65  9.19596e+64  -7.57453e+64  5.67181e+64  -3.44282e+64  8.22463e+63  2.24422e+64  
-3.25486e+64  -1.19239e+64  4.99503e+64  -8.19324e+64  1.08564e+65  -1.30373e+65  1.47683e+65  -1.60785e+65  1.70085e+65  -1.76139e+65  1.79616e+65  -1.81222e+65  1.8164e+65  -1.81465e+65  1.81163e+65  -1.81027e+65  1.8116e+65  -1.81459e+65  1.81631e+65  -1.81211e+65  1.79603e+65  -1.76125e+65  1.7007e+65  -1.6077e+65  1.47669e+65  -1.3036e+65  1.08553e+65  -8.19239e+64  4.9945e+64  -1.19226e+64  -3.25452e+64  
4.14588e+64  1.51765e+64  -6.36704e+64  1.03903e+65  -1.36388e+65  1.61664e+65  -1.80216e+65  1.92648e+65  -1.99807e+65  2.02754e+65  -2.0266e+65  2.00689e+65  -1.97906e+65  1.95216e+65  -1.93311e+65  1.92625e+65  -1.93307e+65  1.95208e+65  -1.97894e+65  2.00674e+65  -2.02643e+65  2.02735e+65  -1.99787e+65  1.92629e+65  -1.80197e+65  1.61647e+65  -1.36374e+65  1.03892e+65  -6.36635e+64  1.51749e+64  4.14544e+64  
-4.89841e+64  -1.79077e+64  7.53218e+64  -1.22282e+65  1.58951e+65  -1.8588e+65  2.03843e+65  -2.13936e+65  2.17591e+65  -2.16444e+65  2.12151e+65  -2.06255e+65  2.00113e+65  -1.94853e+65  1.91334e+65  -1.90097e+65  1.91329e+65  -1.94843e+65  2.00099e+65  -2.06237e+65  2.1213e+65  -2.16421e+65  2.17568e+65  -2.13912e+65  2.0382e+65  -1.85859e+65  1.58934e+65  -1.22269e+65  7.53134e+64  -1.79057e+64  -4.89787e+64  
5.50476e+64  2.00833e+64  -8.48097e+64  1.37064e+65  -1.76558e+65  2.03908e+65  -2.20316e+65  2.27489e+65  -2.27485e+65  2.22446e+65  -2.1438e+65  2.05065e+65  -1.9603e+65  1.88556e+65  -1.8364e+65  1.81925e+65  -1.83634e+65  1.88545e+65  -1.96014e+65  2.05045e+65  -2.14356e+65  2.22419e+65  -2.27457e+65  2.27461e+65  -2.20289e+65  2.03883e+65  -1.76537e+65  1.37048e+65  -8.47999e+64  2.0081e+64  5.50412e+64  
-5.96647e+64  -2.17046e+64  9.2176e+64  -1.48475e+65  1.89831e+65  -2.16983e+65  2.31635e+65  -2.36123e+65  2.3304e+65  -2.24877e+65  2.13822e+65  -2.01756e+65  1.90321e+65  -1.80948e+65  1.74802e+65  -1.7266e+65  1.74796e+65  -1.80936e+65  1.90303e+65  -2.01733e+65  2.13794e+65  -2.24846e+65  2.33008e+65  -2.36091e+65  2.31604e+65  -2.16955e+65  1.89807e+65  -1.48457e+65  9.21649e+64  -2.1702e+64  -5.96576e+64  
6.29147e+64  2.27983e+64  -9.75507e+64  1.56862e+65  -1.99482e+65  2.26293e+65  -2.3949e+65  2.41938e+65  -2.366e+65  2.26129e+65  -2.12759e+65  1.98414e+65  -1.84855e+65  1.73715e+65  -1.66386e+65  1.63826e+65  -1.66379e+65  1.73701e+65  -1.84835e+65  1.98389e+65  -2.12729e+65  2.26095e+65  -2.36564e+65  2.41902e+65  -2.39456e+65  2.26262e+65  -1.99456e+65  1.56842e+65  -9.75385e+64  2.27955e+64  6.29068e+64  
-6.49128e+64  -2.34076e+64  1.01108e+65  -1.62592e+65  2.0615e+65  -2.32775e+65  2.45046e+65  -2.46193e+65  2.3936e+65  -2.27219e+65  2.11975e+65  -1.95597e+65  1.80012e+65  -1.67115e+65  1.58584e+65  -1.55596e+65  1.58576e+65  -1.67099e+65  1.7999e+65  -1.95569e+65  2.11942e+65  -2.27182e+65  2.39322e+65  -2.46155e+65  2.45009e+65  -2.32742e+65  2.06122e+65  -1.6257e+65  1.01095e+65  -2.34046e+64  -6.49044e+64  
6.5789e+64  2.35835e+64  -1.03033e+65  1.65999e+65  -2.10334e+65  2.37053e+65  -2.48963e+65  2.49467e+65  -2.4173e+65  2.28352e+65  -2.11498e+65  1.93214e+65  -1.75638e+65  1.60974e+65  -1.5122e+65  1.47794e+65  -1.51212e+65  1.60958e+65  -1.75615e+65  1.93184e+65  -2.11463e+65  2.28313e+65  -2.41689e+65  2.49426e+65  -2.48924e+65  2.37017e+65  -2.10303e+65  1.65976e+65  -1.03019e+65  2.35804e+64  6.57801e+64  
-6.56732e+64  -2.33796e+64  1.03501e+65  -1.67355e+65  2.12369e+65  -2.39471e+65  2.5151e+65  -2.51886e+65  2.43668e+65  -2.29347e+65  2.11065e+65  -1.90978e+65  1.7147e+65  -1.5507e+65  1.44106e+65  -1.40246e+65  1.44097e+65  -1.55053e+65  1.71446e+65  -1.90947e+65  2.11028e+65  -2.29307e+65  2.43625e+65  -2.51843e+65  2.51469e+65  -2.39433e+65  2.12337e+65  -1.67331e+65  1.03487e+65  -2.33763e+64  -6.56641e+64  
6.46875e+64  2.28481e+64  -1.0267e+65  1.66866e+65  -2.12458e+65  2.40161e+65  -2.52696e+65  2.53312e+65  -2.44911e+65  2.29869e+65  -2.10327e+65  1.88579e+65  -1.67258e+65  1.49215e+65  -1.37101e+65  1.32828e+65  -1.37092e+65  1.49198e+65  -1.67233e+65  1.88546e+65  -2.10289e+65  2.29827e+65  -2.44866e+65  2.53267e+65  -2.52653e+65  2.40122e+65  -2.12425e+65  1.66841e+65  -1.02655e+65  2.28448e+64  6.46782e+64  
-6.29428e+64  -2.20383e+64  1.00675e+65  -1.64681e+65  2.10693e+65  -2.3911e+65  2.52375e+65  -2.53476e+65  2.45108e+65  -2.29539e+65  2.08931e+65  -1.85723e+65  1.62786e+65  -1.43265e+65  1.30111e+65  -1.25461e+65  1.30102e+65  -1.43248e+65  1.62761e+65  -1.8569e+65  2.08892e+65  -2.29495e+65  2.45062e+65  -2.5343e+65  2.52331e+65  -2.3907e+65  2.10659e+65  -1.64656e+65  1.0066e+65  -2.2035e+64  -6.29335e+64  
6.05389e+64  2.09958e+64  -9.76336e+64  1.60906e+65  -2.07103e+65  2.36225e+65  -2.50325e+65  2.52058e+65  -2.43888e+65  2.27988e+65  -2.06553e+65  1.82155e+65  -1.57875e+65  1.37109e+65  -1.23069e+65  1.18099e+65  -1.2306e+65  1.37091e+65  -1.57849e+65  1.82122e+65  -2.06514e+65  2.27944e+65  -2.43842e+65  2.52012e+65  -2.5028e+65  2.36184e+65  -2.07069e+65  1.60881e+65  -9.76185e+64  2.09926e+64  6.05297e+64  
-5.75665e+64  -1.97626e+64  9.3649e+64  -1.55624e+65  2.01681e+65  -2.31377e+65  2.46305e+65  -2.4874e+65  2.40904e+65  -2.24884e+65  2.02908e+65  -1.77659e+65  1.52377e+65  -1.30661e+65  1.15934e+65  -1.10712e+65  1.15925e+65  -1.30643e+65  1.52351e+65  -1.77625e+65  2.02869e+65  -2.2484e+65  2.40858e+65  -2.48693e+65  2.4626e+65  -2.31336e+65  2.01647e+65  -1.55598e+65  9.36341e+64  -1.97595e+64  -5.75574e+64  
5.41095e+64  1.83776e+64  -8.88183e+64  1.48908e+65  -1.94414e+65  2.24444e+65  -2.40095e+65  2.43239e+65  -2.35858e+65  2.19952e+65  -1.97768e+65  1.72062e+65  -1.46183e+65  1.23862e+65  -1.0868e+65  1.03288e+65  -1.08671e+65  1.23845e+65  -1.46158e+65  1.72029e+65  -1.97729e+65  2.19909e+65  -2.35813e+65  2.43193e+65  -2.40051e+65  2.24404e+65  -1.94381e+65  1.48883e+65  -8.88039e+64  1.83746e+64  5.41008e+64  
-5.02484e+64  -1.6877e+64  8.32373e+64  -1.4084e+65  1.85312e+65  -2.1534e+65  2.31527e+65  -2.35343e+65  2.28527e+65  -2.12987e+65  1.90965e+65  -1.65246e+65  1.39218e+65  -1.16676e+65  1.01296e+65  -9.58234e+64  1.01287e+65  -1.16659e+65  1.39193e+65  -1.65214e+65  1.90927e+65  -2.12944e+65  2.28482e+65  -2.35298e+65  2.31484e+65  -2.15301e+65  1.8528e+65  -1.40816e+65  8.32235e+64  -1.68742e+64  -5.02401e+64  
4.60623e+64  1.52952e+64  -7.70059e+64  1.31519e+65  -1.74422e+65  2.04039e+65  -2.20512e+65  2.24923e+65  -2.18776e+65  2.03869e+65  -1.82407e+65  1.57146e+65  -1.31444e+65  1.09087e+65  -9.37812e+64  8.8325e+64  -9.37728e+64  1.09071e+65  -1.3142e+65  1.57115e+65  -1.8237e+65  2.03829e+65  -2.18733e+65  2.2488e+65  -2.20471e+65  2.04002e+65  -1.74392e+65  1.31496e+65  -7.69929e+64  1.52927e+64  4.60545e+64  
-4.16309e+64  -1.36649e+64  7.02329e+64  -1.21076e+65  1.61848e+65  -1.90595e+65  2.07058e+65  -2.11963e+65  2.06579e+65  -1.92578e+65  1.72081e+65  -1.47757e+65  1.22863e+65  -1.01102e+65  8.61461e+64  -8.08034e+64  8.61381e+64  -1.01086e+65  1.2284e+65  -1.47728e+65  1.72046e+65  -1.92539e+65  2.06539e+65  -2.11922e+65  2.07019e+65  -1.9056e+65  1.61819e+65  -1.21055e+65  7.02208e+64  -1.36626e+64  -4.16237e+64  
3.70362e+64  1.20174e+64  -6.30389e+64  1.09677e+65  -1.4776e+65  1.7516e+65  -1.91291e+65  1.96567e+65  -1.92029e+65  1.79196e+65  -1.60059e+65  1.37135e+65  -1.13513e+65  9.27447e+64  -7.84073e+64  7.32729e+64  -7.83998e+64  9.273e+64  -1.13492e+65  1.37108e+65  -1.60026e+65  1.7916e+65  -1.91991e+65  1.96529e+65  -1.91255e+65  1.75127e+65  -1.47733e+65  1.09657e+65  -6.30277e+64  1.20153e+64  3.70297e+64  
-3.23631e+64  -1.03827e+64  5.55586e+64  -9.75297e+64  1.32403e+65  -1.57987e+65  1.7346e+65  -1.78972e+65  1.75345e+65  -1.63916e+65  1.46496e+65  -1.25394e+65  1.03468e+65  -8.4057e+64  7.05871e+64  -6.57497e+64  7.05802e+64  -8.40434e+64  1.03448e+65  -1.25369e+65  1.46466e+65  -1.63883e+65  1.7531e+65  -1.78937e+65  1.73427e+65  -1.57957e+65  1.32378e+65  -9.75121e+64  5.55486e+64  -1.03809e+64  -3.23574e+64  
2.77003e+64  8.7897e+63  -4.7942e+64  8.48863e+64  -1.16101e+65  1.39442e+65  -1.53946e+65  1.59552e+65  -1.56871e+65  1.47034e+65  -1.31626e+65  1.12699e+65  -9.28285e+64  7.50927e+64  -6.27109e+64  5.825e+64  -6.27046e+64  7.50804e+64  -9.28106e+64  1.12676e+65  -1.316e+65  1.47005e+65  -1.5684e+65  1.5952e+65  -1.53916e+65  1.39416e+65  -1.16079e+65  8.48707e+64  -4.79333e+64  8.78811e+63  2.76952e+64  
-2.31394e+64  -7.26608e+63  4.0354e+64  -7.20417e+64  9.92548e+64  -1.19997e+65  1.33251e+65  -1.38802e+65  1.37062e+65  -1.28935e+65  1.15746e+65  -9.92524e+64  8.17176e+64  -6.59136e+64  5.48048e+64  -5.07883e+64  5.47993e+64  -6.59027e+64  8.17017e+64  -9.92322e+64  1.15722e+65  -1.28908e+65  1.37034e+65  -1.38774e+65  1.33225e+65  -1.19974e+65  9.9236e+64  -7.20282e+64  4.03466e+64  -7.26474e+63  -2.31352e+64  
1.87747e+64  5.83812e+63  -3.29717e+64  5.93269e+64  -8.23283e+64  1.00208e+65  -1.11977e+65  1.17315e+65  -1.16453e+65  1.1006e+65  -9.91876e+64  8.52802e+64  -7.02672e+64  5.65842e+64  -4.68934e+64  4.33761e+64  -4.68886e+64  5.65747e+64  -7.02534e+64  8.52627e+64  -9.91671e+64  1.10038e+65  -1.16429e+65  1.17291e+65  -1.11955e+65  1.00189e+65  -8.23126e+64  5.93157e+64  -3.29655e+64  5.83703e+63  1.87712e+64  
-1.46983e+64  -4.52985e+63  2.59756e+64  -4.70909e+64  6.58199e+64  -8.06812e+64  9.07737e+64  -9.57239e+64  9.5607e+64  -9.08695e+64  8.22896e+64  -7.10054e+64  5.8606e+64  -4.71651e+64  3.89972e+64  -3.60209e+64  3.89932e+64  -4.71571e+64  5.85944e+64  -7.09908e+64  8.22726e+64  -9.08509e+64  9.55876e+64  -9.57047e+64  9.07557e+64  -8.06654e+64  6.58071e+64  -4.70818e+64  2.59707e+64  -4.52899e+63  -1.46955e+64  
1.09912e+64  3.36055e+63  -1.95315e+64  3.56616e+64  -5.02039e+64  6.19914e+64  -7.02586e+64  7.46233e+64  -7.50441e+64  7.17761e+64  -6.53531e+64  5.66255e+64  -4.68467e+64  3.77077e+64  -3.11309e+64  2.87252e+64  -3.11276e+64  3.77012e+64  -4.68374e+64  5.66139e+64  -6.53396e+64  7.17613e+64  -7.50288e+64  7.46083e+64  -7.02446e+64  6.19791e+64  -5.01941e+64  3.56547e+64  -1.95278e+64  3.3599e+63  1.09891e+64  
-7.70543e+63  -2.34007e+63  1.3756e+64  -2.52819e+64  3.58393e+64  -4.4578e+64  5.08999e+64  -5.44601e+64  5.51515e+64  -5.30874e+64  4.86017e+64  -4.22882e+64  3.50742e+64  -2.82494e+64  2.33019e+64  -2.14858e+64  2.32994e+64  -2.82446e+64  3.50673e+64  -4.22794e+64  4.85916e+64  -5.30765e+64  5.51402e+64  -5.4449e+64  5.08896e+64  -4.45691e+64  3.58322e+64  -2.52769e+64  1.37533e+64  -2.33961e+63  -7.70392e+63  
4.84012e+63  1.46218e+63  -8.67164e+63  1.60264e+64  -2.28581e+64  2.8618e+64  -3.28964e+64  3.54306e+64  -3.6105e+64  3.49496e+64  -3.21489e+64  2.80746e+64  -2.33383e+64  1.88112e+64  -1.55097e+64  1.42944e+64  -1.5508e+64  1.8808e+64  -2.33336e+64  2.80688e+64  -3.21422e+64  3.49424e+64  -3.60976e+64  3.54234e+64  -3.28897e+64  2.86123e+64  -2.28535e+64  1.60232e+64  -8.66992e+63  1.46189e+63  4.83916e+63  
-2.32132e+63  -6.98879e+62  4.16845e+63  -7.7336e+63  1.10781e+64  -1.39346e+64  1.60947e+64  -1.7416e+64  1.78255e+64  -1.73225e+64  1.59865e+64  -1.39952e+64  1.16524e+64  -9.39761e+63  7.74675e+63  -7.138e+63  7.74592e+63  -9.39599e+63  1.16501e+64  -1.39922e+64  1.59831e+64  -1.73189e+64  1.78218e+64  -1.74124e+64  1.60914e+64  -1.39317e+64  1.10759e+64  -7.73205e+63  4.16762e+63  -6.9874e+62  -2.32086e+63  
0  0  0  0  0  0  0  0  0  0  0  0  0  0  0  0  0  0  0  0  0  0  0  0  0  0  0  0  0  0  0  
