1  1  1  1  1  1  1  1  1  1  1  1  1  1  1  1  1  1  1  1  1  1  1  1  1  1  1  1  1  1  1  
-7.88955e+72  -2.89181e+72  1.21014e+73  -1.99944e+73  2.68411e+73  -3.28239e+73  3.80307e+73  -4.24979e+73  4.62526e+73  -4.93322e+73  5.17878e+73  -5.36793e+73  5.50691e+73  -5.60144e+73  5.65615e+73  -5.67404e+73  5.65613e+73  -5.60139e+73  5.50683e+73  -5.36783e+73  5.17866e+73  -4.93309e+73  4.62512e+73  -4.24965e+73  3.80294e+73  -3.28228e+73  2.684e+73  -1.99936e+73  1.21009e+73  -2.89169e+72  -7.88923e+72  
1.5455e+73  5.66394e+72  -2.37092e+73  3.90592e+73  -5.21623e+73  6.33282e+73  -7.27133e+73  8.04079e+73  -8.65152e+73  9.11849e+73  -9.46097e+73  9.70067e+73  -9.85938e+73  9.95678e+73  -1.00085e+74  1.00246e+74  -1.00084e+74  9.95667e+73  -9.85922e+73  9.70047e+73  -9.46074e+73  9.11823e+73  -8.65125e+73  8.04052e+73  -7.27107e+73  6.33259e+73  -5.21603e+73  3.90577e+73  -2.37083e+73  5.66371e+72  1.54544e+73  
-2.24125e+73  -8.21061e+72  3.4395e+73  -5.64175e+73  7.47558e+73  -8.97734e+73  1.01693e+74  -1.10715e+74  1.17118e+74  -1.21288e+74  1.23682e+74  -1.24789e+74  1.25077e+74  -1.24957e+74  1.24749e+74  -1.24657e+74  1.24748e+74  -1.24955e+74  1.25074e+74  -1.24786e+74  1.23679e+74  -1.21284e+74  1.17114e+74  -1.10711e+74  1.01689e+74  -8.97699e+73  7.47528e+73  -5.64152e+73  3.43936e+73  -8.21027e+72  -2.24116e+73  
2.85479e+73  1.04503e+73  -4.38425e+73  7.15461e+73  -9.39148e+73  1.1132e+74  -1.24094e+74  1.32655e+74  -1.37584e+74  1.39614e+74  -1.3955e+74  1.38193e+74  -1.36277e+74  1.34426e+74  -1.33114e+74  1.32643e+74  -1.33113e+74  1.34423e+74  -1.36274e+74  1.38189e+74  -1.39545e+74  1.39609e+74  -1.37579e+74  1.3265e+74  -1.24089e+74  1.11315e+74  -9.39109e+73  7.15431e+73  -4.38406e+73  1.04499e+73  2.85467e+73  
-3.37297e+73  -1.23309e+73  5.18653e+73  -8.42017e+73  1.09451e+74  -1.27994e+74  1.40363e+74  -1.47313e+74  1.4983e+74  -1.4904e+74  1.46084e+74  -1.42025e+74  1.37796e+74  -1.34175e+74  1.31753e+74  -1.30902e+74  1.31751e+74  -1.34173e+74  1.37792e+74  -1.4202e+74  1.46079e+74  -1.49034e+74  1.49824e+74  -1.47306e+74  1.40357e+74  -1.27988e+74  1.09447e+74  -8.4198e+73  5.18631e+73  -1.23304e+73  -3.37282e+73  
3.79048e+73  1.3829e+73  -5.83985e+73  9.43797e+73  -1.21575e+74  1.40407e+74  -1.51705e+74  1.56645e+74  -1.56642e+74  1.53172e+74  -1.47619e+74  1.41205e+74  -1.34984e+74  1.29839e+74  -1.26455e+74  1.25275e+74  -1.26453e+74  1.29836e+74  -1.3498e+74  1.412e+74  -1.47612e+74  1.53165e+74  -1.56634e+74  1.56637e+74  -1.51698e+74  1.40401e+74  -1.21569e+74  9.43754e+73  -5.83958e+73  1.38284e+73  3.79031e+73  
-4.10841e+73  -1.49454e+73  6.34707e+73  -1.02237e+74  1.30714e+74  -1.4941e+74  1.59499e+74  -1.62589e+74  1.60466e+74  -1.54845e+74  1.47233e+74  -1.38926e+74  1.31053e+74  -1.246e+74  1.20369e+74  -1.18895e+74  1.20367e+74  -1.24596e+74  1.31048e+74  -1.3892e+74  1.47226e+74  -1.54837e+74  1.60458e+74  -1.6258e+74  1.5949e+74  -1.49402e+74  1.30708e+74  -1.02232e+74  6.34677e+73  -1.49447e+73  -4.10821e+73  
4.33219e+73  1.56985e+73  -6.71715e+73  1.08012e+74  -1.37359e+74  1.55821e+74  -1.64907e+74  1.66593e+74  -1.62917e+74  1.55707e+74  -1.46501e+74  1.36624e+74  -1.27288e+74  1.19618e+74  -1.14573e+74  1.12812e+74  -1.14571e+74  1.19615e+74  -1.27283e+74  1.36617e+74  -1.46493e+74  1.55698e+74  -1.62907e+74  1.66583e+74  -1.64898e+74  1.55812e+74  -1.37352e+74  1.08006e+74  -6.71682e+73  1.56977e+73  4.33197e+73  
-4.46976e+73  -1.6118e+73  6.96208e+73  -1.11957e+74  1.41951e+74  -1.60284e+74  1.68733e+74  -1.69522e+74  1.64817e+74  -1.56457e+74  1.45961e+74  -1.34684e+74  1.23953e+74  -1.15073e+74  1.092e+74  -1.07144e+74  1.09198e+74  -1.15069e+74  1.23947e+74  -1.34676e+74  1.45952e+74  -1.56447e+74  1.64807e+74  -1.69512e+74  1.68723e+74  -1.60275e+74  1.41943e+74  -1.11951e+74  6.96173e+73  -1.61172e+73  -4.46954e+73  
4.53009e+73  1.62391e+73  -7.09462e+73  1.14303e+74  -1.44831e+74  1.63229e+74  -1.71429e+74  1.71776e+74  -1.66449e+74  1.57237e+74  -1.45632e+74  1.33042e+74  -1.20941e+74  1.10845e+74  -1.04129e+74  1.01772e+74  -1.04127e+74  1.1084e+74  -1.20935e+74  1.33034e+74  -1.45622e+74  1.57226e+74  -1.66438e+74  1.71765e+74  -1.71419e+74  1.63219e+74  -1.44823e+74  1.14297e+74  -7.09424e+73  1.62383e+73  4.52985e+73  
-4.52211e+73  -1.60987e+73  7.12687e+73  -1.15237e+74  1.46232e+74  -1.64893e+74  1.73183e+74  -1.73441e+74  1.67782e+74  -1.57922e+74  1.45333e+74  -1.31502e+74  1.18071e+74  -1.06779e+74  9.92304e+73  -9.65741e+73  9.92281e+73  -1.06774e+74  1.18064e+74  -1.31494e+74  1.45323e+74  -1.57911e+74  1.67771e+74  -1.7343e+74  1.73172e+74  -1.64883e+74  1.46224e+74  -1.1523e+74  7.12648e+73  -1.60978e+73  -4.52187e+73  
4.45423e+73  1.57327e+73  -7.06964e+73  1.149e+74  -1.46293e+74  1.65368e+74  -1.73999e+74  1.74423e+74  -1.68638e+74  1.58281e+74  -1.44825e+74  1.2985e+74  -1.1517e+74  1.02747e+74  -9.44071e+73  9.1466e+73  -9.44047e+73  1.02742e+74  -1.15163e+74  1.29841e+74  -1.44814e+74  1.58269e+74  -1.68626e+74  1.74411e+74  -1.73988e+74  1.65358e+74  -1.46284e+74  1.14893e+74  -7.06924e+73  1.57318e+73  4.45398e+73  
-4.33409e+73  -1.5175e+73  6.93226e+73  -1.13395e+74  1.45078e+74  -1.64645e+74  1.73778e+74  -1.74536e+74  1.68773e+74  -1.58053e+74  1.43864e+74  -1.27883e+74  1.1209e+74  -9.86498e+73  8.95934e+73  -8.63936e+73  8.95909e+73  -9.8645e+73  1.12083e+74  -1.27874e+74  1.43853e+74  -1.58041e+74  1.68761e+74  -1.74524e+74  1.73766e+74  -1.64634e+74  1.45069e+74  -1.13388e+74  6.93185e+73  -1.51742e+73  -4.33384e+73  
4.16856e+73  1.44572e+73  -6.7228e+73  1.10796e+74  -1.42605e+74  1.62658e+74  -1.72366e+74  1.73559e+74  -1.67933e+74  1.56985e+74  -1.42226e+74  1.25426e+74  -1.08708e+74  9.44103e+73  -8.47445e+73  8.13237e+73  -8.47421e+73  9.44055e+73  -1.08701e+74  1.25417e+74  -1.42215e+74  1.56973e+74  -1.67921e+74  1.73547e+74  -1.72354e+74  1.62647e+74  -1.42596e+74  1.10789e+74  -6.7224e+73  1.44563e+73  4.16831e+73  
-3.96388e+73  -1.3608e+73  6.44842e+73  -1.07158e+74  1.38872e+74  -1.59319e+74  1.69598e+74  -1.71274e+74  1.65878e+74  -1.54847e+74  1.39716e+74  -1.2233e+74  1.04923e+74  -8.99704e+73  7.98312e+73  -7.6237e+73  7.98287e+73  -8.99655e+73  1.04916e+74  -1.22321e+74  1.39705e+74  -1.54836e+74  1.65866e+74  -1.71261e+74  1.69586e+74  -1.59308e+74  1.38862e+74  -1.07151e+74  6.44802e+73  -1.36072e+73  -3.96363e+73  
3.72584e+73  1.26543e+73  -6.11579e+73  1.02534e+74  -1.33868e+74  1.54545e+74  -1.65322e+74  1.67487e+74  -1.62404e+74  1.51451e+74  -1.36176e+74  1.18476e+74  -1.00658e+74  8.52889e+73  -7.4836e+73  7.11245e+73  -7.48336e+73  8.52841e+73  -1.00651e+74  1.18468e+74  -1.36166e+74  1.5144e+74  -1.62392e+74  1.67474e+74  -1.6531e+74  1.54535e+74  -1.33859e+74  1.02527e+74  -6.1154e+73  1.26535e+73  3.7256e+73  
-3.45997e+73  -1.1621e+73  5.73149e+73  -9.69781e+73  1.276e+74  -1.48276e+74  1.59422e+74  -1.62049e+74  1.57356e+74  -1.46655e+74  1.31492e+74  -1.13783e+74  9.58613e+73  -8.03404e+73  6.97511e+73  -6.59847e+73  6.97488e+73  -8.03358e+73  9.58546e+73  -1.13774e+74  1.31482e+74  -1.46644e+74  1.57344e+74  -1.62037e+74  1.59411e+74  -1.48266e+74  1.27592e+74  -9.69717e+73  5.73112e+73  -1.16203e+73  -3.45974e+73  
3.17172e+73  1.05319e+73  -5.30241e+73  9.05603e+73  -1.20102e+74  1.40495e+74  -1.51837e+74  1.54875e+74  -1.50642e+74  1.40377e+74  -1.25599e+74  1.08205e+74  -9.05084e+73  7.51149e+73  -6.45766e+73  6.08213e+73  -6.45744e+73  7.51104e+73  -9.05019e+73  1.08197e+74  -1.25589e+74  1.40366e+74  -1.5063e+74  1.54863e+74  -1.51826e+74  1.40485e+74  -1.20094e+74  9.05542e+73  -5.30206e+73  1.05312e+73  3.17151e+73  
-2.86658e+73  -9.40929e+72  4.83603e+73  -8.33695e+73  1.11444e+74  -1.31238e+74  1.42574e+74  -1.45951e+74  1.42243e+74  -1.32603e+74  1.18489e+74  -1.0174e+74  8.45996e+73  -6.96162e+73  5.93191e+73  -5.56418e+73  5.9317e+73  -6.9612e+73  8.45934e+73  -1.01732e+74  1.1848e+74  -1.32592e+74  1.42233e+74  -1.4594e+74  1.42563e+74  -1.31229e+74  1.11436e+74  -8.33638e+73  4.83571e+73  -9.40866e+72  -2.86639e+73  
2.5502e+73  8.27484e+72  -4.34067e+73  7.55203e+73  -1.01743e+74  1.20609e+74  -1.31717e+74  1.3535e+74  -1.32225e+74  1.23388e+74  -1.10211e+74  9.44265e+73  -7.81616e+73  6.38616e+73  -5.39903e+73  5.04562e+73  -5.39882e+73  6.38576e+73  -7.81558e+73  9.44191e+73  -1.10202e+74  1.23379e+74  -1.32215e+74  1.35339e+74  -1.31707e+74  1.20601e+74  -1.01736e+74  7.5515e+73  -4.34037e+73  8.27427e+72  2.55003e+73  
-2.22843e+73  -7.14922e+72  3.82559e+73  -6.7156e+73  9.11684e+73  -1.08785e+74  1.19439e+74  -1.23234e+74  1.20737e+74  -1.12867e+74  1.00872e+74  -8.6342e+73  7.12445e+73  -5.78794e+73  4.86053e+73  -4.52757e+73  4.86035e+73  -5.78757e+73  7.12392e+73  -8.63351e+73  1.00864e+74  -1.12858e+74  1.20727e+74  -1.23225e+74  1.1943e+74  -1.08777e+74  9.11618e+73  -6.71512e+73  3.82532e+73  -7.14873e+72  -2.22827e+73  
1.90735e+73  6.05232e+72  -3.30114e+73  5.845e+73  -7.99434e+73  9.60154e+73  -1.06002e+74  1.09862e+74  -1.08016e+74  1.01243e+74  -9.06333e+73  7.76003e+73  -6.39186e+73  5.17068e+73  -4.31819e+73  4.01114e+73  -4.31802e+73  5.17034e+73  -6.39138e+73  7.75941e+73  -9.0626e+73  1.01235e+74  -1.08008e+74  1.09853e+74  -1.05994e+74  9.60082e+73  -7.99376e+73  5.84458e+73  -3.3009e+73  6.05189e+72  1.90722e+73  
-1.59331e+73  -5.00319e+72  2.77865e+73  -4.96056e+73  6.83436e+73  -8.26258e+73  9.17519e+73  -9.55741e+73  9.4376e+73  -8.87798e+73  7.96984e+73  -6.83417e+73  5.6268e+73  -4.53863e+73  3.77378e+73  -3.49732e+73  3.77363e+73  -4.53834e+73  5.62637e+73  -6.83362e+73  7.9692e+73  -8.87728e+73  9.43686e+73  -9.55667e+73  9.17449e+73  -8.26196e+73  6.83386e+73  -4.9602e+73  2.77845e+73  -5.00283e+72  -1.59319e+73  
1.29277e+73  4.01994e+72  -2.27032e+73  4.08506e+73  -5.66886e+73  6.90002e+73  -7.71032e+73  8.07787e+73  -8.01851e+73  7.57837e+73  -6.8297e+73  5.87209e+73  -4.83836e+73  3.89623e+73  -3.22901e+73  2.98691e+73  -3.22888e+73  3.89597e+73  -4.83799e+73  5.87162e+73  -6.82915e+73  7.57776e+73  -8.01788e+73  8.07724e+73  -7.70973e+73  6.89949e+73  -5.66843e+73  4.08476e+73  -2.27016e+73  4.01965e+72  1.29267e+73  
-1.01208e+73  -3.11911e+72  1.7886e+73  -3.24252e+73  4.53214e+73  -5.55544e+73  6.25036e+73  -6.59122e+73  6.58316e+73  -6.25695e+73  5.66616e+73  -4.88918e+73  4.03541e+73  -3.24765e+73  2.68529e+73  -2.48043e+73  2.68518e+73  -3.24744e+73  4.0351e+73  -4.88878e+73  5.6657e+73  -6.25645e+73  6.58263e+73  -6.5907e+73  6.24988e+73  -5.55501e+73  4.53179e+73  -3.24228e+73  1.78846e+73  -3.11888e+72  -1.012e+73  
7.56821e+72  2.31396e+72  -1.34488e+73  2.45554e+73  -3.45687e+73  4.26851e+73  -4.83776e+73  5.1383e+73  -5.16727e+73  4.94224e+73  -4.49998e+73  3.89903e+73  -3.2257e+73  2.59644e+73  -2.14363e+73  1.97804e+73  -2.14354e+73  2.59627e+73  -3.22545e+73  3.89872e+73  -4.49961e+73  4.94184e+73  -5.16686e+73  5.13789e+73  -4.83738e+73  4.26818e+73  -3.45661e+73  2.45535e+73  -1.34477e+73  2.31379e+72  7.56763e+72  
-5.3057e+72  -1.61129e+72  9.47193e+72  -1.74082e+73  2.46777e+73  -3.06949e+73  3.50479e+73  -3.74993e+73  3.79754e+73  -3.65541e+73  3.34654e+73  -2.91181e+73  2.41509e+73  -1.94517e+73  1.60453e+73  -1.47953e+73  1.60446e+73  -1.94504e+73  2.4149e+73  -2.91157e+73  3.34626e+73  -3.65511e+73  3.79723e+73  -3.74963e+73  3.50451e+73  -3.06925e+73  2.46758e+73  -1.74069e+73  9.4712e+72  -1.61117e+72  -5.30529e+72  
3.33274e+72  1.00681e+72  -5.97099e+72  1.10352e+73  -1.57393e+73  1.97054e+73  -2.26513e+73  2.43962e+73  -2.48606e+73  2.4065e+73  -2.21366e+73  1.93312e+73  -1.60699e+73  1.29528e+73  -1.06797e+73  9.84323e+72  -1.06793e+73  1.2952e+73  -1.60687e+73  1.93296e+73  -2.21348e+73  2.40631e+73  -2.48586e+73  2.43943e+73  -2.26495e+73  1.97038e+73  -1.5738e+73  1.10344e+73  -5.97053e+72  1.00673e+72  3.33248e+72  
-1.59838e+72  -4.81224e+71  2.87025e+72  -5.32509e+72  7.62799e+72  -9.59485e+72  1.10822e+73  -1.1992e+73  1.2274e+73  -1.19277e+73  1.10077e+73  -9.63655e+72  8.02344e+72  -6.47092e+72  5.3343e+72  -4.91528e+72  5.33407e+72  -6.47048e+72  8.02281e+72  -9.63577e+72  1.10068e+73  -1.19267e+73  1.2273e+73  -1.19911e+73  1.10814e+73  -9.59409e+72  7.62739e+72  -5.32467e+72  2.87003e+72  -4.81186e+71  -1.59826e+72  
0  0  0  0  0  0  0  0  0  0  0  0  0  0  0  0  0  0  0  0  0  0  0  0  0  0  0  0  0  0  0  
