1  1  1  1  1  1  1  1  1  1  1  1  1  1  1  1  1  1  1  1  1  1  1  1  1  1  1  1  1  1  1  
1.98833e+87  7.28795e+86  -3.0498e+87  5.03899e+87  -6.76451e+87  8.27232e+87  -9.58453e+87  1.07104e+88  -1.16567e+88  1.24328e+88  -1.30517e+88  1.35284e+88  -1.38787e+88  1.41169e+88  -1.42549e+88  1.43e+88  -1.42548e+88  1.41169e+88  -1.38786e+88  1.35283e+88  -1.30516e+88  1.24327e+88  -1.16566e+88  1.07103e+88  -9.58446e+87  8.27225e+87  -6.76445e+87  5.03895e+87  -3.04978e+87  7.28789e+86  1.98831e+87  
-3.89498e+87  -1.42743e+87  5.97521e+87  -9.84372e+87  1.3146e+88  -1.596e+88  1.83253e+88  -2.02645e+88  2.18037e+88  -2.29806e+88  2.38437e+88  -2.44479e+88  2.48479e+88  -2.50934e+88  2.52238e+88  -2.52643e+88  2.52238e+88  -2.50933e+88  2.48478e+88  -2.44478e+88  2.38436e+88  -2.29804e+88  2.18035e+88  -2.02643e+88  1.83251e+88  -1.59599e+88  1.31459e+88  -9.84364e+87  5.97515e+87  -1.42742e+87  -3.89494e+87  
5.6484e+87  2.06924e+87  -8.66825e+87  1.42184e+88  -1.884e+88  2.26247e+88  -2.56287e+88  2.79024e+88  -2.95163e+88  3.05671e+88  -3.11706e+88  3.14495e+88  -3.15221e+88  3.1492e+88  -3.14398e+88  3.14165e+88  -3.14397e+88  3.1492e+88  -3.1522e+88  3.14493e+88  -3.11704e+88  3.05669e+88  -2.95161e+88  2.79022e+88  -2.56285e+88  2.26246e+88  -1.88398e+88  1.42182e+88  -8.66817e+87  2.06922e+87  5.64835e+87  
-7.19465e+87  -2.63369e+87  1.10492e+88  -1.80311e+88  2.36685e+88  -2.80548e+88  3.12743e+88  -3.34318e+88  3.46741e+88  -3.51856e+88  3.51695e+88  -3.48275e+88  3.43448e+88  -3.38783e+88  3.3548e+88  -3.34292e+88  3.35479e+88  -3.38782e+88  3.43446e+88  -3.48273e+88  3.51692e+88  -3.51854e+88  3.46738e+88  -3.34315e+88  3.1274e+88  -2.80546e+88  2.36682e+88  -1.80309e+88  1.10491e+88  -2.63367e+87  -7.19459e+87  
8.50056e+87  3.10764e+87  -1.30711e+88  2.12205e+88  -2.75839e+88  3.2257e+88  -3.53743e+88  3.71258e+88  -3.77602e+88  3.75612e+88  -3.68162e+88  3.57932e+88  -3.47276e+88  3.38152e+88  -3.32048e+88  3.29905e+88  -3.32047e+88  3.3815e+88  -3.47274e+88  3.5793e+88  -3.68159e+88  3.75608e+88  -3.77598e+88  3.71255e+88  -3.53739e+88  3.22567e+88  -2.75837e+88  2.12203e+88  -1.3071e+88  3.10761e+87  8.50048e+87  
-9.55278e+87  -3.48519e+87  1.47176e+88  -2.37856e+88  3.06392e+88  -3.53854e+88  3.82327e+88  -3.94776e+88  3.94769e+88  -3.86024e+88  3.72029e+88  -3.55866e+88  3.4019e+88  -3.27223e+88  3.18695e+88  -3.15723e+88  3.18694e+88  -3.27221e+88  3.40187e+88  -3.55863e+88  3.72026e+88  -3.8602e+88  3.94765e+88  -3.94772e+88  3.82323e+88  -3.53851e+88  3.06389e+88  -2.37853e+88  1.47174e+88  -3.48515e+87  -9.55268e+87  
1.0354e+88  3.76653e+87  -1.59959e+88  2.57658e+88  -3.29425e+88  3.76542e+88  -4.01968e+88  4.09756e+88  -4.04406e+88  3.9024e+88  -3.71057e+88  3.50121e+88  -3.3028e+88  3.14018e+88  -3.03357e+88  2.99645e+88  -3.03356e+88  3.14017e+88  -3.30277e+88  3.50118e+88  -3.71053e+88  3.90236e+88  -4.04402e+88  4.09751e+88  -4.01963e+88  3.76538e+88  -3.29422e+88  2.57655e+88  -1.59957e+88  3.76649e+87  1.03539e+88  
-1.0918e+88  -3.95633e+87  1.69285e+88  -2.72211e+88  3.46172e+88  -3.92698e+88  4.15597e+88  -4.19845e+88  4.10581e+88  -3.92411e+88  3.69211e+88  -3.4432e+88  3.20793e+88  -3.01464e+88  2.8875e+88  -2.84314e+88  2.88749e+88  -3.01462e+88  3.2079e+88  -3.44316e+88  3.69206e+88  -3.92406e+88  4.10576e+88  -4.1984e+88  4.15592e+88  -3.92693e+88  3.46168e+88  -2.72208e+88  1.69284e+88  -3.95629e+87  -1.09178e+88  
1.12647e+88  4.06206e+87  -1.75458e+88  2.82154e+88  -3.57743e+88  4.03945e+88  -4.25238e+88  4.27228e+88  -4.1537e+88  3.943e+88  -3.67848e+88  3.39428e+88  -3.12386e+88  2.90008e+88  -2.75209e+88  2.7003e+88  -2.75208e+88  2.90006e+88  -3.12383e+88  3.39424e+88  -3.67843e+88  3.94295e+88  -4.15364e+88  4.27222e+88  -4.25232e+88  4.0394e+88  -3.57739e+88  2.8215e+88  -1.75456e+88  4.06201e+87  1.12646e+88  
-1.14167e+88  -4.09257e+87  1.78798e+88  -2.88066e+88  3.65001e+88  -4.11367e+88  4.32034e+88  -4.32908e+88  4.1948e+88  -3.96265e+88  3.67019e+88  -3.35291e+88  3.04794e+88  -2.79351e+88  2.6243e+88  -2.56491e+88  2.62428e+88  -2.79349e+88  3.04791e+88  -3.35286e+88  3.67014e+88  -3.96259e+88  4.19474e+88  -4.32902e+88  4.32028e+88  -4.11362e+88  3.64996e+88  -2.88062e+88  1.78796e+88  -4.09253e+87  -1.14166e+88  
1.13966e+88  4.05717e+87  -1.79611e+88  2.90419e+88  -3.68533e+88  4.15562e+88  -4.36453e+88  4.37103e+88  -4.22841e+88  3.97991e+88  -3.66266e+88  3.3141e+88  -2.9756e+88  2.69104e+88  -2.50083e+88  2.43391e+88  -2.50081e+88  2.69101e+88  -2.97557e+88  3.31406e+88  -3.6626e+88  3.97985e+88  -4.22835e+88  4.37097e+88  -4.36447e+88  4.15556e+88  -3.68528e+88  2.90415e+88  -1.79609e+88  4.05712e+87  1.13965e+88  
-1.12255e+88  -3.96493e+87  1.78168e+88  -2.8957e+88  3.68685e+88  -4.16758e+88  4.38509e+88  -4.39577e+88  4.24997e+88  -3.98894e+88  3.64984e+88  -3.27245e+88  2.9025e+88  -2.58943e+88  2.37927e+88  -2.30517e+88  2.37925e+88  -2.5894e+88  2.90246e+88  -3.2724e+88  3.64978e+88  -3.98888e+88  4.24991e+88  -4.3957e+88  4.38503e+88  -4.16752e+88  3.6868e+88  -2.89566e+88  1.78166e+88  -3.96488e+87  -1.12254e+88  
1.09227e+88  3.8244e+87  -1.74706e+88  2.85777e+88  -3.65622e+88  4.14934e+88  -4.37951e+88  4.39861e+88  -4.25338e+88  3.9832e+88  -3.62561e+88  3.22288e+88  -2.82488e+88  2.48617e+88  -2.25795e+88  2.17733e+88  -2.25794e+88  2.48614e+88  -2.82485e+88  3.22284e+88  -3.62555e+88  3.98314e+88  -4.25331e+88  4.39854e+88  -4.37945e+88  4.14928e+88  -3.65617e+88  2.85773e+88  -1.74704e+88  3.82435e+87  1.09226e+88  
-1.05055e+88  -3.64348e+87  1.69427e+88  -2.79226e+88  3.59392e+88  -4.09926e+88  4.34393e+88  -4.374e+88  4.23221e+88  -3.95628e+88  3.58433e+88  -3.16096e+88  2.73964e+88  -2.37932e+88  2.13575e+88  -2.04956e+88  2.13573e+88  -2.3793e+88  2.7396e+88  -3.16092e+88  3.58427e+88  -3.95622e+88  4.23214e+88  -4.37393e+88  4.34387e+88  -4.0992e+88  3.59387e+88  -2.79222e+88  1.69425e+88  -3.64343e+87  -1.05054e+88  
9.9897e+87  3.42947e+87  -1.62512e+88  2.70058e+88  -3.49981e+88  4.01513e+88  -4.27417e+88  4.3164e+88  -4.18042e+88  3.90242e+88  -3.52108e+88  3.08293e+88  -2.64424e+88  2.26743e+88  -2.01192e+88  1.92136e+88  -2.0119e+88  2.2674e+88  -2.6442e+88  3.08288e+88  -3.52102e+88  3.90235e+88  -4.18035e+88  4.31633e+88  -4.2741e+88  4.01507e+88  -3.49976e+88  2.70055e+88  -1.6251e+88  3.42943e+87  9.98957e+87  
-9.38979e+87  -3.18911e+87  1.54129e+88  -2.58404e+88  3.37371e+88  -3.89482e+88  4.1664e+88  -4.22095e+88  4.09286e+88  -3.81683e+88  3.43187e+88  -2.98581e+88  2.53675e+88  -2.14944e+88  1.88603e+88  -1.79251e+88  1.88601e+88  -2.14942e+88  2.53671e+88  -2.98576e+88  3.43181e+88  -3.81677e+88  4.09279e+88  -4.22088e+88  4.16633e+88  -3.89476e+88  3.37366e+88  -2.584e+88  1.54127e+88  -3.18907e+87  -9.38966e+87  
8.71975e+87  2.92871e+87  -1.44444e+88  2.44402e+88  -3.21576e+88  3.73683e+88  -4.01772e+88  4.08392e+88  -3.96564e+88  3.69596e+88  -3.31381e+88  2.86752e+88  -2.41587e+88  2.02473e+88  -1.75788e+88  1.66298e+88  -1.75786e+88  2.02471e+88  -2.41584e+88  2.86748e+88  -3.31376e+88  3.6959e+88  -3.96557e+88  4.08385e+88  -4.01765e+88  3.73677e+88  -3.21571e+88  2.44399e+88  -1.44442e+88  2.92867e+87  8.71962e+87  
-7.9933e+87  -2.65422e+87  1.3363e+88  -2.28228e+88  3.02678e+88  -3.54071e+88  3.82656e+88  -3.90311e+88  3.79643e+88  -3.53775e+88  3.16531e+88  -2.72696e+88  2.28097e+88  -1.89303e+88  1.62747e+88  -1.53284e+88  1.62745e+88  -1.89301e+88  2.28093e+88  -2.72691e+88  3.16525e+88  -3.53769e+88  3.79637e+88  -3.90305e+88  3.8265e+88  -3.54066e+88  3.02674e+88  -2.28225e+88  1.33628e+88  -2.65418e+87  -7.99319e+87  
7.2243e+87  2.37131e+87  -1.21877e+88  2.10106e+88  -2.80858e+88  3.30743e+88  -3.5931e+88  3.67821e+88  -3.58478e+88  3.34181e+88  -2.98612e+88  2.56403e+88  -2.13206e+88  1.75446e+88  -1.49497e+88  1.40231e+88  -1.49495e+88  1.75443e+88  -2.13202e+88  2.56399e+88  -2.98607e+88  3.34175e+88  -3.58472e+88  3.67815e+88  -3.59305e+88  3.30738e+88  -2.80853e+88  2.10103e+88  -1.21875e+88  2.37127e+87  7.22419e+87  
-6.42696e+87  -2.08541e+87  1.09393e+88  -1.90324e+88  2.5641e+88  -3.03956e+88  3.31949e+88  -3.41104e+88  3.33229e+88  -3.10959e+88  2.77749e+88  -2.37971e+88  1.96981e+88  -1.60943e+88  1.36067e+88  -1.27162e+88  1.36066e+88  -1.60941e+88  1.96977e+88  -2.37967e+88  2.77745e+88  -3.10954e+88  3.33223e+88  -3.41098e+88  3.31943e+88  -3.03952e+88  2.56406e+88  -1.90322e+88  1.09391e+88  -2.08538e+87  -6.42686e+87  
5.61603e+87  1.80173e+87  -9.64117e+87  1.69245e+88  -2.2976e+88  2.74156e+88  -3.01006e+88  3.10572e+88  -3.04277e+88  2.84444e+88  -2.54214e+88  2.17596e+88  -1.79548e+88  1.45867e+88  -1.22496e+88  1.14106e+88  -1.22495e+88  1.45865e+88  -1.79545e+88  2.17592e+88  -2.5421e+88  2.84439e+88  -3.04272e+88  3.10566e+88  -3.01002e+88  2.74152e+88  -2.29757e+88  1.69242e+88  -9.64102e+87  1.8017e+87  5.61594e+87  
-4.80687e+87  -1.52529e+87  8.31944e+87  -1.47304e+88  2.01471e+88  -2.41975e+88  2.67143e+88  -2.76871e+88  2.72218e+88  -2.55148e+88  2.28411e+88  -1.95566e+88  1.61086e+88  -1.3031e+88  1.08827e+88  -1.0109e+88  1.08826e+88  -1.30309e+88  1.61083e+88  -1.95562e+88  2.28407e+88  -2.55144e+88  2.72214e+88  -2.76866e+88  2.67138e+88  -2.41971e+88  2.01468e+88  -1.47302e+88  8.31931e+87  -1.52527e+87  -4.80679e+87  
4.01542e+87  1.26089e+87  -7.00268e+87  1.25015e+88  -1.72238e+88  2.08231e+88  -2.3123e+88  2.40863e+88  -2.37843e+88  2.2374e+88  -2.00853e+88  1.72232e+88  -1.41805e+88  1.14382e+88  -9.51071e+87  8.8141e+87  -9.51063e+87  1.1438e+88  -1.41803e+88  1.72229e+88  -2.0085e+88  2.23736e+88  -2.37839e+88  2.40859e+88  -2.31227e+88  2.08228e+88  -1.72235e+88  1.25013e+88  -7.00257e+87  1.26087e+87  4.01535e+87  
-3.25799e+87  -1.0131e+87  5.7216e+87  -1.02951e+88  1.42865e+88  -1.73892e+88  1.94313e+88  -2.03576e+88  2.0208e+88  -1.90987e+88  1.7212e+88  -1.47986e+88  1.21935e+88  -9.8192e+87  8.13777e+87  -7.52775e+87  8.1377e+87  -9.81906e+87  1.21933e+88  -1.47984e+88  1.72117e+88  -1.90984e+88  2.02076e+88  -2.03573e+88  1.9431e+88  -1.73889e+88  1.42863e+88  -1.02949e+88  5.72151e+87  -1.01308e+87  -3.25794e+87  
2.55061e+87  7.86068e+86  -4.50757e+87  8.17171e+87  -1.14218e+88  1.40006e+88  -1.5752e+88  1.6611e+88  -1.65907e+88  1.57685e+88  -1.42797e+88  1.23215e+88  -1.01699e+88  8.18467e+87  -6.76748e+87  6.25129e+87  -6.76742e+87  8.18455e+87  -1.01697e+88  1.23213e+88  -1.42794e+88  1.57683e+88  -1.65904e+88  1.66107e+88  -1.57517e+88  1.40004e+88  -1.14216e+88  8.17158e+87  -4.5075e+87  7.86056e+86  2.55057e+87  
-1.90732e+87  -5.83158e+86  3.38932e+87  -6.18837e+87  8.7119e+87  -1.07574e+88  1.2192e+88  -1.29494e+88  1.30224e+88  -1.24553e+88  1.13407e+88  -9.8262e+87  8.12932e+87  -6.5435e+87  5.40238e+87  -4.98513e+87  5.40233e+87  -6.5434e+87  8.12918e+87  -9.82603e+87  1.13405e+88  -1.24551e+88  1.30222e+88  -1.29492e+88  1.21918e+88  -1.07572e+88  8.71175e+87  -6.18827e+87  3.38926e+87  -5.83149e+86  -1.90729e+87  
1.33713e+87  4.06073e+86  -2.38709e+87  4.38717e+87  -6.2192e+87  7.73562e+87  -8.83265e+87  9.45044e+87  -9.57042e+87  9.21223e+87  -8.43382e+87  7.33824e+87  -6.08643e+87  4.90218e+87  -4.04374e+87  3.72877e+87  -4.04371e+87  4.90211e+87  -6.08633e+87  7.33811e+87  -8.43367e+87  9.21207e+87  -9.57025e+87  9.45028e+87  -8.8325e+87  7.73549e+87  -6.21909e+87  4.38709e+87  -2.38705e+87  4.06066e+86  1.3371e+87  
-8.39907e+86  -2.53733e+86  1.50479e+87  -2.78106e+87  3.96656e+87  -4.96608e+87  5.70851e+87  -6.14826e+87  6.26528e+87  -6.06478e+87  5.57878e+87  -4.87177e+87  4.0499e+87  -3.26435e+87  2.69151e+87  -2.48074e+87  2.69148e+87  -3.2643e+87  4.04983e+87  -4.87168e+87  5.57868e+87  -6.06468e+87  6.26517e+87  -6.14815e+87  5.70841e+87  -4.966e+87  3.96649e+87  -2.78101e+87  1.50476e+87  -2.53728e+86  -8.39893e+86  
4.02819e+86  1.21277e+86  -7.23351e+86  1.34201e+87  -1.92238e+87  2.41806e+87  -2.79291e+87  3.02219e+87  -3.09325e+87  3.00596e+87  -2.77412e+87  2.42857e+87  -2.02204e+87  1.63079e+87  -1.34435e+87  1.23877e+87  -1.34434e+87  1.63076e+87  -2.02201e+87  2.42853e+87  -2.77407e+87  3.00591e+87  -3.09319e+87  3.02214e+87  -2.79286e+87  2.41802e+87  -1.92235e+87  1.34199e+87  -7.23339e+86  1.21274e+86  4.02812e+86  
0  0  0  0  0  0  0  0  0  0  0  0  0  0  0  0  0  0  0  0  0  0  0  0  0  0  0  0  0  0  0  
