1  1  1  1  1  1  1  1  1  1  1  1  1  1  1  1  1  1  1  1  1  1  1  1  1  1  1  1  1  1  1  
0.941652  0.912002  0.82305  0.741441  0.667617  0.60256  0.5461  0.497614  0.453726  0.414755  0.389602  0.372997  0.345687  0.320488  0.312766  0.310684  0.312766  0.320488  0.345687  0.372997  0.389602  0.414755  0.453726  0.497614  0.5461  0.60256  0.667617  0.741441  0.82305  0.912002  0.941652  
0.884502  0.834231  0.683419  0.569294  0.489898  0.439255  0.408861  0.387688  0.369542  0.378746  0.409942  0.364175  0.273936  0.29975  0.350397  0.353746  0.350397  0.29975  0.273936  0.364175  0.409942  0.378746  0.369542  0.387688  0.408861  0.439255  0.489898  0.569294  0.683419  0.834231  0.884502  
0.829098  0.767565  0.582963  0.474501  0.42292  0.404435  0.396842  0.387019  0.411006  0.482902  0.368793  0.0610093  0.23847  0.705527  0.693253  0.631163  0.693253  0.705527  0.23847  0.0610093  0.368793  0.482902  0.411006  0.387019  0.396842  0.404435  0.42292  0.474501  0.582963  0.767565  0.829098  
0.839688  0.759812  0.520185  0.427393  0.408168  0.409056  0.407619  0.432965  0.51868  0.361992  -0.19127  0.314027  1.99131  1.60169  0.195878  -0.0530431  0.195878  1.60169  1.99131  0.314027  -0.19127  0.361992  0.51868  0.432965  0.407619  0.409056  0.408168  0.427393  0.520185  0.759812  0.839688  
0.850665  0.767095  0.516383  0.421373  0.410384  0.419882  0.438449  0.497648  0.371099  -0.202705  0.535395  3.57693  2.04785  -4.37363  -5.27901  -4.49525  -5.27901  -4.37363  2.04785  3.57693  0.535395  -0.202705  0.371099  0.497648  0.438449  0.419882  0.410384  0.421373  0.516383  0.767095  0.850665  
-0.697675  -0.450379  0.29151  0.432797  0.430567  0.43582  0.464016  0.405976  0.0553286  0.667176  3.77709  1.18272  -11.7049  -10.763  2.28491  5.62812  2.28491  -10.763  -11.7049  1.18272  3.77709  0.667176  0.0553286  0.405976  0.464016  0.43582  0.430567  0.432797  0.29151  -0.450379  -0.697675  
-0.324286  -0.18606  0.228619  0.294044  0.44062  0.450315  0.433825  0.309684  0.604144  2.46747  0.136558  -13.6612  -8.46559  29.7563  40.4868  35.8397  40.4868  29.7563  -8.46559  -13.6612  0.136558  2.46747  0.604144  0.309684  0.433825  0.450315  0.44062  0.294044  0.228619  -0.18606  -0.324286  
14.8767  11.8316  2.69624  0.414004  0.406261  0.445667  0.42228  0.502003  1.15301  -0.0225458  -8.4489  -1.94029  46.6885  49.9376  -12.5188  -34.3737  -12.5188  49.9376  46.6885  -1.94029  -8.4489  -0.0225458  1.15301  0.502003  0.42228  0.445667  0.406261  0.414004  2.69624  11.8316  14.8767  
3.72616  2.42851  -1.46443  0.633227  0.447396  0.440929  0.457882  0.58344  0.252894  -2.7023  1.15676  33.6696  24.4683  -100.301  -155.844  -143.449  -155.844  -100.301  24.4683  33.6696  1.15676  -2.7023  0.252894  0.58344  0.457882  0.440929  0.447396  0.633227  -1.46443  2.42851  3.72616  
-73.2061  -58.3338  -13.7168  0.316156  0.45107  0.449192  0.460912  0.412316  -0.157096  1.03269  13.0075  3.59595  -100.005  -122.701  49.7637  127.46  49.7637  -122.701  -100.005  3.59595  13.0075  1.03269  -0.157096  0.412316  0.460912  0.449192  0.45107  0.316156  -13.7168  -58.3338  -73.2061  
3.08819  7.75438  21.753  3.50356  0.445169  0.450024  0.445437  0.391058  0.574979  2.93942  -0.709651  -43.7596  -34.3081  210.004  365.045  352.164  365.045  210.004  -34.3081  -43.7596  -0.709651  2.93942  0.574979  0.391058  0.445437  0.450024  0.445169  3.50356  21.753  7.75438  3.08819  
224.175  179.937  47.2212  -2.884  -0.133635  0.448271  0.445822  0.457517  0.68241  0.0412468  -9.07925  -0.541037  131.338  181.908  -116.344  -282.426  -116.344  181.908  131.338  -0.541037  -9.07925  0.0412468  0.68241  0.457517  0.445822  0.448271  -0.133635  -2.884  47.2212  179.937  224.175  
-37.9799  -49.8811  -85.5849  -18.9189  1.00627  0.572709  0.447837  0.455404  0.409332  -0.493393  1.50144  33.9414  26.594  -275.789  -536.694  -546.867  -536.694  -275.789  26.594  33.9414  1.50144  -0.493393  0.409332  0.455404  0.447837  0.572709  1.00627  -18.9189  -85.5849  -49.8811  -37.9799  
-422.072  -339.212  -90.6324  22.2925  5.97451  0.343579  0.418646  0.446568  0.414345  0.580425  4.08632  -0.946381  -102.61  -159.86  175.705  398.152  175.705  -159.86  -102.61  -0.946381  4.08632  0.580425  0.414345  0.446568  0.418646  0.343579  5.97451  22.2925  -90.6324  -339.212  -422.072  
105.9  126.383  187.832  51.6743  -4.44204  -1.019  0.468645  0.454435  0.450889  0.581848  0.00918724  -13.145  -7.2897  233.998  510.157  552.898  510.157  233.998  -7.2897  -13.145  0.00918724  0.581848  0.450889  0.454435  0.468645  -1.019  -4.44204  51.6743  187.832  126.383  105.9  
516.464  414.809  109.845  -57.4499  -17.5131  1.51753  0.829504  0.443348  0.446623  0.434067  -0.111184  1.66333  47.4263  81.5758  -169.038  -359.748  -169.038  81.5758  47.4263  1.66333  -0.111184  0.434067  0.446623  0.443348  0.829504  1.51753  -17.5131  -57.4499  109.845  414.809  516.464  
-147.183  -171.615  -244.911  -75.564  15.2305  5.81276  0.21675  0.349981  0.448614  0.444721  0.500418  2.83939  -0.891533  -124.362  -311.357  -362.358  -311.357  -124.362  -0.891533  2.83939  0.500418  0.444721  0.448614  0.349981  0.21675  5.81276  15.2305  -75.564  -244.911  -171.615  -147.183  
-410.344  -328.34  -82.3258  82.6386  30.0843  -3.01089  -1.0288  0.496058  0.472013  0.446721  0.458319  0.209234  -10.1382  -18.8402  104.662  208.434  104.662  -18.8402  -10.1382  0.209234  0.458319  0.446721  0.472013  0.496058  -1.0288  -3.01089  30.0843  82.6386  -82.3258  -328.34  -410.344  
121.868  141.437  200.142  68.7802  -21.4884  -8.84402  1.20216  0.828529  0.43776  0.440702  0.446174  0.3766  1.57956  40.702  120.341  151.625  120.341  40.702  1.57956  0.3766  0.446174  0.440702  0.43776  0.828529  1.20216  -8.84402  -21.4884  68.7802  200.142  141.437  121.868  
211.857  168.871  39.9146  -67.1745  -27.3673  5.55782  3.0036  0.294622  0.354629  0.44726  0.448683  0.443152  0.881275  0.103379  -39.2929  -74.3926  -39.2929  0.103379  0.881275  0.443152  0.448683  0.44726  0.354629  0.294622  3.0036  5.55782  -27.3673  -67.1745  39.9146  168.871  211.857  
-59.0369  -69.2912  -100.054  -37.4473  18.0664  9.07218  -0.615412  -0.187167  0.473034  0.46506  0.443124  0.478767  0.492993  -6.56866  -27.2772  -38.1011  -27.2772  -6.56866  0.492993  0.478767  0.443124  0.46506  0.473034  -0.187167  -0.615412  9.07218  18.0664  -37.4473  -100.054  -69.2912  -59.0369  
-67.2378  -53.2227  -11.1774  32.8525  15.6325  -3.39699  -1.80428  0.637164  0.585243  0.4418  0.439379  0.432487  0.693936  1.62025  9.03512  15.7559  9.03512  1.62025  0.693936  0.432487  0.439379  0.4418  0.585243  0.637164  -1.80428  -3.39699  15.6325  32.8525  -11.1774  -53.2227  -67.2378  
17.5122  20.7798  30.5828  13.1114  -7.27103  -3.94518  1.1531  0.94931  0.416446  0.420048  0.454792  0.445922  0.386385  0.973128  3.75831  5.5535  3.75831  0.973128  0.386385  0.445922  0.454792  0.420048  0.416446  0.94931  1.1531  -3.94518  -7.27103  13.1114  30.5828  20.7798  17.5122  
13.1977  10.5431  2.57932  -8.14801  -4.20383  1.91557  1.4656  0.341363  0.352437  0.454545  0.462736  0.477182  0.457964  0.252915  -0.686362  -1.4995  -0.686362  0.252915  0.457964  0.477182  0.462736  0.454545  0.352437  0.341363  1.4656  1.91557  -4.20383  -8.14801  2.57932  10.5431  13.1977  
-2.02578  -2.61654  -4.38881  -1.86592  2.20666  1.62962  0.238758  0.264193  0.469543  0.476349  0.466853  0.477157  0.491427  0.428386  0.0701951  -0.202236  0.0701951  0.428386  0.491427  0.477157  0.466853  0.476349  0.469543  0.264193  0.238758  1.62962  2.20666  -1.86592  -4.38881  -2.61654  -2.02578  
-0.665652  -0.421803  0.309744  1.63642  1.21354  0.219419  0.252002  0.49459  0.50038  0.473916  0.477907  0.481083  0.464597  0.402662  0.273015  0.193239  0.273015  0.402662  0.464597  0.481083  0.477907  0.473916  0.50038  0.49459  0.252002  0.219419  1.21354  1.63642  0.309744  -0.421803  -0.665652  
0.714075  0.7586  0.892173  0.724985  0.336803  0.357404  0.519914  0.521791  0.487854  0.486093  0.485918  0.470725  0.428018  0.338139  0.191048  0.102984  0.191048  0.338139  0.428018  0.470725  0.485918  0.486093  0.487854  0.521791  0.519914  0.357404  0.336803  0.724985  0.892173  0.7586  0.714075  
0.577471  0.567747  0.538577  0.467573  0.474684  0.532583  0.530674  0.504533  0.494189  0.48285  0.457692  0.415841  0.351214  0.257973  0.135046  0.0661928  0.135046  0.257973  0.351214  0.415841  0.457692  0.48285  0.494189  0.504533  0.530674  0.532583  0.474684  0.467573  0.538577  0.567747  0.577471  
0.553193  0.549627  0.538931  0.52921  0.523691  0.503996  0.47283  0.442653  0.410181  0.370491  0.323937  0.270906  0.210807  0.144212  0.0719839  0.0344129  0.0719839  0.144212  0.210807  0.270906  0.323937  0.370491  0.410181  0.442653  0.47283  0.503996  0.523691  0.52921  0.538931  0.549627  0.553193  
0  0  0  0  0  0  0  0  0  0  0  0  0  0  0  0  0  0  0  0  0  0  0  0  0  0  0  0  0  0  0  
