1  1  1  1  1  1  1  1  1  1  1  1  1  1  1  1  1  1  1  1  1  1  1  1  1  1  1  1  1  1  1  
0.934297  0.905931  0.820832  0.810492  0.762146  -0.527896  -1.15191  8.84521  14.2783  -30.8803  -58.6073  49.0306  118.217  19.1642  -34.349  -32.9394  -34.349  19.1642  118.217  49.0306  -58.6073  -30.8803  14.2783  8.84521  -1.15191  -0.527896  0.762146  0.810492  0.820832  0.905931  0.934297  
4.39591  3.47625  0.717269  0.40832  -0.351007  -1.28367  12.3485  25.151  -81.4951  -179.081  261.907  657.95  -177.539  -864.734  -543.85  -425.136  -543.85  -864.734  -177.539  657.95  261.907  -179.081  -81.4951  25.151  12.3485  -1.28367  -0.351007  0.40832  0.717269  3.47625  4.39591  
14.9185  14.0455  11.4264  1.50056  -1.33551  9.52477  23.7645  -108.362  -273.608  619.632  1670.74  -1345.72  -4657.17  -1127.93  1977.39  2124.99  1977.39  -1127.93  -4657.17  -1345.72  1670.74  619.632  -273.608  -108.362  23.7645  9.52477  -1.33551  1.50056  11.4264  14.0455  14.9185  
-505.428  -388.308  -36.9503  18.3599  8.37576  11.3185  -78.9445  -231.5  768.597  2273.42  -3371.81  -11232.3  2628.24  19849.9  14571.1  11112.9  14571.1  19849.9  2628.24  -11232.3  -3371.81  2273.42  768.597  -231.5  -78.9445  11.3185  8.37576  18.3599  -36.9503  -388.308  -505.428  
-313.226  -310.991  -304.286  -91.528  20.1289  -26.7875  -112.92  534.707  1775.61  -4206.89  -14569.5  12171.3  54510.5  16879.2  -32402.9  -38263.6  -32402.9  16879.2  54510.5  12171.3  -14569.5  -4206.89  1775.61  534.707  -112.92  -26.7875  20.1289  -91.528  -304.286  -310.991  -313.226  
12667.7  9891.02  1560.94  -129.499  -86.9373  -21.9391  213.873  809.602  -2903.44  -10903  17687.3  73514  -17200.5  -176086  -147827  -111488  -147827  -176086  -17200.5  73514  17687.3  -10903  -2903.44  809.602  213.873  -21.9391  -86.9373  -129.499  1560.94  9891.02  12667.7  
-551.85  -293.217  482.679  1063.29  -34.8399  11.4432  213.115  -1129.21  -4784  12940.4  55413  -52692.9  -287627  -104563  242463  309891  242463  -104563  -287627  -52692.9  55413  12940.4  -4784  -1129.21  213.115  11.4432  -34.8399  1063.29  482.679  -293.217  -551.849  
-124846  -98432.9  -19192.8  -413.112  296.959  25.1535  -245.696  -1197.72  5161.32  24136.7  -46910.3  -235245  67754.5  793858  753292  569346  753292  793858  67754.5  -235245  -46910.3  24136.7  5161.32  -1197.72  -245.696  25.1535  296.959  -413.112  -19192.8  -98432.9  -124846  
38196.2  35520  27491.4  -1625.45  -84.1122  13.0059  -158.22  1099.77  5952.64  -20372.4  -106305  128344  813655  323981  -1.00072e+06  -1.36522e+06  -1.00072e+06  323981  813655  128344  -106305  -20372.4  5952.64  1099.77  -158.22  13.0059  -84.1122  -1625.45  27491.4  35520  38196.2  
632966  501242  106071  -29.3913  -29.5812  -13.9131  115.713  769.52  -4529.5  -26563.1  68925.1  409608  -177617  -2.06563e+06  -2.19943e+06  -1.68741e+06  -2.19943e+06  -2.06563e+06  -177617  409608  68925.1  -26563.1  -4529.5  769.52  115.713  -13.9131  -29.5812  -29.3913  106071  501242  632966  
-274031  -263680  -232626  -25087.6  156.156  -5.06461  44.0239  -474.066  -3425.86  16914.7  108251  -187321  -1.33762e+06  -533921  2.50663e+06  3.60483e+06  2.50663e+06  -533921  -1.33762e+06  -187321  108251  16914.7  -3425.86  -474.066  44.0239  -5.06461  156.156  -25087.6  -232626  -263680  -274031  
-1.87422e+06  -1.48358e+06  -311656  44772.6  4797.57  -23.7678  -17.5351  -191.42  1868.09  14339  -56848  -402040  305722  3.30619e+06  3.93986e+06  3.10815e+06  3.93986e+06  3.30619e+06  305722  -402040  -56848  14339  1868.09  -191.42  -17.5351  -23.7678  4797.57  44772.6  -311656  -1.48358e+06  -1.87422e+06  
929673  912391  860547  146331  -8750.82  -1033.54  3.31443  73.788  808.213  -6965.89  -57137.1  163594  1.31392e+06  435534  -4.00547e+06  -6.00721e+06  -4.00547e+06  435534  1.31392e+06  163594  -57137.1  -6965.89  808.213  73.788  3.31443  -1033.54  -8750.82  146331  860547  912391  929673  
3.4665e+06  2.7308e+06  523680  -249224  -43383.1  1856.93  242.884  11.3757  -289.255  -3329.84  24611.1  216667  -329503  -3.34185e+06  -4.47398e+06  -3.68082e+06  -4.47398e+06  -3.34185e+06  -329503  216667  24611.1  -3329.84  -289.255  11.3757  242.884  1856.93  -43383.1  -249224  523680  2.7308e+06  3.4665e+06  
-1.80767e+06  -1.80339e+06  -1.79058e+06  -364267  61930.7  11737.1  -417.31  -60.3182  -50.0835  1134.53  13681.9  -79876.4  -756464  -71593.4  4.17306e+06  6.46839e+06  4.17306e+06  -71593.4  -756464  -79876.4  13681.9  1134.53  -50.0835  -60.3182  -417.31  11737.1  61930.7  -364267  -1.79058e+06  -1.80339e+06  -1.80767e+06  
-4.14281e+06  -3.23453e+06  -509700  615879  135440  -14884.6  -3091.69  97.1411  21.9962  214.616  -4464.53  -56600.1  208495  2.12602e+06  3.24396e+06  2.83034e+06  3.24396e+06  2.12602e+06  208495  -56600.1  -4464.53  214.616  21.9962  97.1411  -3091.69  -14884.6  135440  615879  -509700  -3.23453e+06  -4.14281e+06  
2.15585e+06  2.18552e+06  2.27455e+06  509839  -171820  -41685.8  3524.82  799.693  -22.0296  -32.2619  -946.601  17743.7  232158  -164150  -2.83455e+06  -4.50856e+06  -2.83455e+06  -164150  232158  17743.7  -946.601  -32.2619  -22.0296  799.693  3524.82  -41685.8  -171820  509839  2.27455e+06  2.18552e+06  2.15585e+06  
3.23289e+06  2.49221e+06  270190  -841183  -216171  43608.1  11695  -814.506  -200.468  5.6231  129.018  4624.1  -67506.4  -820357  -1.47734e+06  -1.39727e+06  -1.47734e+06  -820357  -67506.4  4624.1  129.018  5.6231  -200.468  -814.506  11695  43608.1  -216171  -841183  270190  2.49221e+06  3.23289e+06  
-1.60902e+06  -1.65963e+06  -1.81144e+06  -434185  243475  70570.3  -10354.2  -3063.12  181.087  49.9284  -9.11608  -680.669  -26062.6  140235  1.22851e+06  1.99452e+06  1.22851e+06  140235  -26062.6  -680.669  -9.11608  49.9284  181.087  -3063.12  -10354.2  70570.3  243475  -434185  -1.81144e+06  -1.65963e+06  -1.60902e+06  
-1.63048e+06  -1.2371e+06  -56963.8  675520  197495  -61360  -19942.4  2293.97  748.385  -35.4016  5.34438  -108.578  5621.44  174558  403990  427519  403990  174558  5621.44  -108.578  5.34438  -35.4016  748.385  2293.97  -19942.4  -61360  197495  675520  -56963.9  -1.2371e+06  -1.63048e+06  
742707  781464  897738  229735  -190685  -64521.6  13842.5  5035.66  -464.573  -173.79  32.0269  244.038  -2392.12  -48540.9  -323546  -534409  -323546  -48540.9  -2392.12  244.038  32.0269  -173.79  -464.573  5035.66  13842.5  -64521.6  -190685  229735  897738  781464  742707  
513659  382803  -9764.56  -318998  -105913  44983.5  17380.3  -2780.34  -1133.5  81.9051  -22.711  171.022  2248.81  -15531.7  -60668.1  -75628.6  -60668.1  -15531.7  2248.81  171.022  -22.711  81.9051  -1133.5  -2780.34  17380.3  44983.5  -105913  -318998  -9764.56  382803  513659  
-202732  -218497  -265792  -74171.7  82530.4  32589  -9068.47  -3995.45  485.017  232.357  -17.727  -243.959  433.48  7752.65  47214.8  79275.6  47214.8  7752.65  433.48  -243.959  -17.727  232.357  485.017  -3995.45  -9068.47  32589  82530.4  -74171.7  -265792  -218497  -202732  
-94377.3  -69092.4  6762.08  84332.2  32280.3  -17022.9  -7845  1543.29  781.589  -70.1595  -14.778  1.42487  -505.154  -229.102  4188.3  6788.07  4188.3  -229.102  -505.154  1.42487  -14.778  -70.1595  781.589  1543.29  -7845  -17022.9  32280.3  84332.2  6762.08  -69092.4  -94377.3  
29814.8  33119.3  43032.7  13656.7  -18495.6  -8660.3  2835.96  1530.69  -212.494  -128.167  5.83336  39.1289  35.1116  -493.46  -3188.18  -5458.02  -3188.18  -493.46  35.1116  39.1289  5.83336  -128.167  -212.494  1530.69  2835.96  -8660.3  -18495.6  13656.7  43032.7  33119.3  29814.8  
8867.62  6403.02  -990.781  -11101.8  -5049.25  3036.02  1709.81  -371.232  -240.031  23.0057  15.4537  -3.76316  25.587  76.7923  -86.1113  -235.139  -86.1113  76.7923  25.587  -3.76316  15.4537  23.0057  -240.031  -371.232  1709.81  3036.02  -5049.25  -11101.8  -990.781  6403.02  8867.62  
-1954.37  -2260.49  -3178.83  -1220.25  1828.45  1053.63  -371.152  -256.531  36.6747  30.4329  -0.880035  -2.00734  -2.47912  8.08379  64.9909  114.491  64.9909  8.08379  -2.47912  -2.00734  -0.880035  30.4329  36.6747  -256.531  -371.152  1053.63  1828.45  -1220.25  -3178.83  -2260.49  -1954.37  
-320.813  -230.878  38.9279  561.509  321.055  -202.861  -148.772  32.9261  30.0837  -1.86513  -2.44967  0.516988  0.338071  -0.661404  0.140251  1.44732  0.140251  -0.661404  0.338071  0.516988  -2.44967  -1.86513  30.0837  32.9261  -148.772  -202.861  321.055  561.509  38.9279  -230.878  -320.813  
36.1801  44.4755  69.3617  35.8931  -53.33  -41.7005  15.346  15.8074  -1.43677  -2.43029  0.381102  0.523969  0.214825  0.135124  0.0572695  -0.000874197  0.0572695  0.135124  0.214825  0.523969  0.381102  -2.43029  -1.43677  15.8074  15.346  -41.7005  -53.33  35.8931  69.3617  44.4755  36.1801  
0  0  0  0  0  0  0  0  0  0  0  0  0  0  0  0  0  0  0  0  0  0  0  0  0  0  0  0  0  0  0  
