1  1  1  1  1  1  1  1  1  1  1  1  1  1  1  1  1  1  1  1  1  1  1  1  1  1  1  1  1  1  1  
2.60686e+09  2.18669e+09  9.26183e+08  -8.75769e+10  -8.35401e+10  1.44017e+12  1.72278e+12  -1.08527e+13  -1.50887e+13  4.19093e+13  6.76753e+13  -7.01395e+13  -1.42037e+14  -1.18733e+13  4.91497e+13  4.6081e+13  4.91497e+13  -1.18733e+13  -1.42037e+14  -7.01395e+13  6.76753e+13  4.19093e+13  -1.50887e+13  -1.08527e+13  1.72278e+12  1.44017e+12  -8.35401e+10  -8.75769e+10  9.26183e+08  2.18669e+09  2.60686e+09  
-2.43184e+12  -1.87676e+12  -2.11518e+11  7.51377e+10  1.0764e+12  1.74559e+12  -1.54843e+13  -2.67482e+13  1.08674e+14  2.03044e+14  -3.63158e+14  -7.75892e+14  3.17849e+14  1.08493e+15  6.34547e+14  4.87767e+14  6.34547e+14  1.08493e+15  3.17849e+14  -7.75892e+14  -3.63158e+14  2.03044e+14  1.08674e+14  -2.67482e+13  -1.54843e+13  1.74559e+12  1.0764e+12  7.51377e+10  -2.11518e+11  -1.87676e+12  -2.43184e+12  
5.18728e+12  2.35482e+12  -6.14254e+12  -1.11136e+12  1.35737e+12  -1.18068e+13  -2.49408e+13  1.43363e+14  3.06091e+14  -8.42604e+14  -1.93859e+15  2.00027e+15  5.64756e+15  8.641e+14  -2.79129e+15  -2.89102e+15  -2.79129e+15  8.641e+14  5.64756e+15  2.00027e+15  -1.93859e+15  -8.42604e+14  3.06091e+14  1.43363e+14  -2.49408e+13  -1.18068e+13  1.35737e+12  -1.11136e+12  -6.14254e+12  2.35482e+12  5.18728e+12  
3.3402e+14  2.6071e+14  4.07803e+13  -7.43797e+12  -8.64484e+12  -1.22859e+13  1.03977e+14  2.55996e+14  -1.03155e+15  -2.60054e+15  4.75777e+15  1.33332e+16  -5.19134e+15  -2.49754e+16  -1.69521e+16  -1.25689e+16  -1.69521e+16  -2.49754e+16  -5.19134e+15  1.33332e+16  4.75777e+15  -2.60054e+15  -1.03155e+15  2.55996e+14  1.03977e+14  -1.22859e+13  -8.64484e+12  -7.43797e+12  4.07803e+13  2.6071e+14  3.3402e+14  
-4.9695e+14  -3.42982e+14  1.18924e+14  7.16429e+13  -8.29795e+12  3.79321e+13  1.22988e+14  -7.10687e+14  -2.00438e+15  5.78322e+15  1.70057e+16  -1.84523e+16  -6.63017e+16  -1.3659e+16  4.54813e+16  5.13357e+16  4.54813e+16  -1.3659e+16  -6.63017e+16  -1.84523e+16  1.70057e+16  5.78322e+15  -2.00438e+15  -7.10687e+14  1.22988e+14  3.79321e+13  -8.29795e+12  7.16429e+13  1.18924e+14  -3.42982e+14  -4.9695e+14  
-7.98415e+15  -6.27382e+15  -1.14285e+15  -8.79233e+12  6.65791e+13  3.17279e+13  -2.80203e+14  -9.02519e+14  3.92653e+15  1.25394e+16  -2.51748e+16  -8.74906e+16  3.60838e+16  2.21788e+17  1.7143e+17  1.24272e+17  1.7143e+17  2.21788e+17  3.60838e+16  -8.74906e+16  -2.51748e+16  1.25394e+16  3.92653e+15  -9.02519e+14  -2.80203e+14  3.17279e+13  6.65791e+13  -8.79233e+12  -1.14285e+15  -6.27382e+15  -7.98415e+15  
1.06807e+16  8.29944e+15  1.15557e+15  -6.74527e+14  -2.11556e+13  -3.57364e+13  -2.31713e+14  1.51029e+15  5.42642e+15  -1.78673e+16  -6.48041e+16  8.04412e+16  3.50098e+17  8.46701e+16  -3.3779e+17  -4.11096e+17  -3.3779e+17  8.46701e+16  3.50098e+17  8.04412e+16  -6.48041e+16  -1.78673e+16  5.42642e+15  1.51029e+15  -2.31713e+14  -3.57364e+13  -2.11556e+13  -6.74527e+14  1.15557e+15  8.29944e+15  1.06807e+16  
7.52577e+16  5.91278e+16  1.07382e+16  7.30201e+14  -1.82447e+14  -3.98313e+13  3.21332e+14  1.34099e+15  -6.99323e+15  -2.77864e+16  6.68347e+16  2.79954e+17  -1.40188e+17  -9.98943e+17  -8.69638e+17  -6.24647e+17  -8.69638e+17  -9.98943e+17  -1.40188e+17  2.79954e+17  6.68347e+16  -2.77864e+16  -6.99323e+15  1.34099e+15  3.21332e+14  -3.98313e+13  -1.82447e+14  7.30201e+14  1.07382e+16  5.91278e+16  7.52577e+16  
-9.5181e+16  -7.85505e+16  -2.86591e+16  7.22221e+14  1.06506e+14  1.02387e+13  1.73636e+14  -1.47036e+15  -6.74888e+15  2.80931e+16  1.24174e+17  -1.94455e+17  -9.88901e+17  -2.4961e+17  1.3818e+18  1.79448e+18  1.3818e+18  -2.4961e+17  -9.88901e+17  -1.94455e+17  1.24174e+17  2.80931e+16  -6.74888e+15  -1.47036e+15  1.73636e+14  1.02387e+13  1.06506e+14  7.22221e+14  -2.86591e+16  -7.85505e+16  -9.5181e+16  
-3.64842e+17  -2.84637e+17  -4.40234e+16  1.11186e+15  2.62564e+12  1.68539e+13  -1.50801e+14  -8.58644e+14  6.12144e+15  3.04955e+16  -9.75246e+16  -4.86132e+17  3.4032e+17  2.59174e+18  2.52368e+18  1.81952e+18  2.52368e+18  2.59174e+18  3.4032e+17  -4.86132e+17  -9.75246e+16  3.04955e+16  6.12144e+15  -8.58644e+14  -1.50801e+14  1.68539e+13  2.62564e+12  1.11186e+15  -4.40234e+16  -2.84637e+17  -3.64842e+17  
4.43761e+17  3.80401e+17  1.90321e+17  1.30197e+16  -2.42342e+14  -1.88399e+11  -4.76429e+13  6.32052e+14  3.86511e+15  -2.31619e+16  -1.25874e+17  2.78224e+17  1.61953e+18  3.5438e+17  -3.42645e+18  -4.70203e+18  -3.42645e+18  3.5438e+17  1.61953e+18  2.78224e+17  -1.25874e+17  -2.31619e+16  3.86511e+15  6.32052e+14  -4.76429e+13  -1.88399e+11  -2.42342e+14  1.30197e+16  1.90321e+17  3.80401e+17  4.43761e+17  
1.03194e+18  7.93536e+17  7.83313e+16  -4.42942e+16  -2.54944e+15  4.15797e+13  2.37993e+13  2.12363e+14  -2.50523e+15  -1.63429e+16  7.93508e+16  4.7441e+17  -5.30845e+17  -4.12787e+18  -4.48383e+18  -3.28807e+18  -4.48383e+18  -4.12787e+18  -5.30845e+17  4.7441e+17  7.93508e+16  -1.63429e+16  -2.50523e+15  2.12363e+14  2.37993e+13  4.15797e+13  -2.54944e+15  -4.42942e+16  7.83313e+16  7.93536e+17  1.03194e+18  
-1.21329e+18  -1.06877e+18  -6.3521e+17  -6.21916e+16  9.52886e+15  5.58041e+14  -6.54891e+12  -9.69706e+13  -9.0099e+14  9.4271e+15  6.58601e+16  -2.36293e+17  -1.58036e+18  -1.51464e+17  5.41556e+18  7.78439e+18  5.41556e+18  -1.51464e+17  -1.58036e+18  -2.36293e+17  6.58601e+16  9.4271e+15  -9.0099e+14  -9.69706e+13  -6.54891e+12  5.58041e+14  9.52886e+15  -6.21916e+16  -6.3521e+17  -1.06877e+18  -1.21329e+18  
-1.82026e+18  -1.36797e+18  -1.1106e+16  2.13553e+17  2.04789e+16  -2.156e+15  -1.32412e+14  -1.10793e+13  3.84177e+14  3.74484e+15  -3.37188e+16  -2.53148e+17  5.22473e+17  4.14219e+18  5.03573e+18  3.81149e+18  5.03573e+18  4.14219e+18  5.22473e+17  -2.53148e+17  -3.37188e+16  3.74484e+15  3.84177e+14  -1.10793e+13  -1.32412e+14  -2.156e+15  2.04789e+16  2.13553e+17  -1.11061e+16  -1.36797e+18  -1.82026e+18  
2.06488e+18  1.85867e+18  1.24001e+18  1.25085e+17  -5.83272e+16  -5.81301e+15  5.10012e+14  3.46368e+13  5.49588e+13  -1.51055e+15  -1.55286e+16  1.11764e+17  9.00323e+17  -2.21011e+17  -5.57714e+18  -8.33424e+18  -5.57714e+18  -2.21011e+17  9.00323e+17  1.11764e+17  -1.55286e+16  -1.51055e+15  5.49588e+13  3.46368e+13  5.10012e+14  -5.81301e+15  -5.83272e+16  1.25085e+17  1.24001e+18  1.85867e+18  2.06488e+18  
2.07071e+18  1.50539e+18  -1.90582e+17  -4.90213e+17  -5.71009e+16  1.50409e+16  1.57735e+15  -1.23285e+14  -1.70977e+13  -2.34739e+14  5.98303e+15  6.5016e+16  -3.06745e+17  -2.60789e+18  -3.59603e+18  -2.86013e+18  -3.59603e+18  -2.60789e+18  -3.06745e+17  6.5016e+16  5.98303e+15  -2.34739e+14  -1.70977e+13  -1.23285e+14  1.57735e+15  1.50409e+16  -5.71009e+16  -4.90213e+17  -1.90582e+17  1.50539e+18  2.07071e+18  
-2.24811e+18  -2.06215e+18  -1.50427e+18  -1.33528e+17  1.49984e+17  1.91486e+16  -3.77708e+15  -4.16568e+14  2.9846e+13  3.99977e+13  1.0435e+15  -2.40086e+16  -2.71434e+17  3.56331e+17  3.7431e+18  5.77958e+18  3.7431e+18  3.56331e+17  -2.71434e+17  -2.40086e+16  1.0435e+15  3.99977e+13  2.9846e+13  -4.16568e+14  -3.77708e+15  1.91486e+16  1.49984e+17  -1.33528e+17  -1.50427e+18  -2.06215e+18  -2.24811e+18  
-1.53533e+18  -1.06616e+18  3.41346e+17  6.3911e+17  8.16682e+16  -4.0924e+16  -5.65113e+15  9.22116e+14  1.06577e+14  -7.1432e+12  -1.6712e+14  -5.13177e+15  9.32947e+16  9.90623e+17  1.60218e+18  1.37217e+18  1.60218e+18  9.90623e+17  9.32947e+16  -5.13177e+15  -1.6712e+14  -7.1432e+12  1.06577e+14  9.22116e+14  -5.65113e+15  -4.0924e+16  8.16682e+16  6.3911e+17  3.41346e+17  -1.06616e+18  -1.53533e+18  
1.57076e+18  1.46719e+18  1.1565e+18  7.86517e+16  -2.03028e+17  -3.04048e+16  1.03577e+16  1.53493e+15  -2.15929e+14  -2.75526e+13  1.08822e+13  8.9245e+14  2.92106e+16  -2.17613e+17  -1.60253e+18  -2.545e+18  -1.60253e+18  -2.17613e+17  2.92106e+16  8.9245e+14  1.08822e+13  -2.75526e+13  -2.15929e+14  1.53493e+15  1.03577e+16  -3.04048e+16  -2.03028e+17  7.86517e+16  1.1565e+18  1.46719e+18  1.57076e+18  
7.34826e+17  4.79814e+17  -2.85219e+17  -4.97665e+17  -6.75302e+16  5.51832e+16  9.25114e+15  -2.44161e+15  -3.85687e+14  4.59035e+13  -1.50659e+13  1.33814e+14  -7.15811e+15  -2.04935e+17  -4.23596e+17  -4.05558e+17  -4.23596e+17  -2.04935e+17  -7.15811e+15  1.33814e+14  -1.50659e+13  4.59035e+13  -3.85687e+14  -2.44161e+15  9.25114e+15  5.51832e+16  -6.75302e+16  -4.97665e+17  -2.85219e+17  4.79814e+17  7.34826e+17  
-6.90264e+17  -6.57181e+17  -5.57932e+17  -2.47712e+16  1.54682e+17  2.65005e+16  -1.33473e+16  -2.45966e+15  5.29341e+14  9.71534e+13  -3.52392e+13  -3.23515e+14  2.7845e+15  6.63251e+16  4.16839e+17  6.78971e+17  4.16839e+17  6.63251e+16  2.7845e+15  -3.23515e+14  -3.52392e+13  9.71534e+13  5.29341e+14  -2.45966e+15  -1.33473e+16  2.65005e+16  1.54682e+17  -2.47712e+16  -5.57932e+17  -6.57181e+17  -6.90264e+17  
-2.19727e+17  -1.32359e+17  1.29745e+17  2.30499e+17  3.35747e+16  -3.95544e+16  -7.86929e+15  2.8815e+15  5.76552e+14  -1.01503e+14  5.36201e+13  -1.72457e+14  -2.93393e+15  1.67729e+16  6.00097e+16  6.86687e+16  6.00097e+16  1.67729e+16  -2.93393e+15  -1.72457e+14  5.36201e+13  -1.01503e+14  5.76552e+14  2.8815e+15  -7.86929e+15  -3.95544e+16  3.35747e+16  2.30499e+17  1.29745e+17  -1.32359e+17  -2.19727e+17  
1.81604e+17  1.76713e+17  1.6204e+17  4.01804e+15  -6.60186e+16  -1.30516e+16  8.62181e+15  1.93451e+15  -5.45504e+14  -1.28065e+14  1.93536e+13  3.03309e+14  -3.89854e+14  -9.79081e+15  -6.00686e+16  -1.00307e+17  -6.00686e+16  -9.79081e+15  -3.89854e+14  3.03309e+14  1.93536e+13  -1.28065e+14  -5.45504e+14  1.93451e+15  8.62181e+15  -1.30516e+16  -6.60186e+16  4.01804e+15  1.6204e+17  1.76713e+17  1.81604e+17  
3.84208e+16  2.08946e+16  -3.16839e+16  -6.03614e+16  -9.89097e+15  1.48741e+16  3.53697e+15  -1.59838e+15  -3.98532e+14  8.90575e+13  -6.58517e+12  -1.36111e+13  6.25149e+14  5.2687e+14  -3.6525e+15  -5.80969e+15  -3.6525e+15  5.2687e+14  6.25149e+14  -1.36111e+13  -6.58517e+12  8.90575e+13  -3.98532e+14  -1.59838e+15  3.53697e+15  1.48741e+16  -9.89097e+15  -6.03614e+16  -3.16839e+16  2.08946e+16  3.84208e+16  
-2.59959e+16  -2.59827e+16  -2.59428e+16  -4.74274e+14  1.47708e+16  3.47839e+15  -2.7124e+15  -7.47531e+14  2.45733e+14  6.99188e+13  -7.69402e+12  -4.33694e+13  -5.76134e+13  5.80387e+14  4.00492e+15  6.87829e+15  4.00492e+15  5.80387e+14  -5.76134e+13  -4.33694e+13  -7.69402e+12  6.99188e+13  2.45733e+14  -7.47531e+14  -2.7124e+15  3.47839e+15  1.47708e+16  -4.74274e+14  -2.59428e+16  -2.59827e+16  -2.59959e+16  
-3.45767e+15  -1.66351e+15  3.71894e+15  7.9503e+15  1.57998e+15  -2.67865e+15  -7.84399e+14  3.96291e+14  1.25288e+14  -3.04805e+13  -7.45715e+12  6.40143e+12  -2.96045e+13  -1.02574e+14  4.56432e+13  1.84429e+14  4.56432e+13  -1.02574e+14  -2.96045e+13  6.40143e+12  -7.45715e+12  -3.04805e+13  1.25288e+14  3.96291e+14  -7.84399e+14  -2.67865e+15  1.57998e+15  7.9503e+15  3.71894e+15  -1.66351e+15  -3.45767e+15  
1.67378e+15  1.73356e+15  1.91288e+15  7.27975e+13  -1.4771e+15  -4.37366e+14  3.66588e+14  1.29159e+14  -4.50213e+13  -1.65647e+13  2.55725e+12  1.89744e+12  3.8336e+12  -8.15358e+12  -8.03286e+13  -1.43562e+14  -8.03286e+13  -8.15358e+12  3.8336e+12  1.89744e+12  2.55725e+12  -1.65647e+13  -4.50213e+13  1.29159e+14  3.66588e+14  -4.37366e+14  -1.4771e+15  7.27976e+13  1.91288e+15  1.73356e+15  1.67378e+15  
1.21604e+14  5.13287e+13  -1.59498e+14  -4.06656e+14  -1.084e+14  1.85202e+14  7.14018e+13  -3.72514e+13  -1.60216e+13  3.85576e+12  1.69764e+12  -2.63903e+11  6.63129e+10  1.17331e+12  4.18561e+11  -9.24901e+11  4.18561e+11  1.17331e+12  6.63129e+10  -2.63903e+11  1.69764e+12  3.85576e+12  -1.60216e+13  -3.72514e+13  7.14018e+13  1.85202e+14  -1.084e+14  -4.06656e+14  -1.59498e+14  5.13287e+13  1.21604e+14  
-3.02689e+13  -3.31557e+13  -4.18158e+13  -4.6515e+12  4.49238e+13  1.8743e+13  -1.58442e+13  -8.13589e+12  2.82537e+12  1.63071e+12  -2.5597e+11  -1.58552e+11  1.13429e+10  5.59267e+09  1.73382e+10  4.3965e+10  1.73382e+10  5.59267e+09  1.13429e+10  -1.58552e+11  -2.5597e+11  1.63071e+12  2.82537e+12  -8.13589e+12  -1.58442e+13  1.8743e+13  4.49238e+13  -4.6515e+12  -4.18158e+13  -3.31557e+13  -3.02689e+13  
0  0  0  0  0  0  0  0  0  0  0  0  0  0  0  0  0  0  0  0  0  0  0  0  0  0  0  0  0  0  0  
