1  1  1  1  1  1  1  1  1  1  1  1  1  1  1  1  1  1  1  1  1  1  1  1  1  1  1  1  1  1  1  
-1.51011e+10  -4.40554e+10  -1.30918e+11  -4.1812e+11  3.50685e+12  9.14319e+12  -3.51817e+13  -9.08395e+13  1.69595e+14  4.76919e+14  -3.5858e+14  -1.29366e+15  -4.08551e+13  1.19592e+15  8.31404e+14  6.79128e+14  8.31404e+14  1.19592e+15  -4.08551e+13  -1.29366e+15  -3.5858e+14  4.76919e+14  1.69595e+14  -9.08395e+13  -3.51817e+13  9.14319e+12  3.50685e+12  -4.1812e+11  -1.30918e+11  -4.40554e+10  -1.51011e+10  
-1.33606e+13  -1.12021e+13  -4.72665e+12  1.86181e+12  7.12805e+12  -3.66922e+13  -1.25658e+14  3.34726e+14  1.1412e+15  -1.40336e+15  -5.42306e+15  1.60422e+15  1.1557e+16  5.02295e+15  -2.16628e+15  -2.62168e+15  -2.16628e+15  5.02295e+15  1.1557e+16  1.60422e+15  -5.42306e+15  -1.40336e+15  1.1412e+15  3.34726e+14  -1.25658e+14  -3.66922e+13  7.12805e+12  1.86181e+12  -4.72665e+12  -1.12021e+13  -1.33606e+13  
3.33295e+14  2.4874e+14  -4.9262e+12  -1.79104e+13  -2.21399e+13  -9.17775e+13  3.46058e+14  1.40505e+15  -2.57987e+15  -1.09262e+16  7.65822e+15  4.24808e+16  5.5346e+15  -5.4645e+16  -4.61141e+16  -3.74855e+16  -4.61141e+16  -5.4645e+16  5.5346e+15  4.24808e+16  7.65822e+15  -1.09262e+16  -2.57987e+15  1.40505e+15  3.46058e+14  -9.17775e+13  -2.21399e+13  -1.79104e+13  -4.9262e+12  2.4874e+14  3.33295e+14  
1.48101e+15  1.24182e+15  5.24242e+14  5.16021e+13  -7.46957e+13  1.9176e+14  9.6123e+14  -2.53005e+15  -1.20303e+16  1.45857e+16  7.829e+16  -1.85512e+16  -2.25826e+17  -1.24285e+17  6.22098e+16  8.7409e+16  6.22098e+16  -1.24285e+17  -2.25826e+17  -1.85512e+16  7.829e+16  1.45857e+16  -1.20303e+16  -2.53005e+15  9.6123e+14  1.9176e+14  -7.46957e+13  5.16021e+13  5.24242e+14  1.24182e+15  1.48101e+15  
-1.72961e+16  -1.3281e+16  -1.23562e+15  5.60986e+14  1.6889e+14  3.34323e+14  -1.38945e+15  -7.60935e+15  1.43426e+16  8.07084e+16  -5.61371e+16  -4.24819e+17  -8.75173e+16  7.36137e+17  7.26123e+17  5.94002e+17  7.26123e+17  7.36137e+17  -8.75173e+16  -4.24819e+17  -5.61371e+16  8.07084e+16  1.43426e+16  -7.60935e+15  -1.38945e+15  3.34323e+14  1.6889e+14  5.60986e+14  -1.23562e+15  -1.3281e+16  -1.72961e+16  
-2.73746e+16  -2.24038e+16  -7.49127e+15  -2.04909e+15  4.26804e+14  -3.36574e+14  -2.78688e+15  7.80911e+15  4.84843e+16  -6.27707e+16  -4.35159e+17  9.58436e+16  1.7118e+18  1.1281e+18  -6.92983e+17  -1.07991e+18  -6.92983e+17  1.1281e+18  1.7118e+18  9.58436e+16  -4.35159e+17  -6.27707e+16  4.84843e+16  7.80911e+15  -2.78688e+15  -3.36574e+14  4.26804e+14  -2.04909e+15  -7.49127e+15  -2.24038e+16  -2.73746e+16  
2.68483e+17  2.10541e+17  3.67156e+16  -2.42202e+15  -1.17043e+15  -4.30751e+14  2.37851e+15  1.69003e+16  -3.59644e+16  -2.57178e+17  1.99323e+17  1.90066e+18  4.89671e+17  -4.55433e+18  -5.15208e+18  -4.29315e+18  -5.15208e+18  -4.55433e+18  4.89671e+17  1.90066e+18  1.99323e+17  -2.57178e+17  -3.59644e+16  1.69003e+16  2.37851e+15  -4.30751e+14  -1.17043e+15  -2.42202e+15  3.67156e+16  2.10541e+17  2.68483e+17  
1.8095e+17  1.3729e+17  6.30745e+15  1.30323e+16  -4.8816e+14  8.62634e+13  3.28062e+15  -1.10455e+16  -8.7821e+16  1.35758e+17  1.16125e+18  -3.0877e+17  -6.52664e+18  -4.97989e+18  3.96759e+18  6.62371e+18  3.96759e+18  -4.97989e+18  -6.52664e+18  -3.0877e+17  1.16125e+18  1.35758e+17  -8.7821e+16  -1.10455e+16  3.28062e+15  8.62634e+13  -4.8816e+14  1.30323e+16  6.30745e+15  1.3729e+17  1.8095e+17  
-1.92198e+18  -1.52962e+18  -3.52537e+17  -4.31244e+15  1.6077e+15  2.6408e+14  -1.76157e+15  -1.65221e+16  4.49682e+16  4.00733e+17  -3.98878e+17  -4.46575e+18  -1.22145e+18  1.55257e+19  1.98908e+19  1.70702e+19  1.98908e+19  1.55257e+19  -1.22145e+18  -4.46575e+18  -3.98878e+17  4.00733e+17  4.49682e+16  -1.65221e+16  -1.76157e+15  2.6408e+14  1.6077e+15  -4.31244e+15  -3.52537e+17  -1.52962e+18  -1.92198e+18  
-4.85159e+17  -2.73504e+17  3.61462e+17  2.83418e+16  -3.64114e+14  -1.34954e+13  -1.52727e+15  7.30322e+15  7.5208e+16  -1.58885e+17  -1.63136e+18  6.84491e+17  1.40902e+19  1.21221e+19  -1.33008e+19  -2.31618e+19  -1.33008e+19  1.21221e+19  1.40902e+19  6.84491e+17  -1.63136e+18  -1.58885e+17  7.5208e+16  7.30322e+15  -1.52727e+15  -1.34954e+13  -3.64114e+14  2.83418e+16  3.61462e+17  -2.73504e+17  -4.85159e+17  
7.6036e+18  6.11096e+18  1.63303e+18  -1.80497e+16  -4.07096e+15  -5.0719e+13  5.10225e+14  6.85369e+15  -2.80859e+16  -3.1471e+17  4.69659e+17  5.89703e+18  1.32033e+18  -3.19156e+19  -4.59659e+19  -4.10438e+19  -4.59659e+19  -3.19156e+19  1.32033e+18  5.89703e+18  4.69659e+17  -3.1471e+17  -2.80859e+16  6.85369e+15  5.10225e+14  -5.0719e+13  -4.07096e+15  -1.80497e+16  1.63303e+18  6.11096e+18  7.6036e+18  
1.85392e+17  -4.56417e+17  -2.38184e+18  -5.12568e+17  1.90152e+15  7.52202e+14  2.31647e+14  -2.02549e+15  -2.89443e+16  9.88798e+16  1.22482e+18  -9.76205e+17  -1.81514e+19  -1.71368e+19  2.79211e+19  4.97088e+19  2.79211e+19  -1.71368e+19  -1.81514e+19  -9.76205e+17  1.22482e+18  9.88798e+16  -2.89443e+16  -2.02549e+15  2.31647e+14  7.52202e+14  1.90152e+15  -5.12568e+17  -2.38184e+18  -4.56417e+17  1.85392e+17  
-1.8237e+19  -1.47428e+19  -4.26029e+18  4.6093e+17  1.2272e+17  -1.90071e+14  -2.09202e+14  -9.73534e+14  7.75771e+15  1.17133e+17  -3.12305e+17  -4.40709e+18  -1.34527e+17  4.13204e+19  6.68172e+19  6.27075e+19  6.68172e+19  4.13204e+19  -1.34527e+17  -4.40709e+18  -3.12305e+17  1.17133e+17  7.75771e+15  -9.73534e+14  -2.09202e+14  -1.90071e+14  1.2272e+17  4.6093e+17  -4.26029e+18  -1.47428e+19  -1.8237e+19  
1.94335e+18  3.23747e+18  7.11982e+18  1.99925e+18  -8.38675e+16  -2.95145e+16  7.20584e+12  1.97058e+14  3.99711e+15  -2.86268e+16  -4.59888e+17  8.06059e+17  1.40465e+19  1.39657e+19  -3.79224e+19  -6.8021e+19  -3.79224e+19  1.39657e+19  1.40465e+19  8.06059e+17  -4.59888e+17  -2.86268e+16  3.99711e+15  1.97058e+14  7.20583e+12  -2.95145e+16  -8.38675e+16  1.99925e+18  7.11982e+18  3.23747e+18  1.94335e+18  
2.7848e+19  2.25737e+19  6.75102e+18  -1.91653e+18  -6.32896e+17  1.56315e+16  7.28448e+15  2.28838e+13  -6.33038e+14  -1.63875e+16  1.01595e+17  1.7509e+18  -9.82644e+17  -3.41078e+19  -6.23918e+19  -6.22147e+19  -6.23918e+19  -3.41078e+19  -9.82644e+17  1.7509e+18  1.01595e+17  -1.63875e+16  -6.33038e+14  2.28838e+13  7.28448e+15  1.56315e+16  -6.32896e+17  -1.91653e+18  6.75102e+18  2.25737e+19  2.7848e+19  
-5.0305e+18  -6.80776e+18  -1.21395e+19  -3.97004e+18  4.38577e+17  1.78553e+17  -2.93197e+15  -1.82117e+15  -8.18923e+13  2.51579e+15  6.85061e+16  -3.3438e+17  -6.23851e+18  -5.85416e+18  3.36331e+19  6.01573e+19  3.36331e+19  -5.85416e+18  -6.23851e+18  -3.3438e+17  6.85061e+16  2.51579e+15  -8.18923e+13  -1.82117e+15  -2.93197e+15  1.78553e+17  4.38577e+17  -3.97004e+18  -1.21395e+19  -6.80776e+18  -5.0305e+18  
-2.7663e+19  -2.24326e+19  -6.74165e+18  3.75713e+18  1.44963e+18  -9.42737e+16  -4.78588e+16  5.28746e+14  4.52349e+14  3.37075e+14  -1.05217e+16  -2.98085e+17  8.42888e+17  1.76665e+19  3.73619e+19  4.00889e+19  3.73619e+19  1.76665e+19  8.42888e+17  -2.98085e+17  -1.05217e+16  3.37075e+14  4.52349e+14  5.28746e+14  -4.78588e+16  -9.42737e+16  1.44963e+18  3.75713e+18  -6.74165e+18  -2.24326e+19  -2.7663e+19  
6.00998e+18  7.67047e+18  1.26519e+19  4.63506e+18  -9.44942e+17  -4.41855e+17  1.92234e+16  1.23271e+16  -8.46882e+13  -1.08164e+14  -1.46077e+15  4.72359e+16  1.35078e+18  5.17979e+17  -1.926e+19  -3.41188e+19  -1.926e+19  5.17979e+17  1.35078e+18  4.72359e+16  -1.46077e+15  -1.08164e+14  -8.46882e+13  1.23271e+16  1.92234e+16  -4.41855e+17  -9.44942e+17  4.63506e+18  1.26519e+19  7.67047e+18  6.00998e+18  
1.78751e+19  1.44803e+19  4.29583e+18  -4.10665e+18  -1.80831e+18  2.11627e+17  1.21483e+17  -3.62534e+15  -3.02915e+15  -2.07464e+12  -7.23695e+13  8.21649e+15  -2.34784e+17  -5.45056e+18  -1.39986e+19  -1.64229e+19  -1.39986e+19  -5.45056e+18  -2.34784e+17  8.21649e+15  -7.23695e+13  -2.07465e+12  -3.02915e+15  -3.62534e+15  1.21483e+17  2.11627e+17  -1.80831e+18  -4.10665e+18  4.29583e+18  1.44803e+19  1.78751e+19  
-4.05298e+18  -5.08574e+18  -8.18404e+18  -3.31924e+18  1.0465e+18  5.59625e+17  -4.27625e+16  -3.07218e+16  5.98173e+14  7.27911e+14  -2.30135e+14  3.11545e+14  -4.47069e+16  5.39843e+17  6.88084e+18  1.20257e+19  6.88084e+18  5.39843e+17  -4.47069e+16  3.11545e+14  -2.30135e+14  7.27911e+14  5.98173e+14  -3.07218e+16  -4.27625e+16  5.59625e+17  1.0465e+18  -3.31924e+18  -8.18404e+18  -5.08574e+18  -4.05298e+18  
-7.35127e+18  -5.94724e+18  -1.73515e+18  2.60865e+18  1.30433e+18  -2.27087e+17  -1.49494e+17  7.59255e+15  7.10512e+15  -2.24076e+13  2.83326e+14  -3.57409e+15  -1.01168e+16  8.86957e+17  3.10805e+18  4.07463e+18  3.10805e+18  8.86957e+17  -1.01168e+16  -3.57409e+15  2.83326e+14  -2.24076e+13  7.10512e+15  7.59255e+15  -1.49494e+17  -2.27087e+17  1.30433e+18  2.60865e+18  -1.73515e+18  -5.94724e+18  -7.35127e+18  
1.58128e+18  1.99052e+18  3.21824e+18  1.45072e+18  -6.2954e+17  -3.86973e+17  4.2258e+16  3.52104e+16  -1.10609e+15  -1.58478e+15  4.17125e+14  3.60442e+15  -2.57138e+16  -2.10462e+17  -1.43355e+18  -2.46897e+18  -1.43355e+18  -2.10462e+17  -2.57138e+16  3.60442e+15  4.17125e+14  -1.58478e+15  -1.10609e+15  3.52104e+16  4.2258e+16  -3.86973e+17  -6.2954e+17  1.45072e+18  3.21824e+18  1.99052e+18  1.58128e+18  
1.83038e+18  1.48086e+18  4.32333e+17  -9.45178e+17  -5.40494e+17  1.23314e+17  9.47625e+16  -6.47858e+15  -7.24765e+15  7.74084e+13  -2.48708e+14  1.47043e+15  1.45066e+16  -5.26232e+16  -3.69123e+17  -5.58525e+17  -3.69123e+17  -5.26232e+16  1.45066e+16  1.47043e+15  -2.48708e+14  7.74084e+13  -7.24765e+15  -6.47858e+15  9.47625e+16  1.23314e+17  -5.40494e+17  -9.45178e+17  4.32333e+17  1.48086e+18  1.83038e+18  
-3.41012e+17  -4.36757e+17  -7.23989e+17  -3.68664e+17  2.0071e+17  1.43994e+17  -1.94712e+16  -1.95263e+16  7.27091e+14  1.33337e+15  -4.84208e+13  -1.35673e+15  1.88367e+15  2.7878e+16  1.53393e+17  2.60866e+17  1.53393e+17  2.7878e+16  1.88367e+15  -1.35673e+15  -4.84208e+13  1.33337e+15  7.27091e+14  -1.95263e+16  -1.94712e+16  1.43994e+17  2.0071e+17  -3.68664e+17  -7.23989e+17  -4.36757e+17  -3.41012e+17  
-2.50783e+17  -2.03699e+17  -6.24483e+16  1.80889e+17  1.20489e+17  -3.25191e+16  -3.00604e+16  2.30727e+15  3.3444e+15  -3.76593e+13  -8.72893e+13  -1.13392e+13  -1.78322e+15  -1.461e+15  1.91978e+16  3.5358e+16  1.91978e+16  -1.461e+15  -1.78322e+15  -1.13392e+13  -8.72893e+13  -3.76592e+13  3.3444e+15  2.30727e+15  -3.00604e+16  -3.25191e+16  1.20489e+17  1.80889e+17  -6.24483e+16  -2.03699e+17  -2.50783e+17  
3.59735e+16  4.7526e+16  8.21838e+16  4.86304e+16  -3.05531e+16  -2.63578e+16  3.88601e+15  4.9941e+15  -1.59455e+14  -4.69434e+14  -1.29926e+13  1.16041e+14  1.00073e+14  -1.19326e+15  -6.45701e+15  -1.09218e+16  -6.45701e+15  -1.19326e+15  1.00073e+14  1.16041e+14  -1.29926e+13  -4.69434e+14  -1.59455e+14  4.9941e+15  3.88601e+15  -2.63578e+16  -3.05531e+16  4.86304e+16  8.21838e+16  4.7526e+16  3.59735e+16  
1.56478e+16  1.28644e+16  4.51404e+15  -1.53838e+16  -1.23557e+16  3.5818e+15  4.22658e+15  -2.9419e+14  -6.52879e+14  -4.08329e+12  4.78341e+13  -4.61507e+12  4.25734e+13  1.26064e+14  -2.7149e+14  -6.7471e+14  -2.7149e+14  1.26064e+14  4.25734e+13  -4.61507e+12  4.78341e+13  -4.08329e+12  -6.52879e+14  -2.9419e+14  4.22658e+15  3.5818e+15  -1.23557e+16  -1.53838e+16  4.51404e+15  1.28644e+16  1.56478e+16  
-1.39946e+15  -1.94532e+15  -3.58289e+15  -2.58494e+15  1.72961e+15  1.91434e+15  -2.64425e+14  -5.05077e+14  4.03288e+12  6.65331e+13  3.02172e+12  -4.88624e+12  -2.63153e+12  7.25007e+12  4.72913e+13  8.16039e+13  4.72913e+13  7.25007e+12  -2.63153e+12  -4.88624e+12  3.02172e+12  6.65331e+13  4.03288e+12  -5.05077e+14  -2.64425e+14  1.91434e+15  1.72961e+15  -2.58494e+15  -3.58289e+15  -1.94532e+15  -1.39946e+15  
-2.79129e+14  -2.36438e+14  -1.08366e+14  3.79809e+14  4.00489e+14  -1.11999e+14  -1.99498e+14  6.84794e+12  4.69804e+13  2.5906e+12  -5.79435e+12  -5.32178e+11  3.42202e+11  2.03443e+10  2.50758e+10  1.79493e+11  2.50758e+10  2.03443e+10  3.42202e+11  -5.32178e+11  -5.79435e+12  2.5906e+12  4.69804e+13  6.84794e+12  -1.99498e+14  -1.11999e+14  4.00489e+14  3.79809e+14  -1.08366e+14  -2.36438e+14  -2.79129e+14  
0  0  0  0  0  0  0  0  0  0  0  0  0  0  0  0  0  0  0  0  0  0  0  0  0  0  0  0  0  0  0  
