1  1  1  1  1  1  1  1  1  1  1  1  1  1  1  1  1  1  1  1  1  1  1  1  1  1  1  1  1  1  1  
-1.07773e+13  -5.52413e+12  1.02354e+13  7.18107e+13  -2.4201e+14  -1.38015e+15  2.02534e+15  1.21525e+16  -6.69363e+15  -5.69845e+16  -2.03333e+15  1.34872e+17  6.75244e+16  -8.9971e+16  -8.85216e+16  -7.4993e+16  -8.85216e+16  -8.9971e+16  6.75244e+16  1.34872e+17  -2.03333e+15  -5.69845e+16  -6.69363e+15  1.21525e+16  2.02534e+15  -1.38015e+15  -2.4201e+14  7.18107e+13  1.02354e+13  -5.52413e+12  -1.07773e+13  
1.77215e+15  1.3006e+15  -1.14026e+14  -2.4338e+14  -1.0144e+15  2.13816e+15  1.70229e+16  -1.4583e+16  -1.40152e+17  2.00106e+16  5.96665e+17  2.2317e+17  -1.06519e+18  -8.91348e+17  -1.14407e+17  -1.16873e+16  -1.14407e+17  -8.91348e+17  -1.06519e+18  2.2317e+17  5.96665e+17  2.00106e+16  -1.40152e+17  -1.4583e+16  1.70229e+16  2.13816e+15  -1.0144e+15  -2.4338e+14  -1.14026e+14  1.3006e+15  1.77215e+15  
1.93801e+16  1.61773e+16  6.56915e+15  -2.1332e+14  7.23979e+14  1.28045e+16  -1.62874e+16  -1.76889e+17  6.71813e+16  1.25233e+18  2.66605e+17  -4.2918e+18  -2.99658e+18  3.96554e+18  4.93937e+18  4.29659e+18  4.93937e+18  3.96554e+18  -2.99658e+18  -4.2918e+18  2.66605e+17  1.25233e+18  6.71813e+16  -1.76889e+17  -1.62874e+16  1.28045e+16  7.23979e+14  -2.1332e+14  6.56915e+15  1.61773e+16  1.93801e+16  
-2.69737e+17  -2.04029e+17  -6.90279e+15  1.36096e+16  6.63816e+15  -1.06305e+16  -1.23484e+17  8.59048e+16  1.42584e+18  1.38275e+16  -8.39434e+18  -4.55387e+18  2.03527e+19  2.1209e+19  2.71064e+18  -1.28159e+18  2.71064e+18  2.1209e+19  2.03527e+19  -4.55387e+18  -8.39434e+18  1.38275e+16  1.42584e+18  8.59048e+16  -1.23484e+17  -1.06305e+16  6.63816e+15  1.36096e+16  -6.90279e+15  -2.04029e+17  -2.69737e+17  
-7.43766e+17  -6.15226e+17  -2.29604e+17  -3.88994e+16  1.04868e+16  -4.63592e+16  5.42551e+16  9.2834e+17  -2.36516e+17  -9.05113e+18  -3.21904e+18  4.22173e+19  3.69766e+19  -5.25076e+19  -7.84683e+19  -7.0584e+19  -7.84683e+19  -5.25076e+19  3.69766e+19  4.22173e+19  -3.21904e+18  -9.05113e+18  -2.36516e+17  9.2834e+17  5.42551e+16  -4.63592e+16  1.04868e+16  -3.88994e+16  -2.29604e+17  -6.15226e+17  -7.43766e+17  
7.05639e+18  5.47706e+18  7.39044e+17  -1.47213e+17  -4.9419e+16  2.62329e+16  3.47853e+17  -2.14642e+17  -5.64195e+18  -6.69343e+17  4.60834e+19  3.19456e+19  -1.52799e+20  -1.90289e+20  -2.23192e+19  2.98662e+19  -2.23192e+19  -1.90289e+20  -1.52799e+20  3.19456e+19  4.60834e+19  -6.69343e+17  -5.64195e+18  -2.14642e+17  3.47853e+17  2.62329e+16  -4.9419e+16  -1.47213e+17  7.39044e+17  5.47706e+18  7.05639e+18  
8.15077e+18  6.47894e+18  1.46344e+18  5.87301e+17  -5.12103e+16  5.35272e+16  -7.99168e+16  -2.03098e+18  4.11852e+17  2.85877e+19  1.34309e+19  -1.87925e+20  -1.97446e+20  3.2478e+20  5.63584e+20  5.28275e+20  5.63584e+20  3.2478e+20  -1.97446e+20  -1.87925e+20  1.34309e+19  2.85877e+19  4.11852e+17  -2.03098e+18  -7.99168e+16  5.35272e+16  -5.12103e+16  5.87301e+17  1.46344e+18  6.47894e+18  8.15077e+18  
-7.23604e+19  -5.72216e+19  -1.1805e+19  1.54303e+17  1.75909e+17  -2.61652e+16  -4.06632e+17  2.74686e+17  1.01656e+19  1.74929e+18  -1.2282e+20  -1.02053e+20  5.83761e+20  8.49006e+20  7.71702e+19  -2.45437e+20  7.71702e+19  8.49006e+20  5.83761e+20  -1.02053e+20  -1.2282e+20  1.74929e+18  1.01656e+19  2.74686e+17  -4.06632e+17  -2.61652e+16  1.75909e+17  1.54303e+17  -1.1805e+19  -5.72216e+19  -7.23604e+19  
-3.69324e+19  -2.61898e+19  6.03823e+18  -1.15317e+18  -4.97831e+15  -1.73913e+16  5.75467e+16  1.98251e+18  -5.31342e+17  -4.46592e+19  -2.43843e+19  4.44013e+20  5.44824e+20  -1.12483e+21  -2.211e+21  -2.17285e+21  -2.211e+21  -1.12483e+21  5.44824e+20  4.44013e+20  -2.43843e+19  -4.46592e+19  -5.31342e+17  1.98251e+18  5.75467e+16  -1.73913e+16  -4.97831e+15  -1.15317e+18  6.03823e+18  -2.61898e+19  -3.69324e+19  
3.80541e+20  3.04851e+20  7.77813e+19  8.78191e+17  -3.14936e+16  4.83887e+15  1.90425e+17  -1.93957e+17  -8.76564e+18  -1.13122e+18  1.74185e+20  1.65388e+20  -1.27731e+21  -2.1391e+21  -8.14898e+19  1.02328e+21  -8.14898e+19  -2.1391e+21  -1.27731e+21  1.65388e+20  1.74185e+20  -1.13122e+18  -8.76564e+18  -1.93957e+17  1.90425e+17  4.83887e+15  -3.14936e+16  8.78191e+17  7.77813e+19  3.04851e+20  3.80541e+20  
6.92251e+19  2.84638e+19  -9.382e+19  -1.62627e+19  -3.11734e+16  6.64773e+14  -1.83153e+16  -8.32379e+17  4.90283e+17  3.557e+19  1.95108e+19  -5.96023e+20  -8.38044e+20  2.3841e+21  5.21494e+21  5.39969e+21  5.21494e+21  2.3841e+21  -8.38044e+20  -5.96023e+20  1.95108e+19  3.557e+19  4.90283e+17  -8.32379e+17  -1.83153e+16  6.64773e+14  -3.11734e+16  -1.62627e+19  -9.38199e+19  2.84638e+19  6.92251e+19  
-1.16638e+21  -9.42363e+20  -2.70303e+20  1.17826e+19  3.06061e+18  7.50552e+15  -2.91849e+16  6.53972e+16  3.44109e+18  -4.88496e+17  -1.33551e+20  -1.36828e+20  1.68729e+21  3.23394e+21  -1.97199e+20  -2.47525e+21  -1.97199e+20  3.23394e+21  1.68729e+21  -1.36828e+20  -1.33551e+20  -4.88496e+17  3.44109e+18  6.53972e+16  -2.91849e+16  7.50552e+15  3.06061e+18  1.17826e+19  -2.70303e+20  -9.42363e+20  -1.16638e+21  
4.35182e+18  1.04118e+20  4.03418e+20  1.0611e+20  -1.59e+18  -6.52862e+17  -6.14197e+13  1.21468e+17  -2.10806e+17  -1.36038e+19  -4.90129e+18  4.58267e+20  7.25788e+20  -3.2257e+21  -7.7773e+21  -8.52148e+21  -7.7773e+21  -3.2257e+21  7.25788e+20  4.58267e+20  -4.90129e+18  -1.36038e+19  -2.10806e+17  1.21468e+17  -6.14198e+13  -6.52862e+17  -1.59e+18  1.0611e+20  4.03418e+20  1.04118e+20  4.35181e+18  
2.22966e+21  1.81045e+21  5.52852e+20  -9.26125e+19  -2.97887e+19  2.27147e+17  1.5239e+17  -6.03067e+15  -4.92489e+17  5.87824e+17  5.19208e+19  5.02789e+19  -1.35625e+21  -2.98761e+21  7.4483e+20  3.69834e+21  7.4483e+20  -2.98761e+21  -1.35625e+21  5.02789e+19  5.19208e+19  5.87824e+17  -4.92489e+17  -6.03067e+15  1.5239e+17  2.27147e+17  -2.97887e+19  -9.26125e+19  5.52852e+20  1.81045e+21  2.22966e+21  
-2.49357e+20  -4.13591e+20  -9.06292e+20  -2.88485e+20  1.87065e+19  7.83546e+18  -3.07605e+16  -3.94039e+16  2.44539e+16  1.98995e+18  -1.07341e+18  -1.90159e+20  -3.29026e+20  2.81921e+21  7.49761e+21  8.73098e+21  7.49761e+21  2.81921e+21  -3.29026e+20  -1.90159e+20  -1.07341e+18  1.98995e+18  2.44539e+16  -3.94039e+16  -3.07605e+16  7.83546e+18  1.87065e+19  -2.88485e+20  -9.06292e+20  -4.13591e+20  -2.49357e+20  
-2.75035e+21  -2.2385e+21  -7.0296e+20  2.59572e+20  9.85912e+19  -3.65959e+18  -2.02679e+18  2.82076e+15  1.95303e+16  -9.40724e+16  -8.16871e+18  -2.75946e+18  6.36151e+20  1.6467e+21  -1.05429e+21  -3.50187e+21  -1.05429e+21  1.6467e+21  6.36151e+20  -2.75946e+18  -8.16871e+18  -9.40724e+16  1.95303e+16  2.82076e+15  -2.02679e+18  -3.65959e+18  9.85912e+19  2.59572e+20  -7.0296e+20  -2.2385e+21  -2.75035e+21  
4.72983e+20  6.57062e+20  1.2093e+21  4.3778e+20  -6.15919e+19  -2.90564e+19  6.8983e+17  5.16633e+17  3.87614e+14  -4.62303e+16  3.66613e+17  3.46277e+19  5.56164e+19  -1.56967e+21  -4.67227e+21  -5.81112e+21  -4.67227e+21  -1.56967e+21  5.56164e+19  3.46277e+19  3.66613e+17  -4.62303e+16  3.87614e+14  5.16633e+17  6.8983e+17  -2.90564e+19  -6.15919e+19  4.3778e+20  1.2093e+21  6.57062e+20  4.72983e+20  
2.21223e+21  1.80151e+21  5.69371e+20  -3.79447e+20  -1.6511e+20  1.32921e+19  7.9228e+18  -1.19618e+17  -1.2834e+17  -4.26299e+14  1.92367e+17  -1.44387e+18  -1.49903e+20  -4.89519e+20  8.10548e+20  2.09923e+21  8.10548e+20  -4.89519e+20  -1.49903e+20  -1.44387e+18  1.92367e+17  -4.26299e+14  -1.2834e+17  -1.19618e+17  7.9228e+18  1.32921e+19  -1.6511e+20  -3.79447e+20  5.69371e+20  1.80151e+21  2.21223e+21  
-4.40708e+20  -5.7979e+20  -9.97037e+20  -4.01523e+20  9.50584e+19  5.08357e+19  -2.63202e+18  -2.03087e+18  1.69886e+16  3.21461e+16  3.7242e+15  -1.05892e+18  5.50113e+18  5.33003e+20  1.84112e+21  2.46083e+21  1.84112e+21  5.33003e+20  5.50113e+18  -1.05892e+18  3.7242e+15  3.21461e+16  1.69886e+16  -2.03087e+18  -2.63202e+18  5.08357e+19  9.50584e+19  -4.01523e+20  -9.97037e+20  -5.7979e+20  -4.40708e+20  
-1.14806e+21  -9.34697e+20  -2.94618e+20  3.17471e+20  1.56642e+20  -2.06688e+19  -1.38267e+19  4.62332e+17  4.86472e+17  -2.85153e+15  2.10902e+16  -8.60077e+16  6.80304e+18  4.96877e+19  -3.56905e+20  -7.75237e+20  -3.56905e+20  4.96877e+19  6.80304e+18  -8.60077e+16  2.10902e+16  -2.85153e+15  4.86472e+17  4.62332e+17  -1.38267e+19  -2.06688e+19  1.56642e+20  3.17471e+20  -2.94618e+20  -9.34697e+20  -1.14806e+21  
2.31897e+20  3.0057e+20  5.06589e+20  2.26242e+20  -7.79894e+19  -4.75422e+19  3.92678e+18  3.38964e+18  -6.48613e+16  -1.15013e+17  -2.29976e+16  4.32078e+17  -4.53223e+17  -1.00722e+20  -4.36393e+20  -6.32058e+20  -4.36393e+20  -1.00722e+20  -4.53223e+17  4.32078e+17  -2.29976e+16  -1.15013e+17  -6.48613e+16  3.38964e+18  3.92678e+18  -4.75422e+19  -7.79894e+19  2.26242e+20  5.06589e+20  3.0057e+20  2.31897e+20  
3.71314e+20  3.02419e+20  9.57358e+19  -1.53612e+20  -8.61668e+19  1.58891e+19  1.22077e+19  -6.25244e+17  -7.43691e+17  1.30506e+16  -4.45306e+16  -2.06235e+17  3.3774e+18  9.18972e+18  8.71362e+19  1.65766e+20  8.71362e+19  9.18972e+18  3.3774e+18  -2.06235e+17  -4.45306e+16  1.30506e+16  -7.43691e+17  -6.25244e+17  1.22077e+19  1.58891e+19  -8.61668e+19  -1.53612e+20  9.57358e+19  3.02419e+20  3.71314e+20  
-6.88777e+19  -8.97985e+19  -1.52561e+20  -7.63024e+19  3.45148e+19  2.42852e+19  -2.67339e+18  -2.7043e+18  7.1979e+16  1.49949e+17  4.07887e+16  -2.56385e+17  -9.80614e+17  8.62537e+18  5.6607e+19  8.99133e+19  5.6607e+19  8.62537e+18  -9.80614e+17  -2.56385e+17  4.07887e+16  1.49949e+17  7.1979e+16  -2.7043e+18  -2.67339e+18  2.42852e+19  3.45148e+19  -7.63024e+19  -1.52561e+20  -8.97985e+19  -6.88777e+19  
-6.98211e+19  -5.70363e+19  -1.8682e+19  4.10795e+19  2.65413e+19  -6.09061e+18  -5.5232e+18  3.47223e+17  5.11657e+17  -8.05162e+15  -7.06497e+15  1.09737e+17  -4.32819e+17  -2.46089e+18  -1.05765e+19  -1.81686e+19  -1.05765e+19  -2.46089e+18  -4.32819e+17  1.09737e+17  -7.06497e+15  -8.05162e+15  5.11657e+17  3.47223e+17  -5.5232e+18  -6.09061e+18  2.65413e+19  4.10795e+19  -1.8682e+19  -5.70363e+19  -6.98211e+19  
1.07114e+19  1.42682e+19  2.49387e+19  1.42657e+19  -7.75559e+18  -6.44605e+18  8.22208e+17  1.03009e+18  -2.69565e+16  -8.12207e+16  -1.05209e+16  2.20274e+16  1.68777e+17  -1.46144e+17  -3.34263e+18  -5.93108e+18  -3.34263e+18  -1.46144e+17  1.68777e+17  2.20274e+16  -1.05209e+16  -8.12207e+16  -2.69565e+16  1.03009e+18  8.22208e+17  -6.44605e+18  -7.75559e+18  1.42657e+19  2.49387e+19  1.42682e+19  1.07114e+19  
6.68441e+18  5.50849e+18  1.98074e+18  -5.40509e+18  -4.12528e+18  1.0645e+18  1.1921e+18  -7.4454e+16  -1.55521e+17  -2.50315e+14  9.82926e+15  -9.66519e+15  5.30719e+15  1.41498e+17  4.94128e+17  7.87279e+17  4.94128e+17  1.41498e+17  5.30719e+15  -9.66519e+15  9.82926e+15  -2.50316e+14  -1.55521e+17  -7.4454e+16  1.1921e+18  1.0645e+18  -4.12528e+18  -5.40509e+18  1.98074e+18  5.50849e+18  6.68441e+18  
-7.27535e+17  -1.00708e+18  -1.84571e+18  -1.25037e+18  7.52299e+17  7.72044e+17  -9.86945e+16  -1.70064e+17  1.96384e+15  1.85522e+16  9.73692e+14  -8.78593e+14  -5.34885e+15  -6.35684e+15  5.79927e+16  1.18748e+17  5.79927e+16  -6.35684e+15  -5.34885e+15  -8.78593e+14  9.73692e+14  1.85522e+16  1.96384e+15  -1.70064e+17  -9.86945e+16  7.72044e+17  7.52299e+17  -1.25037e+18  -1.84571e+18  -1.00708e+18  -7.27535e+17  
-2.45275e+17  -2.06298e+17  -8.93651e+16  2.69072e+17  2.55217e+17  -6.6623e+16  -1.01738e+17  4.29455e+15  1.86334e+16  6.36505e+14  -1.73674e+15  -2.32573e+13  1.96296e+14  -1.09524e+15  -3.95969e+15  -6.08741e+15  -3.95969e+15  -1.09524e+15  1.96296e+14  -2.32573e+13  -1.73674e+15  6.36505e+14  1.86334e+16  4.29455e+15  -1.01738e+17  -6.6623e+16  2.55217e+17  2.69072e+17  -8.93651e+16  -2.06298e+17  -2.45275e+17  
1.34488e+16  1.99897e+16  3.96125e+16  3.41352e+16  -2.10058e+16  -2.99373e+16  2.98945e+15  9.82628e+15  3.32209e+14  -1.66923e+15  -1.46573e+14  1.43435e+14  1.20435e+13  -3.9679e+12  -1.06288e+13  -3.42183e+13  -1.06288e+13  -3.9679e+12  1.20435e+13  1.43435e+14  -1.46573e+14  -1.66924e+15  3.32209e+14  9.82628e+15  2.98945e+15  -2.99373e+16  -2.10058e+16  3.41352e+16  3.96125e+16  1.99897e+16  1.34488e+16  
0  0  0  0  0  0  0  0  0  0  0  0  0  0  0  0  0  0  0  0  0  0  0  0  0  0  0  0  0  0  0  
