1  1  1  1  1  1  1  1  1  1  1  1  1  1  1  1  1  1  1  1  1  1  1  1  1  1  1  1  1  1  1  
3.04591e+20  -2.03234e+20  -1.72671e+21  3.16307e+20  4.90762e+22  2.48641e+22  -5.47642e+23  -4.62316e+23  3.06192e+24  3.3645e+24  -8.69898e+24  -1.18346e+25  8.32318e+24  1.57119e+25  7.35246e+24  5.63678e+24  7.35246e+24  1.57119e+25  8.32318e+24  -1.18346e+25  -8.69898e+24  3.3645e+24  3.06192e+24  -4.62316e+23  -5.47642e+23  2.48641e+22  4.90762e+22  3.16307e+20  -1.72671e+21  -2.03234e+20  3.04591e+20  
1.63456e+23  1.23566e+23  3.89737e+21  1.49866e+22  1.83706e+22  -5.67745e+23  -6.10073e+23  5.85465e+24  7.52881e+24  -3.02e+25  -4.53108e+25  6.8346e+25  1.24929e+26  -4.59302e+24  -6.65916e+25  -6.31637e+25  -6.65916e+25  -4.59302e+24  1.24929e+26  6.8346e+25  -4.53108e+25  -3.02e+25  7.52881e+24  5.85465e+24  -6.10073e+23  -5.67745e+23  1.83706e+22  1.49866e+22  3.89737e+21  1.23566e+23  1.63456e+23  
3.71152e+23  3.99591e+23  4.84909e+23  8.22874e+22  -3.59124e+23  -4.30605e+23  5.88448e+24  8.67531e+24  -5.134e+25  -8.43912e+25  2.16465e+26  4.07463e+26  -2.81982e+26  -7.37927e+26  -4.03752e+26  -2.89515e+26  -4.03752e+26  -7.37927e+26  -2.81982e+26  4.07463e+26  2.16465e+26  -8.43912e+25  -5.134e+25  8.67531e+24  5.88448e+24  -4.30605e+23  -3.59124e+23  8.22874e+22  4.84909e+23  3.99591e+23  3.71152e+23  
-2.32455e+25  -1.79387e+25  -2.01811e+24  6.5768e+23  4.61523e+22  3.1903e+24  5.54397e+24  -4.76004e+25  -8.64626e+25  3.44372e+26  6.84295e+26  -1.06159e+27  -2.50454e+27  -2.63771e+24  1.83331e+27  1.87618e+27  1.83331e+27  -2.63771e+24  -2.50454e+27  -1.06159e+27  6.84295e+26  3.44372e+26  -8.64626e+25  -4.76004e+25  5.54397e+24  3.1903e+24  4.61523e+22  6.5768e+23  -2.01811e+24  -1.79387e+25  -2.32455e+25  
-1.12074e+24  -3.95442e+24  -1.24554e+25  -4.51008e+24  1.60675e+24  2.24595e+24  -2.50123e+25  -5.10852e+25  3.04248e+26  6.50792e+26  -1.76061e+27  -4.1712e+27  3.0282e+27  1.00664e+28  6.26247e+27  4.24411e+27  6.26247e+27  1.00664e+28  3.0282e+27  -4.1712e+27  -1.76061e+27  6.50792e+26  3.04248e+26  -5.10852e+25  -2.50123e+25  2.24595e+24  1.60675e+24  -4.51008e+24  -1.24554e+25  -3.95442e+24  -1.12074e+24  
5.74595e+26  4.49393e+26  7.37842e+25  -4.05865e+24  -3.37965e+24  -7.00086e+24  -1.72493e+25  1.5393e+26  3.6281e+26  -1.56587e+27  -3.88253e+27  6.64191e+27  1.91882e+28  3.29181e+26  -1.93394e+28  -2.12507e+28  -1.93394e+28  3.29181e+26  1.91882e+28  6.64191e+27  -3.88253e+27  -1.56587e+27  3.6281e+26  1.5393e+26  -1.72493e+25  -7.00086e+24  -3.37965e+24  -4.05865e+24  7.37842e+25  4.49393e+26  5.74595e+26  
-2.20112e+26  -1.66501e+26  -5.66803e+24  4.83808e+25  -1.65374e+24  -4.8395e+24  4.38824e+25  1.17719e+26  -7.87808e+26  -2.10865e+27  6.52642e+27  1.87937e+28  -1.56451e+28  -6.22888e+28  -4.3496e+28  -2.81821e+28  -4.3496e+28  -6.22888e+28  -1.56451e+28  1.87937e+28  6.52642e+27  -2.10865e+27  -7.87808e+26  1.17719e+26  4.38824e+25  -4.8395e+24  -1.65374e+24  4.83808e+25  -5.66803e+24  -1.66501e+26  -2.20112e+26  
-5.5984e+27  -4.41004e+27  -8.44966e+26  -2.76804e+25  1.2794e+25  6.52766e+24  2.07622e+25  -2.21761e+26  -6.64575e+26  3.42806e+27  1.03823e+28  -2.1279e+28  -7.29969e+28  -2.16432e+26  1.03767e+29  1.21785e+29  1.03767e+29  -2.16432e+26  -7.29969e+28  -2.1279e+28  1.03823e+28  3.42806e+27  -6.64575e+26  -2.21761e+26  2.07622e+25  6.52766e+24  1.2794e+25  -2.76804e+25  -8.44966e+26  -4.41004e+27  -5.5984e+27  
3.07487e+27  2.67138e+27  1.46093e+27  -6.80612e+25  -4.51028e+24  3.51257e+24  -3.25066e+25  -1.15438e+26  9.82798e+26  3.26997e+27  -1.27177e+28  -4.38182e+28  4.62164e+28  2.09914e+29  1.63094e+29  1.0211e+29  1.63094e+29  2.09914e+29  4.62164e+28  -4.38182e+28  -1.27177e+28  3.26997e+27  9.82798e+26  -1.15438e+26  -3.25066e+25  3.51257e+24  -4.51028e+24  -6.80612e+25  1.46093e+27  2.67138e+27  3.07487e+27  
2.80681e+28  2.21462e+28  4.38046e+27  -2.19801e+25  -9.3844e+23  -2.3884e+24  -9.67732e+24  1.44865e+26  5.60886e+26  -3.88613e+27  -1.43593e+28  3.88075e+28  1.55248e+29  -9.4318e+27  -3.23504e+29  -4.0317e+29  -3.23504e+29  -9.4318e+27  1.55248e+29  3.88075e+28  -1.43593e+28  -3.88613e+27  5.60886e+26  1.44865e+26  -9.67732e+24  -2.3884e+24  -9.3844e+23  -2.19801e+25  4.38046e+27  2.21462e+28  2.80681e+28  
-1.75468e+28  -1.60044e+28  -1.13771e+28  -1.08529e+27  9.75593e+24  -7.38681e+23  9.2805e+24  4.65009e+25  -5.92057e+26  -2.49965e+27  1.37097e+28  5.65281e+28  -8.42032e+28  -4.21641e+29  -3.6239e+29  -2.21422e+29  -3.6239e+29  -4.21641e+29  -8.42032e+28  5.65281e+28  1.37097e+28  -2.49965e+27  -5.92057e+26  4.65009e+25  9.2805e+24  -7.38681e+23  9.75593e+24  -1.08529e+27  -1.13771e+28  -1.60044e+28  -1.75468e+28  
-8.2197e+28  -6.46247e+28  -1.19076e+28  2.33435e+27  2.08649e+26  -1.46695e+24  1.42245e+24  -3.85693e+25  -2.06571e+26  2.25454e+27  1.03997e+28  -4.17308e+28  -1.94245e+29  4.21925e+28  6.28478e+29  8.26895e+29  6.28478e+29  4.21925e+28  -1.94245e+29  -4.17308e+28  1.03997e+28  2.25454e+27  -2.06571e+26  -3.85693e+25  1.42245e+24  -1.46695e+24  2.08649e+26  2.33435e+27  -1.19076e+28  -6.46247e+28  -8.21971e+28  
5.4013e+28  5.07066e+28  4.07874e+28  6.07067e+27  -4.7272e+26  -4.51221e+25  -3.10733e+23  -6.15949e+24  1.53171e+26  8.80196e+26  -8.0067e+27  -4.04815e+28  9.66141e+28  5.26772e+29  4.99735e+29  3.00939e+29  4.99735e+29  5.26772e+29  9.66141e+28  -4.04815e+28  -8.0067e+27  8.80196e+26  1.53171e+26  -6.15949e+24  -3.10733e+23  -4.51221e+25  -4.7272e+26  6.07067e+27  4.07874e+28  5.07066e+28  5.4013e+28  
1.50361e+29  1.17204e+29  1.77336e+28  -1.23711e+28  -1.83833e+27  1.02822e+26  1.05612e+25  2.70582e+24  2.61504e+25  -5.91349e+26  -3.66071e+27  2.5838e+28  1.43371e+29  -8.2786e+28  -7.88028e+29  -1.08873e+30  -7.88028e+29  -8.2786e+28  1.43371e+29  2.5838e+28  -3.66071e+27  -5.91349e+26  2.61504e+25  2.70582e+24  1.05612e+25  1.02822e+26  -1.83833e+27  -1.23711e+28  1.77336e+28  1.17204e+29  1.50361e+29  
-9.94689e+28  -9.54331e+28  -8.33257e+28  -1.45507e+28  3.17342e+27  5.02476e+26  -2.36075e+25  -2.48102e+24  -1.12336e+25  -1.11224e+26  2.2379e+27  1.49704e+28  -6.83031e+28  -4.13298e+29  -4.34278e+29  -2.60569e+29  -4.34278e+29  -4.13298e+29  -6.83031e+28  1.49704e+28  2.2379e+27  -1.11224e+26  -1.12336e+25  -2.48102e+24  -2.36075e+25  5.02476e+26  3.17342e+27  -1.45507e+28  -8.33257e+28  -9.54331e+28  -9.94689e+28  
-1.7772e+29  -1.36654e+29  -1.34585e+28  2.98629e+28  5.61013e+27  -7.82027e+26  -1.33248e+26  5.56595e+24  2.04869e+23  4.60721e+25  4.85585e+26  -8.23058e+27  -5.90295e+28  8.89136e+28  6.44775e+29  9.31096e+29  6.44775e+29  8.89136e+28  -5.90295e+28  -8.23058e+27  4.85585e+26  4.60721e+25  2.04869e+23  5.56595e+24  -1.33248e+26  -7.82027e+26  5.61013e+27  2.98629e+28  -1.34585e+28  -1.36654e+29  -1.7772e+29  
1.14579e+29  1.12061e+29  1.0451e+29  1.95814e+28  -8.58087e+27  -1.75642e+27  1.89236e+26  3.46086e+25  -1.32969e+24  1.68799e+24  -1.96635e+26  -2.23884e+27  2.74365e+28  1.99029e+29  2.34968e+29  1.42442e+29  2.34968e+29  1.99029e+29  2.74365e+28  -2.23884e+27  -1.96635e+26  1.68799e+24  -1.32969e+24  3.46086e+25  1.89236e+26  -1.75642e+27  -8.58087e+27  1.95814e+28  1.0451e+29  1.12061e+29  1.14579e+29  
1.37165e+29  1.03523e+29  2.59779e+27  -4.02131e+28  -8.7754e+27  2.23177e+27  4.98012e+26  -4.46775e+25  -8.73524e+24  3.34706e+23  -7.88318e+24  9.1061e+26  1.11095e+28  -5.51312e+28  -3.40799e+29  -5.12532e+29  -3.40799e+29  -5.51312e+28  1.11095e+28  9.1061e+26  -7.88318e+24  3.34706e+23  -8.73524e+24  -4.46775e+25  4.98012e+26  2.23177e+27  -8.7754e+27  -4.02131e+28  2.59779e+27  1.03523e+29  1.37165e+29  
-8.3494e+28  -8.32324e+28  -8.24476e+28  -1.60139e+28  1.198e+28  2.93544e+27  -5.42022e+26  -1.31491e+26  1.01357e+25  2.05519e+24  -1.87046e+24  4.73613e+25  -4.75651e+27  -5.4708e+28  -7.55922e+28  -4.73233e+28  -7.55922e+28  -5.4708e+28  -4.75651e+27  4.73613e+25  -1.87046e+24  2.05519e+24  1.01357e+25  -1.31491e+26  -5.42022e+26  2.93544e+27  1.198e+28  -1.60139e+28  -8.24476e+28  -8.32324e+28  -8.3494e+28  
-6.84321e+28  -5.04546e+28  3.47787e+27  3.19994e+28  7.88353e+27  -3.095e+27  -8.41983e+26  1.22835e+26  3.23334e+25  -1.68675e+24  -2.05288e+24  -4.36115e+24  -1.14517e+26  1.9506e+28  1.12499e+29  1.75793e+29  1.12499e+29  1.9506e+28  -1.14517e+26  -4.36115e+24  -2.05288e+24  -1.68675e+24  3.23334e+25  1.22835e+26  -8.41983e+26  -3.095e+27  7.88353e+27  3.19994e+28  3.47787e+27  -5.04546e+28  -6.84321e+28  
3.78833e+28  3.85558e+28  4.05731e+28  8.15524e+27  -9.30084e+27  -2.65936e+27  7.15155e+26  2.14921e+26  -2.56752e+25  -7.16968e+24  7.40368e+24  -2.45989e+25  -2.99873e+26  6.9797e+27  1.29869e+28  8.7844e+27  1.29869e+28  6.9797e+27  -2.99873e+26  -2.45989e+25  7.40368e+24  -7.16968e+24  -2.56752e+25  2.14921e+26  7.15155e+26  -2.65936e+27  -9.30084e+27  8.15524e+27  4.05731e+28  3.85558e+28  3.78833e+28  
2.13364e+28  1.53083e+28  -2.77596e+27  -1.50258e+28  -4.17798e+27  2.25194e+27  7.30133e+26  -1.47423e+26  -4.88734e+25  3.33656e+24  2.18903e+24  5.55505e+25  -1.39464e+26  -3.67836e+27  -2.16813e+28  -3.51838e+28  -2.16813e+28  -3.67836e+27  -1.39464e+26  5.55505e+25  2.18903e+24  3.33656e+24  -4.88734e+25  -1.47423e+26  7.30133e+26  2.25194e+27  -4.17798e+27  -1.50258e+28  -2.77596e+27  1.53083e+28  2.13364e+28  
-1.02122e+28  -1.06474e+28  -1.1953e+28  -2.55788e+27  4.00794e+27  1.33689e+27  -4.66231e+26  -1.70234e+26  2.66952e+25  9.99799e+24  -7.33816e+24  -5.31289e+23  2.05924e+26  -4.98785e+25  -8.85331e+26  -7.53937e+26  -8.85331e+26  -4.98785e+25  2.05924e+26  -5.31289e+23  -7.33816e+24  9.99799e+24  2.66952e+25  -1.70234e+26  -4.66231e+26  1.33689e+27  4.00794e+27  -2.55788e+27  -1.1953e+28  -1.06474e+28  -1.02122e+28  
-3.88344e+27  -2.70649e+27  8.24358e+26  3.96144e+27  1.26689e+27  -8.50431e+26  -3.29299e+26  8.17847e+25  3.36475e+25  -3.4121e+24  -5.82845e+23  -1.5695e+25  -1.52857e+25  3.1627e+26  2.14773e+27  3.62752e+27  2.14773e+27  3.1627e+26  -1.52857e+25  -1.5695e+25  -5.82845e+23  -3.4121e+24  3.36475e+25  8.17847e+25  -3.29299e+26  -8.50431e+26  1.26689e+27  3.96144e+27  8.24358e+26  -2.70649e+27  -3.88344e+27  
1.4884e+27  1.59873e+27  1.92971e+27  4.65931e+26  -8.97763e+26  -3.55477e+26  1.46087e+26  6.53207e+25  -1.18051e+25  -5.68322e+24  1.46961e+24  2.63755e+24  -1.87932e+25  -5.43942e+25  -8.73879e+24  1.48698e+25  -8.73879e+24  -5.43942e+25  -1.87932e+25  2.63755e+24  1.46961e+24  -5.68322e+24  -1.18051e+25  6.53207e+25  1.46087e+26  -3.55477e+26  -8.97763e+26  4.65931e+26  1.92971e+27  1.59873e+27  1.4884e+27  
3.6199e+26  2.45649e+26  -1.03374e+26  -5.21594e+26  -1.98805e+26  1.52143e+26  7.20067e+25  -1.99178e+25  -1.0407e+25  1.27789e+24  5.34127e+23  8.22742e+23  3.08272e+24  -8.55616e+24  -8.36836e+25  -1.48217e+26  -8.36836e+25  -8.55616e+24  3.08272e+24  8.22742e+23  5.34127e+23  1.27789e+24  -1.0407e+25  -1.99178e+25  7.20067e+25  1.52143e+26  -1.98805e+26  -5.21594e+26  -1.03374e+26  2.45649e+26  3.6199e+26  
-9.70133e+25  -1.08385e+26  -1.42501e+26  -4.22247e+25  8.90517e+25  4.34974e+25  -1.93564e+25  -1.10389e+25  2.06162e+24  1.32011e+24  -1.24986e+23  -2.12565e+23  3.13709e+23  2.08664e+24  1.59706e+24  4.81856e+23  1.59706e+24  2.08664e+24  3.13709e+23  -2.12565e+23  -1.24986e+23  1.32011e+24  2.06162e+24  -1.10389e+25  -1.93564e+25  4.34974e+25  8.90517e+25  -4.22247e+25  -1.42501e+26  -1.08385e+26  -9.70133e+25  
-1.30487e+25  -8.71258e+24  4.29583e+24  2.64487e+25  1.27724e+25  -1.03016e+25  -6.34331e+24  1.78811e+24  1.29252e+24  -1.51192e+23  -1.27646e+23  1.90225e+21  -3.32204e+22  1.66972e+22  5.66016e+23  1.07925e+24  5.66016e+23  1.66972e+22  -3.32204e+22  1.90225e+21  -1.27646e+23  -1.51192e+23  1.29252e+24  1.78811e+24  -6.34331e+24  -1.03016e+25  1.27724e+25  2.64487e+25  4.29583e+24  -8.71258e+24  -1.30487e+25  
1.76351e+24  2.09567e+24  3.09216e+24  1.27104e+24  -2.64993e+24  -1.76588e+24  7.968e+23  6.67707e+23  -1.15101e+23  -1.24434e+23  6.72915e+21  1.13152e+22  9.66458e+19  -4.80815e+20  -7.0975e+20  -4.81977e+20  -7.0975e+20  -4.80815e+20  9.66458e+19  1.13152e+22  6.72915e+21  -1.24434e+23  -1.15101e+23  6.67707e+23  7.968e+23  -1.76588e+24  -2.64993e+24  1.27104e+24  3.09216e+24  2.09567e+24  1.76351e+24  
0  0  0  0  0  0  0  0  0  0  0  0  0  0  0  0  0  0  0  0  0  0  0  0  0  0  0  0  0  0  0  
