1  1  1  1  1  1  1  1  1  1  1  1  1  1  1  1  1  1  1  1  1  1  1  1  1  1  1  1  1  1  1  
-7.17639e+21  3.6875e+22  1.69029e+23  4.22525e+23  -4.55244e+24  -9.91274e+24  4.67353e+25  1.02586e+26  -2.33309e+26  -5.56404e+26  5.35577e+26  1.56073e+27  -1.15977e+26  -1.53348e+27  -9.98229e+26  -8.08386e+26  -9.98229e+26  -1.53348e+27  -1.15977e+26  1.56073e+27  5.35577e+26  -5.56404e+26  -2.33309e+26  1.02586e+26  4.67353e+25  -9.91274e+24  -4.55244e+24  4.22525e+23  1.69029e+23  3.6875e+22  -7.17639e+21  
3.67713e+24  3.58197e+24  3.2965e+24  -2.00101e+24  -7.58605e+24  4.86651e+25  1.41345e+26  -4.56894e+26  -1.32147e+27  2.023e+27  6.4609e+27  -2.95529e+27  -1.43079e+28  -5.09945e+27  3.50234e+27  3.90745e+27  3.50234e+27  -5.09945e+27  -1.43079e+28  -2.95529e+27  6.4609e+27  2.023e+27  -1.32147e+27  -4.56894e+26  1.41345e+26  4.86651e+25  -7.58605e+24  -2.00101e+24  3.2965e+24  3.58197e+24  3.67713e+24  
-2.5281e+26  -1.93114e+26  -1.40249e+25  9.1529e+24  2.99772e+25  1.03471e+26  -4.69193e+26  -1.61574e+27  3.63959e+27  1.28861e+28  -1.20213e+28  -5.16088e+28  -3.56622e+26  7.04493e+28  5.529e+28  4.42093e+28  5.529e+28  7.04493e+28  -3.56622e+26  -5.16088e+28  -1.20213e+28  1.28861e+28  3.63959e+27  -1.61574e+27  -4.69193e+26  1.03471e+26  2.99772e+25  9.1529e+24  -1.40249e+25  -1.93114e+26  -2.5281e+26  
-2.23518e+26  -2.43582e+26  -3.03775e+26  -6.04987e+25  6.10003e+25  -2.5884e+26  -1.09713e+27  3.51706e+27  1.40656e+28  -2.16053e+28  -9.38462e+28  3.93292e+28  2.80782e+29  1.28387e+29  -9.90762e+28  -1.25912e+29  -9.90762e+28  1.28387e+29  2.80782e+29  3.93292e+28  -9.38462e+28  -2.16053e+28  1.40656e+28  3.51706e+27  -1.09713e+27  -2.5884e+26  6.10003e+25  -6.04987e+25  -3.03775e+26  -2.43582e+26  -2.23518e+26  
1.24647e+28  9.683e+27  1.33788e+27  -2.37994e+26  -1.81489e+26  -4.02794e+26  1.90946e+27  8.8288e+27  -2.05918e+28  -9.57068e+28  9.1424e+28  5.17934e+29  3.28265e+28  -9.51427e+29  -8.68803e+29  -6.9402e+29  -8.68803e+29  -9.51427e+29  3.28265e+28  5.17934e+29  9.1424e+28  -9.57068e+28  -2.05918e+28  8.8288e+27  1.90946e+27  -4.02794e+26  -1.81489e+26  -2.37994e+26  1.33788e+27  9.683e+27  1.24647e+28  
-1.10688e+27  -1.51609e+26  2.7142e+27  1.61826e+27  -2.01778e+26  5.01313e+26  3.19772e+27  -1.09892e+28  -5.69593e+28  9.45732e+28  5.23127e+29  -2.25183e+29  -2.13224e+30  -1.17114e+30  1.08308e+30  1.51895e+30  1.08308e+30  -1.17114e+30  -2.13224e+30  -2.25183e+29  5.23127e+29  9.45732e+28  -5.69593e+28  -1.09892e+28  3.19772e+27  5.01313e+26  -2.01778e+26  1.61826e+27  2.7142e+27  -1.51609e+26  -1.10688e+27  
-1.84902e+29  -1.45219e+29  -2.61689e+28  -1.08795e+25  9.0204e+26  6.02571e+26  -3.28169e+27  -1.96905e+28  5.21075e+28  3.05634e+29  -3.29842e+29  -2.31976e+30  -2.08336e+29  5.88649e+30  6.14661e+30  4.96866e+30  6.14661e+30  5.88649e+30  -2.08336e+29  -2.31976e+30  -3.29842e+29  3.05634e+29  5.21075e+28  -1.96905e+28  -3.28169e+27  6.02571e+26  9.0204e+26  -1.08795e+25  -2.61689e+28  -1.45219e+29  -1.84902e+29  
7.23917e+28  6.07971e+28  2.60133e+28  -8.36074e+27  -9.99028e+25  -3.00745e+26  -3.76901e+27  1.56212e+28  1.03313e+29  -2.05327e+29  -1.3964e+30  7.23199e+29  8.12659e+30  5.14637e+30  -6.06882e+30  -9.15392e+30  -6.06882e+30  5.14637e+30  8.12659e+30  7.23199e+29  -1.3964e+30  -2.05327e+29  1.03313e+29  1.56212e+28  -3.76901e+27  -3.00745e+26  -9.99028e+25  -8.36074e+27  2.60133e+28  6.07971e+28  7.23917e+28  
1.26945e+30  1.0022e+30  2.00426e+29  5.55849e+27  -9.9224e+26  -3.81741e+26  2.42636e+27  1.92556e+28  -6.51102e+28  -4.75937e+29  6.53555e+29  5.44402e+30  3.83033e+29  -2.00208e+31  -2.36386e+31  -1.95671e+31  -2.36386e+31  -2.00208e+31  3.83033e+29  5.44402e+30  6.53555e+29  -4.75937e+29  -6.51102e+28  1.92556e+28  2.42636e+27  -3.81741e+26  -9.9224e+26  5.55849e+27  2.00426e+29  1.0022e+30  1.26945e+30  
-6.66113e+29  -6.04083e+29  -4.17994e+29  -1.95641e+28  2.93084e+26  9.69394e+25  1.75789e+27  -1.02947e+28  -8.83185e+28  2.37913e+29  1.95741e+30  -1.44426e+30  -1.74997e+31  -1.23381e+31  1.98819e+31  3.15783e+31  1.98819e+31  -1.23381e+31  -1.74997e+31  -1.44426e+30  1.95741e+30  2.37913e+29  -8.83185e+28  -1.02947e+28  1.75789e+27  9.69394e+25  2.93084e+26  -1.95641e+28  -4.17994e+29  -6.04083e+29  -6.66113e+29  
-4.82757e+30  -3.81113e+30  -7.61788e+29  5.21971e+28  2.57165e+27  7.43487e+25  -7.01036e+26  -7.96093e+27  4.02523e+28  3.72472e+29  -7.45494e+29  -7.1635e+30  2.36717e+29  4.09685e+31  5.4351e+31  4.65896e+31  5.4351e+31  4.09685e+31  2.36717e+29  -7.1635e+30  -7.45494e+29  3.72472e+29  4.02523e+28  -7.96093e+27  -7.01036e+26  7.43487e+25  2.57165e+27  5.21971e+28  -7.61788e+29  -3.81113e+30  -4.82757e+30  
2.83812e+30  2.66393e+30  2.14138e+30  2.83808e+29  -8.90819e+27  -4.87446e+26  -2.66378e+26  2.82446e+27  3.38134e+28  -1.44946e+29  -1.46238e+30  1.80104e+30  2.24344e+31  1.68937e+31  -4.07743e+31  -6.70429e+31  -4.07743e+31  1.68937e+31  2.24344e+31  1.80104e+30  -1.46238e+30  -1.44946e+29  3.38134e+28  2.82446e+27  -2.66378e+26  -4.87446e+26  -8.90819e+27  2.83808e+29  2.14138e+30  2.66393e+30  2.83812e+30  
1.11476e+31  8.75717e+30  1.58588e+30  -5.50543e+29  -7.10649e+28  1.76736e+27  1.61978e+26  1.12242e+27  -1.09213e+28  -1.37678e+29  4.74637e+29  5.32005e+30  -1.69702e+30  -5.26778e+31  -7.84921e+31  -7.04707e+31  -7.84921e+31  -5.26778e+31  -1.69702e+30  5.32005e+30  4.74637e+29  -1.37678e+29  -1.09213e+28  1.12242e+27  1.61978e+26  1.76736e+27  -7.10649e+28  -5.50543e+29  1.58588e+30  8.75717e+30  1.11476e+31  
-6.83126e+30  -6.56229e+30  -5.75539e+30  -9.88917e+29  1.26697e+29  1.74842e+28  -3.85876e+26  -2.40691e+26  -4.62439e+27  4.07974e+28  5.44446e+29  -1.32333e+30  -1.7229e+31  -1.28479e+31  5.41336e+31  9.09277e+31  5.41336e+31  -1.28479e+31  -1.7229e+31  -1.32333e+30  5.44446e+29  4.07974e+28  -4.62439e+27  -2.40691e+26  -3.85876e+26  1.74842e+28  1.26697e+29  -9.88917e+29  -5.75539e+30  -6.56229e+30  -6.83126e+30  
-1.64083e+31  -1.27655e+31  -1.83734e+30  1.90268e+30  3.39912e+29  -2.93922e+28  -4.37926e+27  6.89361e+25  8.63656e+26  1.90354e+28  -1.47434e+29  -2.09247e+30  2.31263e+30  4.30737e+31  7.26786e+31  6.91948e+31  7.26786e+31  4.30737e+31  2.31263e+30  -2.09247e+30  -1.47434e+29  1.90354e+28  8.63656e+26  6.89361e+25  -4.37926e+27  -2.93922e+28  3.39912e+29  1.90268e+30  -1.83734e+30  -1.27655e+31  -1.64083e+31  
1.00378e+31  9.83002e+30  9.20665e+30  1.77229e+30  -5.17838e+29  -9.999e+28  6.92281e+27  1.10698e+27  6.89572e+25  -3.47245e+27  -7.99672e+28  5.01686e+29  7.56364e+30  4.35543e+30  -4.69822e+31  -7.98121e+31  -4.69822e+31  4.35543e+30  7.56364e+30  5.01686e+29  -7.99672e+28  -3.47245e+27  6.89572e+25  1.10698e+27  6.92281e+27  -9.999e+28  -5.17838e+29  1.77229e+30  9.20665e+30  9.83002e+30  1.00378e+31  
1.57292e+31  1.20631e+31  1.06485e+30  -3.40668e+30  -7.31124e+29  1.31211e+29  2.75376e+28  -1.63085e+27  -2.76827e+26  -3.7715e+26  1.46011e+28  3.50348e+29  -1.39174e+30  -2.20246e+31  -4.30451e+31  -4.41028e+31  -4.30451e+31  -2.20246e+31  -1.39174e+30  3.50348e+29  1.46011e+28  -3.7715e+26  -2.76827e+26  -1.63085e+27  2.75376e+28  1.31211e+29  -7.31125e+29  -3.40668e+30  1.06485e+30  1.20631e+31  1.57292e+31  
-9.2754e+30  -9.25208e+30  -9.18211e+30  -1.87585e+30  9.95993e+29  2.36721e+29  -3.1811e+28  -7.23988e+27  3.76608e+26  6.55141e+25  1.65746e+27  -6.60801e+28  -1.60594e+30  5.1278e+29  2.63641e+31  4.49708e+31  2.63641e+31  5.1278e+29  -1.60594e+30  -6.60801e+28  1.65746e+27  6.55141e+25  3.76608e+26  -7.23988e+27  -3.1811e+28  2.36721e+29  9.95993e+29  -1.87585e+30  -9.18211e+30  -9.25208e+30  -9.2754e+30  
-9.82201e+30  -7.39287e+30  -1.05462e+29  3.52879e+30  8.65902e+29  -2.58129e+29  -6.76712e+28  7.35734e+27  1.80946e+27  -7.00236e+25  1.19431e+26  -9.38421e+27  3.32826e+29  6.66787e+30  1.58915e+31  1.78576e+31  1.58915e+31  6.66787e+30  3.32826e+29  -9.38421e+27  1.19431e+26  -7.00236e+25  1.80946e+27  7.35734e+27  -6.76712e+28  -2.58129e+29  8.65902e+29  3.52879e+30  -1.05462e+29  -7.39287e+30  -9.82201e+30  
5.38507e+30  5.47707e+30  5.75309e+30  1.22757e+30  -1.03671e+30  -2.90114e+29  6.11537e+28  1.7628e+28  -1.59918e+27  -4.63163e+26  2.84872e+26  -2.40774e+26  4.83406e+28  -9.28113e+29  -9.24298e+30  -1.57584e+31  -9.24298e+30  -9.28113e+29  4.83406e+28  -2.40774e+26  2.84872e+26  -4.63163e+26  -1.59918e+27  1.7628e+28  6.11537e+28  -2.90114e+29  -1.03671e+30  1.22757e+30  5.75309e+30  5.47707e+30  5.38507e+30  
3.91119e+30  2.87833e+30  -2.20249e+29  -2.16866e+30  -6.00724e+29  2.59253e+29  8.15337e+28  -1.32228e+28  -4.17488e+27  2.61394e+26  -4.86563e+26  4.15623e+27  1.61454e+28  -1.04851e+30  -3.45618e+30  -4.37441e+30  -3.45618e+30  -1.04851e+30  1.61454e+28  4.15623e+27  -4.86563e+26  2.61394e+26  -4.17488e+27  -1.32228e+28  8.15337e+28  2.59253e+29  -6.00724e+29  -2.16866e+30  -2.20249e+29  2.87833e+30  3.91119e+30  
-1.90715e+30  -1.98321e+30  -2.2114e+30  -4.98932e+29  6.03242e+29  1.96569e+29  -5.67481e+28  -1.99637e+28  2.56355e+27  1.02689e+27  -4.96704e+26  -4.76786e+27  2.92027e+28  2.87223e+29  1.8923e+30  3.21806e+30  1.8923e+30  2.87223e+29  2.92027e+28  -4.76786e+27  -4.96704e+26  1.02689e+27  2.56355e+27  -1.99637e+28  -5.67481e+28  1.96569e+29  6.03242e+29  -4.98932e+29  -2.2114e+30  -1.98321e+30  -1.90715e+30  
-9.45652e+29  -6.78857e+29  1.21527e+29  7.71409e+29  2.43371e+29  -1.36906e+29  -5.12169e+28  1.08072e+28  4.2394e+27  -4.04236e+26  4.92965e+26  -1.50338e+27  -1.88942e+28  5.52867e+28  3.97982e+29  5.91062e+29  3.97982e+29  5.52867e+28  -1.88942e+28  -1.50338e+27  4.92965e+26  -4.04236e+26  4.2394e+27  1.08072e+28  -5.12169e+28  -1.36906e+29  2.43371e+29  7.71409e+29  1.21527e+29  -6.78857e+29  -9.45652e+29  
3.85338e+29  4.11569e+29  4.90261e+29  1.21621e+29  -1.89971e+29  -7.26928e+28  2.58903e+28  1.107e+28  -1.73948e+27  -8.41213e+26  8.97814e+25  1.68514e+27  -1.65539e+27  -3.47968e+28  -1.99207e+29  -3.38304e+29  -1.99207e+29  -3.47968e+28  -1.65539e+27  1.68514e+27  8.97814e+25  -8.41213e+26  -1.73948e+27  1.107e+28  2.58903e+28  -7.26928e+28  -1.89971e+29  1.21621e+29  4.90261e+29  4.11569e+29  3.85338e+29  
1.2634e+29  8.85308e+28  -2.48977e+28  -1.4678e+29  -5.40976e+28  3.62092e+28  1.63123e+28  -4.01858e+27  -1.97507e+27  2.30882e+26  -4.08821e+24  -4.3165e+25  2.20004e+27  2.54237e+27  -1.96577e+28  -3.67934e+28  -1.96577e+28  2.54237e+27  2.20004e+27  -4.3165e+25  -4.08821e+24  2.30882e+26  -1.97507e+27  -4.01858e+27  1.63123e+28  3.62092e+28  -5.40976e+28  -1.4678e+29  -2.48977e+28  8.85308e+28  1.2634e+29  
-3.8926e+28  -4.3019e+28  -5.52979e+28  -1.60777e+28  2.91336e+28  1.34337e+28  -5.39435e+27  -2.86742e+27  4.9076e+26  2.91808e+26  -1.13103e+25  -1.28216e+26  -1.61337e+26  1.39464e+27  8.25776e+27  1.40944e+28  8.25776e+27  1.39464e+27  -1.61337e+26  -1.28216e+26  -1.13103e+25  2.91808e+26  4.9076e+26  -2.86742e+27  -5.39435e+27  1.34337e+28  2.91336e+28  -1.60777e+28  -5.52979e+28  -4.3019e+28  -3.8926e+28  
-7.73334e+27  -5.32286e+27  1.90861e+27  1.25769e+28  5.65637e+27  -4.14526e+27  -2.33636e+27  6.10365e+26  3.94437e+26  -4.47858e+25  -2.92923e+25  1.06738e+25  -5.05054e+25  -1.69876e+26  2.49999e+26  6.87553e+26  2.49999e+26  -1.69876e+26  -5.05054e+25  1.06738e+25  -2.92923e+25  -4.47858e+25  3.94437e+26  6.10365e+26  -2.33636e+27  -4.14526e+27  5.65637e+27  1.25769e+28  1.90861e+27  -5.32286e+27  -7.73334e+27  
1.47696e+27  1.71232e+27  2.4184e+27  9.00747e+26  -1.70413e+27  -1.00273e+27  4.19244e+26  2.98172e+26  -4.9619e+25  -4.23307e+25  2.43828e+24  3.58283e+24  3.17506e+24  -7.77126e+24  -5.95866e+25  -1.04774e+26  -5.95866e+25  -7.77126e+24  3.17506e+24  3.58283e+24  2.43828e+24  -4.23307e+25  -4.9619e+25  2.98172e+26  4.19244e+26  -1.00273e+27  -1.70413e+27  9.00747e+26  2.4184e+27  1.71232e+27  1.47696e+27  
1.36758e+26  9.40847e+25  -3.39346e+25  -3.18773e+26  -1.91891e+26  1.44286e+26  1.14502e+26  -2.90556e+25  -2.95866e+25  2.63701e+24  3.92023e+24  -2.60701e+22  -2.53116e+23  3.89121e+21  -1.39307e+22  -1.7639e+23  -1.39307e+22  3.89121e+21  -2.53116e+23  -2.60701e+22  3.92023e+24  2.63701e+24  -2.95866e+25  -2.90556e+25  1.14502e+26  1.44286e+26  -1.91891e+26  -3.18773e+26  -3.39346e+25  9.40847e+25  1.36758e+26  
0  0  0  0  0  0  0  0  0  0  0  0  0  0  0  0  0  0  0  0  0  0  0  0  0  0  0  0  0  0  0  
