1  1  1  1  1  1  1  1  1  1  1  1  1  1  1  1  1  1  1  1  1  1  1  1  1  1  1  1  1  1  1  
8.21081e+30  1.94635e+30  -1.6847e+31  6.47022e+31  5.2777e+32  -7.78663e+32  -6.43422e+33  3.24721e+33  3.98213e+34  2.51061e+33  -1.30627e+35  -6.33252e+34  1.79485e+35  1.58112e+35  3.5411e+34  2.12241e+34  3.5411e+34  1.58112e+35  1.79485e+35  -6.33252e+34  -1.30627e+35  2.51061e+33  3.98213e+34  3.24721e+33  -6.43422e+33  -7.78663e+32  5.2777e+32  6.47022e+31  -1.6847e+31  1.94635e+30  8.21081e+30  
-2.34567e+32  -1.18951e+32  2.27899e+32  3.08161e+32  -5.76191e+32  -6.65319e+33  5.1054e+33  7.46588e+34  -4.88394e+33  -4.30998e+35  -1.75729e+35  1.1985e+36  9.66466e+35  -8.08856e+35  -1.08211e+36  -9.45934e+35  -1.08211e+36  -8.08856e+35  9.66466e+35  1.1985e+36  -1.75729e+35  -4.30998e+35  -4.88394e+33  7.46588e+34  5.1054e+33  -6.65319e+33  -5.76191e+32  3.08161e+32  2.27899e+32  -1.18951e+32  -2.34567e+32  
-1.88344e+34  -1.46938e+34  -2.27221e+33  3.89945e+32  -3.53034e+33  4.2969e+33  7.3624e+34  -1.84206e+34  -7.05134e+35  -2.10075e+35  3.43004e+36  2.47266e+36  -6.66995e+36  -7.64199e+36  -1.87947e+36  -7.20435e+35  -1.87947e+36  -7.64199e+36  -6.66995e+36  2.47266e+36  3.43004e+36  -2.10075e+35  -7.05134e+35  -1.84206e+34  7.3624e+34  4.2969e+33  -3.53034e+33  3.89945e+32  -2.27221e+33  -1.46938e+34  -1.88344e+34  
5.2835e+34  3.57952e+34  -1.53242e+34  -8.17237e+33  2.6752e+33  4.038e+34  -2.03295e+34  -6.34227e+35  -9.65757e+34  5.11582e+36  3.16638e+36  -1.95197e+37  -2.0208e+37  1.75872e+37  2.94263e+37  2.6744e+37  2.94263e+37  1.75872e+37  -2.0208e+37  -1.95197e+37  3.16638e+36  5.11582e+36  -9.65757e+34  -6.34227e+35  -2.03295e+34  4.038e+34  2.6752e+33  -8.17237e+33  -1.53242e+34  3.57952e+34  5.2835e+34  
8.75974e+35  6.89491e+35  1.30042e+35  -3.64533e+33  2.90497e+33  -1.00807e+34  -3.24076e+35  1.44562e+34  4.31299e+36  2.12395e+36  -2.87713e+37  -2.67403e+37  7.56147e+37  1.05567e+38  2.761e+37  4.24611e+36  2.761e+37  1.05567e+38  7.56147e+37  -2.67403e+37  -2.87713e+37  2.12395e+36  4.31299e+36  1.44562e+34  -3.24076e+35  -1.00807e+34  2.90497e+33  -3.64533e+33  1.30042e+35  6.89491e+35  8.75974e+35  
-1.7697e+36  -1.3341e+36  -2.73176e+34  1.2835e+35  3.86632e+32  -9.87233e+34  3.03644e+34  2.10387e+36  6.88786e+35  -2.37658e+37  -1.92486e+37  1.24996e+38  1.57422e+38  -1.53265e+38  -3.052e+38  -2.9016e+38  -3.052e+38  -1.53265e+38  1.57422e+38  1.24996e+38  -1.92486e+37  -2.37658e+37  6.88786e+35  2.10387e+36  3.03644e+34  -9.87233e+34  3.86631e+32  1.2835e+35  -2.73176e+34  -1.3341e+36  -1.7697e+36  
-1.22956e+37  -9.67548e+36  -1.81502e+36  -1.42827e+35  4.47088e+34  1.30636e+34  5.7875e+35  5.5982e+34  -1.13346e+37  -7.49611e+36  1.07898e+38  1.22382e+38  -3.95987e+38  -6.53337e+38  -1.76322e+38  2.13178e+37  -1.76322e+38  -6.53337e+38  -3.95987e+38  1.22382e+38  1.07898e+38  -7.49611e+36  -1.13346e+37  5.5982e+34  5.7875e+35  1.30636e+34  4.47088e+34  -1.42827e+35  -1.81502e+36  -9.67548e+36  -1.22956e+37  
2.15551e+37  1.72437e+37  4.30949e+36  -5.05303e+35  -4.84587e+34  9.79156e+34  -2.14876e+34  -3.05953e+36  -1.40214e+36  5.2265e+37  5.18147e+37  -4.00215e+38  -5.96821e+38  7.0238e+38  1.60219e+39  1.60113e+39  1.60219e+39  7.0238e+38  -5.96821e+38  -4.00215e+38  5.18147e+37  5.2265e+37  -1.40214e+36  -3.05953e+36  -2.14876e+34  9.79156e+34  -4.84587e+34  -5.05303e+35  4.30949e+36  1.72437e+37  2.15551e+37  
7.98108e+37  6.22902e+37  9.72807e+36  5.89428e+35  -4.72268e+34  -1.18385e+34  -4.31473e+35  -6.25734e+34  1.41255e+37  1.13527e+37  -2.08769e+38  -2.80471e+38  1.13782e+39  2.17656e+39  5.79898e+38  -2.92315e+38  5.79898e+38  2.17656e+39  1.13782e+39  -2.80471e+38  -2.08769e+38  1.13527e+37  1.41255e+37  -6.25734e+34  -4.31473e+35  -1.18385e+34  -4.72268e+34  5.89428e+35  9.72807e+36  6.22902e+37  7.98108e+37  
-1.29292e+38  -1.07509e+38  -4.21617e+37  -1.30466e+36  2.40683e+34  -3.05677e+34  1.16205e+34  1.98615e+36  1.02864e+36  -5.85409e+37  -6.80748e+37  7.1266e+38  1.23956e+39  -1.91756e+39  -4.86274e+39  -5.12542e+39  -4.86274e+39  -1.91756e+39  1.23956e+39  7.1266e+38  -6.80748e+37  -5.85409e+37  1.02864e+36  1.98615e+36  1.16205e+34  -3.05677e+34  2.40683e+34  -1.30466e+36  -4.21617e+37  -1.07509e+38  -1.29292e+38  
-2.86272e+38  -2.1966e+38  -1.98222e+37  6.85021e+36  1.50502e+35  3.27069e+33  1.22049e+35  -2.6413e+33  -8.36809e+36  -7.48883e+36  2.19422e+38  3.42527e+38  -1.94455e+39  -4.26825e+39  -1.03738e+39  1.20561e+39  -1.03738e+39  -4.26825e+39  -1.94455e+39  3.42527e+38  2.19422e+38  -7.48883e+36  -8.36809e+36  -2.6413e+33  1.22049e+35  3.27069e+33  1.50502e+35  6.85021e+36  -1.98222e+37  -2.1966e+38  -2.86272e+38  
4.40751e+38  3.76807e+38  1.84973e+38  1.29928e+37  -1.2381e+36  -2.63008e+34  -3.39501e+33  -5.17334e+35  -2.02008e+35  3.30112e+37  4.31546e+37  -7.32254e+38  -1.47686e+39  3.31303e+39  9.1515e+39  1.01992e+40  9.1515e+39  3.31303e+39  -1.47686e+39  -7.32254e+38  4.31546e+37  3.30112e+37  -2.02008e+35  -5.17334e+35  -3.39501e+33  -2.63008e+34  -1.2381e+36  1.29928e+37  1.84973e+38  3.76807e+38  4.40751e+38  
6.21303e+38  4.63702e+38  -9.10272e+36  -5.64183e+37  -3.58263e+36  2.56688e+35  -2.37808e+33  9.77535e+33  2.09513e+36  1.74061e+36  -1.2275e+38  -2.19168e+38  2.03521e+39  5.12708e+39  9.43608e+38  -2.62144e+39  9.43608e+38  5.12708e+39  2.03521e+39  -2.19168e+38  -1.2275e+38  1.74061e+36  2.09513e+36  9.77535e+33  -2.37808e+33  2.56688e+35  -3.58263e+36  -5.64183e+37  -9.10272e+36  4.63702e+38  6.21303e+38  
-9.2103e+38  -8.04554e+38  -4.55124e+38  -3.27948e+37  1.42832e+37  9.21146e+35  -5.84474e+34  3.45624e+34  -2.17167e+34  -8.27652e+36  -1.11093e+37  4.2476e+38  9.97923e+38  -3.71e+39  -1.10612e+40  -1.30637e+40  -1.10612e+40  -3.71e+39  9.97923e+38  4.2476e+38  -1.11093e+37  -8.27652e+36  -2.17167e+34  3.45624e+34  -5.84474e+34  9.21146e+35  1.42832e+37  -3.27948e+37  -4.55124e+38  -8.04554e+38  -9.2103e+38  
-8.557e+38  -6.12581e+38  1.16776e+38  1.76047e+38  1.44493e+37  -3.53737e+36  -2.37056e+35  1.34752e+34  -1.46051e+35  5.23602e+33  3.22783e+37  6.38571e+37  -1.28584e+39  -3.78298e+39  -2.05839e+38  3.39392e+39  -2.05839e+38  -3.78298e+39  -1.28584e+39  6.38571e+37  3.22783e+37  5.23602e+33  -1.46051e+35  1.34752e+34  -2.37056e+35  -3.53737e+36  1.44493e+37  1.76047e+38  1.16776e+38  -6.12581e+38  -8.557e+38  
1.22607e+39  1.09059e+39  6.84135e+38  3.61198e+37  -5.27726e+37  -4.69658e+36  8.77041e+35  6.11759e+34  -1.25144e+33  6.04673e+35  4.08586e+35  -1.24288e+38  -3.46254e+38  2.68642e+39  8.68074e+39  1.08905e+40  8.68074e+39  2.68642e+39  -3.46254e+38  -1.24288e+38  4.08586e+35  6.04673e+35  -1.25144e+33  6.11759e+34  8.77041e+35  -4.69658e+36  -5.27726e+37  3.61198e+37  6.84135e+38  1.09059e+39  1.22607e+39  
7.63663e+38  5.14438e+38  -2.3324e+38  -2.96148e+38  -2.59105e+37  1.43579e+37  1.37043e+36  -2.16089e+35  -1.58255e+34  -8.35663e+33  -2.60985e+36  -4.40611e+36  4.52889e+38  1.64552e+39  -4.00284e+38  -2.71818e+39  -4.00284e+38  1.64552e+39  4.52889e+38  -4.40611e+36  -2.60985e+36  -8.35663e+33  -1.58255e+34  -2.16089e+35  1.37043e+36  1.43579e+37  -2.59105e+37  -2.96148e+38  -2.3324e+38  5.14438e+38  7.63663e+38  
-1.05327e+39  -9.52558e+38  -6.50432e+38  -1.28876e+37  9.5567e+37  9.99871e+36  -3.69354e+36  -3.75243e+35  5.20933e+34  4.27004e+33  4.18216e+34  1.22972e+37  4.00863e+37  -1.22399e+39  -4.37774e+39  -5.8522e+39  -4.37774e+39  -1.22399e+39  4.00863e+37  1.22972e+37  4.18216e+34  4.27004e+33  5.20933e+34  -3.75243e+35  -3.69354e+36  9.99871e+36  9.5567e+37  -1.28876e+37  -6.50432e+38  -9.52558e+38  -1.05327e+39  
-4.41685e+38  -2.72407e+38  2.35428e+38  2.9419e+38  2.5335e+37  -2.67149e+37  -3.14096e+36  9.02284e+35  9.71649e+34  -1.14771e+34  -2.46748e+34  -1.77776e+35  -6.59297e+37  -3.67923e+38  4.09671e+38  1.3437e+39  4.09671e+38  -3.67923e+38  -6.59297e+37  -1.77776e+35  -2.46748e+34  -1.14771e+34  9.71649e+34  9.02284e+35  -3.14096e+36  -2.67149e+37  2.5335e+37  2.9419e+38  2.35428e+38  -2.72407e+38  -4.41685e+38  
5.78509e+38  5.32005e+38  3.92495e+38  -8.30478e+36  -9.57905e+37  -1.11942e+37  6.76065e+36  8.72187e+35  -2.07213e+35  -1.79631e+34  2.37302e+33  -1.36082e+35  3.9564e+36  3.30415e+38  1.37086e+39  1.96135e+39  1.37086e+39  3.30415e+38  3.9564e+36  -1.36082e+35  2.37302e+33  -1.79631e+34  -2.07213e+35  8.72187e+35  6.76065e+36  -1.11942e+37  -9.57905e+37  -8.30478e+36  3.92495e+38  5.32005e+38  5.78509e+38  
1.6223e+38  8.79456e+37  -1.34907e+38  -1.75832e+38  -1.46617e+37  2.59806e+37  3.60153e+36  -1.55853e+36  -2.19283e+35  3.89202e+34  8.99696e+34  -8.58136e+33  -4.82144e+36  1.97466e+37  -1.70182e+38  -3.95085e+38  -1.70182e+38  1.97466e+37  -4.82144e+36  -8.58136e+33  8.99696e+34  3.89202e+34  -2.19283e+35  -1.55853e+36  3.60153e+36  2.59806e+37  -1.46617e+37  -1.75832e+38  -1.34907e+38  8.79456e+37  1.6223e+38  
-1.96344e+38  -1.83916e+38  -1.46631e+38  9.32427e+36  5.45334e+37  7.12849e+36  -6.12287e+36  -9.62896e+35  3.24569e+35  3.44193e+34  -5.19338e+34  6.51826e+35  7.40242e+35  -4.68837e+37  -2.48947e+38  -3.83735e+38  -2.48947e+38  -4.68837e+37  7.40242e+35  6.51826e+35  -5.19338e+34  3.44193e+34  3.24569e+35  -9.62896e+35  -6.12287e+36  7.12849e+36  5.45334e+37  9.32427e+36  -1.46631e+38  -1.83916e+38  -1.96344e+38  
-3.61239e+37  -1.61656e+37  4.37094e+37  6.15345e+37  5.23336e+36  -1.35211e+37  -2.21236e+36  1.2576e+36  2.21475e+35  -4.9426e+34  -7.37958e+34  -2.13024e+35  2.23735e+36  6.42896e+36  3.39223e+37  6.35498e+37  3.39223e+37  6.42896e+36  2.23735e+36  -2.13024e+35  -7.37958e+34  -4.9426e+34  2.21475e+35  1.2576e+36  -2.21236e+36  -1.35211e+37  5.23336e+36  6.15345e+37  4.37094e+37  -1.61656e+37  -3.61239e+37  
3.84119e+37  3.6782e+37  3.18923e+37  -3.15262e+36  -1.70297e+37  -2.58422e+36  2.78225e+36  5.3384e+35  -2.22228e+35  -3.79345e+34  3.80805e+34  -1.40986e+35  -5.87322e+35  2.64259e+36  2.30442e+37  3.86681e+37  2.30442e+37  2.64259e+36  -5.87322e+35  -1.40986e+35  3.80805e+34  -3.79345e+34  -2.22228e+35  5.3384e+35  2.78225e+36  -2.58422e+36  -1.70297e+37  -3.15262e+36  3.18923e+37  3.6782e+37  3.84119e+37  
4.46091e+36  1.48918e+36  -7.42599e+36  -1.16473e+37  -1.1431e+36  3.58167e+36  7.11698e+35  -4.73571e+35  -1.04059e+35  2.95202e+34  1.36546e+34  5.05377e+34  -1.38423e+35  -9.27597e+35  -2.9075e+36  -4.70878e+36  -2.9075e+36  -9.27597e+35  -1.38423e+35  5.05377e+34  1.36546e+34  2.95202e+34  -1.04059e+35  -4.73571e+35  7.11698e+35  3.58167e+36  -1.1431e+36  -1.16473e+37  -7.42599e+36  1.48918e+36  4.46091e+36  
-3.79104e+36  -3.73493e+36  -3.56662e+36  4.10612e+35  2.62494e+36  4.92345e+35  -5.8969e+35  -1.42061e+35  6.51983e+34  1.60324e+34  -6.84403e+33  3.65173e+33  5.07713e+34  -9.20637e+33  -8.29718e+35  -1.5426e+36  -8.29718e+35  -9.20637e+33  5.07713e+34  3.65173e+33  -6.84403e+33  1.60324e+34  6.51983e+34  -1.42061e+35  -5.8969e+35  4.92345e+35  2.62494e+36  4.10612e+35  -3.56662e+36  -3.73493e+36  -3.79104e+36  
-2.55656e+35  -5.34222e+34  5.53278e+35  1.00478e+36  1.33707e+35  -4.18284e+35  -1.06548e+35  7.52345e+34  2.15451e+34  -6.86883e+33  -1.98929e+33  -1.64667e+33  2.92636e+32  2.56e+34  7.18667e+34  1.05831e+35  7.18667e+34  2.56e+34  2.92636e+32  -1.64667e+33  -1.98929e+33  -6.86883e+33  2.15451e+34  7.52345e+34  -1.06548e+35  -4.18284e+35  1.33707e+35  1.00478e+36  5.53278e+35  -5.34222e+34  -2.55656e+35  
1.41822e+35  1.45527e+35  1.56645e+35  -1.48366e+34  -1.5691e+35  -3.98562e+34  4.80298e+34  1.56072e+34  -7.28003e+33  -2.51847e+33  5.87614e+32  2.08806e+32  -4.91818e+32  -6.70816e+32  5.10063e+33  1.09378e+34  5.10063e+33  -6.70816e+32  -4.91818e+32  2.08806e+32  5.87614e+32  -2.51847e+33  -7.28003e+33  1.56072e+34  4.80298e+34  -3.98562e+34  -1.5691e+35  -1.48366e+34  1.56645e+35  1.45527e+35  1.41822e+35  
4.37996e+33  4.14456e+32  -1.1482e+34  -2.60585e+34  -5.62892e+33  1.53011e+34  5.66894e+33  -4.00043e+33  -1.73224e+33  5.51671e+32  2.54635e+32  -3.92706e+31  -1.7527e+31  4.67294e+29  -1.86429e+31  -3.56919e+31  -1.86429e+31  4.67294e+29  -1.7527e+31  -3.92706e+31  2.54635e+32  5.51671e+32  -1.73224e+33  -4.00043e+33  5.66894e+33  1.53011e+34  -5.62893e+33  -2.60585e+34  -1.1482e+34  4.14456e+32  4.37996e+33  
0  0  0  0  0  0  0  0  0  0  0  0  0  0  0  0  0  0  0  0  0  0  0  0  0  0  0  0  0  0  0  
