1  1  1  1  1  1  1  1  1  1  1  1  1  1  1  1  1  1  1  1  1  1  1  1  1  1  1  1  1  1  1  
-2.65003e+31  7.34746e+30  1.08891e+32  1.15731e+33  -2.23465e+33  -2.11576e+34  1.43575e+34  1.78334e+35  -6.58969e+33  -7.97164e+35  -3.1632e+35  1.76037e+36  1.34644e+36  -9.19139e+35  -1.16894e+36  -1.00962e+36  -1.16894e+36  -9.19139e+35  1.34644e+36  1.76037e+36  -3.1632e+35  -7.97164e+35  -6.58969e+33  1.78334e+35  1.43575e+34  -2.11576e+34  -2.23465e+33  1.15731e+33  1.08891e+32  7.34746e+30  -2.65003e+31  
-8.51391e+33  -6.05336e+33  1.3283e+33  -4.02877e+32  -1.56229e+34  1.53446e+34  2.51037e+35  -4.09986e+34  -1.98496e+36  -6.67308e+35  8.01772e+36  5.78306e+36  -1.2876e+37  -1.4337e+37  -3.99467e+36  -2.24785e+36  -3.99467e+36  -1.4337e+37  -1.2876e+37  5.78306e+36  8.01772e+36  -6.67308e+35  -1.98496e+36  -4.09986e+34  2.51037e+35  1.53446e+34  -1.56229e+34  -4.02877e+32  1.3283e+33  -6.05336e+33  -8.51391e+33  
-1.1839e+35  -9.73027e+34  -3.40393e+34  -6.26861e+33  1.2209e+34  1.90057e+35  -6.77797e+34  -2.53224e+36  -6.06571e+35  1.71779e+37  1.13094e+37  -5.50095e+37  -5.68994e+37  3.90294e+37  6.54376e+37  5.89359e+37  6.54376e+37  3.90294e+37  -5.68994e+37  -5.50095e+37  1.13094e+37  1.71779e+37  -6.06571e+35  -2.53224e+36  -6.77797e+34  1.90057e+35  1.2209e+34  -6.26861e+33  -3.40393e+34  -9.73027e+34  -1.1839e+35  
1.30817e+36  9.82238e+35  4.44836e+33  -6.84953e+34  7.27678e+34  -4.48658e+34  -1.78331e+36  -1.87342e+35  1.9872e+37  1.14613e+37  -1.11271e+38  -1.07134e+38  2.42187e+38  3.37485e+38  1.02988e+38  4.08451e+37  1.02988e+38  3.37485e+38  2.42187e+38  -1.07134e+38  -1.11271e+38  1.14613e+37  1.9872e+37  -1.87342e+35  -1.78331e+36  -4.48658e+34  7.27678e+34  -6.84953e+34  4.44836e+33  9.82238e+35  1.30817e+36  
4.80594e+36  3.91796e+36  1.25399e+36  1.91236e+35  -9.42976e+34  -7.12784e+35  6.35934e+34  1.31095e+37  6.16641e+36  -1.22818e+38  -1.08707e+38  5.3579e+38  6.87383e+38  -5.07142e+38  -1.04451e+39  -9.84907e+38  -1.04451e+39  -5.07142e+38  6.87383e+38  5.3579e+38  -1.08707e+38  -1.22818e+38  6.16641e+36  1.31095e+37  6.35934e+34  -7.12784e+35  -9.42976e+34  1.91236e+35  1.25399e+36  3.91796e+36  4.80594e+36  
-3.48481e+37  -2.6983e+37  -3.38776e+36  8.68972e+35  3.22119e+34  1.03803e+34  4.94282e+36  1.61553e+36  -7.7956e+37  -6.17677e+37  6.06748e+38  7.25268e+38  -1.80566e+39  -3.01797e+39  -9.86529e+38  -2.18315e+38  -9.86529e+38  -3.01797e+39  -1.80566e+39  7.25268e+38  6.06748e+38  -6.17677e+37  -7.7956e+37  1.61553e+36  4.94282e+36  1.03803e+34  3.22119e+34  8.68972e+35  -3.38776e+36  -2.6983e+37  -3.48481e+37  
-5.71049e+37  -4.52307e+37  -9.60814e+36  -2.91274e+36  3.54953e+35  1.10488e+36  1.04055e+35  -2.8493e+37  -1.91593e+37  3.86183e+38  4.26811e+38  -2.37762e+39  -3.65333e+39  3.13606e+39  7.55042e+39  7.48831e+39  7.55042e+39  3.13606e+39  -3.65333e+39  -2.37762e+39  4.26811e+38  3.86183e+38  -1.91593e+37  -2.8493e+37  1.04055e+35  1.10488e+36  3.54953e+35  -2.91274e+36  -9.60814e+36  -4.52307e+37  -5.71049e+37  
3.62949e+38  2.8734e+38  6.0515e+37  -1.52557e+36  -7.43011e+35  5.04453e+34  -5.70538e+36  -2.8759e+36  1.40106e+38  1.39743e+38  -1.61595e+39  -2.31893e+39  6.90858e+39  1.35061e+40  4.6155e+39  6.88867e+37  4.6155e+39  1.35061e+40  6.90858e+39  -2.31893e+39  -1.61595e+39  1.39743e+38  1.40106e+38  -2.8759e+36  -5.70538e+36  5.04453e+34  -7.43011e+35  -1.52557e+36  6.0515e+37  2.8734e+38  3.62949e+38  
2.98368e+38  2.20942e+38  -1.1337e+37  6.19339e+36  -7.25741e+34  -6.72442e+35  -1.17138e+35  2.77949e+37  2.36234e+37  -6.04075e+38  -8.03249e+38  5.63676e+39  1.01803e+40  -1.10511e+40  -2.98674e+40  -3.12509e+40  -2.98674e+40  -1.10511e+40  1.01803e+40  5.63676e+39  -8.03249e+38  -6.04075e+38  2.36234e+37  2.77949e+37  -1.17138e+35  -6.72442e+35  -7.25741e+34  6.19339e+36  -1.1337e+37  2.20942e+38  2.98368e+38  
-1.93493e+39  -1.55654e+39  -4.21361e+38  -6.11999e+36  1.55419e+35  1.43195e+33  2.68204e+36  1.6432e+36  -1.21209e+38  -1.44858e+38  2.30368e+39  3.89916e+39  -1.52625e+40  -3.43547e+40  -1.1857e+40  3.12641e+39  -1.1857e+40  -3.43547e+40  -1.52625e+40  3.89916e+39  2.30368e+39  -1.44858e+38  -1.21209e+38  1.6432e+36  2.68204e+36  1.43195e+33  1.55419e+35  -6.11999e+36  -4.21361e+38  -1.55654e+39  -1.93493e+39  
-7.83947e+38  -4.89947e+38  3.92054e+38  8.48686e+37  3.90101e+35  1.28118e+35  8.07378e+33  -1.17318e+37  -1.15227e+37  4.84552e+38  7.58061e+38  -7.64133e+39  -1.60873e+40  2.41829e+40  7.11739e+40  7.8716e+40  7.11739e+40  2.41829e+40  -1.60873e+40  -7.64133e+39  7.58061e+38  4.84552e+38  -1.15227e+37  -1.17318e+37  8.07378e+33  1.28118e+35  3.90101e+35  8.48686e+37  3.92054e+38  -4.89947e+38  -7.83947e+38  
6.00378e+39  4.88471e+39  1.52752e+39  -3.19697e+37  -1.58875e+37  -8.38206e+34  -4.20405e+35  -2.18159e+35  4.80269e+37  6.5819e+37  -1.78619e+39  -3.54001e+39  2.0515e+40  5.28501e+40  1.73764e+40  -1.24051e+40  1.73764e+40  5.28501e+40  2.0515e+40  -3.54001e+39  -1.78619e+39  6.5819e+37  4.80269e+37  -2.18159e+35  -4.20405e+35  -8.38206e+34  -1.58875e+37  -3.19697e+37  1.52752e+39  4.88471e+39  6.00378e+39  
1.00171e+39  2.91064e+38  -1.84088e+39  -5.7302e+38  1.30679e+36  3.37401e+36  2.24567e+34  1.73355e+36  1.64462e+36  -1.87792e+38  -3.3937e+38  5.97255e+39  1.47057e+40  -3.41464e+40  -1.07474e+41  -1.25808e+41  -1.07474e+41  -3.41464e+40  1.47057e+40  5.97255e+39  -3.3937e+38  -1.87792e+38  1.64462e+36  1.73355e+36  2.24567e+34  3.37401e+36  1.30678e+36  -5.7302e+38  -1.84088e+39  2.91065e+38  1.00171e+39  
-1.16059e+40  -9.51701e+39  -3.25049e+39  3.65262e+38  1.58309e+38  4.86241e+35  -7.73916e+35  -1.55317e+34  -6.98531e+36  -9.94708e+36  7.06899e+38  1.64368e+39  -1.69066e+40  -5.02544e+40  -1.38682e+40  2.33255e+40  -1.38682e+40  -5.02544e+40  -1.69066e+40  1.64368e+39  7.06899e+38  -9.94708e+36  -6.98531e+36  -1.55317e+34  -7.73916e+35  4.86241e+35  1.58309e+38  3.65262e+38  -3.25049e+39  -9.51701e+39  -1.16059e+40  
-2.78134e+38  8.64892e+38  4.29397e+39  1.59514e+39  -6.09135e+37  -4.12796e+37  -2.50443e+35  1.52501e+35  2.44716e+34  2.80424e+37  5.59659e+37  -2.53797e+39  -7.4665e+39  3.13807e+40  1.05159e+41  1.3046e+41  1.05159e+41  3.13807e+40  -7.4665e+39  -2.53797e+39  5.59659e+37  2.80424e+37  2.44716e+34  1.52501e+35  -2.50443e+35  -4.12796e+37  -6.09135e+37  1.59514e+39  4.29397e+39  8.64892e+38  -2.78134e+38  
1.44641e+40  1.19247e+40  4.30639e+39  -1.11548e+39  -5.32993e+38  8.84267e+36  1.06153e+37  8.7606e+34  1.0484e+35  6.12669e+33  -1.14166e+38  -3.12588e+38  8.19838e+39  2.9112e+40  4.2666e+39  -2.53439e+40  4.2666e+39  2.9112e+40  8.19838e+39  -3.12588e+38  -1.14166e+38  6.12669e+33  1.0484e+35  8.7606e+34  1.06153e+37  8.84267e+36  -5.32993e+38  -1.11548e+39  4.30639e+39  1.19247e+40  1.44641e+40  
-8.85333e+38  -2.12822e+39  -5.85687e+39  -2.46831e+39  2.36176e+38  1.55117e+38  -8.69301e+35  -2.69352e+36  -2.68116e+34  -6.28446e+35  -5.83364e+35  4.78067e+38  1.78081e+39  -1.84868e+40  -6.66959e+40  -8.78426e+40  -6.66959e+40  -1.84868e+40  1.78081e+39  4.78067e+38  -5.83364e+35  -6.28446e+35  -2.68116e+34  -2.69352e+36  -8.69301e+35  1.55117e+38  2.36176e+38  -2.46831e+39  -5.85687e+39  -2.12822e+39  -8.85333e+38  
-1.17444e+40  -9.71987e+39  -3.64634e+39  1.69624e+39  9.04417e+38  -4.37239e+37  -4.19317e+37  -7.54823e+34  6.66623e+35  7.09118e+33  2.79199e+36  6.74333e+36  -2.02327e+39  -9.59103e+39  1.77648e+39  1.66818e+40  1.77648e+39  -9.59103e+39  -2.02327e+39  6.74333e+36  2.79199e+36  7.09118e+33  6.66623e+35  -7.54824e+34  -4.19317e+37  -4.37239e+37  9.04417e+38  1.69624e+39  -3.64634e+39  -9.71987e+39  -1.17444e+40  
1.26858e+39  2.17637e+39  4.89975e+39  2.30099e+39  -3.88596e+38  -2.74007e+38  6.74916e+36  1.06752e+37  8.15807e+34  -1.33926e+35  -3.74654e+33  -1.53054e+37  -6.77062e+37  6.6977e+39  2.68365e+40  3.76228e+40  2.68365e+40  6.6977e+39  -6.77062e+37  -1.53054e+37  -3.74654e+33  -1.33926e+35  8.15807e+34  1.06752e+37  6.74916e+36  -2.74007e+38  -3.88596e+38  2.30099e+39  4.89975e+39  2.17637e+39  1.26858e+39  
6.14731e+39  5.10516e+39  1.97873e+39  -1.45057e+39  -8.66459e+38  7.51465e+37  7.36958e+37  -6.58324e+35  -2.54992e+36  -4.37343e+34  4.27075e+35  -1.51057e+36  1.04541e+38  1.42758e+39  -2.0084e+39  -6.60066e+39  -2.0084e+39  1.42758e+39  1.04541e+38  -1.51057e+36  4.27075e+35  -4.37343e+34  -2.54992e+36  -6.58324e+35  7.36958e+37  7.51465e+37  -8.66459e+38  -1.45057e+39  1.97873e+39  5.10516e+39  6.14731e+39  
-7.82892e+38  -1.21584e+39  -2.51467e+39  -1.31306e+39  3.28887e+38  2.57894e+38  -1.18524e+37  -1.79024e+37  -5.46094e+34  4.36983e+35  -1.22561e+35  6.04244e+36  -1.70025e+37  -1.3753e+39  -6.52189e+39  -9.77336e+39  -6.52189e+39  -1.3753e+39  -1.70025e+37  6.04244e+36  -1.22561e+35  4.36983e+35  -5.46094e+34  -1.79024e+37  -1.18524e+37  2.57894e+38  3.28887e+38  -1.31306e+39  -2.51467e+39  -1.21584e+39  -7.82892e+38  
-2.0034e+39  -1.67114e+39  -6.74371e+38  7.10594e+38  4.79653e+38  -6.01968e+37  -6.53197e+37  1.24389e+36  3.92277e+36  1.34725e+35  -1.1288e+36  -1.47239e+36  4.9209e+37  2.61966e+37  6.79163e+38  1.48991e+39  6.79163e+38  2.61966e+37  4.9209e+37  -1.47239e+36  -1.1288e+36  1.34725e+35  3.92277e+36  1.24389e+36  -6.53197e+37  -6.01968e+37  4.79653e+38  7.10594e+38  -6.74371e+38  -1.67114e+39  -2.0034e+39  
2.52362e+38  3.79863e+38  7.62366e+38  4.46516e+38  -1.47615e+38  -1.32146e+38  8.46347e+36  1.43053e+37  1.44123e+34  -6.35338e+35  4.05176e+35  -4.01597e+36  -8.88496e+36  1.35656e+38  8.72082e+38  1.40649e+39  8.72082e+38  1.35656e+38  -8.88496e+36  -4.01597e+36  4.05176e+35  -6.35338e+35  1.44123e+34  1.43053e+37  8.46346e+36  -1.32146e+38  -1.47615e+38  4.46516e+38  7.62366e+38  3.79863e+38  2.52362e+38  
3.79167e+38  3.18622e+38  1.36988e+38  -1.91114e+38  -1.48126e+38  2.33184e+37  2.95727e+37  -6.91402e+35  -2.68872e+36  -1.13879e+35  4.13894e+35  1.24127e+36  -7.39875e+36  -2.88448e+37  -9.82319e+37  -1.70768e+38  -9.82319e+37  -2.88448e+37  -7.39875e+36  1.24127e+36  4.13894e+35  -1.13879e+35  -2.68872e+36  -6.91401e+35  2.95727e+37  2.33184e+37  -1.48126e+38  -1.91114e+38  1.36988e+38  3.18622e+38  3.79167e+38  
-4.11476e+37  -6.21317e+37  -1.25084e+38  -8.37166e+37  3.32235e+37  3.50638e+37  -2.55154e+36  -5.44075e+36  -4.22305e+34  4.03817e+35  -1.02269e+35  3.65689e+35  2.07122e+36  -4.10064e+36  -5.34879e+37  -9.39163e+37  -5.34879e+37  -4.10064e+36  2.07122e+36  3.65689e+35  -1.02269e+35  4.03817e+35  -4.22305e+34  -5.44075e+36  -2.55154e+36  3.50638e+37  3.32235e+37  -8.37166e+37  -1.25084e+38  -6.21317e+37  -4.11476e+37  
-3.64869e+37  -3.10723e+37  -1.48285e+37  2.51392e+37  2.29869e+37  -4.00866e+36  -6.36502e+36  1.03182e+35  8.11062e+35  3.68986e+34  -6.35647e+34  -1.33496e+35  1.91993e+35  1.97306e+36  5.13304e+36  7.69249e+36  5.13304e+36  1.97306e+36  1.91993e+35  -1.33496e+35  -6.35647e+34  3.68986e+34  8.11062e+35  1.03182e+35  -6.36502e+36  -4.00866e+36  2.29869e+37  2.51392e+37  -1.48285e+37  -3.10723e+37  -3.64869e+37  
2.87262e+36  4.47034e+36  9.2635e+36  7.31117e+36  -3.18519e+36  -4.18202e+36  2.71541e+35  8.93427e+35  2.63283e+34  -9.54746e+34  -1.35709e+33  2.14006e+33  -7.38782e+34  -3.35317e+34  9.75152e+35  1.90577e+36  9.75152e+35  -3.35317e+34  -7.38782e+34  2.14006e+33  -1.35709e+33  -9.54746e+34  2.63283e+34  8.93427e+35  2.71541e+35  -4.18202e+36  -3.18519e+36  7.31117e+36  9.2635e+36  4.47034e+36  2.87262e+36  
1.3433e+36  1.17297e+36  6.62e+35  -1.24224e+36  -1.4131e+36  2.36021e+35  5.3944e+35  6.21848e+33  -9.63032e+34  -7.05893e+33  8.71057e+33  2.01493e+33  3.67999e+32  -1.6977e+34  -4.45287e+34  -6.16593e+34  -4.45287e+34  -1.6977e+34  3.67999e+32  2.01493e+33  8.71057e+33  -7.05893e+33  -9.63032e+34  6.21848e+33  5.3944e+35  2.36021e+35  -1.4131e+36  -1.24224e+36  6.62e+35  1.17297e+36  1.3433e+36  
-5.36705e+34  -8.97947e+34  -1.98167e+35  -1.9734e+35  8.58209e+34  1.60654e+35  -4.21104e+33  -5.10515e+34  -4.35218e+33  8.45932e+33  1.09532e+33  -7.00593e+32  -1.24724e+32  3.25003e+31  -1.84663e+32  -5.61483e+32  -1.84663e+32  3.25003e+31  -1.24724e+32  -7.00593e+32  1.09532e+33  8.45932e+33  -4.35218e+33  -5.10515e+34  -4.21104e+33  1.60654e+35  8.58209e+34  -1.9734e+35  -1.98167e+35  -8.97947e+34  -5.36705e+34  
0  0  0  0  0  0  0  0  0  0  0  0  0  0  0  0  0  0  0  0  0  0  0  0  0  0  0  0  0  0  0  
