1  1  1  1  1  1  1  1  1  1  1  1  1  1  1  1  1  1  1  1  1  1  1  1  1  1  1  1  1  1  1  
-6.16614e+32  6.24272e+31  2.09955e+33  -1.5583e+33  -6.07246e+34  -1.08763e+34  6.87768e+35  4.15683e+35  -3.91847e+36  -3.52191e+36  1.14649e+37  1.34238e+37  -1.20053e+37  -1.92288e+37  -8.26509e+36  -6.22388e+36  -8.26509e+36  -1.92288e+37  -1.20053e+37  1.34238e+37  1.14649e+37  -3.52191e+36  -3.91847e+36  4.15683e+35  6.87768e+35  -1.08763e+34  -6.07246e+34  -1.5583e+33  2.09955e+33  6.24272e+31  -6.16614e+32  
-1.08991e+35  -8.44201e+34  -1.07087e+34  -2.50211e+34  -8.02844e+33  7.12878e+35  5.32941e+35  -7.46426e+36  -7.68148e+36  3.93748e+37  5.01275e+37  -9.33493e+37  -1.47368e+38  2.01133e+37  8.93259e+37  8.31985e+37  8.93259e+37  2.01133e+37  -1.47368e+38  -9.33493e+37  5.01275e+37  3.93748e+37  -7.68148e+36  -7.46426e+36  5.32941e+35  7.12878e+35  -8.02844e+33  -2.50211e+34  -1.07087e+34  -8.44201e+34  -1.08991e+35  
4.1459e+35  2.44177e+35  -2.67064e+35  -7.95696e+34  4.23018e+35  3.62207e+35  -7.47463e+36  -8.60813e+36  6.64134e+37  9.11348e+37  -2.88703e+38  -4.67736e+38  4.17923e+38  9.07206e+38  4.52631e+38  3.12645e+38  4.52631e+38  9.07206e+38  4.17923e+38  -4.67736e+38  -2.88703e+38  9.11348e+37  6.64134e+37  -8.60813e+36  -7.47463e+36  3.62207e+35  4.23018e+35  -7.95696e+34  -2.67064e+35  2.44176e+35  4.1459e+35  
1.47883e+37  1.15918e+37  2.00231e+36  -1.65674e+35  -4.56011e+34  -4.08536e+36  -5.3404e+36  6.12055e+37  9.11169e+37  -4.52815e+38  -7.66776e+38  1.46714e+39  2.97021e+39  -3.31482e+38  -2.45227e+39  -2.44557e+39  -2.45227e+39  -3.31482e+38  2.97021e+39  1.46714e+39  -7.66776e+38  -4.52815e+38  9.11169e+37  6.12055e+37  -5.3404e+36  -4.08536e+36  -4.56011e+34  -1.65674e+35  2.00231e+36  1.15918e+37  1.47883e+37  
-3.08607e+37  -2.20835e+37  4.24795e+36  3.38946e+36  -1.36239e+36  -2.05866e+36  3.19671e+37  5.24742e+37  -3.96126e+38  -7.12372e+38  2.36475e+39  4.81534e+39  -4.56382e+39  -1.24006e+40  -6.99133e+39  -4.46318e+39  -6.99133e+39  -1.24006e+40  -4.56382e+39  4.81534e+39  2.36475e+39  -7.12372e+38  -3.96126e+38  5.24742e+37  3.19671e+37  -2.05866e+36  -1.36239e+36  3.38946e+36  4.24795e+36  -2.20835e+37  -3.08607e+37  
-3.48775e+38  -2.74584e+38  -5.20118e+37  -1.74037e+36  2.24409e+36  9.29966e+36  1.72773e+37  -1.98936e+38  -3.87729e+38  2.06854e+39  4.3749e+39  -9.23375e+39  -2.28052e+40  2.57256e+39  2.57696e+40  2.74574e+40  2.57696e+40  2.57256e+39  -2.28052e+40  -9.23375e+39  4.3749e+39  2.06854e+39  -3.87729e+38  -1.98936e+38  1.72773e+37  9.29966e+36  2.24409e+36  -1.74037e+36  -5.20118e+37  -2.74584e+38  -3.48775e+38  
6.0258e+38  4.69355e+38  6.96804e+37  -2.96075e+37  -3.17656e+35  4.21056e+36  -5.6251e+37  -1.22607e+38  1.02888e+39  2.31985e+39  -8.78957e+39  -2.17321e+40  2.36801e+40  7.6735e+40  4.82648e+40  2.86959e+40  4.82648e+40  7.6735e+40  2.36801e+40  -2.17321e+40  -8.78957e+39  2.31985e+39  1.02888e+39  -1.22607e+38  -5.6251e+37  4.21056e+36  -3.17656e+35  -2.96075e+37  6.96804e+37  4.69355e+38  6.0258e+38  
3.24229e+39  2.54451e+39  4.51179e+38  3.8157e+37  -7.31933e+36  -8.8309e+36  -2.11465e+37  2.87141e+38  7.12889e+38  -4.53301e+39  -1.17054e+40  2.9578e+40  8.67182e+40  -1.31237e+40  -1.37597e+41  -1.56182e+41  -1.37597e+41  -1.31237e+40  8.67182e+40  2.9578e+40  -1.17054e+40  -4.53301e+39  7.12889e+38  2.87141e+38  -2.11465e+37  -8.8309e+36  -7.31933e+36  3.8157e+37  4.51179e+38  2.54451e+39  3.24229e+39  
-5.09379e+39  -4.17061e+39  -1.40107e+39  2.75877e+37  4.90586e+36  -2.76501e+36  4.17408e+37  1.20379e+38  -1.28327e+39  -3.59232e+39  1.70996e+40  5.05766e+40  -6.93449e+40  -2.58119e+41  -1.79432e+41  -9.98844e+40  -1.79432e+41  -2.58119e+41  -6.93449e+40  5.05766e+40  1.70996e+40  -3.59232e+39  -1.28327e+39  1.20379e+38  4.17408e+37  -2.76501e+36  4.90586e+36  2.75877e+37  -1.40107e+39  -4.17061e+39  -5.09379e+39  
-1.54883e+40  -1.20219e+40  -1.62252e+39  6.29496e+37  -2.19956e+35  3.01416e+36  9.81344e+36  -1.87332e+38  -5.98721e+38  5.12528e+39  1.61211e+40  -5.36153e+40  -1.83865e+41  4.61782e+40  4.26457e+41  5.13713e+41  4.26457e+41  4.61782e+40  -1.83865e+41  -5.36153e+40  1.61211e+40  5.12528e+39  -5.98721e+38  -1.87332e+38  9.81344e+36  3.01416e+36  -2.19956e+35  6.29496e+37  -1.62252e+39  -1.20219e+40  -1.54883e+40  
2.29526e+40  1.94367e+40  8.88898e+39  5.3197e+38  -1.24447e+37  5.26809e+35  -1.19001e+37  -4.79654e+37  7.70378e+38  2.72346e+39  -1.83263e+40  -6.48802e+40  1.239e+41  5.16497e+41  3.93919e+41  2.05731e+41  3.93919e+41  5.16497e+41  1.239e+41  -6.48802e+40  -1.83263e+40  2.72346e+39  7.70378e+38  -4.79654e+37  -1.19001e+37  5.26809e+35  -1.24447e+37  5.3197e+38  8.88898e+39  1.94367e+40  2.29526e+40  
4.31118e+40  3.28006e+40  1.86709e+39  -2.1465e+39  -1.05122e+38  1.98856e+36  -1.40146e+36  4.96577e+37  2.17144e+38  -2.95536e+39  -1.15588e+40  5.70063e+40  2.28643e+41  -1.06525e+41  -8.22873e+41  -1.04767e+42  -8.22873e+41  -1.06525e+41  2.28643e+41  5.70063e+40  -1.15588e+40  -2.95536e+39  2.17144e+38  4.96577e+37  -1.40146e+36  1.98856e+36  -1.05122e+38  -2.1465e+39  1.86709e+39  3.28006e+40  4.31118e+40  
-6.1258e+40  -5.31859e+40  -2.89696e+40  -2.32129e+39  4.69073e+38  2.31309e+37  3.74455e+35  6.17298e+36  -1.97979e+38  -9.41971e+38  1.06003e+40  4.59662e+40  -1.38439e+41  -6.41376e+41  -5.3396e+41  -2.60936e+41  -5.3396e+41  -6.41376e+41  -1.38439e+41  4.59662e+40  1.06003e+40  -9.41971e+38  -1.97979e+38  6.17298e+36  3.74455e+35  2.31309e+37  4.69073e+38  -2.32129e+39  -2.89696e+40  -5.31859e+40  -6.1258e+40  
-7.47144e+40  -5.51074e+40  3.71352e+39  1.00719e+40  8.04204e+38  -1.07158e+38  -5.46293e+36  -3.45292e+36  -2.659e+37  7.67907e+38  3.99117e+39  -3.47521e+40  -1.67009e+41  1.55985e+41  1.02392e+42  1.37247e+42  1.02392e+42  1.55985e+41  -1.67009e+41  -3.47521e+40  3.99117e+39  7.67907e+38  -2.659e+37  -3.45292e+36  -5.46293e+36  -1.07158e+38  8.04204e+38  1.00719e+40  3.71352e+39  -5.51074e+40  -7.47144e+40  
1.02383e+41  9.06959e+40  5.56338e+40  4.08837e+39  -2.80186e+39  -2.33071e+38  2.55271e+37  1.25208e+36  1.43758e+37  1.14751e+38  -2.92424e+39  -1.6672e+40  9.49647e+40  4.98661e+41  4.52349e+41  2.04571e+41  4.52349e+41  4.98661e+41  9.49647e+40  -1.6672e+40  -2.92424e+39  1.14751e+38  1.43758e+37  1.25208e+36  2.55271e+37  -2.33071e+38  -2.80186e+39  4.08837e+39  5.56338e+40  9.06959e+40  1.02383e+41  
8.33401e+40  5.87394e+40  -1.50627e+40  -2.2757e+40  -2.12226e+39  7.31524e+38  6.40119e+37  -6.20996e+36  7.30489e+34  -5.90649e+37  -5.09182e+38  1.08608e+40  6.7534e+40  -1.42862e+41  -8.30756e+41  -1.1684e+42  -8.30756e+41  -1.42862e+41  6.7534e+40  1.08608e+40  -5.09182e+38  -5.90649e+37  7.30489e+34  -6.20996e+36  6.40119e+37  7.31524e+38  -2.12226e+39  -2.2757e+40  -1.50627e+40  5.87394e+40  8.33401e+40  
-1.0991e+41  -9.90927e+40  -6.66407e+40  -3.36056e+39  7.10048e+39  7.42664e+38  -1.85472e+38  -1.70489e+37  1.52909e+36  -1.64842e+36  2.5264e+38  2.39556e+39  -3.69372e+40  -2.36788e+41  -2.35023e+41  -9.54337e+40  -2.35023e+41  -2.36788e+41  -3.69372e+40  2.39556e+39  2.5264e+38  -1.64842e+36  1.52909e+36  -1.70489e+37  -1.85472e+38  7.42664e+38  7.10048e+39  -3.36056e+39  -6.66407e+40  -9.90927e+40  -1.0991e+41  
-6.04551e+40  -3.99298e+40  2.1646e+40  2.93519e+40  2.84901e+39  -1.96457e+39  -2.24219e+38  4.56574e+37  4.39173e+36  -3.98309e+35  7.36082e+36  -1.17398e+39  -1.22335e+40  8.0188e+40  4.351e+41  6.40451e+41  4.351e+41  8.0188e+40  -1.22335e+40  -1.17398e+39  7.36082e+36  -3.98309e+35  4.39173e+36  4.56574e+37  -2.24219e+38  -1.96457e+39  2.84901e+39  2.93519e+40  2.1646e+40  -3.99298e+40  -6.04551e+40  
7.59421e+40  6.9635e+40  5.07139e+40  8.68709e+38  -9.52134e+39  -1.1429e+39  5.02889e+38  6.18371e+37  -1.07952e+37  -1.03515e+36  2.39531e+36  -4.55307e+37  6.16444e+39  6.34833e+40  7.0272e+40  2.33322e+40  7.0272e+40  6.34833e+40  6.16444e+39  -4.55307e+37  2.39531e+36  -1.03515e+36  -1.07952e+37  6.18371e+37  5.02889e+38  -1.1429e+39  -9.52134e+39  8.68709e+38  5.07139e+40  6.9635e+40  7.59421e+40  
2.82444e+40  1.70117e+40  -1.66863e+40  -2.26858e+40  -2.20027e+39  2.62787e+39  3.60432e+38  -1.19763e+38  -1.57414e+37  1.81036e+36  1.88088e+36  7.08999e+36  4.3069e+37  -2.64208e+40  -1.42217e+41  -2.18796e+41  -1.42217e+41  -2.64208e+40  4.3069e+37  7.08999e+36  1.88088e+36  1.81036e+36  -1.57414e+37  -1.19763e+38  3.60432e+38  2.62787e+39  -2.20027e+39  -2.26858e+40  -1.66863e+40  1.70117e+40  2.82444e+40  
-3.30769e+40  -3.08747e+40  -2.42681e+40  4.97909e+38  7.21102e+39  9.71128e+38  -6.43904e+38  -9.80438e+37  2.63879e+37  3.62502e+36  -9.31412e+36  2.5603e+37  4.01271e+38  -7.58251e+39  -1.01764e+40  -1.56309e+39  -1.01764e+40  -7.58251e+39  4.01271e+38  2.5603e+37  -9.31412e+36  3.62502e+36  2.63879e+37  -9.80438e+37  -6.43904e+38  9.71128e+38  7.21102e+39  4.97909e+38  -2.42681e+40  -3.08747e+40  -3.30769e+40  
-8.22897e+39  -4.3481e+39  7.29451e+39  1.04564e+40  1.02985e+39  -1.87531e+39  -3.03142e+38  1.40701e+38  2.33896e+37  -3.44627e+36  -6.73e+35  -6.97522e+37  1.29938e+38  4.68921e+39  2.71189e+40  4.3623e+40  2.71189e+40  4.68921e+39  1.29938e+38  -6.97522e+37  -6.73e+35  -3.44627e+36  2.33896e+37  1.40701e+38  -3.03142e+38  -1.87531e+39  1.02985e+39  1.04564e+40  7.29451e+39  -4.3481e+39  -8.22897e+39  
8.64151e+39  8.23267e+39  7.00616e+39  -3.86981e+38  -3.06818e+39  -4.71555e+38  4.14879e+38  7.6822e+37  -2.72112e+37  -5.31911e+36  8.90749e+36  4.49568e+36  -2.55154e+38  -7.06625e+37  2.69579e+38  -4.29105e+38  2.69579e+38  -7.06625e+37  -2.55154e+38  4.49568e+36  8.90749e+36  -5.31911e+36  -2.72112e+37  7.6822e+37  4.14879e+38  -4.71555e+38  -3.06818e+39  -3.86981e+38  7.00616e+39  8.23267e+39  8.64151e+39  
1.40105e+39  6.14532e+38  -1.74501e+39  -2.73164e+39  -2.94446e+38  7.04301e+38  1.35971e+38  -7.80427e+37  -1.61387e+37  3.71802e+36  -7.89464e+35  1.88889e+37  2.69583e+37  -3.76798e+38  -2.65566e+39  -4.4806e+39  -2.65566e+39  -3.76798e+38  2.69583e+37  1.88889e+37  -7.89464e+35  3.71802e+36  -1.61387e+37  -7.80427e+37  1.35971e+38  7.04301e+38  -2.94446e+38  -2.73164e+39  -1.74501e+39  6.14532e+38  1.40105e+39  
-1.23041e+39  -1.20224e+39  -1.11773e+39  8.63419e+37  6.86207e+38  1.25877e+38  -1.30665e+38  -2.98029e+37  1.22487e+37  3.01549e+36  -1.74416e+36  -3.59616e+36  2.20371e+37  7.37934e+37  6.42744e+37  7.41254e+37  6.42744e+37  7.37934e+37  2.20371e+37  -3.59616e+36  -1.74416e+36  3.01549e+36  1.22487e+37  -2.98029e+37  -1.30665e+38  1.25877e+38  6.86207e+38  8.63419e+37  -1.11773e+39  -1.20224e+39  -1.23041e+39  
-1.22987e+38  -4.14445e+37  2.03184e+38  3.59832e+38  4.79192e+37  -1.27086e+38  -3.04079e+37  1.94425e+37  5.11818e+36  -1.48795e+36  -1.29121e+35  -9.17067e+35  -4.15665e+36  9.00992e+36  1.02179e+38  1.82363e+38  1.02179e+38  9.00992e+36  -4.15665e+36  -9.17067e+35  -1.29121e+35  -1.48795e+36  5.11818e+36  1.94425e+37  -3.04079e+37  -1.27086e+38  4.79192e+37  3.59832e+38  2.03184e+38  -4.14445e+37  -1.22987e+38  
7.89287e+37  7.9787e+37  8.23618e+37  -5.99017e+36  -6.88014e+37  -1.6125e+37  1.77557e+37  5.20997e+36  -2.25991e+36  -7.00609e+35  1.67744e+35  2.22026e+35  -3.30232e+35  -2.64056e+36  -3.01478e+36  -2.50865e+36  -3.01478e+36  -2.64056e+36  -3.30232e+35  2.22026e+35  1.67744e+35  -7.00609e+35  -2.25991e+36  5.20997e+36  1.77557e+37  -1.6125e+37  -6.88014e+37  -5.99017e+36  8.23618e+37  7.9787e+37  7.89287e+37  
4.24662e+36  9.97893e+35  -8.74827e+36  -1.84625e+37  -3.50269e+36  8.84066e+36  2.82037e+36  -1.84862e+36  -6.65284e+35  1.99614e+35  7.02324e+34  -7.53367e+33  4.57649e+34  -4.41418e+33  -6.81421e+35  -1.32229e+36  -6.81421e+35  -4.41418e+33  4.57649e+34  -7.53367e+33  7.02324e+34  1.99614e+35  -6.65284e+35  -1.84862e+36  2.82037e+36  8.84066e+36  -3.50269e+36  -1.84625e+37  -8.74827e+36  9.97893e+35  4.24662e+36  
-1.4251e+36  -1.52036e+36  -1.80612e+36  2.89497e+34  2.10699e+36  7.15366e+35  -7.77285e+35  -3.35022e+35  1.45297e+35  6.9438e+34  -1.40276e+34  -6.68529e+33  5.29121e+32  3.43347e+32  1.07931e+33  1.17742e+33  1.07931e+33  3.43347e+32  5.29121e+32  -6.68529e+33  -1.40276e+34  6.9438e+34  1.45297e+35  -3.35022e+35  -7.77285e+35  7.15366e+35  2.10699e+36  2.89496e+34  -1.80612e+36  -1.52036e+36  -1.4251e+36  
0  0  0  0  0  0  0  0  0  0  0  0  0  0  0  0  0  0  0  0  0  0  0  0  0  0  0  0  0  0  0  
