1  1  1  1  1  1  1  1  1  1  1  1  1  1  1  1  1  1  1  1  1  1  1  1  1  1  1  1  1  1  1  
-1.14611e+42  -3.17075e+41  2.17002e+42  8.69172e+42  -5.52498e+43  -1.83142e+44  5.33828e+44  1.7388e+45  -2.41358e+45  -8.77401e+45  4.26046e+45  2.27742e+46  4.01293e+45  -1.92463e+46  -1.47323e+46  -1.21738e+46  -1.47323e+46  -1.92463e+46  4.01293e+45  2.27742e+46  4.26046e+45  -8.77401e+45  -2.41358e+45  1.7388e+45  5.33828e+44  -1.83142e+44  -5.52498e+43  8.69172e+42  2.17002e+42  -3.17075e+41  -1.14611e+42  
-2.86866e+43  -2.49258e+43  -1.36433e+43  -2.76026e+43  -1.3433e+44  5.57644e+44  2.41621e+45  -4.83506e+45  -2.11925e+46  1.813e+46  9.70983e+46  -7.91546e+45  -1.96182e+47  -1.07568e+47  2.04219e+46  3.13149e+46  2.04219e+46  -1.07568e+47  -1.96182e+47  -7.91546e+45  9.70983e+46  1.813e+46  -2.11925e+46  -4.83506e+45  2.41621e+45  5.57644e+44  -1.3433e+44  -2.76026e+43  -1.36433e+43  -2.49258e+43  -2.86866e+43  
1.287e+45  9.73907e+44  3.46404e+43  -1.21818e+44  3.15361e+44  1.80612e+45  -5.06285e+45  -2.63187e+46  3.49118e+46  1.98243e+47  -7.93716e+46  -7.40714e+47  -2.234e+47  8.71847e+47  8.18669e+47  6.80138e+47  8.18669e+47  8.71847e+47  -2.234e+47  -7.40714e+47  -7.93716e+46  1.98243e+47  3.49118e+46  -2.63187e+46  -5.06285e+45  1.80612e+45  3.15361e+44  -1.21818e+44  3.46404e+43  9.73907e+44  1.287e+45  
2.46098e+45  2.2621e+45  1.66546e+45  4.11082e+44  6.18435e+44  -2.90408e+45  -1.81e+46  3.52794e+46  2.20721e+47  -1.76885e+47  -1.39034e+48  -1.11917e+46  3.8094e+48  2.61755e+48  -6.16388e+47  -1.13107e+48  -6.16388e+47  2.61755e+48  3.8094e+48  -1.11917e+46  -1.39034e+48  -1.76885e+47  2.20721e+47  3.52794e+46  -1.81e+46  -2.90408e+45  6.18435e+44  4.11082e+44  1.66546e+45  2.2621e+45  2.46098e+45  
-6.4217e+46  -4.97074e+46  -6.17869e+45  1.67983e+45  -4.05185e+44  -7.10097e+45  1.97123e+46  1.41012e+47  -1.86959e+47  -1.45398e+48  5.15974e+47  7.37079e+48  2.99074e+48  -1.16973e+49  -1.2927e+49  -1.09077e+49  -1.2927e+49  -1.16973e+49  2.99074e+48  7.37079e+48  5.15974e+47  -1.45398e+48  -1.86959e+47  1.41012e+47  1.97123e+46  -7.10097e+45  -4.05185e+44  1.67983e+45  -6.17869e+45  -4.97074e+46  -6.4217e+46  
-2.6566e+46  -2.44541e+46  -1.81185e+46  -8.31162e+45  -6.62365e+44  6.40739e+45  5.1723e+46  -1.06284e+47  -8.84098e+47  7.29491e+47  7.69798e+48  4.9609e+47  -2.8799e+49  -2.36433e+49  7.27624e+48  1.47046e+49  7.27624e+48  -2.36433e+49  -2.8799e+49  4.9609e+47  7.69798e+48  7.29491e+47  -8.84098e+47  -1.06284e+47  5.1723e+46  6.40739e+45  -6.62365e+44  -8.31162e+45  -1.81185e+46  -2.44541e+46  -2.6566e+46  
9.65771e+47  7.58138e+47  1.35239e+47  -2.85335e+45  -3.2097e+45  1.06879e+46  -3.27523e+46  -3.11615e+47  4.59363e+47  4.61991e+48  -1.72786e+48  -3.29274e+49  -1.6242e+49  7.23652e+49  9.20764e+49  7.97792e+49  9.20764e+49  7.23652e+49  -1.6242e+49  -3.29274e+49  -1.72786e+48  4.61991e+48  4.59363e+47  -3.11615e+47  -3.27523e+46  1.06879e+46  -3.2097e+45  -2.85335e+45  1.35239e+47  7.58138e+47  9.65771e+47  
-5.88741e+46  -6.58274e+46  -8.66874e+46  4.47562e+46  1.13002e+45  -6.22653e+45  -6.05903e+46  1.48867e+47  1.5986e+48  -1.562e+48  -2.05344e+49  -1.5533e+48  1.09864e+50  1.04839e+50  -4.42944e+49  -9.34326e+49  -4.42944e+49  1.04839e+50  1.09864e+50  -1.5533e+48  -2.05344e+49  -1.562e+48  1.5986e+48  1.48867e+47  -6.05903e+46  -6.22653e+45  1.13002e+45  4.47562e+46  -8.66874e+46  -6.58274e+46  -5.88741e+46  
-6.71833e+48  -5.31762e+48  -1.11549e+48  -2.47894e+46  4.86601e+45  -5.74302e+45  2.39959e+46  3.04446e+47  -5.7522e+47  -7.20463e+48  3.58751e+48  7.74941e+49  4.32377e+49  -2.47612e+50  -3.57313e+50  -3.2098e+50  -3.57313e+50  -2.47612e+50  4.32377e+49  7.74941e+49  3.58751e+48  -7.20463e+48  -5.7522e+47  3.04446e+47  2.39959e+46  -5.74302e+45  4.86601e+45  -2.47894e+46  -1.11549e+48  -5.31762e+48  -6.71833e+48  
1.85841e+48  1.87113e+48  1.90929e+48  1.02103e+47  -1.72748e+45  2.01501e+45  2.83918e+46  -9.90492e+46  -1.37214e+48  1.8758e+48  2.89329e+49  2.75593e+47  -2.38071e+50  -2.58972e+50  1.57716e+50  3.35307e+50  1.57716e+50  -2.58972e+50  -2.38071e+50  2.75593e+47  2.89329e+49  1.8758e+48  -1.37214e+48  -9.90492e+46  2.83918e+46  2.01501e+45  -1.72748e+45  1.02103e+47  1.90929e+48  1.87113e+48  1.85841e+48  
2.58777e+49  2.055e+49  4.5669e+48  -2.08196e+47  -1.37631e+46  9.40705e+44  -7.07251e+45  -1.26796e+47  3.67517e+47  5.68397e+48  -4.70311e+48  -1.02836e+50  -5.97074e+49  5.12746e+50  8.31211e+50  7.80895e+50  8.31211e+50  5.12746e+50  -5.97074e+49  -1.02836e+50  -4.70311e+48  5.68397e+48  3.67517e+47  -1.26796e+47  -7.07251e+45  9.40705e+44  -1.37631e+46  -2.08196e+47  4.5669e+48  2.055e+49  2.58777e+49  
-1.00181e+49  -1.01068e+49  -1.03728e+49  -1.59448e+48  3.42226e+46  2.40076e+45  -4.34558e+45  2.80687e+46  5.31594e+47  -1.22946e+48  -2.18671e+49  4.76342e+48  3.08867e+50  3.77034e+50  -3.50252e+50  -7.34154e+50  -3.50252e+50  3.77034e+50  3.08867e+50  4.76342e+48  -2.18671e+49  -1.22946e+48  5.31594e+47  2.80687e+46  -4.34558e+45  2.40076e+45  3.42226e+46  -1.59448e+48  -1.03728e+49  -1.01068e+49  -1.00181e+49  
-6.05134e+49  -4.8002e+49  -1.04678e+49  2.49783e+48  3.92977e+47  -6.60819e+45  -1.66057e+43  1.81821e+46  -1.05438e+47  -2.13453e+48  3.54767e+48  7.7522e+49  3.9424e+49  -6.71081e+50  -1.21851e+51  -1.20721e+51  -1.21851e+51  -6.71081e+50  3.9424e+49  7.7522e+49  3.54767e+48  -2.13453e+48  -1.05438e+47  1.81821e+46  -1.66057e+43  -6.60819e+45  3.92977e+47  2.49783e+48  -1.04678e+49  -4.8002e+49  -6.05134e+49  
2.67799e+49  2.7255e+49  2.86805e+49  5.79387e+48  -5.50046e+47  -9.59278e+46  1.51581e+45  -2.10652e+45  -7.43122e+46  3.79182e+47  8.303e+48  -7.1975e+48  -2.41649e+50  -3.25597e+50  5.00546e+50  1.02081e+51  5.00546e+50  -3.25597e+50  -2.41649e+50  -7.1975e+48  8.303e+48  3.79182e+47  -7.43122e+46  -2.10652e+45  1.51581e+45  -9.59278e+46  -5.50046e+47  5.79387e+48  2.86805e+49  2.7255e+49  2.67799e+49  
9.01915e+49  7.1182e+49  1.41533e+49  -8.9936e+48  -1.93089e+48  1.23336e+47  2.39075e+46  -6.96921e+44  8.83224e+45  3.03146e+47  -1.29298e+48  -3.12202e+49  -5.16437e+48  5.62092e+50  1.15006e+51  1.21212e+51  1.15006e+51  5.62092e+50  -5.16437e+48  -3.12202e+49  -1.29298e+48  3.03146e+47  8.83224e+45  -6.96921e+44  2.39075e+46  1.23336e+47  -1.93089e+48  -8.9936e+48  1.41533e+49  7.1182e+49  9.01915e+49  
-4.17773e+49  -4.30121e+49  -4.67162e+49  -1.08155e+49  2.35506e+48  5.59493e+47  -2.82131e+46  -6.02517e+45  1.58963e+45  -3.54945e+46  -1.25945e+48  3.92797e+48  1.09083e+50  1.57015e+50  -4.64428e+50  -9.14829e+50  -4.64428e+50  1.57015e+50  1.09083e+50  3.92797e+48  -1.25945e+48  -3.54945e+46  1.58963e+45  -6.02517e+45  -2.82131e+46  5.59493e+47  2.35506e+48  -1.08155e+49  -4.67162e+49  -4.30121e+49  -4.17773e+49  
-8.75386e+49  -6.84939e+49  -1.13597e+49  1.64661e+49  4.25177e+48  -5.77922e+47  -1.52619e+47  6.46621e+45  1.52472e+45  -6.40221e+45  1.47196e+47  5.43247e+48  -7.36808e+48  -2.96839e+50  -6.98191e+50  -7.90687e+50  -6.98191e+50  -2.96839e+50  -7.36808e+48  5.43247e+48  1.47196e+47  -6.40221e+45  1.52472e+45  6.46621e+45  -1.52619e+47  -5.77922e+47  4.25177e+48  1.64661e+49  -1.13597e+49  -6.84939e+49  -8.75386e+49  
4.01236e+49  4.18926e+49  4.71996e+49  1.19307e+49  -4.6428e+48  -1.34593e+48  1.36059e+47  3.98399e+46  -1.45061e+45  -3.99198e+44  2.77751e+46  -6.50345e+47  -2.42523e+49  -3.17926e+49  2.76721e+50  5.24743e+50  2.76721e+50  -3.17926e+49  -2.42523e+49  -6.50345e+47  2.77751e+46  -3.99198e+44  -1.45061e+45  3.98399e+46  1.36059e+47  -1.34593e+48  -4.6428e+48  1.19307e+49  4.71996e+49  4.18926e+49  4.01236e+49  
5.53339e+49  4.27939e+49  5.17389e+48  -1.72961e+49  -5.13761e+48  1.16613e+48  3.7937e+47  -3.05534e+46  -9.92399e+45  5.37778e+44  1.46522e+45  -1.55172e+47  3.14529e+48  9.41188e+49  2.66309e+50  3.28091e+50  2.66309e+50  9.41188e+49  3.14529e+48  -1.55172e+47  1.46522e+45  5.37778e+44  -9.92399e+45  -3.05534e+46  3.7937e+47  1.16613e+48  -5.13761e+48  -1.72961e+49  5.17389e+48  4.27939e+49  5.53339e+49  
-2.39239e+49  -2.54079e+49  -2.98598e+49  -8.1267e+48  4.90282e+48  1.66972e+48  -2.68041e+47  -9.77862e+46  6.36531e+45  1.87222e+45  4.19504e+45  -8.35425e+45  8.98559e+47  -3.98666e+48  -1.02367e+50  -1.86793e+50  -1.02367e+50  -3.98666e+48  8.98559e+47  -8.35425e+45  4.19504e+45  1.87222e+45  6.36531e+45  -9.77862e+46  -2.68041e+47  1.66972e+48  4.90282e+48  -8.1267e+48  -2.98598e+49  -2.54079e+49  -2.39239e+49  
-2.22946e+49  -1.70067e+49  -1.14284e+48  1.07242e+49  3.61981e+48  -1.18744e+48  -4.60574e+47  5.61237e+46  2.31813e+46  -2.24385e+45  -6.91468e+45  6.59481e+46  9.96084e+46  -1.60439e+49  -6.05652e+49  -8.25216e+49  -6.05652e+49  -1.60439e+49  9.96084e+46  6.59481e+46  -6.91468e+45  -2.24385e+45  2.31813e+46  5.61237e+46  -4.60574e+47  -1.18744e+48  3.61982e+48  1.07242e+49  -1.14284e+48  -1.70067e+49  -2.22946e+49  
8.63559e+48  9.36631e+48  1.15585e+49  3.41645e+48  -2.87586e+48  -1.14003e+48  2.51605e+47  1.11172e+47  -1.03127e+46  -3.18368e+45  -8.26399e+45  -5.42134e+46  4.88955e+47  3.04116e+48  2.19924e+49  3.86939e+49  2.19924e+49  3.04116e+48  4.88955e+47  -5.42134e+46  -8.26399e+45  -3.18368e+45  -1.03127e+46  1.11172e+47  2.51605e+47  -1.14003e+48  -2.87586e+48  3.41645e+48  1.15585e+49  9.36631e+48  8.63559e+48  
5.44954e+48  4.09831e+48  4.4632e+46  -3.83395e+48  -1.47996e+48  6.30849e+47  2.90277e+47  -4.6173e+46  -2.3701e+46  2.31275e+45  9.26547e+45  -3.10732e+46  -2.27757e+47  1.08983e+48  7.44176e+48  1.1482e+49  7.44176e+48  1.08983e+48  -2.27757e+47  -3.10732e+46  9.26547e+45  2.31275e+45  -2.3701e+46  -4.6173e+46  2.90277e+47  6.30849e+47  -1.47996e+48  -3.83395e+48  4.4632e+46  4.09831e+48  5.44954e+48  
-1.76882e+48  -1.97017e+48  -2.57422e+48  -8.49579e+47  9.08397e+47  4.22582e+47  -1.15006e+47  -6.16408e+46  7.06517e+45  3.3202e+45  1.2535e+45  2.1633e+46  -4.54994e+46  -4.67573e+47  -2.41844e+48  -4.12237e+48  -2.41844e+48  -4.67573e+47  -4.54994e+46  2.1633e+46  1.2535e+45  3.3202e+45  7.06517e+45  -6.16408e+46  -1.15006e+47  4.22582e+47  9.08397e+47  -8.49579e+47  -2.57422e+48  -1.97017e+48  -1.76882e+48  
-7.35032e+47  -5.46271e+47  2.00106e+46  7.30673e+47  3.29359e+47  -1.66742e+47  -9.23164e+46  1.70493e+46  1.09298e+46  -8.50206e+44  -2.30988e+45  1.10735e+45  3.05673e+46  1.0185e+46  -4.0779e+47  -7.39326e+47  -4.0779e+47  1.0185e+46  3.05673e+46  1.10735e+45  -2.30988e+45  -8.50206e+44  1.09298e+46  1.70493e+46  -9.23164e+46  -1.66742e+47  3.29359e+47  7.30673e+47  2.00106e+46  -5.46271e+47  -7.35032e+47  
1.80385e+47  2.08023e+47  2.90937e+47  1.12193e+47  -1.39056e+47  -7.78122e+46  2.37712e+46  1.5901e+46  -1.95387e+45  -1.46785e+45  1.32371e+44  -1.60597e+45  -9.20009e+44  2.18915e+46  1.0435e+47  1.73978e+47  1.0435e+47  2.18915e+46  -9.20009e+44  -1.60597e+45  1.32371e+44  -1.46785e+45  -1.95387e+45  1.5901e+46  2.37712e+46  -7.78122e+46  -1.39056e+47  1.12193e+47  2.90937e+47  2.08023e+47  1.80385e+47  
4.53234e+46  3.35328e+46  -1.83877e+45  -6.24788e+46  -3.41668e+46  1.89314e+46  1.31339e+46  -2.52705e+45  -2.15159e+45  1.48909e+44  2.26416e+44  8.19355e+43  -8.21998e+44  -1.86793e+45  6.32529e+45  1.4398e+46  6.32529e+45  -1.86793e+45  -8.21998e+44  8.19355e+43  2.26416e+44  1.48909e+44  -2.15159e+45  -2.52705e+45  1.31339e+46  1.89314e+46  -3.41668e+46  -6.24788e+46  -1.83877e+45  3.35328e+46  4.53234e+46  
-6.88283e+45  -8.33991e+45  -1.27112e+46  -6.12981e+45  8.06967e+45  5.74887e+45  -1.8055e+45  -1.63789e+45  1.83284e+44  2.2644e+44  -8.0334e+42  -3.17855e+42  3.54623e+43  -1.43889e+44  -7.81901e+44  -1.3106e+45  -7.81901e+44  -1.43889e+44  3.54623e+43  -3.17855e+42  -8.0334e+42  2.2644e+44  1.83284e+44  -1.63789e+45  -1.8055e+45  5.74887e+45  8.06967e+45  -6.12981e+45  -1.27112e+46  -8.33991e+45  -6.88283e+45  
-8.04196e+44  -6.02816e+44  1.32649e+42  1.5723e+45  1.13826e+45  -6.44808e+44  -6.35149e+44  1.12323e+44  1.59015e+44  -6.65769e+42  -2.04738e+43  -2.23311e+41  9.11479e+41  1.77353e+41  -9.26182e+41  -3.97536e+42  -9.26182e+41  1.77353e+41  9.11479e+41  -2.23311e+41  -2.04738e+43  -6.65769e+42  1.59015e+44  1.12323e+44  -6.35149e+44  -6.44808e+44  1.13826e+45  1.5723e+45  1.32648e+42  -6.02816e+44  -8.04196e+44  
0  0  0  0  0  0  0  0  0  0  0  0  0  0  0  0  0  0  0  0  0  0  0  0  0  0  0  0  0  0  0  
