1  1  1  1  1  1  1  1  1  1  1  1  1  1  1  1  1  1  1  1  1  1  1  1  1  1  1  1  1  1  1  
-8.7287e+55  -3.13099e+55  1.36622e+56  1.83896e+57  -2.51269e+57  -3.30437e+58  1.12216e+58  2.73198e+59  5.41739e+58  -1.19382e+60  -6.85508e+59  2.54331e+60  2.31203e+60  -1.12673e+60  -1.69953e+60  -1.48295e+60  -1.69953e+60  -1.12673e+60  2.31203e+60  2.54331e+60  -6.85508e+59  -1.19382e+60  5.41739e+58  2.73198e+59  1.12216e+58  -3.30437e+58  -2.51269e+57  1.83896e+57  1.36622e+56  -3.13099e+55  -8.7287e+55  
-5.03498e+57  -3.77146e+57  1.90807e+55  -9.40695e+56  -2.42688e+58  1.23938e+58  3.85429e+59  5.85261e+58  -2.99055e+60  -1.69624e+60  1.1765e+61  1.06184e+61  -1.7793e+61  -2.2845e+61  -7.74378e+60  -4.89981e+60  -7.74378e+60  -2.2845e+61  -1.7793e+61  1.06184e+61  1.1765e+61  -1.69624e+60  -2.99055e+60  5.85261e+58  3.85429e+59  1.23938e+58  -2.42688e+58  -9.40695e+56  1.90807e+55  -3.77146e+57  -5.03498e+57  
2.6754e+58  1.72982e+58  -1.10694e+58  -1.37064e+58  8.71013e+57  2.92851e+59  1.68045e+58  -3.83473e+60  -2.04609e+60  2.54743e+61  2.25132e+61  -7.86811e+61  -9.62322e+61  4.63509e+61  9.53054e+61  8.74006e+61  9.53054e+61  4.63509e+61  -9.62322e+61  -7.86811e+61  2.25132e+61  2.54743e+61  -2.04609e+60  -3.83473e+60  1.68045e+58  2.92851e+59  8.71013e+57  -1.37064e+58  -1.10694e+58  1.72982e+58  2.6754e+58  
6.48481e+59  5.10128e+59  9.50706e+58  -7.4467e+57  1.1198e+59  -9.4714e+57  -2.7121e+60  -1.30177e+60  2.97052e+61  2.54541e+61  -1.62106e+62  -1.92394e+62  3.31405e+62  5.3542e+62  2.02103e+62  1.04409e+62  2.02103e+62  5.3542e+62  3.31405e+62  -1.92394e+62  -1.62106e+62  2.54541e+61  2.97052e+61  -1.30177e+60  -2.7121e+60  -9.4714e+57  1.1198e+59  -7.4467e+57  9.50706e+58  5.10128e+59  6.48481e+59  
-1.76369e+60  -1.28836e+60  1.37649e+59  1.80088e+59  -1.01183e+58  -1.08394e+60  -4.32033e+59  1.97224e+61  1.62061e+61  -1.81135e+62  -2.09643e+62  7.62076e+62  1.15456e+63  -5.92188e+62  -1.52511e+63  -1.47313e+63  -1.52511e+63  -5.92188e+62  1.15456e+63  7.62076e+62  -2.09643e+62  -1.81135e+62  1.62061e+61  1.97224e+61  -4.32033e+59  -1.08394e+60  -1.01183e+58  1.80088e+59  1.37649e+59  -1.28836e+60  -1.76369e+60  
-1.50602e+61  -1.18806e+61  -2.34196e+60  -1.24891e+59  -1.13414e+59  -6.45328e+58  7.47975e+60  5.81006e+60  -1.16032e+62  -1.31056e+62  8.80755e+62  1.29095e+63  -2.45996e+63  -4.78156e+63  -1.9735e+63  -7.94943e+62  -1.9735e+63  -4.78156e+63  -2.45996e+63  1.29095e+63  8.80755e+62  -1.31056e+62  -1.16032e+62  5.81006e+60  7.47975e+60  -6.45328e+58  -1.13414e+59  -1.24891e+59  -2.34196e+60  -1.18806e+61  -1.50602e+61  
3.24282e+61  2.52998e+61  3.91455e+60  -1.30385e+60  -1.05447e+59  1.59941e+60  1.11396e+60  -4.27234e+61  -4.70285e+61  5.68234e+62  8.14962e+62  -3.3758e+63  -6.12685e+63  3.66112e+63  1.10619e+64  1.12866e+64  1.10619e+64  3.66112e+63  -6.12685e+63  -3.3758e+63  8.14962e+62  5.68234e+62  -4.70285e+61  -4.27234e+61  1.11396e+60  1.59941e+60  -1.05447e+59  -1.30385e+60  3.91455e+60  2.52998e+61  3.24282e+61  
1.37864e+62  1.08057e+62  1.86365e+61  1.93487e+60  -1.66363e+59  7.06331e+58  -8.62648e+60  -9.24007e+60  2.08273e+62  2.94083e+62  -2.34483e+63  -4.12851e+63  9.42082e+63  2.1425e+64  9.51353e+63  2.67987e+63  9.51353e+63  2.1425e+64  9.42082e+63  -4.12851e+63  -2.34483e+63  2.94083e+62  2.08273e+62  -9.24007e+60  -8.62648e+60  7.06331e+58  -1.66363e+59  1.93487e+60  1.86365e+61  1.08057e+62  1.37864e+62  
-2.64052e+62  -2.1492e+62  -6.7525e+61  1.00904e+60  2.71754e+59  -8.9336e+59  -8.88857e+59  4.16634e+61  5.82271e+61  -8.89444e+62  -1.54293e+63  8.01875e+63  1.71282e+64  -1.31037e+64  -4.3947e+64  -4.74293e+64  -4.3947e+64  -1.31037e+64  1.71282e+64  8.01875e+63  -1.54293e+63  -8.89444e+62  5.82271e+61  4.16634e+61  -8.88857e+59  -8.9336e+59  2.71754e+59  1.00904e+60  -6.7525e+61  -2.1492e+62  -2.64052e+62  
-6.4758e+62  -4.99658e+62  -5.58906e+61  3.3966e+60  -4.89813e+58  -1.49506e+58  4.05734e+60  5.66406e+60  -1.80479e+62  -3.11868e+62  3.35208e+63  7.0058e+63  -2.09396e+64  -5.47085e+64  -2.56415e+64  -3.54935e+63  -2.56415e+64  -5.47085e+64  -2.09396e+64  7.0058e+63  3.35208e+63  -3.11868e+62  -1.80479e+62  5.66406e+60  4.05734e+60  -1.49506e+58  -4.89813e+58  3.3966e+60  -5.58906e+61  -4.99658e+62  -6.4758e+62  
1.15919e+63  9.7212e+62  4.10913e+62  2.12359e+61  -6.29122e+59  1.56665e+59  2.11562e+59  -1.76327e+61  -3.07795e+61  7.16061e+62  1.49217e+63  -1.09311e+64  -2.73024e+64  2.94703e+64  1.0528e+65  1.20222e+65  1.0528e+65  2.94703e+64  -2.73024e+64  -1.09311e+64  1.49217e+63  7.16061e+62  -3.07795e+61  -1.76327e+61  2.11562e+59  1.56665e+59  -6.29122e+59  2.12359e+61  4.10913e+62  9.7212e+62  1.15919e+63  
1.76878e+63  1.32842e+63  7.34217e+60  -1.02653e+62  -4.24394e+60  1.13001e+59  -6.36526e+59  -1.16023e+60  7.18424e+61  1.5202e+62  -2.61457e+63  -6.49764e+63  2.84504e+64  8.47459e+64  4.08362e+64  -2.22907e+63  4.08362e+64  8.47459e+64  2.84504e+64  -6.49764e+63  -2.61457e+63  1.5202e+62  7.18424e+61  -1.16023e+60  -6.36526e+59  1.13001e+59  -4.24394e+60  -1.02653e+62  7.34217e+60  1.32842e+63  1.76878e+63  
-3.03416e+63  -2.60272e+63  -1.30841e+63  -8.15895e+61  2.2743e+61  9.37375e+59  -3.38887e+58  2.62029e+60  5.84252e+60  -2.79384e+62  -7.07468e+62  8.62197e+63  2.53723e+64  -4.30601e+64  -1.59977e+65  -1.93263e+65  -1.59977e+65  -4.30601e+64  2.53723e+64  8.62197e+63  -7.07468e+62  -2.79384e+62  5.84252e+60  2.62029e+60  -3.38887e+58  9.37375e+59  2.2743e+61  -8.15895e+61  -1.30841e+63  -2.60272e+63  -3.03416e+63  
-2.99972e+63  -2.16023e+63  3.58232e+62  4.69912e+62  3.04638e+61  -5.23843e+60  -2.1001e+59  4.73692e+58  -1.05313e+61  -2.82646e+61  1.04434e+63  3.15334e+63  -2.37989e+64  -8.14843e+64  -3.86375e+64  1.40294e+64  -3.86375e+64  -8.14843e+64  -2.37989e+64  3.15334e+63  1.04434e+63  -2.82646e+61  -1.05313e+61  4.73692e+58  -2.1001e+59  -5.23843e+60  3.04638e+61  4.69912e+62  3.58232e+62  -2.16023e+63  -2.99972e+63  
4.99484e+63  4.36394e+63  2.47124e+63  1.11684e+62  -1.32947e+62  -9.08031e+60  1.25522e+60  -1.42967e+57  -2.0195e+59  4.21462e+61  1.36036e+62  -3.71092e+63  -1.32885e+64  4.10669e+64  1.57686e+65  2.01497e+65  1.57686e+65  4.10669e+64  -1.32885e+64  -3.71092e+63  1.36036e+62  4.21462e+61  -2.0195e+59  -1.42967e+57  1.25522e+60  -9.08031e+60  -1.32947e+62  1.11684e+62  2.47124e+63  4.36394e+63  4.99484e+63  
3.26308e+63  2.20533e+63  -9.67925e+62  -1.04588e+63  -7.40964e+61  3.50961e+61  2.53329e+60  -3.06646e+59  2.17442e+59  9.83098e+59  -1.70894e+62  -6.69699e+62  1.17621e+64  4.80677e+64  2.03792e+64  -2.05592e+64  2.03792e+64  4.80677e+64  1.17621e+64  -6.69699e+62  -1.70894e+62  9.83098e+59  2.17442e+59  -3.06646e+59  2.53329e+60  3.50961e+61  -7.40964e+61  -1.04588e+63  -9.67925e+62  2.20533e+63  3.26308e+63  
-5.29735e+63  -4.70331e+63  -2.92118e+63  -2.85725e+61  3.32443e+62  2.76451e+61  -8.97334e+60  -6.81943e+59  7.4978e+58  -9.72898e+59  -5.07629e+60  7.11276e+62  3.40467e+63  -2.51313e+64  -1.00864e+65  -1.3637e+65  -1.00864e+65  -2.51313e+64  3.40467e+63  7.11276e+62  -5.07629e+60  -9.72898e+59  7.4978e+58  -6.81943e+59  -8.97334e+60  2.76451e+61  3.32443e+62  -2.85725e+61  -2.92118e+63  -4.70331e+63  -5.29735e+63  
-2.29862e+63  -1.41095e+63  1.25205e+63  1.33491e+63  8.91479e+61  -9.31623e+61  -8.61412e+60  2.22478e+60  1.77325e+59  -1.8287e+58  4.26626e+60  2.99201e+61  -2.97576e+63  -1.63814e+64  -4.37473e+63  1.56502e+64  -4.37473e+63  -1.63814e+64  -2.97576e+63  2.99201e+61  4.26626e+60  -1.8287e+58  1.77325e+59  2.22478e+60  -8.61412e+60  -9.31623e+61  8.91479e+61  1.33491e+63  1.25205e+63  -1.41095e+63  -2.29862e+63  
3.62429e+63  3.26793e+63  2.19885e+63  -8.34811e+61  -4.41858e+62  -4.06149e+61  2.40903e+61  2.42408e+60  -5.29133e+59  -6.88871e+57  -3.66592e+58  -2.32855e+61  -2.07825e+62  9.47225e+63  4.0985e+64  5.86959e+64  4.0985e+64  9.47225e+63  -2.07825e+62  -2.32855e+61  -3.66592e+58  -6.88871e+57  -5.29133e+59  2.42408e+60  2.40903e+61  -4.06149e+61  -4.41858e+62  -8.34811e+61  2.19885e+63  3.26793e+63  3.62429e+63  
1.03782e+63  5.48442e+62  -9.197e+62  -1.02411e+63  -5.96694e+61  1.23706e+62  1.35035e+61  -5.78897e+60  -6.36078e+59  1.10343e+59  5.99011e+59  -2.49077e+60  1.63455e+62  2.67681e+63  -8.12096e+62  -6.76249e+63  -8.12096e+62  2.67681e+63  1.63455e+62  -2.49077e+60  5.99011e+59  1.10343e+59  -6.36078e+59  -5.78897e+60  1.35035e+61  1.23706e+62  -5.96694e+61  -1.02411e+63  -9.197e+62  5.48442e+62  1.03782e+63  
-1.56599e+63  -1.43522e+63  -1.04292e+63  9.59667e+61  3.32753e+62  3.31409e+61  -3.06701e+61  -3.78775e+60  1.28702e+60  -4.02271e+58  -8.66181e+58  9.075e+60  -3.33065e+61  -2.03481e+63  -1.00739e+64  -1.53216e+64  -1.00739e+64  -2.03481e+63  -3.33065e+61  9.075e+60  -8.66181e+58  -4.02271e+58  1.28702e+60  -3.78775e+60  -3.06701e+61  3.31409e+61  3.32753e+62  9.59667e+61  -1.04292e+63  -1.43522e+63  -1.56599e+63  
-2.90763e+62  -1.20164e+62  3.91635e+62  4.69739e+62  2.38796e+61  -8.79205e+61  -1.11752e+61  6.77411e+60  9.59829e+59  -1.57976e+59  -1.63433e+60  -1.15409e+60  7.51334e+61  -3.60757e+61  6.19966e+62  1.62135e+63  6.19966e+62  -3.60757e+61  7.51334e+61  -1.15409e+60  -1.63433e+60  -1.57976e+59  9.59829e+59  6.77411e+60  -1.11752e+61  -8.79205e+61  2.38796e+61  4.69739e+62  3.91635e+62  -1.20164e+62  -2.90763e+62  
4.06509e+62  3.79658e+62  2.99102e+62  -4.32207e+61  -1.41162e+62  -1.57142e+61  1.97164e+61  2.95034e+60  -1.33586e+60  -1.57206e+58  5.76168e+59  -6.40094e+60  -9.75248e+60  2.14188e+62  1.36502e+63  2.21571e+63  1.36502e+63  2.14188e+62  -9.75248e+60  -6.40094e+60  5.76168e+59  -1.57206e+58  -1.33586e+60  2.95034e+60  1.97164e+61  -1.57142e+61  -1.41162e+62  -4.32207e+61  2.99102e+62  3.79658e+62  4.06509e+62  
4.74243e+61  1.24787e+61  -9.2358e+61  -1.22417e+62  -6.22701e+60  3.29811e+61  4.99759e+60  -3.75614e+60  -6.55624e+59  1.36838e+59  5.23293e+59  1.62367e+60  -1.20598e+61  -3.90913e+61  -1.10528e+62  -1.94383e+62  -1.10528e+62  -3.90913e+61  -1.20598e+61  1.62367e+60  5.23293e+59  1.36838e+59  -6.55624e+59  -3.75614e+60  4.99759e+60  3.29811e+61  -6.22701e+60  -1.22417e+62  -9.2358e+61  1.24787e+61  4.74243e+61  
-5.75954e+61  -5.50786e+61  -4.75281e+61  8.77395e+60  3.15598e+61  4.20632e+60  -6.21591e+60  -1.15141e+60  6.03592e+59  8.92385e+58  -1.95508e+59  6.50754e+59  2.8915e+60  -7.65467e+60  -8.50519e+61  -1.487e+62  -8.50519e+61  -7.65467e+60  2.8915e+60  6.50754e+59  -1.95508e+59  8.92385e+58  6.03592e+59  -1.15141e+60  -6.21591e+60  4.20632e+60  3.15598e+61  8.77395e+60  -4.75281e+61  -5.50786e+61  -5.75954e+61  
-3.98801e+60  -3.17864e+59  1.06926e+61  1.61275e+61  1.07459e+60  -5.96207e+60  -1.13116e+60  9.39717e+59  2.057e+59  -6.59291e+58  -3.87185e+58  -1.86178e+59  3.68361e+59  2.94983e+60  6.37808e+60  9.07691e+60  6.37808e+60  2.94983e+60  3.68361e+59  -1.86178e+59  -3.87185e+58  -6.59291e+58  2.057e+59  9.39717e+59  -1.13116e+60  -5.96207e+60  1.07459e+60  1.61275e+61  1.06926e+61  -3.17864e+59  -3.98801e+60  
3.68191e+60  3.63635e+60  3.49967e+60  -6.90849e+59  -3.17226e+60  -5.55758e+59  8.48754e+59  2.04576e+59  -1.11589e+59  -2.82433e+58  1.45924e+58  -5.6239e+57  -1.11396e+59  -9.07863e+57  1.58096e+60  3.03399e+60  1.58096e+60  -9.07863e+57  -1.11396e+59  -5.6239e+57  1.45924e+58  -2.82433e+58  -1.11589e+59  2.04576e+59  8.48754e+59  -5.55758e+59  -3.17226e+60  -6.90849e+59  3.49967e+60  3.63635e+60  3.68191e+60  
1.33142e+59  -1.556e+58  -4.61666e+59  -8.30085e+59  -9.31451e+58  4.17089e+59  1.07698e+59  -9.02537e+58  -2.70927e+58  1.00434e+58  3.02716e+57  1.32833e+57  1.77062e+56  -2.6531e+58  -5.87079e+58  -7.50528e+58  -5.87079e+58  -2.6531e+58  1.77062e+56  1.32833e+57  3.02716e+57  1.00434e+58  -2.70927e+58  -9.02537e+58  1.07698e+59  4.17089e+59  -9.31451e+58  -8.30085e+59  -4.61666e+59  -1.556e+58  1.33142e+59  
-6.63804e+58  -6.90394e+58  -7.70163e+58  1.21913e+58  9.77887e+58  2.60148e+58  -3.75749e+58  -1.35048e+58  7.30339e+57  2.91497e+57  -7.24891e+56  -2.93712e+56  -1.79528e+55  2.55938e+55  -3.11419e+56  -9.00941e+56  -3.11419e+56  2.55938e+55  -1.79528e+55  -2.93712e+56  -7.24891e+56  2.91497e+57  7.30339e+57  -1.35048e+58  -3.75749e+58  2.60148e+58  9.77887e+58  1.21913e+58  -7.70163e+58  -6.90394e+58  -6.63804e+58  
0  0  0  0  0  0  0  0  0  0  0  0  0  0  0  0  0  0  0  0  0  0  0  0  0  0  0  0  0  0  0  
