1  1  1  1  1  1  1  1  1  1  1  1  1  1  1  1  1  1  1  1  1  1  1  1  1  1  1  1  1  1  1  
-1.1498e+57  -5.50374e+55  3.22926e+57  -2.86146e+56  -9.22746e+58  -5.18409e+58  1.02594e+60  9.08747e+59  -5.71715e+60  -6.48489e+60  1.61565e+61  2.25426e+61  -1.51906e+61  -2.95642e+61  -1.40243e+61  -1.07809e+61  -1.40243e+61  -2.95642e+61  -1.51906e+61  2.25426e+61  1.61565e+61  -6.48489e+60  -5.71715e+60  9.08747e+59  1.02594e+60  -5.18409e+58  -9.22746e+58  -2.86146e+56  3.22926e+57  -5.50374e+55  -1.1498e+57  
-1.84891e+58  -1.6278e+58  -9.64459e+57  -4.59523e+58  -3.89921e+58  1.06464e+60  1.2032e+60  -1.09389e+61  -1.4563e+61  5.62007e+61  8.66364e+61  -1.26092e+62  -2.36501e+62  4.89304e+60  1.23276e+62  1.17326e+62  1.23276e+62  4.89304e+60  -2.36501e+62  -1.26092e+62  8.66364e+61  5.62007e+61  -1.4563e+61  -1.09389e+61  1.2032e+60  1.06464e+60  -3.89921e+58  -4.59523e+58  -9.64459e+57  -1.6278e+58  -1.84891e+58  
7.56871e+59  5.68862e+59  4.83566e+57  -5.5774e+58  6.04169e+59  8.46251e+59  -1.09979e+61  -1.68435e+61  9.56766e+61  1.61936e+62  -4.01155e+62  -7.74701e+62  5.11747e+62  1.38745e+63  7.7045e+62  5.55545e+62  7.7045e+62  1.38745e+63  5.11747e+62  -7.74701e+62  -4.01155e+62  1.61936e+62  9.56766e+61  -1.68435e+61  -1.09979e+61  8.46251e+59  6.04169e+59  -5.5774e+58  4.83566e+57  5.68862e+59  7.56871e+59  
1.80669e+60  1.60956e+60  1.01818e+60  3.55762e+59  2.53836e+59  -6.07335e+60  -1.08195e+61  8.88087e+61  1.66495e+62  -6.39871e+62  -1.30588e+63  1.95409e+63  4.7372e+63  9.15579e+61  -3.39567e+63  -3.49164e+63  -3.39567e+63  9.15579e+61  4.7372e+63  1.95409e+63  -1.30588e+63  -6.39871e+62  1.66495e+62  8.88087e+61  -1.08195e+61  -6.07335e+60  2.53836e+59  3.55762e+59  1.01818e+60  1.60956e+60  1.80669e+60  
-3.79189e+61  -2.92994e+61  -3.4408e+60  1.0342e+60  -1.54671e+60  -3.9829e+60  4.66214e+61  9.87103e+61  -5.6633e+62  -1.24631e+63  3.2585e+63  7.9236e+63  -5.47605e+63  -1.89203e+64  -1.19578e+64  -8.17499e+63  -1.19578e+64  -1.89203e+64  -5.47605e+63  7.9236e+63  3.2585e+63  -1.24631e+63  -5.6633e+62  9.87103e+61  4.66214e+61  -3.9829e+60  -1.54671e+60  1.0342e+60  -3.4408e+60  -2.92994e+61  -3.79189e+61  
-2.44797e+61  -2.13182e+61  -1.18336e+61  -5.04262e+60  -2.40526e+59  1.38456e+61  3.37017e+61  -2.8695e+62  -6.97246e+62  2.90703e+63  7.40298e+63  -1.22118e+64  -3.62806e+64  -1.38919e+63  3.58461e+64  3.9611e+64  3.58461e+64  -1.38919e+63  -3.62806e+64  -1.22118e+64  7.40298e+63  2.90703e+63  -6.97246e+62  -2.8695e+62  3.37017e+61  1.38456e+61  -2.40526e+59  -5.04262e+60  -1.18336e+61  -2.13182e+61  -2.44797e+61  
5.73814e+62  4.50349e+62  7.99542e+61  -2.41183e+60  -3.80455e+59  6.51965e+60  -8.16558e+61  -2.26979e+62  1.46562e+63  4.03519e+63  -1.20728e+64  -3.56911e+64  2.82657e+64  1.17075e+65  8.31288e+64  5.45276e+64  8.31288e+64  1.17075e+65  2.82657e+64  -3.56911e+64  -1.20728e+64  4.03519e+63  1.46562e+63  -2.26979e+62  -8.16558e+61  6.51965e+60  -3.80456e+59  -2.41183e+60  7.99542e+61  4.50349e+62  5.73814e+62  
5.08741e+61  2.85868e+61  -3.82752e+61  2.69571e+61  4.46697e+59  -1.27528e+61  -4.08156e+61  4.13241e+62  1.27649e+63  -6.36302e+63  -1.97946e+64  3.91247e+64  1.38031e+65  3.87108e+63  -1.9251e+65  -2.27309e+65  -1.9251e+65  3.87108e+63  1.38031e+65  3.91247e+64  -1.97946e+64  -6.36302e+63  1.27649e+63  4.13241e+62  -4.08156e+61  -1.27528e+61  4.46697e+59  2.69571e+61  -3.82752e+61  2.85868e+61  5.08741e+61  
-4.01529e+63  -3.18178e+63  -6.81226e+62  -1.36027e+61  2.36748e+60  -3.60758e+60  6.05894e+61  2.22557e+62  -1.82845e+63  -6.25888e+63  2.3533e+64  8.32391e+64  -8.36552e+64  -3.94668e+65  -3.12103e+65  -1.98623e+65  -3.12103e+65  -3.94668e+65  -8.36552e+64  8.32391e+64  2.3533e+64  -6.25888e+63  -1.82845e+63  2.22557e+62  6.05894e+61  -3.60758e+60  2.36748e+60  -1.36027e+61  -6.81226e+62  -3.18178e+63  -4.01529e+63  
6.68281e+62  7.66392e+62  1.06073e+63  6.06339e+61  -1.0028e+60  4.10946e+60  1.8957e+61  -2.6999e+62  -1.07808e+63  7.21676e+63  2.73948e+64  -7.1438e+64  -2.93707e+65  8.78657e+63  6.00816e+65  7.53369e+65  6.00816e+65  8.78657e+63  -2.93707e+65  -7.1438e+64  2.73948e+64  7.21676e+63  -1.07808e+63  -2.6999e+62  1.8957e+61  4.10946e+60  -1.0028e+60  6.06339e+61  1.06073e+63  7.66392e+62  6.6828e+62  
1.55534e+64  1.23829e+64  2.87154e+63  -1.0637e+62  -8.22776e+60  5.79207e+59  -1.73226e+61  -8.98038e+61  1.10219e+63  4.7903e+63  -2.53962e+64  -1.07478e+65  1.53046e+65  7.93252e+65  6.94717e+65  4.33518e+65  6.94717e+65  7.93252e+65  1.53046e+65  -1.07478e+65  -2.53962e+64  4.7903e+63  1.10219e+63  -8.98038e+61  -1.73226e+61  5.79207e+59  -8.22776e+60  -1.0637e+62  2.87154e+63  1.23829e+64  1.55534e+64  
-4.65976e+63  -4.98099e+63  -5.94465e+63  -9.77511e+62  1.70216e+61  1.21477e+60  -2.74932e+60  7.19385e+61  3.97918e+62  -4.19149e+63  -1.98708e+64  7.69869e+64  3.67849e+65  -6.51907e+64  -1.16867e+66  -1.54669e+66  -1.16867e+66  -6.51907e+64  3.67849e+65  7.69869e+64  -1.98708e+64  -4.19149e+63  3.97918e+62  7.19385e+61  -2.74932e+60  1.21477e+60  1.70216e+61  -9.77511e+62  -5.94465e+63  -4.98099e+63  -4.65976e+63  
-3.65692e+64  -2.91286e+64  -6.80689e+63  1.3825e+63  2.39348e+62  -3.21217e+60  9.41312e+59  1.19347e+61  -2.85491e+62  -1.6912e+63  1.48584e+64  7.70969e+64  -1.76567e+65  -9.92049e+65  -9.60406e+65  -5.94035e+65  -9.60406e+65  -9.92049e+65  -1.76567e+65  7.70969e+64  1.48584e+64  -1.6912e+63  -2.85491e+62  1.19347e+61  9.41312e+59  -3.21217e+60  2.39348e+62  1.3825e+63  -6.80689e+63  -2.91286e+64  -3.65692e+64  
1.35175e+64  1.43054e+64  1.66691e+64  3.61147e+63  -2.96766e+62  -5.8234e+61  7.30982e+59  -5.13948e+60  -5.06045e+61  1.10127e+63  7.01462e+63  -4.78079e+64  -2.7196e+65  1.4163e+65  1.46739e+66  2.03823e+66  1.46739e+66  1.4163e+65  -2.7196e+65  -4.78079e+64  7.01462e+63  1.10127e+63  -5.06045e+61  -5.13948e+60  7.30982e+59  -5.8234e+61  -2.96766e+62  3.61147e+63  1.66691e+64  1.43054e+64  1.35175e+64  
5.47943e+64  4.35044e+64  9.63455e+63  -5.08955e+63  -1.18905e+63  6.51624e+61  1.44834e+61  -3.62904e+59  2.0996e+61  2.14811e+62  -4.16295e+63  -2.85956e+64  1.25579e+65  7.79528e+65  8.37627e+65  5.19874e+65  8.37627e+65  7.79528e+65  1.25579e+65  -2.85956e+64  -4.16295e+63  2.14811e+62  2.0996e+61  -3.62904e+59  1.44834e+61  6.51624e+61  -1.18905e+63  -5.08955e+63  9.63455e+63  4.35044e+64  5.47943e+64  
-2.19573e+64  -2.33149e+64  -2.73875e+64  -6.84513e+63  1.30521e+63  3.42435e+62  -1.46258e+61  -3.64868e+60  8.92744e+59  -8.60028e+61  -9.35711e+62  1.52831e+64  1.1229e+65  -1.58495e+65  -1.20246e+66  -1.74451e+66  -1.20246e+66  -1.58495e+65  1.1229e+65  1.52831e+64  -9.35711e+62  -8.60028e+61  8.92744e+59  -3.64868e+60  -1.46258e+61  3.42435e+62  1.30521e+63  -6.84513e+63  -2.73875e+64  -2.33149e+64  -2.19573e+64  
-5.34585e+64  -4.2171e+64  -8.30862e+63  9.4263e+63  2.64263e+63  -3.14484e+62  -9.30409e+61  3.28975e+60  9.43707e+59  -3.61995e+60  3.66894e+62  4.30179e+63  -5.07565e+64  -3.76258e+65  -4.55718e+65  -2.88436e+65  -4.55718e+65  -3.76258e+65  -5.07565e+64  4.30179e+63  3.66894e+62  -3.61995e+60  9.43707e+59  3.28975e+60  -9.30409e+61  -3.14484e+62  2.64263e+63  9.4263e+63  -8.30862e+63  -4.2171e+64  -5.34585e+64  
2.1601e+64  2.31605e+64  2.78392e+64  7.66218e+63  -2.60807e+63  -8.29131e+62  7.27455e+61  2.42154e+61  -7.23652e+59  -2.82791e+59  1.55053e+61  -1.69803e+63  -2.12567e+64  1.00447e+65  6.36599e+65  9.60986e+65  6.36599e+65  1.00447e+65  -2.12567e+64  -1.69803e+63  1.55053e+61  -2.82791e+59  -7.23652e+59  2.42154e+61  7.27455e+61  -8.29131e+62  -2.60807e+63  7.66218e+63  2.78392e+64  2.31605e+64  2.1601e+64  
3.39609e+64  2.655e+64  4.31737e+63  -9.97113e+63  -3.21786e+63  6.4388e+62  2.32371e+62  -1.60346e+61  -6.03778e+60  2.5683e+59  3.41917e+60  -9.23514e+61  8.86122e+63  1.03839e+65  1.47991e+65  9.79928e+64  1.47991e+65  1.03839e+65  8.86122e+63  -9.23514e+61  3.41917e+60  2.5683e+59  -6.03778e+60  -1.60346e+61  2.32371e+62  6.4388e+62  -3.21786e+63  -9.97113e+63  4.31737e+63  2.655e+64  3.39609e+64  
-1.30839e+64  -1.42355e+64  -1.76902e+64  -5.28967e+63  2.77529e+63  1.03358e+63  -1.4544e+62  -5.96325e+61  3.2838e+60  5.39513e+59  3.01645e+60  7.76638e+60  2.406e+62  -3.60439e+64  -2.10509e+65  -3.29834e+65  -2.10509e+65  -3.60439e+64  2.406e+62  7.76638e+60  3.01645e+60  5.39513e+59  3.2838e+60  -5.96325e+61  -1.4544e+62  1.03358e+63  2.77529e+63  -5.28967e+63  -1.76902e+64  -1.42355e+64  -1.30839e+64  
-1.37481e+64  -1.0635e+64  -1.29575e+63  6.20961e+63  2.28037e+63  -6.60687e+62  -2.82985e+62  2.98539e+61  1.42396e+61  -8.65983e+59  -1.33844e+61  4.76551e+61  5.55384e+62  -1.33815e+64  -2.59159e+64  -1.8906e+64  -2.59159e+64  -1.33815e+64  5.55384e+62  4.76551e+61  -1.33844e+61  -8.65983e+59  1.42396e+61  2.98539e+61  -2.82985e+62  -6.60687e+62  2.28037e+63  6.20961e+63  -1.29575e+63  -1.0635e+64  -1.37481e+64  
4.77427e+63  5.29811e+63  6.86961e+63  2.24784e+63  -1.63473e+63  -7.0782e+62  1.37445e+62  6.78943e+61  -5.47383e+60  -3.32041e+59  -1.51555e+60  -1.04139e+62  2.72927e+62  6.87283e+63  4.06452e+64  6.60573e+64  4.06452e+64  6.87283e+63  2.72927e+62  -1.04139e+62  -1.51555e+60  -3.32041e+59  -5.47383e+60  6.78943e+61  1.37445e+62  -7.0782e+62  -1.63473e+63  2.24784e+63  6.86961e+63  5.29811e+63  4.77427e+63  
3.37506e+63  2.5836e+63  2.0923e+62  -2.22543e+63  -9.35473e+62  3.52164e+62  1.7859e+62  -2.46444e+61  -1.45839e+61  3.76728e+59  1.29611e+61  -5.24367e+59  -3.86657e+62  1.27932e+62  1.87645e+63  1.76837e+63  1.87645e+63  1.27932e+62  -3.86657e+62  -5.24367e+59  1.29611e+61  3.76728e+59  -1.45839e+61  -2.46444e+61  1.7859e+62  3.52164e+62  -9.35473e+62  -2.22543e+63  2.0923e+62  2.5836e+63  3.37506e+63  
-9.85361e+62  -1.1223e+63  -1.5331e+63  -5.62418e+62  5.17172e+62  2.62613e+62  -6.28937e+61  -3.76486e+61  3.76803e+60  1.4547e+60  -1.99448e+60  2.97036e+61  2.66986e+61  -5.97761e+62  -4.03423e+63  -6.81506e+63  -4.03423e+63  -5.97761e+62  2.66986e+61  2.97036e+61  -1.99448e+60  1.4547e+60  3.76803e+60  -3.76486e+61  -6.28937e+61  2.62613e+62  5.17172e+62  -5.62418e+62  -1.5331e+63  -1.1223e+63  -9.85361e+62  
-4.56925e+62  -3.47119e+62  -1.77029e+61  4.24451e+62  2.08274e+62  -9.30492e+61  -5.67628e+61  9.06282e+60  6.66033e+60  -1.57357e+59  -2.2692e+60  -4.40521e+60  3.56066e+61  1.00475e+62  2.58137e+60  -5.18651e+61  2.58137e+60  1.00475e+62  3.56066e+61  -4.40521e+60  -2.2692e+60  -1.57357e+59  6.66033e+60  9.06282e+60  -5.67628e+61  -9.30492e+61  2.08274e+62  4.24451e+62  -1.77029e+61  -3.47119e+62  -4.56925e+62  
1.01008e+62  1.19113e+62  1.73426e+62  7.42476e+61  -7.90935e+61  -4.82882e+61  1.29393e+61  9.69666e+60  -1.00812e+60  -8.63416e+59  3.93565e+59  -1.59974e+60  -5.74724e+60  1.64775e+61  1.57524e+62  2.7864e+62  1.57524e+62  1.64775e+61  -5.74724e+60  -1.59974e+60  3.93565e+59  -8.63416e+59  -1.00812e+60  9.69666e+60  1.29393e+61  -4.82882e+61  -7.90935e+61  7.42476e+61  1.73426e+62  1.19113e+62  1.01008e+62  
2.82549e+61  2.14647e+61  1.09401e+60  -3.62578e+61  -2.15433e+61  1.05165e+61  8.05381e+60  -1.32355e+60  -1.30228e+60  5.76589e+58  1.43131e+59  2.56626e+59  -6.04795e+59  -3.90063e+60  -2.73074e+60  -4.1024e+59  -2.73074e+60  -3.90063e+60  -6.04795e+59  2.56626e+59  1.43131e+59  5.76589e+58  -1.30228e+60  -1.32355e+60  8.05381e+60  1.05165e+61  -2.15433e+61  -3.62578e+61  1.09401e+60  2.14647e+61  2.82549e+61  
-3.86578e+60  -4.79276e+60  -7.5737e+60  -4.02527e+60  4.57103e+60  3.55323e+60  -9.6939e+59  -9.94792e+59  8.84813e+58  1.36172e+59  -5.35207e+57  -2.76645e+57  7.26448e+58  -3.53333e+58  -1.06809e+60  -2.03039e+60  -1.06809e+60  -3.53333e+58  7.26448e+58  -2.76645e+57  -5.35207e+57  1.36172e+59  8.84813e+58  -9.94792e+59  -9.6939e+59  3.55323e+60  4.57103e+60  -4.02527e+60  -7.5737e+60  -4.79276e+60  -3.86578e+60  
-5.01986e+59  -3.8812e+59  -4.6523e+58  9.09249e+59  7.12863e+59  -3.53847e+59  -3.87347e+59  5.61303e+58  9.56897e+58  -2.06452e+57  -1.2226e+58  -5.08748e+55  5.92876e+56  1.66265e+56  1.24978e+57  7.63361e+56  1.24978e+57  1.66265e+56  5.92876e+56  -5.08748e+55  -1.2226e+58  -2.06452e+57  9.56897e+58  5.61303e+58  -3.87347e+59  -3.53847e+59  7.12863e+59  9.09249e+59  -4.6523e+58  -3.8812e+59  -5.01986e+59  
0  0  0  0  0  0  0  0  0  0  0  0  0  0  0  0  0  0  0  0  0  0  0  0  0  0  0  0  0  0  0  
