1  1  1  1  1  1  1  1  1  1  1  1  1  1  1  1  1  1  1  1  1  1  1  1  1  1  1  1  1  1  1  
1.08111e+59  1.34985e+57  -3.18935e+59  -8.11439e+59  8.49261e+60  1.9085e+61  -8.68695e+61  -1.96062e+62  4.31283e+62  1.05716e+63  -9.77894e+62  -2.94796e+63  1.64942e+62  2.86679e+63  1.88706e+63  1.53049e+63  1.88706e+63  2.86679e+63  1.64942e+62  -2.94796e+63  -9.77894e+62  1.05716e+63  4.31283e+62  -1.96062e+62  -8.68695e+61  1.9085e+61  8.49261e+60  -8.11439e+59  -3.18935e+59  1.34985e+57  1.08111e+59  
4.13685e+60  3.00793e+60  -3.78837e+59  3.90124e+60  1.41654e+61  -9.04766e+61  -2.70321e+62  8.45617e+62  2.51415e+63  -3.71306e+63  -1.22303e+64  5.24807e+63  2.69056e+64  9.94649e+63  -6.32426e+63  -7.1367e+63  -6.32426e+63  9.94649e+63  2.69056e+64  5.24807e+63  -1.22303e+64  -3.71306e+63  2.51415e+63  8.45617e+62  -2.70321e+62  -9.04766e+61  1.41654e+61  3.90124e+60  -3.78837e+59  3.00793e+60  4.13685e+60  
2.63181e+61  2.34358e+61  1.4789e+61  6.91651e+60  -5.32032e+61  -1.99717e+62  8.69238e+62  3.07791e+63  -6.70195e+63  -2.44365e+64  2.17952e+64  9.7363e+64  2.74332e+63  -1.31586e+65  -1.04546e+65  -8.38362e+64  -1.04546e+65  -1.31586e+65  2.74332e+63  9.7363e+64  2.17952e+64  -2.44365e+64  -6.70195e+63  3.07791e+63  8.69238e+62  -1.99717e+62  -5.32032e+61  6.91651e+60  1.4789e+61  2.34358e+61  2.63181e+61  
-6.04142e+62  -4.61216e+62  -3.24373e+61  8.95512e+60  -7.58452e+61  4.86322e+62  2.09003e+63  -6.49111e+63  -2.67142e+64  3.9496e+64  1.77458e+65  -6.87364e+64  -5.27619e+65  -2.49559e+65  1.79271e+65  2.31126e+65  1.79271e+65  -2.49559e+65  -5.27619e+65  -6.87364e+64  1.77458e+65  3.9496e+64  -2.67142e+64  -6.49111e+63  2.09003e+63  4.86322e+62  -7.58452e+61  8.95512e+60  -3.24373e+61  -4.61216e+62  -6.04142e+62  
-8.58021e+62  -7.49118e+62  -4.22411e+62  -1.19745e+62  1.72578e+62  8.04641e+62  -3.52337e+63  -1.67931e+64  3.78175e+64  1.81318e+65  -1.64924e+65  -9.76516e+65  -8.58289e+64  1.77635e+66  1.64339e+66  1.31829e+66  1.64339e+66  1.77635e+66  -8.58289e+64  -9.76516e+65  -1.64924e+65  1.81318e+65  3.78175e+64  -1.67931e+64  -3.52337e+63  8.04641e+62  1.72578e+62  -1.19745e+62  -4.22411e+62  -7.49118e+62  -8.58021e+62  
1.53698e+64  1.19729e+64  1.78207e+63  -1.97344e+62  7.29189e+61  -1.04511e+63  -6.07239e+63  2.0247e+64  1.08088e+65  -1.72462e+65  -9.88709e+65  3.89459e+65  4.00549e+66  2.27425e+66  -1.96486e+66  -2.79827e+66  -1.96486e+66  2.27425e+66  4.00549e+66  3.89459e+65  -9.88709e+65  -1.72462e+65  1.08088e+65  2.0247e+64  -6.07239e+63  -1.04511e+63  7.29189e+61  -1.97344e+62  1.78207e+63  1.19729e+64  1.53698e+64  
6.43662e+63  5.22513e+63  1.59065e+63  1.30378e+63  -2.3246e+62  -1.24871e+63  6.01617e+63  3.74264e+64  -9.55662e+64  -5.78809e+65  5.93751e+65  4.37288e+66  5.18738e+65  -1.09902e+67  -1.16325e+67  -9.45398e+66  -1.16325e+67  -1.09902e+67  5.18738e+65  4.37288e+66  5.93751e+65  -5.78809e+65  -9.55662e+64  3.74264e+64  6.01617e+63  -1.24871e+63  -2.3246e+62  1.30378e+63  1.59065e+63  5.22513e+63  6.43662e+63  
-1.53845e+65  -1.21439e+65  -2.42225e+64  -1.89508e+62  2.41289e+62  9.10675e+62  7.15542e+63  -2.87627e+64  -1.96004e+65  3.74223e+65  2.63907e+66  -1.25116e+66  -1.5267e+67  -1.00027e+67  1.10431e+67  1.69094e+67  1.10431e+67  -1.00027e+67  -1.5267e+67  -1.25116e+66  2.63907e+66  3.74223e+65  -1.96004e+65  -2.87627e+64  7.15542e+63  9.10675e+62  2.41289e+62  -1.89508e+62  -2.42225e+64  -1.21439e+65  -1.53845e+65  
-2.56892e+63  4.46356e+63  2.5561e+64  -2.18538e+63  -5.84522e+60  7.20121e+62  -4.43682e+63  -3.65947e+64  1.19426e+65  9.01428e+65  -1.17802e+66  -1.02644e+67  -1.0806e+66  3.73935e+67  4.47667e+67  3.72953e+67  4.47667e+67  3.73935e+67  -1.0806e+66  -1.02644e+67  -1.17802e+66  9.01428e+65  1.19426e+65  -3.65947e+64  -4.43682e+63  7.20121e+62  -5.84522e+60  -2.18538e+63  2.5561e+64  4.46356e+63  -2.56892e+63  
7.91475e+65  6.29708e+65  1.44406e+65  7.16852e+62  -2.30784e+61  -3.00329e+62  -3.34551e+63  1.89615e+64  1.6761e+65  -4.34239e+65  -3.70073e+66  2.52544e+66  3.289e+67  2.40533e+67  -3.62976e+67  -5.84557e+67  -3.62976e+67  2.40533e+67  3.289e+67  2.52544e+66  -3.70073e+66  -4.34239e+65  1.6761e+65  1.89615e+64  -3.34551e+63  -3.00329e+62  -2.30784e+61  7.16852e+62  1.44406e+65  6.29708e+65  7.91475e+65  
-1.46051e+65  -1.72588e+65  -2.52198e+65  -3.23618e+64  8.43894e+61  -1.27016e+62  1.28685e+63  1.51378e+64  -7.39444e+64  -7.05896e+65  1.34954e+66  1.35146e+67  1.52006e+65  -7.65756e+67  -1.03021e+68  -8.89585e+67  -1.03021e+68  -7.65756e+67  1.52006e+65  1.35146e+67  1.34954e+66  -7.05896e+65  -7.39444e+64  1.51378e+64  1.28685e+63  -1.27016e+62  8.43894e+61  -3.23618e+64  -2.52198e+65  -1.72588e+65  -1.46051e+65  
-2.37684e+66  -1.89748e+66  -4.59391e+65  4.32668e+64  6.14615e+63  1.20856e+61  5.07348e+62  -5.21026e+63  -6.423e+64  2.65378e+65  2.76719e+66  -3.19774e+66  -4.21993e+67  -3.31475e+67  7.46942e+67  1.24317e+68  7.46942e+67  -3.31475e+67  -4.21993e+67  -3.19774e+66  2.76719e+66  2.65378e+65  -6.423e+64  -5.21026e+63  5.07348e+62  1.20856e+61  6.14615e+63  4.32668e+64  -4.59391e+65  -1.89748e+66  -2.37684e+66  
6.96486e+65  7.6744e+65  9.80301e+65  1.98215e+65  -7.85786e+63  -1.31638e+63  -9.62106e+61  -2.13715e+63  2.0117e+64  2.61241e+65  -8.64464e+65  -1.00476e+67  2.59654e+66  9.85735e+67  1.48952e+68  1.34804e+68  1.48952e+68  9.85735e+67  2.59654e+66  -1.00476e+67  -8.64464e+65  2.61241e+65  2.0117e+64  -2.13715e+63  -9.62106e+61  -1.31638e+63  -7.85786e+63  1.98215e+65  9.80301e+65  7.6744e+65  6.96486e+65  
4.45693e+66  3.5564e+66  8.54821e+65  -2.63553e+65  -5.73622e+64  1.57442e+63  2.97338e+62  3.9695e+62  8.79949e+63  -7.50091e+64  -1.03177e+66  2.38466e+66  3.245e+67  2.55777e+67  -9.95042e+67  -1.68844e+68  -9.95042e+67  2.55777e+67  3.245e+67  2.38466e+66  -1.03177e+66  -7.50091e+64  8.79949e+63  3.9695e+62  2.97338e+62  1.57442e+63  -5.73622e+64  -2.63553e+65  8.54821e+65  3.5564e+66  4.45693e+66  
-1.55668e+66  -1.6915e+66  -2.09596e+66  -5.13877e+65  6.18717e+64  1.53307e+64  -3.373e+62  -3.24566e+61  -1.58463e+63  -3.61954e+64  2.70336e+65  3.95883e+66  -3.99908e+66  -8.07286e+67  -1.38127e+68  -1.32617e+68  -1.38127e+68  -8.07286e+67  -3.99908e+66  3.95883e+66  2.70336e+65  -3.61954e+64  -1.58463e+63  -3.24566e+61  -3.373e+62  1.53307e+64  6.18717e+64  -5.13877e+65  -2.09596e+66  -1.6915e+66  -1.55668e+66  
-5.39847e+66  -4.29149e+66  -9.70538e+65  6.77093e+65  1.8378e+65  -1.41681e+64  -4.00746e+63  7.49883e+61  -1.54496e+62  6.41221e+63  1.51922e+65  -9.15418e+65  -1.42742e+67  -9.11318e+66  8.66438e+67  1.48382e+68  8.66438e+67  -9.11318e+66  -1.42742e+67  -9.15418e+65  1.51922e+65  6.41221e+63  -1.54496e+62  7.49883e+61  -4.00746e+63  -1.41681e+64  1.8378e+65  6.77093e+65  -9.70538e+65  -4.29149e+66  -5.39847e+66  
2.00407e+66  2.18086e+66  2.71125e+66  7.47813e+65  -1.79802e+65  -5.5482e+64  3.20616e+63  1.02969e+63  -1.9112e+61  7.25162e+62  -2.69536e+64  -6.64785e+65  2.50601e+66  4.13679e+67  8.19696e+67  8.46983e+67  8.19696e+67  4.13679e+67  2.50601e+66  -6.64785e+65  -2.69536e+64  7.25162e+62  -1.9112e+61  1.02969e+63  3.20616e+63  -5.5482e+64  -1.79802e+65  7.47813e+65  2.71125e+66  2.18086e+66  2.00407e+66  
4.26819e+66  3.37109e+66  6.79791e+65  -9.45728e+65  -2.99839e+65  4.36674e+64  1.53727e+64  -7.07853e+62  -2.57631e+62  8.53697e+60  -3.16564e+63  1.21836e+65  3.04111e+66  -5.96007e+65  -4.87729e+67  -8.3695e+67  -4.87729e+67  -5.96007e+65  3.04111e+66  1.21836e+65  -3.16564e+63  8.53697e+60  -2.57631e+62  -7.07853e+62  1.53727e+64  4.36674e+64  -2.99839e+65  -9.45728e+65  6.79791e+65  3.37109e+66  4.26819e+66  
-1.56943e+66  -1.72401e+66  -2.18775e+66  -6.60967e+65  2.61324e+65  9.53081e+64  -9.92837e+63  -3.98951e+63  1.51747e+62  3.64933e+61  -2.50747e+62  1.78984e+64  -6.12419e+65  -1.25643e+67  -3.03428e+67  -3.43704e+67  -3.03428e+67  -1.25643e+67  -6.12419e+65  1.78984e+64  -2.50747e+62  3.64933e+61  1.51747e+62  -3.98951e+63  -9.92837e+63  9.53081e+64  2.61324e+65  -6.60967e+65  -2.18775e+66  -1.72401e+66  -1.56943e+66  
-2.1798e+66  -1.70735e+66  -2.90016e+65  7.70191e+65  2.78805e+65  -6.3096e+64  -2.64806e+64  2.09694e+63  9.71968e+62  4.29051e+61  -5.2301e+62  5.06678e+62  -9.31396e+64  1.6624e+66  1.71501e+67  2.93555e+67  1.71501e+67  1.6624e+66  -9.31396e+64  5.06678e+62  -5.2301e+62  4.29051e+61  9.71968e+62  2.09694e+63  -2.64806e+64  -6.3096e+64  2.78805e+65  7.70191e+65  -2.90016e+65  -1.70735e+66  -2.1798e+66  
7.48355e+65  8.34943e+65  1.09471e+66  3.61316e+65  -2.0764e+65  -8.80336e+64  1.36155e+64  6.59967e+63  -4.24952e+62  -1.09641e+62  1.07663e+63  -7.9032e+63  -2.92072e+64  1.98751e+66  6.62424e+66  8.4398e+66  6.62424e+66  1.98751e+66  -2.92072e+64  -7.9032e+63  1.07663e+63  -1.09641e+62  -4.24952e+62  6.59967e+63  1.36155e+64  -8.80336e+64  -2.0764e+65  3.61316e+65  1.09471e+66  8.34943e+65  7.48355e+65  
6.94809e+65  5.39399e+65  7.31683e+64  -3.66808e+65  -1.51336e+65  4.68745e+64  2.32103e+64  -2.59277e+63  -1.48251e+63  -1.85188e+62  8.9659e+62  8.83028e+63  -5.57546e+64  -5.31607e+65  -3.52092e+66  -5.99997e+66  -3.52092e+66  -5.31607e+65  -5.57546e+64  8.83028e+63  8.9659e+62  -1.85188e+62  -1.48251e+63  -2.59277e+63  2.32103e+64  4.68745e+64  -1.51336e+65  -3.66808e+65  7.31683e+64  5.39399e+65  6.94809e+65  
-2.08962e+65  -2.3829e+65  -3.26274e+65  -1.19392e+65  9.0507e+64  4.46928e+64  -9.00557e+63  -5.25002e+63  4.58466e+62  2.4183e+62  -1.24016e+63  2.93241e+63  3.52376e+64  -1.07112e+65  -7.67223e+65  -1.14352e+66  -7.67223e+65  -1.07112e+65  3.52376e+64  2.93241e+63  -1.24016e+63  2.4183e+62  4.58466e+62  -5.25002e+63  -9.00557e+63  4.46928e+64  9.0507e+64  -1.19392e+65  -3.26274e+65  -2.3829e+65  -2.08962e+65  
-1.29004e+65  -9.94178e+64  -1.06593e+64  9.7366e+64  4.63585e+64  -1.78043e+64  -1.04877e+64  1.4382e+63  1.011e+63  6.93327e+61  -1.17115e+62  -3.11122e+63  3.32879e+63  6.53436e+64  3.71635e+65  6.31276e+65  3.71635e+65  6.53436e+64  3.32879e+63  -3.11122e+63  -1.17115e+62  6.93327e+61  1.011e+63  1.4382e+63  -1.04877e+64  -1.78043e+64  4.63585e+64  9.7366e+64  -1.06593e+64  -9.94178e+64  -1.29004e+65  
3.12195e+64  3.66709e+64  5.3025e+64  2.21645e+64  -2.03009e+64  -1.18709e+64  2.80418e+63  2.00648e+63  -1.89847e+62  -1.71953e+62  2.31024e+62  6.1319e+61  -4.14598e+63  -4.54682e+63  3.82774e+64  7.14167e+64  3.82774e+64  -4.54682e+63  -4.14598e+63  6.1319e+61  2.31024e+62  -1.71953e+62  -1.89847e+62  2.00648e+63  2.80418e+63  -1.18709e+64  -2.03009e+64  2.21645e+64  5.3025e+64  3.66709e+64  3.12195e+64  
1.22249e+64  9.40011e+63  9.25637e+62  -1.28157e+64  -7.22968e+63  3.1567e+63  2.27555e+63  -3.39303e+62  -3.08863e+62  5.63315e+60  2.12768e+60  2.16435e+62  2.91144e+62  -2.64844e+63  -1.54443e+64  -2.63213e+64  -1.54443e+64  -2.64844e+63  2.91144e+62  2.16435e+62  2.12768e+60  5.63315e+60  -3.08863e+62  -3.39303e+62  2.27555e+63  3.1567e+63  -7.22968e+63  -1.28157e+64  9.25637e+62  9.40011e+63  1.22249e+64  
-2.06822e+63  -2.53124e+63  -3.92032e+63  -1.96043e+63  1.9944e+63  1.43358e+63  -3.59895e+62  -3.34471e+62  2.88062e+61  3.88904e+61  -6.93316e+60  -1.92171e+61  9.81953e+61  3.15102e+62  -4.97621e+62  -1.34008e+63  -4.97621e+62  3.15102e+62  9.81953e+61  -1.92171e+61  -6.93316e+60  3.88904e+61  2.88062e+61  -3.34471e+62  -3.59895e+62  1.43358e+63  1.9944e+63  -1.96043e+63  -3.92032e+63  -2.53124e+63  -2.06822e+63  
-4.45581e+62  -3.45805e+62  -4.6475e+61  6.44167e+62  4.53332e+62  -2.07546e+62  -1.96741e+62  2.77718e+61  3.77053e+61  -1.18567e+60  -3.31453e+60  -1.40327e+60  -5.79825e+60  1.48483e+61  1.11716e+62  1.9583e+62  1.11716e+62  1.48483e+61  -5.79825e+60  -1.40327e+60  -3.31453e+60  -1.18567e+60  3.77053e+61  2.77718e+61  -1.96741e+62  -2.07546e+62  4.53332e+62  6.44167e+62  -4.6475e+61  -3.45805e+62  -4.45581e+62  
3.78501e+61  4.95302e+61  8.45705e+61  5.50347e+61  -5.77803e+61  -5.66034e+61  1.35963e+61  1.97066e+61  -1.09605e+60  -3.48345e+60  -9.0551e+58  2.77236e+59  4.95645e+58  -2.74035e+58  3.96499e+58  3.46788e+59  3.96499e+58  -2.74035e+58  4.95645e+58  2.77236e+59  -9.0551e+58  -3.48345e+60  -1.09605e+60  1.97066e+61  1.35963e+61  -5.66034e+61  -5.77803e+61  5.50347e+61  8.45705e+61  4.95302e+61  3.78501e+61  
0  0  0  0  0  0  0  0  0  0  0  0  0  0  0  0  0  0  0  0  0  0  0  0  0  0  0  0  0  0  0  
