1  1  1  1  1  1  1  1  1  1  1  1  1  1  1  1  1  1  1  1  1  1  1  1  1  1  1  1  1  1  1  
-1.03277e+61  -1.30825e+60  2.57502e+61  1.57049e+62  -6.1959e+62  -3.06474e+63  5.45201e+63  2.74381e+64  -2.03588e+64  -1.30896e+65  1.18092e+64  3.17041e+65  1.32103e+65  -2.26101e+65  -2.07311e+65  -1.74521e+65  -2.07311e+65  -2.26101e+65  1.32103e+65  3.17041e+65  1.18092e+64  -1.30896e+65  -2.03588e+64  2.74381e+64  5.45201e+63  -3.06474e+63  -6.1959e+62  1.57049e+62  2.57502e+61  -1.30825e+60  -1.03277e+61  
1.80673e+62  1.69329e+62  1.35296e+62  -2.98416e+62  -2.26882e+63  5.723e+63  3.83651e+64  -4.28292e+64  -3.20541e+65  1.00191e+65  1.38941e+66  3.60293e+65  -2.56272e+66  -1.94054e+66  -1.25737e+65  9.24751e+64  -1.25737e+65  -1.94054e+66  -2.56272e+66  3.60293e+65  1.38941e+66  1.00191e+65  -3.20541e+65  -4.28292e+64  3.83651e+64  5.723e+63  -2.26882e+63  -2.98416e+62  1.35296e+62  1.69329e+62  1.80673e+62  
-6.37997e+63  -4.8245e+63  -1.58098e+62  -5.61597e+62  3.38566e+63  2.8795e+64  -4.6668e+64  -4.03014e+65  2.42845e+65  2.89619e+66  1.78488e+65  -1.01463e+67  -6.02572e+66  1.00504e+67  1.15555e+67  9.93642e+66  1.15555e+67  1.00504e+67  -6.02572e+66  -1.01463e+67  1.78488e+65  2.89619e+66  2.42845e+65  -4.03014e+65  -4.6668e+64  2.8795e+64  3.38566e+63  -5.61597e+62  -1.58098e+62  -4.8245e+63  -6.37997e+63  
-1.93281e+64  -1.68242e+64  -9.31273e+63  -3.45937e+62  1.23618e+64  -2.7316e+64  -2.80337e+65  2.76722e+65  3.27949e+66  -6.13279e+65  -1.96347e+67  -7.97425e+66  4.91856e+67  4.63829e+67  2.50153e+66  -6.30843e+66  2.50153e+66  4.63829e+67  4.91856e+67  -7.97425e+66  -1.96347e+67  -6.13279e+65  3.27949e+66  2.76722e+65  -2.80337e+65  -2.7316e+64  1.23618e+64  -3.45937e+62  -9.31273e+63  -1.68242e+64  -1.93281e+64  
3.26189e+65  2.51636e+65  2.79767e+64  -6.55817e+63  -1.09486e+64  -1.08951e+65  1.66958e+65  2.12555e+66  -1.08578e+66  -2.10083e+67  -3.74912e+66  1.00112e+68  7.51985e+67  -1.3363e+68  -1.8329e+68  -1.62278e+68  -1.8329e+68  -1.3363e+68  7.51985e+67  1.00112e+68  -3.74912e+66  -2.10083e+67  -1.08578e+66  2.12555e+66  1.66958e+65  -1.08951e+65  -1.09486e+64  -6.55817e+63  2.79767e+64  2.51636e+65  3.26189e+65  
3.04897e+65  2.5725e+65  1.14307e+65  3.89446e+64  -2.83412e+64  5.23156e+64  7.90614e+65  -7.56305e+65  -1.30153e+67  1.46241e+66  1.08026e+68  5.74443e+67  -3.69983e+68  -4.16722e+68  -1.26667e+67  1.05019e+68  -1.26667e+67  -4.16722e+68  -3.69983e+68  5.74443e+67  1.08026e+68  1.46241e+66  -1.30153e+67  -7.56305e+65  7.90614e+65  5.23156e+64  -2.83412e+64  3.89446e+64  1.14307e+65  2.5725e+65  3.04897e+65  
-4.97721e+66  -3.90533e+66  -6.89687e+65  2.56744e+64  2.98354e+64  1.59404e+65  -2.62607e+65  -4.66188e+66  2.37291e+66  6.64535e+67  1.71737e+67  -4.46058e+68  -4.02523e+68  8.26597e+68  1.31368e+69  1.20785e+69  1.31368e+69  8.26597e+68  -4.02523e+68  -4.46058e+68  1.71737e+67  6.64535e+67  2.37291e+66  -4.66188e+66  -2.62607e+65  1.59404e+65  2.98354e+64  2.56744e+64  -6.89687e+65  -3.90533e+66  -4.97721e+66  
-1.35558e+66  -9.68938e+65  1.90997e+65  -2.34862e+65  1.94456e+64  -3.93491e+64  -9.20685e+65  1.0141e+66  2.34711e+67  -2.5807e+66  -2.87973e+68  -1.83398e+68  1.41293e+69  1.85694e+69  -2.51575e+67  -7.64276e+68  -2.51575e+67  1.85694e+69  1.41293e+69  -1.83398e+68  -2.87973e+68  -2.5807e+66  2.34711e+67  1.0141e+66  -9.20685e+65  -3.93491e+64  1.94456e+64  -2.34862e+65  1.90997e+65  -9.68938e+65  -1.35558e+66  
3.50805e+67  2.78368e+67  6.10565e+66  1.06766e+65  -3.12128e+64  -8.88803e+64  1.89952e+65  4.55161e+66  -2.99848e+66  -1.03767e+68  -2.95562e+67  1.05281e+69  1.10501e+69  -2.85194e+69  -5.13959e+69  -4.94221e+69  -5.13959e+69  -2.85194e+69  1.10501e+69  1.05281e+69  -2.95562e+67  -1.03767e+68  -2.99848e+66  4.55161e+66  1.89952e+65  -8.88803e+64  -3.12128e+64  1.06766e+65  6.10565e+66  2.78368e+67  3.50805e+67  
-1.1546e+66  -2.97001e+66  -8.41623e+66  -5.25921e+65  4.19955e+63  1.24833e+64  4.31653e+65  -6.94651e+65  -2.0216e+67  4.78822e+66  4.07726e+68  2.89138e+68  -3.08322e+69  -4.65998e+69  4.26326e+68  2.991e+69  4.26326e+68  -4.65998e+69  -3.08322e+69  2.89138e+68  4.07726e+68  4.78822e+66  -2.0216e+67  -6.94651e+65  4.31653e+65  1.24833e+64  4.19955e+63  -5.25921e+65  -8.41623e+66  -2.97001e+66  -1.1546e+66  
-1.36809e+68  -1.09255e+68  -2.65921e+67  7.38077e+65  7.33473e+64  1.54085e+64  -5.78651e+64  -1.90717e+66  2.17847e+66  8.24524e+67  1.70456e+67  -1.40896e+69  -1.67522e+69  6.00124e+69  1.20808e+70  1.22213e+70  1.20808e+70  6.00124e+69  -1.67522e+69  -1.40896e+69  1.70456e+67  8.24524e+67  2.17847e+66  -1.90717e+66  -5.78651e+64  1.54085e+64  7.33473e+64  7.38077e+65  -2.65921e+67  -1.09255e+68  -1.36809e+68  
2.66549e+67  3.23009e+67  4.92391e+67  8.80013e+66  -1.12272e+65  -1.46175e+64  -6.66816e+64  2.15073e+65  7.91069e+66  -5.28119e+66  -3.11472e+68  -2.21223e+68  4.0526e+69  6.99286e+69  -1.60563e+69  -6.95785e+69  -1.60563e+69  6.99286e+69  4.0526e+69  -2.21223e+68  -3.11472e+68  -5.28119e+66  7.91069e+66  2.15073e+65  -6.66816e+64  -1.46175e+64  -1.12272e+65  8.80013e+66  4.92391e+67  3.23009e+67  2.66549e+67  
3.23757e+68  2.59143e+68  6.53003e+67  -1.091e+67  -2.13855e+66  1.98027e+64  7.99977e+63  2.77236e+65  -7.472e+65  -3.13924e+67  4.24414e+66  1.07774e+69  1.40655e+69  -8.03804e+69  -1.79406e+70  -1.91964e+70  -1.79406e+70  -8.03804e+69  1.40655e+69  1.07774e+69  4.24414e+66  -3.13924e+67  -7.472e+65  2.77236e+65  7.99977e+63  1.98027e+64  -2.13855e+66  -1.091e+67  6.53003e+67  2.59143e+68  3.23757e+68  
-9.17589e+67  -1.03978e+68  -1.40635e+68  -3.31266e+67  2.25423e+66  5.18313e+65  -2.67052e+63  -2.00257e+64  -1.12582e+66  2.39044e+66  1.20377e+68  6.16629e+67  -3.23364e+69  -6.37835e+69  3.10129e+69  1.01217e+70  3.10129e+69  -6.37835e+69  -3.23364e+69  6.16629e+67  1.20377e+68  2.39044e+66  -1.12582e+66  -2.00257e+64  -2.67052e+63  5.18313e+65  2.25423e+66  -3.31266e+67  -1.40635e+68  -1.03978e+68  -9.17589e+67  
-4.88148e+68  -3.90266e+68  -9.66215e+67  4.14425e+67  1.07593e+67  -4.78776e+65  -1.28568e+65  -4.91805e+63  7.49047e+64  4.5593e+66  -6.52912e+66  -4.43797e+68  -5.9185e+68  6.93712e+69  1.72066e+70  1.95791e+70  1.72066e+70  6.93712e+69  -5.9185e+68  -4.43797e+68  -6.52912e+66  4.5593e+66  7.49047e+64  -4.91805e+63  -1.28568e+65  -4.78776e+65  1.07593e+67  4.14425e+67  -9.66215e+67  -3.90266e+68  -4.88148e+68  
1.59952e+68  1.78373e+68  2.33634e+68  6.38392e+67  -1.032e+67  -3.07694e+66  1.04106e+65  3.22403e+64  2.3427e+64  -2.91912e+65  -1.877e+67  9.34606e+66  1.50139e+69  3.43472e+69  -3.51029e+69  -9.3975e+69  -3.51029e+69  3.43472e+69  1.50139e+69  9.34606e+66  -1.877e+67  -2.91912e+65  2.3427e+64  3.22403e+64  1.04106e+65  -3.07694e+66  -1.032e+67  6.38392e+67  2.33634e+68  1.78373e+68  1.59952e+68  
4.79121e+68  3.81509e+68  8.86755e+67  -7.79627e+67  -2.41625e+67  2.42023e+66  8.32209e+65  -2.26467e+64  -7.90185e+63  -9.96107e+64  1.16915e+66  7.99044e+67  7.03475e+67  -3.80435e+69  -1.0656e+70  -1.29734e+70  -1.0656e+70  -3.80435e+69  7.03475e+67  7.99044e+67  1.16915e+66  -9.96107e+64  -7.90185e+63  -2.26467e+64  8.32209e+65  2.42023e+66  -2.41625e+67  -7.79627e+67  8.86755e+67  3.81509e+68  4.79121e+68  
-1.63531e+68  -1.82474e+68  -2.39303e+68  -7.25713e+67  2.10204e+67  7.50559e+66  -5.44808e+65  -2.15845e+65  4.80991e+63  1.66109e+63  4.34278e+65  -4.85896e+66  -3.48555e+68  -9.67417e+68  2.40928e+69  5.54816e+69  2.40928e+69  -9.67417e+68  -3.48555e+68  -4.85896e+66  4.34278e+65  1.66109e+63  4.80991e+63  -2.15845e+65  -5.44808e+65  7.50559e+66  2.10204e+67  -7.25713e+67  -2.39303e+68  -1.82474e+68  -1.63531e+68  
-3.06128e+68  -2.42269e+68  -5.06902e+67  8.3239e+67  2.96731e+67  -5.0635e+66  -2.08983e+66  1.1651e+65  5.31842e+64  2.68393e+63  1.07791e+64  -2.40381e+66  2.09177e+67  1.26776e+69  4.16725e+69  5.46955e+69  4.16725e+69  1.26776e+69  2.09177e+67  -2.40381e+66  1.07791e+64  2.68393e+63  5.31842e+64  1.1651e+65  -2.08983e+66  -5.0635e+66  2.96731e+67  8.3239e+67  -5.06902e+67  -2.42269e+68  -3.06128e+68  
1.01453e+68  1.14316e+68  1.52904e+68  5.07949e+67  -2.26066e+67  -9.40766e+66  1.11442e+66  5.33768e+65  -2.39451e+64  -1.67781e+64  6.40649e+64  -1.79714e+65  1.50902e+67  7.22025e+67  -9.90673e+68  -2.02372e+69  -9.90673e+68  7.22025e+67  1.50902e+67  -1.79714e+65  6.40649e+64  -1.67781e+64  -2.39451e+64  5.33768e+65  1.11442e+66  -9.40766e+66  -2.26066e+67  5.07949e+67  1.52904e+68  1.14316e+68  1.01453e+68  
1.24597e+68  9.78994e+67  1.78076e+67  -5.21357e+67  -2.11611e+67  5.25347e+66  2.55402e+66  -2.21678e+65  -1.22885e+65  -1.32037e+64  -6.00142e+64  9.87986e+65  -4.30751e+65  -2.33292e+68  -9.78534e+68  -1.39855e+69  -9.78534e+68  -2.33292e+68  -4.30751e+65  9.87986e+65  -6.00142e+64  -1.32037e+64  -1.22885e+65  -2.21678e+65  2.55402e+66  5.25347e+66  -2.11611e+67  -5.21357e+67  1.78076e+67  9.78994e+67  1.24597e+68  
-3.76155e+67  -4.31142e+67  -5.96106e+67  -2.18192e+67  1.33923e+67  6.46427e+66  -1.06392e+66  -6.09633e+65  4.12332e+64  4.5791e+64  -1.4533e+65  -5.55794e+65  7.64649e+66  2.69689e+67  2.31057e+68  4.28229e+68  2.31057e+68  2.69689e+67  7.64649e+66  -5.55794e+65  -1.4533e+65  4.5791e+64  4.12332e+64  -6.09633e+65  -1.06392e+66  6.46427e+66  1.33923e+67  -2.18192e+67  -5.96106e+67  -4.31142e+67  -3.76155e+67  
-3.07371e+67  -2.3993e+67  -3.76072e+66  1.87444e+67  8.71242e+66  -2.81346e+66  -1.61419e+66  1.8427e+65  1.23868e+65  8.02649e+63  9.53364e+64  -5.52381e+65  -2.52893e+66  1.89543e+67  1.25438e+68  1.98023e+68  1.25438e+68  1.89543e+67  -2.52893e+66  -5.52381e+65  9.53364e+64  8.02649e+63  1.23868e+65  1.8427e+65  -1.61419e+66  -2.81346e+66  8.71242e+66  1.87444e+67  -3.76073e+66  -2.3993e+67  -3.07371e+67  
7.84869e+66  9.22075e+66  1.33369e+67  5.49235e+66  -4.24585e+66  -2.4008e+66  4.87604e+65  3.3816e+65  -2.67739e+64  -3.43721e+64  3.41912e+64  2.70981e+65  -9.18838e+65  -5.97228e+66  -2.71411e+67  -4.65082e+67  -2.71411e+67  -5.97228e+66  -9.18838e+65  2.70981e+65  3.41912e+64  -3.43721e+64  -2.67739e+64  3.3816e+65  4.87604e+65  -2.4008e+66  -4.24585e+66  5.49235e+66  1.33369e+67  9.22075e+66  7.84869e+66  
4.17861e+66  3.25114e+66  4.68707e+65  -3.57868e+66  -1.94063e+66  7.43009e+65  5.12713e+65  -6.74195e+64  -5.78806e+64  1.6786e+63  -1.92499e+64  3.69929e+64  4.03918e+65  -2.17843e+65  -7.29304e+66  -1.29974e+67  -7.29304e+66  -2.17843e+65  4.03918e+65  3.69929e+64  -1.92499e+64  1.6786e+63  -5.78806e+64  -6.74195e+64  5.12713e+65  7.43009e+65  -1.94063e+66  -3.57868e+66  4.68707e+65  3.25114e+66  4.17861e+66  
-8.10474e+65  -9.85444e+65  -1.51035e+66  -7.24846e+65  6.48509e+65  4.40755e+65  -9.96175e+64  -8.68085e+64  6.80356e+63  9.45971e+63  -4.89185e+62  -2.38136e+64  6.44241e+63  3.25433e+65  1.23689e+66  1.99852e+66  1.23689e+66  3.25433e+65  6.44241e+63  -2.38136e+64  -4.89185e+62  9.45971e+63  6.80356e+63  -8.68085e+64  -9.96175e+64  4.40755e+65  6.48509e+65  -7.24846e+65  -1.51035e+66  -9.85444e+65  -8.10474e+65  
-2.59209e+65  -2.026e+65  -3.27754e+64  3.05303e+65  2.00109e+65  -8.34314e+64  -7.25253e+64  9.59264e+63  1.15208e+64  -4.41962e+62  -1.35207e+62  4.80692e+62  -1.21451e+64  -1.78395e+64  1.23827e+65  2.58767e+65  1.23827e+65  -1.78395e+64  -1.21451e+64  4.80692e+62  -1.35207e+62  -4.41962e+62  1.15208e+64  9.59264e+63  -7.25253e+64  -8.34314e+64  2.00109e+65  3.05303e+65  -3.27754e+64  -2.026e+65  -2.59209e+65  
3.11505e+64  3.98436e+64  6.59228e+64  3.89972e+64  -3.72688e+64  -3.2286e+64  7.30811e+63  8.85916e+63  -5.49802e+62  -1.2021e+63  -2.59142e+61  2.66938e+62  3.48804e+62  -2.43692e+63  -9.71479e+63  -1.53281e+64  -9.71479e+63  -2.43692e+63  3.48804e+62  2.66938e+62  -2.59142e+61  -1.2021e+63  -5.49802e+62  8.85916e+63  7.30811e+63  -3.2286e+64  -3.72688e+64  3.89972e+64  6.59228e+64  3.98436e+64  3.11505e+64  
4.61174e+63  3.68565e+63  9.07398e+62  -7.62143e+63  -6.57292e+63  2.75764e+63  3.46611e+63  -3.73887e+62  -8.42935e+62  -3.51724e+60  1.08158e+62  7.62988e+60  -1.10875e+61  1.40248e+60  -2.10897e+61  -7.40137e+61  -2.10897e+61  1.40248e+60  -1.10875e+61  7.62988e+60  1.08158e+62  -3.51724e+60  -8.42935e+62  -3.73887e+62  3.46611e+63  2.75764e+63  -6.57292e+63  -7.62143e+63  9.07398e+62  3.68565e+63  4.61174e+63  
0  0  0  0  0  0  0  0  0  0  0  0  0  0  0  0  0  0  0  0  0  0  0  0  0  0  0  0  0  0  0  
