1  1  1  1  1  1  1  1  1  1  1  1  1  1  1  1  1  1  1  1  1  1  1  1  1  1  1  1  1  1  1  
1.18591e+68  3.91057e+67  -1.99351e+68  -2.18793e+69  4.04954e+69  3.99557e+70  -2.51023e+70  -3.35835e+71  8.59509e+68  1.49628e+72  6.31796e+71  -3.2875e+72  -2.58039e+72  1.68034e+72  2.18494e+72  1.88984e+72  2.18494e+72  1.68034e+72  -2.58039e+72  -3.2875e+72  6.31796e+71  1.49628e+72  8.59509e+68  -3.35835e+71  -2.51023e+70  3.99557e+70  4.04954e+69  -2.18793e+69  -1.99351e+68  3.91057e+67  1.18591e+68  
2.90258e+69  2.14142e+69  -1.42047e+68  1.81317e+69  2.93812e+70  -2.69502e+70  -4.72896e+71  5.54021e+70  3.729e+72  1.37778e+72  -1.50058e+73  -1.12067e+73  2.39006e+73  2.71575e+73  7.81455e+72  4.4948e+72  7.81455e+72  2.71575e+73  2.39006e+73  -1.12067e+73  -1.50058e+73  1.37778e+72  3.729e+72  5.54021e+70  -4.72896e+71  -2.69502e+70  2.93812e+70  1.81317e+69  -1.42047e+68  2.14142e+69  2.90258e+69  
-3.52531e+70  -2.52736e+70  4.66486e+69  1.49398e+70  -1.67229e+70  -3.58398e+71  1.05744e+71  4.76068e+72  1.343e+72  -3.21979e+73  -2.22299e+73  1.02588e+74  1.08781e+74  -7.1084e+73  -1.22343e+74  -1.10468e+74  -1.22343e+74  -7.1084e+73  1.08781e+74  1.02588e+74  -2.22299e+73  -3.21979e+73  1.343e+72  4.76068e+72  1.05744e+71  -3.58398e+71  -1.67229e+70  1.49398e+70  4.66486e+69  -2.52736e+70  -3.52531e+70  
-3.38641e+71  -2.71857e+71  -7.15066e+70  -6.22516e+69  -1.41209e+71  8.15095e+70  3.3547e+72  5.34865e+71  -3.72899e+73  -2.30027e+73  2.08041e+74  2.06834e+74  -4.48962e+74  -6.38854e+74  -2.01911e+74  -8.44373e+73  -2.01911e+74  -6.38854e+74  -4.48962e+74  2.06834e+74  2.08041e+74  -2.30027e+73  -3.72899e+73  5.34865e+71  3.3547e+72  8.15095e+70  -1.41209e+71  -6.22516e+69  -7.15066e+70  -2.71857e+71  -3.38641e+71  
1.94537e+72  1.47085e+72  4.72768e+70  -1.28828e+71  2.26446e+70  1.3314e+72  -1.80872e+70  -2.46226e+73  -1.28274e+73  2.30028e+74  2.12461e+74  -9.98435e+74  -1.31271e+75  9.21841e+74  1.95352e+75  1.84834e+75  1.95352e+75  9.21841e+74  -1.31271e+75  -9.98435e+74  2.12461e+74  2.30028e+74  -1.28274e+73  -2.46226e+73  -1.80872e+70  1.3314e+72  2.26446e+70  -1.28828e+71  4.72768e+70  1.47085e+72  1.94537e+72  
7.31059e+72  5.82902e+72  1.38429e+72  2.06845e+71  2.15492e+71  -8.38256e+70  -9.29859e+72  -3.63878e+72  1.46196e+74  1.22867e+74  -1.13385e+75  -1.39814e+75  3.34535e+75  5.71181e+75  1.94087e+75  4.93885e+74  1.94087e+75  5.71181e+75  3.34535e+75  -1.39814e+75  -1.13385e+75  1.22867e+74  1.46196e+74  -3.63878e+72  -9.29859e+72  -8.38256e+70  2.15492e+71  2.06845e+71  1.38429e+72  5.82902e+72  7.31059e+72  
-3.19327e+73  -2.49963e+73  -4.18708e+72  6.58457e+71  1.00513e+71  -1.94815e+72  -3.93341e+71  5.34885e+73  3.92579e+73  -7.23049e+74  -8.32714e+74  4.42958e+75  6.97515e+75  -5.70033e+75  -1.4128e+76  -1.40686e+76  -1.4128e+76  -5.70033e+75  6.97515e+75  4.42958e+75  -8.32714e+74  -7.23049e+74  3.92579e+73  5.34885e+73  -3.93341e+71  -1.94815e+72  1.00513e+71  6.58457e+71  -4.18708e+72  -2.49963e+73  -3.19327e+73  
-6.15344e+73  -4.78794e+73  -6.91453e+72  -1.67649e+72  -4.88734e+70  5.15533e+70  1.07495e+73  6.28035e+72  -2.62701e+74  -2.77539e+74  3.01964e+75  4.47048e+75  -1.28011e+76  -2.55663e+76  -9.13083e+75  -5.92372e+74  -9.13083e+75  -2.55663e+76  -1.28011e+76  4.47048e+75  3.01964e+75  -2.77539e+74  -2.62701e+74  6.28035e+72  1.07495e+73  5.15533e+70  -4.88734e+70  -1.67649e+72  -6.91453e+72  -4.78794e+73  -6.15344e+73  
2.39599e+74  1.92333e+74  5.05332e+73  -2.0203e+70  -2.09668e+71  1.07526e+72  3.64524e+71  -5.21755e+73  -4.84478e+73  1.13112e+75  1.5688e+75  -1.05042e+76  -1.94467e+76  2.01237e+76  5.59207e+76  5.87709e+76  5.59207e+76  2.01237e+76  -1.94467e+76  -1.05042e+76  1.5688e+75  1.13112e+75  -4.84478e+73  -5.21755e+73  3.64524e+71  1.07526e+72  -2.09668e+71  -2.0203e+70  5.05332e+73  1.92333e+74  2.39599e+74  
2.60849e+74  1.93473e+74  -8.65556e+72  -3.36152e+72  7.39283e+70  -2.03774e+70  -5.05207e+72  -3.65908e+72  2.27322e+74  2.8896e+74  -4.30642e+75  -7.52838e+75  2.83033e+76  6.50697e+76  2.36726e+76  -4.38897e+75  2.36726e+76  6.50697e+76  2.83033e+76  -7.52838e+75  -4.30642e+75  2.8896e+74  2.27322e+74  -3.65908e+72  -5.05207e+72  -2.03774e+70  7.39283e+70  -3.36152e+72  -8.65556e+72  1.93473e+74  2.60849e+74  
-9.87403e+74  -8.07533e+74  -2.67925e+74  -5.9295e+72  5.30806e+71  -1.85747e+71  -5.35103e+70  2.20316e+73  2.40585e+73  -9.07781e+74  -1.48702e+75  1.42507e+76  3.07728e+76  -4.41791e+76  -1.33358e+77  -1.4817e+77  -1.33358e+77  -4.41791e+76  3.07728e+76  1.42507e+76  -1.48702e+75  -9.07781e+74  2.40585e+73  2.20316e+73  -5.35103e+70  -1.85747e+71  5.30806e+71  -5.9295e+72  -2.67925e+74  -8.07533e+74  -9.87403e+74  
-6.24397e+74  -4.22915e+74  1.8153e+74  7.50159e+73  1.31609e+72  -9.41039e+70  7.89566e+71  5.59259e+71  -9.01319e+73  -1.33148e+74  3.34182e+75  6.85958e+75  -3.80983e+76  -1.00206e+77  -3.52778e+76  2.03463e+76  -3.52778e+76  -1.00206e+77  -3.80983e+76  6.85958e+75  3.34182e+75  -1.33148e+74  -9.01319e+73  5.59259e+71  7.89566e+71  -9.41039e+70  1.31609e+72  7.50159e+73  1.8153e+74  -4.22915e+74  -6.24397e+74  
2.45582e+75  2.03699e+75  7.80508e+74  -7.47838e+72  -1.73278e+73  -3.05462e+71  1.70442e+70  -3.25779e+72  -3.69431e+72  3.52153e+74  6.72804e+74  -1.11525e+76  -2.82045e+76  6.26414e+76  2.01554e+77  2.37015e+77  2.01554e+77  6.26414e+76  -2.82045e+76  -1.11525e+76  6.72804e+74  3.52153e+74  -3.69431e+72  -3.25779e+72  1.70442e+70  -3.05462e+71  -1.73278e+73  -7.47838e+72  7.80508e+74  2.03699e+75  2.45582e+75  
8.8446e+74  4.94905e+74  -6.73759e+74  -3.16574e+74  -4.02625e+72  4.0876e+72  5.89623e+70  5.33831e+69  1.3124e+73  2.10731e+73  -1.32428e+75  -3.20952e+75  3.14606e+76  9.54462e+76  2.92419e+76  -4.00256e+76  2.92419e+76  9.54462e+76  3.14606e+76  -3.20952e+75  -1.32428e+75  2.10731e+73  1.3124e+73  5.33831e+69  5.89623e+70  4.0876e+72  -4.02625e+72  -3.16574e+74  -6.73759e+74  4.94905e+74  8.8446e+74  
-3.87479e+75  -3.24961e+75  -1.37406e+75  1.09583e+74  9.47632e+73  1.92393e+72  -9.95895e+71  5.07791e+70  -3.15713e+68  -5.26626e+73  -1.14433e+74  4.74763e+75  1.43933e+76  -5.78362e+76  -1.9742e+77  -2.45975e+77  -1.9742e+77  -5.78362e+76  1.43933e+76  4.74763e+75  -1.14433e+74  -5.26626e+73  -3.15713e+68  5.07791e+70  -9.95895e+71  1.92393e+72  9.47632e+73  1.09583e+74  -1.37406e+75  -3.24961e+75  -3.87479e+75  
-7.36727e+74  -2.34555e+74  1.27196e+75  6.67531e+74  -8.33542e+72  -2.59031e+73  -6.4717e+71  2.46629e+71  -2.8045e+71  -1.87209e+71  2.14276e+74  6.22954e+74  -1.52957e+76  -5.54466e+76  -1.05226e+76  4.44444e+76  -1.05226e+76  -5.54466e+76  -1.52957e+76  6.22954e+74  2.14276e+74  -1.87209e+71  -2.8045e+71  2.46629e+71  -6.4717e+71  -2.59031e+73  -8.33542e+72  6.67531e+74  1.27196e+75  -2.34555e+74  -7.36727e+74  
3.96483e+75  3.35576e+75  1.52852e+75  -2.80486e+74  -2.26687e+74  -2.24986e+72  6.7934e+72  1.94271e+71  -6.14356e+70  1.20313e+72  1.85042e+72  -8.96495e+74  -3.47518e+75  3.42407e+76  1.25365e+77  1.65747e+77  1.25365e+77  3.42407e+76  -3.47518e+75  -8.96495e+74  1.85042e+72  1.20313e+72  -6.14356e+70  1.94271e+71  6.7934e+72  -2.24986e+72  -2.26687e+74  -2.80486e+74  1.52852e+75  3.35576e+75  3.96483e+75  
3.28384e+74  -1.061e+74  -1.40955e+75  -8.1861e+74  4.22745e+73  6.6278e+73  1.48557e+72  -1.71996e+72  -5.47321e+70  1.59046e+70  -5.2601e+72  -1.62195e+73  3.78794e+75  1.83651e+76  -2.07014e+75  -2.96347e+76  -2.07014e+75  1.83651e+76  3.78794e+75  -1.62195e+73  -5.2601e+72  1.59046e+70  -5.47321e+70  -1.71996e+72  1.48557e+72  6.6278e+73  4.22745e+73  -8.1861e+74  -1.40955e+75  -1.061e+74  3.28384e+74  
-2.6314e+75  -2.24615e+75  -1.09038e+75  3.46145e+74  2.92143e+74  -2.34546e+72  -1.76969e+73  -5.5578e+71  4.17568e+71  -3.08888e+70  6.60585e+69  2.87948e+73  1.46212e+74  -1.24713e+76  -5.05151e+76  -7.10409e+76  -5.05151e+76  -1.24713e+76  1.46212e+74  2.87948e+73  6.60585e+69  -3.08888e+70  4.17568e+71  -5.5578e+71  -1.76969e+73  -2.34546e+72  2.92143e+74  3.46145e+74  -1.09038e+75  -2.24615e+75  -2.6314e+75  
-4.47527e+73  2.03849e+74  9.49656e+74  6.09728e+74  -6.02904e+73  -8.59139e+73  -1.35296e+72  4.37045e+72  1.81535e+71  -7.58917e+70  -7.39822e+71  2.87782e+72  -1.97464e+74  -2.77641e+75  3.37519e+75  1.18283e+76  3.37519e+75  -2.77641e+75  -1.97464e+74  2.87782e+72  -7.39822e+71  -7.58917e+70  1.81535e+71  4.37045e+72  -1.35296e+72  -8.59139e+73  -6.02904e+73  6.09728e+74  9.49656e+74  2.03849e+74  -4.47527e+73  
1.10821e+75  9.54611e+74  4.93803e+74  -2.3469e+74  -2.15565e+74  6.11799e+72  2.21311e+73  7.17692e+71  -1.00345e+72  1.81448e+71  2.43984e+71  -1.13571e+73  3.33231e+73  2.57697e+75  1.22968e+76  1.84678e+76  1.22968e+76  2.57697e+75  3.33231e+73  -1.13571e+73  2.43984e+71  1.81448e+71  -1.00345e+72  7.17692e+71  2.21311e+73  6.11799e+72  -2.15565e+74  -2.3469e+74  4.93803e+74  9.54611e+74  1.10821e+75  
-2.19099e+73  -1.12376e+74  -3.83776e+74  -2.74126e+74  4.04128e+73  6.02289e+73  5.89186e+71  -5.0546e+72  -2.72981e+71  5.80825e+70  1.93889e+72  2.56805e+72  -9.26222e+73  -3.56372e+73  -1.20342e+75  -2.68696e+75  -1.20342e+75  -3.56372e+73  -9.26222e+73  2.56805e+72  1.93889e+72  5.80825e+70  -2.72981e+71  -5.0546e+72  5.89186e+71  6.02289e+73  4.04128e+73  -2.74126e+74  -3.83776e+74  -1.12376e+74  -2.19099e+73  
-2.81656e+74  -2.45385e+74  -1.36573e+74  8.79481e+73  9.04562e+73  -4.10941e+72  -1.41238e+73  -5.14199e+71  1.04342e+72  -1.50533e+71  -8.12354e+71  7.63537e+72  1.60397e+73  -2.5661e+74  -1.6475e+75  -2.65964e+75  -1.6475e+75  -2.5661e+74  1.60397e+73  7.63537e+72  -8.12354e+71  -1.50533e+71  1.04342e+72  -5.14199e+71  -1.41238e+73  -4.10941e+72  9.04562e+73  8.79481e+73  -1.36573e+74  -2.45385e+74  -2.81656e+74  
9.99539e+72  2.94474e+73  8.78033e+73  7.07122e+73  -1.33625e+73  -2.25029e+73  -2.19171e+71  2.80193e+72  1.80125e+71  -6.54642e+70  -5.72097e+71  -2.27689e+72  1.40599e+73  5.34037e+73  1.77807e+74  3.09505e+74  1.77807e+74  5.34037e+73  1.40599e+73  -2.27689e+72  -5.72097e+71  -6.54642e+70  1.80125e+71  2.80193e+72  -2.19171e+71  -2.25029e+73  -1.33625e+73  7.07122e+73  8.78033e+73  2.94474e+73  9.99539e+72  
3.92451e+73  3.47385e+73  2.12188e+73  -1.70049e+73  -2.01964e+73  1.06218e+72  4.46707e+72  2.18551e+71  -4.73573e+71  -9.81496e+69  2.44166e+71  -7.28748e+71  -3.85141e+72  7.96927e+72  1.01286e+74  1.77728e+74  1.01286e+74  7.96927e+72  -3.85141e+72  -7.28748e+71  2.44166e+71  -9.81496e+69  -4.73573e+71  2.18551e+71  4.46707e+72  1.06218e+72  -2.01964e+73  -1.70049e+73  2.12188e+73  3.47385e+73  3.92451e+73  
-1.40443e+72  -3.56305e+72  -1.00389e+73  -9.32059e+72  1.99043e+72  4.09324e+72  8.98445e+70  -7.09771e+71  -5.88372e+70  4.92761e+70  2.87521e+70  2.41497e+71  -3.72654e+71  -3.7024e+72  -9.3995e+72  -1.39997e+73  -9.3995e+72  -3.7024e+72  -3.72654e+71  2.41497e+71  2.87521e+70  4.92761e+70  -5.88372e+70  -7.09771e+71  8.98445e+70  4.09324e+72  1.99043e+72  -9.32059e+72  -1.00389e+73  -3.56305e+72  -1.40443e+72  
-2.47915e+72  -2.24834e+72  -1.55591e+72  1.4271e+72  2.04897e+72  -8.51052e+70  -6.19364e+71  -4.7836e+70  8.91625e+70  1.01015e+70  -1.54205e+70  5.11902e+69  1.39521e+71  5.54e+70  -1.85204e+72  -3.60948e+72  -1.85204e+72  5.54e+70  1.39521e+71  5.11902e+69  -1.54205e+70  1.01015e+70  8.91625e+70  -4.7836e+70  -6.19364e+71  -8.51052e+70  2.04897e+72  1.4271e+72  -1.55591e+72  -2.24834e+72  -2.47915e+72  
6.22248e+70  1.55696e+71  4.3611e+71  4.86062e+71  -1.01533e+71  -2.91793e+71  -1.67125e+70  7.01624e+70  9.03063e+69  -8.56283e+69  -1.19914e+69  -1.78863e+69  -1.14889e+69  3.20125e+70  8.21526e+70  1.12628e+71  8.21526e+70  3.20125e+70  -1.14889e+69  -1.78863e+69  -1.19914e+69  -8.56283e+69  9.03063e+69  7.01624e+70  -1.67125e+70  -2.91793e+71  -1.01533e+71  4.86062e+71  4.3611e+71  1.55696e+71  6.22247e+70  
4.44657e+70  4.20838e+70  3.4938e+70  -3.35555e+70  -6.46771e+70  -3.1777e+68  2.83767e+70  4.12863e+69  -6.1486e+69  -1.20325e+69  6.82882e+68  1.32864e+68  2.5502e+67  -2.42854e+67  3.56628e+68  1.0644e+69  3.56628e+68  -2.42854e+67  2.5502e+67  1.32864e+68  6.82882e+68  -1.20325e+69  -6.1486e+69  4.12863e+69  2.83767e+70  -3.17771e+68  -6.46771e+70  -3.35555e+70  3.4938e+70  4.20838e+70  4.44657e+70  
0  0  0  0  0  0  0  0  0  0  0  0  0  0  0  0  0  0  0  0  0  0  0  0  0  0  0  0  0  0  0  
