1  1  1  1  1  1  1  1  1  1  1  1  1  1  1  1  1  1  1  1  1  1  1  1  1  1  1  1  1  1  1  
4.66537e+76  5.66507e+76  8.66418e+76  -2.74583e+78  -4.52371e+78  4.42608e+79  7.50523e+79  -3.23046e+80  -5.90921e+80  1.18706e+81  2.45771e+81  -1.74924e+81  -4.77806e+81  -9.74095e+80  1.26176e+81  1.23107e+81  1.26176e+81  -9.74095e+80  -4.77806e+81  -1.74924e+81  2.45771e+81  1.18706e+81  -5.90921e+80  -3.23046e+80  7.50523e+79  4.42608e+79  -4.52371e+78  -2.74583e+78  8.66418e+76  5.66507e+76  4.66537e+76  
3.64075e+76  -7.00164e+76  -3.89288e+77  -2.29232e+78  3.2409e+79  7.67541e+79  -4.62799e+80  -1.06387e+81  3.12388e+81  7.53072e+81  -9.66793e+81  -2.69762e+82  5.19828e+81  3.42393e+82  2.24713e+82  1.77317e+82  2.24713e+82  3.42393e+82  5.19828e+81  -2.69762e+82  -9.66793e+81  7.53072e+81  3.12388e+81  -1.06387e+81  -4.62799e+80  7.67541e+79  3.2409e+79  -2.29232e+78  -3.89288e+77  -7.00164e+76  3.64075e+76  
-3.95565e+79  -3.09259e+79  -5.03403e+78  1.48334e+79  4.28652e+79  -3.57686e+80  -1.00749e+81  4.16921e+81  1.15751e+82  -2.32254e+82  -6.915e+82  4.72081e+82  1.88107e+83  5.53711e+82  -7.21858e+82  -7.9689e+82  -7.21858e+82  5.53711e+82  1.88107e+83  4.72081e+82  -6.915e+82  -2.32254e+82  1.15751e+82  4.16921e+81  -1.00749e+81  -3.57686e+80  4.28652e+79  1.48334e+79  -5.03403e+78  -3.09259e+79  -3.95565e+79  
8.17849e+79  5.32478e+79  -3.23633e+79  -1.64876e+78  -1.47311e+80  -5.25651e+80  3.04643e+81  9.86009e+81  -2.90783e+82  -9.4828e+82  1.2319e+83  4.59249e+83  -6.71407e+82  -7.84046e+83  -6.02404e+83  -4.66427e+83  -6.02404e+83  -7.84046e+83  -6.71407e+82  4.59249e+83  1.2319e+83  -9.4828e+82  -2.90783e+82  9.86009e+81  3.04643e+81  -5.25651e+80  -1.47311e+80  -1.64876e+78  -3.23633e+79  5.32478e+79  8.17849e+79  
1.86313e+81  1.46314e+81  2.6316e+80  -4.70403e+79  -1.6947e+80  1.2417e+81  4.80677e+81  -2.0363e+82  -7.45744e+82  1.56669e+83  6.01305e+83  -4.19707e+83  -2.19756e+84  -8.14096e+83  1.1883e+84  1.44935e+84  1.1883e+84  -8.14096e+83  -2.19756e+84  -4.19707e+83  6.01305e+83  1.56669e+83  -7.45744e+82  -2.0363e+82  4.80677e+81  1.2417e+81  -1.6947e+80  -4.70403e+79  2.6316e+80  1.46314e+81  1.86313e+81  
-3.03421e+81  -2.26755e+81  3.24122e+79  2.4166e+80  2.72752e+80  1.30577e+81  -8.06049e+81  -3.42315e+82  1.09394e+83  4.53626e+83  -6.41819e+83  -3.00112e+84  3.9857e+83  6.95085e+84  6.12251e+84  4.71503e+84  6.12251e+84  6.95085e+84  3.9857e+83  -3.00112e+84  -6.41819e+83  4.53626e+83  1.09394e+83  -3.42315e+82  -8.06049e+81  1.30577e+81  2.72752e+80  2.4166e+80  3.24122e+79  -2.26755e+81  -3.03421e+81  
-2.64574e+82  -2.08114e+82  -3.87313e+81  -2.1337e+80  3.13257e+80  -1.72767e+81  -8.95179e+81  4.29356e+82  2.00522e+83  -4.80278e+83  -2.28442e+84  1.80635e+84  1.15907e+85  5.04222e+84  -8.9409e+84  -1.18286e+85  -8.9409e+84  5.04222e+84  1.15907e+85  1.80635e+84  -2.28442e+84  -4.80278e+83  2.00522e+83  4.29356e+82  -8.95179e+81  -1.72767e+81  3.13257e+80  -2.1337e+80  -3.87313e+81  -2.08114e+82  -2.64574e+82  
3.87569e+82  3.10925e+82  8.09936e+81  -1.09695e+81  -2.69533e+80  -1.20342e+81  9.12988e+81  5.0589e+82  -1.94128e+83  -1.0036e+84  1.70106e+84  9.60403e+84  -1.6078e+84  -3.13554e+85  -3.12751e+85  -2.42727e+85  -3.12751e+85  -3.13554e+85  -1.6078e+84  9.60403e+84  1.70106e+84  -1.0036e+84  -1.94128e+83  5.0589e+82  9.12988e+81  -1.20342e+81  -2.69533e+80  -1.09695e+81  8.09936e+81  3.10925e+82  3.87569e+82  
1.73835e+83  1.36019e+83  2.25728e+82  1.16112e+81  -1.93662e+80  9.27779e+80  6.73267e+81  -4.17624e+82  -2.49506e+83  7.56889e+83  4.38537e+84  -4.42832e+84  -3.28171e+85  -1.58706e+85  3.71425e+85  5.24332e+85  3.71425e+85  -1.58706e+85  -3.28171e+85  -4.42832e+84  4.38537e+84  7.56889e+83  -2.49506e+83  -4.17624e+82  6.73267e+81  9.27779e+80  -1.93662e+80  1.16112e+81  2.25728e+82  1.36019e+83  1.73835e+83  
-2.39497e+83  -2.00668e+83  -8.41806e+82  -2.80717e+81  8.63971e+79  3.87966e+80  -4.3144e+81  -3.25011e+82  1.70728e+83  1.10619e+84  -2.51242e+84  -1.67482e+85  4.7435e+84  8.17335e+85  9.16162e+85  7.25569e+85  9.16162e+85  8.17335e+85  4.7435e+84  -1.67482e+85  -2.51242e+84  1.10619e+84  1.70728e+83  -3.25011e+82  -4.3144e+81  3.87966e+80  8.63971e+79  -2.80717e+81  -8.41806e+82  -2.00668e+83  -2.39497e+83  
-6.31831e+83  -4.88048e+83  -5.6698e+82  1.32014e+82  3.40509e+80  -1.59974e+80  -1.86119e+81  1.80667e+82  1.44011e+83  -6.31546e+83  -4.47673e+84  6.57196e+84  5.40705e+85  2.7263e+85  -9.37105e+85  -1.39155e+86  -9.37105e+85  2.7263e+85  5.40705e+85  6.57196e+84  -4.47673e+84  -6.31546e+83  1.44011e+83  1.80667e+82  -1.86119e+81  -1.59974e+80  3.40509e+80  1.32014e+82  -5.6698e+82  -4.88048e+83  -6.31831e+83  
8.33622e+83  7.19875e+83  3.78634e+83  3.06362e+82  -2.37101e+81  -9.24355e+79  6.95875e+80  8.14362e+81  -7.07507e+82  -5.99397e+83  2.09336e+84  1.64921e+85  -9.23292e+84  -1.31217e+86  -1.6483e+86  -1.34881e+86  -1.6483e+86  -1.31217e+86  -9.23292e+84  1.64921e+85  2.09336e+84  -5.99397e+83  -7.07507e+82  8.14362e+81  6.95875e+80  -9.24355e+79  -2.37101e+81  3.06362e+82  3.78634e+83  7.19875e+83  8.33622e+83  
1.39158e+84  1.05183e+84  3.25918e+82  -1.12379e+83  -8.22975e+81  4.93032e+80  1.41684e+80  -2.81065e+81  -3.41503e+82  2.62295e+83  2.37422e+84  -5.86959e+84  -5.33159e+85  -2.49155e+85  1.50906e+86  2.32888e+86  1.50906e+86  -2.49155e+85  -5.33159e+85  -5.86959e+84  2.37422e+84  2.62295e+83  -3.41503e+82  -2.81065e+81  1.41684e+80  4.93032e+80  -8.22975e+81  -1.12379e+83  3.25918e+82  1.05183e+84  1.39158e+84  
-1.76928e+84  -1.56355e+84  -9.46363e+83  -8.55832e+82  2.80664e+82  2.0921e+81  -1.27453e+80  -5.30996e+80  1.10615e+82  1.40208e+83  -9.18566e+83  -8.93689e+84  1.09171e+85  1.3322e+86  1.88264e+86  1.61335e+86  1.88264e+86  1.3322e+86  1.09171e+85  -8.93689e+84  -9.18566e+83  1.40208e+83  1.10615e+82  -5.30996e+80  -1.27453e+80  2.0921e+81  2.80664e+82  -8.55832e+82  -9.46363e+83  -1.56355e+84  -1.76928e+84  
-1.94853e+84  -1.42579e+84  1.42442e+83  3.56263e+83  3.4806e+82  -6.89079e+81  -5.34635e+80  9.18637e+79  2.175e+81  -4.31699e+82  -5.73196e+83  2.9361e+84  3.08813e+85  8.87824e+84  -1.58484e+86  -2.51696e+86  -1.58484e+86  8.87824e+84  3.08813e+85  2.9361e+84  -5.73196e+83  -4.31699e+82  2.175e+81  9.18637e+79  -5.34635e+80  -6.89079e+81  3.4806e+82  3.56263e+83  1.42442e+83  -1.42579e+84  -1.94853e+84  
2.38386e+84  2.14774e+84  1.43937e+84  1.1495e+83  -1.05204e+83  -1.09955e+82  1.69746e+81  1.36697e+80  -2.72149e+80  -9.13813e+81  1.69264e+83  2.35629e+84  -7.3717e+84  -8.52823e+85  -1.3758e+86  -1.25433e+86  -1.3758e+86  -8.52823e+85  -7.3717e+84  2.35629e+84  1.69264e+83  -9.13813e+81  -2.72149e+80  1.36697e+80  1.69746e+81  -1.09955e+82  -1.05204e+83  1.1495e+83  1.43937e+84  2.14774e+84  2.38386e+84  
1.77183e+84  1.23803e+84  -3.63401e+83  -6.05547e+83  -6.60972e+82  2.833e+82  3.15876e+81  -4.16072e+80  -3.22894e+79  1.12354e+81  4.0289e+82  -6.68111e+83  -9.57219e+84  3.57064e+84  1.08529e+86  1.76009e+86  1.08529e+86  3.57064e+84  -9.57219e+84  -6.68111e+83  4.0289e+82  1.12354e+81  -3.22894e+79  -4.16072e+80  3.15876e+81  2.833e+82  -6.60972e+82  -6.05547e+83  -3.63401e+83  1.23803e+84  1.77183e+84  
-2.06763e+84  -1.89608e+84  -1.38146e+84  -7.86773e+82  1.9228e+83  2.4131e+82  -7.22898e+81  -8.55813e+80  9.95525e+79  3.94779e+78  -4.92903e+81  -1.95971e+83  2.50399e+84  3.32123e+85  6.33461e+85  6.26969e+85  6.33461e+85  3.32123e+85  2.50399e+84  -1.95971e+83  -4.92903e+81  3.94779e+78  9.95525e+79  -8.55813e+80  -7.22898e+81  2.4131e+82  1.9228e+83  -7.86773e+82  -1.38146e+84  -1.89608e+84  -2.06763e+84  
-1.04673e+84  -6.86008e+83  3.9617e+83  6.05924e+83  6.92031e+82  -5.31356e+82  -7.37775e+81  1.75367e+81  2.17429e+80  -6.82197e+79  3.59026e+80  2.62038e+82  1.09916e+84  -4.73863e+84  -4.74213e+85  -7.80938e+85  -4.74213e+85  -4.73863e+84  1.09916e+84  2.62038e+82  3.59026e+80  -6.82197e+79  2.17429e+80  1.75367e+81  -7.37775e+81  -5.31356e+82  6.92031e+82  6.05924e+83  3.9617e+83  -6.86008e+83  -1.04673e+84  
1.14445e+84  1.06835e+84  8.40053e+83  2.30929e+82  -1.93893e+83  -2.7776e+82  1.33205e+82  2.01387e+81  -3.86407e+80  -1.18018e+80  -5.94338e+80  4.37946e+81  -2.20359e+83  -7.18081e+84  -1.7605e+85  -1.9461e+85  -1.7605e+85  -7.18081e+84  -2.20359e+83  4.37946e+81  -5.94338e+80  -1.18018e+80  -3.86407e+80  2.01387e+81  1.33205e+82  -2.7776e+82  -1.93893e+83  2.30929e+82  8.40053e+83  1.06835e+84  1.14445e+84  
3.93658e+83  2.36364e+83  -2.35519e+83  -3.63954e+83  -4.30658e+82  5.1924e+82  8.57883e+81  -3.04812e+81  -4.86335e+80  3.38559e+80  -1.06501e+81  -9.1747e+81  9.88987e+82  1.81528e+84  1.25904e+85  2.09813e+85  1.25904e+85  1.81528e+84  9.88987e+82  -9.1747e+81  -1.06501e+81  3.38559e+80  -4.86335e+80  -3.04812e+81  8.57883e+81  5.1924e+82  -4.30658e+82  -3.63954e+83  -2.35519e+83  2.36364e+83  3.93658e+83  
-3.90829e+83  -3.7205e+83  -3.15714e+83  7.05408e+80  1.10778e+83  1.8046e+82  -1.21045e+82  -2.2387e+81  5.72686e+80  2.01552e+80  2.21297e+81  -7.59695e+81  -8.6786e+82  6.6739e+83  2.71388e+84  3.50249e+84  2.71388e+84  6.6739e+83  -8.6786e+82  -7.59695e+81  2.21297e+81  2.01552e+80  5.72686e+80  -2.2387e+81  -1.21045e+82  1.8046e+82  1.10778e+83  7.05407e+80  -3.15714e+83  -3.7205e+83  -3.90829e+83  
-8.99201e+82  -4.79834e+82  7.78266e+82  1.27747e+83  1.62487e+82  -2.7083e+82  -5.30431e+81  2.46797e+81  5.03636e+80  -4.20218e+80  3.00568e+80  9.43582e+81  -2.01132e+82  -3.05491e+83  -1.85208e+84  -3.12045e+84  -1.85208e+84  -3.05491e+83  -2.01132e+82  9.43582e+81  3.00568e+80  -4.20218e+80  5.03636e+80  2.46797e+81  -5.30431e+81  -2.7083e+82  1.62487e+82  1.27747e+83  7.78266e+82  -4.79834e+82  -8.99201e+82  
7.68306e+82  7.48602e+82  6.89491e+82  -1.66423e+81  -3.46419e+82  -6.58539e+81  5.50322e+81  1.23953e+81  -3.99026e+80  -7.48206e+79  -8.75048e+80  2.52869e+80  2.02277e+82  4.43734e+81  -1.96873e+83  -3.21234e+83  -1.96873e+83  4.43734e+81  2.02277e+82  2.52869e+80  -8.75048e+80  -7.48206e+79  -3.99026e+80  1.23953e+81  5.50322e+81  -6.58539e+81  -3.46419e+82  -1.66423e+81  6.89491e+82  7.48602e+82  7.68306e+82  
1.13938e+82  5.20757e+81  -1.33511e+82  -2.42034e+82  -3.57759e+81  7.17243e+81  1.7015e+81  -9.26736e+80  -2.41126e+80  1.21726e+80  9.19128e+79  -1.36647e+81  -1.09761e+81  2.03025e+82  1.26076e+83  2.15388e+83  1.26076e+83  2.03025e+82  -1.09761e+81  -1.36647e+81  9.19128e+79  1.21726e+80  -2.41126e+80  -9.26736e+80  1.7015e+81  7.17243e+81  -3.57759e+81  -2.42034e+82  -1.33511e+82  5.20757e+81  1.13938e+82  
-7.60986e+81  -7.63865e+81  -7.72504e+81  2.09575e+80  5.33518e+81  1.24206e+81  -1.16366e+81  -3.27509e+80  1.23035e+80  2.76152e+79  5.88332e+79  1.31302e+80  -1.05752e+81  -2.89254e+81  4.63579e+81  1.14629e+82  4.63579e+81  -2.89254e+81  -1.05752e+81  1.31302e+80  5.88332e+79  2.76152e+79  1.23035e+80  -3.27509e+80  -1.16366e+81  1.24206e+81  5.33518e+81  2.09575e+80  -7.72504e+81  -7.63865e+81  -7.60986e+81  
-6.67905e+80  -2.51841e+80  9.96353e+80  2.08538e+81  3.98132e+80  -8.35102e+80  -2.51509e+80  1.46129e+80  4.87915e+79  -1.45997e+79  -1.14164e+79  3.44935e+79  1.10965e+80  -3.3511e+80  -2.5832e+81  -4.52585e+81  -2.5832e+81  -3.3511e+80  1.10965e+80  3.44935e+79  -1.14164e+79  -1.45997e+79  4.87915e+79  1.46129e+80  -2.51509e+80  -8.35102e+80  3.98132e+80  2.08538e+81  9.96353e+80  -2.51841e+80  -6.67905e+80  
2.85311e+80  2.98726e+80  3.38971e+80  2.11396e+78  -3.17787e+80  -9.79802e+79  9.41729e+79  3.55086e+79  -1.38556e+79  -5.48278e+78  7.51371e+77  -1.81559e+78  5.9944e+78  3.60851e+79  -8.55355e+78  -7.03424e+79  -8.55355e+78  3.60851e+79  5.9944e+78  -1.81559e+78  7.51371e+77  -5.48278e+78  -1.38556e+79  3.55086e+79  9.41729e+79  -9.79802e+79  -3.17787e+80  2.11396e+78  3.38971e+80  2.98726e+80  2.85311e+80  
1.1572e+79  3.55269e+78  -2.05052e+79  -5.38589e+79  -1.53605e+79  3.03259e+79  1.30845e+79  -7.66617e+78  -3.83263e+78  1.01279e+78  5.27131e+77  -3.79328e+76  2.90045e+76  -7.63857e+75  5.73613e+77  1.40111e+78  5.73613e+77  -7.63857e+75  2.90045e+76  -3.79328e+76  5.27131e+77  1.01279e+78  -3.83263e+78  -7.66617e+78  1.30845e+79  3.03259e+79  -1.53605e+79  -5.38589e+79  -2.05052e+79  3.55269e+78  1.1572e+79  
0  0  0  0  0  0  0  0  0  0  0  0  0  0  0  0  0  0  0  0  0  0  0  0  0  0  0  0  0  0  0  
