1  1  1  1  1  1  1  1  1  1  1  1  1  1  1  1  1  1  1  1  1  1  1  1  1  1  1  1  1  1  1  
0.9675  0.967482  0.967428  0.967339  0.96722  0.967076  0.966914  0.96674  0.966563  0.966389  0.966227  0.966083  0.965964  0.965875  0.96582  0.965802  0.96582  0.965875  0.965964  0.966083  0.966227  0.966389  0.966563  0.96674  0.966914  0.967076  0.96722  0.967339  0.967428  0.967482  0.9675  
0.934992  0.934956  0.934847  0.934671  0.934435  0.934149  0.933826  0.933481  0.933127  0.932781  0.932458  0.932172  0.931936  0.931759  0.93165  0.931613  0.93165  0.931759  0.931936  0.932172  0.932458  0.932781  0.933127  0.933481  0.933826  0.934149  0.934435  0.934671  0.934847  0.934956  0.934992  
0.902467  0.902413  0.902251  0.901989  0.901638  0.901213  0.900734  0.90022  0.899695  0.899181  0.898701  0.898276  0.897924  0.897662  0.897499  0.897444  0.897499  0.897662  0.897924  0.898276  0.898701  0.899181  0.899695  0.90022  0.900734  0.901213  0.901638  0.901989  0.902251  0.902413  0.902467  
0.869915  0.869844  0.869632  0.869287  0.868825  0.868266  0.867635  0.866958  0.866267  0.865591  0.864959  0.8644  0.863937  0.863591  0.863377  0.863305  0.863377  0.863591  0.863937  0.8644  0.864959  0.865591  0.866267  0.866958  0.867635  0.868266  0.868825  0.869287  0.869632  0.869844  0.869915  
0.83733  0.837243  0.836982  0.836558  0.83599  0.835303  0.834527  0.833695  0.832845  0.832014  0.831238  0.83055  0.829981  0.829556  0.829293  0.829205  0.829293  0.829556  0.829981  0.83055  0.831238  0.832014  0.832845  0.833695  0.834527  0.835303  0.83599  0.836558  0.836982  0.837243  0.83733  
0.804703  0.804601  0.804294  0.803795  0.803128  0.80232  0.801407  0.80043  0.799431  0.798454  0.797541  0.796733  0.796064  0.795565  0.795256  0.795151  0.795256  0.795565  0.796064  0.796733  0.797541  0.798454  0.799431  0.80043  0.801407  0.80232  0.803128  0.803795  0.804294  0.804601  0.804703  
0.772027  0.771911  0.771561  0.770994  0.770233  0.769314  0.768275  0.767163  0.766026  0.764913  0.763874  0.762954  0.762193  0.761624  0.761272  0.761153  0.761272  0.761624  0.762193  0.762954  0.763874  0.764913  0.766026  0.767163  0.768275  0.769314  0.770233  0.770994  0.771561  0.771911  0.772027  
0.739294  0.739165  0.738777  0.738147  0.737302  0.736281  0.735128  0.733892  0.732629  0.731394  0.73024  0.729218  0.728373  0.727741  0.72735  0.727218  0.72735  0.727741  0.728373  0.729218  0.73024  0.731394  0.732629  0.733892  0.735128  0.736281  0.737302  0.738147  0.738777  0.739165  0.739294  
0.706499  0.706358  0.705935  0.705249  0.70433  0.703219  0.701963  0.700618  0.699243  0.697898  0.696642  0.695529  0.694609  0.693922  0.693497  0.693353  0.693497  0.693922  0.694609  0.695529  0.696642  0.697898  0.699243  0.700618  0.701963  0.703219  0.70433  0.705249  0.705935  0.706358  0.706499  
0.673634  0.673483  0.673031  0.672297  0.671313  0.670123  0.668779  0.667339  0.665868  0.664428  0.663083  0.661892  0.660907  0.660171  0.659716  0.659562  0.659716  0.660171  0.660907  0.661892  0.663083  0.664428  0.665868  0.667339  0.668779  0.670123  0.671313  0.672297  0.673031  0.673483  0.673634  
0.640695  0.640536  0.640059  0.639284  0.638247  0.636991  0.635574  0.634055  0.632503  0.630984  0.629565  0.628309  0.62727  0.626494  0.626014  0.625852  0.626014  0.626494  0.62727  0.628309  0.629565  0.630984  0.632503  0.634055  0.635574  0.636991  0.638247  0.639284  0.640059  0.640536  0.640695  
0.607678  0.607512  0.607015  0.606209  0.605128  0.603822  0.602346  0.600765  0.599149  0.597568  0.596091  0.594783  0.593701  0.592893  0.592394  0.592225  0.592394  0.592893  0.593701  0.594783  0.596091  0.597568  0.599149  0.600765  0.602346  0.603822  0.605128  0.606209  0.607015  0.607512  0.607678  
0.574577  0.574407  0.573896  0.573066  0.571955  0.570611  0.569093  0.567468  0.565805  0.564179  0.562661  0.561316  0.560203  0.559372  0.558858  0.558684  0.558858  0.559372  0.560203  0.561316  0.562661  0.564179  0.565805  0.567468  0.569093  0.570611  0.571955  0.573066  0.573896  0.574407  0.574577  
0.541391  0.541218  0.540698  0.539855  0.538725  0.537359  0.535815  0.534162  0.532472  0.530819  0.529275  0.527908  0.526776  0.525931  0.525409  0.525232  0.525409  0.525931  0.526776  0.527908  0.529275  0.530819  0.532472  0.534162  0.535815  0.537359  0.538725  0.539855  0.540698  0.541218  0.541391  
0.508117  0.507943  0.50742  0.506573  0.505437  0.504063  0.502511  0.500849  0.499149  0.497487  0.495934  0.494559  0.493422  0.492572  0.492047  0.491869  0.492047  0.492572  0.493422  0.494559  0.495934  0.497487  0.499149  0.500849  0.502511  0.504063  0.505437  0.506573  0.50742  0.507943  0.508117  
0.474754  0.474581  0.474061  0.473218  0.472089  0.470722  0.469179  0.467526  0.465836  0.464182  0.462638  0.461271  0.46014  0.459295  0.458772  0.458596  0.458772  0.459295  0.46014  0.461271  0.462638  0.464182  0.465836  0.467526  0.469179  0.470722  0.472089  0.473218  0.474061  0.474581  0.474754  
0.441303  0.441132  0.440621  0.439792  0.438681  0.437337  0.435819  0.434193  0.432531  0.430905  0.429386  0.428041  0.426929  0.426097  0.425584  0.42541  0.425584  0.426097  0.426929  0.428041  0.429386  0.430905  0.432531  0.434193  0.435819  0.437337  0.438681  0.439792  0.440621  0.441132  0.441303  
0.407762  0.407597  0.4071  0.406293  0.405213  0.403906  0.40243  0.40085  0.399233  0.397652  0.396176  0.394868  0.393786  0.392978  0.392479  0.39231  0.392479  0.392978  0.393786  0.394868  0.396176  0.397652  0.399233  0.40085  0.40243  0.403906  0.405213  0.406293  0.4071  0.407597  0.407762  
0.374136  0.373977  0.373499  0.372725  0.371687  0.370432  0.369014  0.367496  0.365943  0.364424  0.363006  0.36175  0.360711  0.359935  0.359455  0.359292  0.359455  0.359935  0.360711  0.36175  0.363006  0.364424  0.365943  0.367496  0.369014  0.370432  0.371687  0.372725  0.373499  0.373977  0.374136  
0.340426  0.340275  0.339823  0.339088  0.338105  0.336914  0.33557  0.334131  0.332659  0.331219  0.329875  0.328684  0.327699  0.326963  0.326508  0.326354  0.326508  0.326963  0.327699  0.328684  0.329875  0.331219  0.332659  0.334131  0.33557  0.336914  0.338105  0.339088  0.339823  0.340275  0.340426  
0.306636  0.306495  0.306072  0.305386  0.304467  0.303356  0.3021  0.300755  0.29938  0.298035  0.296779  0.295667  0.294747  0.294059  0.293634  0.29349  0.293634  0.294059  0.294747  0.295667  0.296779  0.298035  0.29938  0.300755  0.3021  0.303356  0.304467  0.305386  0.306072  0.306495  0.306636  
0.272771  0.272642  0.272254  0.271623  0.270779  0.269758  0.268604  0.267369  0.266106  0.264871  0.263717  0.262695  0.26185  0.261218  0.260828  0.260696  0.260828  0.261218  0.26185  0.262695  0.263717  0.264871  0.266106  0.267369  0.268604  0.269758  0.270779  0.271623  0.272254  0.272642  0.272771  
0.238837  0.238721  0.238371  0.237804  0.237044  0.236124  0.235085  0.233973  0.232836  0.231723  0.230684  0.229764  0.229003  0.228434  0.228083  0.227964  0.228083  0.228434  0.229003  0.229764  0.230684  0.231723  0.232836  0.233973  0.235085  0.236124  0.237044  0.237804  0.238371  0.238721  0.238837  
0.204841  0.204738  0.204431  0.203933  0.203265  0.202457  0.201545  0.200568  0.199568  0.198591  0.197678  0.19687  0.196202  0.195702  0.195393  0.195289  0.195393  0.195702  0.196202  0.19687  0.197678  0.198591  0.199568  0.200568  0.201545  0.202457  0.203265  0.203933  0.204431  0.204738  0.204841  
0.170789  0.170702  0.17044  0.170016  0.169448  0.168761  0.167985  0.167154  0.166304  0.165472  0.164696  0.164008  0.16344  0.163015  0.162752  0.162663  0.162752  0.163015  0.16344  0.164008  0.164696  0.165472  0.166304  0.167154  0.167985  0.168761  0.169448  0.170016  0.17044  0.170702  0.170789  
0.136689  0.136618  0.136406  0.136061  0.135599  0.13504  0.134408  0.133732  0.133041  0.132365  0.131733  0.131174  0.130711  0.130365  0.130152  0.130079  0.130152  0.130365  0.130711  0.131174  0.131733  0.132365  0.133041  0.133732  0.134408  0.13504  0.135599  0.136061  0.136406  0.136618  0.136689  
0.102551  0.102498  0.102336  0.102074  0.101723  0.101298  0.100818  0.100305  0.0997795  0.0992656  0.0987857  0.0983607  0.0980092  0.0977466  0.0975842  0.0975293  0.0975842  0.0977466  0.0980092  0.0983607  0.0987857  0.0992656  0.0997795  0.100305  0.100818  0.101298  0.101723  0.102074  0.102336  0.102498  0.102551  
0.0683842  0.0683479  0.0682393  0.0680629  0.0678267  0.0675409  0.0672182  0.0668725  0.0665191  0.0661734  0.0658505  0.0655645  0.065328  0.0651513  0.0650421  0.0650051  0.0650421  0.0651513  0.065328  0.0655645  0.0658505  0.0661734  0.0665191  0.0668725  0.0672182  0.0675409  0.0678267  0.0680629  0.0682393  0.0683479  0.0683842  
0.0341971  0.0341789  0.0341242  0.0340356  0.0339168  0.0337731  0.0336108  0.0334371  0.0332594  0.0330856  0.0329232  0.0327795  0.0326606  0.0325717  0.0325168  0.0324982  0.0325168  0.0325717  0.0326606  0.0327795  0.0329232  0.0330856  0.0332594  0.0334371  0.0336108  0.0337731  0.0339168  0.0340356  0.0341242  0.0341789  0.0341971  
0  0  0  0  0  0  0  0  0  0  0  0  0  0  0  0  0  0  0  0  0  0  0  0  0  0  0  0  0  0  0  
