1  1  1  1  1  1  1  1  1  1  1  1  1  1  1  1  1  1  1  1  1  1  1  1  1  1  1  1  1  1  1  
0.96768  0.967657  0.967591  0.967482  0.967337  0.967161  0.966962  0.966749  0.966532  0.966319  0.96612  0.965944  0.965799  0.96569  0.965623  0.9656  0.965623  0.96569  0.965799  0.965944  0.96612  0.966319  0.966532  0.966749  0.966962  0.967161  0.967337  0.967482  0.967591  0.967657  0.96768  
0.935349  0.935305  0.935172  0.934956  0.934667  0.934317  0.933922  0.933499  0.933066  0.932643  0.932248  0.931898  0.931608  0.931392  0.931258  0.931213  0.931258  0.931392  0.931608  0.931898  0.932248  0.932643  0.933066  0.933499  0.933922  0.934317  0.934667  0.934956  0.935172  0.935305  0.935349  
0.902998  0.902932  0.902734  0.902414  0.901984  0.901464  0.900877  0.900248  0.899605  0.898976  0.898389  0.897868  0.897438  0.897116  0.896917  0.89685  0.896917  0.897116  0.897438  0.897868  0.898389  0.898976  0.899605  0.900248  0.900877  0.901464  0.901984  0.902414  0.902734  0.902932  0.902998  
0.870616  0.87053  0.870269  0.869847  0.869282  0.868598  0.867825  0.866997  0.866151  0.865323  0.864549  0.863865  0.863298  0.862875  0.862613  0.862525  0.862613  0.862875  0.863298  0.863865  0.864549  0.865323  0.866151  0.866997  0.867825  0.868598  0.869282  0.869847  0.870269  0.87053  0.870616  
0.838194  0.838088  0.837768  0.837249  0.836554  0.835713  0.834763  0.833745  0.832705  0.831687  0.830737  0.829895  0.829199  0.828678  0.828357  0.828248  0.828357  0.828678  0.829199  0.829895  0.830737  0.831687  0.832705  0.833745  0.834763  0.835713  0.836554  0.837249  0.837768  0.838088  0.838194  
0.805722  0.805597  0.805221  0.804611  0.803794  0.802805  0.801689  0.800493  0.79927  0.798073  0.796956  0.795966  0.795148  0.794536  0.794158  0.79403  0.794158  0.794536  0.795148  0.795966  0.796956  0.798073  0.79927  0.800493  0.801689  0.802805  0.803794  0.804611  0.805221  0.805597  0.805722  
0.773192  0.773049  0.772621  0.771927  0.770996  0.769871  0.7686  0.767238  0.765846  0.764484  0.763212  0.762086  0.761154  0.760458  0.760028  0.759882  0.760028  0.760458  0.761154  0.762086  0.763212  0.764484  0.765846  0.767238  0.7686  0.769871  0.770996  0.771927  0.772621  0.773049  0.773192  
0.740593  0.740435  0.73996  0.739188  0.738155  0.736905  0.735494  0.733982  0.732436  0.730923  0.729511  0.72826  0.727225  0.726452  0.725974  0.725812  0.725974  0.726452  0.727225  0.72826  0.729511  0.730923  0.732436  0.733982  0.735494  0.736905  0.738155  0.739188  0.73996  0.740435  0.740593  
0.707919  0.707747  0.707229  0.70639  0.705265  0.703905  0.702368  0.700722  0.699039  0.697393  0.695855  0.694493  0.693367  0.692525  0.692005  0.691829  0.692005  0.692525  0.693367  0.694493  0.695855  0.697393  0.699039  0.700722  0.702368  0.703905  0.705265  0.70639  0.707229  0.707747  0.707919  
0.675162  0.674978  0.674424  0.673525  0.672321  0.670865  0.66922  0.667458  0.665657  0.663895  0.662249  0.660791  0.659585  0.658684  0.658127  0.657939  0.658127  0.658684  0.659585  0.660791  0.662249  0.663895  0.665657  0.667458  0.66922  0.670865  0.672321  0.673525  0.674424  0.674978  0.675162  
0.642316  0.642121  0.641537  0.640589  0.639319  0.637783  0.636048  0.634189  0.632289  0.63043  0.628694  0.627157  0.625885  0.624934  0.624347  0.624148  0.624347  0.624934  0.625885  0.627157  0.628694  0.63043  0.632289  0.634189  0.636048  0.637783  0.639319  0.640589  0.641537  0.642121  0.642316  
0.609374  0.609171  0.608563  0.607576  0.606254  0.604655  0.602849  0.600914  0.598936  0.597001  0.595193  0.593593  0.592269  0.591279  0.590668  0.590461  0.590668  0.591279  0.592269  0.593593  0.595193  0.597001  0.598936  0.600914  0.602849  0.604655  0.606254  0.607576  0.608563  0.609171  0.609374  
0.576332  0.576123  0.575498  0.574483  0.573123  0.571479  0.569621  0.567631  0.565597  0.563607  0.561748  0.560102  0.55874  0.557722  0.557094  0.556881  0.557094  0.557722  0.55874  0.560102  0.561748  0.563607  0.565597  0.567631  0.569621  0.571479  0.573123  0.574483  0.575498  0.576123  0.576332  
0.543185  0.542973  0.542338  0.541306  0.539924  0.538251  0.536362  0.534339  0.532271  0.530247  0.528358  0.526684  0.525299  0.524265  0.523626  0.523409  0.523626  0.524265  0.525299  0.526684  0.528358  0.530247  0.532271  0.534339  0.536362  0.538251  0.539924  0.541306  0.542338  0.542973  0.543185  
0.509932  0.509719  0.50908  0.508042  0.506652  0.504971  0.503071  0.501037  0.498958  0.496923  0.495023  0.49334  0.491948  0.490908  0.490265  0.490047  0.490265  0.490908  0.491948  0.49334  0.495023  0.496923  0.498958  0.501037  0.503071  0.504971  0.506652  0.508042  0.50908  0.509719  0.509932  
0.47657  0.476358  0.475722  0.474691  0.473308  0.471636  0.469747  0.467724  0.465656  0.463632  0.461742  0.460069  0.458684  0.45765  0.45701  0.456794  0.45701  0.45765  0.458684  0.460069  0.461742  0.463632  0.465656  0.467724  0.469747  0.471636  0.473308  0.474691  0.475722  0.476358  0.47657  
0.443099  0.44289  0.442265  0.44125  0.439891  0.438246  0.436388  0.434398  0.432364  0.430374  0.428515  0.426869  0.425507  0.42449  0.423861  0.423648  0.423861  0.42449  0.425507  0.426869  0.428515  0.430374  0.432364  0.434398  0.436388  0.438246  0.439891  0.44125  0.442265  0.44289  0.443099  
0.409519  0.409316  0.408708  0.407722  0.4064  0.4048  0.402994  0.401059  0.399081  0.397146  0.395339  0.393738  0.392414  0.391425  0.390813  0.390607  0.390813  0.391425  0.392414  0.393738  0.395339  0.397146  0.399081  0.401059  0.402994  0.4048  0.4064  0.407722  0.408708  0.409316  0.409519  
0.375833  0.375638  0.375054  0.374106  0.372836  0.3713  0.369565  0.367706  0.365806  0.363947  0.362211  0.360674  0.359402  0.358452  0.357864  0.357666  0.357864  0.358452  0.359402  0.360674  0.362211  0.363947  0.365806  0.367706  0.369565  0.3713  0.372836  0.374106  0.375054  0.375638  0.375833  
0.342043  0.341858  0.341305  0.340406  0.339202  0.337746  0.336101  0.334339  0.332537  0.330775  0.329129  0.327672  0.326466  0.325565  0.325008  0.32482  0.325008  0.325565  0.326466  0.327672  0.329129  0.330775  0.332537  0.334339  0.336101  0.337746  0.339202  0.340406  0.341305  0.341858  0.342043  
0.308154  0.307982  0.307464  0.306625  0.3055  0.30414  0.302603  0.300957  0.299274  0.297628  0.29609  0.294728  0.293602  0.29276  0.29224  0.292064  0.29224  0.29276  0.293602  0.294728  0.29609  0.297628  0.299274  0.300957  0.302603  0.30414  0.3055  0.306625  0.307464  0.307982  0.308154  
0.274172  0.274014  0.273539  0.272767  0.271734  0.270484  0.269073  0.267561  0.266015  0.264502  0.26309  0.261839  0.260804  0.260031  0.259553  0.259392  0.259553  0.260031  0.260804  0.261839  0.26309  0.264502  0.266015  0.267561  0.269073  0.270484  0.271734  0.272767  0.273539  0.274014  0.274172  
0.240104  0.239961  0.239533  0.238839  0.237909  0.236783  0.235512  0.23415  0.232758  0.231397  0.230125  0.228998  0.228067  0.227371  0.22694  0.226795  0.22694  0.227371  0.228067  0.228998  0.230125  0.231397  0.232758  0.23415  0.235512  0.236783  0.237909  0.238839  0.239533  0.239961  0.240104  
0.205958  0.205832  0.205456  0.204846  0.204029  0.20304  0.201923  0.200727  0.199504  0.198308  0.197191  0.196201  0.195383  0.194771  0.194393  0.194266  0.194393  0.194771  0.195383  0.196201  0.197191  0.198308  0.199504  0.200727  0.201923  0.20304  0.204029  0.204846  0.205456  0.205832  0.205958  
0.171742  0.171635  0.171315  0.170796  0.170101  0.16926  0.16831  0.167292  0.166252  0.165235  0.164284  0.163442  0.162746  0.162226  0.161904  0.161795  0.161904  0.162226  0.162746  0.163442  0.164284  0.165235  0.166252  0.167292  0.16831  0.16926  0.170101  0.170796  0.171315  0.171635  0.171742  
0.137467  0.13738  0.13712  0.136698  0.136132  0.135448  0.134675  0.133847  0.133001  0.132173  0.1314  0.130715  0.130149  0.129725  0.129464  0.129375  0.129464  0.129725  0.130149  0.130715  0.1314  0.132173  0.133001  0.133847  0.134675  0.135448  0.136132  0.136698  0.13712  0.13738  0.137467  
0.103143  0.103077  0.10288  0.102559  0.102129  0.101609  0.101022  0.100393  0.0997503  0.0991213  0.0985338  0.0980135  0.0975832  0.0972617  0.0970629  0.0969957  0.0970629  0.0972617  0.0975832  0.0980135  0.0985338  0.0991213  0.0997503  0.100393  0.101022  0.101609  0.102129  0.102559  0.10288  0.103077  0.103143  
0.068783  0.0687387  0.0686057  0.0683898  0.0681007  0.0677509  0.0673558  0.0669327  0.0665  0.0660768  0.0656816  0.0653315  0.065042  0.0648256  0.0646919  0.0646467  0.0646919  0.0648256  0.065042  0.0653315  0.0656816  0.0660768  0.0665  0.0669327  0.0673558  0.0677509  0.0681007  0.0683898  0.0686057  0.0687387  0.068783  
0.0343978  0.0343755  0.0343086  0.0342001  0.0340547  0.0338789  0.0336802  0.0334675  0.03325  0.0330372  0.0328385  0.0326625  0.0325169  0.0324081  0.0323409  0.0323182  0.0323409  0.0324081  0.0325169  0.0326625  0.0328385  0.0330372  0.03325  0.0334675  0.0336802  0.0338789  0.0340547  0.0342001  0.0343086  0.0343755  0.0343978  
0  0  0  0  0  0  0  0  0  0  0  0  0  0  0  0  0  0  0  0  0  0  0  0  0  0  0  0  0  0  0  
