1  1  1  1  1  1  1  1  1  1  1  1  1  1  1  1  1  1  1  1  1  1  1  1  1  1  1  1  1  1  1  
0.967928  0.9679  0.967815  0.967676  0.96749  0.967266  0.967012  0.96674  0.966463  0.966191  0.965937  0.965712  0.965526  0.965387  0.965301  0.965272  0.965301  0.965387  0.965526  0.965712  0.965937  0.966191  0.966463  0.96674  0.967012  0.967266  0.96749  0.967676  0.967815  0.9679  0.967928  
0.935845  0.935788  0.935618  0.935343  0.934974  0.934527  0.934023  0.933482  0.93293  0.932389  0.931884  0.931437  0.931067  0.930791  0.93062  0.930562  0.93062  0.930791  0.931067  0.931437  0.931884  0.932389  0.93293  0.933482  0.934023  0.934527  0.934974  0.935343  0.935618  0.935788  0.935845  
0.903738  0.903654  0.903401  0.902992  0.902443  0.901779  0.901029  0.900226  0.899405  0.898602  0.897851  0.897187  0.896637  0.896227  0.895973  0.895887  0.895973  0.896227  0.896637  0.897187  0.897851  0.898602  0.899405  0.900226  0.901029  0.901779  0.902443  0.902992  0.903401  0.903654  0.903738  
0.871595  0.871484  0.871152  0.870613  0.869891  0.869018  0.868031  0.866974  0.865893  0.864836  0.863848  0.862974  0.86225  0.86171  0.861376  0.861263  0.861376  0.86171  0.86225  0.862974  0.863848  0.864836  0.865893  0.866974  0.868031  0.869018  0.869891  0.870613  0.871152  0.871484  0.871595  
0.839405  0.839269  0.838861  0.838199  0.837311  0.836237  0.835024  0.833725  0.832397  0.831097  0.829884  0.828809  0.827919  0.827255  0.826844  0.826705  0.826844  0.827255  0.827919  0.828809  0.829884  0.831097  0.832397  0.833725  0.835024  0.836237  0.837311  0.838199  0.838861  0.839269  0.839405  
0.807158  0.806998  0.806518  0.805739  0.804696  0.803434  0.802008  0.800481  0.79892  0.797392  0.795965  0.794702  0.793657  0.792876  0.792393  0.79223  0.792393  0.792876  0.793657  0.794702  0.795965  0.797392  0.79892  0.800481  0.802008  0.803434  0.804696  0.805739  0.806518  0.806998  0.807158  
0.77484  0.774658  0.774112  0.773226  0.772038  0.770602  0.768979  0.767241  0.765464  0.763725  0.762101  0.760663  0.759473  0.758585  0.758035  0.757849  0.758035  0.758585  0.759473  0.760663  0.762101  0.763725  0.765464  0.767241  0.768979  0.770602  0.772038  0.773226  0.774112  0.774658  0.77484  
0.742443  0.742241  0.741634  0.74065  0.739332  0.737736  0.735934  0.734004  0.732031  0.7301  0.728297  0.7267  0.725379  0.724392  0.723782  0.723576  0.723782  0.724392  0.725379  0.7267  0.728297  0.7301  0.732031  0.734004  0.735934  0.737736  0.739332  0.74065  0.741634  0.742241  0.742443  
0.709956  0.709736  0.709075  0.708004  0.706569  0.704833  0.702871  0.70077  0.698622  0.696521  0.694558  0.69282  0.691382  0.690308  0.689644  0.689419  0.689644  0.690308  0.691382  0.69282  0.694558  0.696521  0.698622  0.70077  0.702871  0.704833  0.706569  0.708004  0.709075  0.709736  0.709956  
0.677369  0.677133  0.676426  0.67528  0.673744  0.671885  0.669786  0.667537  0.665238  0.662989  0.660888  0.659028  0.657489  0.656339  0.655628  0.655388  0.655628  0.656339  0.657489  0.659028  0.660888  0.662989  0.665238  0.667537  0.669786  0.671885  0.673744  0.67528  0.676426  0.677133  0.677369  
0.644673  0.644424  0.643679  0.64247  0.640849  0.638889  0.636675  0.634303  0.631878  0.629506  0.62729  0.625328  0.623705  0.622492  0.621742  0.621489  0.621742  0.622492  0.623705  0.625328  0.62729  0.629506  0.631878  0.634303  0.636675  0.638889  0.640849  0.64247  0.643679  0.644424  0.644673  
0.61186  0.611602  0.610826  0.609567  0.60788  0.60584  0.603535  0.601066  0.598542  0.596073  0.593766  0.591723  0.590034  0.588771  0.587991  0.587727  0.587991  0.588771  0.590034  0.591723  0.593766  0.596073  0.598542  0.601066  0.603535  0.60584  0.60788  0.609567  0.610826  0.611602  0.61186  
0.578924  0.578658  0.57786  0.576566  0.574831  0.572732  0.570362  0.567823  0.565227  0.562688  0.560316  0.558215  0.556478  0.555179  0.554377  0.554105  0.554377  0.555179  0.556478  0.558215  0.560316  0.562688  0.565227  0.567823  0.570362  0.572732  0.574831  0.576566  0.57786  0.578658  0.578924  
0.545858  0.545587  0.544776  0.54346  0.541696  0.539563  0.537153  0.534572  0.531932  0.529351  0.526939  0.524803  0.523037  0.521717  0.520901  0.520625  0.520901  0.521717  0.523037  0.524803  0.526939  0.529351  0.531932  0.534572  0.537153  0.539563  0.541696  0.54346  0.544776  0.545587  0.545858  
0.512657  0.512385  0.511569  0.510246  0.508472  0.506327  0.503904  0.501309  0.498655  0.496059  0.493634  0.491487  0.48971  0.488383  0.487563  0.487285  0.487563  0.488383  0.48971  0.491487  0.493634  0.496059  0.498655  0.501309  0.503904  0.506327  0.508472  0.510246  0.511569  0.512385  0.512657  
0.479317  0.479047  0.478236  0.476919  0.475156  0.473022  0.470612  0.468031  0.465392  0.46281  0.460399  0.458263  0.456496  0.455176  0.454361  0.454085  0.454361  0.455176  0.456496  0.458263  0.460399  0.46281  0.465392  0.468031  0.470612  0.473022  0.475156  0.476919  0.478236  0.479047  0.479317  
0.445838  0.445572  0.444774  0.443479  0.441745  0.439646  0.437276  0.434737  0.432141  0.429602  0.42723  0.425129  0.423392  0.422093  0.421291  0.421019  0.421291  0.422093  0.423392  0.425129  0.42723  0.429602  0.432141  0.434737  0.437276  0.439646  0.441745  0.443479  0.444774  0.445572  0.445838  
0.412217  0.411959  0.411183  0.409924  0.408237  0.406197  0.403892  0.401423  0.398899  0.39643  0.394123  0.392081  0.390391  0.389129  0.388349  0.388085  0.388349  0.389129  0.390391  0.392081  0.394123  0.39643  0.398899  0.401423  0.403892  0.406197  0.408237  0.409924  0.411183  0.411959  0.412217  
0.378457  0.378209  0.377464  0.376254  0.374634  0.372674  0.37046  0.368088  0.365663  0.363291  0.361076  0.359113  0.35749  0.356278  0.355528  0.355274  0.355528  0.356278  0.35749  0.359113  0.361076  0.363291  0.365663  0.368088  0.37046  0.372674  0.374634  0.376254  0.377464  0.378209  0.378457  
0.344561  0.344326  0.343619  0.342472  0.340936  0.339078  0.336978  0.33473  0.332431  0.330182  0.328082  0.326221  0.324682  0.323533  0.322822  0.322582  0.322822  0.323533  0.324682  0.326221  0.328082  0.330182  0.332431  0.33473  0.336978  0.339078  0.340936  0.342472  0.343619  0.344326  0.344561  
0.310533  0.310313  0.309653  0.308582  0.307147  0.30541  0.303449  0.301348  0.2992  0.297099  0.295136  0.293398  0.291961  0.290886  0.290222  0.289998  0.290222  0.290886  0.291961  0.293398  0.295136  0.297099  0.2992  0.301348  0.303449  0.30541  0.307147  0.308582  0.309653  0.310313  0.310533  
0.27638  0.276178  0.275572  0.274588  0.273269  0.271674  0.269872  0.267942  0.265969  0.264038  0.262235  0.260638  0.259318  0.258331  0.257721  0.257514  0.257721  0.258331  0.259318  0.260638  0.262235  0.264038  0.265969  0.267942  0.269872  0.271674  0.273269  0.274588  0.275572  0.276178  0.27638  
0.242111  0.241929  0.241383  0.240496  0.239309  0.237872  0.23625  0.234512  0.232735  0.230996  0.229373  0.227935  0.226745  0.225857  0.225307  0.225121  0.225307  0.225857  0.226745  0.227935  0.229373  0.230996  0.232735  0.234512  0.23625  0.237872  0.239309  0.240496  0.241383  0.241929  0.242111  
0.207735  0.207575  0.207095  0.206317  0.205274  0.204011  0.202586  0.201059  0.199498  0.19797  0.196544  0.19528  0.194236  0.193455  0.192972  0.192809  0.192972  0.193455  0.194236  0.19528  0.196544  0.19797  0.199498  0.201059  0.202586  0.204011  0.205274  0.206317  0.207095  0.207575  0.207735  
0.173265  0.173129  0.172721  0.172058  0.171171  0.170097  0.168884  0.167585  0.166257  0.164957  0.163744  0.162669  0.16178  0.161115  0.160705  0.160566  0.160705  0.161115  0.16178  0.162669  0.163744  0.164957  0.166257  0.167585  0.168884  0.170097  0.171171  0.172058  0.172721  0.173129  0.173265  
0.138713  0.138602  0.13827  0.137731  0.137009  0.136136  0.135149  0.134092  0.133011  0.131954  0.130967  0.130092  0.129369  0.128829  0.128495  0.128382  0.128495  0.128829  0.129369  0.130092  0.130967  0.131954  0.133011  0.134092  0.135149  0.136136  0.137009  0.137731  0.13827  0.138602  0.138713  
0.104095  0.104011  0.103758  0.103349  0.1028  0.102136  0.101387  0.100583  0.0997624  0.0989592  0.098209  0.0975446  0.096995  0.0965844  0.0963306  0.0962447  0.0963306  0.0965844  0.096995  0.0975446  0.098209  0.0989592  0.0997624  0.100583  0.101387  0.102136  0.1028  0.103349  0.103758  0.104011  0.104095  
0.0694253  0.0693687  0.0691989  0.0689234  0.0685542  0.0681075  0.067603  0.0670627  0.0665102  0.0659698  0.065465  0.0650179  0.0646482  0.0643718  0.0642011  0.0641433  0.0642011  0.0643718  0.0646482  0.0650179  0.065465  0.0659698  0.0665102  0.0670627  0.067603  0.0681075  0.0685542  0.0689234  0.0691989  0.0693687  0.0694253  
0.0347214  0.0346929  0.0346075  0.034469  0.0342834  0.0340588  0.0338051  0.0335335  0.0332557  0.032984  0.0327302  0.0325054  0.0323195  0.0321806  0.0320947  0.0320657  0.0320947  0.0321806  0.0323195  0.0325054  0.0327302  0.032984  0.0332557  0.0335335  0.0338051  0.0340588  0.0342834  0.034469  0.0346075  0.0346929  0.0347214  
0  0  0  0  0  0  0  0  0  0  0  0  0  0  0  0  0  0  0  0  0  0  0  0  0  0  0  0  0  0  0  
