1  1  1  1  1  1  1  1  1  1  1  1  1  1  1  1  1  1  1  1  1  1  1  1  1  1  1  1  1  1  1  
0.96793  0.967902  0.967816  0.967677  0.967491  0.967265  0.967011  0.966738  0.96646  0.966187  0.965933  0.965707  0.96552  0.965381  0.965295  0.965266  0.965295  0.965381  0.96552  0.965707  0.965933  0.966187  0.96646  0.966738  0.967011  0.967265  0.967491  0.967677  0.967816  0.967902  0.96793  
0.935848  0.935792  0.935621  0.935345  0.934975  0.934526  0.93402  0.933478  0.932924  0.932382  0.931875  0.931427  0.931056  0.930779  0.930607  0.930549  0.930607  0.930779  0.931056  0.931427  0.931875  0.932382  0.932924  0.933478  0.93402  0.934526  0.934975  0.935345  0.935621  0.935792  0.935848  
0.903743  0.903659  0.903405  0.902995  0.902444  0.901778  0.901026  0.900221  0.899397  0.898591  0.897838  0.897172  0.89662  0.896208  0.895954  0.895868  0.895954  0.896208  0.89662  0.897172  0.897838  0.898591  0.899397  0.900221  0.901026  0.901778  0.902444  0.902995  0.903405  0.903659  0.903743  
0.871602  0.871491  0.871158  0.870618  0.869893  0.869017  0.868027  0.866967  0.865883  0.864822  0.863831  0.862954  0.862228  0.861686  0.861351  0.861238  0.861351  0.861686  0.862228  0.862954  0.863831  0.864822  0.865883  0.866967  0.868027  0.869017  0.869893  0.870618  0.871158  0.871491  0.871602  
0.839415  0.839278  0.838869  0.838204  0.837314  0.836237  0.83502  0.833717  0.832384  0.831081  0.829863  0.828785  0.827893  0.827227  0.826815  0.826675  0.826815  0.827227  0.827893  0.828785  0.829863  0.831081  0.832384  0.833717  0.83502  0.836237  0.837314  0.838204  0.838869  0.839278  0.839415  
0.807169  0.807009  0.806527  0.805746  0.8047  0.803434  0.802004  0.800472  0.798906  0.797373  0.795942  0.794675  0.793626  0.792843  0.792359  0.792195  0.792359  0.792843  0.793626  0.794675  0.795942  0.797373  0.798906  0.800472  0.802004  0.803434  0.8047  0.805746  0.806527  0.807009  0.807169  
0.774854  0.774672  0.774124  0.773235  0.772044  0.770603  0.768975  0.767231  0.765449  0.763705  0.762076  0.760633  0.75944  0.758548  0.757997  0.757811  0.757997  0.758548  0.75944  0.760633  0.762076  0.763705  0.765449  0.767231  0.768975  0.770603  0.772044  0.773235  0.774124  0.774672  0.774854  
0.74246  0.742257  0.741649  0.740661  0.739339  0.737738  0.735931  0.733995  0.732015  0.730079  0.72827  0.726668  0.725343  0.724353  0.723741  0.723534  0.723741  0.724353  0.725343  0.726668  0.72827  0.730079  0.732015  0.733995  0.735931  0.737738  0.739339  0.740661  0.741649  0.742257  0.74246  
0.709975  0.709754  0.709092  0.708018  0.706578  0.704836  0.702868  0.700761  0.698607  0.696499  0.69453  0.692786  0.691344  0.690266  0.6896  0.689375  0.6896  0.690266  0.691344  0.692786  0.69453  0.696499  0.698607  0.700761  0.702868  0.704836  0.706578  0.708018  0.709092  0.709754  0.709975  
0.677391  0.677154  0.676446  0.675296  0.673755  0.67189  0.669784  0.667529  0.665223  0.662967  0.66086  0.658993  0.65745  0.656296  0.655583  0.655342  0.655583  0.656296  0.65745  0.658993  0.66086  0.662967  0.665223  0.667529  0.669784  0.67189  0.673755  0.675296  0.676446  0.677154  0.677391  
0.644698  0.644449  0.643701  0.642488  0.640863  0.638896  0.636675  0.634296  0.631864  0.629484  0.627262  0.625293  0.623665  0.622449  0.621697  0.621442  0.621697  0.622449  0.623665  0.625293  0.627262  0.629484  0.631864  0.634296  0.636675  0.638896  0.640863  0.642488  0.643701  0.644449  0.644698  
0.611888  0.611629  0.61085  0.609588  0.607896  0.605849  0.603537  0.601061  0.598529  0.596052  0.593738  0.591689  0.589994  0.588728  0.587945  0.58768  0.587945  0.588728  0.589994  0.591689  0.593738  0.596052  0.598529  0.601061  0.603537  0.605849  0.607896  0.609588  0.61085  0.611629  0.611888  
0.578954  0.578688  0.577887  0.576589  0.574849  0.572744  0.570366  0.567819  0.565215  0.562668  0.560289  0.558182  0.556439  0.555136  0.554331  0.554059  0.554331  0.555136  0.556439  0.558182  0.560289  0.562668  0.565215  0.567819  0.570366  0.572744  0.574849  0.576589  0.577887  0.578688  0.578954  
0.54589  0.545619  0.544806  0.543485  0.541716  0.539576  0.537159  0.53457  0.531922  0.529333  0.526914  0.524771  0.522999  0.521675  0.520857  0.52058  0.520857  0.521675  0.522999  0.524771  0.526914  0.529333  0.531922  0.53457  0.537159  0.539576  0.541716  0.543485  0.544806  0.545619  0.54589  
0.512692  0.512419  0.511601  0.510273  0.508494  0.506343  0.503912  0.501309  0.498647  0.496043  0.493611  0.491456  0.489675  0.488343  0.487521  0.487242  0.487521  0.488343  0.489675  0.491456  0.493611  0.496043  0.498647  0.501309  0.503912  0.506343  0.508494  0.510273  0.511601  0.512419  0.512692  
0.479354  0.479083  0.478269  0.476949  0.47518  0.47304  0.470622  0.468033  0.465386  0.462796  0.460377  0.458235  0.456463  0.455139  0.454321  0.454044  0.454321  0.455139  0.456463  0.458235  0.460377  0.462796  0.465386  0.468033  0.470622  0.47304  0.47518  0.476949  0.478269  0.479083  0.479354  
0.445876  0.445609  0.444809  0.44351  0.44177  0.439665  0.437287  0.434741  0.432137  0.42959  0.427211  0.425104  0.423361  0.422058  0.421253  0.420981  0.421253  0.422058  0.423361  0.425104  0.427211  0.42959  0.432137  0.434741  0.437287  0.439665  0.44177  0.44351  0.444809  0.445609  0.445876  
0.412256  0.411997  0.411219  0.409956  0.408264  0.406217  0.403905  0.401429  0.398897  0.39642  0.394107  0.392058  0.390363  0.389097  0.388314  0.388049  0.388314  0.389097  0.390363  0.392058  0.394107  0.39642  0.398897  0.401429  0.403905  0.406217  0.408264  0.409956  0.411219  0.411997  0.412256  
0.378497  0.378247  0.3775  0.376287  0.374661  0.372695  0.370474  0.368095  0.365663  0.363284  0.361061  0.359093  0.357465  0.356248  0.355497  0.355242  0.355497  0.356248  0.357465  0.359093  0.361061  0.363284  0.365663  0.368095  0.370474  0.372695  0.374661  0.376287  0.3775  0.378247  0.378497  
0.3446  0.344364  0.343655  0.342505  0.340964  0.3391  0.336994  0.334738  0.332432  0.330177  0.328069  0.326203  0.32466  0.323506  0.322794  0.322553  0.322794  0.323506  0.32466  0.326203  0.328069  0.330177  0.332432  0.334738  0.336994  0.3391  0.340964  0.342505  0.343655  0.344364  0.3446  
0.310571  0.31035  0.309688  0.308613  0.307174  0.305432  0.303464  0.301357  0.299203  0.297095  0.295126  0.293383  0.291941  0.290863  0.290197  0.289972  0.290197  0.290863  0.291941  0.293383  0.295126  0.297095  0.299203  0.301357  0.303464  0.305432  0.307174  0.308613  0.309688  0.31035  0.310571  
0.276416  0.276213  0.275605  0.274618  0.273295  0.271695  0.269887  0.267952  0.265972  0.264036  0.262227  0.260625  0.259301  0.258311  0.257699  0.257492  0.257699  0.258311  0.259301  0.260625  0.262227  0.264036  0.265972  0.267952  0.269887  0.271695  0.273295  0.274618  0.275605  0.276213  0.276416  
0.242144  0.241962  0.241414  0.240525  0.239334  0.237893  0.236265  0.234521  0.232739  0.230995  0.229366  0.227924  0.226731  0.225839  0.225288  0.225102  0.225288  0.225839  0.226731  0.227924  0.229366  0.230995  0.232739  0.234521  0.236265  0.237893  0.239334  0.240525  0.241414  0.241962  0.242144  
0.207765  0.207605  0.207123  0.206342  0.205296  0.20403  0.2026  0.201068  0.199502  0.19797  0.196539  0.195272  0.194224  0.19344  0.192956  0.192792  0.192956  0.19344  0.194224  0.195272  0.196539  0.19797  0.199502  0.201068  0.2026  0.20403  0.205296  0.206342  0.207123  0.207605  0.207765  
0.173291  0.173154  0.172745  0.17208  0.17119  0.170113  0.168896  0.167593  0.166261  0.164957  0.16374  0.162662  0.16177  0.161104  0.160692  0.160553  0.160692  0.161104  0.16177  0.162662  0.16374  0.164957  0.166261  0.167593  0.168896  0.170113  0.17119  0.17208  0.172745  0.173154  0.173291  
0.138735  0.138624  0.138291  0.13775  0.137026  0.136149  0.135159  0.134099  0.133015  0.131955  0.130964  0.130087  0.129362  0.12882  0.128485  0.128371  0.128485  0.12882  0.129362  0.130087  0.130964  0.131955  0.133015  0.134099  0.135159  0.136149  0.137026  0.13775  0.138291  0.138624  0.138735  
0.104111  0.104027  0.103774  0.103363  0.102813  0.102147  0.101395  0.100589  0.0997656  0.0989598  0.0982073  0.0975408  0.0969896  0.0965776  0.096323  0.0962369  0.096323  0.0965776  0.0969896  0.0975408  0.0982073  0.0989598  0.0997656  0.100589  0.101395  0.102147  0.102813  0.103363  0.103774  0.104027  0.104111  
0.0694367  0.0693799  0.0692095  0.0689331  0.0685628  0.0681148  0.0676087  0.0670666  0.0665125  0.0659703  0.0654639  0.0650155  0.0646446  0.0643674  0.0641961  0.0641381  0.0641961  0.0643674  0.0646446  0.0650155  0.0654639  0.0659703  0.0665125  0.0670666  0.0676087  0.0681148  0.0685628  0.0689331  0.0692095  0.0693799  0.0694367  
0.0347271  0.0346985  0.0346129  0.0344739  0.0342877  0.0340625  0.033808  0.0335355  0.0332569  0.0329843  0.0327297  0.0325042  0.0323177  0.0321784  0.0320923  0.0320631  0.0320923  0.0321784  0.0323177  0.0325042  0.0327297  0.0329843  0.0332569  0.0335355  0.033808  0.0340625  0.0342877  0.0344739  0.0346129  0.0346985  0.0347271  
0  0  0  0  0  0  0  0  0  0  0  0  0  0  0  0  0  0  0  0  0  0  0  0  0  0  0  0  0  0  0  
