1  1  1  1  1  1  1  1  1  1  1  1  1  1  1  1  1  1  1  1  1  1  1  1  1  1  1  1  1  1  1  
0.96793  0.967901  0.967815  0.967676  0.96749  0.967264  0.96701  0.966737  0.966458  0.966185  0.96593  0.965704  0.965518  0.965378  0.965292  0.965263  0.965292  0.965378  0.965518  0.965704  0.96593  0.966185  0.966458  0.966737  0.96701  0.967264  0.96749  0.967676  0.967815  0.967901  0.96793  
0.935847  0.93579  0.93562  0.935343  0.934973  0.934524  0.934018  0.933475  0.93292  0.932378  0.931871  0.931422  0.93105  0.930773  0.930601  0.930543  0.930601  0.930773  0.93105  0.931422  0.931871  0.932378  0.93292  0.933475  0.934018  0.934524  0.934973  0.935343  0.93562  0.93579  0.935847  
0.903741  0.903657  0.903404  0.902992  0.902442  0.901775  0.901022  0.900216  0.899392  0.898585  0.897832  0.897164  0.896613  0.8962  0.895945  0.895859  0.895945  0.8962  0.896613  0.897164  0.897832  0.898585  0.899392  0.900216  0.901022  0.901775  0.902442  0.902992  0.903404  0.903657  0.903741  
0.8716  0.871489  0.871156  0.870615  0.86989  0.869013  0.868022  0.866961  0.865876  0.864814  0.863823  0.862945  0.862218  0.861676  0.86134  0.861227  0.86134  0.861676  0.862218  0.862945  0.863823  0.864814  0.865876  0.866961  0.868022  0.869013  0.86989  0.870615  0.871156  0.871489  0.8716  
0.839413  0.839276  0.838866  0.838201  0.83731  0.836232  0.835014  0.83371  0.832376  0.831071  0.829853  0.828773  0.827881  0.827214  0.826801  0.826662  0.826801  0.827214  0.827881  0.828773  0.829853  0.831071  0.832376  0.83371  0.835014  0.836232  0.83731  0.838201  0.838866  0.839276  0.839413  
0.807167  0.807006  0.806525  0.805743  0.804695  0.803428  0.801997  0.800464  0.798896  0.797363  0.79593  0.794662  0.793612  0.792828  0.792344  0.79218  0.792344  0.792828  0.793612  0.794662  0.79593  0.797363  0.798896  0.800464  0.801997  0.803428  0.804695  0.805743  0.806525  0.807006  0.807167  
0.774852  0.774669  0.774121  0.773231  0.772039  0.770597  0.768967  0.767222  0.765438  0.763693  0.762062  0.760619  0.759424  0.758532  0.75798  0.757794  0.75798  0.758532  0.759424  0.760619  0.762062  0.763693  0.765438  0.767222  0.768967  0.770597  0.772039  0.773231  0.774121  0.774669  0.774852  
0.742458  0.742255  0.741646  0.740658  0.739334  0.737732  0.735923  0.733985  0.732004  0.730066  0.728256  0.726652  0.725326  0.724335  0.723723  0.723515  0.723723  0.724335  0.725326  0.726652  0.728256  0.730066  0.732004  0.733985  0.735923  0.737732  0.739334  0.740658  0.741646  0.742255  0.742458  
0.709973  0.709752  0.70909  0.708014  0.706573  0.70483  0.702861  0.700752  0.698595  0.696485  0.694515  0.69277  0.691326  0.690248  0.689581  0.689355  0.689581  0.690248  0.691326  0.69277  0.694515  0.696485  0.698595  0.700752  0.702861  0.70483  0.706573  0.708014  0.70909  0.709752  0.709973  
0.67739  0.677153  0.676444  0.675293  0.67375  0.671885  0.669777  0.667519  0.665211  0.662953  0.660844  0.658976  0.657432  0.656277  0.655563  0.655322  0.655563  0.656277  0.657432  0.658976  0.660844  0.662953  0.665211  0.667519  0.669777  0.671885  0.67375  0.675293  0.676444  0.677153  0.67739  
0.644697  0.644448  0.6437  0.642486  0.640859  0.638891  0.636668  0.634287  0.631853  0.629471  0.627247  0.625276  0.623647  0.622429  0.621677  0.621422  0.621677  0.622429  0.623647  0.625276  0.627247  0.629471  0.631853  0.634287  0.636668  0.638891  0.640859  0.642486  0.6437  0.644448  0.644697  
0.611888  0.611629  0.61085  0.609586  0.607893  0.605844  0.60353  0.601052  0.598518  0.596039  0.593723  0.591672  0.589976  0.588709  0.587925  0.58766  0.587925  0.588709  0.589976  0.591672  0.593723  0.596039  0.598518  0.601052  0.60353  0.605844  0.607893  0.609586  0.61085  0.611629  0.611888  
0.578955  0.578688  0.577887  0.576588  0.574846  0.57274  0.57036  0.567811  0.565205  0.562656  0.560274  0.558165  0.556421  0.555118  0.554312  0.554039  0.554312  0.555118  0.556421  0.558165  0.560274  0.562656  0.565205  0.567811  0.57036  0.57274  0.574846  0.576588  0.577887  0.578688  0.578955  
0.545893  0.545621  0.544807  0.543485  0.541715  0.539573  0.537154  0.534562  0.531913  0.529321  0.5269  0.524756  0.522982  0.521657  0.520838  0.520561  0.520838  0.521657  0.522982  0.524756  0.5269  0.529321  0.531913  0.534562  0.537154  0.539573  0.541715  0.543485  0.544807  0.545621  0.545893  
0.512695  0.512422  0.511603  0.510274  0.508494  0.50634  0.503908  0.501302  0.498638  0.496032  0.493598  0.491442  0.489659  0.488326  0.487503  0.487224  0.487503  0.488326  0.489659  0.491442  0.493598  0.496032  0.498638  0.501302  0.503908  0.50634  0.508494  0.510274  0.511603  0.512422  0.512695  
0.479358  0.479086  0.478272  0.476951  0.47518  0.473038  0.470619  0.468028  0.465378  0.462786  0.460365  0.458221  0.456448  0.455123  0.454304  0.454027  0.454304  0.455123  0.456448  0.458221  0.460365  0.462786  0.465378  0.468028  0.470619  0.473038  0.47518  0.476951  0.478272  0.479086  0.479358  
0.44588  0.445614  0.444813  0.443513  0.441771  0.439665  0.437285  0.434736  0.43213  0.429581  0.4272  0.425091  0.423347  0.422043  0.421238  0.420965  0.421238  0.422043  0.423347  0.425091  0.4272  0.429581  0.43213  0.434736  0.437285  0.439665  0.441771  0.443513  0.444813  0.445614  0.44588  
0.412262  0.412002  0.411223  0.409959  0.408266  0.406218  0.403904  0.401425  0.398891  0.396413  0.394097  0.392047  0.390351  0.389083  0.3883  0.388035  0.3883  0.389083  0.390351  0.392047  0.394097  0.396413  0.398891  0.401425  0.403904  0.406218  0.408266  0.409959  0.411223  0.412002  0.412262  
0.378503  0.378253  0.377505  0.376291  0.374664  0.372697  0.370474  0.368093  0.365659  0.363277  0.361053  0.359083  0.357454  0.356236  0.355484  0.355229  0.355484  0.356236  0.357454  0.359083  0.361053  0.363277  0.365659  0.368093  0.370474  0.372697  0.374664  0.376291  0.377505  0.378253  0.378503  
0.344606  0.34437  0.343661  0.34251  0.340967  0.339102  0.336994  0.334737  0.332429  0.330171  0.328062  0.326195  0.32465  0.323495  0.322782  0.322541  0.322782  0.323495  0.32465  0.326195  0.328062  0.330171  0.332429  0.334737  0.336994  0.339102  0.340967  0.34251  0.343661  0.34437  0.344606  
0.310578  0.310357  0.309694  0.308619  0.307178  0.305434  0.303465  0.301356  0.2992  0.297091  0.29512  0.293375  0.291932  0.290854  0.290187  0.289962  0.290187  0.290854  0.291932  0.293375  0.29512  0.297091  0.2992  0.301356  0.303465  0.305434  0.307178  0.308619  0.309694  0.310357  0.310578  
0.276423  0.27622  0.275611  0.274623  0.273299  0.271698  0.269889  0.267951  0.26597  0.264032  0.262222  0.260619  0.259293  0.258302  0.25769  0.257483  0.25769  0.258302  0.259293  0.260619  0.262222  0.264032  0.26597  0.267951  0.269889  0.271698  0.273299  0.274623  0.275611  0.27622  0.276423  
0.242151  0.241968  0.24142  0.24053  0.239338  0.237896  0.236266  0.234522  0.232738  0.230992  0.229362  0.227919  0.226725  0.225832  0.225281  0.225094  0.225281  0.225832  0.226725  0.227919  0.229362  0.230992  0.232738  0.234522  0.236266  0.237896  0.239338  0.24053  0.24142  0.241968  0.242151  
0.207771  0.207611  0.207129  0.206347  0.2053  0.204033  0.202602  0.201069  0.199501  0.197968  0.196536  0.195267  0.194218  0.193434  0.19295  0.192786  0.19295  0.193434  0.194218  0.195267  0.196536  0.197968  0.199501  0.201069  0.202602  0.204033  0.2053  0.206347  0.207129  0.207611  0.207771  
0.173296  0.17316  0.17275  0.172085  0.171194  0.170116  0.168898  0.167594  0.16626  0.164956  0.163738  0.162658  0.161766  0.161099  0.160687  0.160547  0.160687  0.161099  0.161766  0.162658  0.163738  0.164956  0.16626  0.167594  0.168898  0.170116  0.171194  0.172085  0.17275  0.17316  0.173296  
0.13874  0.138628  0.138295  0.137754  0.137029  0.136152  0.135161  0.1341  0.133015  0.131954  0.130963  0.130085  0.129359  0.128816  0.128481  0.128367  0.128481  0.128816  0.129359  0.130085  0.130963  0.131954  0.133015  0.1341  0.135161  0.136152  0.137029  0.137754  0.138295  0.138628  0.13874  
0.104115  0.104031  0.103777  0.103366  0.102815  0.102149  0.101396  0.10059  0.0997656  0.0989592  0.098206  0.0975389  0.0969872  0.0965749  0.0963201  0.0962339  0.0963201  0.0965749  0.0969872  0.0975389  0.098206  0.0989592  0.0997656  0.10059  0.101396  0.102149  0.102815  0.103366  0.103777  0.104031  0.104115  
0.0694392  0.0693824  0.0692119  0.0689352  0.0685646  0.0681162  0.0676096  0.0670672  0.0665125  0.0659699  0.0654631  0.0650143  0.064643  0.0643656  0.0641942  0.0641362  0.0641942  0.0643656  0.064643  0.0650143  0.0654631  0.0659699  0.0665125  0.0670672  0.0676096  0.0681162  0.0685646  0.0689352  0.0692119  0.0693824  0.0694392  
0.0347284  0.0346998  0.0346141  0.034475  0.0342886  0.0340632  0.0338085  0.0335358  0.0332569  0.0329841  0.0327293  0.0325036  0.032317  0.0321775  0.0320913  0.0320622  0.0320913  0.0321775  0.032317  0.0325036  0.0327293  0.0329841  0.0332569  0.0335358  0.0338085  0.0340632  0.0342886  0.034475  0.0346141  0.0346998  0.0347284  
0  0  0  0  0  0  0  0  0  0  0  0  0  0  0  0  0  0  0  0  0  0  0  0  0  0  0  0  0  0  0  
