1  1  1  1  1  1  1  1  1  1  1  1  1  1  1  1  1  1  1  1  1  1  1  1  1  1  1  1  1  1  1  
0.967929  0.967901  0.967815  0.967676  0.96749  0.967264  0.967009  0.966737  0.966458  0.966185  0.96593  0.965704  0.965518  0.965378  0.965292  0.965263  0.965292  0.965378  0.965518  0.965704  0.96593  0.966185  0.966458  0.966737  0.967009  0.967264  0.96749  0.967676  0.967815  0.967901  0.967929  
0.935847  0.93579  0.93562  0.935343  0.934972  0.934524  0.934017  0.933475  0.93292  0.932377  0.93187  0.931422  0.93105  0.930773  0.930601  0.930543  0.930601  0.930773  0.93105  0.931422  0.93187  0.932377  0.93292  0.933475  0.934017  0.934524  0.934972  0.935343  0.93562  0.93579  0.935847  
0.903741  0.903657  0.903403  0.902992  0.902441  0.901775  0.901022  0.900216  0.899391  0.898585  0.897831  0.897164  0.896612  0.8962  0.895945  0.895859  0.895945  0.8962  0.896612  0.897164  0.897831  0.898585  0.899391  0.900216  0.901022  0.901775  0.902441  0.902992  0.903403  0.903657  0.903741  
0.8716  0.871489  0.871155  0.870614  0.869889  0.869012  0.868021  0.86696  0.865875  0.864814  0.863822  0.862944  0.862218  0.861675  0.861339  0.861226  0.861339  0.861675  0.862218  0.862944  0.863822  0.864814  0.865875  0.86696  0.868021  0.869012  0.869889  0.870614  0.871155  0.871489  0.8716  
0.839412  0.839275  0.838866  0.8382  0.837309  0.836231  0.835013  0.833709  0.832375  0.831071  0.829852  0.828773  0.82788  0.827213  0.826801  0.826661  0.826801  0.827213  0.82788  0.828773  0.829852  0.831071  0.832375  0.833709  0.835013  0.836231  0.837309  0.8382  0.838866  0.839275  0.839412  
0.807166  0.807006  0.806524  0.805742  0.804695  0.803427  0.801996  0.800463  0.798895  0.797362  0.795929  0.794661  0.793612  0.792827  0.792343  0.792179  0.792343  0.792827  0.793612  0.794661  0.795929  0.797362  0.798895  0.800463  0.801996  0.803427  0.804695  0.805742  0.806524  0.807006  0.807166  
0.774851  0.774669  0.77412  0.77323  0.772038  0.770596  0.768967  0.767222  0.765437  0.763692  0.762062  0.760618  0.759423  0.758531  0.757979  0.757793  0.757979  0.758531  0.759423  0.760618  0.762062  0.763692  0.765437  0.767222  0.768967  0.770596  0.772038  0.77323  0.77412  0.774669  0.774851  
0.742457  0.742254  0.741645  0.740657  0.739333  0.737731  0.735922  0.733985  0.732003  0.730065  0.728255  0.726651  0.725325  0.724334  0.723722  0.723514  0.723722  0.724334  0.725325  0.726651  0.728255  0.730065  0.732003  0.733985  0.735922  0.737731  0.739333  0.740657  0.741645  0.742254  0.742457  
0.709972  0.709751  0.709089  0.708013  0.706572  0.704829  0.70286  0.700751  0.698594  0.696484  0.694514  0.692769  0.691325  0.690247  0.68958  0.689354  0.68958  0.690247  0.691325  0.692769  0.694514  0.696484  0.698594  0.700751  0.70286  0.704829  0.706572  0.708013  0.709089  0.709751  0.709972  
0.677388  0.677152  0.676443  0.675292  0.673749  0.671883  0.669776  0.667518  0.66521  0.662952  0.660843  0.658975  0.65743  0.656276  0.655562  0.655321  0.655562  0.656276  0.65743  0.658975  0.660843  0.662952  0.66521  0.667518  0.669776  0.671883  0.673749  0.675292  0.676443  0.677152  0.677388  
0.644696  0.644447  0.643698  0.642484  0.640858  0.63889  0.636667  0.634286  0.631851  0.62947  0.627245  0.625275  0.623646  0.622428  0.621675  0.621421  0.621675  0.622428  0.623646  0.625275  0.627245  0.62947  0.631851  0.634286  0.636667  0.63889  0.640858  0.642484  0.643698  0.644447  0.644696  
0.611887  0.611628  0.610849  0.609585  0.607892  0.605843  0.603529  0.601051  0.598516  0.596037  0.593722  0.591671  0.589975  0.588707  0.587924  0.587659  0.587924  0.588707  0.589975  0.591671  0.593722  0.596037  0.598516  0.601051  0.603529  0.605843  0.607892  0.609585  0.610849  0.611628  0.611887  
0.578954  0.578687  0.577886  0.576587  0.574845  0.572738  0.570359  0.56781  0.565204  0.562654  0.560273  0.558164  0.55642  0.555116  0.554311  0.554038  0.554311  0.555116  0.55642  0.558164  0.560273  0.562654  0.565204  0.56781  0.570359  0.572738  0.574845  0.576587  0.577886  0.578687  0.578954  
0.545891  0.54562  0.544805  0.543484  0.541714  0.539572  0.537152  0.534561  0.531911  0.529319  0.526899  0.524754  0.522981  0.521656  0.520837  0.52056  0.520837  0.521656  0.522981  0.524754  0.526899  0.529319  0.531911  0.534561  0.537152  0.539572  0.541714  0.543484  0.544805  0.54562  0.545891  
0.512693  0.51242  0.511602  0.510273  0.508493  0.506339  0.503906  0.501301  0.498637  0.496031  0.493596  0.491441  0.489657  0.488325  0.487501  0.487223  0.487501  0.488325  0.489657  0.491441  0.493596  0.496031  0.498637  0.501301  0.503906  0.506339  0.508493  0.510273  0.511602  0.51242  0.512693  
0.479357  0.479085  0.478271  0.47695  0.475179  0.473037  0.470618  0.468027  0.465377  0.462785  0.460364  0.45822  0.456447  0.455122  0.454302  0.454025  0.454302  0.455122  0.456447  0.45822  0.460364  0.462785  0.465377  0.468027  0.470618  0.473037  0.475179  0.47695  0.478271  0.479085  0.479357  
0.445879  0.445612  0.444811  0.443512  0.44177  0.439664  0.437284  0.434735  0.432129  0.42958  0.427199  0.42509  0.423346  0.422042  0.421237  0.420964  0.421237  0.422042  0.423346  0.42509  0.427199  0.42958  0.432129  0.434735  0.437284  0.439664  0.44177  0.443512  0.444811  0.445612  0.445879  
0.412261  0.412001  0.411222  0.409958  0.408265  0.406217  0.403903  0.401424  0.39889  0.396411  0.394096  0.392045  0.390349  0.389082  0.388299  0.388034  0.388299  0.389082  0.390349  0.392045  0.394096  0.396411  0.39889  0.401424  0.403903  0.406217  0.408265  0.409958  0.411222  0.412001  0.412261  
0.378502  0.378252  0.377504  0.37629  0.374663  0.372695  0.370472  0.368092  0.365657  0.363276  0.361052  0.359082  0.357452  0.356235  0.355482  0.355228  0.355482  0.356235  0.357452  0.359082  0.361052  0.363276  0.365657  0.368092  0.370472  0.372695  0.374663  0.37629  0.377504  0.378252  0.378502  
0.344605  0.344369  0.34366  0.342509  0.340966  0.339101  0.336993  0.334736  0.332428  0.33017  0.328061  0.326194  0.324649  0.323494  0.322781  0.32254  0.322781  0.323494  0.324649  0.326194  0.328061  0.33017  0.332428  0.334736  0.336993  0.339101  0.340966  0.342509  0.34366  0.344369  0.344605  
0.310577  0.310356  0.309693  0.308618  0.307177  0.305433  0.303464  0.301355  0.299199  0.29709  0.295119  0.293374  0.291931  0.290853  0.290186  0.289961  0.290186  0.290853  0.291931  0.293374  0.295119  0.29709  0.299199  0.301355  0.303464  0.305433  0.307177  0.308618  0.309693  0.310356  0.310577  
0.276422  0.276219  0.27561  0.274622  0.273298  0.271697  0.269888  0.26795  0.265969  0.264031  0.262221  0.260618  0.259292  0.258301  0.257689  0.257482  0.257689  0.258301  0.259292  0.260618  0.262221  0.264031  0.265969  0.26795  0.269888  0.271697  0.273298  0.274622  0.27561  0.276219  0.276422  
0.24215  0.241967  0.241419  0.240529  0.239337  0.237895  0.236266  0.234521  0.232737  0.230992  0.229361  0.227918  0.226724  0.225831  0.22528  0.225093  0.22528  0.225831  0.226724  0.227918  0.229361  0.230992  0.232737  0.234521  0.236266  0.237895  0.239337  0.240529  0.241419  0.241967  0.24215  
0.207771  0.20761  0.207128  0.206347  0.205299  0.204032  0.202601  0.201068  0.199501  0.197967  0.196535  0.195267  0.194218  0.193434  0.192949  0.192785  0.192949  0.193434  0.194218  0.195267  0.196535  0.197967  0.199501  0.201068  0.202601  0.204032  0.205299  0.206347  0.207128  0.20761  0.207771  
0.173296  0.173159  0.172749  0.172084  0.171193  0.170115  0.168897  0.167593  0.16626  0.164955  0.163737  0.162658  0.161765  0.161098  0.160686  0.160547  0.160686  0.161098  0.161765  0.162658  0.163737  0.164955  0.16626  0.167593  0.168897  0.170115  0.171193  0.172084  0.172749  0.173159  0.173296  
0.138739  0.138628  0.138294  0.137753  0.137028  0.136151  0.135161  0.1341  0.133015  0.131953  0.130962  0.130084  0.129358  0.128815  0.12848  0.128367  0.12848  0.128815  0.129358  0.130084  0.130962  0.131953  0.133015  0.1341  0.135161  0.136151  0.137028  0.137753  0.138294  0.138628  0.138739  
0.104115  0.10403  0.103777  0.103366  0.102815  0.102149  0.101396  0.10059  0.0997652  0.0989588  0.0982056  0.0975386  0.0969869  0.0965746  0.0963198  0.0962336  0.0963198  0.0965746  0.0969869  0.0975386  0.0982056  0.0989588  0.0997652  0.10059  0.101396  0.102149  0.102815  0.103366  0.103777  0.10403  0.104115  
0.0694389  0.0693821  0.0692116  0.068935  0.0685643  0.0681159  0.0676094  0.0670669  0.0665123  0.0659697  0.0654629  0.065014  0.0646428  0.0643654  0.0641939  0.0641359  0.0641939  0.0643654  0.0646428  0.065014  0.0654629  0.0659697  0.0665123  0.0670669  0.0676094  0.0681159  0.0685643  0.068935  0.0692116  0.0693821  0.0694389  
0.0347283  0.0346997  0.034614  0.0344749  0.0342885  0.0340631  0.0338084  0.0335357  0.0332568  0.032984  0.0327292  0.0325035  0.0323169  0.0321774  0.0320912  0.032062  0.0320912  0.0321774  0.0323169  0.0325035  0.0327292  0.032984  0.0332568  0.0335357  0.0338084  0.0340631  0.0342885  0.0344749  0.034614  0.0346997  0.0347283  
0  0  0  0  0  0  0  0  0  0  0  0  0  0  0  0  0  0  0  0  0  0  0  0  0  0  0  0  0  0  0  
