1  1  1  1  1  1  1  1  1  1  1  1  1  1  1  1  1  1  1  1  1  1  1  1  1  1  1  1  1  1  1  
0.967929  0.967901  0.967815  0.967676  0.967489  0.967264  0.967009  0.966737  0.966457  0.966186  0.965929  0.965705  0.965516  0.965379  0.96529  0.965264  0.96529  0.965379  0.965516  0.965705  0.965929  0.966186  0.966457  0.966737  0.967009  0.967264  0.967489  0.967676  0.967815  0.967901  0.967929  
0.935846  0.93579  0.93562  0.935342  0.934973  0.934522  0.934018  0.933473  0.932921  0.932375  0.931872  0.931419  0.931052  0.93077  0.930603  0.93054  0.930603  0.93077  0.931052  0.931419  0.931872  0.932375  0.932921  0.933473  0.934018  0.934522  0.934973  0.935342  0.93562  0.93579  0.935846  
0.903741  0.903656  0.903402  0.902992  0.902439  0.901776  0.901019  0.900217  0.899388  0.898587  0.897827  0.897167  0.896608  0.896203  0.89594  0.895862  0.89594  0.896203  0.896608  0.897167  0.897827  0.898587  0.899388  0.900217  0.901019  0.901776  0.902439  0.902992  0.903402  0.903656  0.903741  
0.871598  0.871488  0.871155  0.870612  0.86989  0.869009  0.868023  0.866956  0.865878  0.864809  0.863825  0.862938  0.862221  0.861669  0.861343  0.86122  0.861343  0.861669  0.862221  0.862938  0.863825  0.864809  0.865878  0.866956  0.868023  0.869009  0.86989  0.870612  0.871155  0.871488  0.871598  
0.839411  0.839274  0.838863  0.838201  0.837306  0.836233  0.835009  0.833712  0.83237  0.831074  0.829846  0.828777  0.827873  0.827218  0.826793  0.826666  0.826793  0.827218  0.827873  0.828777  0.829846  0.831074  0.83237  0.833712  0.835009  0.836233  0.837306  0.838201  0.838863  0.839274  0.839411  
0.807164  0.807004  0.806523  0.805739  0.804696  0.803423  0.801998  0.800457  0.798899  0.797355  0.795934  0.794653  0.793617  0.792819  0.792348  0.79217  0.792348  0.792819  0.793617  0.794653  0.795934  0.797355  0.798899  0.800457  0.801998  0.803423  0.804696  0.805739  0.806523  0.807004  0.807164  
0.77485  0.774667  0.774117  0.773231  0.772034  0.770598  0.76896  0.767225  0.76543  0.763697  0.762053  0.760623  0.759414  0.758537  0.757969  0.757799  0.757969  0.758537  0.759414  0.760623  0.762053  0.763697  0.76543  0.767225  0.76896  0.770598  0.772034  0.773231  0.774117  0.774667  0.77485  
0.742454  0.742252  0.741644  0.740653  0.739334  0.737725  0.735925  0.733977  0.732008  0.730056  0.72826  0.726641  0.725332  0.724323  0.723729  0.723504  0.723729  0.724323  0.725332  0.726641  0.72826  0.730056  0.732008  0.733977  0.735925  0.737725  0.739334  0.740653  0.741644  0.742252  0.742454  
0.709971  0.70975  0.709085  0.708014  0.706567  0.704831  0.702852  0.700755  0.698585  0.69649  0.694504  0.692775  0.691314  0.690254  0.689568  0.689362  0.689568  0.690254  0.691314  0.692775  0.694504  0.69649  0.698585  0.700755  0.702852  0.704831  0.706567  0.708014  0.709085  0.70975  0.709971  
0.677385  0.67715  0.676442  0.675287  0.673751  0.671877  0.669779  0.66751  0.665215  0.662942  0.66085  0.658964  0.657438  0.656264  0.65557  0.655308  0.65557  0.656264  0.657438  0.658964  0.66085  0.662942  0.665215  0.66751  0.669779  0.671877  0.673751  0.675287  0.676442  0.67715  0.677385  
0.644695  0.644445  0.643695  0.642485  0.640852  0.638892  0.636658  0.63429  0.631841  0.629476  0.627234  0.625283  0.623633  0.622436  0.621662  0.621429  0.621662  0.622436  0.623633  0.625283  0.627234  0.629476  0.631841  0.63429  0.636658  0.638892  0.640852  0.642485  0.643695  0.644445  0.644695  
0.611884  0.611625  0.610848  0.60958  0.607893  0.605836  0.603533  0.601041  0.598522  0.596026  0.593729  0.591659  0.589983  0.588694  0.587933  0.587645  0.587933  0.588694  0.589983  0.591659  0.593729  0.596026  0.598522  0.601041  0.603533  0.605836  0.607893  0.60958  0.610848  0.611625  0.611884  
0.578953  0.578685  0.577882  0.576587  0.574839  0.572741  0.57035  0.567815  0.565193  0.562661  0.560261  0.558172  0.556406  0.555125  0.554297  0.554047  0.554297  0.555125  0.556406  0.558172  0.560261  0.562661  0.565193  0.567815  0.57035  0.572741  0.574839  0.576587  0.577882  0.578685  0.578953  
0.545888  0.545617  0.544805  0.543479  0.541715  0.539564  0.537156  0.534551  0.531917  0.529308  0.526906  0.524741  0.522989  0.521642  0.520846  0.520545  0.520846  0.521642  0.522989  0.524741  0.526906  0.529308  0.531917  0.534551  0.537156  0.539564  0.541715  0.543479  0.544805  0.545617  0.545888  
0.512692  0.512418  0.511597  0.510273  0.508486  0.506342  0.503898  0.501306  0.498626  0.496037  0.493584  0.491448  0.489644  0.488334  0.487487  0.487232  0.487487  0.488334  0.489644  0.491448  0.493584  0.496037  0.498626  0.501306  0.503898  0.506342  0.508486  0.510273  0.511597  0.512418  0.512692  
0.479353  0.479082  0.47827  0.476944  0.475181  0.47303  0.470622  0.468017  0.465383  0.462774  0.460371  0.458207  0.456455  0.455108  0.454311  0.454011  0.454311  0.455108  0.456455  0.458207  0.460371  0.462774  0.465383  0.468017  0.470622  0.47303  0.475181  0.476944  0.47827  0.479082  0.479353  
0.445878  0.44561  0.444807  0.443512  0.441764  0.439666  0.437275  0.43474  0.432119  0.429586  0.427187  0.425098  0.423333  0.422051  0.421223  0.420973  0.421223  0.422051  0.423333  0.425098  0.427187  0.429586  0.432119  0.43474  0.437275  0.439666  0.441764  0.443512  0.444807  0.44561  0.445878  
0.412257  0.411998  0.411221  0.409953  0.408266  0.406209  0.403906  0.401415  0.398896  0.3964  0.394103  0.392033  0.390357  0.389069  0.388307  0.38802  0.388307  0.389069  0.390357  0.392033  0.394103  0.3964  0.398896  0.401415  0.403906  0.406209  0.408266  0.409953  0.411221  0.411998  0.412257  
0.3785  0.37825  0.3775  0.37629  0.374657  0.372698  0.370464  0.368096  0.365648  0.363282  0.361041  0.359089  0.35744  0.356243  0.35547  0.355236  0.35547  0.356243  0.35744  0.359089  0.361041  0.363282  0.365648  0.368096  0.370464  0.372698  0.374657  0.37629  0.3775  0.37825  0.3785  
0.344602  0.344367  0.343659  0.342504  0.340968  0.339094  0.336996  0.334727  0.332433  0.33016  0.328067  0.326183  0.324656  0.323483  0.322789  0.322528  0.322789  0.323483  0.324656  0.326183  0.328067  0.33016  0.332433  0.334727  0.336996  0.339094  0.340968  0.342504  0.343659  0.344367  0.344602  
0.310575  0.310354  0.30969  0.308618  0.307171  0.305436  0.303457  0.301359  0.299191  0.297095  0.29511  0.293381  0.291921  0.29086  0.290175  0.289968  0.290175  0.29086  0.291921  0.293381  0.29511  0.297095  0.299191  0.301359  0.303457  0.305436  0.307171  0.308618  0.30969  0.310354  0.310575  
0.27642  0.276217  0.27561  0.274618  0.273299  0.271691  0.269891  0.267943  0.265973  0.264023  0.262226  0.260609  0.259298  0.258291  0.257695  0.257472  0.257695  0.258291  0.259298  0.260609  0.262226  0.264023  0.265973  0.267943  0.269891  0.271691  0.273299  0.274618  0.27561  0.276217  0.27642  
0.242149  0.241966  0.241416  0.240529  0.239333  0.237896  0.23626  0.234524  0.23273  0.230996  0.229353  0.227923  0.226715  0.225837  0.225271  0.225099  0.225271  0.225837  0.226715  0.227923  0.229353  0.230996  0.23273  0.234524  0.23626  0.237896  0.239333  0.240529  0.241416  0.241966  0.242149  
0.207769  0.207608  0.207128  0.206344  0.2053  0.204028  0.202603  0.201062  0.199504  0.197961  0.196539  0.195259  0.194222  0.193426  0.192954  0.192777  0.192954  0.193426  0.194222  0.195259  0.196539  0.197961  0.199504  0.201062  0.202603  0.204028  0.2053  0.206344  0.207128  0.207608  0.207769  
0.173295  0.173158  0.172747  0.172084  0.17119  0.170116  0.168893  0.167596  0.166255  0.164958  0.163731  0.162662  0.161759  0.161103  0.16068  0.160551  0.16068  0.161103  0.161759  0.162662  0.163731  0.164958  0.166255  0.167596  0.168893  0.170116  0.17119  0.172084  0.172747  0.173158  0.173295  
0.138738  0.138627  0.138294  0.137751  0.137029  0.136148  0.135162  0.134096  0.133017  0.131949  0.130965  0.130079  0.129361  0.12881  0.128484  0.128361  0.128484  0.12881  0.129361  0.130079  0.130965  0.131949  0.133017  0.134096  0.135162  0.136148  0.137029  0.137751  0.138294  0.138627  0.138738  
0.104114  0.10403  0.103776  0.103366  0.102813  0.102149  0.101393  0.100591  0.099762  0.0989607  0.098202  0.0975409  0.0969829  0.0965771  0.0963157  0.0962362  0.0963157  0.0965771  0.0969829  0.0975409  0.098202  0.0989607  0.099762  0.100591  0.101393  0.102149  0.102813  0.103366  0.103776  0.10403  0.104114  
0.0694382  0.0693815  0.0692114  0.0689339  0.0685646  0.0681144  0.0676101  0.067065  0.0665134  0.0659673  0.0654643  0.0650115  0.0646444  0.0643627  0.0641957  0.0641332  0.0641957  0.0643627  0.0646444  0.0650115  0.0654643  0.0659673  0.0665134  0.067065  0.0676101  0.0681144  0.0685646  0.0689339  0.0692114  0.0693815  0.0694382  
0.0347281  0.0346995  0.0346135  0.0344749  0.0342879  0.0340633  0.0338075  0.0335361  0.0332557  0.0329846  0.0327279  0.0325043  0.0323155  0.0321783  0.0320898  0.0320629  0.0320898  0.0321783  0.0323155  0.0325043  0.0327279  0.0329846  0.0332557  0.0335361  0.0338075  0.0340633  0.0342879  0.0344749  0.0346135  0.0346995  0.0347281  
0  0  0  0  0  0  0  0  0  0  0  0  0  0  0  0  0  0  0  0  0  0  0  0  0  0  0  0  0  0  0  
