1  1  1  1  1  1  1  1  1  1  1  1  1  1  1  1  1  1  1  1  1  1  1  1  1  1  1  1  1  1  1  
0.967929  0.967901  0.967814  0.967677  0.967488  0.967266  0.967007  0.966739  0.966455  0.966188  0.965927  0.965708  0.965514  0.965382  0.965288  0.965266  0.965288  0.965382  0.965514  0.965708  0.965927  0.966188  0.966455  0.966739  0.967007  0.967266  0.967488  0.967677  0.967814  0.967901  0.967929  
0.935846  0.935789  0.93562  0.935341  0.934974  0.93452  0.934021  0.933469  0.932925  0.932371  0.931876  0.931414  0.931057  0.930765  0.930608  0.930535  0.930608  0.930765  0.931057  0.931414  0.931876  0.932371  0.932925  0.933469  0.934021  0.93452  0.934974  0.935341  0.93562  0.935789  0.935846  
0.903741  0.903656  0.903401  0.902994  0.902436  0.901779  0.901015  0.900222  0.899382  0.898593  0.897821  0.897173  0.896601  0.89621  0.895933  0.895869  0.895933  0.89621  0.896601  0.897173  0.897821  0.898593  0.899382  0.900222  0.901015  0.901779  0.902436  0.902994  0.903401  0.903656  0.903741  
0.871598  0.871487  0.871156  0.87061  0.869893  0.869004  0.868028  0.86695  0.865885  0.864801  0.863834  0.86293  0.862231  0.861659  0.861353  0.86121  0.861353  0.861659  0.862231  0.86293  0.863834  0.864801  0.865885  0.86695  0.868028  0.869004  0.869893  0.87061  0.871156  0.871487  0.871598  
0.839412  0.839275  0.838862  0.838204  0.837302  0.836238  0.835002  0.833719  0.832361  0.831084  0.829835  0.828788  0.827862  0.827229  0.826781  0.826678  0.826781  0.827229  0.827862  0.828788  0.829835  0.831084  0.832361  0.833719  0.835002  0.836238  0.837302  0.838204  0.838862  0.839275  0.839412  
0.807163  0.807004  0.806525  0.805735  0.804701  0.803416  0.802006  0.800448  0.798909  0.797344  0.795946  0.79464  0.79363  0.792805  0.792362  0.792156  0.792362  0.792805  0.79363  0.79464  0.795946  0.797344  0.798909  0.800448  0.802006  0.803416  0.804701  0.805735  0.806525  0.807004  0.807163  
0.774852  0.774668  0.774115  0.773235  0.772028  0.770605  0.768952  0.767235  0.765418  0.763709  0.762039  0.760638  0.759399  0.758553  0.757954  0.757815  0.757954  0.758553  0.759399  0.760638  0.762039  0.763709  0.765418  0.767235  0.768952  0.770605  0.772028  0.773235  0.774115  0.774668  0.774852  
0.742453  0.742251  0.741647  0.740648  0.73934  0.737718  0.735935  0.733966  0.73202  0.730042  0.728275  0.726625  0.725348  0.724306  0.723746  0.723486  0.723746  0.724306  0.725348  0.726625  0.728275  0.730042  0.73202  0.733966  0.735935  0.737718  0.73934  0.740648  0.741647  0.742251  0.742453  
0.709973  0.70975  0.709083  0.708018  0.70656  0.70484  0.702842  0.700767  0.698571  0.696505  0.694487  0.692793  0.691296  0.690273  0.689549  0.689381  0.689549  0.690273  0.691296  0.692793  0.694487  0.696505  0.698571  0.700767  0.702842  0.70484  0.70656  0.708018  0.709083  0.70975  0.709973  
0.677384  0.677149  0.676445  0.675282  0.673758  0.671867  0.66979  0.667497  0.66523  0.662926  0.660867  0.658945  0.657457  0.656244  0.655591  0.655288  0.655591  0.656244  0.657457  0.658945  0.660867  0.662926  0.66523  0.667497  0.66979  0.671867  0.673758  0.675282  0.676445  0.677149  0.677384  
0.644697  0.644445  0.643692  0.64249  0.640844  0.638902  0.636647  0.634304  0.631826  0.629493  0.627215  0.625302  0.623613  0.622457  0.621641  0.621451  0.621641  0.622457  0.623613  0.625302  0.627215  0.629493  0.631826  0.634304  0.636647  0.638902  0.640844  0.64249  0.643692  0.644445  0.644697  
0.611882  0.611624  0.610851  0.609574  0.607901  0.605826  0.603545  0.601027  0.598538  0.596009  0.593748  0.591638  0.590004  0.588672  0.587955  0.587623  0.587955  0.588672  0.590004  0.591638  0.593748  0.596009  0.598538  0.601027  0.603545  0.605826  0.607901  0.609574  0.610851  0.611624  0.611882  
0.578955  0.578686  0.577879  0.576592  0.574831  0.572751  0.570337  0.567829  0.565177  0.562679  0.560241  0.558193  0.556385  0.555147  0.554274  0.55407  0.554274  0.555147  0.556385  0.558193  0.560241  0.562679  0.565177  0.567829  0.570337  0.572751  0.574831  0.576592  0.577879  0.578686  0.578955  
0.545886  0.545616  0.544808  0.543473  0.541723  0.539554  0.537169  0.534537  0.531934  0.52929  0.526925  0.524721  0.523011  0.521619  0.520868  0.520523  0.520868  0.521619  0.523011  0.524721  0.526925  0.52929  0.531934  0.534537  0.537169  0.539554  0.541723  0.543473  0.544808  0.545616  0.545886  
0.512694  0.512419  0.511594  0.510279  0.508478  0.506352  0.503885  0.50132  0.49861  0.496055  0.493564  0.491469  0.489622  0.488356  0.487464  0.487255  0.487464  0.488356  0.489622  0.491469  0.493564  0.496055  0.49861  0.50132  0.503885  0.506352  0.508478  0.510279  0.511594  0.512419  0.512694  
0.479351  0.479082  0.478273  0.476939  0.475189  0.473019  0.470634  0.468002  0.465399  0.462756  0.460391  0.458187  0.456476  0.455086  0.454334  0.453989  0.454334  0.455086  0.456476  0.458187  0.460391  0.462756  0.465399  0.468002  0.470634  0.473019  0.475189  0.476939  0.478273  0.479082  0.479351  
0.44588  0.445611  0.444804  0.443517  0.441756  0.439676  0.437263  0.434754  0.432103  0.429604  0.427168  0.425118  0.423312  0.422072  0.421201  0.420995  0.421201  0.422072  0.423312  0.425118  0.427168  0.429604  0.432103  0.434754  0.437263  0.439676  0.441756  0.443517  0.444804  0.445611  0.44588  
0.412255  0.411998  0.411224  0.409948  0.408274  0.4062  0.403918  0.401401  0.398911  0.396383  0.394121  0.392014  0.390377  0.389048  0.388328  0.387999  0.388328  0.389048  0.390377  0.392014  0.394121  0.396383  0.398911  0.401401  0.403918  0.4062  0.408274  0.409948  0.411224  0.411998  0.412255  
0.378502  0.378251  0.377497  0.376295  0.37465  0.372707  0.370453  0.368109  0.365633  0.363298  0.361023  0.359107  0.357421  0.356263  0.35545  0.355256  0.35545  0.356263  0.357421  0.359107  0.361023  0.363298  0.365633  0.368109  0.370453  0.372707  0.37465  0.376295  0.377497  0.378251  0.378502  
0.344601  0.344366  0.343661  0.342499  0.340974  0.339085  0.337007  0.334715  0.332447  0.330145  0.328084  0.326165  0.324674  0.323464  0.322808  0.322508  0.322808  0.323464  0.324674  0.326165  0.328084  0.330145  0.332447  0.334715  0.337007  0.339085  0.340974  0.342499  0.343661  0.344366  0.344601  
0.310577  0.310355  0.309687  0.308622  0.307165  0.305444  0.303447  0.301371  0.299178  0.297109  0.295094  0.293397  0.291904  0.290877  0.290157  0.289986  0.290157  0.290877  0.291904  0.293397  0.295094  0.297109  0.299178  0.301371  0.303447  0.305444  0.307165  0.308622  0.309687  0.310355  0.310577  
0.276418  0.276217  0.275612  0.274614  0.273305  0.271684  0.2699  0.267933  0.265985  0.26401  0.26224  0.260594  0.259314  0.258275  0.257712  0.257455  0.257712  0.258275  0.259314  0.260594  0.26224  0.26401  0.265985  0.267933  0.2699  0.271684  0.273305  0.274614  0.275612  0.276217  0.276418  
0.24215  0.241966  0.241414  0.240533  0.239327  0.237903  0.236252  0.234533  0.232719  0.231007  0.229341  0.227936  0.226701  0.225851  0.225256  0.225114  0.225256  0.225851  0.226701  0.227936  0.229341  0.231007  0.232719  0.234533  0.236252  0.237903  0.239327  0.240533  0.241414  0.241966  0.24215  
0.207768  0.207608  0.20713  0.20634  0.205305  0.204022  0.20261  0.201054  0.199513  0.19795  0.19655  0.195248  0.194235  0.193413  0.192967  0.192765  0.192967  0.193413  0.194235  0.195248  0.19655  0.19795  0.199513  0.201054  0.20261  0.204022  0.205305  0.20634  0.20713  0.207608  0.207768  
0.173296  0.173158  0.172746  0.172087  0.171186  0.170121  0.168887  0.167603  0.166247  0.164967  0.163722  0.162672  0.161749  0.161113  0.160669  0.160562  0.160669  0.161113  0.161749  0.162672  0.163722  0.164967  0.166247  0.167603  0.168887  0.170121  0.171186  0.172087  0.172746  0.173158  0.173296  
0.138737  0.138626  0.138295  0.137749  0.137032  0.136144  0.135167  0.13409  0.133023  0.131942  0.130972  0.130071  0.12937  0.128801  0.128492  0.128352  0.128492  0.128801  0.12937  0.130071  0.130972  0.131942  0.133023  0.13409  0.135167  0.136144  0.137032  0.137749  0.138295  0.138626  0.138737  
0.104115  0.10403  0.103775  0.103368  0.102811  0.102152  0.101389  0.100595  0.0997571  0.0989661  0.0981962  0.097547  0.0969765  0.0965837  0.096309  0.0962429  0.096309  0.0965837  0.0969765  0.097547  0.0981962  0.0989661  0.0997571  0.100595  0.101389  0.102152  0.102811  0.103368  0.103775  0.10403  0.104115  
0.0694378  0.0693814  0.069212  0.0689328  0.0685662  0.0681123  0.0676126  0.0670621  0.0665166  0.0659638  0.0654682  0.0650074  0.0646487  0.0643582  0.0642002  0.0641286  0.0642002  0.0643582  0.0646487  0.0650074  0.0654682  0.0659638  0.0665166  0.0670621  0.0676126  0.0681123  0.0685662  0.0689328  0.069212  0.0693814  0.0694378  
0.0347283  0.0346995  0.0346132  0.0344755  0.034287  0.0340644  0.0338063  0.0335376  0.0332541  0.0329864  0.032726  0.0325063  0.0323134  0.0321805  0.0320875  0.0320652  0.0320875  0.0321805  0.0323134  0.0325063  0.032726  0.0329864  0.0332541  0.0335376  0.0338063  0.0340644  0.034287  0.0344755  0.0346132  0.0346995  0.0347283  
0  0  0  0  0  0  0  0  0  0  0  0  0  0  0  0  0  0  0  0  0  0  0  0  0  0  0  0  0  0  0  
