1  1  1  1  1  1  1  1  1  1  1  1  1  1  1  1  1  1  1  1  1  1  1  1  1  1  1  1  1  1  1  
0.967928  0.9679  0.967817  0.967672  0.967495  0.967256  0.967018  0.966726  0.966469  0.966172  0.965944  0.965689  0.965533  0.965362  0.965308  0.965246  0.965308  0.965362  0.965533  0.965689  0.965944  0.966172  0.966469  0.966726  0.967018  0.967256  0.967495  0.967672  0.967817  0.9679  0.967928  
0.935849  0.935791  0.935615  0.935351  0.93496  0.934538  0.933999  0.933495  0.932896  0.932403  0.931842  0.931451  0.931018  0.930804  0.930568  0.930576  0.930568  0.930804  0.931018  0.931451  0.931842  0.932403  0.932896  0.933495  0.933999  0.934538  0.93496  0.935351  0.935615  0.935791  0.935849  
0.903736  0.903654  0.903409  0.902979  0.902457  0.901752  0.901048  0.900184  0.899425  0.898545  0.897872  0.897119  0.896658  0.896151  0.895993  0.895809  0.895993  0.896151  0.896658  0.897119  0.897872  0.898545  0.899425  0.900184  0.901048  0.901752  0.902457  0.902979  0.903409  0.903654  0.903736  
0.871604  0.871489  0.871146  0.870629  0.869866  0.86904  0.867985  0.867  0.865828  0.864863  0.863766  0.863001  0.862156  0.861737  0.861275  0.861289  0.861275  0.861737  0.862156  0.863001  0.863766  0.864863  0.865828  0.867  0.867985  0.86904  0.869866  0.870629  0.871146  0.871489  0.871604  
0.839404  0.839272  0.838875  0.83818  0.837335  0.836195  0.835055  0.833658  0.83243  0.831008  0.829918  0.8287  0.827953  0.827135  0.826878  0.826581  0.826878  0.827135  0.827953  0.8287  0.829918  0.831008  0.83243  0.833658  0.835055  0.836195  0.837335  0.83818  0.838875  0.839272  0.839404  
0.807172  0.807007  0.80651  0.805763  0.804661  0.803467  0.801944  0.80052  0.798828  0.797433  0.795849  0.794743  0.793523  0.792916  0.79225  0.79227  0.79225  0.792916  0.793523  0.794743  0.795849  0.797433  0.798828  0.80052  0.801944  0.803467  0.804661  0.805763  0.80651  0.807007  0.807172  
0.774841  0.774664  0.774133  0.773203  0.772073  0.770547  0.769022  0.767154  0.76551  0.763608  0.762149  0.760521  0.75952  0.758427  0.758082  0.757686  0.758082  0.758427  0.75952  0.760521  0.762149  0.763608  0.76551  0.767154  0.769022  0.770547  0.772073  0.773203  0.774133  0.774664  0.774841  
0.742464  0.742255  0.741627  0.740683  0.739291  0.737781  0.735857  0.734056  0.731919  0.730154  0.728154  0.726754  0.725214  0.724445  0.723605  0.723628  0.723605  0.724445  0.725214  0.726754  0.728154  0.730154  0.731919  0.734056  0.735857  0.737781  0.739291  0.740683  0.741627  0.742255  0.742464  
0.70996  0.709746  0.709104  0.70798  0.706614  0.704771  0.702926  0.700669  0.698682  0.696384  0.694618  0.692653  0.691442  0.690122  0.689702  0.689227  0.689702  0.690122  0.691442  0.692653  0.694618  0.696384  0.698682  0.700669  0.702926  0.704771  0.706614  0.70798  0.709104  0.709746  0.70996  
0.677397  0.677154  0.676422  0.675322  0.6737  0.671941  0.669701  0.667601  0.665112  0.663055  0.660727  0.659094  0.657302  0.656404  0.655427  0.655452  0.655427  0.656404  0.657302  0.659094  0.660727  0.663055  0.665112  0.667601  0.669701  0.671941  0.6737  0.675322  0.676422  0.677154  0.677397  
0.644682  0.644441  0.643715  0.642448  0.640904  0.638824  0.636741  0.634195  0.631949  0.629357  0.627362  0.625146  0.623776  0.622289  0.621812  0.621278  0.621812  0.622289  0.623776  0.625146  0.627362  0.629357  0.631949  0.634195  0.636741  0.638824  0.640904  0.642448  0.643715  0.644441  0.644682  
0.611897  0.611629  0.610826  0.609618  0.607838  0.605906  0.603447  0.60114  0.59841  0.596149  0.593596  0.5918  0.589835  0.588846  0.587777  0.587802  0.587777  0.588846  0.589835  0.5918  0.593596  0.596149  0.59841  0.60114  0.603447  0.605906  0.607838  0.609618  0.610826  0.611629  0.611897  
0.57894  0.578681  0.577904  0.576548  0.574895  0.572669  0.570437  0.567713  0.565308  0.562535  0.560397  0.558028  0.556558  0.554969  0.554456  0.553887  0.554456  0.554969  0.556558  0.558028  0.560397  0.562535  0.565308  0.567713  0.570437  0.572669  0.574895  0.576548  0.577904  0.578681  0.57894  
0.545901  0.545621  0.544782  0.543518  0.541659  0.539637  0.537068  0.534654  0.531801  0.529435  0.526768  0.524887  0.522837  0.521799  0.520685  0.520707  0.520685  0.521799  0.522837  0.524887  0.526768  0.529435  0.531801  0.534654  0.537068  0.539637  0.541659  0.543518  0.544782  0.545621  0.545901  
0.512678  0.512414  0.51162  0.510234  0.508543  0.506269  0.503986  0.501203  0.498742  0.49591  0.493722  0.491302  0.489797  0.488176  0.487648  0.48707  0.487648  0.488176  0.489797  0.491302  0.493722  0.49591  0.498742  0.501203  0.503986  0.506269  0.508543  0.510234  0.51162  0.512414  0.512678  
0.479366  0.479087  0.478248  0.476983  0.475125  0.473102  0.470534  0.468118  0.465268  0.4629  0.460235  0.458352  0.456304  0.455264  0.454153  0.454171  0.454153  0.455264  0.456304  0.458352  0.460235  0.4629  0.465268  0.468118  0.470534  0.473102  0.475125  0.476983  0.478248  0.479087  0.479366  
0.445865  0.445606  0.444829  0.443473  0.441819  0.439596  0.437361  0.43464  0.432231  0.429463  0.42732  0.424956  0.42348  0.421898  0.421378  0.420817  0.421378  0.421898  0.42348  0.424956  0.42732  0.429463  0.432231  0.43464  0.437361  0.439596  0.441819  0.443473  0.444829  0.445606  0.445865  
0.41227  0.412002  0.4112  0.40999  0.408213  0.406278  0.403823  0.401511  0.398787  0.39652  0.393974  0.39217  0.390214  0.389216  0.388157  0.388171  0.388157  0.389216  0.390214  0.39217  0.393974  0.39652  0.398787  0.401511  0.403823  0.406278  0.408213  0.40999  0.4112  0.412002  0.41227  
0.378488  0.378246  0.37752  0.376255  0.374708  0.372632  0.370544  0.368004  0.365751  0.363168  0.361164  0.358958  0.357577  0.356102  0.355613  0.355092  0.355613  0.356102  0.357577  0.358958  0.361164  0.363168  0.365751  0.368004  0.370544  0.372632  0.374708  0.376255  0.37752  0.378246  0.378488  
0.344614  0.34437  0.34364  0.342538  0.34092  0.339156  0.336921  0.334814  0.332335  0.330268  0.327951  0.326306  0.324527  0.323615  0.322653  0.322664  0.322653  0.323615  0.324527  0.326306  0.327951  0.330268  0.332335  0.334814  0.336921  0.339156  0.34092  0.342538  0.34364  0.34437  0.344614  
0.310565  0.31035  0.309707  0.308587  0.307216  0.305378  0.303527  0.301278  0.299282  0.296995  0.295218  0.293266  0.29204  0.290736  0.290301  0.289841  0.290301  0.290736  0.29204  0.293266  0.295218  0.296995  0.299282  0.301278  0.303527  0.305378  0.307216  0.308587  0.309707  0.31035  0.310565  
0.276429  0.27622  0.275594  0.274647  0.273259  0.271744  0.269827  0.268017  0.26589  0.264114  0.262128  0.260713  0.259189  0.258404  0.257581  0.257587  0.257581  0.258404  0.259189  0.260713  0.262128  0.264114  0.26589  0.268017  0.269827  0.271744  0.273259  0.274647  0.275594  0.27622  0.276429  
0.24214  0.241963  0.241431  0.240504  0.239369  0.237849  0.236317  0.234458  0.232804  0.230914  0.229442  0.227829  0.226813  0.225736  0.225374  0.224996  0.225374  0.225736  0.226813  0.227829  0.229442  0.230914  0.232804  0.234458  0.236317  0.237849  0.239369  0.240504  0.241431  0.241963  0.24214  
0.207776  0.207611  0.207115  0.206366  0.205268  0.204069  0.202553  0.20112  0.199438  0.198032  0.196462  0.195342  0.194137  0.193514  0.192864  0.192868  0.192864  0.193514  0.194137  0.195342  0.196462  0.198032  0.199438  0.20112  0.202553  0.204069  0.205268  0.206366  0.207115  0.207611  0.207776  
0.173289  0.173156  0.172758  0.172065  0.171217  0.170081  0.168936  0.167546  0.16631  0.164898  0.163797  0.162592  0.161832  0.161028  0.160756  0.160474  0.160756  0.161028  0.161832  0.162592  0.163797  0.164898  0.16631  0.167546  0.168936  0.170081  0.171217  0.172065  0.172758  0.173156  0.173289  
0.138743  0.138628  0.138285  0.137767  0.137007  0.136177  0.135128  0.134136  0.132972  0.131998  0.130912  0.130136  0.129302  0.128871  0.128422  0.128424  0.128422  0.128871  0.129302  0.130136  0.130912  0.131998  0.132972  0.134136  0.135128  0.136177  0.137007  0.137767  0.138285  0.138628  0.138743  
0.10411  0.104028  0.103782  0.103354  0.10283  0.102128  0.101419  0.100561  0.0997961  0.0989232  0.0982424  0.097498  0.0970277  0.096531  0.0963626  0.0961889  0.0963626  0.096531  0.0970277  0.097498  0.0982424  0.0989232  0.0997961  0.100561  0.101419  0.102128  0.10283  0.103354  0.103782  0.104028  0.10411  
0.0694409  0.0693824  0.069207  0.0689418  0.0685533  0.0681288  0.0675926  0.0670853  0.0664905  0.0659925  0.0654371  0.0650402  0.0646144  0.0643937  0.0641641  0.0641649  0.0641641  0.0643937  0.0646144  0.0650402  0.0654371  0.0659925  0.0664905  0.0670853  0.0675926  0.0681288  0.0685533  0.0689418  0.069207  0.0693824  0.0694409  
0.0347268  0.034699  0.0346158  0.0344709  0.0342935  0.0340561  0.0338163  0.0335259  0.0332672  0.032972  0.0327416  0.0324898  0.0323306  0.0321627  0.0321057  0.032047  0.0321057  0.0321627  0.0323306  0.0324898  0.0327416  0.032972  0.0332672  0.0335259  0.0338163  0.0340561  0.0342935  0.0344709  0.0346158  0.034699  0.0347268  
0  0  0  0  0  0  0  0  0  0  0  0  0  0  0  0  0  0  0  0  0  0  0  0  0  0  0  0  0  0  0  
