1  1  1  1  1  1  1  1  1  1  1  1  1  1  1  1  1  1  1  1  1  1  1  1  1  1  1  1  1  1  1  
0.967925  0.967899  0.967822  0.967664  0.967507  0.967242  0.967036  0.966705  0.966493  0.966146  0.965972  0.965659  0.965564  0.96533  0.965341  0.965213  0.965341  0.96533  0.965564  0.965659  0.965972  0.966146  0.966493  0.966705  0.967036  0.967242  0.967507  0.967664  0.967822  0.967899  0.967925  
0.935855  0.935792  0.935606  0.935366  0.934938  0.934567  0.933963  0.933536  0.932849  0.932454  0.931786  0.93151  0.930957  0.930868  0.930503  0.930641  0.930503  0.930868  0.930957  0.93151  0.931786  0.932454  0.932849  0.933536  0.933963  0.934567  0.934938  0.935366  0.935606  0.935792  0.935855  
0.903728  0.903652  0.903422  0.902956  0.902491  0.901709  0.9011  0.900123  0.899494  0.898469  0.897954  0.897031  0.896749  0.896057  0.896089  0.895712  0.896089  0.896057  0.896749  0.897031  0.897954  0.898469  0.899494  0.900123  0.9011  0.901709  0.902491  0.902956  0.903422  0.903652  0.903728  
0.871615  0.871493  0.871128  0.87066  0.869822  0.869097  0.867916  0.86708  0.865737  0.864963  0.863658  0.863116  0.862035  0.861861  0.861148  0.861417  0.861148  0.861861  0.862035  0.863116  0.863658  0.864963  0.865737  0.86708  0.867916  0.869097  0.869822  0.87066  0.871128  0.871493  0.871615  
0.839392  0.839268  0.838896  0.838142  0.83739  0.836125  0.83514  0.833559  0.832542  0.830885  0.83005  0.828559  0.828101  0.826982  0.827033  0.826425  0.827033  0.826982  0.828101  0.828559  0.83005  0.830885  0.832542  0.833559  0.83514  0.836125  0.83739  0.838142  0.838896  0.839268  0.839392  
0.807187  0.807012  0.806485  0.805808  0.804597  0.803549  0.801845  0.800636  0.798697  0.797577  0.795694  0.794908  0.79335  0.793094  0.792068  0.792453  0.792068  0.793094  0.79335  0.794908  0.795694  0.797577  0.798697  0.800636  0.801845  0.803549  0.804597  0.805808  0.806485  0.807012  0.807187  
0.774824  0.774658  0.774161  0.773153  0.772145  0.770454  0.769135  0.767022  0.765659  0.763444  0.762325  0.760334  0.759717  0.758224  0.758288  0.757479  0.758288  0.758224  0.759717  0.760334  0.762325  0.763444  0.765659  0.767022  0.769135  0.770454  0.772145  0.773153  0.774161  0.774658  0.774824  
0.742483  0.742261  0.741596  0.740739  0.739211  0.737885  0.735732  0.734201  0.731755  0.730335  0.727959  0.726961  0.724997  0.724669  0.723376  0.723858  0.723376  0.724669  0.724997  0.726961  0.727959  0.730335  0.731755  0.734201  0.735732  0.737885  0.739211  0.740739  0.741596  0.742261  0.742483  
0.70994  0.709739  0.709138  0.70792  0.706701  0.704659  0.703061  0.700512  0.698859  0.696188  0.69483  0.692429  0.691677  0.689879  0.68995  0.688978  0.68995  0.689879  0.691677  0.692429  0.69483  0.696188  0.698859  0.700512  0.703061  0.704659  0.706701  0.70792  0.709138  0.709739  0.70994  
0.677419  0.677161  0.676386  0.675387  0.673608  0.67206  0.669556  0.667769  0.664923  0.663264  0.660502  0.659333  0.657051  0.656662  0.655164  0.655717  0.655164  0.656662  0.657051  0.659333  0.660502  0.663264  0.664923  0.667769  0.669556  0.67206  0.673608  0.675387  0.676386  0.677161  0.677419  
0.644659  0.644433  0.643753  0.64238  0.641002  0.638699  0.636892  0.634018  0.632148  0.629138  0.627599  0.624895  0.624039  0.622018  0.622089  0.621  0.622089  0.622018  0.624039  0.624895  0.627599  0.629138  0.632148  0.634018  0.636892  0.638699  0.641002  0.64238  0.643753  0.644433  0.644659  
0.61192  0.611637  0.610787  0.609688  0.607738  0.606036  0.60329  0.601323  0.598204  0.596376  0.593351  0.59206  0.589563  0.589127  0.587491  0.588089  0.587491  0.589127  0.589563  0.59206  0.593351  0.596376  0.598204  0.601323  0.60329  0.606036  0.607738  0.609688  0.610787  0.611637  0.61192  
0.578915  0.578673  0.577945  0.576475  0.574998  0.572536  0.570598  0.567526  0.565518  0.562303  0.560648  0.557761  0.556836  0.554682  0.554748  0.553593  0.554748  0.554682  0.556836  0.557761  0.560648  0.562303  0.565518  0.567526  0.570598  0.572536  0.574998  0.576475  0.577945  0.578673  0.578915  
0.545926  0.54563  0.544741  0.543591  0.541554  0.539771  0.536905  0.534843  0.531588  0.52967  0.526515  0.525156  0.522555  0.52209  0.520389  0.521004  0.520389  0.52209  0.522555  0.525156  0.526515  0.52967  0.531588  0.534843  0.536905  0.539771  0.541554  0.543591  0.544741  0.54563  0.545926  
0.512654  0.512405  0.511661  0.51016  0.508647  0.506134  0.504149  0.501014  0.498955  0.495675  0.493975  0.491033  0.490078  0.487886  0.487943  0.486773  0.487943  0.487886  0.490078  0.491033  0.493975  0.495675  0.498955  0.501014  0.504149  0.506134  0.508647  0.51016  0.511661  0.512405  0.512654  
0.479391  0.479095  0.478207  0.477056  0.475021  0.473235  0.470373  0.468306  0.465057  0.463132  0.459985  0.458618  0.456026  0.45555  0.453861  0.454465  0.453861  0.45555  0.456026  0.458618  0.459985  0.463132  0.465057  0.468306  0.470373  0.473235  0.475021  0.477056  0.478207  0.479095  0.479391  
0.445841  0.445598  0.444868  0.443403  0.44192  0.439465  0.437519  0.434457  0.432437  0.429236  0.427565  0.424696  0.423752  0.421618  0.421664  0.420529  0.421664  0.421618  0.423752  0.424696  0.427565  0.429236  0.432437  0.434457  0.437519  0.439465  0.44192  0.443403  0.444868  0.445598  0.445841  
0.412293  0.41201  0.411162  0.410059  0.408115  0.406404  0.403671  0.401688  0.398588  0.396739  0.393737  0.392421  0.389951  0.389487  0.387881  0.388449  0.387881  0.389487  0.389951  0.392421  0.393737  0.396739  0.398588  0.401688  0.403671  0.406404  0.408115  0.410059  0.411162  0.41201  0.412293  
0.378466  0.378239  0.377557  0.376189  0.374802  0.372512  0.370689  0.367835  0.365942  0.362958  0.36139  0.358718  0.357828  0.355843  0.355877  0.354826  0.355877  0.355843  0.357828  0.358718  0.36139  0.362958  0.365942  0.367835  0.370689  0.372512  0.374802  0.376189  0.377557  0.378239  0.378466  
0.344635  0.344377  0.343605  0.342599  0.340831  0.339269  0.336784  0.334974  0.332155  0.330466  0.327738  0.326532  0.32429  0.32386  0.322405  0.322914  0.322405  0.32386  0.32429  0.326532  0.327738  0.330466  0.332155  0.334974  0.336784  0.339269  0.340831  0.342599  0.343605  0.344377  0.344635  
0.310546  0.310344  0.309739  0.308529  0.307298  0.305272  0.303655  0.30113  0.299449  0.296811  0.295416  0.293055  0.29226  0.290509  0.290532  0.289609  0.290532  0.290509  0.29226  0.293055  0.295416  0.296811  0.299449  0.30113  0.303655  0.305272  0.307298  0.308529  0.309739  0.310344  0.310546  
0.276447  0.276226  0.275564  0.2747  0.273183  0.271841  0.26971  0.268153  0.265737  0.264283  0.261946  0.260906  0.258987  0.258612  0.257369  0.2578  0.257369  0.258612  0.258987  0.260906  0.261946  0.264283  0.265737  0.268153  0.26971  0.271841  0.273183  0.2747  0.275564  0.276226  0.276447  
0.242124  0.241958  0.241457  0.240456  0.239437  0.237762  0.236422  0.234336  0.232942  0.230763  0.229605  0.227656  0.226994  0.22555  0.225564  0.224805  0.225564  0.22555  0.226994  0.227656  0.229605  0.230763  0.232942  0.234336  0.236422  0.237762  0.239437  0.240456  0.241457  0.241958  0.242124  
0.20779  0.207616  0.207092  0.206407  0.205209  0.204145  0.202461  0.201227  0.199318  0.198165  0.196319  0.195493  0.193978  0.193677  0.192698  0.193035  0.192698  0.193677  0.193978  0.195493  0.196319  0.198165  0.199318  0.201227  0.202461  0.204145  0.205209  0.206407  0.207092  0.207616  0.20779  
0.173277  0.173152  0.172778  0.17203  0.171267  0.170017  0.169014  0.167456  0.166412  0.164785  0.163918  0.162464  0.161966  0.160889  0.160897  0.160333  0.160897  0.160889  0.161966  0.162464  0.163918  0.164785  0.166412  0.167456  0.169014  0.170017  0.171267  0.17203  0.172778  0.173152  0.173277  
0.138752  0.138632  0.138269  0.137795  0.136966  0.136229  0.135064  0.134209  0.132889  0.132089  0.130813  0.13024  0.129193  0.128983  0.128307  0.128538  0.128307  0.128983  0.129193  0.13024  0.130813  0.132089  0.132889  0.134209  0.135064  0.136229  0.136966  0.137795  0.138269  0.138632  0.138752  
0.104103  0.104026  0.103794  0.103332  0.102861  0.102088  0.101467  0.100505  0.0998589  0.0988542  0.0983168  0.0974191  0.0971101  0.0964459  0.0964492  0.0961019  0.0964492  0.0964459  0.0971101  0.0974191  0.0983168  0.0988542  0.0998589  0.100505  0.101467  0.102088  0.102861  0.103332  0.103794  0.104026  0.104103  
0.0694458  0.069384  0.0691989  0.0689563  0.0685326  0.0681555  0.0675603  0.0671228  0.0664483  0.0660389  0.0653871  0.0650933  0.064559  0.0644508  0.064106  0.0642234  0.064106  0.0644508  0.064559  0.0650933  0.0653871  0.0660389  0.0664483  0.0671228  0.0675603  0.0681555  0.0685326  0.0689563  0.0691989  0.069384  0.0694458  
0.0347243  0.0346982  0.0346198  0.0344636  0.0343039  0.0340426  0.0338325  0.0335071  0.0332884  0.0329487  0.0327667  0.0324632  0.0323585  0.032134  0.0321349  0.0320176  0.0321349  0.032134  0.0323585  0.0324632  0.0327667  0.0329487  0.0332884  0.0335071  0.0338325  0.0340426  0.0343039  0.0344636  0.0346198  0.0346982  0.0347243  
0  0  0  0  0  0  0  0  0  0  0  0  0  0  0  0  0  0  0  0  0  0  0  0  0  0  0  0  0  0  0  
