1  1  1  1  1  1  1  1  1  1  1  1  1  1  1  1  1  1  1  1  1  1  1  1  1  1  1  1  1  1  1  
0.967917  0.967897  0.967835  0.96764  0.967541  0.967198  0.967089  0.966643  0.966563  0.966069  0.966055  0.965571  0.965657  0.965234  0.965438  0.965115  0.965438  0.965234  0.965657  0.965571  0.966055  0.966069  0.966563  0.966643  0.967089  0.967198  0.967541  0.96764  0.967835  0.967897  0.967917  
0.93587  0.935798  0.935579  0.935414  0.93487  0.934655  0.933858  0.93366  0.93271  0.932607  0.931621  0.931686  0.930772  0.931058  0.930309  0.930836  0.930309  0.931058  0.930772  0.931686  0.931621  0.932607  0.93271  0.93366  0.933858  0.934655  0.93487  0.935414  0.935579  0.935798  0.93587  
0.903705  0.903644  0.903462  0.902885  0.902592  0.901579  0.901258  0.89994  0.899701  0.898242  0.8982  0.89677  0.897023  0.895774  0.896377  0.895422  0.896377  0.895774  0.897023  0.89677  0.8982  0.898242  0.899701  0.89994  0.901258  0.901579  0.902592  0.902885  0.903462  0.903644  0.903705  
0.871646  0.871503  0.871076  0.870752  0.869689  0.869267  0.86771  0.86732  0.865466  0.865262  0.863335  0.863459  0.861676  0.862232  0.86077  0.861797  0.86077  0.862232  0.861676  0.863459  0.863335  0.865262  0.865466  0.86732  0.86771  0.869267  0.869689  0.870752  0.871076  0.871503  0.871646  
0.839353  0.839255  0.83896  0.838028  0.837552  0.835916  0.835393  0.833265  0.832874  0.830518  0.830447  0.828138  0.828541  0.826528  0.827496  0.825959  0.827496  0.826528  0.828541  0.828138  0.830447  0.830518  0.832874  0.833265  0.835393  0.835916  0.837552  0.838028  0.83896  0.839255  0.839353  
0.807232  0.807027  0.80641  0.805941  0.804407  0.803794  0.801548  0.800981  0.798308  0.798006  0.79523  0.795401  0.792834  0.793627  0.791525  0.792999  0.791525  0.793627  0.792834  0.795401  0.79523  0.798006  0.798308  0.800981  0.801548  0.803794  0.804407  0.805941  0.80641  0.807027  0.807232  
0.774773  0.774641  0.774246  0.773001  0.772361  0.770176  0.769472  0.76663  0.766101  0.762957  0.762852  0.759774  0.760302  0.75762  0.758904  0.756859  0.758904  0.75762  0.760302  0.759774  0.762852  0.762957  0.766101  0.76663  0.769472  0.770176  0.772361  0.773001  0.774246  0.774641  0.774773  
0.74254  0.74228  0.741502  0.740906  0.738972  0.738192  0.735359  0.734635  0.731265  0.730874  0.727377  0.72758  0.724349  0.725337  0.722696  0.724543  0.722696  0.725337  0.724349  0.72758  0.727377  0.730874  0.731265  0.734635  0.735359  0.738192  0.738972  0.740906  0.741502  0.74228  0.74254  
0.709879  0.709719  0.709239  0.707738  0.70696  0.704325  0.703466  0.700041  0.69939  0.695603  0.695461  0.691758  0.692378  0.689155  0.690687  0.688236  0.690687  0.689155  0.692378  0.691758  0.695461  0.695603  0.69939  0.700041  0.703466  0.704325  0.70696  0.707738  0.709239  0.709719  0.709879  
0.677484  0.677183  0.676278  0.67558  0.673332  0.672416  0.669125  0.66827  0.664358  0.663887  0.659829  0.660047  0.656304  0.657434  0.654378  0.656508  0.654378  0.657434  0.656304  0.660047  0.659829  0.663887  0.664358  0.66827  0.669125  0.672416  0.673332  0.67558  0.676278  0.677183  0.677484  
0.644591  0.64441  0.643867  0.642177  0.641292  0.638326  0.637345  0.633492  0.632742  0.628484  0.628305  0.624145  0.624823  0.621208  0.622913  0.620171  0.622913  0.621208  0.624823  0.624145  0.628305  0.628484  0.632742  0.633492  0.637345  0.638326  0.641292  0.642177  0.643867  0.64441  0.644591  
0.611991  0.611661  0.610669  0.609899  0.607437  0.606423  0.602821  0.601868  0.597589  0.597053  0.59262  0.592836  0.588751  0.589965  0.586638  0.588948  0.586638  0.589965  0.588751  0.592836  0.59262  0.597053  0.597589  0.601868  0.602821  0.606423  0.607437  0.609899  0.610669  0.611661  0.611991  
0.578843  0.578648  0.578065  0.57626  0.575306  0.57214  0.571078  0.566968  0.566148  0.56161  0.561395  0.556967  0.557666  0.553825  0.555621  0.552715  0.555621  0.553825  0.557666  0.556967  0.561395  0.56161  0.566148  0.566968  0.571078  0.57214  0.575306  0.57626  0.578065  0.578648  0.578843  
0.545999  0.545654  0.544619  0.543809  0.541243  0.540172  0.536419  0.535407  0.530952  0.530371  0.525759  0.525959  0.521716  0.522956  0.519507  0.521892  0.519507  0.522956  0.521716  0.525959  0.525759  0.530371  0.530952  0.535407  0.536419  0.540172  0.541243  0.543809  0.544619  0.545654  0.545999  
0.51258  0.512381  0.511783  0.509942  0.508959  0.505733  0.504635  0.500449  0.499592  0.494974  0.494731  0.490231  0.490917  0.48702  0.488825  0.485886  0.488825  0.48702  0.490917  0.490231  0.494731  0.494974  0.499592  0.500449  0.504635  0.505733  0.508959  0.509942  0.511783  0.512381  0.51258  
0.479463  0.479119  0.478087  0.477272  0.474713  0.473632  0.469892  0.468864  0.464428  0.463825  0.459237  0.459411  0.455196  0.456406  0.452989  0.455342  0.452989  0.456406  0.455196  0.459411  0.459237  0.463825  0.464428  0.468864  0.469892  0.473632  0.474713  0.477272  0.478087  0.479119  0.479463  
0.44577  0.445574  0.444987  0.443191  0.442222  0.439077  0.437989  0.433911  0.433053  0.428558  0.428296  0.42392  0.424563  0.420781  0.422516  0.419672  0.422516  0.420781  0.424563  0.42392  0.428296  0.428558  0.433053  0.433911  0.437989  0.439077  0.442222  0.443191  0.444987  0.445574  0.44577  
0.412362  0.412033  0.411047  0.410264  0.407823  0.40678  0.403215  0.402217  0.397992  0.397395  0.39303  0.393172  0.389167  0.390296  0.387057  0.389278  0.387057  0.390296  0.389167  0.393172  0.39303  0.397395  0.397992  0.402217  0.403215  0.40678  0.407823  0.410264  0.411047  0.412033  0.412362  
0.3784  0.378217  0.377666  0.375993  0.375081  0.372152  0.371125  0.367329  0.366512  0.362331  0.362066  0.358001  0.358578  0.35507  0.356664  0.354035  0.356664  0.35507  0.358578  0.358001  0.362066  0.362331  0.366512  0.367329  0.371125  0.372152  0.375081  0.375993  0.377666  0.378217  0.3784  
0.344697  0.344398  0.343502  0.342784  0.340568  0.339609  0.336373  0.335451  0.331617  0.331057  0.3271  0.327209  0.323583  0.324589  0.321662  0.323661  0.321662  0.324589  0.323583  0.327209  0.3271  0.331057  0.331617  0.335451  0.336373  0.339609  0.340568  0.342784  0.343502  0.344398  0.344697  
0.310488  0.310325  0.309836  0.308357  0.307544  0.304957  0.304037  0.300686  0.299949  0.296261  0.296009  0.292427  0.292918  0.289831  0.291222  0.288915  0.291222  0.289831  0.292918  0.292427  0.296009  0.296261  0.299949  0.300686  0.304037  0.304957  0.307544  0.308357  0.309836  0.310325  0.310488  
0.2765  0.276244  0.275476  0.274857  0.272959  0.272129  0.26936  0.268559  0.26528  0.264786  0.261404  0.261481  0.258386  0.259231  0.256738  0.258435  0.256738  0.259231  0.258386  0.261481  0.261404  0.264786  0.26528  0.268559  0.26936  0.272129  0.272959  0.274857  0.275476  0.276244  0.2765  
0.242077  0.241942  0.241536  0.240315  0.239638  0.237503  0.236736  0.233971  0.233352  0.230312  0.230091  0.22714  0.227533  0.224994  0.226129  0.224236  0.226129  0.224994  0.227533  0.22714  0.230091  0.230312  0.233352  0.233971  0.236736  0.237503  0.239638  0.240315  0.241536  0.241942  0.242077  
0.207832  0.207629  0.207023  0.206531  0.205032  0.204372  0.202186  0.201546  0.198959  0.19856  0.195893  0.195944  0.193507  0.194164  0.192203  0.193533  0.192203  0.194164  0.193507  0.195944  0.195893  0.19856  0.198959  0.201546  0.202186  0.204372  0.205032  0.206531  0.207023  0.207629  0.207832  
0.173242  0.17314  0.172836  0.171925  0.171417  0.169824  0.169247  0.167185  0.166717  0.16445  0.164279  0.162081  0.162366  0.160477  0.161317  0.15991  0.161317  0.160477  0.162366  0.162081  0.164279  0.16445  0.166717  0.167185  0.169247  0.169824  0.171417  0.171925  0.172836  0.17314  0.173242  
0.138781  0.138641  0.138222  0.13788  0.136845  0.136385  0.134875  0.134429  0.132642  0.132361  0.13052  0.13055  0.128869  0.129318  0.127967  0.128881  0.127967  0.129318  0.128869  0.13055  0.13052  0.132361  0.132642  0.134429  0.134875  0.136385  0.136845  0.13788  0.138222  0.138641  0.138781  
0.104081  0.104019  0.10383  0.103268  0.102953  0.101969  0.101611  0.100338  0.100046  0.0986481  0.098539  0.0971835  0.0973562  0.0961923  0.0967075  0.0958421  0.0967075  0.0961923  0.0973562  0.0971835  0.098539  0.0986481  0.100046  0.100338  0.101611  0.101969  0.102953  0.103268  0.10383  0.104019  0.104081  
0.0694603  0.0693889  0.0691746  0.0689996  0.0684707  0.0682352  0.0674639  0.0672346  0.0663223  0.0661774  0.0652379  0.0652515  0.0643936  0.0646212  0.0639325  0.0643979  0.0639325  0.0646212  0.0643936  0.0652515  0.0652379  0.0661774  0.0663223  0.0672346  0.0674639  0.0682352  0.0684707  0.0689996  0.0691746  0.0693889  0.0694603  
0.034717  0.0346957  0.034632  0.0344419  0.034335  0.0340026  0.0338809  0.0334509  0.0333517  0.0328791  0.0328417  0.0323837  0.0324415  0.0320484  0.032222  0.0319299  0.032222  0.0320484  0.0324415  0.0323837  0.0328417  0.0328791  0.0333517  0.0334509  0.0338809  0.0340026  0.034335  0.0344419  0.034632  0.0346957  0.034717  
0  0  0  0  0  0  0  0  0  0  0  0  0  0  0  0  0  0  0  0  0  0  0  0  0  0  0  0  0  0  0  
