1  1  1  1  1  1  1  1  1  1  1  1  1  1  1  1  1  1  1  1  1  1  1  1  1  1  1  1  1  1  1  
0.967912  0.967895  0.967844  0.967624  0.967563  0.967169  0.967125  0.966602  0.966609  0.966018  0.96611  0.965512  0.965718  0.96517  0.965503  0.96505  0.965503  0.96517  0.965718  0.965512  0.96611  0.966018  0.966609  0.966602  0.967125  0.967169  0.967563  0.967624  0.967844  0.967895  0.967912  
0.935881  0.935801  0.935562  0.935445  0.934825  0.934713  0.933788  0.933741  0.932618  0.932709  0.931511  0.931802  0.93065  0.931184  0.930181  0.930965  0.930181  0.931184  0.93065  0.931802  0.931511  0.932709  0.932618  0.933741  0.933788  0.934713  0.934825  0.935445  0.935562  0.935801  0.935881  
0.903689  0.903639  0.903488  0.902839  0.902658  0.901493  0.901361  0.899819  0.899837  0.898091  0.898363  0.896597  0.897204  0.895587  0.896567  0.895231  0.896567  0.895587  0.897204  0.896597  0.898363  0.898091  0.899837  0.899819  0.901361  0.901493  0.902658  0.902839  0.903488  0.903639  0.903689  
0.871666  0.87151  0.871042  0.870813  0.869602  0.86938  0.867573  0.867479  0.865287  0.86546  0.863121  0.863686  0.861439  0.862477  0.86052  0.862049  0.86052  0.862477  0.861439  0.863686  0.863121  0.86546  0.865287  0.867479  0.867573  0.86938  0.869602  0.870813  0.871042  0.87151  0.871666  
0.839328  0.839247  0.839002  0.837953  0.837659  0.835778  0.835561  0.83307  0.833094  0.830276  0.830708  0.82786  0.828833  0.826227  0.827803  0.82565  0.827803  0.826227  0.828833  0.82786  0.830708  0.830276  0.833094  0.83307  0.835561  0.835778  0.837659  0.837953  0.839002  0.839247  0.839328  
0.807262  0.807037  0.806361  0.806029  0.804281  0.803956  0.801352  0.801209  0.79805  0.798291  0.794923  0.795727  0.792492  0.79398  0.791166  0.79336  0.791166  0.79398  0.792492  0.795727  0.794923  0.798291  0.79805  0.801209  0.801352  0.803956  0.804281  0.806029  0.806361  0.807037  0.807262  
0.77474  0.77463  0.774301  0.772902  0.772504  0.769992  0.769694  0.766371  0.766393  0.762635  0.7632  0.759405  0.760689  0.757221  0.759311  0.756449  0.759311  0.757221  0.760689  0.759405  0.7632  0.762635  0.766393  0.766371  0.769694  0.769992  0.772504  0.772902  0.774301  0.77463  0.77474  
0.742577  0.742293  0.74144  0.741017  0.738814  0.738396  0.735113  0.734922  0.730942  0.731231  0.726991  0.727989  0.723921  0.725779  0.722245  0.724996  0.722245  0.725779  0.723921  0.727989  0.726991  0.731231  0.730942  0.734922  0.735113  0.738396  0.738814  0.741017  0.74144  0.742293  0.742577  
0.709838  0.709705  0.709306  0.707618  0.707131  0.704104  0.703733  0.69973  0.699741  0.695217  0.695879  0.691315  0.692842  0.688676  0.691175  0.687745  0.691175  0.688676  0.692842  0.691315  0.695879  0.695217  0.699741  0.69973  0.703733  0.704104  0.707131  0.707618  0.709306  0.709705  0.709838  
0.677527  0.677197  0.676206  0.675708  0.673149  0.672651  0.66884  0.668601  0.663984  0.664298  0.659384  0.66052  0.65581  0.657944  0.653859  0.657031  0.653859  0.657944  0.65581  0.66052  0.659384  0.664298  0.663984  0.668601  0.66884  0.672651  0.673149  0.675708  0.676206  0.677197  0.677527  
0.644546  0.644395  0.643942  0.642042  0.641483  0.638079  0.637644  0.633144  0.633134  0.628052  0.628772  0.62365  0.625342  0.620673  0.623458  0.619622  0.623458  0.620673  0.625342  0.62365  0.628772  0.628052  0.633134  0.633144  0.637644  0.638079  0.641483  0.642042  0.643942  0.644395  0.644546  
0.612038  0.611676  0.610591  0.610038  0.607238  0.606679  0.602511  0.602229  0.597183  0.597501  0.592136  0.59335  0.588214  0.590519  0.586073  0.589516  0.586073  0.590519  0.588214  0.59335  0.592136  0.597501  0.597183  0.602229  0.602511  0.606679  0.607238  0.610038  0.610591  0.611676  0.612038  
0.578795  0.578632  0.578145  0.576118  0.575509  0.571878  0.571396  0.566599  0.566564  0.561152  0.56189  0.556442  0.558215  0.553259  0.556198  0.552134  0.556198  0.553259  0.558215  0.556442  0.56189  0.561152  0.566564  0.566599  0.571396  0.571878  0.575509  0.576118  0.578145  0.578632  0.578795  
0.546048  0.54567  0.544539  0.543954  0.541037  0.540437  0.536098  0.535781  0.530531  0.530834  0.525259  0.52649  0.521161  0.523528  0.518924  0.522479  0.518924  0.523528  0.521161  0.52649  0.525259  0.530834  0.530531  0.535781  0.536098  0.540437  0.541037  0.543954  0.544539  0.54567  0.546048  
0.512532  0.512365  0.511863  0.509798  0.509165  0.505468  0.504956  0.500076  0.500012  0.494511  0.495231  0.4897  0.491472  0.486448  0.489408  0.485299  0.489408  0.486448  0.491472  0.4897  0.495231  0.494511  0.500012  0.500076  0.504956  0.505468  0.509165  0.509798  0.511863  0.512365  0.512532  
0.479511  0.479135  0.478007  0.477415  0.474509  0.473894  0.469574  0.469234  0.464011  0.464283  0.458742  0.459936  0.454648  0.456972  0.452412  0.455922  0.452412  0.456972  0.454648  0.459936  0.458742  0.464283  0.464011  0.469234  0.469574  0.473894  0.474509  0.477415  0.478007  0.479135  0.479511  
0.445723  0.445558  0.445065  0.443051  0.442421  0.43882  0.4383  0.433549  0.433461  0.42811  0.42878  0.423407  0.4251  0.420227  0.42308  0.419105  0.42308  0.420227  0.4251  0.423407  0.42878  0.42811  0.433461  0.433549  0.4383  0.43882  0.442421  0.443051  0.445065  0.445558  0.445723  
0.412407  0.412048  0.410972  0.410399  0.40763  0.407028  0.402914  0.402567  0.397598  0.397829  0.392562  0.393668  0.388648  0.390832  0.386512  0.389826  0.386512  0.390832  0.388648  0.393668  0.392562  0.397829  0.397598  0.402567  0.402914  0.407028  0.40763  0.410399  0.410972  0.412048  0.412407  
0.378357  0.378202  0.377739  0.375864  0.375266  0.371915  0.371413  0.366995  0.366888  0.361917  0.362513  0.357527  0.359073  0.354559  0.357185  0.353511  0.357185  0.354559  0.359073  0.357527  0.362513  0.361917  0.366888  0.366995  0.371413  0.371915  0.375266  0.375864  0.377739  0.378202  0.378357  
0.344738  0.344412  0.343434  0.342906  0.340393  0.339833  0.336101  0.335767  0.331262  0.331448  0.326678  0.327656  0.323116  0.325071  0.321172  0.324154  0.321172  0.325071  0.323116  0.327656  0.326678  0.331448  0.331262  0.335767  0.336101  0.339833  0.340393  0.342906  0.343434  0.344412  0.344738  
0.31045  0.310312  0.309899  0.308244  0.307706  0.304748  0.30429  0.300393  0.300279  0.295897  0.296401  0.292011  0.293352  0.289383  0.291678  0.288456  0.291678  0.289383  0.293352  0.292011  0.296401  0.295897  0.300279  0.300393  0.30429  0.304748  0.307706  0.308244  0.309899  0.310312  0.31045  
0.276535  0.276255  0.275418  0.274961  0.272811  0.27232  0.269129  0.268828  0.264977  0.265118  0.261045  0.261862  0.257989  0.259641  0.256321  0.258854  0.256321  0.259641  0.257989  0.261862  0.261045  0.265118  0.264977  0.268828  0.269129  0.27232  0.272811  0.274961  0.275418  0.276255  0.276535  
0.242046  0.241931  0.241588  0.240222  0.239771  0.237332  0.236943  0.233731  0.233623  0.230013  0.230413  0.226799  0.227889  0.224627  0.226503  0.223859  0.226503  0.224627  0.227889  0.226799  0.230413  0.230013  0.233623  0.233731  0.236943  0.237332  0.239771  0.240222  0.241588  0.241931  0.242046  
0.207859  0.207639  0.206977  0.206613  0.204916  0.204522  0.202005  0.201757  0.198721  0.198821  0.195612  0.196243  0.193195  0.194485  0.191876  0.193863  0.191876  0.194485  0.193195  0.196243  0.195612  0.198821  0.198721  0.201757  0.202005  0.204522  0.204916  0.206613  0.206977  0.207639  0.207859  
0.173218  0.173133  0.172875  0.171856  0.171516  0.169697  0.169401  0.167006  0.166918  0.164229  0.164518  0.161828  0.16263  0.160204  0.161594  0.159631  0.161594  0.160204  0.16263  0.161828  0.164518  0.164229  0.166918  0.167006  0.169401  0.169697  0.171516  0.171856  0.172875  0.173133  0.173218  
0.1388  0.138647  0.13819  0.137936  0.136764  0.136489  0.13475  0.134574  0.132478  0.132541  0.130327  0.130756  0.128654  0.129539  0.127741  0.129108  0.127741  0.129539  0.128654  0.130756  0.130327  0.132541  0.132478  0.134574  0.13475  0.136489  0.136764  0.137936  0.13819  0.138647  0.1388  
0.104067  0.104014  0.103854  0.103225  0.103014  0.101891  0.101705  0.100228  0.10017  0.0985118  0.0986859  0.0970278  0.0975189  0.0960245  0.0968783  0.0956703  0.0968783  0.0960245  0.0975189  0.0970278  0.0986859  0.0985118  0.10017  0.100228  0.101705  0.101891  0.103014  0.103225  0.103854  0.104014  0.104067  
0.06947  0.0693921  0.0691586  0.0690283  0.0684298  0.0682878  0.0674002  0.0673086  0.066239  0.0662689  0.0651391  0.0653562  0.0642843  0.0647339  0.0638177  0.0645134  0.0638177  0.0647339  0.0642843  0.0653562  0.0651391  0.0662689  0.066239  0.0673086  0.0674002  0.0682878  0.0684298  0.0690283  0.0691586  0.0693921  0.06947  
0.0347121  0.0346941  0.0346401  0.0344275  0.0343556  0.0339762  0.033913  0.0334137  0.0333935  0.0328331  0.0328913  0.0323311  0.0324964  0.0319918  0.0322796  0.0318719  0.0322796  0.0319918  0.0324964  0.0323311  0.0328913  0.0328331  0.0333935  0.0334137  0.033913  0.0339762  0.0343556  0.0344275  0.0346401  0.0346941  0.0347121  
0  0  0  0  0  0  0  0  0  0  0  0  0  0  0  0  0  0  0  0  0  0  0  0  0  0  0  0  0  0  0  
