1  1  1  1  1  1  1  1  1  1  1  1  1  1  1  1  1  1  1  1  1  1  1  1  1  1  1  1  1  1  1  
0.967877  0.967883  0.967901  0.967522  0.96771  0.96698  0.967353  0.966336  0.96691  0.965686  0.966469  0.965131  0.966117  0.964759  0.965922  0.964628  0.965922  0.964759  0.966117  0.965131  0.966469  0.965686  0.96691  0.966336  0.967353  0.96698  0.96771  0.967522  0.967901  0.967883  0.967877  
0.93595  0.935824  0.935448  0.935649  0.934534  0.935088  0.933333  0.93427  0.932021  0.933368  0.930799  0.932559  0.929858  0.932002  0.929347  0.931804  0.929347  0.932002  0.929858  0.932559  0.930799  0.933368  0.932021  0.93427  0.933333  0.935088  0.934534  0.935649  0.935448  0.935824  0.93595  
0.903587  0.903605  0.903657  0.902536  0.90309  0.900936  0.902037  0.899033  0.900724  0.897113  0.89942  0.895474  0.898379  0.894374  0.897804  0.893987  0.897804  0.894374  0.898379  0.895474  0.89942  0.897113  0.900724  0.899033  0.902037  0.900936  0.90309  0.902536  0.903657  0.903605  0.903587  
0.8718  0.871555  0.87082  0.871211  0.869034  0.870112  0.866686  0.868512  0.864122  0.866744  0.861734  0.865161  0.859895  0.864071  0.858896  0.863683  0.858896  0.864071  0.859895  0.865161  0.861734  0.866744  0.864122  0.868512  0.866686  0.870112  0.869034  0.871211  0.87082  0.871555  0.8718  
0.839164  0.839192  0.839275  0.837466  0.838356  0.83488  0.836649  0.831804  0.834523  0.828701  0.83241  0.826052  0.830725  0.824273  0.829793  0.823647  0.829793  0.824273  0.830725  0.826052  0.83241  0.828701  0.834523  0.831804  0.836649  0.83488  0.838356  0.837466  0.839275  0.839192  0.839164  
0.807454  0.807101  0.806041  0.8066  0.803465  0.805009  0.800076  0.802693  0.796375  0.800136  0.792928  0.797846  0.790275  0.796269  0.788833  0.795707  0.788833  0.796269  0.790275  0.797846  0.792928  0.800136  0.796375  0.802693  0.800076  0.805009  0.803465  0.8066  0.806041  0.807101  0.807454  
0.774521  0.774557  0.774665  0.772253  0.773431  0.768798  0.771142  0.764687  0.768293  0.760541  0.765462  0.757001  0.763204  0.754625  0.761956  0.753788  0.761956  0.754625  0.763204  0.757001  0.765462  0.760541  0.768293  0.764687  0.771142  0.768798  0.773431  0.772253  0.774665  0.774557  0.774521  
0.742818  0.742373  0.741038  0.741735  0.737788  0.739717  0.733511  0.736785  0.728839  0.733547  0.724489  0.730647  0.721139  0.72865  0.71932  0.727939  0.71932  0.72865  0.721139  0.730647  0.724489  0.733547  0.728839  0.736785  0.733511  0.739717  0.737788  0.741735  0.741038  0.742373  0.742818  
0.709576  0.709618  0.709742  0.70684  0.708244  0.702671  0.70547  0.69771  0.70202  0.692706  0.698591  0.688434  0.695857  0.685565  0.694345  0.684556  0.694345  0.685565  0.695857  0.688434  0.698591  0.692706  0.70202  0.69771  0.70547  0.702671  0.708244  0.70684  0.709742  0.709618  0.709576  
0.677807  0.67729  0.675741  0.676538  0.671963  0.674179  0.666989  0.670755  0.661555  0.666974  0.656495  0.663589  0.652599  0.661257  0.650483  0.660427  0.650483  0.661257  0.652599  0.663589  0.656495  0.666974  0.661555  0.670755  0.666989  0.674179  0.671963  0.676538  0.675741  0.67729  0.677807  
0.644252  0.644297  0.64443  0.64117  0.642729  0.636474  0.639589  0.630883  0.635684  0.625243  0.631805  0.620429  0.628711  0.617197  0.627  0.616059  0.627  0.617197  0.628711  0.620429  0.631805  0.625243  0.635684  0.630883  0.639589  0.636474  0.642729  0.64117  0.64443  0.644297  0.644252  
0.612342  0.611778  0.610085  0.610942  0.605947  0.608342  0.600496  0.604571  0.594541  0.60041  0.588995  0.596684  0.584726  0.594118  0.582407  0.593205  0.582407  0.594118  0.584726  0.596684  0.588995  0.60041  0.594541  0.604571  0.600496  0.608342  0.605947  0.610942  0.610085  0.611778  0.612342  
0.578484  0.578528  0.578663  0.575192  0.576831  0.570176  0.573458  0.564202  0.569266  0.558176  0.565103  0.553032  0.561783  0.549578  0.559947  0.548362  0.559947  0.549578  0.561783  0.553032  0.565103  0.558176  0.569266  0.564202  0.573458  0.570176  0.576831  0.575192  0.578663  0.578528  0.578484  
0.546363  0.545776  0.544015  0.54489  0.539699  0.54216  0.534012  0.538205  0.527797  0.533843  0.52201  0.529938  0.517554  0.527249  0.515135  0.526291  0.515135  0.527249  0.517554  0.529938  0.52201  0.533843  0.527797  0.538205  0.534012  0.54216  0.539699  0.54489  0.544015  0.545776  0.546363  
0.512217  0.512259  0.512388  0.508861  0.510503  0.503745  0.507043  0.49765  0.502747  0.491502  0.498479  0.486253  0.495077  0.482729  0.493196  0.481489  0.493196  0.482729  0.495077  0.486253  0.498479  0.491502  0.502747  0.49765  0.507043  0.503745  0.510503  0.508861  0.512388  0.512259  0.512217  
0.479823  0.479239  0.477488  0.478342  0.473184  0.4756  0.467509  0.471633  0.461306  0.46726  0.45553  0.463345  0.451083  0.460649  0.448668  0.459689  0.448668  0.460649  0.451083  0.463345  0.45553  0.46726  0.461306  0.471633  0.467509  0.4756  0.473184  0.478342  0.477488  0.479239  0.479823  
0.445418  0.445456  0.445573  0.442143  0.443718  0.43715  0.440321  0.431201  0.436107  0.425198  0.431922  0.420073  0.428586  0.416632  0.426741  0.415421  0.426741  0.416632  0.428586  0.420073  0.431922  0.425198  0.436107  0.431201  0.440321  0.43715  0.443718  0.442143  0.445573  0.445456  0.445418  
0.412703  0.412147  0.41048  0.411278  0.406375  0.408644  0.400959  0.404839  0.395038  0.400645  0.389523  0.396892  0.385278  0.394307  0.382972  0.393387  0.382972  0.394307  0.385278  0.396892  0.389523  0.400645  0.395038  0.404839  0.400959  0.408644  0.406375  0.411278  0.41048  0.412147  0.412703  
0.378074  0.378108  0.378209  0.375024  0.376466  0.37037  0.373282  0.364823  0.369335  0.359225  0.365417  0.354446  0.362293  0.351238  0.360566  0.350109  0.360566  0.351238  0.362293  0.354446  0.365417  0.359225  0.369335  0.364823  0.373282  0.37037  0.376466  0.375024  0.378209  0.378108  0.378074  
0.345004  0.344501  0.34299  0.343699  0.339261  0.341291  0.334337  0.337816  0.328953  0.333987  0.323939  0.330561  0.320079  0.328202  0.317983  0.327362  0.317983  0.328202  0.320079  0.330561  0.323939  0.333987  0.328953  0.337816  0.334337  0.341291  0.339261  0.343699  0.34299  0.344501  0.345004  
0.310202  0.310229  0.310312  0.307506  0.308759  0.303392  0.305931  0.298487  0.302426  0.293536  0.298948  0.289309  0.296175  0.286472  0.294642  0.285474  0.294642  0.286472  0.296175  0.289309  0.298948  0.293536  0.302426  0.298487  0.305931  0.303392  0.308759  0.307506  0.310312  0.310229  0.310202  
0.276762  0.276331  0.27504  0.275636  0.271846  0.273561  0.267627  0.270571  0.263013  0.267278  0.258716  0.264332  0.255407  0.262303  0.25361  0.261581  0.25361  0.262303  0.255407  0.264332  0.258716  0.267278  0.263013  0.270571  0.267627  0.273561  0.271846  0.275636  0.27504  0.276331  0.276762  
0.241842  0.241863  0.241927  0.239616  0.240637  0.236219  0.238291  0.232166  0.235385  0.228076  0.232502  0.224584  0.230204  0.22224  0.228934  0.221414  0.228934  0.22224  0.230204  0.224584  0.232502  0.228076  0.235385  0.232166  0.238291  0.236219  0.240637  0.239616  0.241927  0.241863  0.241842  
0.208037  0.207698  0.20668  0.207143  0.204158  0.205497  0.200825  0.203127  0.197179  0.200517  0.193783  0.198182  0.191168  0.196575  0.189748  0.196002  0.189748  0.196575  0.191168  0.198182  0.193783  0.200517  0.197179  0.203127  0.200825  0.205497  0.204158  0.207143  0.20668  0.207698  0.208037  
0.173067  0.173082  0.173127  0.171406  0.172159  0.16887  0.170402  0.165844  0.168227  0.16279  0.166069  0.160183  0.164349  0.158433  0.163398  0.157817  0.163398  0.158433  0.164349  0.160183  0.166069  0.16279  0.168227  0.165844  0.170402  0.16887  0.172159  0.171406  0.173127  0.173082  0.173067  
0.138923  0.138688  0.137986  0.138302  0.136243  0.13716  0.133938  0.135517  0.131417  0.133708  0.129068  0.13209  0.12726  0.130976  0.126278  0.13058  0.126278  0.130976  0.12726  0.13209  0.129068  0.133708  0.131417  0.135517  0.133938  0.13716  0.136243  0.138302  0.137986  0.138688  0.138923  
0.103974  0.103983  0.104009  0.102948  0.103409  0.101382  0.102322  0.0995131  0.100976  0.0976266  0.0996403  0.0960159  0.0985761  0.0949347  0.0979878  0.0945541  0.0979878  0.0949347  0.0985761  0.0960159  0.0996403  0.0976266  0.100976  0.0995131  0.102322  0.101382  0.103409  0.102948  0.104009  0.103983  0.103974  
0.0695325  0.069413  0.0690544  0.0692146  0.0681639  0.06863  0.0669862  0.0677891  0.065698  0.0668637  0.0644979  0.066036  0.0635741  0.0654661  0.0630723  0.0652632  0.0630723  0.0654661  0.0635741  0.066036  0.0644979  0.0668637  0.065698  0.0677891  0.0669862  0.06863  0.0681639  0.0692146  0.0690544  0.069413  0.0695325  
0.0346807  0.0346836  0.0346924  0.0343339  0.0344892  0.0338043  0.0341209  0.0331723  0.0336653  0.0325343  0.0332134  0.0319896  0.0328532  0.031624  0.0326541  0.0314953  0.0326541  0.031624  0.0328532  0.0319896  0.0332134  0.0325343  0.0336653  0.0331723  0.0341209  0.0338043  0.0344892  0.0343339  0.0346924  0.0346836  0.0346807  
0  0  0  0  0  0  0  0  0  0  0  0  0  0  0  0  0  0  0  0  0  0  0  0  0  0  0  0  0  0  0  
