1  1  1  1  1  1  1  1  1  1  1  1  1  1  1  1  1  1  1  1  1  1  1  1  1  1  1  1  1  1  1  
0.967854  0.967876  0.967939  0.967454  0.967807  0.966855  0.967505  0.96616  0.967109  0.965467  0.966706  0.96488  0.96638  0.964487  0.9662  0.964349  0.9662  0.964487  0.96638  0.96488  0.966706  0.965467  0.967109  0.96616  0.967505  0.966855  0.967807  0.967454  0.967939  0.967876  0.967854  
0.935995  0.935839  0.935372  0.935784  0.934341  0.935336  0.933032  0.93462  0.931626  0.933803  0.930328  0.933059  0.929335  0.932543  0.928796  0.932358  0.928796  0.932543  0.929335  0.933059  0.930328  0.933803  0.931626  0.93462  0.933032  0.935336  0.934341  0.935784  0.935372  0.935839  0.935995  
0.90352  0.903582  0.903769  0.902336  0.903376  0.900568  0.902483  0.898514  0.901311  0.896467  0.900118  0.894732  0.899156  0.893572  0.898621  0.893164  0.898621  0.893572  0.899156  0.894732  0.900118  0.896467  0.901311  0.898514  0.902483  0.900568  0.903376  0.902336  0.903769  0.903582  0.90352  
0.871889  0.871585  0.870673  0.871474  0.868658  0.870596  0.866099  0.869194  0.863351  0.867593  0.860816  0.866136  0.858874  0.865125  0.857822  0.864763  0.857822  0.865125  0.858874  0.866136  0.860816  0.867593  0.863351  0.869194  0.866099  0.870596  0.868658  0.871474  0.870673  0.871585  0.871889  
0.839056  0.839155  0.839455  0.837143  0.838816  0.834286  0.837368  0.830967  0.835468  0.82766  0.833536  0.824856  0.831977  0.822981  0.83111  0.822323  0.83111  0.822981  0.831977  0.824856  0.833536  0.82766  0.835468  0.830967  0.837368  0.834286  0.838816  0.837143  0.839455  0.839155  0.839056  
0.807581  0.807143  0.80583  0.806978  0.802925  0.805705  0.799232  0.803675  0.795267  0.801357  0.79161  0.799247  0.788808  0.797783  0.787291  0.797259  0.787291  0.797783  0.788808  0.799247  0.79161  0.801357  0.795267  0.803675  0.799232  0.805705  0.802925  0.806978  0.80583  0.807143  0.807581  
0.774377  0.774509  0.774905  0.771824  0.774044  0.768008  0.772099  0.763574  0.76955  0.759156  0.766958  0.755412  0.764868  0.752908  0.763705  0.752028  0.763705  0.752908  0.764868  0.755412  0.766958  0.759156  0.76955  0.763574  0.772099  0.768008  0.774044  0.771824  0.774905  0.774509  0.774377  
0.742978  0.742427  0.740773  0.74221  0.737109  0.740591  0.732452  0.738017  0.727449  0.735079  0.722834  0.732405  0.7193  0.730549  0.717386  0.729885  0.717386  0.730549  0.7193  0.732405  0.722834  0.735079  0.727449  0.738017  0.732452  0.740591  0.737109  0.74221  0.740773  0.742427  0.742978  
0.709403  0.70956  0.710031  0.706324  0.70898  0.701723  0.706619  0.696374  0.703527  0.691045  0.700385  0.686529  0.69785  0.683508  0.696441  0.682447  0.696441  0.683508  0.69785  0.686529  0.700385  0.691045  0.703527  0.696374  0.706619  0.701723  0.70898  0.706324  0.710031  0.70956  0.709403  
0.677991  0.677352  0.675434  0.677088  0.671178  0.67519  0.665764  0.672178  0.659949  0.668743  0.654584  0.665618  0.650476  0.663448  0.648251  0.662673  0.648251  0.663448  0.650476  0.665618  0.654584  0.668743  0.659949  0.672178  0.665764  0.67519  0.671178  0.677088  0.675434  0.677352  0.677991  
0.644058  0.644232  0.644753  0.640593  0.643553  0.635412  0.640875  0.629388  0.637371  0.623386  0.63381  0.618299  0.630939  0.614897  0.629342  0.613702  0.629342  0.614897  0.630939  0.618299  0.63381  0.623386  0.637371  0.629388  0.640875  0.635412  0.643553  0.640593  0.644753  0.644232  0.644058  
0.612543  0.611845  0.609751  0.61154  0.605093  0.609442  0.599164  0.60612  0.592794  0.602333  0.586918  0.59889  0.582419  0.596499  0.579982  0.595644  0.579982  0.596499  0.582419  0.59889  0.586918  0.602333  0.592794  0.60612  0.599164  0.609442  0.605093  0.61154  0.609751  0.611845  0.612543  
0.578278  0.57846  0.579005  0.57458  0.577705  0.56905  0.574821  0.562617  0.571054  0.556208  0.567228  0.550776  0.564142  0.547144  0.562426  0.545868  0.562426  0.547144  0.564142  0.550776  0.567228  0.556208  0.571054  0.562617  0.574821  0.56905  0.577705  0.57458  0.579005  0.57846  0.578278  
0.546571  0.545845  0.543668  0.54551  0.538815  0.543299  0.532632  0.539809  0.52599  0.535833  0.519862  0.532219  0.51517  0.529709  0.512629  0.528813  0.512629  0.529709  0.51517  0.532219  0.519862  0.535833  0.52599  0.539809  0.532632  0.543299  0.538815  0.54551  0.543668  0.545845  0.546571  
0.512008  0.51219  0.512735  0.508241  0.511389  0.502605  0.508423  0.496046  0.504555  0.489512  0.500627  0.483973  0.497461  0.48027  0.4957  0.478969  0.4957  0.48027  0.497461  0.483973  0.500627  0.489512  0.504555  0.496046  0.508423  0.502605  0.511389  0.508241  0.512735  0.51219  0.512008  
0.48003  0.479308  0.477144  0.478956  0.472308  0.476728  0.466143  0.47322  0.459518  0.469228  0.453406  0.4656  0.448726  0.46308  0.446191  0.462181  0.446191  0.46308  0.448726  0.4656  0.453406  0.469228  0.459518  0.47322  0.466143  0.476728  0.472308  0.478956  0.477144  0.479308  0.48003  
0.445216  0.445389  0.445909  0.441543  0.444576  0.436047  0.441658  0.429648  0.437857  0.423272  0.434  0.417868  0.430891  0.414255  0.429162  0.412985  0.429162  0.414255  0.430891  0.417868  0.434  0.423272  0.437857  0.429648  0.441658  0.436047  0.444576  0.441543  0.445909  0.445389  0.445216  
0.412898  0.412212  0.410155  0.411859  0.405545  0.409712  0.399665  0.406341  0.393345  0.402508  0.387514  0.399024  0.383049  0.396606  0.380631  0.395742  0.380631  0.396606  0.383049  0.399024  0.387514  0.402508  0.393345  0.406341  0.399665  0.409712  0.405545  0.411859  0.410155  0.412212  0.412898  
0.377888  0.378046  0.37852  0.374468  0.377259  0.369349  0.374519  0.363387  0.370953  0.357445  0.367337  0.352409  0.364423  0.349042  0.362802  0.34786  0.362802  0.349042  0.364423  0.352409  0.367337  0.357445  0.370953  0.363387  0.374519  0.369349  0.377259  0.374468  0.37852  0.378046  0.377888  
0.345181  0.34456  0.342696  0.344224  0.338512  0.342255  0.33317  0.339171  0.327427  0.335667  0.322128  0.332483  0.318071  0.330273  0.315874  0.329484  0.315874  0.330273  0.318071  0.332483  0.322128  0.335667  0.327427  0.339171  0.33317  0.342255  0.338512  0.344224  0.342696  0.34456  0.345181  
0.310038  0.310174  0.310585  0.307018  0.309456  0.302495  0.307016  0.297226  0.303846  0.291974  0.300632  0.287523  0.298042  0.284547  0.296603  0.283502  0.296603  0.284547  0.298042  0.287523  0.300632  0.291974  0.303846  0.297226  0.307016  0.302495  0.309456  0.307018  0.310585  0.310174  0.310038  
0.276912  0.276381  0.27479  0.276083  0.271209  0.274382  0.266634  0.271725  0.261714  0.268707  0.257175  0.265966  0.2537  0.264064  0.251818  0.263384  0.251818  0.264064  0.2537  0.265966  0.257175  0.268707  0.261714  0.271725  0.266634  0.274382  0.271209  0.276083  0.27479  0.276381  0.276912  
0.241707  0.241818  0.242151  0.239215  0.241209  0.235482  0.239182  0.231131  0.23655  0.226794  0.233884  0.223118  0.231735  0.220661  0.230541  0.219798  0.230541  0.220661  0.231735  0.223118  0.233884  0.226794  0.23655  0.231131  0.239182  0.235482  0.241209  0.239215  0.242151  0.241818  0.241707  
0.208155  0.207738  0.206484  0.207494  0.203657  0.206142  0.200044  0.204033  0.196159  0.201639  0.192573  0.199465  0.189828  0.197956  0.188342  0.197417  0.188342  0.197956  0.189828  0.199465  0.192573  0.201639  0.196159  0.204033  0.200044  0.206142  0.203657  0.207494  0.206484  0.207738  0.208155  
0.172967  0.173049  0.173294  0.171108  0.172584  0.168323  0.171064  0.165076  0.169092  0.161839  0.167094  0.159095  0.165485  0.157261  0.164591  0.156617  0.164591  0.157261  0.165485  0.159095  0.167094  0.161839  0.169092  0.165076  0.171064  0.168323  0.172584  0.171108  0.173294  0.173049  0.172967  
0.139004  0.138716  0.137851  0.138544  0.135898  0.137604  0.1334  0.136141  0.130714  0.13448  0.128236  0.132973  0.126338  0.131927  0.12531  0.131553  0.12531  0.131927  0.126338  0.132973  0.128236  0.13448  0.130714  0.136141  0.1334  0.137604  0.135898  0.138544  0.137851  0.138716  0.139004  
0.103912  0.103962  0.104112  0.102765  0.103671  0.101045  0.102729  0.0990402  0.101508  0.0970411  0.100271  0.0953467  0.0992752  0.094214  0.0987215  0.0938161  0.0987215  0.094214  0.0992752  0.0953467  0.100271  0.0970411  0.101508  0.0990402  0.102729  0.101045  0.103671  0.102765  0.104112  0.103962  0.103912  
0.0695739  0.0694268  0.0689854  0.0693377  0.067988  0.0688562  0.0667125  0.0681069  0.0653402  0.0672571  0.0640739  0.0664856  0.0631044  0.0659502  0.0625794  0.065759  0.0625794  0.0659502  0.0631044  0.0664856  0.0640739  0.0672571  0.0653402  0.0681069  0.0667125  0.0688562  0.067988  0.0693377  0.0689854  0.0694268  0.0695739  
0.0346599  0.0346767  0.0347271  0.034272  0.0345775  0.0336906  0.0342584  0.0330127  0.033845  0.0323368  0.0334264  0.0317638  0.0330891  0.0313808  0.0329016  0.0312463  0.0329016  0.0313808  0.0330891  0.0317638  0.0334264  0.0323368  0.033845  0.0330127  0.0342584  0.0336906  0.0345775  0.034272  0.0347271  0.0346767  0.0346599  
0  0  0  0  0  0  0  0  0  0  0  0  0  0  0  0  0  0  0  0  0  0  0  0  0  0  0  0  0  0  0  
