1  1  1  1  1  1  1  1  1  1  1  1  1  1  1  1  1  1  1  1  1  1  1  1  1  1  1  1  1  1  1  
0.967822  0.967865  0.967994  0.967356  0.967946  0.966675  0.967723  0.965906  0.967395  0.965151  0.967047  0.964517  0.96676  0.964095  0.966599  0.963947  0.966599  0.964095  0.96676  0.964517  0.967047  0.965151  0.967395  0.965906  0.967723  0.966675  0.967946  0.967356  0.967994  0.967865  0.967822  
0.93606  0.935861  0.935264  0.935978  0.934064  0.935693  0.932599  0.935124  0.931057  0.93443  0.929651  0.93378  0.928581  0.933321  0.928003  0.933156  0.928003  0.933321  0.928581  0.93378  0.929651  0.93443  0.931057  0.935124  0.932599  0.935693  0.934064  0.935978  0.935264  0.935861  0.93606  
0.903423  0.90355  0.90393  0.902048  0.903788  0.900038  0.903126  0.897766  0.902155  0.895536  0.901124  0.893663  0.900275  0.892416  0.899798  0.891979  0.899798  0.892416  0.900275  0.893663  0.901124  0.895536  0.902155  0.897766  0.903126  0.900038  0.903788  0.902048  0.90393  0.90355  0.903423  
0.872016  0.871627  0.870461  0.871852  0.868118  0.871292  0.865255  0.870177  0.862242  0.868816  0.859494  0.86754  0.857404  0.866642  0.856276  0.866319  0.856276  0.866642  0.857404  0.86754  0.859494  0.868816  0.862242  0.870177  0.865255  0.871292  0.868118  0.871852  0.870461  0.871627  0.872016  
0.838899  0.839103  0.839715  0.836679  0.83948  0.833432  0.838404  0.829762  0.836828  0.82616  0.835156  0.823135  0.833778  0.821121  0.833005  0.820416  0.833005  0.821121  0.833778  0.823135  0.835156  0.82616  0.836828  0.829762  0.838404  0.833432  0.83948  0.836679  0.839715  0.839103  0.838899  
0.807764  0.807205  0.805525  0.807523  0.802147  0.806706  0.798018  0.805087  0.793673  0.803114  0.789711  0.801265  0.786697  0.799962  0.78507  0.799494  0.78507  0.799962  0.786697  0.801265  0.789711  0.803114  0.793673  0.805087  0.798018  0.806706  0.802147  0.807523  0.805525  0.807205  0.807764  
0.774169  0.774439  0.77525  0.771206  0.774926  0.766871  0.773477  0.761971  0.771359  0.757163  0.769112  0.753124  0.767262  0.750436  0.766223  0.749494  0.766223  0.750436  0.767262  0.753124  0.769112  0.757163  0.771359  0.761971  0.773477  0.766871  0.774926  0.771206  0.77525  0.774439  0.774169  
0.743208  0.742504  0.74039  0.742894  0.736133  0.74185  0.730926  0.739791  0.725448  0.737284  0.720452  0.734936  0.716652  0.733282  0.714601  0.732688  0.714601  0.733282  0.716652  0.734936  0.720452  0.737284  0.725448  0.739791  0.730926  0.74185  0.736133  0.742894  0.74039  0.742504  0.743208  
0.709153  0.709476  0.710446  0.705583  0.710039  0.700358  0.708273  0.694451  0.705697  0.688655  0.702967  0.683786  0.70072  0.680547  0.699458  0.679411  0.699458  0.680547  0.70072  0.683786  0.702967  0.688655  0.705697  0.694451  0.708273  0.700358  0.710039  0.705583  0.710446  0.709476  0.709153  
0.678257  0.677441  0.674992  0.677878  0.670049  0.676645  0.664001  0.674228  0.657636  0.67129  0.651833  0.66854  0.647419  0.666603  0.645037  0.665907  0.645037  0.666603  0.647419  0.66854  0.651833  0.67129  0.657636  0.674228  0.664001  0.676645  0.670049  0.677878  0.674992  0.677441  0.678257  
0.643779  0.644139  0.645218  0.639763  0.64474  0.633884  0.642726  0.627236  0.639798  0.620712  0.636698  0.615233  0.634146  0.611588  0.632714  0.61031  0.632714  0.611588  0.634146  0.615233  0.636698  0.620712  0.639798  0.627236  0.642726  0.633884  0.64474  0.639763  0.645218  0.644139  0.643779  
0.612833  0.611942  0.609269  0.612401  0.603863  0.611025  0.597246  0.60835  0.590279  0.605103  0.583928  0.602065  0.579098  0.599925  0.576492  0.599157  0.576492  0.599925  0.579098  0.602065  0.583928  0.605103  0.590279  0.60835  0.597246  0.611025  0.603863  0.612401  0.609269  0.611942  0.612833  
0.577981  0.578361  0.579498  0.573699  0.578964  0.567429  0.576785  0.560335  0.573627  0.553375  0.570286  0.547529  0.567538  0.54364  0.565996  0.542277  0.565996  0.54364  0.567538  0.547529  0.570286  0.553375  0.573627  0.560335  0.576785  0.567429  0.578964  0.573699  0.579498  0.578361  0.577981  
0.546871  0.545945  0.543169  0.546401  0.537541  0.544939  0.530646  0.542117  0.523387  0.538698  0.516769  0.535502  0.511736  0.533251  0.509021  0.532442  0.509021  0.533251  0.511736  0.535502  0.516769  0.538698  0.523387  0.542117  0.530646  0.544939  0.537541  0.546401  0.543169  0.545945  0.546871  
0.511708  0.51209  0.513234  0.507349  0.512663  0.500964  0.51041  0.493737  0.507158  0.486646  0.50372  0.480691  0.500893  0.476729  0.499307  0.475341  0.499307  0.476729  0.500893  0.480691  0.50372  0.486646  0.507158  0.493737  0.51041  0.500964  0.512663  0.507349  0.513234  0.51209  0.511708  
0.480327  0.479408  0.47665  0.479839  0.471047  0.478351  0.464177  0.475505  0.456943  0.472062  0.450347  0.468845  0.445332  0.466581  0.442626  0.465767  0.442626  0.466581  0.445332  0.468845  0.450347  0.472062  0.456943  0.475505  0.464177  0.478351  0.471047  0.479839  0.47665  0.479408  0.480327  
0.444925  0.445292  0.446393  0.440679  0.44581  0.434457  0.443582  0.427413  0.440376  0.420499  0.436992  0.414693  0.43421  0.410832  0.432648  0.409478  0.432648  0.410832  0.43421  0.414693  0.436992  0.420499  0.440376  0.427413  0.443582  0.434457  0.44581  0.440679  0.446393  0.445292  0.444925  
0.413179  0.412306  0.409687  0.412695  0.404351  0.41125  0.397804  0.408504  0.390908  0.405189  0.384621  0.402094  0.37984  0.399915  0.377261  0.399133  0.377261  0.399915  0.37984  0.402094  0.384621  0.405189  0.390908  0.408504  0.397804  0.41125  0.404351  0.412695  0.409687  0.412306  0.413179  
0.377619  0.377956  0.378967  0.373668  0.378401  0.367878  0.376299  0.361319  0.373283  0.354882  0.370102  0.349476  0.367488  0.345881  0.366022  0.344621  0.366022  0.345881  0.367488  0.349476  0.370102  0.354882  0.373283  0.361319  0.376299  0.367878  0.378401  0.373668  0.378967  0.377956  0.377619  
0.345434  0.344644  0.342274  0.344979  0.337434  0.343642  0.33149  0.341122  0.325229  0.338084  0.31952  0.335249  0.31518  0.333255  0.312838  0.332538  0.312838  0.333255  0.31518  0.335249  0.31952  0.338084  0.325229  0.341122  0.33149  0.343642  0.337434  0.344979  0.342274  0.344644  0.345434  
0.309801  0.310096  0.310978  0.306315  0.310459  0.301204  0.308579  0.295411  0.30589  0.289726  0.303057  0.284951  0.30073  0.281775  0.299425  0.280663  0.299425  0.281775  0.30073  0.284951  0.303057  0.289726  0.30589  0.295411  0.308579  0.301204  0.310459  0.306315  0.310978  0.310096  0.309801  
0.277128  0.276453  0.27443  0.276725  0.270291  0.275563  0.265204  0.273385  0.259844  0.270763  0.254957  0.268318  0.251242  0.266598  0.249237  0.26598  0.249237  0.266598  0.251242  0.268318  0.254957  0.270763  0.259844  0.273385  0.265204  0.275563  0.270291  0.276725  0.27443  0.276453  0.277128  
0.241513  0.241754  0.242474  0.238638  0.242032  0.234422  0.240464  0.229642  0.238228  0.22495  0.235873  0.221009  0.23394  0.218388  0.232855  0.21747  0.232855  0.218388  0.23394  0.221009  0.235873  0.22495  0.238228  0.229642  0.240464  0.234422  0.242032  0.238638  0.242474  0.241754  0.241513  
0.208325  0.207794  0.206201  0.207999  0.202936  0.20707  0.198921  0.205337  0.19469  0.203254  0.190832  0.201311  0.187899  0.199945  0.186317  0.199455  0.186317  0.199945  0.187899  0.201311  0.190832  0.203254  0.19469  0.205337  0.198921  0.20707  0.202936  0.207999  0.206201  0.207794  0.208325  
0.172823  0.173001  0.173533  0.17068  0.173196  0.167535  0.172016  0.16397  0.170338  0.160469  0.168571  0.157529  0.167121  0.155574  0.166308  0.154889  0.166308  0.155574  0.167121  0.157529  0.168571  0.160469  0.170338  0.16397  0.172016  0.167535  0.173196  0.17068  0.173533  0.173001  0.172823  
0.139121  0.138755  0.137656  0.138891  0.135401  0.138243  0.132627  0.137038  0.129703  0.135592  0.127037  0.134243  0.12501  0.133295  0.123917  0.132955  0.123917  0.133295  0.12501  0.134243  0.127037  0.135592  0.129703  0.137038  0.132627  0.138243  0.135401  0.138891  0.137656  0.138755  0.139121  
0.103824  0.103933  0.10426  0.102501  0.104048  0.100561  0.103316  0.0983593  0.102275  0.0961983  0.10118  0.0943834  0.100282  0.0931764  0.0997778  0.0927535  0.0997778  0.0931764  0.100282  0.0943834  0.10118  0.0961983  0.102275  0.0983593  0.103316  0.100561  0.104048  0.102501  0.10426  0.103933  0.103824  
0.0696335  0.0694467  0.0688862  0.069515  0.0677349  0.0691819  0.0663184  0.0685644  0.0648251  0.0678233  0.0634634  0.0671328  0.0624282  0.0666473  0.0618698  0.0664729  0.0618698  0.0666473  0.0624282  0.0671328  0.0634634  0.0678233  0.0648251  0.0685644  0.0663184  0.0691819  0.0677349  0.069515  0.0688862  0.0694467  0.0696335  
0.03463  0.0346667  0.0347769  0.0341829  0.0347047  0.033527  0.0344564  0.0327829  0.0341038  0.0320523  0.033733  0.0314387  0.0334287  0.0310307  0.0332581  0.0308877  0.0332581  0.0310307  0.0334287  0.0314387  0.033733  0.0320523  0.0341038  0.0327829  0.0344564  0.033527  0.0347047  0.0341829  0.0347769  0.0346667  0.03463  
0  0  0  0  0  0  0  0  0  0  0  0  0  0  0  0  0  0  0  0  0  0  0  0  0  0  0  0  0  0  0  
