1  1  1  1  1  1  1  1  1  1  1  1  1  1  1  1  1  1  1  1  1  1  1  1  1  1  1  1  1  1  1  
0.967774  0.967849  0.968072  0.967216  0.968147  0.966417  0.968036  0.965541  0.967807  0.964697  0.967538  0.963995  0.967306  0.963531  0.967173  0.963369  0.967173  0.963531  0.967306  0.963995  0.967538  0.964697  0.967807  0.965541  0.968036  0.966417  0.968147  0.967216  0.968072  0.967849  0.967774  
0.936154  0.935893  0.935107  0.936257  0.933665  0.936207  0.931975  0.93585  0.930238  0.935333  0.928675  0.934817  0.927495  0.934442  0.926861  0.934305  0.926861  0.934442  0.927495  0.934817  0.928675  0.935333  0.930238  0.93585  0.931975  0.936207  0.933665  0.936257  0.935107  0.935893  0.936154  
0.903283  0.903503  0.904162  0.901634  0.90438  0.899274  0.904052  0.896689  0.903371  0.894196  0.902572  0.892124  0.901886  0.890753  0.901493  0.890274  0.901493  0.890753  0.901886  0.892124  0.902572  0.894196  0.903371  0.896689  0.904052  0.899274  0.90438  0.901634  0.904162  0.903503  0.903283  
0.872199  0.871688  0.870156  0.872397  0.867339  0.872295  0.864039  0.871592  0.860645  0.870576  0.857592  0.869562  0.855289  0.868826  0.854051  0.868558  0.854051  0.868826  0.855289  0.869562  0.857592  0.870576  0.860645  0.871592  0.864039  0.872295  0.867339  0.872397  0.870156  0.871688  0.872199  
0.838674  0.839028  0.840089  0.836011  0.840434  0.832202  0.839895  0.828026  0.838787  0.824002  0.837488  0.820656  0.836372  0.818444  0.835734  0.81767  0.835734  0.818444  0.836372  0.820656  0.837488  0.824002  0.838787  0.828026  0.839895  0.832202  0.840434  0.836011  0.840089  0.839028  0.838674  
0.808028  0.807293  0.805086  0.808306  0.801028  0.808149  0.79627  0.807121  0.791378  0.805643  0.786977  0.804169  0.783657  0.803099  0.781873  0.80271  0.781873  0.803099  0.783657  0.804169  0.786977  0.805643  0.791378  0.807121  0.79627  0.808149  0.801028  0.808306  0.805086  0.807293  0.808028  
0.77387  0.774339  0.775748  0.770317  0.776197  0.765234  0.775461  0.759663  0.773963  0.754293  0.772213  0.74983  0.770709  0.746878  0.769849  0.745846  0.769849  0.746878  0.770709  0.74983  0.772213  0.754293  0.773963  0.759663  0.775461  0.765234  0.776197  0.770317  0.775748  0.774339  0.77387  
0.743539  0.742614  0.739839  0.743878  0.734726  0.743661  0.728731  0.742345  0.722566  0.740459  0.717022  0.738579  0.712839  0.737217  0.710592  0.736722  0.710592  0.737217  0.712839  0.738579  0.717022  0.740459  0.722566  0.742345  0.728731  0.743661  0.734726  0.743878  0.739839  0.742614  0.743539  
0.708794  0.709356  0.711043  0.704515  0.711564  0.698394  0.710654  0.691682  0.708821  0.685214  0.706684  0.679837  0.704851  0.676283  0.703802  0.67504  0.703802  0.676283  0.704851  0.679837  0.706684  0.685214  0.708821  0.691682  0.710654  0.698394  0.711564  0.704515  0.711043  0.709356  0.708794  
0.67864  0.677569  0.674355  0.679017  0.668423  0.678739  0.661463  0.677179  0.654307  0.674957  0.647872  0.672746  0.643018  0.671144  0.64041  0.670562  0.64041  0.671144  0.643018  0.672746  0.647872  0.674957  0.654307  0.677179  0.661463  0.678739  0.668423  0.679017  0.674355  0.677569  0.67864  
0.643377  0.644004  0.645887  0.638567  0.646448  0.631685  0.645391  0.624137  0.643293  0.616863  0.640855  0.610819  0.638764  0.606822  0.637569  0.605425  0.637569  0.606822  0.638764  0.610819  0.640855  0.616863  0.643293  0.624137  0.645391  0.631685  0.646448  0.638567  0.645887  0.644004  0.643377  
0.61325  0.612081  0.608576  0.61364  0.602093  0.613304  0.594484  0.61156  0.586659  0.60909  0.579623  0.606636  0.574317  0.604859  0.571466  0.604213  0.571466  0.604859  0.574317  0.606636  0.579623  0.60909  0.586659  0.61156  0.594484  0.613304  0.602093  0.61364  0.608576  0.612081  0.61325  
0.577555  0.578218  0.580208  0.57243  0.580776  0.565096  0.579611  0.55705  0.577331  0.549296  0.57469  0.542854  0.572428  0.538595  0.571135  0.537106  0.571135  0.538595  0.572428  0.542854  0.57469  0.549296  0.577331  0.55705  0.579611  0.565096  0.580776  0.57243  0.580208  0.578218  0.577555  
0.547303  0.54609  0.542451  0.547685  0.535708  0.547299  0.527787  0.54544  0.51964  0.542823  0.512316  0.540228  0.506793  0.538351  0.503827  0.537668  0.503827  0.538351  0.506793  0.540228  0.512316  0.542823  0.51964  0.54544  0.527787  0.547299  0.535708  0.547685  0.542451  0.54609  0.547303  
0.511276  0.511945  0.513953  0.506064  0.514497  0.498602  0.513271  0.490413  0.510905  0.482521  0.508172  0.475965  0.505834  0.471632  0.504498  0.470117  0.504498  0.471632  0.505834  0.475965  0.508172  0.482521  0.510905  0.490413  0.513271  0.498602  0.514497  0.506064  0.513953  0.511945  0.511276  
0.480754  0.47955  0.475939  0.48111  0.469231  0.480689  0.461346  0.478794  0.453236  0.476142  0.445944  0.473518  0.440446  0.471621  0.437494  0.470931  0.437494  0.471621  0.440446  0.473518  0.445944  0.476142  0.453236  0.478794  0.461346  0.480689  0.469231  0.48111  0.475939  0.47955  0.480754  
0.444506  0.445152  0.447089  0.439434  0.447587  0.432169  0.446353  0.424194  0.444003  0.416508  0.441298  0.410123  0.438987  0.405904  0.437667  0.404429  0.437667  0.405904  0.438987  0.410123  0.441298  0.416508  0.444003  0.424194  0.446353  0.432169  0.447587  0.439434  0.447089  0.445152  0.444506  
0.413584  0.412441  0.409013  0.4139  0.402631  0.413464  0.395123  0.411618  0.387399  0.40905  0.380455  0.406513  0.375221  0.40468  0.37241  0.404014  0.37241  0.40468  0.375221  0.406513  0.380455  0.40905  0.387399  0.411618  0.395123  0.413464  0.402631  0.4139  0.409013  0.412441  0.413584  
0.377231  0.377827  0.379612  0.372516  0.380046  0.365762  0.378861  0.358343  0.376636  0.351193  0.374082  0.345254  0.371901  0.341329  0.370656  0.339958  0.370656  0.341329  0.371901  0.345254  0.374082  0.351193  0.376636  0.358343  0.378861  0.365762  0.380046  0.372516  0.379612  0.377827  0.377231  
0.3458  0.344766  0.341665  0.346066  0.335881  0.34564  0.329072  0.343931  0.322065  0.341565  0.315766  0.339232  0.311017  0.337547  0.308467  0.336935  0.308467  0.337547  0.311017  0.339232  0.315766  0.341565  0.322065  0.343931  0.329072  0.34564  0.335881  0.346066  0.341665  0.344766  0.3458  
0.309461  0.309982  0.311544  0.305304  0.311903  0.299345  0.310829  0.292799  0.308833  0.286489  0.306548  0.281248  0.3046  0.277785  0.303488  0.276575  0.303488  0.277785  0.3046  0.281248  0.306548  0.286489  0.308833  0.292799  0.310829  0.299345  0.311903  0.305304  0.311544  0.309982  0.309461  
0.277439  0.276557  0.273912  0.277651  0.268969  0.277264  0.263146  0.275775  0.257152  0.273724  0.251764  0.271704  0.247703  0.270247  0.245522  0.269718  0.245522  0.270247  0.247703  0.271704  0.251764  0.273724  0.257152  0.275775  0.263146  0.277264  0.268969  0.277651  0.273912  0.276557  0.277439  
0.241234  0.24166  0.242939  0.237808  0.243218  0.232896  0.242311  0.227498  0.240643  0.222294  0.238737  0.217972  0.237113  0.215116  0.236186  0.214119  0.236186  0.215116  0.237113  0.217972  0.238737  0.222294  0.240643  0.227498  0.242311  0.232896  0.243218  0.237808  0.242939  0.24166  0.241234  
0.20857  0.207876  0.205794  0.208727  0.201897  0.208406  0.197304  0.207214  0.192576  0.205579  0.188325  0.20397  0.185121  0.202809  0.183401  0.202388  0.183401  0.202809  0.185121  0.20397  0.188325  0.205579  0.192576  0.207214  0.197304  0.208406  0.201897  0.208727  0.205794  0.207876  0.20857  
0.172616  0.172931  0.173879  0.170062  0.174077  0.166402  0.173388  0.162377  0.172131  0.158497  0.170697  0.155275  0.169477  0.153146  0.16878  0.152402  0.16878  0.153146  0.169477  0.155275  0.170697  0.158497  0.172131  0.162377  0.173388  0.166402  0.174077  0.170062  0.173879  0.172931  0.172616  
0.139289  0.138811  0.137376  0.139392  0.134686  0.139163  0.131514  0.138331  0.128248  0.137192  0.125312  0.136073  0.123099  0.135266  0.121911  0.134973  0.121911  0.135266  0.123099  0.136073  0.125312  0.137192  0.128248  0.138331  0.131514  0.139163  0.134686  0.139392  0.137376  0.138811  0.139289  
0.103696  0.10389  0.104472  0.102121  0.10459  0.0998627  0.10416  0.0973791  0.103378  0.0949849  0.102488  0.0929965  0.101731  0.0916827  0.101299  0.0912237  0.101299  0.0916827  0.101731  0.0929965  0.102488  0.0949849  0.103378  0.0973791  0.10416  0.0998627  0.10459  0.102121  0.104472  0.10389  0.103696  
0.0697193  0.0694753  0.0687434  0.0697703  0.0673705  0.0696509  0.065751  0.0692231  0.0640835  0.0686386  0.0625846  0.0680646  0.0614548  0.0676508  0.0608481  0.0675006  0.0608481  0.0676508  0.0614548  0.0680646  0.0625846  0.0686386  0.0640835  0.0692231  0.065751  0.0696509  0.0673705  0.0697703  0.0687434  0.0694753  0.0697193  
0.0345869  0.0346523  0.0348486  0.0340547  0.0348877  0.0332914  0.0347415  0.032452  0.0344763  0.0316428  0.0341745  0.0309707  0.0339177  0.0305266  0.0337713  0.0303715  0.0337713  0.0305266  0.0339177  0.0309707  0.0341745  0.0316428  0.0344763  0.032452  0.0347415  0.0332914  0.0348877  0.0340547  0.0348486  0.0346523  0.0345869  
0  0  0  0  0  0  0  0  0  0  0  0  0  0  0  0  0  0  0  0  0  0  0  0  0  0  0  0  0  0  0  
