1  1  1  1  1  1  1  1  1  1  1  1  1  1  1  1  1  1  1  1  1  1  1  1  1  1  1  1  1  1  1  
0.943604  0.91481  0.828427  0.749053  0.677268  0.61401  0.558722  0.51085  0.469577  0.434266  0.40435  0.379513  0.359638  0.344899  0.33569  0.332525  0.33569  0.344899  0.359638  0.379513  0.40435  0.434266  0.469577  0.51085  0.558722  0.61401  0.677268  0.749053  0.828427  0.91481  0.943604  
0.88871  0.839812  0.693117  0.582235  0.505345  0.456145  0.426035  0.408445  0.398125  0.391521  0.386116  0.380481  0.374056  0.367324  0.361763  0.359498  0.361763  0.367324  0.374056  0.380481  0.386116  0.391521  0.398125  0.408445  0.426035  0.456145  0.505345  0.582235  0.693117  0.839812  0.88871  
0.837701  0.77759  0.597257  0.491115  0.441585  0.424202  0.420574  0.421261  0.421154  0.418108  0.411065  0.399871  0.385059  0.368566  0.354422  0.348528  0.354422  0.368566  0.385059  0.399871  0.411065  0.418108  0.421154  0.421261  0.420574  0.424202  0.441585  0.491115  0.597257  0.77759  0.837701  
0.792159  0.727451  0.533326  0.448801  0.429744  0.433663  0.440992  0.446176  0.447449  0.444673  0.437316  0.424719  0.406316  0.38338  0.361545  0.351831  0.361545  0.38338  0.406316  0.424719  0.437316  0.444673  0.447449  0.446176  0.440992  0.433663  0.429744  0.448801  0.533326  0.727451  0.792159  
0.752669  0.687619  0.492469  0.433538  0.43716  0.450291  0.45979  0.464892  0.46588  0.463238  0.456199  0.44319  0.422056  0.392483  0.361192  0.346373  0.361192  0.392483  0.422056  0.44319  0.456199  0.463238  0.46588  0.464892  0.45979  0.450291  0.43716  0.433538  0.492469  0.687619  0.752669  
0.719023  0.656135  0.467472  0.4319  0.449491  0.464709  0.473351  0.477363  0.478056  0.476214  0.471043  0.460248  0.439853  0.406489  0.366134  0.345611  0.366134  0.406489  0.439853  0.460248  0.471043  0.476214  0.478056  0.477363  0.473351  0.464709  0.449491  0.4319  0.467472  0.656135  0.719023  
0.690796  0.631374  0.453107  0.436232  0.46096  0.474742  0.481385  0.483674  0.483636  0.482151  0.478648  0.47066  0.452709  0.417256  0.367632  0.340606  0.367632  0.417256  0.452709  0.47066  0.478648  0.482151  0.483636  0.483674  0.481385  0.474742  0.46096  0.436232  0.453107  0.631374  0.690796  
0.667237  0.611851  0.445693  0.4425  0.469935  0.481137  0.485794  0.486587  0.486028  0.48492  0.483139  0.478589  0.464706  0.429362  0.371296  0.33741  0.371296  0.429362  0.464706  0.478589  0.483139  0.48492  0.486028  0.486587  0.485794  0.481137  0.469935  0.4425  0.445693  0.611851  0.667237  
0.647555  0.59637  0.442814  0.44875  0.476301  0.48488  0.487803  0.487341  0.486175  0.484954  0.484023  0.481952  0.472178  0.43888  0.373491  0.332422  0.373491  0.43888  0.472178  0.481952  0.484023  0.484954  0.486175  0.487341  0.487803  0.48488  0.476301  0.44875  0.442814  0.59637  0.647555  
0.631068  0.584002  0.442805  0.45407  0.480505  0.487019  0.488734  0.487561  0.486041  0.48466  0.484043  0.483732  0.478779  0.449974  0.377902  0.3291  0.377902  0.449974  0.478779  0.483732  0.484043  0.48466  0.486041  0.487561  0.488734  0.487019  0.480505  0.45407  0.442805  0.584002  0.631068  
0.61851  0.575128  0.444983  0.458299  0.483103  0.48824  0.489194  0.487645  0.485775  0.483949  0.482958  0.483621  0.483274  0.458762  0.378956  0.321756  0.378956  0.458762  0.483274  0.483621  0.482958  0.483949  0.485775  0.487645  0.489194  0.48824  0.483103  0.458299  0.444983  0.575128  0.61851  
0.60792  0.567922  0.447926  0.461252  0.484465  0.488955  0.489567  0.487964  0.485917  0.483738  0.48232  0.483408  0.486279  0.465385  0.379095  0.314139  0.379095  0.465385  0.486279  0.483408  0.48232  0.483738  0.485917  0.487964  0.489567  0.488955  0.484465  0.461252  0.447926  0.567922  0.60792  
0.596961  0.560545  0.451294  0.463381  0.485005  0.489384  0.489921  0.488405  0.486197  0.483616  0.481544  0.482064  0.486989  0.471553  0.3817  0.309649  0.3817  0.471553  0.486989  0.482064  0.481544  0.483616  0.486197  0.488405  0.489921  0.489384  0.485005  0.463381  0.451294  0.560545  0.596961  
0.588899  0.555731  0.456226  0.464865  0.484733  0.48949  0.490204  0.488885  0.486621  0.483754  0.481112  0.480913  0.488373  0.479725  0.385241  0.304895  0.385241  0.479725  0.488373  0.480913  0.481112  0.483754  0.486621  0.488885  0.490204  0.48949  0.484733  0.464865  0.456226  0.555731  0.588899  
0.586488  0.55546  0.462375  0.465691  0.483891  0.489323  0.49034  0.489237  0.486939  0.483781  0.480621  0.479748  0.489311  0.48496  0.382786  0.293329  0.382786  0.48496  0.489311  0.479748  0.480621  0.483781  0.486939  0.489237  0.49034  0.489323  0.483891  0.465691  0.462375  0.55546  0.586488  
0.581283  0.552507  0.466179  0.465549  0.482403  0.488627  0.490116  0.489298  0.487037  0.483676  0.480235  0.47887  0.489771  0.488413  0.380041  0.283094  0.380041  0.488413  0.489771  0.47887  0.480235  0.483676  0.487037  0.489298  0.490116  0.488627  0.482403  0.465549  0.466179  0.552507  0.581283  
0.57364  0.547953  0.470893  0.466618  0.480862  0.487487  0.489483  0.488947  0.486748  0.483216  0.479628  0.477961  0.490174  0.492365  0.37958  0.276124  0.37958  0.492365  0.490174  0.477961  0.479628  0.483216  0.486748  0.488947  0.489483  0.487487  0.480862  0.466618  0.470893  0.547953  0.57364  
0.570768  0.547667  0.478366  0.467986  0.47847  0.485437  0.488102  0.487946  0.485904  0.482323  0.478874  0.477453  0.491388  0.496174  0.377096  0.266486  0.377096  0.496174  0.491388  0.477453  0.478874  0.482323  0.485904  0.487946  0.488102  0.485437  0.47847  0.467986  0.478366  0.547667  0.570768  
0.571278  0.549938  0.485915  0.469326  0.476228  0.483071  0.486129  0.486273  0.484413  0.480938  0.47793  0.477322  0.493007  0.498059  0.370887  0.253358  0.370887  0.498059  0.493007  0.477322  0.47793  0.480938  0.484413  0.486273  0.486129  0.483071  0.476228  0.469326  0.485915  0.549938  0.571278  
0.567897  0.548727  0.49122  0.471118  0.47429  0.479998  0.483162  0.483672  0.482166  0.479129  0.47702  0.47796  0.495432  0.498809  0.363586  0.240545  0.363586  0.498809  0.495432  0.47796  0.47702  0.479129  0.482166  0.483672  0.483162  0.479998  0.47429  0.471118  0.49122  0.548727  0.567897  
0.56546  0.548851  0.499025  0.476085  0.474071  0.477353  0.480012  0.480647  0.479513  0.477268  0.476544  0.479708  0.4986  0.497825  0.354184  0.226869  0.354184  0.497825  0.4986  0.479708  0.476544  0.477268  0.479513  0.480647  0.480012  0.477353  0.474071  0.476085  0.499025  0.548851  0.56546  
0.563712  0.549538  0.507016  0.481681  0.474601  0.475072  0.476773  0.477418  0.476881  0.475967  0.477169  0.483098  0.502382  0.494161  0.341497  0.211276  0.341497  0.494161  0.502382  0.483098  0.477169  0.475967  0.476881  0.477418  0.476773  0.475072  0.474601  0.481681  0.507016  0.549538  0.563712  
0.563821  0.551947  0.516324  0.490204  0.478907  0.475893  0.475688  0.475828  0.475823  0.476496  0.479883  0.488549  0.505988  0.486331  0.324769  0.193693  0.324769  0.486331  0.505988  0.488549  0.479883  0.476496  0.475823  0.475828  0.475688  0.475893  0.478907  0.490204  0.516324  0.551947  0.563821  
0.561382  0.551962  0.523701  0.499318  0.485514  0.479406  0.477248  0.476883  0.477584  0.48004  0.4856  0.495982  0.507737  0.47237  0.303303  0.174211  0.303303  0.47237  0.507737  0.495982  0.4856  0.48004  0.477584  0.476883  0.477248  0.479406  0.485514  0.499318  0.523701  0.551962  0.561382  
0.562281  0.555193  0.533927  0.512645  0.49773  0.489113  0.484917  0.483669  0.484663  0.488301  0.494972  0.503972  0.504124  0.449079  0.275718  0.152313  0.275718  0.449079  0.504124  0.503972  0.494972  0.488301  0.484663  0.483669  0.484917  0.489113  0.49773  0.512645  0.533927  0.555193  0.562281  
0.558964  0.554197  0.539893  0.52382  0.510831  0.502166  0.497375  0.495831  0.497075  0.500961  0.50606  0.507494  0.488523  0.41195  0.240605  0.127756  0.240605  0.41195  0.488523  0.507494  0.50606  0.500961  0.497075  0.495831  0.497375  0.502166  0.510831  0.52382  0.539893  0.554197  0.558964  
0.562967  0.559941  0.550864  0.539523  0.529113  0.521274  0.516469  0.514542  0.514601  0.514765  0.510684  0.494119  0.449318  0.35475  0.196294  0.100206  0.196294  0.35475  0.449318  0.494119  0.510684  0.514765  0.514601  0.514542  0.516469  0.521274  0.529113  0.539523  0.550864  0.559941  0.562967  
0.554447  0.553428  0.550373  0.546402  0.542505  0.538975  0.535278  0.530142  0.521391  0.505923  0.47924  0.435601  0.367693  0.269822  0.141305  0.0695267  0.141305  0.269822  0.367693  0.435601  0.47924  0.505923  0.521391  0.530142  0.535278  0.538975  0.542505  0.546402  0.550373  0.553428  0.554447  
0.579111  0.576666  0.569331  0.557314  0.54082  0.519917  0.494459  0.464138  0.428453  0.386836  0.338601  0.283245  0.220364  0.150653  0.0751024  0.0358491  0.0751024  0.150653  0.220364  0.283245  0.338601  0.386836  0.428453  0.464138  0.494459  0.519917  0.54082  0.557314  0.569331  0.576666  0.579111  
0  0  0  0  0  0  0  0  0  0  0  0  0  0  0  0  0  0  0  0  0  0  0  0  0  0  0  0  0  0  0  
