1  1  1  1  1  1  1  1  1  1  1  1  1  1  1  1  1  1  1  1  1  1  1  1  1  1  1  1  1  1  1  
0.943003  0.91402  0.827072  0.747264  0.67507  0.611452  0.555851  0.507725  0.46626  0.430823  0.400836  0.375964  0.356088  0.341377  0.332194  0.329037  0.332194  0.341377  0.356088  0.375964  0.400836  0.430823  0.46626  0.507725  0.555851  0.611452  0.67507  0.747264  0.827072  0.91402  0.943003  
0.88754  0.838337  0.69073  0.579293  0.501917  0.452298  0.421833  0.403996  0.39356  0.386971  0.381651  0.37619  0.370082  0.363651  0.358244  0.356034  0.358244  0.363651  0.370082  0.37619  0.381651  0.386971  0.39356  0.403996  0.421833  0.452298  0.501917  0.579293  0.69073  0.838337  0.88754  
0.836026  0.775548  0.594116  0.487398  0.437234  0.419167  0.414901  0.415144  0.414828  0.411733  0.40484  0.394294  0.380277  0.364037  0.350033  0.344271  0.350033  0.364037  0.380277  0.394294  0.40484  0.411733  0.414828  0.415144  0.414901  0.419167  0.437234  0.487398  0.594116  0.775548  0.836026  
0.790035  0.724933  0.529626  0.444456  0.424442  0.427244  0.433614  0.438208  0.439194  0.436441  0.429971  0.418733  0.400148  0.376705  0.355947  0.346773  0.355947  0.376705  0.400148  0.418733  0.429971  0.436441  0.439194  0.438208  0.433614  0.427244  0.424442  0.444456  0.529626  0.724933  0.790035  
0.749827  0.684436  0.488263  0.428575  0.430767  0.442295  0.450576  0.454996  0.455771  0.453874  0.448287  0.434098  0.41061  0.385094  0.358798  0.344893  0.358798  0.385094  0.41061  0.434098  0.448287  0.453874  0.455771  0.454996  0.450576  0.442295  0.430767  0.428575  0.488263  0.684436  0.749827  
0.716284  0.652922  0.462838  0.426233  0.44192  0.45514  0.462473  0.465979  0.46709  0.466365  0.459647  0.445141  0.432873  0.41397  0.373217  0.350452  0.373217  0.41397  0.432873  0.445141  0.459647  0.466365  0.46709  0.465979  0.462473  0.45514  0.44192  0.426233  0.462838  0.652922  0.716284  
0.692612  0.631677  0.448872  0.429945  0.452196  0.463742  0.469215  0.47149  0.472203  0.469935  0.463494  0.464492  0.466982  0.419892  0.344287  0.312367  0.344287  0.419892  0.466982  0.464492  0.463494  0.469935  0.472203  0.47149  0.469215  0.463742  0.452196  0.429945  0.448872  0.631677  0.692612  
0.661322  0.605899  0.439631  0.435777  0.460128  0.468969  0.4728  0.474028  0.473802  0.471833  0.475959  0.487391  0.45181  0.359555  0.304403  0.285507  0.304403  0.359555  0.45181  0.487391  0.475959  0.471833  0.473802  0.474028  0.4728  0.468969  0.460128  0.435777  0.439631  0.605899  0.661322  
0.610332  0.565757  0.432032  0.441051  0.465603  0.471846  0.474323  0.474627  0.474261  0.47591  0.482408  0.462675  0.397644  0.400935  0.442991  0.43303  0.442991  0.400935  0.397644  0.462675  0.482408  0.47591  0.474261  0.474627  0.474323  0.471846  0.465603  0.441051  0.432032  0.565757  0.610332  
0.648242  0.59834  0.448635  0.446537  0.469053  0.473372  0.475025  0.475139  0.475597  0.477056  0.469375  0.440835  0.479642  0.604423  0.552263  0.466247  0.552263  0.604423  0.479642  0.440835  0.469375  0.477056  0.475597  0.475139  0.475025  0.473372  0.469053  0.446537  0.448635  0.59834  0.648242  
0.741874  0.670917  0.458047  0.448323  0.47107  0.474188  0.47542  0.47563  0.475884  0.473694  0.465344  0.487706  0.580576  0.501573  0.184035  0.0388453  0.184035  0.501573  0.580576  0.487706  0.465344  0.473694  0.475884  0.47563  0.47542  0.474188  0.47107  0.448323  0.458047  0.670917  0.741874  
0.518687  0.484769  0.383016  0.445168  0.472431  0.474674  0.475758  0.47613  0.476048  0.474253  0.478512  0.507078  0.456896  0.195857  0.0495773  0.0472653  0.0495773  0.195857  0.456896  0.507078  0.478512  0.474253  0.476048  0.47613  0.475758  0.474674  0.472431  0.445168  0.383016  0.484769  0.518687  
0.300166  0.326868  0.406973  0.469895  0.474418  0.474926  0.476043  0.476572  0.476599  0.47628  0.47878  0.461743  0.37205  0.416855  0.679605  0.771102  0.679605  0.416855  0.37205  0.461743  0.47878  0.47628  0.476599  0.476572  0.476043  0.474926  0.474418  0.469895  0.406973  0.326868  0.300166  
0.784015  0.73947  0.605837  0.481038  0.468738  0.474641  0.476259  0.476926  0.477082  0.476393  0.472293  0.455419  0.501773  0.735328  0.748332  0.614191  0.748332  0.735328  0.501773  0.455419  0.472293  0.476393  0.477082  0.476926  0.476259  0.474641  0.468738  0.481038  0.605837  0.73947  0.784015  
1.0102  0.881612  0.495852  0.404292  0.462968  0.475943  0.476464  0.477082  0.477221  0.476122  0.472842  0.47817  0.541079  0.490628  0.0582028  -0.213469  0.0582028  0.490628  0.541079  0.47817  0.472842  0.476122  0.477221  0.477082  0.476464  0.475943  0.462968  0.404292  0.495852  0.881612  1.0102  
0.288041  0.268954  0.211692  0.412758  0.48512  0.477356  0.476034  0.476995  0.477158  0.476089  0.474126  0.476245  0.465588  0.310168  0.104731  0.0361971  0.104731  0.310168  0.465588  0.476245  0.474126  0.476089  0.477158  0.476995  0.476034  0.477356  0.48512  0.412758  0.211692  0.268954  0.288041  
0.160251  0.232072  0.447536  0.551659  0.488302  0.470515  0.475238  0.476811  0.476862  0.475685  0.47339  0.469526  0.462292  0.491694  0.591228  0.62374  0.591228  0.491694  0.462292  0.469526  0.47339  0.475685  0.476862  0.476811  0.475238  0.470515  0.488302  0.551659  0.447536  0.232072  0.160251  
0.829234  0.801462  0.718144  0.505767  0.440367  0.466916  0.476136  0.476352  0.476225  0.474928  0.472643  0.470055  0.487453  0.552675  0.494798  0.384089  0.494798  0.552675  0.487453  0.470055  0.472643  0.474928  0.476225  0.476352  0.476136  0.466916  0.440367  0.505767  0.718144  0.801462  0.829234  
0.819782  0.733167  0.473321  0.365484  0.44475  0.478936  0.475981  0.475019  0.475191  0.473806  0.471774  0.470338  0.486136  0.479025  0.2701  0.0942085  0.2701  0.479025  0.486136  0.470338  0.471774  0.473806  0.475191  0.475019  0.475981  0.478936  0.44475  0.365484  0.473321  0.733167  0.819782  
0.410707  0.390863  0.331331  0.434596  0.49416  0.47723  0.470736  0.473186  0.473742  0.472337  0.47087  0.470811  0.4859  0.475482  0.323621  0.199872  0.323621  0.475482  0.4859  0.470811  0.47087  0.472337  0.473742  0.473186  0.470736  0.47723  0.49416  0.434596  0.331331  0.390863  0.410707  
0.459366  0.470337  0.503249  0.52822  0.481195  0.46113  0.468523  0.472145  0.471939  0.47077  0.470306  0.472309  0.489599  0.492401  0.373799  0.26571  0.373799  0.492401  0.489599  0.472309  0.470306  0.47077  0.471939  0.472145  0.468523  0.46113  0.481195  0.52822  0.503249  0.470337  0.459366  
0.611373  0.598463  0.559731  0.486777  0.450718  0.462119  0.470188  0.470121  0.469807  0.469631  0.470716  0.475383  0.492903  0.486536  0.341455  0.215246  0.341455  0.486536  0.492903  0.475383  0.470716  0.469631  0.469807  0.470121  0.470188  0.462119  0.450718  0.486777  0.559731  0.598463  0.611373  
0.582076  0.56294  0.505532  0.46283  0.466054  0.472572  0.469756  0.468504  0.469133  0.470141  0.473045  0.480477  0.496563  0.47705  0.316096  0.184975  0.316096  0.47705  0.496563  0.480477  0.473045  0.470141  0.469133  0.468504  0.469756  0.472572  0.466054  0.46283  0.505532  0.56294  0.582076  
0.544444  0.534407  0.504298  0.49003  0.484138  0.474519  0.469747  0.46993  0.471088  0.473362  0.478226  0.487479  0.498396  0.464097  0.298335  0.17137  0.298335  0.464097  0.498396  0.487479  0.478226  0.473362  0.471088  0.46993  0.469747  0.474519  0.484138  0.49003  0.504298  0.534407  0.544444  
0.552662  0.546568  0.528287  0.510049  0.492456  0.48143  0.477789  0.477041  0.477842  0.481045  0.487005  0.495126  0.494917  0.441404  0.271856  0.150814  0.271856  0.441404  0.494917  0.495126  0.487005  0.481045  0.477842  0.477041  0.477789  0.48143  0.492456  0.510049  0.528287  0.546568  0.552662  
0.553273  0.548579  0.534498  0.517273  0.503066  0.49481  0.490436  0.488674  0.48957  0.493029  0.497557  0.498521  0.479781  0.405038  0.237084  0.12618  0.237084  0.405038  0.479781  0.498521  0.497557  0.493029  0.48957  0.488674  0.490436  0.49481  0.503066  0.517273  0.534498  0.548579  0.553273  
0.556045  0.552934  0.543602  0.531915  0.521622  0.51393  0.508911  0.506683  0.506453  0.506296  0.501958  0.485478  0.441509  0.348965  0.19346  0.0989569  0.19346  0.348965  0.441509  0.485478  0.501958  0.506296  0.506453  0.506683  0.508911  0.51393  0.521622  0.531915  0.543602  0.552934  0.556045  
0.546635  0.545585  0.542436  0.538396  0.534433  0.530735  0.526857  0.521611  0.512822  0.497446  0.471094  0.428175  0.361523  0.265552  0.139307  0.068676  0.139307  0.265552  0.361523  0.428175  0.471094  0.497446  0.512822  0.521611  0.526857  0.530735  0.534433  0.538396  0.542436  0.545585  0.546635  
0.570327  0.567906  0.560643  0.548754  0.532435  0.511768  0.486631  0.45672  0.421543  0.380549  0.333071  0.278629  0.216819  0.148342  0.0740596  0.0354151  0.0740596  0.148342  0.216819  0.278629  0.333071  0.380549  0.421543  0.45672  0.486631  0.511768  0.532435  0.548754  0.560643  0.567906  0.570327  
0  0  0  0  0  0  0  0  0  0  0  0  0  0  0  0  0  0  0  0  0  0  0  0  0  0  0  0  0  0  0  
