1  1  1  1  1  1  1  1  1  1  1  1  1  1  1  1  1  1  1  1  1  1  1  1  1  1  1  1  1  1  1  
3.88691e+09  2.47839e+09  -1.74718e+09  -2.58218e+10  3.04005e+10  4.63898e+11  -9.97348e+10  -3.80845e+12  -1.09355e+12  1.64979e+13  1.06139e+13  -3.46465e+13  -3.3543e+13  1.42257e+13  2.32116e+13  2.03372e+13  2.32116e+13  1.42257e+13  -3.3543e+13  -3.46465e+13  1.06139e+13  1.64979e+13  -1.09355e+12  -3.80845e+12  -9.97348e+10  4.63898e+11  3.04005e+10  -2.58218e+10  -1.74718e+09  2.47839e+09  3.88691e+09  
-3.21417e+11  -2.15628e+11  1.01738e+11  4.91771e+10  3.34948e+11  -1.16e+11  -5.37728e+12  -1.45466e+12  4.14243e+13  2.71942e+13  -1.61282e+14  -1.57284e+14  2.37865e+14  3.23105e+14  1.16501e+14  7.59711e+13  1.16501e+14  3.23105e+14  2.37865e+14  -1.57284e+14  -1.61282e+14  2.71942e+13  4.14243e+13  -1.45466e+12  -5.37728e+12  -1.16e+11  3.34948e+11  4.91771e+10  1.01738e+11  -2.15628e+11  -3.21417e+11  
-1.07703e+13  -8.5446e+12  -1.86746e+12  3.92205e+11  9.2882e+10  -4.10411e+12  -8.77042e+11  5.32233e+13  3.44029e+13  -3.50689e+14  -3.41152e+14  1.0674e+15  1.38923e+15  -5.75385e+14  -1.30257e+15  -1.20319e+15  -1.30257e+15  -5.75385e+14  1.38923e+15  1.0674e+15  -3.41152e+14  -3.50689e+14  3.44029e+13  5.32233e+13  -8.77042e+11  -4.10411e+12  9.2882e+10  3.92205e+11  -1.86746e+12  -8.5446e+12  -1.07703e+13  
5.74202e+13  4.15985e+13  -5.86644e+12  -4.81539e+12  -1.53586e+12  1.05498e+11  3.76925e+13  2.34785e+13  -4.10213e+14  -3.96405e+14  2.21581e+15  2.83085e+15  -4.41132e+15  -7.56083e+15  -3.05077e+15  -1.67574e+15  -3.05077e+15  -7.56083e+15  -4.41132e+15  2.83085e+15  2.21581e+15  -3.96405e+14  -4.10213e+14  2.34785e+13  3.76925e+13  1.05498e+11  -1.53586e+12  -4.81539e+12  -5.86644e+12  4.15985e+13  5.74202e+13  
4.81357e+14  3.82666e+14  8.65933e+13  2.88089e+12  -5.66812e+12  1.48933e+13  9.05772e+12  -2.73038e+14  -2.6151e+14  2.48813e+15  3.14944e+15  -1.03144e+16  -1.66294e+16  7.28274e+15  2.08654e+16  2.0348e+16  2.08654e+16  7.28274e+15  -1.66294e+16  -1.03144e+16  3.14944e+15  2.48813e+15  -2.6151e+14  -2.73038e+14  9.05772e+12  1.48933e+13  -5.66812e+12  2.88089e+12  8.65933e+13  3.82666e+14  4.81357e+14  
-1.67399e+15  -1.28186e+15  -1.05474e+14  7.45114e+13  9.50598e+12  -1.82561e+12  -1.03949e+14  -9.84393e+13  1.59966e+15  2.01875e+15  -1.20213e+16  -1.89432e+16  3.26804e+16  6.74891e+16  2.99443e+16  1.35061e+16  2.99443e+16  6.74891e+16  3.26804e+16  -1.89432e+16  -1.20213e+16  2.01875e+15  1.59966e+15  -9.84393e+13  -1.03949e+14  -1.82561e+12  9.50598e+12  7.45114e+13  -1.05474e+14  -1.28186e+15  -1.67399e+15  
-6.46771e+15  -5.0977e+15  -9.87664e+14  -1.37017e+14  3.29197e+13  -1.83021e+13  -2.16047e+13  5.90636e+14  7.48683e+14  -7.79826e+15  -1.2209e+16  4.56561e+16  8.82008e+16  -4.50187e+16  -1.51547e+17  -1.56363e+17  -1.51547e+17  -4.50187e+16  8.82008e+16  4.56561e+16  -1.2209e+16  -7.79826e+15  7.48683e+14  5.90636e+14  -2.16047e+13  -1.83021e+13  3.29197e+13  -1.37017e+14  -9.87664e+14  -5.0977e+15  -6.46771e+15  
1.86734e+16  1.48543e+16  3.39714e+15  -2.42544e+14  -4.55762e+13  5.44115e+12  1.20453e+14  1.54084e+14  -2.86991e+15  -4.52079e+15  3.19994e+16  6.05851e+16  -1.25207e+17  -3.02537e+17  -1.45482e+17  -5.09111e+16  -1.45482e+17  -3.02537e+17  -1.25207e+17  6.05851e+16  3.19994e+16  -4.52079e+15  -2.86991e+15  1.54084e+14  1.20453e+14  5.44115e+12  -4.55762e+13  -2.42544e+14  3.39714e+15  1.48543e+16  1.86734e+16  
3.99643e+16  3.08582e+16  3.53992e+15  4.06276e+14  -2.2862e+13  6.08351e+12  1.68538e+13  -5.75893e+14  -9.27731e+14  1.22097e+16  2.31534e+16  -1.08538e+17  -2.4684e+17  1.62526e+17  6.03113e+17  6.58833e+17  6.03113e+17  1.62526e+17  -2.4684e+17  -1.08538e+17  2.31534e+16  1.22097e+16  -9.27731e+14  -5.75893e+14  1.68538e+13  6.08351e+12  -2.2862e+13  4.06276e+14  3.53992e+15  3.08582e+16  3.99643e+16  
-1.0525e+17  -8.60555e+16  -2.84721e+16  -6.88007e+14  1.50007e+13  -9.07978e+11  -5.66435e+13  -9.54868e+13  2.48851e+15  4.82109e+15  -4.57968e+16  -1.03098e+17  2.79049e+17  7.73596e+17  3.96814e+17  9.33799e+16  3.96814e+17  7.73596e+17  2.79049e+17  -1.03098e+17  -4.57968e+16  4.82109e+15  2.48851e+15  -9.54868e+13  -5.66435e+13  -9.07978e+11  1.50007e+13  -6.88007e+14  -2.84721e+16  -8.60555e+16  -1.0525e+17  
-1.35358e+17  -1.00748e+17  3.08327e+15  5.08391e+15  7.0732e+13  -2.81767e+11  -4.116e+12  2.44003e+14  4.98186e+14  -9.84389e+15  -2.2543e+16  1.48301e+17  3.94594e+17  -3.70936e+17  -1.44786e+18  -1.674e+18  -1.44786e+18  -3.70936e+17  3.94594e+17  1.48301e+17  -2.2543e+16  -9.84389e+15  4.98186e+14  2.44003e+14  -4.116e+12  -2.81767e+11  7.0732e+13  5.08391e+15  3.08327e+15  -1.00748e+17  -1.35358e+17  
3.42264e+17  2.85686e+17  1.15953e+17  4.25831e+15  -9.34193e+14  -1.36043e+13  8.80666e+12  2.05217e+13  -9.92381e+14  -2.3887e+15  3.58066e+16  9.62359e+16  -3.8093e+17  -1.20129e+18  -6.44111e+17  -5.72402e+16  -6.44111e+17  -1.20129e+18  -3.8093e+17  9.62359e+16  3.58066e+16  -2.3887e+15  -9.92381e+14  2.05217e+13  8.80666e+12  -1.36043e+13  -9.34193e+14  4.25831e+15  1.15953e+17  2.85686e+17  3.42264e+17  
2.74245e+17  1.91938e+17  -5.49815e+16  -3.83559e+16  -1.38372e+15  1.96036e+14  3.27071e+12  -3.63269e+13  -9.89414e+13  3.85097e+15  1.08498e+16  -1.17415e+17  -3.68668e+17  5.51569e+17  2.20555e+18  2.69694e+18  2.20555e+18  5.51569e+17  -3.68668e+17  -1.17415e+17  1.08498e+16  3.85097e+15  -9.89414e+13  -3.63269e+13  3.27071e+12  1.96036e+14  -1.38372e+15  -3.83559e+16  -5.49815e+16  1.91938e+17  2.74245e+17  
-6.88987e+17  -5.84522e+17  -2.71126e+17  -2.80686e+15  1.00799e+16  3.7872e+14  -4.5274e+13  -1.61182e+12  1.45913e+14  4.62594e+14  -1.43553e+16  -4.73031e+16  3.20702e+17  1.15959e+18  6.3018e+17  -8.13099e+16  6.3018e+17  1.15959e+18  3.20702e+17  -4.73031e+16  -1.43553e+16  4.62594e+14  1.45913e+14  -1.61182e+12  -4.5274e+13  3.7872e+14  1.00799e+16  -2.80686e+15  -2.71126e+17  -5.84522e+17  -6.88987e+17  
-3.46969e+17  -2.18697e+17  1.66122e+17  1.14302e+17  4.02792e+15  -2.55423e+15  -1.00957e+14  1.1641e+13  4.21775e+12  -5.83247e+14  -2.16118e+15  5.07988e+16  1.94987e+17  -5.35596e+17  -2.18022e+18  -2.81755e+18  -2.18022e+18  -5.35596e+17  1.94987e+17  5.07988e+16  -2.16118e+15  -5.83247e+14  4.21775e+12  1.1641e+13  -1.00957e+14  -2.55423e+15  4.02792e+15  1.14302e+17  1.66122e+17  -2.18697e+17  -3.46969e+17  
8.89673e+17  7.65098e+17  3.91375e+17  -1.68111e+16  -3.57937e+16  -1.615e+15  6.43908e+14  2.66806e+13  -5.88053e+12  -1.88662e+13  2.36123e+15  1.03404e+16  -1.59769e+17  -6.88343e+17  -3.56971e+17  1.90434e+17  -3.56971e+17  -6.88343e+17  -1.59769e+17  1.03404e+16  2.36123e+15  -1.88662e+13  -5.88053e+12  2.66806e+13  6.43908e+14  -1.615e+15  -3.57937e+16  -1.68111e+16  3.91375e+17  7.65098e+17  8.89673e+17  
2.78016e+17  1.44536e+17  -2.55905e+17  -1.86278e+17  -3.68025e+15  1.00204e+16  5.18991e+14  -1.60831e+14  -6.94902e+12  1.42389e+13  9.27935e+13  -9.80431e+15  -5.10238e+16  3.33546e+17  1.39918e+18  1.91051e+18  1.39918e+18  3.33546e+17  -5.10238e+16  -9.80431e+15  9.27935e+13  1.42389e+13  -6.94902e+12  -1.60831e+14  5.18991e+14  1.00204e+16  -3.68025e+15  -1.86278e+17  -2.55905e+17  1.44536e+17  2.78016e+17  
-7.45272e+17  -6.48853e+17  -3.59595e+17  4.22278e+16  6.3123e+16  2.74339e+15  -2.63433e+15  -1.50856e+14  3.92472e+13  1.76103e+12  -5.9563e+13  -5.2023e+14  4.08312e+16  2.37251e+17  9.8344e+16  -1.6602e+17  9.8344e+16  2.37251e+17  4.08312e+16  -5.2023e+14  -5.9563e+13  1.76103e+12  3.92472e+13  -1.50856e+14  -2.63433e+15  2.74339e+15  6.3123e+16  4.22278e+16  -3.59595e+17  -6.48853e+17  -7.45272e+17  
-1.39686e+17  -4.7249e+16  2.30062e+17  1.80833e+17  -8.01432e+14  -1.82367e+16  -1.05676e+15  6.55591e+14  4.07425e+13  -9.69412e+12  3.44929e+11  3.23788e+14  3.4452e+15  -1.27896e+17  -5.70672e+17  -8.23816e+17  -5.70672e+17  -1.27896e+17  3.4452e+15  3.23788e+14  3.44929e+11  -9.69412e+12  4.07425e+13  6.55591e+14  -1.05676e+15  -1.82367e+16  -8.01432e+14  1.80833e+17  2.30062e+17  -4.7249e+16  -1.39686e+17  
4.00878e+17  3.53361e+17  2.10809e+17  -4.37727e+16  -6.21523e+16  -2.34037e+15  4.7366e+15  3.27381e+14  -1.52901e+14  -1.01381e+13  -6.1439e+12  3.5726e+13  -2.296e+15  -3.98942e+16  -6.01905e+14  7.66376e+16  -6.01905e+14  -3.98942e+16  -2.296e+15  3.5726e+13  -6.1439e+12  -1.01381e+13  -1.52901e+14  3.27381e+14  4.7366e+15  -2.34037e+15  -6.21523e+16  -4.37727e+16  2.10809e+17  3.53361e+17  4.00878e+17  
4.24615e+16  9.32389e+14  -1.23655e+17  -1.06345e+17  3.36615e+15  1.74959e+16  1.09692e+15  -1.11753e+15  -8.81985e+13  3.54667e+13  2.4564e+12  -1.25929e+14  5.02505e+14  2.79863e+16  1.40869e+17  2.15427e+17  1.40869e+17  2.79863e+16  5.02505e+14  -1.25929e+14  2.4564e+12  3.54667e+13  -8.81985e+13  -1.11753e+15  1.09692e+15  1.74959e+16  3.36615e+15  -1.06345e+17  -1.23655e+17  9.32389e+14  4.24615e+16  
-1.33741e+17  -1.19542e+17  -7.69454e+16  2.35266e+16  3.50031e+16  1.1459e+15  -4.25e+15  -3.46988e+14  2.36532e+14  1.96048e+13  1.63023e+13  9.92571e+12  -1.04599e+15  9.04114e+14  -6.42882e+15  -1.91214e+16  -6.42882e+15  9.04114e+14  -1.04599e+15  9.92571e+12  1.63023e+13  1.96048e+13  2.36532e+14  -3.46988e+14  -4.25e+15  1.1459e+15  3.50031e+16  2.35266e+16  -7.69454e+16  -1.19542e+17  -1.33741e+17  
-7.27723e+15  4.19258e+15  3.8602e+16  3.68537e+16  -2.04491e+15  -9.04767e+15  -6.40818e+14  8.97947e+14  8.83188e+13  -4.66156e+13  -1.10458e+13  9.15121e+13  1.15698e+14  -3.01938e+15  -1.91815e+16  -3.1209e+16  -1.91815e+16  -3.01938e+15  1.15698e+14  9.15121e+13  -1.10458e+13  -4.66156e+13  8.83188e+13  8.97947e+14  -6.40818e+14  -9.04767e+15  -2.04491e+15  3.68537e+16  3.8602e+16  4.19258e+15  -7.27723e+15  
2.58082e+16  2.34725e+16  1.64653e+16  -6.5831e+15  -1.08845e+16  -3.73665e+14  1.92817e+15  1.92275e+14  -1.62272e+14  -1.7324e+13  -1.29497e+11  -2.06117e+13  1.7181e+14  5.18098e+14  1.33042e+15  2.35584e+15  1.33042e+15  5.18098e+14  1.7181e+14  -2.06117e+13  -1.29497e+11  -1.7324e+13  -1.62272e+14  1.92275e+14  1.92817e+15  -3.73665e+14  -1.08845e+16  -6.5831e+15  1.64653e+16  2.34725e+16  2.58082e+16  
6.20047e+14  -1.14357e+15  -6.43442e+15  -6.95337e+15  4.74028e+14  2.39833e+15  2.10923e+14  -3.39607e+14  -4.25935e+13  2.47546e+13  5.35194e+12  -1.03718e+13  -3.89004e+13  1.13946e+14  1.20203e+15  2.09832e+15  1.20203e+15  1.13946e+14  -3.89004e+13  -1.03718e+13  5.35194e+12  2.47546e+13  -4.25935e+13  -3.39607e+14  2.10923e+14  2.39833e+15  4.74028e+14  -6.95337e+15  -6.43442e+15  -1.14357e+15  6.20047e+14  
-2.52103e+15  -2.34769e+15  -1.82766e+15  8.64324e+14  1.68204e+15  8.33012e+13  -4.11385e+14  -5.34249e+13  4.84152e+13  7.10909e+12  -2.56639e+12  2.17029e+12  -5.44981e+12  -4.07312e+13  -8.10922e+13  -1.1228e+14  -8.10922e+13  -4.07312e+13  -5.44981e+12  2.17029e+12  -2.56639e+12  7.10909e+12  4.84152e+13  -5.34249e+13  -4.11385e+14  8.33012e+13  1.68204e+15  8.64324e+14  -1.82766e+15  -2.34769e+15  -2.52103e+15  
-2.11786e+13  1.03576e+14  4.77839e+14  6.02337e+14  -3.58858e+13  -2.82519e+14  -3.46591e+13  5.47568e+13  9.28442e+12  -5.42825e+12  -1.0516e+12  3.82035e+11  1.57673e+12  -1.00893e+11  -2.24978e+13  -4.28972e+13  -2.24978e+13  -1.00893e+11  1.57673e+12  3.82035e+11  -1.0516e+12  -5.42825e+12  9.28442e+12  5.47568e+13  -3.46591e+13  -2.82519e+14  -3.58858e+13  6.02337e+14  4.77839e+14  1.03576e+14  -2.11786e+13  
9.37065e+13  9.04224e+13  8.05699e+13  -4.05485e+13  -1.01636e+14  -9.21277e+12  3.40935e+13  6.36044e+12  -5.57348e+12  -1.19323e+12  4.68207e+11  6.98108e+10  -1.77927e+10  3.70293e+11  7.68532e+11  9.44108e+11  7.68532e+11  3.70293e+11  -1.77927e+10  6.98108e+10  4.68207e+11  -1.19323e+12  -5.57348e+12  6.36044e+12  3.40935e+13  -9.21277e+12  -1.01636e+14  -4.05485e+13  8.05699e+13  9.04224e+13  9.37065e+13  
2.38483e+11  -2.34159e+12  -1.00818e+13  -1.5837e+13  1.63628e+11  1.05488e+13  2.1297e+12  -3.01049e+12  -8.08076e+11  4.54699e+11  1.30807e+11  -3.44111e+10  -8.43575e+09  7.88274e+08  4.64765e+09  1.27653e+10  4.64765e+09  7.88274e+08  -8.43575e+09  -3.44111e+10  1.30807e+11  4.54699e+11  -8.08076e+11  -3.01049e+12  2.1297e+12  1.05488e+13  1.63628e+11  -1.5837e+13  -1.00818e+13  -2.34159e+12  2.38483e+11  
0  0  0  0  0  0  0  0  0  0  0  0  0  0  0  0  0  0  0  0  0  0  0  0  0  0  0  0  0  0  0  
