1  1  1  1  1  1  1  1  1  1  1  1  1  1  1  1  1  1  1  1  1  1  1  1  1  1  1  1  1  1  1  
1.1297e+32  3.2451e+31  -2.09106e+32  6.03456e+33  1.04113e+34  -9.66896e+34  -1.69882e+35  7.02833e+35  1.32497e+36  -2.56584e+36  -5.47007e+36  3.71176e+36  1.0548e+37  2.29149e+36  -2.68929e+36  -2.63936e+36  -2.68929e+36  2.29149e+36  1.0548e+37  3.71176e+36  -5.47007e+36  -2.56584e+36  1.32497e+36  7.02833e+35  -1.69882e+35  -9.66896e+34  1.04113e+34  6.03456e+33  -2.09106e+32  3.2451e+31  1.1297e+32  
-1.19834e+34  -6.37462e+33  1.04519e+34  7.37288e+33  -7.13985e+34  -1.73919e+35  1.00743e+36  2.38887e+36  -6.76564e+36  -1.67967e+37  2.07171e+37  5.97672e+37  -1.01267e+37  -7.50318e+37  -4.98836e+37  -3.94691e+37  -4.98836e+37  -7.50318e+37  -1.01267e+37  5.97672e+37  2.07171e+37  -1.67967e+37  -6.76564e+36  2.38887e+36  1.00743e+36  -1.73919e+35  -7.13985e+34  7.37288e+33  1.04519e+34  -6.37462e+33  -1.19834e+34  
-7.83156e+35  -6.12738e+35  -1.01481e+35  -4.2218e+33  -8.59089e+34  7.77123e+35  2.26517e+36  -9.04334e+36  -2.58669e+37  5.0015e+37  1.53621e+38  -9.92858e+37  -4.14802e+38  -1.28694e+38  1.54026e+38  1.71608e+38  1.54026e+38  -1.28694e+38  -4.14802e+38  -9.92858e+37  1.53621e+38  5.0015e+37  -2.58669e+37  -9.04334e+36  2.26517e+36  7.77123e+35  -8.59089e+34  -4.2218e+33  -1.01481e+35  -6.12738e+35  -7.83156e+35  
2.47443e+36  1.70256e+36  -6.13064e+35  -3.29184e+35  3.52609e+35  1.20506e+36  -6.61821e+36  -2.2074e+37  6.28124e+37  2.11145e+38  -2.62904e+38  -1.01646e+39  1.21827e+38  1.71707e+39  1.33775e+39  1.04038e+39  1.33775e+39  1.71707e+39  1.21827e+38  -1.01646e+39  -2.62904e+38  2.11145e+38  6.28124e+37  -2.2074e+37  -6.61821e+36  1.20506e+36  3.52609e+35  -3.29184e+35  -6.13064e+35  1.70256e+36  2.47443e+36  
3.62575e+37  2.85774e+37  5.53719e+36  -4.29799e+34  -3.68677e+34  -2.68309e+36  -1.07592e+37  4.40804e+37  1.66384e+38  -3.3656e+38  -1.33461e+39  8.77184e+38  4.84323e+39  1.88425e+39  -2.53938e+39  -3.13142e+39  -2.53938e+39  1.88425e+39  4.84323e+39  8.77184e+38  -1.33461e+39  -3.3656e+38  1.66384e+38  4.40804e+37  -1.07592e+37  -2.68309e+36  -3.68677e+34  -4.29799e+34  5.53719e+36  2.85774e+37  3.62575e+37  
-8.03256e+37  -6.07534e+37  -2.03668e+36  5.33879e+36  -4.16446e+35  -3.20324e+36  1.74808e+37  7.65274e+37  -2.35925e+38  -1.00923e+39  1.36653e+39  6.63946e+39  -6.79711e+38  -1.52194e+40  -1.36033e+40  -1.05401e+40  -1.36033e+40  -1.52194e+40  -6.79711e+38  6.63946e+39  1.36653e+39  -1.00923e+39  -2.35925e+38  7.65274e+37  1.74808e+37  -3.20324e+36  -4.16446e+35  5.33879e+36  -2.03668e+36  -6.07534e+37  -8.03256e+37  
-5.06033e+38  -3.98282e+38  -7.5031e+37  -6.55622e+36  2.00431e+36  3.87889e+36  1.99531e+37  -9.28466e+37  -4.47081e+38  1.0306e+39  5.06868e+39  -3.76678e+39  -2.55417e+40  -1.16698e+40  1.91431e+40  2.56214e+40  1.91431e+40  -1.16698e+40  -2.55417e+40  -3.76678e+39  5.06868e+39  1.0306e+39  -4.47081e+38  -9.28466e+37  1.99531e+37  3.87889e+36  2.00431e+36  -6.55622e+36  -7.5031e+37  -3.98282e+38  -5.06033e+38  
9.61055e+38  7.67979e+38  1.88751e+38  -2.05563e+37  -1.8349e+36  3.33743e+36  -1.97498e+37  -1.13041e+38  4.18459e+38  2.23244e+39  -3.62088e+39  -2.12475e+40  2.78626e+39  6.86675e+40  6.95387e+40  5.43845e+40  6.95387e+40  6.86675e+40  2.78626e+39  -2.12475e+40  -3.62088e+39  2.23244e+39  4.18459e+38  -1.13041e+38  -1.97498e+37  3.33743e+36  -1.8349e+36  -2.05563e+37  1.88751e+38  7.67979e+38  9.61055e+38  
3.26432e+39  2.54435e+39  3.84464e+38  2.52419e+37  -1.94586e+36  -2.34348e+36  -1.4999e+37  9.03031e+37  5.56323e+38  -1.6247e+39  -9.73221e+39  9.25708e+39  7.23362e+40  3.68706e+40  -7.97019e+40  -1.13803e+41  -7.97019e+40  3.68706e+40  7.23362e+40  9.25708e+39  -9.73221e+39  -1.6247e+39  5.56323e+38  9.03031e+37  -1.4999e+37  -2.34348e+36  -1.94586e+36  2.52419e+37  3.84464e+38  2.54435e+39  3.26432e+39  
-5.69647e+39  -4.72201e+39  -1.79864e+39  -5.37121e+37  9.41491e+35  -1.03174e+36  9.33035e+36  7.26411e+37  -3.68255e+38  -2.46172e+39  5.35775e+39  3.707e+40  -8.82554e+39  -1.79095e+41  -2.03901e+41  -1.62962e+41  -2.03901e+41  -1.79095e+41  -8.82554e+39  3.707e+40  5.35775e+39  -2.46172e+39  -3.68255e+38  7.26411e+37  9.33035e+36  -1.03174e+36  9.41491e+35  -5.37121e+37  -1.79864e+39  -4.72201e+39  -5.69647e+39  
-1.16282e+40  -8.89105e+39  -6.79601e+38  2.96849e+38  6.11104e+36  4.5545e+35  4.15677e+36  -3.90994e+37  -3.21351e+38  1.35795e+39  9.94226e+39  -1.38238e+40  -1.19265e+41  -6.3952e+40  2.01582e+41  3.02526e+41  2.01582e+41  -6.3952e+40  -1.19265e+41  -1.38238e+40  9.94226e+39  1.35795e+39  -3.21351e+38  -3.90994e+37  4.15677e+36  4.5545e+35  6.11104e+36  2.96849e+38  -6.79601e+38  -8.89105e+39  -1.16282e+40  
1.92525e+40  1.63895e+40  7.8007e+39  5.08758e+38  -5.3805e+37  -1.08815e+36  -1.51144e+36  -1.82233e+37  1.52868e+38  1.33541e+39  -4.47985e+39  -3.65385e+40  1.8265e+40  2.87796e+41  3.67313e+41  3.0372e+41  3.67313e+41  2.87796e+41  1.8265e+40  -3.65385e+40  -4.47985e+39  1.33541e+39  1.52868e+38  -1.82233e+37  -1.51144e+36  -1.08815e+36  -5.3805e+37  5.08758e+38  7.8007e+39  1.63895e+40  1.92525e+40  
2.50401e+40  1.85599e+40  -8.80609e+38  -2.40941e+39  -1.42397e+38  1.11713e+37  -2.29633e+34  6.09434e+36  7.63326e+37  -5.65578e+38  -5.28026e+39  1.24471e+40  1.17737e+41  5.98693e+40  -3.2546e+41  -5.07006e+41  -3.2546e+41  5.98693e+40  1.17737e+41  1.24471e+40  -5.28026e+39  -5.65578e+38  7.63326e+37  6.09434e+36  -2.29633e+34  1.11713e+37  -1.42397e+38  -2.40941e+39  -8.80609e+38  1.85599e+40  2.50401e+40  
-3.99671e+40  -3.4738e+40  -1.90507e+40  -1.20408e+39  6.13704e+38  3.68435e+37  -2.51944e+36  1.12139e+36  -2.39621e+37  -3.13015e+38  1.97485e+39  1.98323e+40  -2.24655e+40  -2.92591e+41  -4.20241e+41  -3.64292e+41  -4.20241e+41  -2.92591e+41  -2.24655e+40  1.98323e+40  1.97485e+39  -3.13015e+38  -2.39621e+37  1.12139e+36  -2.51944e+36  3.68435e+37  6.13704e+38  -1.20408e+39  -1.90507e+40  -3.4738e+40  -3.99671e+40  
-3.4177e+40  -2.41674e+40  5.86138e+39  7.46403e+39  5.58652e+38  -1.52573e+38  -9.51678e+36  4.69626e+35  -4.85954e+36  9.34244e+37  1.27786e+39  -6.27949e+39  -6.83191e+40  -2.36046e+40  3.42716e+41  5.48604e+41  3.42716e+41  -2.36046e+40  -6.83191e+40  -6.27949e+39  1.27786e+39  9.34244e+37  -4.85954e+36  4.69626e+35  -9.51678e+36  -1.52573e+38  5.58652e+38  7.46403e+39  5.86138e+39  -2.41674e+40  -3.4177e+40  
5.29268e+40  4.68135e+40  2.84736e+40  1.12553e+39  -2.25287e+39  -1.84666e+38  3.79355e+37  2.46196e+36  4.28205e+35  2.04726e+37  -3.65808e+38  -5.24324e+39  1.55501e+40  1.87667e+41  3.07798e+41  2.84077e+41  3.07798e+41  1.87667e+41  1.55501e+40  -5.24324e+39  -3.65808e+38  2.04726e+37  4.28205e+35  2.46196e+36  3.79355e+37  -1.84666e+38  -2.25287e+39  1.12553e+39  2.84736e+40  4.68135e+40  5.29268e+40  
3.01822e+40  1.99011e+40  -1.0942e+40  -1.24956e+40  -9.66067e+38  6.15787e+38  5.43657e+37  -9.36852e+36  -6.35833e+35  -2.40234e+36  -9.02133e+37  1.44065e+39  2.12397e+40  -5.81616e+39  -2.35318e+41  -3.84034e+41  -2.35318e+41  -5.81616e+39  2.12397e+40  1.44065e+39  -9.02133e+37  -2.40234e+36  -6.35833e+35  -9.36852e+36  5.43657e+37  6.15787e+38  -9.66067e+38  -1.24956e+40  -1.0942e+40  1.99011e+40  3.01822e+40  
-4.52755e+40  -4.06928e+40  -2.69448e+40  -3.63739e+37  4.06268e+39  3.86138e+38  -1.5898e+38  -1.49743e+37  2.26362e+36  1.67637e+35  1.07057e+37  4.38354e+38  -5.372e+39  -7.32916e+40  -1.42162e+41  -1.42469e+41  -1.42162e+41  -7.32916e+40  -5.372e+39  4.38354e+38  1.07057e+37  1.67637e+35  2.26362e+36  -1.49743e+37  -1.5898e+38  3.86138e+38  4.06268e+39  -3.63739e+37  -2.69448e+40  -4.06928e+40  -4.52755e+40  
-1.72438e+40  -1.02429e+40  1.07599e+40  1.23705e+40  9.00255e+38  -1.14164e+39  -1.23266e+38  3.89579e+37  3.89185e+36  -4.2524e+35  -8.46216e+35  -5.69086e+37  -2.45509e+39  9.82704e+39  1.03094e+41  1.70553e+41  1.03094e+41  9.82704e+39  -2.45509e+39  -5.69086e+37  -8.46216e+35  -4.2524e+35  3.89185e+36  3.89579e+37  -1.23266e+38  -1.14164e+39  9.00255e+38  1.23705e+40  1.07599e+40  -1.02429e+40  -1.72438e+40  
2.47823e+40  2.26361e+40  1.61972e+40  -7.39008e+38  -4.06091e+39  -4.24936e+38  2.90137e+38  3.45715e+37  -8.99152e+36  -7.93875e+35  1.4096e+36  -9.62607e+36  4.81442e+38  1.59227e+40  3.96884e+40  4.43902e+40  3.96884e+40  1.59227e+40  4.81442e+38  -9.62607e+36  1.4096e+36  -7.93875e+35  -8.99152e+36  3.45715e+37  2.90137e+38  -4.24936e+38  -4.06091e+39  -7.39008e+38  1.61972e+40  2.26361e+40  2.47823e+40  
6.24446e+39  3.16251e+39  -6.08334e+39  -7.3761e+39  -4.9173e+38  1.10785e+39  1.40183e+38  -6.71381e+37  -8.72438e+36  1.33677e+36  2.63624e+36  1.98204e+37  -2.19613e+38  -3.90528e+39  -2.74428e+40  -4.58617e+40  -2.74428e+40  -3.90528e+39  -2.19613e+38  1.98204e+37  2.63624e+36  1.33677e+36  -8.72438e+36  -6.71381e+37  1.40183e+38  1.10785e+39  -4.9173e+38  -7.3761e+39  -6.08334e+39  3.16251e+39  6.24446e+39  
-8.3877e+39  -7.79898e+39  -6.03281e+39  5.71466e+38  2.30804e+39  2.67129e+38  -2.62366e+38  -3.80277e+37  1.40898e+37  1.73416e+36  -5.22845e+36  1.71523e+37  1.88665e+38  -1.49865e+39  -6.1618e+39  -8.02483e+39  -6.1618e+39  -1.49865e+39  1.88665e+38  1.71523e+37  -5.22845e+36  1.73416e+36  1.40898e+37  -3.80277e+37  -2.62366e+38  2.67129e+38  2.30804e+39  5.71466e+38  -6.03281e+39  -7.79898e+39  -8.3877e+39  
-1.36851e+39  -5.37319e+38  1.95624e+39  2.5777e+39  1.67017e+38  -5.75977e+38  -8.57783e+37  5.41338e+37  8.77365e+36  -1.86682e+36  -1.14933e+36  -2.06062e+37  4.61291e+37  6.68536e+38  4.04723e+39  6.82635e+39  4.04723e+39  6.68536e+38  4.61291e+37  -2.06062e+37  -1.14933e+36  -1.86682e+36  8.77365e+36  5.41338e+37  -8.57783e+37  -5.75977e+38  1.67017e+38  2.5777e+39  1.95624e+39  -5.37319e+38  -1.36851e+39  
1.63734e+39  1.55536e+39  1.30941e+39  -1.79393e+38  -7.20287e+38  -9.64187e+37  1.19189e+38  2.10844e+37  -9.62869e+36  -1.7491e+36  2.35174e+36  -6.44593e+35  -4.44614e+37  -6.53484e+36  4.52783e+38  7.40038e+38  4.52783e+38  -6.53484e+36  -4.44614e+37  -6.44593e+35  2.35174e+36  -1.7491e+36  -9.62869e+36  2.10844e+37  1.19189e+38  -9.64187e+37  -7.20287e+38  -1.79393e+38  1.30941e+39  1.55536e+39  1.63734e+39  
1.66187e+38  4.18636e+37  -3.31107e+38  -4.87685e+38  -3.62048e+37  1.5259e+38  2.76423e+37  -2.04017e+37  -4.14267e+36  1.26312e+36  1.1413e+35  2.96607e+36  2.20628e+36  -4.50104e+37  -2.762e+38  -4.71559e+38  -2.762e+38  -4.50104e+37  2.20628e+36  2.96607e+36  1.1413e+35  1.26312e+36  -4.14267e+36  -2.04017e+37  2.76423e+37  1.5259e+38  -3.62048e+37  -4.87685e+38  -3.31107e+38  4.18636e+37  1.66187e+38  
-1.61333e+38  -1.57574e+38  -1.46298e+38  2.34346e+37  1.11068e+38  1.84917e+37  -2.52891e+37  -5.63256e+36  2.82611e+36  6.71013e+35  -3.06703e+35  -3.16907e+35  2.35171e+36  6.24937e+36  -1.09951e+37  -2.65964e+37  -1.09951e+37  6.24937e+36  2.35171e+36  -3.16907e+35  -3.06703e+35  6.71013e+35  2.82611e+36  -5.63256e+36  -2.52891e+37  1.84917e+37  1.11068e+38  2.34346e+37  -1.46298e+38  -1.57574e+38  -1.61333e+38  
-9.3795e+36  -8.71232e+35  2.46536e+37  4.20964e+37  4.43203e+36  -1.78447e+37  -4.16946e+36  3.24939e+36  8.65491e+35  -3.01123e+35  -6.50837e+34  -6.18183e+34  -2.36325e+35  7.54642e+35  5.67337e+36  9.91667e+36  5.67337e+36  7.54642e+35  -2.36325e+35  -6.18183e+34  -6.50837e+34  -3.01123e+35  8.65491e+35  3.24939e+36  -4.16946e+36  -1.78447e+37  4.43203e+36  4.20964e+37  2.46536e+37  -8.71232e+35  -9.3795e+36  
6.02934e+36  6.1291e+36  6.42839e+36  -9.40692e+35  -6.65024e+36  -1.52183e+36  2.06569e+36  6.23675e+35  -3.17189e+35  -1.0243e+35  2.55844e+34  1.24825e+34  -1.44501e+34  -7.90913e+34  2.44403e+34  1.6492e+35  2.44403e+34  -7.90913e+34  -1.44501e+34  1.24825e+34  2.55844e+34  -1.0243e+35  -3.17189e+35  6.23675e+35  2.06569e+36  -1.52183e+36  -6.65024e+36  -9.40692e+35  6.42839e+36  6.1291e+36  6.02934e+36  
1.59438e+35  -8.74527e+33  -5.13296e+35  -1.09392e+36  -2.00164e+35  6.54928e+35  2.24717e+35  -1.73774e+35  -7.02542e+34  2.43567e+34  1.04854e+34  -1.73022e+33  -8.2834e+32  5.97337e+31  -1.24894e+33  -3.07363e+33  -1.24894e+33  5.97337e+31  -8.2834e+32  -1.73022e+33  1.04854e+34  2.43567e+34  -7.02542e+34  -1.73774e+35  2.24717e+35  6.54928e+35  -2.00164e+35  -1.09392e+36  -5.13296e+35  -8.74527e+33  1.59438e+35  
0  0  0  0  0  0  0  0  0  0  0  0  0  0  0  0  0  0  0  0  0  0  0  0  0  0  0  0  0  0  0  
