1  1  1  1  1  1  1  1  1  1  1  1  1  1  1  1  1  1  1  1  1  1  1  1  1  1  1  1  1  1  1  
5.50275e+41  2.75765e+41  -5.47764e+41  -1.36615e+43  5.21171e+42  2.37433e+44  6.5915e+43  -1.89329e+45  -1.23253e+45  7.90793e+45  7.43017e+45  -1.55787e+46  -1.93481e+46  4.05631e+45  1.05613e+46  9.4271e+45  1.05613e+46  4.05631e+45  -1.93481e+46  -1.55787e+46  7.43017e+45  7.90793e+45  -1.23253e+45  -1.89329e+45  6.5915e+43  2.37433e+44  5.21171e+42  -1.36615e+43  -5.47764e+41  2.75765e+41  5.50275e+41  
6.3438e+43  4.875e+43  4.68597e+42  -5.47738e+41  1.73742e+44  6.28982e+43  -2.68252e+45  -2.02371e+45  2.00541e+46  2.07431e+46  -7.46293e+46  -9.70455e+46  9.7537e+46  1.70073e+47  7.53253e+46  5.33766e+46  7.53253e+46  1.70073e+47  9.7537e+46  -9.70455e+46  -7.46293e+46  2.07431e+46  2.00541e+46  -2.02371e+45  -2.68252e+45  6.28982e+43  1.73742e+44  -5.47738e+41  4.68597e+42  4.875e+43  6.3438e+43  
-4.94786e+44  -3.40292e+44  1.23191e+44  1.2554e+44  2.20634e+43  -2.05021e+45  -1.72284e+45  2.5981e+46  2.9074e+46  -1.6532e+47  -2.25205e+47  4.70714e+47  7.87797e+47  -1.41978e+47  -5.94578e+47  -5.67208e+47  -5.94578e+47  -1.41978e+47  7.87797e+47  4.70714e+47  -2.25205e+47  -1.6532e+47  2.9074e+46  2.5981e+46  -1.72284e+45  -2.05021e+45  2.20634e+43  1.2554e+44  1.23191e+44  -3.40292e+44  -4.94786e+44  
-8.09043e+45  -6.41212e+45  -1.37719e+45  8.44412e+43  -7.30512e+44  -8.11574e+44  1.85305e+46  2.25579e+46  -1.96023e+47  -2.81701e+47  1.01199e+48  1.71032e+48  -1.7684e+48  -3.95606e+48  -1.99182e+48  -1.2815e+48  -1.99182e+48  -3.95606e+48  -1.7684e+48  1.71032e+48  1.01199e+48  -2.81701e+47  -1.96023e+47  2.25579e+46  1.85305e+46  -8.11574e+44  -7.30512e+44  8.44412e+43  -1.37719e+45  -6.41212e+45  -8.09043e+45  
2.99195e+46  2.22425e+46  -7.88513e+44  -2.23561e+45  -2.47071e+44  7.51824e+45  9.98116e+45  -1.31869e+47  -2.02452e+47  1.16172e+48  2.02777e+48  -4.49811e+48  -9.35528e+48  1.64043e+48  9.56855e+48  9.73304e+48  9.56855e+48  1.64043e+48  -9.35528e+48  -4.49811e+48  2.02777e+48  1.16172e+48  -2.02452e+47  -1.31869e+47  9.98116e+45  7.51824e+45  -2.47071e+44  -2.23561e+45  -7.88513e+44  2.22425e+46  2.99195e+46  
1.83749e+47  1.45441e+47  3.05139e+46  2.56873e+45  8.81001e+43  2.40487e+45  -5.05213e+46  -8.47754e+46  7.58874e+47  1.39409e+48  -5.4536e+48  -1.13453e+49  1.29642e+49  3.52465e+49  1.98403e+49  1.16502e+49  1.98403e+49  3.52465e+49  1.29642e+49  -1.13453e+49  -5.4536e+48  1.39409e+48  7.58874e+47  -8.47754e+46  -5.05213e+46  2.40487e+45  8.81001e+43  2.56873e+45  3.05139e+46  1.45441e+47  1.83749e+47  
-5.20622e+47  -4.06821e+47  -6.54173e+46  1.58453e+46  2.12175e+45  -1.118e+46  -2.01601e+46  2.83753e+47  5.61655e+47  -3.62617e+48  -7.79637e+48  1.98395e+49  4.95297e+49  -1.01268e+49  -6.99263e+49  -7.57489e+49  -6.99263e+49  -1.01268e+49  4.95297e+49  1.98395e+49  -7.79637e+48  -3.62617e+48  5.61655e+47  2.83753e+47  -2.01601e+46  -1.118e+46  2.12175e+45  1.58453e+46  -6.54173e+46  -4.06821e+47  -5.20622e+47  
-1.64057e+48  -1.28317e+48  -2.10951e+47  -2.92645e+46  2.77598e+45  -2.01547e+45  5.79671e+46  1.28554e+47  -1.35852e+48  -3.10497e+48  1.45067e+49  3.62931e+49  -4.97809e+49  -1.58273e+50  -9.85075e+49  -5.29034e+49  -9.85075e+49  -1.58273e+50  -4.97809e+49  3.62931e+49  1.45067e+49  -3.10497e+48  -1.35852e+48  1.28554e+47  5.79671e+46  -2.01547e+45  2.77598e+45  -2.92645e+46  -2.10951e+47  -1.28317e+48  -1.64057e+48  
4.0817e+48  3.30151e+48  9.60929e+47  -8.62214e+45  -4.06883e+45  6.27178e+45  1.54381e+46  -2.76533e+47  -6.97408e+47  5.6843e+48  1.48587e+49  -4.73498e+49  -1.39139e+50  3.97854e+49  2.80444e+50  3.22753e+50  2.80444e+50  3.97854e+49  -1.39139e+50  -4.73498e+49  1.48587e+49  5.6843e+48  -6.97408e+47  -2.76533e+47  1.54381e+46  6.27178e+45  -4.06883e+45  -8.62214e+45  9.60929e+47  3.30151e+48  4.0817e+48  
7.48862e+48  5.71791e+48  4.05788e+47  -5.46644e+46  6.33994e+44  5.53103e+44  -2.73116e+46  -8.12278e+46  1.1813e+48  3.3609e+48  -2.08693e+49  -6.23203e+49  1.12551e+50  4.06861e+50  2.77414e+50  1.35805e+50  2.77414e+50  4.06861e+50  1.12551e+50  -6.23203e+49  -2.08693e+49  3.3609e+48  1.1813e+48  -8.12278e+46  -2.73116e+46  5.53103e+44  6.33994e+44  -5.46644e+46  4.05788e+47  5.71791e+48  7.48862e+48  
-1.74214e+49  -1.44516e+49  -5.54208e+48  -2.25321e+47  9.42988e+45  -1.10965e+45  -4.09501e+45  1.17669e+47  3.88373e+47  -4.61235e+48  -1.47532e+49  6.54175e+49  2.24651e+50  -1.03192e+50  -6.79531e+50  -8.28268e+50  -6.79531e+50  -1.03192e+50  2.24651e+50  6.54175e+49  -1.47532e+49  -4.61235e+48  3.88373e+47  1.17669e+47  -4.09501e+45  -1.10965e+45  9.42988e+45  -2.25321e+47  -5.54208e+48  -1.44516e+49  -1.74214e+49  
-1.97744e+49  -1.44961e+49  1.33881e+48  1.44689e+48  4.60502e+46  -1.73856e+45  4.31994e+45  1.90566e+46  -4.74775e+47  -1.73618e+48  1.64953e+49  5.93595e+49  -1.57457e+50  -6.37742e+50  -4.7259e+50  -2.08263e+50  -4.7259e+50  -6.37742e+50  -1.57457e+50  5.93595e+49  1.64953e+49  -1.73618e+48  -4.74775e+47  1.90566e+46  4.31994e+45  -1.73856e+45  4.60502e+46  1.44689e+48  1.33881e+48  -1.44961e+49  -1.97744e+49  
4.46072e+49  3.7727e+49  1.70865e+49  6.32169e+47  -3.26024e+47  -1.03216e+46  6.35116e+44  -1.76915e+46  -8.48059e+46  1.82543e+48  7.4043e+48  -5.27145e+49  -2.1376e+50  1.75048e+50  1.04642e+51  1.34643e+51  1.04642e+51  1.75048e+50  -2.1376e+50  -5.27145e+49  7.4043e+48  1.82543e+48  -8.48059e+46  -1.76915e+46  6.35116e+44  -1.03216e+46  -3.26024e+47  6.32169e+47  1.70865e+49  3.7727e+49  4.46072e+49  
3.21896e+49  2.20851e+49  -8.22851e+48  -6.41638e+48  -2.88658e+47  7.5838e+46  2.38738e+45  -1.15669e+45  7.072e+46  3.69595e+47  -6.72282e+48  -3.03257e+49  1.36909e+50  6.24672e+50  4.99705e+50  1.9222e+50  4.99705e+50  6.24672e+50  1.36909e+50  -3.03257e+49  -6.72282e+48  3.69595e+47  7.072e+46  -1.15669e+45  2.38738e+45  7.5838e+46  -2.88658e+47  -6.41638e+48  -8.22851e+48  2.20851e+49  3.21896e+49  
-7.21361e+49  -6.19769e+49  -3.14993e+49  -9.86803e+46  1.85543e+48  9.16259e+46  -1.82985e+46  -2.27311e+44  4.56302e+45  -2.81233e+47  -1.61353e+48  2.33552e+49  1.16766e+50  -1.91158e+50  -1.04727e+51  -1.41825e+51  -1.04727e+51  -1.91158e+50  1.16766e+50  2.33552e+49  -1.61353e+48  -2.81233e+47  4.56302e+45  -2.27311e+44  -1.82985e+46  9.16259e+46  1.85543e+48  -9.86803e+46  -3.14993e+49  -6.19769e+49  -7.21361e+49  
-3.32764e+49  -2.04572e+49  1.80001e+49  1.39949e+49  5.62198e+47  -4.96653e+47  -2.64147e+46  4.49413e+45  -1.4345e+45  -1.97911e+46  1.13094e+48  7.18603e+48  -7.08792e+49  -3.79387e+50  -3.25842e+50  -1.01123e+50  -3.25842e+50  -3.79387e+50  -7.08792e+49  7.18603e+48  1.13094e+48  -1.97911e+46  -1.4345e+45  4.49413e+45  -2.64147e+46  -4.96653e+47  5.62198e+47  1.39949e+49  1.80001e+49  -2.04572e+49  -3.32764e+49  
7.53888e+49  6.56656e+49  3.64959e+49  -1.92294e+48  -4.56034e+48  -2.51116e+47  1.283e+47  7.26632e+45  -1.09851e+45  6.67432e+45  9.0957e+46  -4.64788e+48  -3.26174e+49  1.31629e+50  6.81531e+50  9.69067e+50  6.81531e+50  1.31629e+50  -3.26174e+49  -4.64788e+48  9.0957e+46  6.67432e+45  -1.09851e+45  7.26632e+45  1.283e+47  -2.51116e+47  -4.56034e+48  -1.92294e+48  3.64959e+49  6.56656e+49  7.53888e+49  
2.19702e+49  1.11115e+49  -2.14644e+49  -1.76046e+49  -4.27554e+47  1.29921e+48  8.43011e+46  -3.20847e+46  -1.92038e+45  2.58525e+44  -2.93716e+46  -4.686e+47  1.89716e+49  1.36043e+50  1.24953e+50  2.36417e+49  1.24953e+50  1.36043e+50  1.89716e+49  -4.686e+47  -2.93716e+46  2.58525e+44  -1.92038e+45  -3.20847e+46  8.43011e+46  1.29921e+48  -4.27554e+47  -1.76046e+49  -2.14644e+49  1.11115e+49  2.19702e+49  
-5.09521e+49  -4.49658e+49  -2.70069e+49  3.37711e+48  5.99063e+48  3.2532e+47  -3.40265e+47  -2.47877e+46  7.68271e+45  2.2319e+44  7.30964e+44  1.59206e+47  2.82857e+48  -5.51316e+49  -2.82336e+50  -4.20903e+50  -2.82336e+50  -5.51316e+49  2.82857e+48  1.59206e+47  7.30964e+44  2.2319e+44  7.68271e+45  -2.47877e+46  -3.40265e+47  3.2532e+47  5.99063e+48  3.37711e+48  -2.70069e+49  -4.49658e+49  -5.09521e+49  
-9.12068e+48  -3.06423e+48  1.51051e+49  1.33647e+49  3.92679e+46  -1.709e+48  -1.24619e+47  8.26803e+46  6.67933e+45  -1.79601e+45  -4.03591e+45  1.96022e+46  -1.17681e+48  -2.50831e+49  -2.45739e+49  2.19747e+48  -2.45739e+49  -2.50831e+49  -1.17681e+48  1.96022e+46  -4.03591e+45  -1.79601e+45  6.67933e+45  8.26803e+46  -1.24619e+47  -1.709e+48  3.92679e+46  1.33647e+49  1.51051e+49  -3.06423e+48  -9.12068e+48  
2.17935e+49  1.95024e+49  1.26292e+49  -2.62257e+48  -4.47714e+48  -2.3301e+47  4.30117e+47  3.75895e+46  -1.8485e+46  -2.42213e+44  -1.08344e+45  -6.03445e+46  3.27635e+47  1.31403e+49  7.09171e+49  1.1084e+50  7.09171e+49  1.31403e+49  3.27635e+47  -6.03445e+46  -1.08344e+45  -2.42213e+44  -1.8485e+46  3.75895e+46  4.30117e+47  -2.3301e+47  -4.47714e+48  -2.62257e+48  1.26292e+49  1.95024e+49  2.17935e+49  
2.28947e+48  1.48824e+47  -6.27311e+48  -6.08734e+48  1.09956e+47  1.20821e+48  9.90352e+46  -9.63222e+46  -9.90145e+45  3.3727e+45  1.19952e+46  -6.61925e+45  -5.1734e+47  1.26632e+48  1.31105e+48  -2.41945e+48  1.31105e+48  1.26632e+48  -5.1734e+47  -6.61925e+45  1.19952e+46  3.3727e+45  -9.90145e+45  -9.63222e+46  9.90352e+46  1.20821e+48  1.09956e+47  -6.08734e+48  -6.27311e+48  1.48824e+47  2.28947e+48  
-5.61081e+48  -5.10386e+48  -3.58301e+48  1.04416e+48  1.89166e+48  1.01159e+47  -2.75702e+47  -2.89462e+46  1.90572e+46  7.1703e+44  -2.78617e+45  4.73575e+46  1.61115e+46  -1.5693e+48  -9.84689e+48  -1.61693e+49  -9.84689e+48  -1.5693e+48  1.61115e+46  4.73575e+46  -2.78617e+45  7.1703e+44  1.90572e+46  -2.89462e+46  -2.75702e+47  1.01159e+47  1.89166e+48  1.04416e+48  -3.58301e+48  -5.10386e+48  -5.61081e+48  
-3.23861e+47  1.21735e+47  1.45852e+48  1.58079e+48  -5.04677e+46  -4.5253e+47  -4.39471e+46  5.34148e+46  6.81996e+45  -2.74245e+45  -4.28635e+45  -7.66219e+45  9.3289e+46  2.02928e+47  2.33087e+47  4.50597e+47  2.33087e+47  2.02928e+47  9.3289e+46  -7.66219e+45  -4.28635e+45  -2.74245e+45  6.81996e+45  5.34148e+46  -4.39471e+46  -4.5253e+47  -5.04677e+46  1.58079e+48  1.45852e+48  1.21735e+47  -3.23861e+47  
7.89857e+47  7.33798e+47  5.65622e+47  -2.05417e+47  -4.22712e+47  -2.73696e+46  8.70297e+46  1.1425e+46  -8.67182e+45  -1.02622e+45  1.3928e+45  -5.44521e+45  -1.62678e+46  7.13504e+46  6.30911e+47  1.09486e+48  6.30911e+47  7.13504e+46  -1.62678e+46  -5.44521e+45  1.3928e+45  -1.02622e+45  -8.67182e+45  1.1425e+46  8.70297e+46  -2.73696e+46  -4.22712e+47  -2.05417e+47  5.65622e+47  7.33798e+47  7.89857e+47  
2.28826e+46  -2.48087e+46  -1.67883e+47  -2.08295e+47  6.27419e+45  8.20003e+46  1.0258e+46  -1.34266e+46  -2.19198e+45  1.05813e+45  4.03755e+44  1.11789e+45  -3.56851e+45  -1.94734e+46  -2.43904e+46  -2.67959e+46  -2.43904e+46  -1.94734e+46  -3.56851e+45  1.11789e+45  4.03755e+44  1.05813e+45  -2.19198e+45  -1.34266e+46  1.0258e+46  8.20003e+46  6.27419e+45  -2.08295e+47  -1.67883e+47  -2.48087e+46  2.28826e+46  
-5.02643e+46  -4.80978e+46  -4.15985e+46  1.68546e+46  4.26352e+46  4.04245e+45  -1.19563e+46  -2.09882e+45  1.62894e+45  3.1531e+44  -1.60443e+44  7.13426e+43  7.40344e+44  -4.99392e+44  -1.21174e+46  -2.25523e+46  -1.21174e+46  -4.99392e+44  7.40344e+44  7.13426e+43  -1.60443e+44  3.1531e+44  1.62894e+45  -2.09882e+45  -1.19563e+46  4.04245e+45  4.26352e+46  1.68546e+46  -4.15985e+46  -4.80978e+46  -5.02643e+46  
-6.45587e+44  1.33309e+45  7.26912e+45  1.07698e+46  4.04789e+42  -5.77849e+45  -1.03961e+45  1.30457e+45  2.98801e+44  -1.51512e+44  -3.6035e+43  -4.36667e+42  9.95645e+42  1.91419e+44  2.79992e+44  2.6132e+44  2.79992e+44  1.91419e+44  9.95645e+42  -4.36667e+42  -3.6035e+43  -1.51512e+44  2.98801e+44  1.30457e+45  -1.03961e+45  -5.77849e+45  4.04789e+42  1.07698e+46  7.26912e+45  1.33309e+45  -6.45587e+44  
9.04427e+44  9.08528e+44  9.20832e+44  -3.62035e+44  -1.32597e+45  -2.22421e+44  5.36701e+44  1.46053e+44  -1.09214e+44  -3.39649e+43  1.15776e+43  3.64802e+42  -2.02052e+41  -2.30264e+41  2.49665e+42  6.79095e+42  2.49665e+42  -2.30264e+41  -2.02052e+41  3.64802e+42  1.15776e+43  -3.39649e+43  -1.09214e+44  1.46053e+44  5.36701e+44  -2.22421e+44  -1.32597e+45  -3.62035e+44  9.20832e+44  9.08528e+44  9.04427e+44  
0  0  0  0  0  0  0  0  0  0  0  0  0  0  0  0  0  0  0  0  0  0  0  0  0  0  0  0  0  0  0  
