1  1  1  1  1  1  1  1  1  1  1  1  1  1  1  1  1  1  1  1  1  1  1  1  1  1  1  1  1  1  1  
2.19161e+44  5.81872e+43  -4.24734e+44  -1.66196e+45  1.08702e+46  3.51737e+46  -1.05464e+47  -3.35344e+47  4.80457e+47  1.69853e+48  -8.68486e+47  -4.42797e+48  -7.15824e+47  3.77739e+48  2.86252e+48  2.36268e+48  2.86252e+48  3.77739e+48  -7.15824e+47  -4.42797e+48  -8.68486e+47  1.69853e+48  4.80457e+47  -3.35344e+47  -1.05464e+47  3.51737e+46  1.08702e+46  -1.66196e+45  -4.24734e+44  5.81872e+43  2.19161e+44  
-1.45829e+45  -6.42263e+44  1.80582e+45  5.73276e+45  2.58794e+46  -1.10162e+47  -4.65789e+47  9.60757e+47  4.09889e+48  -3.65358e+48  -1.88469e+49  1.93646e+48  3.82858e+49  2.05401e+49  -4.31701e+48  -6.37869e+48  -4.31701e+48  2.05401e+49  3.82858e+49  1.93646e+48  -1.88469e+49  -3.65358e+48  4.09889e+48  9.60757e+47  -4.65789e+47  -1.10162e+47  2.58794e+46  5.73276e+45  1.80582e+45  -6.42263e+44  -1.45829e+45  
-2.07694e+47  -1.61228e+47  -2.18271e+46  1.79949e+46  -6.14108e+46  -3.47636e+47  1.00443e+48  5.08618e+48  -6.99331e+48  -3.84291e+49  1.65164e+49  1.44156e+50  4.09724e+49  -1.71275e+50  -1.59039e+50  -1.31843e+50  -1.59039e+50  -1.71275e+50  4.09724e+49  1.44156e+50  1.65164e+49  -3.84291e+49  -6.99331e+48  5.08618e+48  1.00443e+48  -3.47636e+47  -6.14108e+46  1.79949e+46  -2.18271e+46  -1.61228e+47  -2.07694e+47  
4.52202e+47  2.94295e+47  -1.79427e+47  -9.33664e+46  -1.31081e+47  5.76382e+47  3.49591e+48  -7.04052e+48  -4.27399e+49  3.59538e+49  2.70086e+50  -4.42898e+48  -7.43908e+50  -5.00528e+50  1.29206e+50  2.27886e+50  1.29206e+50  -5.00528e+50  -7.43908e+50  -4.42898e+48  2.70086e+50  3.59538e+49  -4.27399e+49  -7.04052e+48  3.49591e+48  5.76382e+47  -1.31081e+47  -9.33664e+46  -1.79427e+47  2.94295e+47  4.52202e+47  
9.73605e+48  7.64532e+48  1.37315e+48  -1.01409e+47  8.06728e+46  1.35782e+48  -3.92324e+48  -2.72791e+49  3.76317e+49  2.82048e+50  -1.09556e+50  -1.43521e+51  -5.53132e+50  2.29898e+51  2.51057e+51  2.11197e+51  2.51057e+51  2.29898e+51  -5.53132e+50  -1.43521e+51  -1.09556e+50  2.82048e+50  3.76317e+49  -2.72791e+49  -3.92324e+48  1.35782e+48  8.06728e+46  -1.01409e+47  1.37315e+48  7.64532e+48  9.73605e+48  
-1.63531e+49  -1.22349e+49  1.1987e+47  1.41062e+48  2.95221e+47  -1.26722e+48  -1.00046e+49  2.12757e+49  1.71297e+50  -1.49178e+50  -1.49598e+51  -5.37599e+49  5.62551e+51  4.52297e+51  -1.51099e+51  -2.94323e+51  -1.51099e+51  4.52297e+51  5.62551e+51  -5.37599e+49  -1.49598e+51  -1.49178e+50  1.71297e+50  2.12757e+49  -1.00046e+49  -1.26722e+48  2.95221e+47  1.41062e+48  1.1987e+47  -1.22349e+49  -1.63531e+49  
-1.38017e+50  -1.08567e+50  -2.02176e+49  -1.27626e+48  4.58702e+47  -1.99778e+48  6.53583e+48  6.03113e+49  -9.27113e+49  -8.96438e+50  3.70775e+50  6.41247e+51  3.00888e+51  -1.42227e+52  -1.78754e+52  -1.54293e+52  -1.78754e+52  -1.42227e+52  3.00888e+51  6.41247e+51  3.70775e+50  -8.96438e+50  -9.27113e+49  6.03113e+49  6.53583e+48  -1.99778e+48  4.58702e+47  -1.27626e+48  -2.02176e+49  -1.08567e+50  -1.38017e+50  
2.07303e+50  1.66236e+50  4.30355e+49  -5.7822e+48  -6.7808e+47  1.18879e+48  1.17298e+49  -2.98372e+49  -3.09786e+50  3.19889e+50  3.9907e+51  1.65341e+50  -2.14593e+52  -2.00481e+52  9.11179e+51  1.86192e+52  9.11179e+51  -2.00481e+52  -2.14593e+52  1.65341e+50  3.9907e+51  3.19889e+50  -3.09786e+50  -2.98372e+49  1.17298e+49  1.18879e+48  -6.7808e+47  -5.7822e+48  4.30355e+49  1.66236e+50  2.07303e+50  
9.05397e+50  7.0821e+50  1.16647e+50  6.15303e+48  -5.42908e+47  1.05306e+48  -4.79462e+48  -5.89271e+49  1.16072e+50  1.39786e+51  -7.64678e+50  -1.50891e+52  -7.98166e+51  4.86457e+52  6.93323e+52  6.20077e+52  6.93323e+52  4.86457e+52  -7.98166e+51  -1.50891e+52  -7.64678e+50  1.39786e+51  1.16072e+50  -5.89271e+49  -4.79462e+48  1.05306e+48  -5.42908e+47  6.15303e+48  1.16647e+50  7.0821e+50  9.05397e+50  
-1.27536e+51  -1.0674e+51  -4.43526e+50  -1.46365e+49  3.05019e+47  -3.73786e+47  -5.49333e+48  1.98357e+49  2.65842e+50  -3.82725e+50  -5.62122e+51  1.87438e+50  4.64831e+52  4.94607e+52  -3.21593e+52  -6.661e+52  -3.21593e+52  4.94607e+52  4.64831e+52  1.87438e+50  -5.62122e+51  -3.82725e+50  2.65842e+50  1.98357e+49  -5.49333e+48  -3.73786e+47  3.05019e+47  -1.46365e+49  -4.43526e+50  -1.0674e+51  -1.27536e+51  
-3.28529e+51  -2.53555e+51  -2.86321e+50  6.9899e+49  1.72944e+48  -1.6854e+47  1.41105e+48  2.45326e+49  -7.39379e+49  -1.10232e+51  9.84133e+50  2.00135e+52  1.08958e+52  -1.00653e+53  -1.61181e+53  -1.50688e+53  -1.61181e+53  -1.00653e+53  1.08958e+52  2.00135e+52  9.84133e+50  -1.10232e+51  -7.39379e+49  2.45326e+49  1.41105e+48  -1.6854e+47  1.72944e+48  6.9899e+49  -2.86321e+50  -2.53555e+51  -3.28529e+51  
4.42576e+51  3.81636e+51  1.98818e+51  1.58012e+50  -1.25622e+49  -2.98065e+47  8.39464e+47  -5.60579e+48  -1.02926e+50  2.4904e+50  4.24565e+51  -1.16906e+51  -6.02616e+52  -7.1833e+52  7.0862e+52  1.45497e+53  7.0862e+52  -7.1833e+52  -6.02616e+52  -1.16906e+51  4.24565e+51  2.4904e+50  -1.02926e+50  -5.60579e+48  8.39464e+47  -2.98065e+47  -1.25622e+49  1.58012e+50  1.98818e+51  3.81636e+51  4.42576e+51  
7.22239e+51  5.45052e+51  1.3493e+50  -5.9229e+50  -4.25803e+49  2.59811e+48  -3.79017e+46  -3.51462e+48  2.1109e+49  4.13598e+50  -7.27907e+50  -1.50738e+52  -6.94057e+51  1.31579e+53  2.36088e+53  2.32698e+53  2.36088e+53  1.31579e+53  -6.94057e+51  -1.50738e+52  -7.27907e+50  4.13598e+50  2.1109e+49  -3.51462e+48  -3.79017e+46  2.59811e+48  -4.25803e+49  -5.9229e+50  1.3493e+50  5.45052e+51  7.22239e+51  
-9.37237e+51  -8.26899e+51  -4.95886e+51  -4.36347e+50  1.48202e+50  1.08396e+49  -6.07988e+47  4.28825e+47  1.43713e+49  -7.6164e+49  -1.6103e+51  1.53614e+51  4.70937e+52  6.17463e+52  -1.00587e+53  -2.0193e+53  -1.00587e+53  6.17463e+52  4.70937e+52  1.53614e+51  -1.6103e+51  -7.6164e+49  1.43713e+49  4.28825e+47  -6.07988e+47  1.08396e+49  1.48202e+50  -4.36347e+50  -4.95886e+51  -8.26899e+51  -9.37237e+51  
-1.00924e+52  -7.36522e+51  8.16226e+50  1.8736e+51  1.79068e+50  -3.64304e+49  -2.77308e+48  2.12603e+47  -1.76064e+48  -5.8654e+49  2.61083e+50  6.06236e+51  5.64848e+50  -1.10037e+53  -2.22595e+53  -2.33386e+53  -2.22595e+53  -1.10037e+53  5.64848e+50  6.06236e+51  2.61083e+50  -5.8654e+49  -1.76064e+48  2.12603e+47  -2.77308e+48  -3.64304e+49  1.79068e+50  1.8736e+51  8.16226e+50  -7.36522e+51  -1.00924e+52  
1.26064e+52  1.13374e+52  7.53049e+51  5.74605e+50  -5.54412e+50  -5.67597e+49  8.98226e+48  7.12737e+47  -3.26432e+47  7.07269e+48  2.4383e+50  -8.02012e+50  -2.12235e+52  -2.94732e+52  9.27948e+52  1.80689e+53  9.27948e+52  -2.94732e+52  -2.12235e+52  -8.02012e+50  2.4383e+50  7.07269e+48  -3.26432e+47  7.12737e+47  8.98226e+48  -5.67597e+49  -5.54412e+50  5.74605e+50  7.53049e+51  1.13374e+52  1.26064e+52  
9.15629e+51  6.37002e+51  -1.98879e+51  -3.18014e+51  -3.37841e+50  1.49508e+50  1.63365e+49  -2.2029e+48  -1.8446e+47  1.24055e+48  -2.93628e+49  -1.05262e+51  1.57865e+51  5.79913e+52  1.34958e+53  1.52072e+53  1.34958e+53  5.79913e+52  1.57865e+51  -1.05262e+51  -2.93628e+49  1.24055e+48  -1.8446e+47  -2.2029e+48  1.63365e+49  1.49508e+50  -3.37841e+50  -3.18014e+51  -1.98879e+51  6.37002e+51  9.15629e+51  
-1.09194e+52  -9.99419e+51  -7.21855e+51  -3.76164e+50  1.01201e+51  1.2412e+50  -3.81932e+49  -4.43184e+48  5.28589e+47  5.09784e+46  -5.36119e+48  1.2999e+50  4.70611e+51  5.73803e+51  -5.50216e+52  -1.0351e+53  -5.50216e+52  5.73803e+51  4.70611e+51  1.2999e+50  -5.36119e+48  5.09784e+46  5.28589e+47  -4.43184e+48  -3.81932e+49  1.2412e+50  1.01201e+51  -3.76164e+50  -7.21855e+51  -9.99419e+51  -1.09194e+52  
-5.39551e+51  -3.51142e+51  2.14086e+51  3.17902e+51  3.51121e+50  -2.80106e+50  -3.80697e+49  9.27338e+48  1.14059e+48  -1.65402e+47  -2.8553e+47  2.99645e+49  -6.30855e+50  -1.83353e+52  -5.13896e+52  -6.30284e+52  -5.13896e+52  -1.83353e+52  -6.30855e+50  2.99645e+49  -2.8553e+47  -1.65402e+47  1.14059e+48  9.27338e+48  -3.80697e+49  -2.80106e+50  3.51121e+50  3.17902e+51  2.14086e+51  -3.51142e+51  -5.39551e+51  
6.03749e+51  5.62441e+51  4.38516e+51  9.29206e+49  -1.01966e+51  -1.42413e+50  7.03114e+49  1.04106e+49  -2.10473e+48  -1.8625e+47  -7.97519e+47  1.56916e+48  -1.72525e+50  8.83004e+50  2.02701e+52  3.68052e+52  2.02701e+52  8.83004e+50  -1.72525e+50  1.56916e+48  -7.97519e+47  -1.8625e+47  -2.10473e+48  1.04106e+49  7.03114e+49  -1.42413e+50  -1.01966e+51  9.29206e+49  4.38516e+51  5.62441e+51  6.03749e+51  
2.02354e+51  1.2013e+51  -1.26541e+51  -1.90824e+51  -2.16908e+50  2.73538e+50  4.41944e+49  -1.60913e+49  -2.60182e+48  6.39098e+47  1.33112e+48  -1.2766e+49  -2.09018e+49  3.11101e+51  1.16613e+52  1.58336e+52  1.16613e+52  3.11101e+51  -2.09018e+49  -1.2766e+49  1.33112e+48  6.39098e+47  -2.60182e+48  -1.60913e+49  4.41944e+49  2.73538e+50  -2.16908e+50  -1.90824e+51  -1.26541e+51  1.2013e+51  2.02354e+51  
-2.06004e+51  -1.95673e+51  -1.64679e+51  1.66962e+49  5.82287e+50  9.23164e+49  -6.38657e+49  -1.15582e+49  3.2852e+48  2.36906e+47  1.54074e+48  1.07166e+49  -9.43572e+49  -6.04273e+50  -4.3394e+51  -7.61651e+51  -4.3394e+51  -6.04273e+50  -9.43572e+49  1.07166e+49  1.54074e+48  2.36906e+47  3.2852e+48  -1.15582e+49  -6.38657e+49  9.23164e+49  5.82287e+50  1.66962e+49  -1.64679e+51  -1.95673e+51  -2.06004e+51  
-4.60871e+50  -2.4143e+50  4.16892e+50  6.69528e+50  8.14077e+49  -1.4263e+50  -2.73043e+49  1.30046e+49  2.64989e+48  -7.19338e+47  -1.75029e+48  5.94776e+48  4.48235e+49  -2.08698e+50  -1.42844e+51  -2.20019e+51  -1.42844e+51  -2.08698e+50  4.48235e+49  5.94776e+48  -1.75029e+48  -7.19338e+47  2.64989e+48  1.30046e+49  -2.73043e+49  -1.4263e+50  8.14077e+49  6.69528e+50  4.16892e+50  -2.4143e+50  -4.60871e+50  
4.04702e+50  3.9339e+50  3.59454e+50  -1.21238e+49  -1.82056e+50  -3.36637e+49  2.90351e+49  6.4068e+48  -2.26082e+48  -3.19925e+47  -1.8334e+47  -4.2429e+48  8.6042e+48  9.13635e+49  4.7573e+50  8.107e+50  4.7573e+50  9.13635e+49  8.6042e+48  -4.2429e+48  -1.8334e+47  -3.19925e+47  -2.26082e+48  6.4068e+48  2.90351e+49  -3.36637e+49  -1.82056e+50  -1.21238e+49  3.59454e+50  3.9339e+50  4.04702e+50  
5.82287e+49  2.58183e+49  -7.14128e+49  -1.26835e+50  -1.79108e+49  3.77743e+49  8.76103e+48  -4.88895e+48  -1.23572e+48  3.2384e+47  4.06013e+47  -2.03931e+47  -5.96021e+48  -2.28396e+48  7.79209e+49  1.41461e+50  7.79209e+49  -2.28396e+48  -5.96021e+48  -2.03931e+47  4.06013e+47  3.2384e+47  -1.23572e+48  -4.88895e+48  8.76103e+48  3.77743e+49  -1.79108e+49  -1.26835e+50  -7.14128e+49  2.58183e+49  5.82287e+49  
-4.0065e+49  -4.01146e+49  -4.02637e+49  1.54642e+48  2.80415e+49  6.3564e+48  -6.14115e+48  -1.69481e+48  6.64425e+47  1.71439e+47  -4.95513e+46  3.16724e+47  1.95902e+47  -4.23896e+48  -2.0471e+49  -3.41841e+49  -2.0471e+49  -4.23896e+48  1.95902e+47  3.16724e+47  -4.95513e+46  1.71439e+47  6.64425e+47  -1.69481e+48  -6.14115e+48  6.3564e+48  2.80415e+49  1.54642e+48  -4.02637e+49  -4.01146e+49  -4.0065e+49  
-3.40492e+48  -1.22168e+48  5.32803e+48  1.09299e+49  2.0026e+48  -4.39998e+48  -1.29703e+48  7.72769e+47  2.51873e+47  -6.87479e+46  -3.26986e+46  -1.39925e+46  1.58789e+47  3.70018e+47  -1.1996e+48  -2.75011e+48  -1.1996e+48  3.70018e+47  1.58789e+47  -1.39925e+46  -3.26986e+46  -6.87479e+46  2.51873e+47  7.72769e+47  -1.29703e+48  -4.39998e+48  2.0026e+48  1.09299e+49  5.32803e+48  -1.22168e+48  -3.40492e+48  
1.50167e+48  1.568e+48  1.76696e+48  -1.18603e+46  -1.67108e+48  -5.02897e+47  4.97421e+47  1.83927e+47  -7.34824e+46  -2.88199e+46  5.89487e+45  -2.00336e+44  -7.22963e+45  2.76329e+46  1.53016e+47  2.57282e+47  1.53016e+47  2.76329e+46  -7.22963e+45  -2.00336e+44  5.89487e+45  -2.88199e+46  -7.34824e+46  1.83927e+47  4.97421e+47  -5.02897e+47  -1.67108e+48  -1.18603e+46  1.76696e+48  1.568e+48  1.50167e+48  
5.89214e+46  1.67434e+46  -1.0979e+47  -2.82443e+47  -7.79439e+46  1.59942e+47  6.7659e+46  -4.06237e+46  -1.99297e+46  5.418e+45  2.84854e+45  -3.83674e+44  -1.26275e+44  -1.77733e+43  1.72212e+44  7.56937e+44  1.72212e+44  -1.77733e+43  -1.26275e+44  -3.83674e+44  2.84854e+45  5.418e+45  -1.99297e+46  -4.06237e+46  6.7659e+46  1.59942e+47  -7.79439e+46  -2.82443e+47  -1.0979e+47  1.67434e+46  5.89214e+46  
0  0  0  0  0  0  0  0  0  0  0  0  0  0  0  0  0  0  0  0  0  0  0  0  0  0  0  0  0  0  0  
