1  1  1  1  1  1  1  1  1  1  1  1  1  1  1  1  1  1  1  1  1  1  1  1  1  1  1  1  1  1  1  
-1.49292e+51  -6.68944e+50  1.803e+51  2.90254e+52  -2.99673e+52  -5.1542e+53  6.92093e+52  4.21097e+54  1.45399e+54  -1.81372e+55  -1.25012e+55  3.77236e+55  3.80383e+55  -1.46573e+55  -2.53173e+55  -2.22439e+55  -2.53173e+55  -1.46573e+55  3.80383e+55  3.77236e+55  -1.25012e+55  -1.81372e+55  1.45399e+54  4.21097e+54  6.92093e+52  -5.1542e+53  -2.99673e+52  2.90254e+52  1.803e+51  -6.68944e+50  -1.49292e+51  
6.59873e+52  5.00876e+52  2.38867e+51  -1.85308e+52  -3.78958e+53  8.40675e+52  5.94914e+54  2.07066e+54  -4.56108e+55  -3.26361e+55  1.76356e+56  1.80609e+56  -2.55643e+56  -3.60613e+56  -1.35002e+56  -8.95487e+55  -1.35002e+56  -3.60613e+56  -2.55643e+56  1.80609e+56  1.76356e+56  -3.26361e+55  -4.56108e+55  2.07066e+54  5.94914e+54  8.40675e+52  -3.78958e+53  -1.85308e+52  2.38867e+51  5.00876e+52  6.59873e+52  
8.70798e+53  7.18633e+53  2.6214e+53  -1.5258e+53  4.16033e+52  4.52362e+54  1.42092e+54  -5.86779e+55  -4.2294e+55  3.84548e+56  3.96974e+56  -1.15892e+57  -1.5706e+57  5.84993e+56  1.42141e+57  1.31936e+57  1.42141e+57  5.84993e+56  -1.5706e+57  -1.15892e+57  3.96974e+56  3.84548e+56  -4.2294e+55  -5.86779e+55  1.42092e+54  4.52362e+54  4.16033e+52  -1.5258e+53  2.6214e+53  7.18633e+53  8.70798e+53  
-1.05473e+55  -7.95479e+54  -1.7734e+53  5.7242e+53  1.90948e+54  4.3944e+53  -4.16218e+55  -2.98384e+55  4.5076e+56  4.68385e+56  -2.41817e+57  -3.23776e+57  4.72664e+57  8.43009e+57  3.54211e+57  2.01225e+57  3.54211e+57  8.43009e+57  4.72664e+57  -3.23776e+57  -2.41817e+57  4.68385e+56  4.5076e+56  -2.98384e+55  -4.16218e+55  4.3944e+53  1.90948e+54  5.7242e+53  -1.7734e+53  -7.95479e+54  -1.05473e+55  
-3.44396e+55  -2.82313e+55  -9.6062e+54  -1.07645e+54  6.4501e+53  -1.64648e+55  -1.17407e+55  3.00512e+56  3.14894e+56  -2.72437e+57  -3.64656e+57  1.11808e+58  1.87739e+58  -7.34868e+57  -2.27848e+58  -2.23626e+58  -2.27848e+58  -7.34868e+57  1.87739e+58  1.11808e+58  -3.64656e+57  -2.72437e+57  3.14894e+56  3.00512e+56  -1.17407e+55  -1.64648e+55  6.4501e+53  -1.07645e+54  -9.6062e+54  -2.82313e+55  -3.44396e+55  
2.78977e+56  2.16259e+56  2.81039e+55  -6.45381e+54  -5.04241e+54  -2.14636e+54  1.14484e+56  1.21685e+56  -1.75581e+57  -2.37092e+57  1.31061e+58  2.16307e+58  -3.49678e+58  -7.52248e+58  -3.48701e+58  -1.6688e+58  -3.48701e+58  -7.52248e+58  -3.49678e+58  2.16307e+58  1.31061e+58  -2.37092e+57  -1.75581e+57  1.21685e+56  1.14484e+56  -2.14636e+54  -5.04241e+54  -6.45381e+54  2.81039e+55  2.16259e+56  2.78977e+56  
3.97047e+56  3.14892e+56  6.84259e+55  2.28582e+55  -2.73712e+54  2.3141e+55  2.62222e+55  -6.49579e+56  -8.9513e+56  8.5334e+57  1.41132e+58  -4.94659e+58  -9.95427e+58  4.54214e+58  1.65641e+59  1.72185e+59  1.65641e+59  4.54214e+58  -9.95427e+58  -4.94659e+58  1.41132e+58  8.5334e+57  -8.9513e+56  -6.49579e+56  2.62222e+55  2.3141e+55  -2.73712e+54  2.28582e+55  6.84259e+55  3.14892e+56  3.97047e+56  
-2.88578e+57  -2.28348e+57  -4.7659e+56  9.47759e+54  9.14569e+54  2.31966e+54  -1.31987e+56  -1.89008e+56  3.14899e+57  5.30341e+57  -3.48834e+58  -6.91831e+58  1.34011e+59  3.37311e+59  1.70165e+59  6.61e+58  1.70165e+59  3.37311e+59  1.34011e+59  -6.91831e+58  -3.48834e+58  5.30341e+57  3.14899e+57  -1.89008e+56  -1.31987e+56  2.31966e+54  9.14569e+54  9.47759e+54  -4.7659e+56  -2.28348e+57  -2.88578e+57  
-1.97488e+57  -1.44198e+57  1.56716e+56  -4.77013e+55  3.69948e+53  -1.22045e+55  -2.03809e+55  6.33343e+56  1.10973e+57  -1.33632e+58  -2.67907e+58  1.17661e+59  2.78768e+59  -1.65126e+59  -6.59968e+59  -7.2677e+59  -6.59968e+59  -1.65126e+59  2.78768e+59  1.17661e+59  -2.67907e+58  -1.33632e+58  1.10973e+57  6.33343e+56  -2.03809e+55  -1.22045e+55  3.69948e+53  -4.77013e+55  1.56716e+56  -1.44198e+57  -1.97488e+57  
1.52925e+58  1.22795e+58  3.24052e+57  4.26357e+55  -1.79539e+54  -8.85132e+53  6.20639e+55  1.17618e+56  -2.73169e+57  -5.67335e+57  4.99626e+58  1.17929e+59  -2.99239e+59  -8.63279e+59  -4.67241e+59  -1.3502e+59  -4.67241e+59  -8.63279e+59  -2.99239e+59  1.17929e+59  4.99626e+58  -5.67335e+57  -2.73169e+57  1.17618e+56  6.20639e+55  -8.85132e+53  -1.79539e+54  4.26357e+55  3.24052e+57  1.22795e+58  1.52925e+58  
4.69876e+57  2.67579e+57  -3.3931e+57  -6.63204e+56  -2.29158e+54  2.01414e+54  5.14892e+54  -2.6851e+56  -6.00853e+56  1.07843e+58  2.61862e+58  -1.61023e+59  -4.46425e+59  3.81276e+59  1.58659e+60  1.84953e+60  1.58659e+60  3.81276e+59  -4.46425e+59  -1.61023e+59  2.61862e+58  1.07843e+58  -6.00853e+56  -2.6851e+56  5.14892e+54  2.01414e+54  -2.29158e+54  -6.63204e+56  -3.3931e+57  2.67579e+57  4.69876e+57  
-4.71968e+58  -3.8283e+58  -1.15419e+58  3.49506e+56  1.24452e+56  5.62257e+53  -9.73828e+54  -2.58388e+55  1.09067e+57  2.83619e+57  -3.91271e+58  -1.10501e+59  4.09848e+59  1.34267e+60  7.66352e+59  1.27201e+59  7.66352e+59  1.34267e+60  4.09848e+59  -1.10501e+59  -3.91271e+58  2.83619e+57  1.09067e+57  -2.58388e+55  -9.73828e+54  5.62257e+53  1.24452e+56  3.49506e+56  -1.15419e+58  -3.8283e+58  -4.71968e+58  
-4.36852e+57  5.43175e+56  1.52783e+58  4.41275e+57  -3.38185e+55  -2.65379e+55  -3.77585e+53  4.00467e+55  1.22059e+56  -4.22635e+57  -1.27111e+58  1.27814e+59  4.18469e+59  -5.74622e+59  -2.42088e+60  -2.98401e+60  -2.42088e+60  -5.74622e+59  4.18469e+59  1.27814e+59  -1.27111e+58  -4.22635e+57  1.22059e+56  4.00467e+55  -3.77585e+53  -2.65379e+55  -3.38185e+55  4.41275e+57  1.52783e+58  5.43175e+56  -4.36852e+57  
9.07939e+58  7.41371e+58  2.41669e+58  -3.25293e+57  -1.22746e+57  1.84508e+54  6.36663e+54  1.22534e+54  -1.60691e+56  -5.61115e+56  1.57255e+58  5.47232e+58  -3.46592e+59  -1.29928e+60  -7.63048e+59  7.21368e+57  -7.63048e+59  -1.29928e+60  -3.46592e+59  5.47232e+58  1.57255e+58  -5.61115e+56  -1.60691e+56  1.22534e+54  6.36663e+54  1.84508e+54  -1.22746e+57  -3.25293e+57  2.41669e+58  7.41371e+58  9.07939e+58  
-3.16e+57  -1.11265e+58  -3.50259e+58  -1.21623e+58  5.99962e+56  3.21262e+56  5.69358e+53  -2.36575e+54  -5.37208e+54  6.41794e+56  2.58123e+57  -5.5493e+58  -2.22645e+59  5.65509e+59  2.39765e+60  3.12158e+60  2.39765e+60  5.65509e+59  -2.22645e+59  -5.5493e+58  2.58123e+57  6.41794e+56  -5.37208e+54  -2.36575e+54  5.69358e+53  3.21262e+56  5.99962e+56  -1.21623e+58  -3.50259e+58  -1.11265e+58  -3.16e+57  
-1.12653e+59  -9.23645e+58  -3.14979e+58  9.52431e+57  4.10262e+57  -1.03731e+56  -8.28237e+55  -3.391e+53  3.92504e+54  2.45193e+55  -2.59554e+57  -1.21604e+58  1.73618e+59  7.74315e+59  4.4744e+59  -1.40969e+59  4.4744e+59  7.74315e+59  1.73618e+59  -1.21604e+58  -2.59554e+57  2.45193e+55  3.92504e+54  -3.391e+53  -8.28237e+55  -1.03731e+56  4.10262e+57  9.52431e+57  -3.14979e+58  -9.23645e+58  -1.12653e+59  
1.22638e+58  2.10231e+58  4.73011e+58  1.86681e+58  -2.13345e+57  -1.20039e+57  1.6014e+55  2.10586e+55  1.25956e+53  -1.51016e+55  -1.18524e+56  1.07602e+58  5.89942e+58  -3.56647e+59  -1.54207e+60  -2.1193e+60  -1.54207e+60  -3.56647e+59  5.89942e+58  1.07602e+58  -1.18524e+56  -1.51016e+55  1.25956e+53  2.10586e+55  1.6014e+55  -1.20039e+57  -2.13345e+57  1.86681e+58  4.73011e+58  2.10231e+58  1.22638e+58  
9.11015e+58  7.48798e+58  2.62147e+58  -1.4214e+58  -6.92306e+57  4.28266e+56  3.25694e+56  -1.773e+54  -5.21743e+54  -4.1174e+52  6.56555e+55  6.49846e+56  -4.46752e+58  -2.68759e+59  -1.35774e+59  1.45828e+59  -1.35774e+59  -2.68759e+59  -4.46752e+58  6.49846e+56  6.56555e+55  -4.1174e+52  -5.21743e+54  -1.773e+54  3.25694e+56  4.28266e+56  -6.92306e+57  -1.4214e+58  2.62147e+58  7.48798e+58  9.11015e+58  
-1.33957e+58  -1.98751e+58  -3.93133e+58  -1.72866e+58  3.39958e+57  2.11178e+57  -7.63323e+55  -8.3164e+55  -7.05532e+52  1.8109e+54  -9.83546e+53  -3.57358e+56  -4.20595e+57  1.3841e+59  6.30503e+59  9.14924e+59  6.30503e+59  1.3841e+59  -4.20595e+57  -3.57358e+56  -9.83546e+53  1.8109e+54  -7.05532e+52  -8.3164e+55  -7.63323e+55  2.11178e+57  3.39958e+57  -1.72866e+58  -3.93133e+58  -1.98751e+58  -1.33957e+58  
-4.75107e+58  -3.91262e+58  -1.39727e+58  1.20316e+58  6.6054e+57  -6.97702e+56  -5.7069e+56  1.10723e+55  1.97197e+55  9.56144e+52  8.68795e+54  -4.00674e+55  2.55125e+57  4.59769e+58  9.2937e+57  -7.19768e+58  9.2937e+57  4.59769e+58  2.55125e+57  -4.00674e+55  8.68795e+54  9.56144e+52  1.97197e+55  1.10723e+55  -5.7069e+56  -6.97702e+56  6.6054e+57  1.20316e+58  -1.39727e+58  -3.91262e+58  -4.75107e+58  
7.56072e+57  1.06921e+58  2.00864e+58  9.81377e+57  -2.83382e+57  -1.98223e+57  1.21794e+56  1.3922e+56  -7.80435e+53  -7.29541e+54  3.35825e+53  1.38134e+56  -5.83295e+56  -3.06697e+58  -1.56073e+59  -2.39527e+59  -1.56073e+59  -3.06697e+58  -5.83295e+56  1.38134e+56  3.35825e+53  -7.29541e+54  -7.80435e+53  1.3922e+56  1.21794e+56  -1.98223e+57  -2.83382e+57  9.81377e+57  2.00864e+58  1.06921e+58  7.56072e+57  
1.54337e+58  1.27452e+58  4.67968e+57  -5.86033e+57  -3.64697e+57  5.47133e+56  5.04984e+56  -1.65788e+55  -2.99263e+55  1.0758e+54  -2.42513e+55  -7.30818e+54  1.15565e+57  -1.29001e+57  5.50632e+57  1.86236e+58  5.50632e+57  -1.29001e+57  1.15565e+57  -7.30818e+54  -2.42513e+55  1.0758e+54  -2.99263e+55  -1.65788e+55  5.04984e+56  5.47133e+56  -3.64697e+57  -5.86033e+57  4.67968e+57  1.27452e+58  1.54337e+58  
-2.33367e+57  -3.26814e+57  -6.07155e+57  -3.32609e+57  1.26329e+57  1.01437e+57  -8.46616e+55  -1.11202e+56  8.65056e+53  8.73778e+54  7.18703e+54  -1.01072e+56  -1.13138e+56  3.36277e+57  2.13194e+58  3.47401e+58  2.13194e+58  3.36277e+57  -1.13138e+56  -1.01072e+56  7.18703e+54  8.73778e+54  8.65056e+53  -1.11202e+56  -8.46616e+55  1.01437e+57  1.26329e+57  -3.32609e+57  -6.07155e+57  -3.26814e+57  -2.33367e+57  
-2.913e+57  -2.41903e+57  -9.37117e+56  1.572e+57  1.12504e+57  -2.10809e+56  -2.2856e+56  9.2296e+54  2.06987e+55  -9.62673e+53  6.94935e+54  2.2538e+55  -1.92866e+56  -5.53446e+56  -1.3188e+57  -2.34871e+57  -1.3188e+57  -5.53446e+56  -1.92866e+56  2.2538e+55  6.94935e+54  -9.62673e+53  2.06987e+55  9.2296e+54  -2.2856e+56  -2.10809e+56  1.12504e+57  1.572e+57  -9.37117e+56  -2.41903e+57  -2.913e+57  
3.71357e+56  5.27155e+56  9.9455e+56  6.22897e+56  -2.84104e+56  -2.69194e+56  2.58092e+55  4.2306e+55  -1.67933e+53  -3.69775e+54  -2.51196e+54  1.09222e+55  4.18361e+55  -1.31207e+56  -1.34092e+57  -2.33847e+57  -1.34092e+57  -1.31207e+56  4.18361e+55  1.09222e+55  -2.51196e+54  -3.69775e+54  -1.67933e+53  4.2306e+55  2.58092e+55  -2.69194e+56  -2.84104e+56  6.22897e+56  9.9455e+56  5.27155e+56  3.71357e+56  
2.79709e+56  2.34959e+56  1.00708e+56  -2.06808e+56  -1.74704e+56  3.65479e+55  4.9253e+55  -1.77514e+54  -6.32904e+54  5.1383e+51  1.69029e+52  -2.79155e+54  6.38931e+54  4.4768e+55  8.40029e+55  1.13832e+56  8.40029e+55  4.4768e+55  6.38931e+54  -2.79155e+54  1.69029e+52  5.1383e+51  -6.32904e+54  -1.77514e+54  4.9253e+55  3.65479e+55  -1.74704e+56  -2.06808e+56  1.00708e+56  2.34959e+56  2.79709e+56  
-2.55684e+55  -3.75847e+55  -7.36335e+55  -5.44785e+55  2.73919e+55  3.21633e+55  -2.94419e+54  -6.96151e+54  -8.64962e+52  7.54911e+53  1.46505e+53  -1.83072e+53  -1.69165e+54  2.6773e+53  2.52069e+55  4.78671e+55  2.52069e+55  2.6773e+53  -1.69165e+54  -1.83072e+53  1.46505e+53  7.54911e+53  -8.64962e+52  -6.96151e+54  -2.94419e+54  3.21633e+55  2.73919e+55  -5.44785e+55  -7.36335e+55  -3.75847e+55  -2.55684e+55  
-1.02833e+55  -8.84064e+54  -4.51251e+54  1.02543e+55  1.07683e+55  -2.22142e+54  -4.18668e+54  4.8048e+52  7.55764e+53  4.16728e+52  -6.9446e+52  2.35431e+52  2.73728e+50  -4.14454e+53  -8.13354e+53  -9.69933e+53  -8.13354e+53  -4.14454e+53  2.73728e+50  2.35431e+52  -6.9446e+52  4.16728e+52  7.55764e+53  4.8048e+52  -4.18668e+54  -2.22142e+54  1.07683e+55  1.02543e+55  -4.51251e+54  -8.84064e+54  -1.02833e+55  
4.75168e+53  7.50739e+53  1.57745e+54  1.47726e+54  -7.5101e+53  -1.24048e+54  7.13676e+52  3.9971e+53  2.51473e+52  -6.69813e+52  -7.14494e+51  5.68888e+51  -1.32228e+50  2.21054e+49  -5.05034e+51  -1.42775e+52  -5.05034e+51  2.21054e+49  -1.32228e+50  5.68888e+51  -7.14494e+51  -6.69813e+52  2.51473e+52  3.9971e+53  7.13676e+52  -1.24048e+54  -7.5101e+53  1.47726e+54  1.57745e+54  7.50739e+53  4.75168e+53  
0  0  0  0  0  0  0  0  0  0  0  0  0  0  0  0  0  0  0  0  0  0  0  0  0  0  0  0  0  0  0  
