1  1  1  1  1  1  1  1  1  1  1  1  1  1  1  1  1  1  1  1  1  1  1  1  1  1  1  1  1  1  1  
-8.08501e+69  -3.1897e+68  2.29792e+70  5.47161e+70  -6.14997e+71  -1.31286e+72  6.32673e+72  1.36543e+73  -3.16874e+73  -7.43278e+73  7.32671e+73  2.09248e+74  -1.78958e+73  -2.06882e+74  -1.33764e+74  -1.08225e+74  -1.33764e+74  -2.06882e+74  -1.78958e+73  2.09248e+74  7.32671e+73  -7.43278e+73  -3.16874e+73  1.36543e+73  6.32673e+72  -1.31286e+72  -6.14997e+71  5.47161e+70  2.29792e+70  -3.1897e+68  -8.08501e+69  
-1.53001e+71  -1.09732e+71  2.00762e+70  -2.92413e+71  -9.74995e+71  6.58814e+72  1.88037e+73  -6.20094e+73  -1.76385e+74  2.75909e+74  8.65055e+74  -4.107e+74  -1.92344e+75  -6.70045e+74  4.82181e+74  5.34445e+74  4.82181e+74  -6.70045e+74  -1.92344e+75  -4.107e+74  8.65055e+74  2.75909e+74  -1.76385e+74  -6.20094e+73  1.88037e+73  6.58814e+72  -9.74995e+71  -2.92413e+71  2.00762e+70  -1.09732e+71  -1.53001e+71  
-7.53586e+71  -7.07372e+71  -5.6873e+71  -4.45732e+71  3.83173e+72  1.38706e+73  -6.36303e+73  -2.15499e+74  4.95446e+74  1.72344e+75  -1.65121e+75  -6.92429e+75  4.19419e+73  9.50939e+75  7.40786e+75  5.91274e+75  7.40786e+75  9.50939e+75  4.19419e+73  -6.92429e+75  -1.65121e+75  1.72344e+75  4.95446e+74  -2.15499e+74  -6.36303e+73  1.38706e+73  3.83173e+72  -4.45732e+71  -5.6873e+71  -7.07372e+71  -7.53586e+71  
2.20696e+73  1.6892e+73  1.35911e+72  2.99419e+71  5.38872e+72  -3.56152e+73  -1.46065e+74  4.78148e+74  1.87941e+75  -2.95354e+75  -1.25734e+76  5.51355e+75  3.77629e+76  1.69068e+76  -1.36243e+76  -1.71715e+76  -1.36243e+76  1.69068e+76  3.77629e+76  5.51355e+75  -1.25734e+76  -2.95354e+75  1.87941e+75  4.78148e+74  -1.46065e+74  -3.56152e+73  5.38872e+72  2.99419e+71  1.35911e+72  1.6892e+73  2.20696e+73  
2.19856e+73  2.00952e+73  1.4424e+73  5.08171e+72  -1.16622e+73  -5.59666e+73  2.58795e+74  1.17878e+75  -2.80743e+75  -1.28078e+76  1.25938e+76  6.95165e+76  3.36786e+75  -1.28457e+77  -1.16378e+77  -9.27263e+76  -1.16378e+77  -1.28457e+77  3.36786e+75  6.95165e+76  1.25938e+76  -1.28078e+76  -2.80743e+75  1.17878e+75  2.58795e+74  -5.59666e+73  -1.16622e+73  5.08171e+72  1.4424e+73  2.00952e+73  2.19856e+73  
-5.56381e+74  -4.33917e+74  -6.65236e+73  5.11628e+72  -8.0957e+72  7.7144e+73  4.25475e+74  -1.49586e+75  -7.61472e+75  1.2947e+76  7.01092e+76  -3.17461e+76  -2.86823e+77  -1.54319e+77  1.48717e+77  2.06714e+77  1.48717e+77  -1.54319e+77  -2.86823e+77  -3.17461e+76  7.01092e+76  1.2947e+76  -7.61472e+75  -1.49586e+75  4.25475e+74  7.7144e+73  -8.0957e+72  5.11628e+72  -6.65236e+73  -4.33917e+74  -5.56381e+74  
-9.85392e+73  -8.35659e+73  -3.86458e+73  -4.78202e+73  1.38867e+73  8.59827e+73  -4.42763e+74  -2.63021e+75  7.1098e+75  4.09106e+76  -4.54911e+76  -3.1139e+77  -2.2501e+76  7.94768e+77  8.23096e+77  6.63157e+77  8.23096e+77  7.94768e+77  -2.2501e+76  -3.1139e+77  -4.54911e+76  4.09106e+76  7.1098e+75  -2.63021e+75  -4.42763e+74  8.59827e+73  1.38867e+73  -4.78202e+73  -3.86458e+73  -8.35659e+73  -9.85392e+73  
5.52431e+75  4.35801e+75  8.59115e+74  1.33746e+73  -4.66832e+72  -6.74818e+73  -5.01998e+74  2.12748e+75  1.38137e+76  -2.81181e+76  -1.87151e+77  1.01939e+77  1.09312e+78  6.7774e+77  -8.31854e+77  -1.24378e+78  -8.31854e+77  6.7774e+77  1.09312e+78  1.01939e+77  -1.87151e+77  -2.81181e+76  1.38137e+76  2.12748e+75  -5.01998e+74  -6.74818e+73  -4.66832e+72  1.33746e+73  8.59115e+74  4.35801e+75  5.52431e+75  
-8.3218e+74  -8.9231e+74  -1.0727e+75  7.53187e+73  -1.37526e+72  -4.88145e+73  3.26746e+74  2.57204e+75  -8.88349e+75  -6.37021e+76  9.00695e+76  7.30682e+77  3.58667e+76  -2.70252e+78  -3.16414e+78  -2.60878e+78  -3.16414e+78  -2.70252e+78  3.58667e+76  7.30682e+77  9.00695e+76  -6.37021e+76  -8.88349e+75  2.57204e+75  3.26746e+74  -4.88145e+73  -1.37526e+72  7.53187e+73  -1.0727e+75  -8.9231e+74  -8.3218e+74  
-2.82065e+76  -2.23874e+76  -4.93024e+75  -1.17693e+73  -1.87567e+71  2.19595e+73  2.34618e+74  -1.40143e+75  -1.18066e+76  3.25535e+76  2.62278e+77  -2.02415e+77  -2.3533e+78  -1.6217e+78  2.72003e+78  4.28533e+78  2.72003e+78  -1.6217e+78  -2.3533e+78  -2.02415e+77  2.62278e+77  3.25535e+76  -1.18066e+76  -1.40143e+75  2.34618e+74  2.19595e+73  -1.87567e+71  -1.17693e+73  -4.93024e+75  -2.23874e+76  -2.82065e+76  
8.81334e+75  9.03445e+75  9.69778e+75  1.13511e+75  -4.72842e+72  8.45314e+72  -9.4666e+73  -1.06296e+75  5.48707e+75  4.9835e+76  -1.02489e+77  -9.61108e+77  5.77179e+76  5.52765e+78  7.27117e+78  6.20471e+78  7.27117e+78  5.52765e+78  5.77179e+76  -9.61108e+77  -1.02489e+77  4.9835e+76  5.48707e+75  -1.06296e+75  -9.4666e+73  8.45314e+72  -4.72842e+72  1.13511e+75  9.69778e+75  9.03445e+75  8.81334e+75  
8.40949e+76  6.68443e+76  1.50927e+76  -1.77535e+75  -2.16292e+74  -9.81401e+71  -3.55033e+73  3.84087e+74  4.51766e+75  -1.97973e+76  -1.95844e+77  2.50316e+77  3.01539e+78  2.21126e+78  -5.56728e+78  -9.08888e+78  -5.56728e+78  2.21126e+78  3.01539e+78  2.50316e+77  -1.95844e+77  -1.97973e+76  4.51766e+75  3.84087e+74  -3.55033e+73  -9.81401e+71  -2.16292e+74  -1.77535e+75  1.50927e+76  6.68443e+76  8.40949e+76  
-3.3374e+76  -3.42038e+76  -3.66931e+76  -6.78426e+75  3.36657e+74  4.63448e+73  7.08711e+72  1.49735e+74  -1.48641e+75  -1.84069e+76  6.50244e+76  7.13305e+77  -2.53923e+77  -7.10266e+78  -1.04934e+79  -9.37444e+78  -1.04934e+79  -7.10266e+78  -2.53923e+77  7.13305e+77  6.50244e+76  -1.84069e+76  -1.48641e+75  1.49735e+74  7.08711e+72  4.63448e+73  3.36657e+74  -6.78426e+75  -3.66931e+76  -3.42038e+76  -3.3374e+76  
-1.5659e+77  -1.24141e+77  -2.67933e+76  1.0275e+76  1.98711e+75  -6.98201e+73  -1.01402e+73  -2.91502e+73  -6.17181e+74  5.55862e+75  7.28466e+76  -1.82402e+77  -2.3139e+78  -1.66571e+78  7.37673e+78  1.23166e+79  7.37673e+78  -1.66571e+78  -2.3139e+78  -1.82402e+77  7.28466e+76  5.55862e+75  -6.17181e+74  -2.91502e+73  -1.01402e+73  -6.98201e+73  1.98711e+75  1.0275e+76  -2.67933e+76  -1.24141e+77  -1.5659e+77  
6.83916e+76  7.06238e+76  7.73204e+76  1.72418e+76  -2.49069e+75  -5.34332e+74  1.54242e+73  -3.15722e+71  1.16432e+74  2.54164e+75  -2.01196e+76  -2.80255e+77  3.26061e+77  5.80222e+78  9.7072e+78  9.19369e+78  9.7072e+78  5.80222e+78  3.26061e+77  -2.80255e+77  -2.01196e+76  2.54164e+75  1.16432e+74  -3.15722e+71  1.54242e+73  -5.34332e+74  -2.49069e+75  1.72418e+76  7.73204e+76  7.06238e+76  6.83916e+76  
1.88385e+77  1.48407e+77  2.84725e+76  -2.58373e+76  -6.28482e+75  5.86493e+74  1.40229e+74  -3.54591e+72  1.14203e+73  -4.71569e+74  -1.06831e+76  6.86567e+76  1.01459e+78  5.45489e+77  -6.38988e+78  -1.08032e+79  -6.38988e+78  5.45489e+77  1.01459e+78  6.86567e+76  -1.06831e+76  -4.71569e+74  1.14203e+73  -3.54591e+72  1.40229e+74  5.86493e+74  -6.28482e+75  -2.58373e+76  2.84725e+76  1.48407e+77  1.88385e+77  
-8.4115e+76  -8.78518e+76  -9.90623e+76  -2.46261e+76  7.05097e+75  1.91566e+75  -1.363e+74  -3.61372e+73  9.94274e+71  -5.07607e+73  1.98461e+75  4.68396e+76  -1.91914e+77  -2.96294e+78  -5.74224e+78  -5.85235e+78  -5.74224e+78  -2.96294e+78  -1.91914e+77  4.68396e+76  1.98461e+75  -5.07607e+73  9.94274e+71  -3.61372e+73  -1.363e+74  1.91566e+75  7.05097e+75  -2.46261e+76  -9.90623e+76  -8.78518e+76  -8.4115e+76  
-1.47966e+77  -1.15462e+77  -1.79505e+76  3.56512e+76  1.01436e+76  -1.75554e+75  -5.34092e+74  3.09379e+73  9.06652e+72  -5.43368e+71  2.20867e+74  -8.98849e+75  -2.14972e+77  8.49042e+76  3.57905e+78  6.08332e+78  3.57905e+78  8.49042e+76  -2.14972e+77  -8.98849e+75  2.20867e+74  -5.43368e+71  9.06652e+72  3.09379e+73  -5.34092e+74  -1.75554e+75  1.01436e+76  3.56512e+76  -1.79505e+76  -1.15462e+77  -1.47966e+77  
6.40531e+76  6.78863e+76  7.93858e+76  2.13888e+76  -1.01045e+76  -3.26689e+75  4.09242e+74  1.39259e+74  -6.92351e+72  -4.26795e+71  1.84319e+73  -1.25067e+75  4.5326e+76  8.95271e+77  2.11642e+78  2.3664e+78  2.11642e+78  8.95271e+77  4.5326e+76  -1.25067e+75  1.84319e+73  -4.26795e+71  -6.92351e+72  1.39259e+74  4.09242e+74  -3.26689e+75  -1.01045e+76  2.13888e+76  7.93858e+76  6.78863e+76  6.40531e+76  
7.50953e+76  5.79015e+76  6.32004e+75  -2.88152e+76  -9.35139e+75  2.49877e+75  9.15383e+74  -8.88381e+73  -3.42401e+73  -3.87527e+72  3.62553e+73  -3.07865e+73  6.40159e+75  -1.28363e+77  -1.25258e+78  -2.13048e+78  -1.25258e+78  -1.28363e+77  6.40159e+75  -3.07865e+73  3.62553e+73  -3.87527e+72  -3.42401e+73  -8.88381e+73  9.15383e+74  2.49877e+75  -9.35139e+75  -2.88152e+76  6.32004e+75  5.79015e+76  7.50953e+76  
-2.99797e+76  -3.23658e+76  -3.95241e+76  -1.15174e+76  7.96508e+75  3.00236e+75  -5.53016e+74  -2.29581e+74  1.93028e+73  3.25929e+71  -7.84902e+73  5.55384e+74  2.22065e+75  -1.40268e+77  -4.59203e+77  -5.7879e+77  -4.59203e+77  -1.40268e+77  2.22065e+75  5.55384e+74  -7.84902e+73  3.25929e+71  1.93028e+73  -2.29581e+74  -5.53016e+74  3.00236e+75  7.96508e+75  -1.15174e+76  -3.95241e+76  -3.23658e+76  -2.99797e+76  
-2.37976e+76  -1.81084e+76  -1.04056e+75  1.3661e+76  5.04642e+75  -1.84254e+75  -8.0004e+74  1.0837e+74  5.21845e+73  1.51097e+73  -5.99336e+73  -6.43078e+74  3.88932e+75  3.89811e+76  2.56013e+77  4.34845e+77  2.56013e+77  3.89811e+76  3.88932e+75  -6.43078e+74  -5.99336e+73  1.51097e+73  5.21845e+73  1.0837e+74  -8.0004e+74  -1.84254e+75  5.04642e+75  1.3661e+76  -1.04056e+75  -1.81084e+76  -2.37976e+76  
8.26442e+75  9.13313e+75  1.17393e+76  3.76584e+75  -3.45839e+75  -1.52038e+75  3.63817e+74  1.8245e+74  -2.09876e+73  -7.21885e+72  8.91791e+73  -1.98642e+74  -2.55325e+75  7.29586e+75  5.26852e+76  7.80685e+76  5.26852e+76  7.29586e+75  -2.55325e+75  -1.98642e+74  8.91791e+73  -7.21885e+72  -2.09876e+73  1.8245e+74  3.63817e+74  -1.52038e+75  -3.45839e+75  3.76584e+75  1.17393e+76  9.13313e+75  8.26442e+75  
4.39569e+75  3.30403e+75  2.90616e+73  -3.61829e+75  -1.54209e+75  6.98412e+74  3.61317e+74  -6.00922e+73  -3.52765e+73  -6.32467e+72  5.54147e+72  2.23504e+74  -2.1308e+74  -4.6817e+75  -2.69086e+76  -4.56914e+76  -2.69086e+76  -4.6817e+75  -2.1308e+74  2.23504e+74  5.54147e+72  -6.32467e+72  -3.52765e+73  -6.00922e+73  3.61317e+74  6.98412e+74  -1.54209e+75  -3.61829e+75  2.90616e+73  3.30403e+75  4.39569e+75  
-1.22384e+75  -1.3939e+75  -1.90408e+75  -6.96503e+74  7.75367e+74  4.03943e+74  -1.13551e+74  -6.98297e+73  8.60548e+72  6.48075e+72  -1.63872e+73  -5.90325e+72  2.96016e+74  3.51923e+74  -2.58577e+75  -4.84963e+75  -2.58577e+75  3.51923e+74  2.96016e+74  -5.90325e+72  -1.63872e+73  6.48075e+72  8.60548e+72  -6.98297e+73  -1.13551e+74  4.03943e+74  7.75367e+74  -6.96503e+74  -1.90408e+75  -1.3939e+75  -1.22384e+75  
-4.14797e+74  -3.0941e+74  6.75105e+72  4.76305e+74  2.4085e+74  -1.24226e+74  -7.85585e+73  1.43817e+73  1.07972e+73  -5.64542e+70  6.87404e+71  -1.53521e+73  -2.22495e+73  1.86311e+74  1.11376e+75  1.90267e+75  1.11376e+75  1.86311e+74  -2.22495e+73  -1.53521e+73  6.87404e+71  -5.64542e+70  1.07972e+73  1.43817e+73  -7.85585e+73  -1.24226e+74  2.4085e+74  4.76305e+74  6.75105e+72  -3.0941e+74  -4.14797e+74  
8.06125e+73  9.56407e+73  1.40725e+74  6.19009e+73  -7.64227e+73  -4.89476e+73  1.47496e+73  1.16811e+73  -1.33762e+72  -1.41484e+72  4.90005e+71  1.34712e+72  -6.90517e+72  -2.30271e+73  3.24178e+73  9.03848e+73  3.24178e+73  -2.30271e+73  -6.90517e+72  1.34712e+72  4.90005e+71  -1.41484e+72  -1.33762e+72  1.16811e+73  1.47496e+73  -4.89476e+73  -7.64227e+73  6.19009e+73  1.40725e+74  9.56407e+73  8.06125e+73  
1.50763e+73  1.12878e+73  -7.79891e+70  -2.40085e+73  -1.51918e+73  8.25472e+72  6.82656e+72  -1.22415e+72  -1.33064e+72  7.30176e+70  1.06923e+71  9.37541e+70  4.29057e+71  -1.01911e+72  -8.02469e+72  -1.41369e+73  -8.02469e+72  -1.01911e+72  4.29057e+71  9.37541e+70  1.06923e+71  7.30176e+70  -1.33064e+72  -1.22415e+72  6.82656e+72  8.25472e+72  -1.51918e+73  -2.40085e+73  -7.79891e+70  1.12878e+73  1.50763e+73  
-1.4718e+72  -1.86411e+72  -3.04106e+72  -1.76273e+72  2.23448e+72  1.94678e+72  -5.76344e+71  -6.93204e+71  6.12895e+70  1.24162e+71  7.41483e+68  -8.84334e+69  -2.71227e+69  1.58074e+69  -2.13733e+69  -2.30944e+70  -2.13733e+69  1.58074e+69  -2.71227e+69  -8.84334e+69  7.41483e+68  1.24162e+71  6.12895e+70  -6.93204e+71  -5.76344e+71  1.94678e+72  2.23448e+72  -1.76273e+72  -3.04106e+72  -1.86411e+72  -1.4718e+72  
0  0  0  0  0  0  0  0  0  0  0  0  0  0  0  0  0  0  0  0  0  0  0  0  0  0  0  0  0  0  0  
