1  1  1  1  1  1  1  1  1  1  1  1  1  1  1  1  1  1  1  1  1  1  1  1  1  1  1  1  1  1  1  
8.18033e+80  -1.01127e+81  -6.49917e+81  5.50964e+82  2.26714e+83  -8.04719e+83  -3.01349e+84  5.08826e+84  2.0232e+85  -1.40404e+85  -7.2864e+85  1.4645e+84  1.17645e+86  6.31662e+85  -4.36673e+84  -8.55712e+84  -4.36673e+84  6.31662e+85  1.17645e+86  1.4645e+84  -7.2864e+85  -1.40404e+85  2.0232e+85  5.08826e+84  -3.01349e+84  -8.04719e+83  2.26714e+83  5.50964e+82  -6.49917e+81  -1.01127e+81  8.18033e+80  
-4.43399e+82  -2.88062e+82  1.7795e+82  1.17365e+83  -5.87209e+83  -3.10488e+84  7.43556e+84  3.73813e+85  -4.06539e+85  -2.33176e+86  6.42834e+85  7.23905e+86  2.46591e+86  -6.89129e+86  -6.3002e+86  -5.2682e+86  -6.3002e+86  -6.89129e+86  2.46591e+86  7.23905e+86  6.42834e+85  -2.33176e+86  -4.06539e+85  3.73813e+85  7.43556e+84  -3.10488e+84  -5.87209e+83  1.17365e+83  1.7795e+82  -2.88062e+82  -4.43399e+82  
-2.78632e+83  -2.32502e+83  -9.41132e+82  -2.53965e+83  -1.73538e+84  5.87332e+84  3.6345e+85  -5.8096e+85  -3.72161e+86  2.2281e+86  1.97101e+87  2.06703e+86  -4.5038e+87  -3.15671e+87  2.97029e+86  7.64603e+86  2.97029e+86  -3.15671e+87  -4.5038e+87  2.06703e+86  1.97101e+87  2.2281e+86  -3.72161e+86  -5.8096e+85  3.6345e+85  5.87332e+84  -1.73538e+84  -2.53965e+83  -9.41132e+82  -2.32502e+83  -2.78632e+83  
5.52154e+84  4.19742e+84  2.2504e+83  -7.49994e+83  2.45582e+84  1.9477e+85  -4.46486e+85  -3.2784e+86  3.32624e+86  2.83579e+87  -5.20145e+86  -1.20389e+88  -5.67582e+87  1.5479e+88  1.7024e+88  1.4458e+88  1.7024e+88  1.5479e+88  -5.67582e+87  -1.20389e+88  -5.20145e+86  2.83579e+87  3.32624e+86  -3.2784e+86  -4.46486e+85  1.9477e+85  2.45582e+84  -7.49994e+83  2.2504e+83  4.19742e+84  5.52154e+84  
9.20577e+84  7.88151e+84  3.90871e+84  1.46638e+84  5.48625e+84  -1.89457e+85  -1.64734e+86  2.59409e+86  2.32356e+87  -1.27506e+87  -1.6799e+88  -3.3715e+87  5.18717e+88  4.42225e+88  -5.96302e+87  -1.67621e+88  -5.96302e+87  4.42225e+88  5.18717e+88  -3.3715e+87  -1.6799e+88  -1.27506e+87  2.32356e+87  2.59409e+86  -1.64734e+86  -1.89457e+85  5.48625e+84  1.46638e+84  3.90871e+84  7.88151e+84  9.20577e+84  
-1.40708e+86  -1.09522e+86  -1.59672e+85  3.05122e+84  -3.41596e+84  -4.65694e+85  1.10571e+86  1.10653e+87  -1.1464e+87  -1.33377e+88  1.82267e+87  7.78464e+88  4.5772e+88  -1.36372e+89  -1.74998e+89  -1.52541e+89  -1.74998e+89  -1.36372e+89  4.5772e+88  7.78464e+88  1.82267e+87  -1.33377e+88  -1.1464e+87  1.10653e+87  1.10571e+86  -4.65694e+85  -3.41596e+84  3.05122e+84  -1.59672e+85  -1.09522e+86  -1.40708e+86  
-7.86302e+85  -6.32903e+85  -1.72706e+85  -1.22264e+85  -6.12069e+84  2.54365e+85  2.99147e+86  -5.19075e+86  -6.16314e+87  3.5912e+87  6.33674e+88  1.68631e+88  -2.72677e+89  -2.73735e+89  5.4997e+88  1.54847e+89  5.4997e+88  -2.73735e+89  -2.72677e+89  1.68631e+88  6.33674e+88  3.5912e+87  -6.16314e+87  -5.19075e+86  2.99147e+86  2.54365e+85  -6.12069e+84  -1.22264e+85  -1.72706e+85  -6.32903e+85  -7.86302e+85  
1.41475e+87  1.11714e+87  2.24298e+86  2.95117e+83  -5.90566e+83  4.26721e+85  -1.21259e+86  -1.61926e+87  1.97641e+87  2.94068e+88  -4.57318e+87  -2.49187e+89  -1.72321e+89  6.1872e+89  9.07844e+89  8.19906e+89  9.07844e+89  6.1872e+89  -1.72321e+89  -2.49187e+89  -4.57318e+87  2.94068e+88  1.97641e+87  -1.61926e+87  -1.21259e+86  4.26721e+85  -5.90566e+83  2.95117e+83  2.24298e+86  1.11714e+87  1.41475e+87  
1.59031e+86  6.61768e+85  -2.12385e+86  2.06472e+85  3.1899e+84  -1.37994e+85  -2.23802e+86  5.02252e+86  7.67582e+87  -5.80805e+87  -1.22174e+89  -3.50357e+88  7.77405e+89  9.00332e+89  -2.77668e+89  -7.50183e+89  -2.77668e+89  9.00332e+89  7.77405e+89  -3.50357e+88  -1.22174e+89  -5.80805e+87  7.67582e+87  5.02252e+86  -2.23802e+86  -1.37994e+85  3.1899e+84  2.06472e+85  -2.12385e+86  6.61768e+85  1.59031e+86  
-7.30972e+87  -5.82362e+87  -1.36533e+87  -8.58664e+84  -7.36005e+82  -1.36336e+85  5.78142e+85  1.04696e+87  -1.8041e+87  -3.27137e+88  9.48035e+87  4.39302e+89  3.40335e+89  -1.64075e+90  -2.71401e+90  -2.56028e+90  -2.71401e+90  -1.64075e+90  3.40335e+89  4.39302e+89  9.48035e+87  -3.27137e+88  -1.8041e+87  1.04696e+87  5.78142e+85  -1.36336e+85  -7.36005e+82  -8.58664e+84  -1.36533e+87  -5.82362e+87  -7.30972e+87  
8.20321e+86  1.17154e+87  2.2252e+87  3.01543e+86  -7.83074e+83  2.49491e+84  6.27176e+85  -2.2686e+86  -4.4997e+87  5.48589e+87  1.26752e+89  2.82279e+88  -1.3034e+90  -1.71728e+90  8.37816e+89  2.12953e+90  8.37816e+89  -1.71728e+90  -1.3034e+90  2.82279e+88  1.26752e+89  5.48589e+87  -4.4997e+87  -2.2686e+86  6.27176e+85  2.49491e+84  -7.83074e+83  3.01543e+86  2.2252e+87  1.17154e+87  8.20321e+86  
2.20409e+88  1.76382e+88  4.43009e+87  -3.65405e+86  -5.71533e+85  1.11131e+84  -9.79127e+84  -2.6868e+86  8.19945e+86  1.81422e+88  -1.22731e+88  -4.42415e+89  -3.60686e+89  2.70973e+90  5.01274e+90  4.97591e+90  5.01274e+90  2.70973e+90  -3.60686e+89  -4.42415e+89  -1.22731e+88  1.81422e+88  8.19945e+86  -2.6868e+86  -9.79127e+84  1.11131e+84  -5.71533e+85  -3.65405e+86  4.43009e+87  1.76382e+88  2.20409e+88  
-5.17969e+87  -6.08382e+87  -8.79623e+87  -1.87159e+87  6.42782e+85  1.21913e+85  -4.46219e+84  3.83085e+85  1.10275e+87  -2.72004e+87  -6.92797e+88  2.76069e+87  1.32319e+90  1.96483e+90  -1.58356e+90  -3.75863e+90  -1.58356e+90  1.96483e+90  1.32319e+90  2.76069e+87  -6.92797e+88  -2.72004e+87  1.10275e+87  3.83085e+85  -4.46219e+84  1.21913e+85  6.42782e+85  -1.87159e+87  -8.79623e+87  -6.08382e+87  -5.17969e+87  
-4.14911e+88  -3.32264e+88  -8.43242e+87  2.3048e+87  5.38145e+86  -1.25313e+85  -2.61158e+84  1.82421e+85  -1.45379e+86  -4.4226e+87  7.90909e+87  2.48756e+89  1.85193e+89  -2.86278e+90  -5.92166e+90  -6.23043e+90  -5.92166e+90  -2.86278e+90  1.85193e+89  2.48756e+89  7.90909e+87  -4.4226e+87  -1.45379e+86  1.82421e+85  -2.61158e+84  -1.25313e+85  5.38145e+86  2.3048e+87  -8.43242e+87  -3.32264e+88  -4.14911e+88  
1.24851e+88  1.4107e+88  1.89728e+88  4.90291e+87  -5.2957e+86  -1.43348e+86  2.61164e+84  -2.94004e+83  -7.44126e+85  5.41736e+86  1.75782e+88  -1.61405e+88  -8.00918e+89  -1.33082e+90  1.91624e+90  4.24299e+90  1.91624e+90  -1.33082e+90  -8.00918e+89  -1.61405e+88  1.75782e+88  5.41736e+86  -7.44126e+85  -2.94004e+83  2.61164e+84  -1.43348e+86  -5.2957e+86  4.90291e+87  1.89728e+88  1.4107e+88  1.24851e+88  
5.04446e+88  4.02982e+88  9.85921e+87  -6.00327e+87  -1.73609e+87  1.18902e+86  3.73899e+85  -5.41768e+83  3.84936e+84  3.09311e+86  -1.98573e+87  -6.95513e+88  -1.94249e+88  1.93306e+90  4.52006e+90  5.0806e+90  4.52006e+90  1.93306e+90  -1.94249e+88  -6.95513e+88  -1.98573e+87  3.09311e+86  3.84936e+84  -5.41768e+83  3.73899e+85  1.18902e+86  -1.73609e+87  -6.00327e+87  9.85921e+87  4.02982e+88  5.04446e+88  
-1.66493e+88  -1.86576e+88  -2.46826e+88  -7.203e+87  1.56636e+87  5.21431e+86  -2.63825e+85  -9.58991e+84  1.9943e+82  -1.6955e+85  -1.34552e+87  6.93727e+87  2.65773e+89  4.85901e+89  -1.48674e+90  -3.07828e+90  -1.48674e+90  4.85901e+89  2.65773e+89  6.93727e+87  -1.34552e+87  -1.6955e+85  1.9943e+82  -9.58991e+84  -2.63825e+85  5.21431e+86  1.56636e+87  -7.203e+87  -2.46826e+88  -1.86576e+88  -1.66493e+88  
-4.00259e+88  -3.18188e+88  -7.1975e+87  8.44908e+87  2.84858e+87  -3.74096e+86  -1.4399e+86  5.70064e+84  2.40036e+84  1.58267e+83  7.51941e+85  6.41659e+87  -1.83993e+88  -8.10135e+89  -2.20398e+90  -2.67127e+90  -2.20398e+90  -8.10135e+89  -1.83993e+88  6.41659e+87  7.51941e+85  1.58267e+83  2.40036e+84  5.70064e+84  -1.4399e+86  -3.74096e+86  2.84858e+87  8.44908e+87  -7.1975e+87  -3.18188e+88  -4.00259e+88  
1.33049e+88  1.4978e+88  1.99973e+88  6.42176e+87  -2.29754e+87  -8.99219e+86  8.35769e+85  3.72684e+85  -1.08328e+84  1.7265e+83  -1.21712e+85  -3.85137e+86  -3.50082e+88  -5.93512e+88  7.25323e+89  1.41019e+90  7.25323e+89  -5.93512e+88  -3.50082e+88  -3.85137e+86  -1.21712e+85  1.7265e+83  -1.08328e+84  3.72684e+85  8.35769e+85  -8.99219e+86  -2.29754e+87  6.42176e+87  1.99973e+88  1.4978e+88  1.33049e+88  
2.05107e+88  1.61997e+88  3.26663e+87  -6.91289e+87  -2.66055e+87  5.46084e+86  2.48714e+86  -1.73224e+85  -9.2545e+84  2.79155e+84  7.55396e+84  -9.87238e+85  4.03232e+87  1.96367e+89  6.62245e+89  8.75856e+89  6.62245e+89  1.96367e+89  4.03232e+87  -9.87238e+85  7.55396e+84  2.79155e+84  -9.2545e+84  -1.73224e+85  2.48714e+86  5.46084e+86  -2.66055e+87  -6.91289e+87  3.26663e+87  1.61997e+88  2.05107e+88  
-6.42666e+87  -7.32885e+87  -1.00354e+88  -3.53603e+87  1.83488e+87  8.32808e+86  -1.15812e+86  -6.17027e+85  2.65535e+84  -2.69799e+84  4.07789e+85  1.12131e+86  -2.79178e+87  -1.63419e+88  -2.12376e+89  -3.89861e+89  -2.12376e+89  -1.63419e+88  -2.79178e+87  1.12131e+86  4.07789e+85  -2.69799e+84  2.65535e+84  -6.17027e+85  -1.15812e+86  8.32808e+86  1.83488e+87  -3.53603e+87  -1.00354e+88  -7.32885e+87  -6.42666e+87  
-6.55814e+87  -5.14493e+87  -9.05276e+86  3.30145e+87  1.44848e+87  -4.07715e+86  -2.18349e+86  2.17008e+85  1.48671e+85  -6.2191e+84  -4.23912e+85  3.05505e+86  1.32434e+87  -2.34658e+88  -1.14219e+89  -1.67544e+89  -1.14219e+89  -2.34658e+88  1.32434e+87  3.05505e+86  -4.23912e+85  -6.2191e+84  1.48671e+85  2.17008e+85  -2.18349e+86  -4.07715e+86  1.44848e+87  3.30145e+87  -9.05276e+86  -5.14493e+87  -6.55814e+87  
1.81014e+87  2.10685e+87  2.99698e+87  1.17428e+87  -8.01768e+86  -4.23362e+86  7.68843e+85  4.90032e+85  -2.9543e+84  4.12381e+84  -2.47296e+85  -1.87043e+86  9.7296e+86  5.89454e+87  3.41069e+88  5.95269e+88  3.41069e+88  5.89454e+87  9.7296e+86  -1.87043e+86  -2.47296e+85  4.12381e+84  -2.9543e+84  4.90032e+85  7.68843e+85  -4.23362e+86  -8.01768e+86  1.17428e+87  2.99698e+87  2.10685e+87  1.81014e+87  
1.22097e+87  9.53187e+86  1.49829e+86  -8.77496e+86  -4.44264e+86  1.55072e+86  9.86973e+85  -1.20109e+85  -1.01709e+85  1.63259e+84  2.10117e+85  -4.90679e+85  -4.42379e+86  7.96554e+86  9.89304e+87  1.64865e+88  9.89304e+87  7.96554e+86  -4.42379e+86  -4.90679e+85  2.10117e+85  1.63259e+84  -1.01709e+85  -1.20109e+85  9.86973e+85  1.55072e+86  -4.44264e+86  -8.77496e+86  1.49829e+86  9.53187e+86  1.22097e+87  
-2.72035e+86  -3.25929e+86  -4.8761e+86  -2.18381e+86  1.79891e+86  1.12433e+86  -2.39049e+85  -1.87296e+85  1.45861e+84  -7.93057e+82  1.23747e+84  3.36481e+85  -3.08468e+85  -5.53072e+86  -2.51467e+87  -4.21273e+87  -2.51467e+87  -5.53072e+86  -3.08468e+85  3.36481e+85  1.23747e+84  -7.93057e+82  1.45861e+84  -1.87296e+85  -2.39049e+85  1.12433e+86  1.79891e+86  -2.18381e+86  -4.8761e+86  -3.25929e+86  -2.72035e+86  
-1.15962e+86  -9.05636e+85  -1.43695e+85  1.15492e+86  6.9231e+85  -2.74359e+85  -2.13888e+85  2.79509e+84  2.95599e+84  -5.38219e+82  -2.0392e+84  -2.1909e+83  2.9578e+85  3.32121e+85  -3.25521e+86  -6.40784e+86  -3.25521e+86  3.32121e+85  2.9578e+85  -2.1909e+83  -2.0392e+84  -5.38219e+82  2.95599e+84  2.79509e+84  -2.13888e+85  -2.74359e+85  6.9231e+85  1.15492e+86  -1.43695e+85  -9.05636e+85  -1.15962e+86  
1.80897e+85  2.25817e+85  3.60579e+85  1.92723e+85  -1.76363e+85  -1.35537e+85  3.04212e+84  3.12311e+84  -2.24328e+83  -3.02539e+83  8.58969e+82  -1.03709e+84  -1.31634e+84  1.24476e+85  5.54878e+85  9.07409e+85  5.54878e+85  1.24476e+85  -1.31634e+84  -1.03709e+84  8.58969e+82  -3.02539e+83  -2.24328e+83  3.12311e+84  3.04212e+84  -1.35537e+85  -1.76363e+85  1.92723e+85  3.60579e+85  2.25817e+85  1.80897e+85  
4.23284e+84  3.34544e+84  6.83246e+83  -5.7952e+84  -4.32799e+84  1.79111e+84  1.84408e+84  -2.22186e+83  -3.50098e+83  5.24708e+81  4.45643e+82  3.57709e+82  -2.29258e+83  -6.66269e+83  1.75158e+84  4.40668e+84  1.75158e+84  -6.66269e+83  -2.29258e+83  3.57709e+82  4.45643e+82  5.24708e+81  -3.50098e+83  -2.22186e+83  1.84408e+84  1.79111e+84  -4.32799e+84  -5.7952e+84  6.83246e+83  3.34544e+84  4.23284e+84  
-3.31566e+83  -4.42944e+83  -7.77081e+83  -5.37365e+83  5.07955e+83  5.33082e+83  -1.12123e+83  -1.83335e+83  6.82798e+81  3.23229e+82  1.57332e+81  -3.90891e+81  -1.27495e+81  8.0934e+79  -1.32739e+82  -2.90355e+82  -1.32739e+82  8.0934e+79  -1.27495e+81  -3.90891e+81  1.57332e+81  3.23229e+82  6.82798e+81  -1.83335e+83  -1.12123e+83  5.33082e+83  5.07955e+83  -5.37365e+83  -7.77081e+83  -4.42944e+83  -3.31566e+83  
0  0  0  0  0  0  0  0  0  0  0  0  0  0  0  0  0  0  0  0  0  0  0  0  0  0  0  0  0  0  0  
