1  1  1  1  1  1  1  1  1  1  1  1  1  1  1  1  1  1  1  1  1  1  1  1  1  1  1  1  1  1  1  
-5.69118e+106  4.85459e+106  3.64919e+107  -2.45822e+108  -1.22497e+109  3.45959e+109  1.58133e+110  -2.05143e+110  -1.03425e+111  4.72898e+110  3.62093e+111  4.62872e+110  -5.59106e+111  -3.50344e+111  -1.34188e+110  1.28261e+110  -1.34188e+110  -3.50344e+111  -5.59106e+111  4.62872e+110  3.62093e+111  4.72898e+110  -1.03425e+111  -2.05143e+110  1.58133e+110  3.45959e+109  -1.22497e+109  -2.45822e+108  3.64919e+107  4.85459e+106  -5.69118e+106  
1.14345e+106  -1.99184e+107  -8.31041e+107  -6.17966e+108  2.52096e+109  1.631e+110  -3.02701e+110  -1.91972e+111  1.46799e+111  1.16929e+112  -8.31246e+110  -3.51676e+112  -1.65133e+112  3.07811e+112  3.09238e+112  2.6192e+112  3.09238e+112  3.07811e+112  -1.65133e+112  -3.51676e+112  -8.31246e+110  1.16929e+112  1.46799e+111  -1.91972e+111  -3.02701e+110  1.631e+110  2.52096e+109  -6.17966e+108  -8.31041e+107  -1.99184e+107  1.14345e+106  
7.59744e+108  5.2183e+108  -1.9191e+108  1.00555e+109  9.18963e+109  -2.41549e+110  -1.87501e+111  2.19075e+111  1.88025e+112  -6.1219e+111  -9.71074e+112  -2.73451e+112  2.12408e+113  1.72975e+113  4.82928e+111  -2.10119e+112  4.82928e+111  1.72975e+113  2.12408e+113  -2.73451e+112  -9.71074e+112  -6.1219e+111  1.88025e+112  2.19075e+111  -1.87501e+111  -2.41549e+110  9.18963e+109  1.00555e+109  -1.9191e+108  5.2183e+108  7.59744e+108  
3.53175e+109  2.99639e+109  1.39031e+109  2.84036e+109  -1.04224e+110  -1.00813e+111  1.73346e+111  1.66692e+112  -1.09019e+112  -1.41182e+113  -7.44267e+111  5.8151e+113  3.63541e+113  -6.86675e+113  -8.37115e+113  -7.25178e+113  -8.37115e+113  -6.86675e+113  3.63541e+113  5.8151e+113  -7.44267e+111  -1.41182e+113  -1.09019e+112  1.66692e+112  1.73346e+111  -1.00813e+111  -1.04224e+110  2.84036e+109  1.39031e+109  2.99639e+109  3.53175e+109  
-3.77443e+110  -2.88256e+110  -2.06929e+109  -9.8978e+108  -2.94674e+110  7.48302e+110  8.42353e+111  -9.23157e+111  -1.16665e+113  2.7547e+112  8.23892e+113  3.35637e+113  -2.43658e+114  -2.41111e+114  -1.47454e+112  5.54425e+113  -1.47454e+112  -2.41111e+114  -2.43658e+114  3.35637e+113  8.23892e+113  2.7547e+112  -1.16665e+113  -9.23157e+111  8.42353e+111  7.48302e+110  -2.94674e+110  -9.8978e+108  -2.06929e+109  -2.88256e+110  -3.77443e+110  
-6.95515e+110  -5.66235e+110  -1.78392e+110  -8.89398e+109  1.7939e+110  2.38825e+111  -4.13202e+111  -5.59624e+112  3.4683e+112  6.61626e+113  9.22995e+112  -3.75025e+114  -2.88672e+114  6.03605e+114  8.62715e+114  7.716e+114  8.62715e+114  6.03605e+114  -2.88672e+114  -3.75025e+114  9.22995e+112  6.61626e+113  3.4683e+112  -5.59624e+112  -4.13202e+111  2.38825e+111  1.7939e+110  -8.89398e+109  -1.78392e+110  -5.66235e+110  -6.95515e+110  
5.88459e+111  4.61278e+111  7.97357e+110  -4.28626e+109  3.28723e+110  -9.64176e+110  -1.52276e+112  1.77819e+112  3.08593e+113  -6.52888e+112  -3.10267e+114  -1.58645e+114  1.27963e+115  1.49237e+115  -5.0016e+113  -5.61347e+114  -5.0016e+113  1.49237e+115  1.27963e+115  -1.58645e+114  -3.10267e+114  -6.52888e+112  3.08593e+113  1.77819e+112  -1.52276e+112  -9.64176e+110  3.28723e+110  -4.28626e+109  7.97357e+110  4.61278e+111  5.88459e+111  
4.91989e+111  3.76143e+111  2.86054e+110  3.11639e+110  -1.18688e+110  -2.18344e+111  4.44329e+111  8.1737e+112  -5.80505e+112  -1.45766e+114  -2.60165e+113  1.20054e+115  1.09016e+115  -2.74426e+115  -4.49088e+115  -4.18106e+115  -4.49088e+115  -2.74426e+115  1.09016e+115  1.20054e+115  -2.60165e+113  -1.45766e+114  -5.80505e+112  8.1737e+112  4.44329e+111  -2.18344e+111  -1.18688e+110  3.11639e+110  2.86054e+110  3.76143e+111  4.91989e+111  
-4.23821e+112  -3.37692e+112  -7.93057e+111  -8.6192e+109  -1.02226e+110  5.09388e+110  1.13801e+112  -1.71368e+112  -3.84407e+113  1.11851e+113  5.98804e+114  3.50891e+114  -3.65544e+115  -4.93099e+115  5.04555e+114  2.87308e+115  5.04555e+114  -4.93099e+115  -3.65544e+115  3.50891e+114  5.98804e+114  1.11851e+113  -3.84407e+113  -1.71368e+112  1.13801e+112  5.09388e+110  -1.02226e+110  -8.6192e+109  -7.93057e+111  -3.37692e+112  -4.23821e+112  
-1.54794e+112  -9.83403e+111  7.10198e+111  6.18409e+110  1.30194e+109  7.01623e+110  -2.12999e+111  -5.29143e+112  5.50302e+112  1.62482e+114  2.19823e+113  -2.12225e+115  -2.20249e+115  7.322e+115  1.34848e+116  1.3158e+116  1.34848e+116  7.322e+115  -2.20249e+115  -2.12225e+115  2.19823e+113  1.62482e+114  5.50302e+112  -5.29143e+112  -2.12999e+111  7.01623e+110  1.30194e+109  6.18409e+110  7.10198e+111  -9.83403e+111  -1.54794e+112  
1.68612e+113  1.35845e+113  3.75458e+112  -2.02714e+110  -7.81821e+109  -9.17074e+109  -3.19695e+111  7.99174e+111  2.26056e+113  -1.31915e+113  -6.23539e+114  -3.77375e+114  6.15867e+115  9.50008e+115  -2.10099e+115  -8.461e+115  -2.10099e+115  9.50008e+115  6.15867e+115  -3.77375e+114  -6.23539e+114  -1.31915e+113  2.26056e+113  7.99174e+111  -3.19695e+111  -9.17074e+109  -7.81821e+109  -2.02714e+110  3.75458e+112  1.35845e+113  1.68612e+113  
1.84355e+112  1.38437e+111  -4.97691e+112  -1.1568e+112  4.28797e+108  -3.76568e+109  3.71221e+110  1.36415e+112  -2.71669e+112  -9.05519e+113  8.06973e+112  2.1491e+115  2.46672e+115  -1.22111e+116  -2.50444e+116  -2.5766e+116  -2.50444e+116  -1.22111e+116  2.46672e+115  2.1491e+115  8.06973e+112  -9.05519e+113  -2.71669e+112  1.36415e+112  3.71221e+110  -3.76568e+109  4.28797e+108  -1.1568e+112  -4.97691e+112  1.38437e+111  1.84355e+112  
-4.06499e+113  -3.29848e+113  -9.98959e+112  8.97145e+111  2.75456e+111  6.13e+108  2.24351e+110  -1.42513e+111  -5.57603e+112  8.14277e+112  3.43102e+114  1.68308e+114  -6.30185e+115  -1.10674e+116  4.79722e+115  1.53345e+116  4.79722e+115  -1.10674e+116  -6.30185e+115  1.68308e+114  3.43102e+114  8.14277e+112  -5.57603e+112  -1.42513e+111  2.24351e+110  6.13e+108  2.75456e+111  8.97145e+111  -9.98959e+112  -3.29848e+113  -4.06499e+113  
1.59683e+112  4.9951e+112  1.51899e+113  4.56928e+112  -1.50384e+111  -6.60625e+110  -1.13174e+109  -9.33047e+110  5.28403e+111  2.22604e+113  -1.87645e+113  -1.21896e+115  -1.46116e+115  1.30712e+116  2.97889e+116  3.25001e+116  2.97889e+116  1.30712e+116  -1.46116e+115  -1.21896e+115  -1.87645e+113  2.22604e+113  5.28403e+111  -9.33047e+110  -1.13174e+109  -6.60625e+110  -1.50384e+111  4.56928e+112  1.51899e+113  4.9951e+112  1.59683e+112  
6.23703e+113  5.0817e+113  1.61573e+113  -3.91758e+112  -1.43347e+112  2.52285e+110  1.62963e+110  3.96241e+109  3.80342e+111  -1.90757e+112  -8.79749e+113  4.84278e+112  3.85827e+115  7.7482e+115  -6.56527e+115  -1.76637e+116  -6.56527e+115  7.7482e+115  3.85827e+115  4.84278e+112  -8.79749e+113  -1.90757e+112  3.80342e+111  3.96241e+109  1.62963e+110  2.52285e+110  -1.43347e+112  -3.91758e+112  1.61573e+113  5.0817e+113  6.23703e+113  
-7.83858e+112  -1.24272e+113  -2.61932e+113  -9.16632e+112  8.56547e+111  4.02427e+111  -4.04729e+109  -4.17094e+109  -1.59027e+110  -1.5779e+112  6.64472e+112  3.45306e+114  3.49473e+114  -8.97345e+115  -2.29311e+116  -2.66953e+116  -2.29311e+116  -8.97345e+115  3.49473e+114  3.45306e+114  6.64472e+112  -1.5779e+112  -1.59027e+110  -4.17094e+109  -4.04729e+109  4.02427e+111  8.56547e+111  -9.16632e+112  -2.61932e+113  -1.24272e+113  -7.83858e+112  
-6.22322e+113  -5.08012e+113  -1.65081e+113  7.83661e+112  3.30632e+112  -1.74474e+111  -1.07509e+111  5.36562e+108  1.53409e+109  6.71827e+110  6.84703e+112  -2.07945e+113  -1.30159e+115  -3.04363e+115  5.54858e+115  1.30228e+116  5.54858e+115  -3.04363e+115  -1.30159e+115  -2.07945e+113  6.84703e+112  6.71827e+110  1.53409e+109  5.36562e+108  -1.07509e+111  -1.74474e+111  3.30632e+112  7.83661e+112  -1.65081e+113  -5.08012e+113  -6.22322e+113  
1.06815e+113  1.48858e+113  2.7499e+113  1.07954e+113  -1.9035e+112  -1.00106e+112  3.31269e+110  2.7621e+110  -5.11831e+107  -1.20153e+109  -2.98347e+111  -3.25316e+113  3.20855e+113  3.84042e+115  1.1299e+116  1.41383e+116  1.1299e+116  3.84042e+115  3.20855e+113  -3.25316e+113  -2.98347e+111  -1.20153e+109  -5.11831e+107  2.7621e+110  3.31269e+110  -1.00106e+112  -1.9035e+112  1.07954e+113  2.7499e+113  1.48858e+113  1.06815e+113  
4.03786e+113  3.29832e+113  1.07968e+113  -8.66006e+112  -4.14675e+112  4.0931e+111  2.73977e+111  -5.56835e+109  -7.22923e+109  -3.08554e+109  6.21279e+110  1.49756e+112  1.76544e+114  5.07349e+114  -2.88106e+115  -6.04587e+115  -2.88106e+115  5.07349e+114  1.76544e+114  1.49756e+112  6.21279e+110  -3.08554e+109  -7.22923e+109  -5.56835e+109  2.73977e+111  4.0931e+111  -4.14675e+112  -8.66006e+112  1.07968e+113  3.29832e+113  4.03786e+113  
-7.62494e+112  -1.01883e+113  -1.78784e+113  -7.78687e+112  2.14024e+112  1.27258e+112  -7.83532e+110  -6.89304e+110  1.78237e+109  -1.18989e+110  -2.59042e+110  4.57527e+111  -1.73804e+113  -9.58272e+114  -3.44012e+115  -4.6702e+115  -3.44012e+115  -9.58272e+114  -1.73804e+113  4.57527e+111  -2.59042e+110  -1.18989e+110  1.78237e+109  -6.89304e+110  -7.83532e+110  1.27258e+112  2.14024e+112  -7.78687e+112  -1.78784e+113  -1.01883e+113  -7.62494e+112  
-1.66681e+113  -1.36232e+113  -4.48836e+112  5.53643e+112  3.00259e+112  -4.47802e+111  -3.38015e+111  1.24226e+110  1.90527e+110  2.02779e+110  -2.12607e+111  -3.87487e+111  1.37245e+113  4.13768e+113  8.84375e+114  1.69061e+115  8.84375e+114  4.13768e+113  1.37245e+113  -3.87487e+111  -2.12607e+111  2.02779e+110  1.90527e+110  1.24226e+110  -3.38015e+111  -4.47802e+111  3.00259e+112  5.53643e+112  -4.48836e+112  -1.36232e+113  -1.66681e+113  
3.06883e+112  4.06539e+112  7.05507e+112  3.42159e+112  -1.29738e+112  -8.81924e+111  7.92852e+110  7.87931e+110  -6.69871e+109  2.82128e+110  1.83085e+111  -1.6035e+112  -5.25401e+112  1.20523e+114  6.03486e+114  9.00313e+114  6.03486e+114  1.20523e+114  -5.25401e+112  -1.6035e+112  1.83085e+111  2.82128e+110  -6.69871e+109  7.87931e+110  7.92852e+110  -8.81924e+111  -1.29738e+112  3.42159e+112  7.05507e+112  4.06539e+112  3.06883e+112  
4.16381e+112  3.41051e+112  1.15063e+112  -2.01294e+112  -1.24692e+112  2.45038e+111  2.14507e+111  -1.03379e+110  -1.90847e+110  -3.12638e+110  1.40018e+111  8.31452e+111  -5.23541e+112  -2.59313e+113  -1.47381e+114  -2.60755e+114  -1.47381e+114  -2.59313e+113  -5.23541e+112  8.31452e+111  1.40018e+111  -3.12638e+110  -1.90847e+110  -1.03379e+110  2.14507e+111  2.45038e+111  -1.24692e+112  -2.01294e+112  1.15063e+112  3.41051e+112  4.16381e+112  
-6.74387e+111  -9.0345e+111  -1.59064e+112  -8.72015e+111  4.14772e+111  3.28387e+111  -3.66929e+110  -4.38359e+110  4.4367e+109  -5.12454e+109  -9.59539e+110  2.88016e+111  2.0311e+112  -4.9449e+112  -5.34743e+113  -8.93291e+113  -5.34743e+113  -4.9449e+112  2.0311e+112  2.88016e+111  -9.59539e+110  -5.12454e+109  4.4367e+109  -4.38359e+110  -3.66929e+110  3.28387e+111  4.14772e+111  -8.72015e+111  -1.59064e+112  -9.0345e+111  -6.74387e+111  
-5.72053e+111  -4.7148e+111  -1.69761e+111  3.85652e+111  2.78043e+111  -6.45671e+110  -6.79991e+110  3.65545e+109  7.60519e+109  7.70589e+109  -1.04946e+110  -1.60339e+111  2.20662e+111  2.69655e+112  1.11964e+113  1.86253e+113  1.11964e+113  2.69655e+112  2.20662e+111  -1.60339e+111  -1.04946e+110  7.70589e+109  7.60519e+109  3.65545e+109  -6.79991e+110  -6.45671e+110  2.78043e+111  3.85652e+111  -1.69761e+111  -4.7148e+111  -5.72053e+111  
7.19764e+110  9.91656e+110  1.80733e+111  1.15011e+111  -6.30346e+110  -6.00491e+110  7.20465e+109  1.12368e+110  -5.10561e+108  -1.14029e+109  9.03747e+109  -2.82791e+109  -1.45059e+111  -1.09196e+111  1.81757e+112  3.50421e+112  1.81757e+112  -1.09196e+111  -1.45059e+111  -2.82791e+109  9.03747e+109  -1.14029e+109  -5.10561e+108  1.12368e+110  7.20465e+109  -6.00491e+110  -6.30346e+110  1.15011e+111  1.80733e+111  9.91656e+110  7.19764e+110  
3.57663e+110  2.99057e+110  1.23239e+110  -3.27523e+110  -2.84597e+110  7.03598e+109  9.54043e+109  -4.42877e+108  -1.43913e+109  -2.81137e+108  -1.69493e+108  5.30761e+109  4.44765e+109  -6.45311e+110  -2.5332e+111  -4.04761e+111  -2.5332e+111  -6.45311e+110  4.44765e+109  5.30761e+109  -1.69493e+108  -2.81137e+108  -1.43913e+109  -4.42877e+108  9.54043e+109  7.03598e+109  -2.84597e+110  -3.27523e+110  1.23239e+110  2.99057e+110  3.57663e+110  
-2.81818e+109  -4.08253e+109  -7.87557e+109  -6.09099e+109  3.54179e+109  4.34815e+109  -4.64479e+108  -1.13076e+109  -1.40986e+107  1.53207e+108  -4.96843e+107  -1.50268e+108  1.18389e+109  2.88165e+109  -1.02964e+110  -2.43659e+110  -1.02964e+110  2.88165e+109  1.18389e+109  -1.50268e+108  -4.96843e+107  1.53207e+108  -1.40986e+107  -1.13076e+109  -4.64479e+108  4.34815e+109  3.54179e+109  -6.09099e+109  -7.87557e+109  -4.08253e+109  -2.81818e+109  
-6.38586e+108  -5.51462e+108  -2.90092e+108  8.04615e+108  9.18325e+108  -2.12898e+108  -4.48286e+108  3.21783e+106  1.04482e+108  7.08857e+106  -1.45119e+107  4.32789e+106  5.30543e+106  4.44785e+105  6.20355e+107  1.30993e+108  6.20355e+107  4.44785e+105  5.30543e+106  4.32789e+106  -1.45119e+107  7.08857e+106  1.04482e+108  3.21783e+106  -4.48286e+108  -2.12898e+108  9.18325e+108  8.04615e+108  -2.90092e+108  -5.51462e+108  -6.38586e+108  
0  0  0  0  0  0  0  0  0  0  0  0  0  0  0  0  0  0  0  0  0  0  0  0  0  0  0  0  0  0  0  
