1  1  1  1  1  1  1  1  1  1  1  1  1  1  1  1  1  1  1  1  1  1  1  1  1  1  1  1  1  1  1  
6.70509e+148  -5.36816e+148  -4.15879e+149  2.64965e+150  1.38491e+151  -3.68987e+151  -1.77609e+152  2.14537e+152  1.15459e+153  -4.63446e+152  -4.0149e+153  -6.58338e+152  6.13025e+153  3.98335e+153  2.43923e+152  -6.17663e+151  2.43923e+152  3.98335e+153  6.13025e+153  -6.58338e+152  -4.0149e+153  -4.63446e+152  1.15459e+153  2.14537e+152  -1.77609e+152  -3.68987e+151  1.38491e+151  2.64965e+150  -4.15879e+149  -5.36816e+148  6.70509e+148  
-3.47651e+149  -6.11662e+148  7.98288e+149  6.98661e+150  -2.68665e+151  -1.83234e+152  3.17538e+152  2.14541e+153  -1.4781e+153  -1.29936e+154  2.81495e+152  3.87756e+154  1.94637e+154  -3.31916e+154  -3.41842e+154  -2.9045e+154  -3.41842e+154  -3.31916e+154  1.94637e+154  3.87756e+154  2.81495e+152  -1.29936e+154  -1.4781e+153  2.14541e+153  3.17538e+152  -1.83234e+152  -2.68665e+151  6.98661e+150  7.98288e+149  -6.11662e+148  -3.47651e+149  
-1.47845e+150  -6.37528e+149  1.88525e+150  -1.11742e+151  -1.03308e+152  2.54246e+152  2.09766e+153  -2.24049e+153  -2.09317e+154  5.44694e+153  1.07445e+155  3.49454e+154  -2.32429e+155  -1.96158e+155  -1.06615e+154  1.86971e+154  -1.06615e+154  -1.96158e+155  -2.32429e+155  3.49454e+154  1.07445e+155  5.44694e+153  -2.09317e+154  -2.24049e+153  2.09766e+153  2.54246e+152  -1.03308e+152  -1.11742e+151  1.88525e+150  -6.37528e+149  -1.47845e+150  
2.84391e+149  -6.61174e+149  -3.49787e+150  -3.09496e+151  1.0915e+152  1.12885e+153  -1.79052e+153  -1.85852e+154  1.05636e+154  1.56614e+155  1.72707e+154  -6.40241e+155  -4.2517e+155  7.39028e+155  9.2579e+155  8.05893e+155  9.2579e+155  7.39028e+155  -4.2517e+155  -6.40241e+155  1.72707e+154  1.56614e+155  1.05636e+154  -1.85852e+154  -1.79052e+153  1.12885e+153  1.0915e+152  -3.09496e+151  -3.49787e+150  -6.61174e+149  2.84391e+149  
5.11345e+151  3.85742e+151  8.93132e+149  2.34162e+151  3.32376e+152  -7.79048e+152  -9.40421e+153  9.24469e+153  1.29683e+155  -2.08418e+154  -9.10574e+155  -4.17691e+155  2.66346e+156  2.73128e+156  1.00617e+155  -5.3929e+155  1.00617e+155  2.73128e+156  2.66346e+156  -4.17691e+155  -9.10574e+155  -2.08418e+154  1.29683e+155  9.24469e+153  -9.40421e+153  -7.79048e+152  3.32376e+152  2.34162e+151  8.93132e+149  3.85742e+151  5.11345e+151  
-7.97192e+150  -2.70604e+150  1.30916e+151  5.68563e+151  -1.79276e+152  -2.66769e+153  4.21153e+153  6.23152e+154  -3.24193e+154  -7.33293e+155  -1.51882e+155  4.12625e+156  3.36662e+156  -6.4921e+156  -9.54705e+156  -8.59225e+156  -9.54705e+156  -6.4921e+156  3.36662e+156  4.12625e+156  -1.51882e+155  -7.33293e+155  -3.24193e+154  6.23152e+154  4.21153e+153  -2.66769e+153  -1.79276e+152  5.68563e+151  1.30916e+151  -2.70604e+150  -7.97192e+150  
-7.40302e+152  -5.8058e+152  -1.01415e+152  -1.96061e+151  -3.91327e+152  9.96687e+152  1.69827e+154  -1.75462e+154  -3.42797e+155  4.17345e+154  3.4277e+156  1.96181e+156  -1.39843e+157  -1.69052e+157  -5.02917e+154  5.66036e+156  -5.02917e+154  -1.69052e+157  -1.39843e+157  1.96181e+156  3.4277e+156  4.17345e+154  -3.42797e+155  -1.75462e+154  1.69827e+154  9.96687e+152  -3.91327e+152  -1.96061e+151  -1.01415e+152  -5.8058e+152  -7.40302e+152  
3.12896e+152  2.61377e+152  1.0682e+152  -5.91088e+151  1.10332e+152  2.43233e+153  -4.4962e+153  -9.09739e+154  5.34859e+154  1.61526e+156  4.20512e+155  -1.32093e+157  -1.27212e+157  2.95334e+157  4.97393e+157  4.66486e+157  4.97393e+157  2.95334e+157  -1.27212e+157  -1.32093e+157  4.20512e+155  1.61526e+156  5.34859e+154  -9.09739e+154  -4.4962e+153  2.43233e+153  1.10332e+152  -5.91088e+151  1.0682e+152  2.61377e+152  3.12896e+152  
5.06958e+153  4.00117e+153  7.95937e+152  2.69719e+151  1.4997e+152  -5.24577e+152  -1.2689e+154  1.68826e+154  4.27034e+155  -7.61335e+154  -6.61699e+156  -4.36958e+156  3.99686e+157  5.59126e+157  -3.22341e+156  -2.9541e+157  -3.22341e+156  5.59126e+157  3.99686e+157  -4.36958e+156  -6.61699e+156  -7.61335e+154  4.27034e+155  1.68826e+154  -1.2689e+154  -5.24577e+152  1.4997e+152  2.69719e+151  7.95937e+152  4.00117e+153  5.06958e+153  
-2.78075e+153  -2.50834e+153  -1.69112e+153  -7.54737e+151  -2.05503e+151  -7.81199e+152  2.15994e+153  5.89117e+154  -5.16384e+154  -1.80137e+156  -4.30911e+155  2.33668e+157  2.58061e+157  -7.89338e+157  -1.49514e+158  -1.47075e+158  -1.49514e+158  -7.89338e+157  2.58061e+157  2.33668e+157  -4.30911e+155  -1.80137e+156  -5.16384e+154  5.89117e+154  2.15994e+153  -7.81199e+152  -2.05503e+151  -7.54737e+151  -1.69112e+153  -2.50834e+153  -2.78075e+153  
-1.92546e+154  -1.51918e+154  -3.00336e+153  2.13242e+152  -3.30361e+150  9.47046e+151  3.56669e+153  -7.97224e+153  -2.51315e+155  1.08152e+155  6.89664e+156  4.82663e+156  -6.74248e+157  -1.07955e+158  1.77088e+157  8.80688e+157  1.77088e+157  -1.07955e+158  -6.74248e+157  4.82663e+156  6.89664e+156  1.08152e+155  -2.51315e+155  -7.97224e+153  3.56669e+153  9.47046e+151  -3.30361e+150  2.13242e+152  -3.00336e+153  -1.51918e+154  -1.92546e+154  
1.16959e+154  1.09271e+154  8.62089e+153  1.12666e+153  -3.59243e+151  5.85887e+151  -3.80394e+152  -1.52042e+154  2.64442e+154  1.00511e+156  5.38803e+154  -2.36953e+157  -2.91778e+157  1.31998e+158  2.78056e+158  2.88507e+158  2.78056e+158  1.31998e+158  -2.91778e+157  -2.36953e+157  5.38803e+154  1.00511e+156  2.64442e+154  -1.52042e+154  -3.80394e+152  5.85887e+151  -3.59243e+151  1.12666e+153  8.62089e+153  1.09271e+154  1.16959e+154  
4.44069e+154  3.48509e+154  6.18281e+153  -2.22864e+153  -2.8258e+152  4.78163e+150  -2.54434e+152  1.45056e+153  6.20872e+154  -7.57287e+154  -3.80113e+156  -2.35931e+156  6.91338e+157  1.26246e+158  -4.48695e+157  -1.60972e+158  -4.48695e+157  1.26246e+158  6.91338e+157  -2.35931e+156  -3.80113e+156  -7.57287e+154  6.20872e+154  1.45056e+153  -2.54434e+152  4.78163e+150  -2.8258e+152  -2.22864e+153  6.18281e+153  3.48509e+154  4.44069e+154  
-2.79586e+154  -2.6747e+154  -2.31124e+154  -3.90858e+153  5.14672e+152  6.96334e+151  8.49663e+150  1.04293e+153  -5.3333e+153  -2.47589e+155  1.52423e+155  1.34692e+157  1.76665e+157  -1.41805e+158  -3.31279e+158  -3.64529e+158  -3.31279e+158  -1.41805e+158  1.76665e+157  1.34692e+157  1.52423e+155  -2.47589e+155  -5.3333e+153  1.04293e+153  8.49663e+150  6.96334e+151  5.14672e+152  -3.90858e+153  -2.31124e+154  -2.6747e+154  -2.79586e+154  
-6.52819e+154  -5.07155e+154  -7.01652e+153  7.67606e+153  1.34785e+153  -1.19703e+152  -1.77002e+151  -4.0249e+151  -4.24612e+153  1.90259e+154  9.77152e+155  1.50465e+155  -4.24506e+157  -8.89863e+157  6.47847e+157  1.86587e+158  6.47847e+157  -8.89863e+157  -4.24506e+157  1.50465e+155  9.77152e+155  1.90259e+154  -4.24612e+153  -4.0249e+151  -1.77002e+151  -1.19703e+152  1.34785e+153  7.67606e+153  -7.01652e+153  -5.07155e+154  -6.52819e+154  
4.09065e+154  3.99076e+154  3.69112e+154  6.97349e+153  -2.09584e+153  -3.97106e+152  2.82378e+151  5.62274e+150  1.64962e+152  1.76065e+154  -6.49455e+154  -3.82788e+156  -4.56017e+156  9.77838e+157  2.55531e+158  2.99919e+158  2.55531e+158  9.77838e+157  -4.56017e+156  -3.82788e+156  -6.49455e+154  1.76065e+154  1.64962e+152  5.62274e+150  2.82378e+151  -3.97106e+152  -2.09584e+153  6.97349e+153  3.69112e+154  3.99076e+154  4.09065e+154  
6.25019e+154  4.78359e+154  3.83792e+153  -1.37174e+154  -2.89198e+153  5.32411e+152  1.09476e+152  -6.58092e+150  -6.98345e+150  -6.98017e+152  -7.6355e+154  1.93513e+155  1.43802e+157  3.54518e+157  -5.65392e+157  -1.38236e+158  -5.65392e+157  3.54518e+157  1.43802e+157  1.93513e+155  -7.6355e+154  -6.98017e+152  -6.98345e+150  -6.58092e+150  1.09476e+152  5.32411e+152  -2.89198e+153  -1.37174e+154  3.83792e+153  4.78359e+154  6.25019e+154  
-3.76894e+154  -3.74593e+154  -3.67688e+154  -7.34596e+153  4.02289e+153  9.38577e+152  -1.2937e+152  -2.88115e+151  1.75824e+150  1.10012e+151  3.10387e+153  3.62458e+155  -1.94993e+155  -4.20802e+157  -1.26222e+158  -1.59105e+158  -1.26222e+158  -4.20802e+157  -1.94993e+155  3.62458e+155  3.10387e+153  1.10012e+151  1.75824e+150  -2.88115e+151  -1.2937e+152  9.38577e+152  4.02289e+153  -7.34596e+153  -3.67688e+154  -3.74593e+154  -3.76894e+154  
-3.89804e+154  -2.92571e+154  -8.69532e+151  1.41917e+154  3.41771e+153  -1.04529e+153  -2.68709e+152  2.97629e+151  1.2332e+151  3.19752e+151  -6.92547e+152  -1.54771e+154  -1.9645e+156  -6.2009e+156  2.99857e+157  6.44309e+157  2.99857e+157  -6.2009e+156  -1.9645e+156  -1.54771e+154  -6.92547e+152  3.19752e+151  1.2332e+151  2.97629e+151  -2.68709e+152  -1.04529e+153  3.41771e+153  1.41917e+154  -8.69532e+151  -2.92571e+154  -3.89804e+154  
2.1836e+154  2.21312e+154  2.30169e+154  4.78414e+153  -4.18225e+153  -1.14881e+153  2.4829e+152  6.88761e+151  -1.77718e+151  1.49354e+152  2.57622e+152  -4.98365e+153  1.85514e+155  1.05778e+157  3.85481e+157  5.2644e+157  3.85481e+157  1.05778e+157  1.85514e+155  -4.98365e+153  2.57622e+152  1.49354e+152  -1.77718e+151  6.88761e+151  2.4829e+152  -1.14881e+153  -4.18225e+153  4.78414e+153  2.30169e+154  2.21312e+154  2.1836e+154  
1.55034e+154  1.13659e+154  -1.04669e+153  -8.71484e+153  -2.36703e+153  1.04865e+153  3.23762e+152  -5.00991e+151  -5.19778e+151  -2.15657e+152  2.37975e+153  3.83626e+153  -1.51774e+155  -3.50882e+155  -9.34272e+156  -1.80771e+157  -9.34272e+156  -3.50882e+155  -1.51774e+155  3.83626e+153  2.37975e+153  -2.15657e+152  -5.19778e+151  -5.00991e+151  3.23762e+152  1.04865e+153  -2.36703e+153  -8.71484e+153  -1.04669e+153  1.13659e+154  1.55034e+154  
-7.72155e+153  -8.00154e+153  -8.84149e+153  -1.93625e+153  2.43192e+153  7.77718e+152  -2.30975e+152  -7.42219e+151  6.63944e+151  -3.54476e+152  -1.9612e+153  1.80116e+154  5.46615e+154  -1.34696e+156  -6.78868e+156  -1.01661e+157  -6.78868e+156  -1.34696e+156  5.46615e+154  1.80116e+154  -1.9612e+153  -3.54476e+152  6.63944e+151  -7.42219e+151  -2.30975e+152  7.77718e+152  2.43192e+153  -1.93625e+153  -8.84149e+153  -8.00154e+153  -7.72155e+153  
-3.74415e+153  -2.67434e+153  5.35105e+152  3.09854e+153  9.57978e+152  -5.53396e+152  -2.03511e+152  3.53623e+151  4.95198e+151  3.3882e+152  -1.59053e+153  -8.95253e+153  5.91348e+154  2.78421e+155  1.57427e+156  2.79628e+156  1.57427e+156  2.78421e+155  5.91348e+154  -8.95253e+153  -1.59053e+153  3.3882e+152  4.95198e+151  3.53623e+151  -2.03511e+152  -5.53396e+152  9.57978e+152  3.09854e+153  5.35105e+152  -2.67434e+153  -3.74415e+153  
1.55839e+153  1.65862e+153  1.95928e+153  4.70772e+152  -7.65659e+152  -2.87548e+152  1.05765e+152  4.26658e+151  -4.49113e+151  9.06819e+151  1.04764e+153  -3.31437e+153  -2.20679e+154  5.75016e+154  6.04604e+155  1.01053e+156  6.04604e+155  5.75016e+154  -2.20679e+154  -3.31437e+153  1.04764e+153  9.06819e+151  -4.49113e+151  4.26658e+151  1.05765e+152  -2.87548e+152  -7.65659e+152  4.70772e+152  1.95928e+153  1.65862e+153  1.55839e+153  
4.99719e+152  3.4791e+152  -1.07518e+152  -5.89491e+152  -2.12915e+152  1.46367e+152  6.46655e+151  -1.38813e+151  -9.49716e+150  -8.37059e+151  1.22491e+152  1.75828e+153  -2.62909e+153  -2.97588e+154  -1.20624e+155  -2.00261e+155  -1.20624e+155  -2.97588e+154  -2.62909e+153  1.75828e+153  1.22491e+152  -8.37059e+151  -9.49716e+150  -1.38813e+151  6.46655e+151  1.46367e+152  -2.12915e+152  -5.89491e+152  -1.07518e+152  3.4791e+152  4.99719e+152  
-1.57302e+152  -1.73214e+152  -2.20951e+152  -6.22421e+151  1.17437e+152  5.31638e+151  -2.19529e+151  -1.15541e+151  5.84244e+150  1.76133e+150  -1.00303e+152  4.25474e+151  1.6033e+153  1.05947e+153  -2.06948e+154  -3.97213e+154  -2.06948e+154  1.05947e+153  1.6033e+153  4.25474e+151  -1.00303e+152  1.76133e+150  5.84244e+150  -1.15541e+151  -2.19529e+151  5.31638e+151  1.17437e+152  -6.22421e+151  -2.20951e+152  -1.73214e+152  -1.57302e+152  
-3.0564e+151  -2.0868e+151  8.22006e+150  5.05202e+151  2.22818e+151  -1.67717e+151  -9.27071e+150  2.44087e+150  1.37697e+150  2.58861e+150  2.62957e+150  -5.89306e+151  -4.36867e+151  7.22758e+152  2.74807e+153  4.36294e+153  2.74807e+153  7.22758e+152  -4.36867e+151  -5.89306e+151  2.62957e+150  2.58861e+150  1.37697e+150  2.44087e+150  -9.27071e+150  -1.67717e+151  2.22818e+151  5.05202e+151  8.22006e+150  -2.0868e+151  -3.0564e+151  
5.96569e+150  6.89026e+150  9.66397e+150  3.49837e+150  -6.87397e+150  -3.97213e+150  1.70324e+150  1.18463e+150  -2.01376e+149  -2.30298e+149  6.64773e+149  1.485e+150  -1.32756e+151  -3.07867e+151  1.18481e+152  2.76854e+152  1.18481e+152  -3.07867e+151  -1.32756e+151  1.485e+150  6.64773e+149  -2.30298e+149  -2.01376e+149  1.18463e+150  1.70324e+150  -3.97213e+150  -6.87397e+150  3.49837e+150  9.66397e+150  6.89026e+150  5.96569e+150  
5.40304e+149  3.68123e+149  -1.48422e+149  -1.28129e+150  -7.57406e+149  5.84773e+149  4.55145e+149  -1.19107e+149  -1.19982e+149  1.93098e+148  3.4739e+148  -6.38449e+148  -4.95602e+148  -5.01153e+147  -6.77285e+149  -1.41646e+150  -6.77285e+149  -5.01153e+147  -4.95602e+148  -6.38449e+148  3.4739e+148  1.93098e+148  -1.19982e+149  -1.19107e+149  4.55145e+149  5.84773e+149  -7.57406e+149  -1.28129e+150  -1.48422e+149  3.68123e+149  5.40304e+149  
0  0  0  0  0  0  0  0  0  0  0  0  0  0  0  0  0  0  0  0  0  0  0  0  0  0  0  0  0  0  0  
