1  1  1  1  1  1  1  1  1  1  1  1  1  1  1  1  1  1  1  1  1  1  1  1  1  1  1  1  1  1  1  
2.22033e+163  9.177e+161  -6.2939e+163  -1.16012e+164  1.71072e+165  3.03206e+165  -1.79252e+166  -3.31124e+166  9.22489e+166  1.86816e+167  -2.25837e+167  -5.44224e+167  1.03169e+167  5.69137e+167  3.46253e+167  2.77728e+167  3.46253e+167  5.69137e+167  1.03169e+167  -5.44224e+167  -2.25837e+167  1.86816e+167  9.22489e+166  -3.31124e+166  -1.79252e+166  3.03206e+165  1.71072e+165  -1.16012e+164  -6.2939e+163  9.177e+161  2.22033e+163  
-3.07415e+162  -1.2364e+163  -4.02337e+163  8.4146e+164  2.25769e+165  -1.86511e+166  -4.53941e+166  1.7946e+167  4.39799e+167  -8.30641e+167  -2.22189e+168  1.41761e+168  5.12764e+168  1.41361e+168  -1.55863e+168  -1.64511e+168  -1.55863e+168  1.41361e+168  5.12764e+168  1.41761e+168  -2.22189e+168  -8.30641e+167  4.39799e+167  1.7946e+167  -4.53941e+166  -1.86511e+166  2.25769e+165  8.4146e+164  -4.02337e+163  -1.2364e+163  -3.07415e+162  
-1.13508e+164  -2.83846e+163  2.26986e+164  9.07523e+164  -1.07219e+166  -3.32899e+166  1.83178e+167  5.33274e+167  -1.46919e+168  -4.38111e+168  5.2478e+168  1.81318e+169  -2.27468e+168  -2.62824e+169  -1.91489e+169  -1.50305e+169  -1.91489e+169  -2.62824e+169  -2.27468e+168  1.81318e+169  5.2478e+168  -4.38111e+168  -1.46919e+168  5.33274e+167  1.83178e+167  -3.32899e+166  -1.07219e+166  9.07523e+164  2.26986e+164  -2.83846e+163  -1.13508e+164  
3.59072e+164  3.18143e+164  1.95358e+164  -3.24589e+165  -1.3276e+166  1.02255e+167  3.58936e+167  -1.40284e+168  -4.73448e+168  9.05516e+168  3.24938e+169  -2.01469e+169  -1.01072e+170  -3.65867e+169  4.3666e+169  5.167e+169  4.3666e+169  -3.65867e+169  -1.01072e+170  -2.01469e+169  3.24938e+169  9.05516e+168  -4.73448e+168  -1.40284e+168  3.58936e+167  1.02255e+167  -1.3276e+166  -3.24589e+165  1.95358e+164  3.18143e+164  3.59072e+164  
1.16207e+165  8.30834e+164  -1.62873e+164  -2.73936e+165  3.10676e+166  1.36124e+167  -7.53055e+167  -2.94508e+168  8.42836e+168  3.27414e+169  -4.08741e+169  -1.82658e+170  1.61695e+169  3.55794e+170  3.00208e+170  2.33421e+170  3.00208e+170  3.55794e+170  1.61695e+169  -1.82658e+170  -4.08741e+169  3.27414e+169  8.42836e+168  -2.94508e+168  -7.53055e+167  1.36124e+167  3.10676e+166  -2.73936e+165  -1.62873e+164  8.30834e+164  1.16207e+165  
-9.89421e+165  -7.75554e+165  -1.33953e+165  5.00642e+165  2.80739e+166  -2.24309e+167  -1.05518e+168  4.42762e+168  1.92793e+169  -4.01298e+169  -1.81704e+170  1.20103e+170  7.68958e+170  3.36313e+170  -4.71432e+170  -6.11673e+170  -4.71432e+170  3.36313e+170  7.68958e+170  1.20103e+170  -1.81704e+170  -4.01298e+169  1.92793e+169  4.42762e+168  -1.05518e+168  -2.24309e+167  2.80739e+166  5.00642e+165  -1.33953e+165  -7.75554e+165  -9.89421e+165  
-1.05957e+166  -8.34669e+165  -1.59951e+165  1.9854e+165  -3.44427e+166  -2.08006e+167  1.29658e+168  6.59999e+168  -2.14788e+169  -1.04814e+170  1.48937e+170  8.19039e+170  -7.25067e+169  -2.20137e+171  -2.11709e+171  -1.65256e+171  -2.11709e+171  -2.20137e+171  -7.25067e+169  8.19039e+170  1.48937e+170  -1.04814e+170  -2.14788e+169  6.59999e+168  1.29658e+168  -2.08006e+167  -3.44427e+166  1.9854e+165  -1.59951e+165  -8.34669e+165  -1.05957e+166  
1.01667e+167  8.04057e+166  1.66202e+166  -2.48233e+165  -2.03937e+166  1.97015e+167  1.2498e+168  -6.31903e+168  -3.50237e+169  8.73649e+169  4.85185e+170  -3.85283e+170  -2.92958e+171  -1.4675e+171  2.60283e+171  3.6333e+171  2.60283e+171  -1.4675e+171  -2.92958e+171  -3.85283e+170  4.85185e+170  8.73649e+169  -3.50237e+169  -6.31903e+168  1.2498e+168  1.97015e+167  -2.03937e+166  -2.48233e+165  1.66202e+166  8.04057e+166  1.01667e+167  
4.50861e+166  3.13961e+166  -9.674e+165  8.56745e+164  1.3078e+166  1.16381e+167  -9.58449e+167  -6.45661e+168  2.68252e+169  1.63102e+170  -2.93303e+170  -1.91971e+171  2.80376e+170  7.47085e+171  8.10664e+171  6.43317e+171  8.10664e+171  7.47085e+171  2.80376e+170  -1.91971e+171  -2.93303e+170  1.63102e+170  2.68252e+169  -6.45661e+168  -9.58449e+167  1.16381e+167  1.3078e+166  8.56745e+164  -9.674e+165  3.13961e+166  4.50861e+166  
-5.33233e+167  -4.26783e+167  -1.07433e+167  -8.89774e+164  4.12378e+165  -6.32817e+166  -5.83471e+167  4.15302e+168  2.98796e+169  -1.00506e+170  -6.78474e+170  7.38352e+170  6.29217e+171  3.4344e+171  -8.38849e+171  -1.2391e+172  -8.38849e+171  3.4344e+171  6.29217e+171  7.38352e+170  -6.78474e+170  -1.00506e+170  2.98796e+169  4.15302e+168  -5.83471e+167  -6.32817e+166  4.12378e+165  -8.89774e+164  -1.07433e+167  -4.26783e+167  -5.33233e+167  
-7.09047e+166  -1.90285e+166  1.366e+167  2.26792e+166  -1.13039e+165  -1.97189e+166  2.76689e+167  2.65909e+168  -1.64531e+169  -1.27144e+170  3.27847e+170  2.51651e+171  -7.76992e+170  -1.52209e+172  -1.8533e+172  -1.51346e+172  -1.8533e+172  -1.52209e+172  -7.76992e+170  2.51651e+171  3.27847e+170  -1.27144e+170  -1.64531e+169  2.65909e+168  2.76689e+167  -1.97189e+166  -1.13039e+165  2.26792e+166  1.366e+167  -1.90285e+166  -7.09047e+166  
1.62998e+168  1.31486e+168  3.69513e+167  -1.81983e+166  -4.37214e+165  5.0781e+165  8.77327e+166  -1.12943e+168  -1.13708e+169  6.02795e+169  5.04121e+170  -8.64596e+170  -8.02618e+171  -4.45577e+171  1.69086e+172  2.60619e+172  1.69086e+172  -4.45577e+171  -8.02618e+171  -8.64596e+170  5.04121e+170  6.02795e+169  -1.13708e+169  -1.12943e+168  8.77327e+166  5.0781e+165  -4.37214e+165  -1.81983e+166  3.69513e+167  1.31486e+168  1.62998e+168  
-6.7954e+166  -1.95465e+167  -5.78e+167  -1.46665e+167  2.63619e+165  1.35034e+165  -2.10724e+166  -3.71514e+167  4.40114e+168  4.6628e+169  -2.02648e+170  -1.85628e+171  1.29747e+171  1.94416e+172  2.65657e+172  2.2606e+172  2.65657e+172  1.94416e+172  1.29747e+171  -1.85628e+171  -2.02648e+170  4.6628e+169  4.40114e+168  -3.71514e+167  -2.10724e+166  1.35034e+165  2.63619e+165  -1.46665e+167  -5.78e+167  -1.95465e+167  -6.7954e+166  
-3.10808e+168  -2.51809e+168  -7.48138e+167  1.36156e+167  4.13281e+166  -4.11615e+164  -2.00921e+165  8.47968e+166  1.53738e+168  -1.66023e+169  -1.85906e+170  5.9462e+170  6.11497e+171  2.96144e+171  -2.20579e+172  -3.50708e+172  -2.20579e+172  2.96144e+171  6.11497e+171  5.9462e+170  -1.85906e+170  -1.66023e+169  1.53738e+168  8.47968e+166  -2.00921e+165  -4.11615e+164  4.13281e+166  1.36156e+167  -7.48138e+167  -2.51809e+168  -3.10808e+168  
4.42817e+167  6.54345e+167  1.28893e+168  3.9649e+167  -2.82789e+166  -1.08928e+166  4.1926e+163  7.30319e+165  -3.39022e+167  -6.35853e+168  6.08477e+169  7.22088e+170  -1.23422e+171  -1.57502e+172  -2.43584e+172  -2.19024e+172  -2.43584e+172  -1.57502e+172  -1.23422e+171  7.22088e+170  6.08477e+169  -6.35853e+168  -3.39022e+167  7.30319e+165  4.1926e+163  -1.08928e+166  -2.82789e+166  3.9649e+167  1.28893e+168  6.54345e+167  4.42817e+167  
3.82498e+168  3.10393e+168  9.40798e+167  -3.76073e+167  -1.36237e+167  5.71786e+165  2.82286e+165  1.05365e+164  -2.95327e+166  1.3768e+168  2.68666e+169  -2.12238e+170  -2.65155e+171  -4.9115e+170  1.8814e+172  3.05767e+172  1.8814e+172  -4.9115e+170  -2.65155e+171  -2.12238e+170  2.68666e+169  1.3768e+168  -2.95327e+166  1.05365e+164  2.82286e+165  5.71786e+165  -1.36237e+167  -3.76073e+167  9.40798e+167  3.10393e+168  3.82498e+168  
-7.54579e+167  -9.93978e+167  -1.71217e+168  -5.988e+167  9.09578e+166  4.02699e+166  -1.12529e+165  -7.28785e+164  -5.57555e+164  1.24445e+167  -5.81531e+168  -1.18645e+170  6.27572e+170  7.94979e+171  1.42393e+172  1.37608e+172  1.42393e+172  7.94979e+171  6.27572e+170  -1.18645e+170  -5.81531e+168  1.24445e+167  -5.57555e+164  -7.28785e+164  -1.12529e+165  4.02699e+166  9.09578e+166  -5.988e+167  -1.71217e+168  -9.93978e+167  -7.54579e+167  
-3.06994e+168  -2.49056e+168  -7.52444e+167  5.45786e+167  2.2744e+167  -2.00672e+166  -1.10025e+166  2.08034e+164  1.72216e+164  1.04184e+165  -5.39132e+167  2.64932e+169  5.50989e+170  -6.10627e+170  -1.03803e+172  -1.71267e+172  -1.03803e+172  -6.10627e+170  5.50989e+170  2.64932e+169  -5.39132e+167  1.04184e+165  1.72216e+164  2.08034e+164  -1.10025e+166  -2.00672e+166  2.2744e+167  5.45786e+167  -7.52444e+167  -2.49056e+168  -3.06994e+168  
6.76284e+167  8.59054e+167  1.40736e+168  5.46966e+167  -1.38925e+167  -7.02958e+166  4.08777e+165  2.83851e+165  5.39948e+164  -4.236e+165  -5.37587e+166  3.07187e+168  -1.34871e+170  -2.36002e+171  -5.16289e+171  -5.48462e+171  -5.16289e+171  -2.36002e+171  -1.34871e+170  3.07187e+168  -5.37587e+166  -4.236e+165  5.39948e+164  2.83851e+165  4.08777e+165  -7.02958e+166  -1.38925e+167  5.46966e+167  1.40736e+168  8.59054e+167  6.76284e+167  
1.59e+168  1.28845e+168  3.83794e+167  -4.54746e+167  -2.15267e+167  3.07716e+166  1.9167e+166  -9.031e+164  1.37265e+164  1.48634e+166  -8.95678e+166  3.26901e+166  -1.47324e+169  4.28701e+170  3.58041e+171  5.96936e+171  3.58041e+171  4.28701e+170  -1.47324e+169  3.26901e+166  -8.95678e+166  1.48634e+166  1.37265e+164  -9.031e+164  1.9167e+166  3.07716e+166  -2.15267e+167  -4.54746e+167  3.83794e+167  1.28845e+168  1.59e+168  
-3.48885e+167  -4.40052e+167  -7.13555e+167  -3.07193e+167  1.13371e+167  6.56432e+166  -5.95047e+165  -4.83035e+165  -4.57518e+165  1.67483e+166  2.23396e+167  -1.39268e+168  -7.12538e+168  3.57432e+170  1.09376e+171  1.31985e+171  1.09376e+171  3.57432e+170  -7.12538e+168  -1.39268e+168  2.23396e+167  1.67483e+166  -4.57518e+165  -4.83035e+165  -5.95047e+165  6.56432e+166  1.13371e+167  -3.07193e+167  -7.13555e+167  -4.40052e+167  -3.48885e+167  
-5.13333e+167  -4.15704e+167  -1.22817e+167  2.19506e+167  1.18233e+167  -2.35171e+166  -1.69087e+166  1.92949e+165  -2.1129e+164  -5.00749e+166  1.31935e+167  1.8217e+168  -9.49188e+168  -1.12798e+170  -7.21632e+170  -1.21299e+171  -7.21632e+170  -1.12798e+170  -9.49188e+168  1.8217e+168  1.31935e+167  -5.00749e+166  -2.1129e+164  1.92949e+165  -1.69087e+166  -2.35171e+166  1.18233e+167  2.19506e+167  -1.22817e+167  -4.15704e+167  -5.13333e+167  
1.02427e+167  1.30466e+167  2.14583e+167  1.03382e+167  -5.00477e+166  -3.35033e+166  3.94043e+165  3.66138e+165  6.75119e+165  -4.48104e+165  -2.43022e+167  4.28015e+167  7.11704e+168  -1.61659e+169  -1.20805e+170  -1.74687e+170  -1.20805e+170  -1.61659e+169  7.11704e+168  4.28015e+167  -2.43022e+167  -4.48104e+165  6.75119e+165  3.66138e+165  3.94043e+165  -3.35033e+166  -5.00477e+166  1.03382e+167  2.14583e+167  1.30466e+167  1.02427e+167  
9.6378e+166  7.81938e+166  2.36411e+166  -5.86359e+166  -3.63957e+166  9.0042e+165  7.68108e+165  -1.15063e+165  -1.51368e+165  2.37038e+166  -1.33242e+164  -6.05765e+167  3.42124e+167  1.25752e+169  7.48328e+169  1.26918e+170  7.48328e+169  1.25752e+169  3.42124e+167  -6.05765e+167  -1.33242e+164  2.37038e+166  -1.51368e+165  -1.15063e+165  7.68108e+165  9.0042e+165  -3.63957e+166  -5.86359e+166  2.36411e+166  7.81938e+166  9.6378e+166  
-1.5814e+166  -2.06228e+166  -3.50495e+166  -1.93145e+166  1.12426e+166  8.89185e+165  -1.22382e+165  -1.30332e+165  -1.44047e+165  -2.6148e+165  4.26098e+166  3.09934e+166  -7.85717e+167  -1.1824e+168  5.52487e+168  1.0604e+169  5.52487e+168  -1.1824e+168  -7.85717e+167  3.09934e+166  4.26098e+166  -2.6148e+165  -1.44047e+165  -1.30332e+165  -1.22382e+165  8.89185e+165  1.12426e+166  -1.93145e+166  -3.50495e+166  -2.06228e+166  -1.5814e+166  
-9.21559e+165  -7.53372e+165  -2.48812e+165  7.71552e+165  5.65909e+165  -1.57672e+165  -1.6581e+165  1.64192e+164  4.59846e+164  -1.87624e+165  -4.62181e+165  3.99145e+166  7.22196e+166  -4.69228e+167  -3.057e+168  -5.26308e+168  -3.057e+168  -4.69228e+167  7.22196e+166  3.99145e+166  -4.62181e+165  -1.87624e+165  4.59846e+164  1.64192e+164  -1.6581e+165  -1.57672e+165  5.65909e+165  7.71552e+165  -2.48812e+165  -7.53372e+165  -9.21559e+165  
1.0694e+165  1.45046e+165  2.59364e+165  1.69448e+165  -1.09283e+165  -1.06635e+165  1.5221e+164  2.31125e+164  2.42878e+163  1.88778e+164  -1.1158e+165  -3.82169e+165  1.735e+166  6.59489e+166  -5.77446e+166  -1.91754e+167  -5.77446e+166  6.59489e+166  1.735e+166  -3.82169e+165  -1.1158e+165  1.88778e+164  2.42878e+163  2.31125e+164  1.5221e+164  -1.06635e+165  -1.09283e+165  1.69448e+165  2.59364e+165  1.45046e+165  1.0694e+165  
3.37884e+164  2.81583e+164  1.12681e+164  -3.84645e+164  -3.5065e+164  9.9561e+163  1.41108e+164  -7.47044e+162  -2.62828e+163  3.2001e+162  6.65001e+163  -2.27377e+164  -1.24146e+165  2.33339e+165  2.17404e+166  3.89344e+166  2.17404e+166  2.33339e+165  -1.24146e+165  -2.27377e+164  6.65001e+163  3.2001e+162  -2.62828e+163  -7.47044e+162  1.41108e+164  9.9561e+163  -3.5065e+164  -3.84645e+164  1.12681e+164  2.81583e+164  3.37884e+164  
-1.97341e+163  -2.87264e+163  -5.57035e+163  -4.63957e+163  3.07023e+163  4.1438e+163  -4.84787e+162  -1.37379e+163  -2.69162e+161  3.41578e+162  -1.3373e+162  -6.81697e+162  5.39601e+162  -3.10416e+162  -7.79768e+161  4.61723e+163  -7.79768e+161  -3.10416e+162  5.39601e+162  -6.81697e+162  -1.3373e+162  3.41578e+162  -2.69162e+161  -1.37379e+163  -4.84787e+162  4.1438e+163  3.07023e+163  -4.63957e+163  -5.57035e+163  -2.87264e+163  -1.97341e+163  
0  0  0  0  0  0  0  0  0  0  0  0  0  0  0  0  0  0  0  0  0  0  0  0  0  0  0  0  0  0  0  
