1  1  1  1  1  1  1  1  1  1  1  1  1  1  1  1  1  1  1  1  1  1  1  1  1  1  1  1  1  1  1  
4.91643e+179  8.27313e+177  -1.44184e+180  -1.94276e+180  3.97227e+181  5.75453e+181  -4.2302e+182  -6.67869e+182  2.22734e+183  3.92435e+183  -5.70151e+183  -1.18526e+184  3.50368e+183  1.30847e+184  7.50438e+183  5.96536e+183  7.50438e+183  1.30847e+184  3.50368e+183  -1.18526e+184  -5.70151e+183  3.92435e+183  2.22734e+183  -6.67869e+182  -4.2302e+182  5.75453e+181  3.97227e+181  -1.94276e+180  -1.44184e+180  8.27313e+177  4.91643e+179  
-8.75466e+178  -2.4342e+179  -7.1104e+179  1.95703e+181  4.29765e+181  -4.39822e+182  -9.10686e+182  4.31196e+183  9.15764e+183  -2.05993e+184  -4.77688e+184  3.86297e+184  1.14449e+185  2.34828e+184  -4.07043e+184  -4.14905e+184  -4.07043e+184  2.34828e+184  1.14449e+185  3.86297e+184  -4.77688e+184  -2.05993e+184  9.15764e+183  4.31196e+183  -9.10686e+182  -4.39822e+182  4.29765e+181  1.95703e+181  -7.1104e+179  -2.4342e+179  -8.75466e+178  
-1.50388e+180  2.55849e+179  5.53505e+180  1.71749e+181  -2.52438e+182  -6.63378e+182  4.38201e+183  1.10102e+184  -3.60057e+184  -9.31664e+184  1.35448e+185  3.97612e+185  -9.76051e+184  -6.06796e+185  -4.14425e+185  -3.19629e+185  -4.14425e+185  -6.06796e+185  -9.76051e+184  3.97612e+185  1.35448e+185  -9.31664e+184  -3.60057e+184  1.10102e+184  4.38201e+183  -6.63378e+182  -2.52438e+182  1.71749e+181  5.53505e+180  2.55849e+179  -1.50388e+180  
-7.97718e+179  3.90578e+179  3.95547e+180  -7.57381e+181  -2.62931e+182  2.43731e+183  7.35162e+183  -3.40864e+184  -9.97021e+184  2.27693e+185  7.03065e+185  -5.67661e+185  -2.26462e+186  -6.32894e+185  1.13368e+186  1.28088e+186  1.13368e+186  -6.32894e+185  -2.26462e+186  -5.67661e+185  7.03065e+185  2.27693e+185  -9.97021e+184  -3.40864e+184  7.35162e+183  2.43731e+183  -2.62931e+182  -7.57381e+181  3.95547e+180  3.90578e+179  -7.97718e+179  
-1.87052e+181  -1.75834e+181  -1.42183e+181  -5.4838e+181  7.39005e+182  2.76715e+183  -1.81781e+184  -6.14601e+184  2.08565e+185  7.00418e+185  -1.0704e+186  -4.01924e+186  9.05449e+185  8.23029e+186  6.48323e+186  4.91168e+186  6.48323e+186  8.23029e+186  9.05449e+185  -4.01924e+186  -1.0704e+186  7.00418e+185  2.08565e+185  -6.14601e+184  -1.81781e+184  2.76715e+183  7.39005e+182  -5.4838e+181  -1.42183e+181  -1.75834e+181  -1.87052e+181  
2.63084e+181  1.78533e+181  -7.51213e+180  1.10877e+182  5.65738e+182  -5.38626e+183  -2.1832e+184  1.08348e+185  4.08215e+185  -1.01728e+186  -3.94308e+186  3.44881e+186  1.72569e+187  5.88075e+186  -1.21458e+187  -1.49648e+187  -1.21458e+187  5.88075e+186  1.72569e+187  3.44881e+186  -3.94308e+186  -1.01728e+186  4.08215e+185  1.08348e+185  -2.1832e+184  -5.38626e+183  5.65738e+182  1.10877e+182  -7.51213e+180  1.78533e+181  2.63084e+181  
3.2691e+182  2.59004e+182  5.52856e+181  5.85126e+181  -8.27042e+182  -4.26939e+183  3.1464e+184  1.38397e+185  -5.34083e+185  -2.24745e+186  3.92328e+186  1.80409e+187  -4.48729e+186  -5.09237e+187  -4.55822e+187  -3.43879e+187  -4.55822e+187  -5.09237e+187  -4.48729e+186  1.80409e+187  3.92328e+186  -2.24745e+186  -5.34083e+185  1.38397e+185  3.1464e+184  -4.26939e+183  -8.27042e+182  5.85126e+181  5.52856e+181  2.59004e+182  3.2691e+182  
-3.6043e+182  -2.90268e+182  -7.97816e+181  -4.09338e+181  -4.09816e+182  4.74905e+183  2.59617e+184  -1.5506e+185  -7.42716e+185  2.21862e+186  1.05319e+187  -1.10578e+187  -6.57234e+187  -2.54085e+187  6.64368e+187  8.79715e+187  6.64368e+187  -2.54085e+187  -6.57234e+187  -1.10578e+187  1.05319e+187  2.21862e+186  -7.42716e+185  -1.5506e+185  2.59617e+184  4.74905e+183  -4.09816e+182  -4.09338e+181  -7.97816e+181  -2.90268e+182  -3.6043e+182  
-2.19982e+183  -1.72706e+183  -3.08793e+182  -2.79341e+181  3.15021e+182  2.3962e+183  -2.32868e+184  -1.3545e+185  6.66797e+185  3.49495e+186  -7.6983e+186  -4.22374e+187  1.43996e+187  1.72516e+188  1.73826e+188  1.32296e+188  1.73826e+188  1.72516e+188  1.43996e+187  -4.22374e+187  -7.6983e+186  3.49495e+186  6.66797e+185  -1.3545e+185  -2.32868e+184  2.3962e+183  3.15021e+182  -2.79341e+181  -3.08793e+182  -1.72706e+183  -2.19982e+183  
2.35958e+183  2.00552e+183  9.43316e+182  4.06992e+181  8.27326e+181  -1.52551e+183  -1.21075e+184  1.01725e+185  6.32371e+185  -2.54043e+186  -1.46948e+187  2.07835e+187  1.40844e+188  5.7409e+187  -2.11857e+188  -2.97502e+188  -2.11857e+188  5.7409e+187  1.40844e+188  2.07835e+187  -1.46948e+187  -2.54043e+186  6.32371e+185  1.01725e+185  -1.21075e+184  -1.52551e+183  8.27326e+181  4.06992e+181  9.43316e+182  2.00552e+183  2.35958e+183  
8.12935e+183  6.33034e+183  9.33311e+182  -1.39205e+182  -3.21176e+181  -4.04882e+182  6.70233e+183  5.55703e+184  -4.06756e+185  -2.71423e+186  8.5004e+186  5.51797e+187  -3.08355e+187  -3.50233e+188  -3.95228e+188  -3.07352e+188  -3.95228e+188  -3.50233e+188  -3.08355e+187  5.51797e+187  8.5004e+186  -2.71423e+186  -4.06756e+185  5.55703e+184  6.70233e+183  -4.04882e+182  -3.21176e+181  -1.39205e+182  9.33311e+182  6.33034e+183  8.12935e+183  
-8.53523e+183  -7.50278e+183  -4.40541e+183  -4.25015e+182  2.26888e+181  1.22954e+182  1.8089e+183  -2.74936e+184  -2.39229e+185  1.5079e+186  1.08628e+187  -2.35698e+187  -1.78875e+188  -6.82897e+187  4.22159e+188  6.21377e+188  4.22159e+188  -6.82897e+187  -1.78875e+188  -2.35698e+187  1.08628e+187  1.5079e+186  -2.39229e+185  -2.74936e+184  1.8089e+183  1.22954e+182  2.26888e+181  -4.25015e+182  -4.40541e+183  -7.50278e+183  -8.53523e+183  
-1.8224e+184  -1.39801e+184  -1.24858e+183  1.25479e+183  1.10933e+182  3.86303e+180  -5.07156e+182  -7.69353e+183  1.07731e+185  9.87851e+185  -5.15761e+186  -4.04514e+187  4.23968e+187  4.44914e+188  5.62454e+188  4.52922e+188  5.62454e+188  4.44914e+188  4.23968e+187  -4.04514e+187  -5.15761e+186  9.87851e+185  1.07731e+185  -7.69353e+183  -5.07156e+182  3.86303e+180  1.10933e+182  1.25479e+183  -1.24858e+183  -1.39801e+184  -1.8224e+184  
1.86162e+184  1.67774e+184  1.1261e+184  1.30895e+183  -3.06682e+182  -2.77102e+181  -3.54255e+181  2.04364e+183  3.1977e+184  -4.0919e+185  -3.96986e+186  1.56183e+187  1.35326e+188  3.4071e+187  -5.44138e+188  -8.31207e+188  -5.44138e+188  3.4071e+187  1.35326e+188  1.56183e+187  -3.96986e+186  -4.0919e+185  3.1977e+184  2.04364e+183  -3.54255e+181  -2.77102e+181  -3.06682e+182  1.30895e+183  1.1261e+184  1.67774e+184  1.86162e+184  
2.60135e+184  1.95056e+184  -1.79155e+181  -4.07553e+183  -4.9371e+182  7.42281e+181  6.45239e+180  1.47324e+182  -8.18628e+183  -1.3289e+185  1.51428e+186  1.55749e+187  -3.54512e+187  -3.57655e+188  -5.10773e+188  -4.32416e+188  -5.10773e+188  -3.57655e+188  -3.54512e+187  1.55749e+187  1.51428e+186  -1.3289e+185  -8.18628e+183  1.47324e+182  6.45239e+180  7.42281e+181  -4.9371e+182  -4.07553e+183  -1.79155e+181  1.95056e+184  2.60135e+184  
-2.55998e+184  -2.35519e+184  -1.74085e+184  -2.03353e+183  1.1762e+183  1.5138e+182  -1.80598e+181  9.37863e+179  -6.00831e+182  3.3321e+184  5.6473e+185  -5.36964e+186  -5.80308e+187  9.89115e+186  4.58459e+188  7.20949e+188  4.58459e+188  9.89115e+186  -5.80308e+187  -5.36964e+186  5.6473e+185  3.3321e+184  -6.00831e+182  9.37863e+179  -1.80598e+181  1.5138e+182  1.1762e+183  -2.03353e+183  -1.74085e+184  -2.35519e+184  -2.55998e+184  
-2.41563e+184  -1.7544e+184  2.2928e+183  7.03436e+183  9.90678e+182  -3.11624e+182  -4.27354e+181  4.21937e+180  -1.2798e+181  2.53261e+183  -1.41157e+185  -2.51342e+186  1.65183e+187  1.78544e+188  2.94677e+188  2.67281e+188  2.94677e+188  1.78544e+188  1.65183e+187  -2.51342e+186  -1.41157e+185  2.53261e+183  -1.2798e+181  4.21937e+180  -4.27354e+181  -3.11624e+182  9.90678e+182  7.03436e+183  2.2928e+183  -1.7544e+184  -2.41563e+184  
2.25569e+184  2.11483e+184  1.69226e+184  1.80298e+183  -2.18045e+183  -3.42946e+182  7.84797e+181  1.14248e+181  -1.14541e+180  2.45576e+181  -1.09556e+184  6.46136e+185  1.18196e+187  -2.19504e+187  -2.49859e+188  -4.0196e+188  -2.49859e+188  -2.19504e+187  1.18196e+187  6.46136e+185  -1.09556e+184  2.45576e+181  -1.14541e+180  1.14248e+181  7.84797e+181  -3.42946e+182  -2.18045e+183  1.80298e+183  1.69226e+184  2.11483e+184  2.25569e+184  
1.45992e+184  1.01609e+184  -3.15421e+183  -7.11317e+183  -1.09952e+183  5.91943e+182  1.01908e+182  -1.85628e+181  1.05233e+181  -8.32645e+181  -1.30208e+183  6.28851e+184  -3.31431e+186  -5.20988e+187  -1.0486e+188  -1.04576e+188  -1.0486e+188  -5.20988e+187  -3.31431e+186  6.28851e+184  -1.30208e+183  -8.32645e+181  1.05233e+181  -1.85628e+181  1.01908e+182  5.91943e+182  -1.09952e+183  -7.11317e+183  -3.15421e+183  1.01609e+184  1.45992e+184  
-1.26411e+184  -1.20798e+184  -1.03956e+184  -9.49128e+182  2.21881e+183  4.05691e+182  -1.46237e+182  -3.08419e+181  1.94335e+181  3.52156e+182  -1.87436e+183  -3.39276e+182  -2.78302e+185  1.14417e+187  8.51378e+187  1.39511e+188  8.51378e+187  1.14417e+187  -2.78302e+185  -3.39276e+182  -1.87436e+183  3.52156e+182  1.94335e+181  -3.08419e+181  -1.46237e+182  4.05691e+182  2.21881e+183  -9.49128e+182  -1.03956e+184  -1.20798e+184  -1.26411e+184  
-5.62531e+183  -3.70632e+183  2.05066e+183  4.30302e+183  7.22616e+182  -5.82786e+182  -1.1933e+182  3.1113e+181  -1.01734e+182  3.11022e+182  5.30654e+183  -2.91755e+184  -1.85141e+185  7.62053e+186  2.15886e+187  2.46277e+187  2.15886e+187  7.62053e+186  -1.85141e+185  -2.91755e+184  5.30654e+183  3.11022e+182  -1.01734e+182  3.1113e+181  -1.1933e+182  -5.82786e+182  7.22616e+182  4.30302e+183  2.05066e+183  -3.70632e+183  -5.62531e+183  
4.35922e+183  4.25379e+183  3.9375e+183  3.03753e+182  -1.27447e+183  -2.68774e+182  1.3343e+182  5.18037e+181  -2.18278e+181  -1.154e+183  2.43041e+183  4.29827e+184  -1.9288e+185  -2.70994e+186  -1.69543e+187  -2.82379e+187  -1.69543e+187  -2.70994e+186  -1.9288e+185  4.29827e+184  2.43041e+183  -1.154e+183  -2.18278e+181  5.18037e+181  1.3343e+182  -2.68774e+182  -1.27447e+183  3.03753e+182  3.9375e+183  4.25379e+183  4.35922e+183  
1.31735e+183  8.11048e+182  -7.07871e+182  -1.51669e+183  -2.82995e+182  3.05109e+182  7.23088e+181  -3.05303e+181  1.48154e+182  -1.97e+181  -5.56367e+183  7.33964e+183  1.65574e+185  -2.89717e+185  -2.27096e+186  -3.17507e+186  -2.27096e+186  -2.89717e+185  1.65574e+185  7.33964e+183  -5.56367e+183  -1.97e+181  1.48154e+182  -3.05303e+181  7.23088e+181  3.05109e+182  -2.82995e+182  -1.51669e+183  -7.07871e+182  8.11048e+182  1.31735e+183  
-8.63418e+182  -8.63675e+182  -8.64448e+182  -6.19165e+181  3.99359e+182  9.87718e+181  -5.99439e+181  -3.01306e+181  -2.05947e+181  5.30931e+182  2.1545e+182  -1.37332e+184  2.74625e+183  2.82723e+185  1.73735e+186  2.94346e+186  1.73735e+186  2.82723e+185  2.74625e+183  -1.37332e+184  2.1545e+182  5.30931e+182  -2.05947e+181  -3.01306e+181  -5.99439e+181  9.87718e+181  3.99359e+182  -6.19165e+181  -8.64448e+182  -8.63675e+182  -8.63418e+182  
-1.70964e+182  -9.72367e+181  1.23947e+182  2.87746e+182  6.26281e+181  -8.08103e+181  -2.33783e+181  1.32797e+181  -2.92654e+181  -7.70565e+181  9.42531e+182  1.03523e+183  -1.74633e+184  -3.16796e+184  9.3683e+184  1.86349e+185  9.3683e+184  -3.16796e+184  -1.74633e+184  1.03523e+183  9.42531e+182  -7.70565e+181  -2.92654e+181  1.32797e+181  -2.33783e+181  -8.08103e+181  6.26281e+181  2.87746e+182  1.23947e+182  -9.72367e+181  -1.70964e+182  
8.59902e+181  8.8763e+181  9.70816e+181  8.26969e+180  -6.1429e+181  -1.84318e+181  1.26604e+181  5.34122e+180  4.71321e+180  -4.07174e+181  -1.20084e+182  8.68132e+182  1.89009e+183  -9.87872e+183  -7.01348e+184  -1.21604e+185  -7.01348e+184  -9.87872e+183  1.89009e+183  8.68132e+182  -1.20084e+182  -4.07174e+181  4.71321e+180  5.34122e+180  1.26604e+181  -1.84318e+181  -6.1429e+181  8.26969e+180  9.70816e+181  8.8763e+181  8.59902e+181  
1.0225e+181  5.34843e+180  -9.28116e+180  -2.4749e+181  -6.74428e+180  9.35771e+180  3.49395e+180  -1.69315e+180  -4.96293e+178  5.33643e+180  -2.33699e+181  -9.46334e+181  3.64324e+182  1.57085e+183  -6.67893e+182  -3.21458e+183  -6.67893e+182  1.57085e+183  3.64324e+182  -9.46334e+181  -2.33699e+181  5.33643e+180  -4.96293e+178  -1.69315e+180  3.49395e+180  9.35771e+180  -6.74428e+180  -2.4749e+181  -9.28116e+180  5.34843e+180  1.0225e+181  
-3.23484e+180  -3.48986e+180  -4.2549e+180  -5.75911e+179  3.63972e+180  1.41826e+180  -1.02806e+180  -4.68658e+179  1.38133e+179  1.4172e+179  1.50603e+180  -4.59405e+180  -2.94991e+181  4.37854e+181  4.92772e+182  8.96027e+182  4.92772e+182  4.37854e+181  -2.94991e+181  -4.59405e+180  1.50603e+180  1.4172e+179  1.38133e+179  -4.68658e+179  -1.02806e+180  1.41826e+180  3.63972e+180  -5.75911e+179  -4.2549e+180  -3.48986e+180  -3.23484e+180  
-1.78875e+179  -8.72326e+178  1.87693e+179  6.3544e+179  2.43862e+179  -3.36005e+179  -1.7725e+179  7.95658e+178  4.98603e+178  1.49843e+178  -3.56935e+178  -1.5518e+179  1.06817e+179  -6.80156e+178  -1.58543e+179  6.97463e+179  -1.58543e+179  -6.80156e+178  1.06817e+179  -1.5518e+179  -3.56935e+178  1.49843e+178  4.98603e+178  7.95658e+178  -1.7725e+179  -3.36005e+179  2.43862e+179  6.3544e+179  1.87693e+179  -8.72326e+178  -1.78875e+179  
0  0  0  0  0  0  0  0  0  0  0  0  0  0  0  0  0  0  0  0  0  0  0  0  0  0  0  0  0  0  0  
