1  1  1  1  1  1  1  1  1  1  1  1  1  1  1  1  1  1  1  1  1  1  1  1  1  1  1  1  1  1  1  
-4.76961e+186  -1.07327e+186  1.00157e+187  7.14514e+187  -2.32749e+188  -1.36562e+189  1.93472e+189  1.19908e+190  -6.22533e+189  -5.60646e+190  -3.19185e+189  1.32172e+191  6.80973e+190  -8.71137e+190  -8.68053e+190  -7.3619e+190  -8.68053e+190  -8.71137e+190  6.80973e+190  1.32172e+191  -3.19185e+189  -5.60646e+190  -6.22533e+189  1.19908e+190  1.93472e+189  -1.36562e+189  -2.32749e+188  7.14514e+187  1.00157e+187  -1.07327e+186  -4.76961e+186  
-5.60712e+186  1.48939e+186  2.27789e+187  -1.11733e+188  -1.0074e+189  2.03739e+189  1.68018e+190  -1.3673e+190  -1.3799e+191  1.57675e+190  5.85671e+191  2.3058e+191  -1.03961e+192  -8.84688e+191  -1.22468e+191  -2.01245e+190  -1.22468e+191  -8.84688e+191  -1.03961e+192  2.3058e+191  5.85671e+191  1.57675e+190  -1.3799e+191  -1.3673e+190  1.68018e+190  2.03739e+189  -1.0074e+189  -1.11733e+188  2.27789e+187  1.48939e+186  -5.60712e+186  
1.34271e+187  1.99891e+186  -3.22856e+187  -4.11585e+188  1.20278e+189  1.26533e+190  -1.53863e+190  -1.74272e+191  5.96977e+190  1.2307e+192  2.93669e+191  -4.2017e+192  -3.01019e+192  3.83347e+192  4.84449e+192  4.22239e+192  4.84449e+192  3.83347e+192  -3.01019e+192  -4.2017e+192  2.93669e+191  1.2307e+192  5.96977e+190  -1.74272e+191  -1.53863e+190  1.26533e+190  1.20278e+189  -4.11585e+188  -3.22856e+187  1.99891e+186  1.34271e+187  
4.47394e+187  1.25668e+187  -8.3951e+187  3.67397e+188  5.16463e+189  -9.24244e+189  -1.2168e+191  7.87369e+190  1.40252e+192  6.02359e+190  -8.23334e+192  -4.66009e+192  1.98481e+193  2.10354e+193  2.93615e+192  -1.01767e+192  2.93615e+192  2.10354e+193  1.98481e+193  -4.66009e+192  -8.23334e+192  6.02359e+190  1.40252e+192  7.87369e+190  -1.2168e+191  -9.24244e+189  5.16463e+189  3.67397e+188  -8.3951e+187  1.25668e+187  4.47394e+187  
6.68736e+187  6.97243e+187  7.82764e+187  1.11277e+189  -2.97243e+189  -4.76995e+190  5.11462e+190  9.13908e+191  -1.93507e+191  -8.88929e+192  -3.43059e+192  4.1309e+193  3.70836e+193  -5.07189e+193  -7.69814e+193  -6.94342e+193  -7.69814e+193  -5.07189e+193  3.70836e+193  4.1309e+193  -3.43059e+192  -8.88929e+192  -1.93507e+191  9.13908e+191  5.11462e+190  -4.76995e+190  -2.97243e+189  1.11277e+189  7.82764e+187  6.97243e+187  6.68736e+187  
-6.25962e+188  -4.54853e+188  5.84722e+187  -4.61017e+188  -1.01012e+190  1.73063e+190  3.41388e+191  -1.91783e+191  -5.54683e+192  -8.75413e+191  4.51826e+193  3.25819e+193  -1.48959e+194  -1.8869e+194  -2.47494e+193  2.67515e+193  -2.47494e+193  -1.8869e+194  -1.48959e+194  3.25819e+193  4.51826e+193  -8.75413e+191  -5.54683e+192  -1.91783e+191  3.41388e+191  1.73063e+190  -1.01012e+190  -4.61017e+188  5.84722e+187  -4.54853e+188  -6.25962e+188  
-1.1578e+189  -9.24443e+188  -2.24361e+188  -1.08672e+189  2.91608e+189  6.98894e+190  -7.5794e+190  -1.9989e+192  3.02133e+191  2.80694e+193  1.42028e+193  -1.83852e+194  -1.97947e+194  3.13713e+194  5.53105e+194  5.20153e+194  5.53105e+194  3.13713e+194  -1.97947e+194  -1.83852e+194  1.42028e+193  2.80694e+193  3.02133e+191  -1.9989e+192  -7.5794e+190  6.98894e+190  2.91608e+189  -1.08672e+189  -2.24361e+188  -9.24443e+188  -1.1578e+189  
6.25241e+189  4.94327e+189  1.01586e+189  1.70455e+188  6.9812e+189  -1.38223e+190  -3.96721e+191  2.42089e+191  9.99276e+192  2.1981e+192  -1.20414e+194  -1.04094e+194  5.69132e+194  8.42042e+194  9.05576e+193  -2.26981e+194  9.05576e+193  8.42042e+194  5.69132e+194  -1.04094e+194  -1.20414e+194  2.1981e+192  9.99276e+192  2.42089e+191  -3.96721e+191  -1.38223e+190  6.9812e+189  1.70455e+188  1.01586e+189  4.94327e+189  6.25241e+189  
6.46883e+189  4.86001e+189  3.35493e+187  3.73837e+188  -1.03548e+189  -3.85933e+190  5.39296e+190  1.95109e+192  -3.94264e+191  -4.38528e+193  -2.59031e+193  4.34467e+194  5.46617e+194  -1.08729e+195  -2.17091e+195  -2.14131e+195  -2.17091e+195  -1.08729e+195  5.46617e+194  4.34467e+194  -2.59031e+193  -4.38528e+193  -3.94264e+191  1.95109e+192  5.39296e+190  -3.85933e+190  -1.03548e+189  3.73837e+188  3.35493e+187  4.86001e+189  6.46883e+189  
-3.3576e+190  -2.70851e+190  -7.61252e+189  -1.45835e+188  -1.40271e+189  4.44244e+189  1.86154e+191  -1.72735e+191  -8.61827e+192  -1.64696e+192  1.70823e+194  1.6928e+194  -1.24591e+195  -2.1229e+195  -1.24526e+194  9.60455e+194  -1.24526e+194  -2.1229e+195  -1.24591e+195  1.6928e+194  1.70823e+194  -1.64696e+192  -8.61827e+192  -1.72735e+191  1.86154e+191  4.44244e+189  -1.40271e+189  -1.45835e+188  -7.61252e+189  -2.70851e+190  -3.3576e+190  
-1.86543e+190  -1.25384e+190  5.80923e+189  1.49023e+189  1.02887e+188  6.62984e+189  -1.70643e+190  -8.19348e+191  4.063e+191  3.49418e+193  2.12034e+193  -5.83518e+194  -8.42574e+194  2.30767e+195  5.1234e+195  5.32568e+195  5.1234e+195  2.30767e+195  -8.42574e+194  -5.83518e+194  2.12034e+193  3.49418e+193  4.063e+191  -8.19348e+191  -1.70643e+190  6.62984e+189  1.02887e+188  1.49023e+189  5.80923e+189  -1.25384e+190  -1.86543e+190  
1.05034e+191  8.58498e+190  2.82963e+190  -2.28067e+188  -2.43403e+188  -3.94573e+188  -2.88537e+190  5.96507e+190  3.38508e+192  -1.79944e+191  -1.31056e+194  -1.41348e+194  1.64727e+195  3.21323e+195  -1.10688e+194  -2.34333e+195  -1.10688e+194  3.21323e+195  1.64727e+195  -1.41348e+194  -1.31056e+194  -1.79944e+191  3.38508e+192  5.96507e+190  -2.88537e+190  -3.94573e+188  -2.43403e+188  -2.28067e+188  2.82963e+190  8.58498e+190  1.05034e+191  
2.93539e+190  1.46445e+190  -2.94838e+190  -1.03347e+190  -5.64308e+187  -9.41555e+187  1.56064e+189  1.19698e+191  -1.88393e+191  -1.33738e+193  -5.94287e+192  4.49055e+194  7.32911e+194  -3.12819e+195  -7.64627e+195  -8.41123e+195  -7.64627e+195  -3.12819e+195  7.32911e+194  4.49055e+194  -5.94287e+192  -1.33738e+193  -1.88393e+191  1.19698e+191  1.56064e+189  -9.41555e+187  -5.64308e+187  -1.03347e+190  -2.94838e+190  1.46445e+190  2.93539e+190  
-2.04531e+191  -1.68784e+191  -6.15417e+190  5.10285e+189  2.82701e+189  2.70016e+187  6.13253e+188  -6.00637e+189  -4.84945e+191  5.03139e+191  5.10022e+193  5.33586e+193  -1.3258e+195  -2.97439e+195  6.32293e+194  3.52106e+195  6.32293e+194  -2.97439e+195  -1.3258e+195  5.33586e+193  5.10022e+193  5.03139e+191  -4.84945e+191  -6.00637e+189  6.13253e+188  2.70016e+187  2.82701e+189  5.10285e+189  -6.15417e+190  -1.68784e+191  -2.04531e+191  
-2.29042e+190  5.30856e+188  7.08359e+190  2.91793e+190  -6.57058e+188  -7.32998e+188  -6.46834e+186  -2.52406e+189  2.28332e+190  1.95868e+192  -7.62326e+191  -1.86583e+194  -3.35565e+194  2.74035e+195  7.3777e+195  8.62447e+195  7.3777e+195  2.74035e+195  -3.35565e+194  -1.86583e+194  -7.62326e+191  1.95868e+192  2.28332e+190  -2.52406e+189  -6.46834e+186  -7.32998e+188  -6.57058e+188  2.91793e+190  7.08359e+190  5.30856e+188  -2.29042e+190  
2.56591e+191  2.13265e+191  8.32859e+190  -1.69664e+190  -9.61921e+189  3.92754e+187  1.87147e+188  -8.69362e+186  1.02826e+190  -8.71045e+190  -8.0364e+192  -3.84878e+192  6.22981e+194  1.64526e+195  -9.58576e+194  -3.34749e+195  -9.58576e+194  1.64526e+195  6.22981e+194  -3.84878e+192  -8.0364e+192  -8.71045e+190  1.02826e+190  -8.69362e+186  1.87147e+188  3.92754e+187  -9.61921e+189  -1.69664e+190  8.32859e+190  2.13265e+191  2.56591e+191  
2.40663e+189  -2.2749e+190  -9.82157e+190  -4.56645e+190  3.19785e+189  2.77787e+189  1.56665e+187  -4.38206e+187  5.42571e+187  -4.33847e+190  3.37062e+191  3.40424e+193  5.88685e+193  -1.52997e+195  -4.60237e+195  -5.74442e+195  -4.60237e+195  -1.52997e+195  5.88685e+193  3.40424e+193  3.37062e+191  -4.33847e+190  5.42571e+187  -4.38206e+187  1.56665e+187  2.77787e+189  3.19785e+189  -4.56645e+190  -9.82157e+190  -2.2749e+190  2.40663e+189  
-2.09591e+191  -1.75207e+191  -7.20571e+190  2.67077e+190  1.64525e+190  -4.79695e+188  -7.46809e+188  -9.22875e+186  1.68421e+187  -1.0592e+188  1.89196e+191  -1.30907e+192  -1.47178e+194  -4.92969e+194  7.5789e+194  2.01285e+195  7.5789e+194  -4.92969e+194  -1.47178e+194  -1.30907e+192  1.89196e+191  -1.0592e+188  1.68421e+187  -9.22875e+186  -7.46809e+188  -4.79695e+188  1.64525e+190  2.67077e+190  -7.20571e+190  -1.75207e+191  -2.09591e+191  
1.06438e+190  2.87418e+190  8.30359e+190  4.29603e+190  -5.63517e+189  -4.93618e+189  3.9708e+187  1.82207e+188  -6.73165e+187  1.59561e+189  3.32319e+189  -1.04375e+192  4.81365e+192  5.21259e+194  1.81587e+195  2.43433e+195  1.81587e+195  5.21259e+194  4.81365e+192  -1.04375e+192  3.32319e+189  1.59561e+189  -6.73165e+187  1.82207e+188  3.9708e+187  -4.93618e+189  -5.63517e+189  4.29603e+190  8.30359e+190  2.87418e+190  1.06438e+190  
1.10293e+191  9.27086e+190  3.99564e+190  -2.32569e+190  -1.58534e+190  9.53777e+188  1.32e+189  2.99122e+187  -4.32752e+188  -1.54569e+189  2.74314e+190  -8.58563e+190  6.73198e+192  5.19169e+193  -3.38793e+194  -7.45157e+194  -3.38793e+194  5.19169e+193  6.73198e+192  -8.58563e+190  2.74314e+190  -1.54569e+189  -4.32752e+188  2.99122e+187  1.32e+189  9.53777e+188  -1.58534e+190  -2.32569e+190  3.99564e+190  9.27086e+190  1.10293e+191  
-8.95184e+189  -1.74439e+190  -4.292e+190  -2.46871e+190  4.91573e+189  4.66357e+189  -1.17628e+188  -2.29243e+188  6.73744e+188  -7.69811e+189  -2.15383e+190  4.23867e+191  -4.90041e+191  -9.89562e+193  -4.31074e+194  -6.25709e+194  -4.31074e+194  -9.89562e+193  -4.90041e+191  4.23867e+191  -2.15383e+190  -7.69811e+189  6.73744e+188  -2.29243e+188  -1.17628e+188  4.66357e+189  4.91573e+189  -2.46871e+190  -4.292e+190  -1.74439e+190  -8.95184e+189  
-3.61128e+190  -3.05584e+190  -1.38953e+190  1.15064e+190  8.80869e+189  -8.02163e+188  -1.18459e+189  -1.67165e+188  1.26354e+189  7.54608e+189  -6.49448e+190  -1.97218e+191  3.3312e+192  8.61776e+192  8.34956e+193  1.59659e+194  8.34956e+193  8.61776e+192  3.3312e+192  -1.97218e+191  -6.49448e+190  7.54608e+189  1.26354e+189  -1.67165e+188  -1.18459e+189  -8.02163e+188  8.80869e+189  1.15064e+190  -1.38953e+190  -3.05584e+190  -3.61128e+190  
3.2348e+189  5.69426e+189  1.30726e+190  8.43262e+189  -2.23563e+189  -2.39344e+189  1.11364e+188  1.46131e+188  -1.28894e+189  6.38957e+189  3.89193e+190  -2.50845e+191  -9.44738e+191  8.54815e+192  5.60251e+193  8.90771e+193  5.60251e+193  8.54815e+192  -9.44738e+191  -2.50845e+191  3.89193e+190  6.38957e+189  -1.28894e+189  1.46131e+188  1.11364e+188  -2.39344e+189  -2.23563e+189  8.43262e+189  1.30726e+190  5.69426e+189  3.2348e+189  
6.86181e+189  5.86339e+189  2.86811e+189  -3.10856e+189  -2.72434e+189  3.13219e+188  5.34392e+188  1.37024e+188  -4.24322e+188  -4.74653e+189  1.62922e+190  1.07072e+191  -4.31813e+191  -2.39807e+192  -1.01999e+193  -1.75302e+193  -1.01999e+193  -2.39807e+192  -4.31813e+191  1.07072e+191  1.62922e+190  -4.74653e+189  -4.24322e+188  1.37024e+188  5.34392e+188  3.13219e+188  -2.72434e+189  -3.10856e+189  2.86811e+189  5.86339e+189  6.86181e+189  
-5.58295e+188  -9.56313e+188  -2.15037e+189  -1.5834e+189  5.03936e+188  6.35334e+188  -3.28865e+187  -9.19111e+187  3.61684e+188  -5.91871e+188  -9.25439e+189  1.91638e+190  1.64783e+191  -1.52255e+191  -3.31651e+192  -5.88063e+192  -3.31651e+192  -1.52255e+191  1.64783e+191  1.91638e+190  -9.25439e+189  -5.91871e+188  3.61684e+188  -9.19111e+187  -3.28865e+187  6.35334e+188  5.03936e+188  -1.5834e+189  -2.15037e+189  -9.56313e+188  -5.58295e+188  
-6.6235e+188  -5.74996e+188  -3.12935e+188  4.08814e+188  4.22385e+188  -5.30146e+187  -1.13437e+188  -1.51713e+187  1.01492e+187  5.01189e+188  -3.49889e+188  -9.78202e+189  5.975e+189  1.39196e+191  4.78785e+191  7.60826e+191  4.78785e+191  1.39196e+191  5.975e+189  -9.78202e+189  -3.49889e+188  5.01189e+188  1.01492e+187  -1.51713e+187  -1.13437e+188  -5.30146e+187  4.22385e+188  4.08814e+188  -3.12935e+188  -5.74996e+188  -6.6235e+188  
4.01804e+187  6.99664e+187  1.59324e+188  1.38014e+188  -4.77848e+187  -7.55683e+187  2.07476e+186  1.65277e+187  -9.77879e+186  -1.48649e+187  3.34402e+188  8.61151e+187  -5.21692e+189  -6.04296e+189  5.7734e+190  1.17843e+191  5.7734e+190  -6.04296e+189  -5.21692e+189  8.61151e+187  3.34402e+188  -1.48649e+187  -9.77879e+186  1.65277e+187  2.07476e+186  -7.55683e+187  -4.77848e+187  1.38014e+188  1.59324e+188  6.99664e+187  4.01804e+187  
2.44337e+187  2.18039e+187  1.39148e+187  -2.00837e+187  -2.58704e+187  2.89709e+186  9.63585e+186  3.45247e+185  -1.58039e+186  -2.13173e+186  -6.47025e+186  8.23957e+187  1.18845e+188  -1.08802e+189  -3.85007e+189  -5.89186e+189  -3.85007e+189  -1.08802e+189  1.18845e+188  8.23957e+187  -6.47025e+186  -2.13173e+186  -1.58039e+186  3.45247e+185  9.63585e+186  2.89709e+186  -2.58704e+187  -2.00837e+187  1.39148e+187  2.18039e+187  2.44337e+187  
-7.59274e+185  -1.41962e+186  -3.40067e+186  -3.7023e+186  1.24387e+186  2.88663e+186  5.42183e+184  -8.90716e+185  -1.47091e+185  -7.09703e+183  7.17459e+185  7.31957e+185  -2.17257e+186  7.36809e+185  -1.03017e+187  -3.40513e+187  -1.03017e+187  7.36809e+185  -2.17257e+186  7.31957e+185  7.17459e+185  -7.09702e+183  -1.47091e+185  -8.90716e+185  5.42183e+184  2.88663e+186  1.24387e+186  -3.7023e+186  -3.40067e+186  -1.41962e+186  -7.59274e+185  
0  0  0  0  0  0  0  0  0  0  0  0  0  0  0  0  0  0  0  0  0  0  0  0  0  0  0  0  0  0  0  
