1  1  1  1  1  1  1  1  1  1  1  1  1  1  1  1  1  1  1  1  1  1  1  1  1  1  1  1  1  1  1  
1.60831e+198  -3.84579e+197  -6.36325e+198  1.54815e+199  1.93232e+200  -1.46937e+200  -2.28354e+201  1.03827e+200  1.3668e+202  5.36377e+201  -4.2926e+202  -3.1623e+202  5.38293e+202  5.93149e+202  1.87262e+202  1.29699e+202  1.87262e+202  5.93149e+202  5.38293e+202  -3.1623e+202  -4.2926e+202  5.36377e+201  1.3668e+202  1.03827e+200  -2.28354e+201  -1.46937e+200  1.93232e+200  1.54815e+199  -6.36325e+198  -3.84579e+197  1.60831e+198  
-2.93914e+198  -1.128e+198  4.3054e+198  9.64227e+199  -1.04557e+200  -2.36353e+201  3.28938e+200  2.57872e+202  9.5443e+201  -1.43759e+203  -1.05456e+203  3.77568e+203  4.03575e+203  -1.95858e+203  -3.47832e+203  -3.11089e+203  -3.47832e+203  -1.95858e+203  4.03575e+203  3.77568e+203  -1.05456e+203  -1.43759e+203  9.5443e+201  2.57872e+202  3.28938e+200  -2.36353e+201  -1.04557e+200  9.64227e+199  4.3054e+198  -1.128e+198  -2.93914e+198  
-8.59509e+198  2.44653e+197  2.67639e+199  -4.53738e+199  -1.34266e+201  4.11534e+200  2.55871e+202  8.00256e+201  -2.37938e+203  -1.68972e+203  1.11019e+204  1.15722e+204  -1.9616e+204  -2.83637e+204  -1.01309e+204  -5.79622e+203  -1.01309e+204  -2.83637e+204  -1.9616e+204  1.15722e+204  1.11019e+204  -1.68972e+203  -2.37938e+203  8.00256e+201  2.55871e+202  4.11534e+200  -1.34266e+201  -4.53738e+199  2.67639e+199  2.44653e+197  -8.59509e+198  
1.26542e+199  7.10916e+198  -9.52611e+198  -4.01078e+200  2.25379e+200  1.39477e+202  3.13633e+201  -2.16031e+203  -1.45345e+203  1.68637e+204  1.71258e+204  -6.07618e+204  -8.28564e+204  4.11308e+204  9.49063e+204  8.92359e+204  9.49063e+204  4.11308e+204  -8.28564e+204  -6.07618e+204  1.71258e+204  1.68637e+204  -1.45345e+203  -2.16031e+203  3.13633e+201  1.39477e+202  2.25379e+200  -4.01078e+200  -9.52611e+198  7.10916e+198  1.26542e+199  
4.66622e+199  2.1705e+199  -5.31665e+199  5.91875e+199  4.15709e+201  3.92457e+200  -1.11408e+203  -6.91161e+202  1.44148e+204  1.42101e+204  -9.2341e+204  -1.21806e+205  2.19987e+205  3.9001e+205  1.53529e+205  7.01867e+204  1.53529e+205  3.9001e+205  2.19987e+205  -1.21806e+205  -9.2341e+204  1.42101e+204  1.44148e+204  -6.91161e+202  -1.11408e+203  3.92457e+200  4.15709e+201  5.91875e+199  -5.31665e+199  2.1705e+199  4.66622e+199  
-1.48137e+200  -1.12425e+200  -5.28748e+198  6.38461e+200  -6.56966e+199  -3.21187e+202  -1.76005e+202  7.10964e+203  6.76266e+203  -7.78596e+204  -1.00172e+205  3.86878e+205  6.40881e+205  -3.54092e+205  -9.88949e+205  -9.80874e+205  -9.88949e+205  -3.54092e+205  6.40881e+205  3.86878e+205  -1.00172e+205  -7.78596e+204  6.76266e+203  7.10964e+203  -1.76005e+202  -3.21187e+202  -6.56966e+199  6.38461e+200  -5.28748e+198  -1.12425e+200  -1.48137e+200  
-3.72795e+200  -2.83348e+200  -1.50053e+199  -2.97412e+199  -4.81398e+201  -2.14345e+201  1.98118e+203  1.80152e+203  -3.77155e+204  -4.74803e+204  3.45214e+205  5.5326e+205  -1.14902e+206  -2.41356e+206  -1.03018e+206  -3.50159e+205  -1.03018e+206  -2.41356e+206  -1.14902e+206  5.5326e+205  3.45214e+205  -4.74803e+204  -3.77155e+204  1.80152e+203  1.98118e+203  -2.14345e+201  -4.81398e+201  -2.97412e+199  -1.50053e+199  -2.83348e+200  -3.72795e+200  
1.51484e+201  1.20146e+201  2.61314e+200  -3.28939e+200  -9.61335e+199  2.89169e+202  2.47663e+202  -1.03092e+204  -1.27162e+204  1.71005e+205  2.6867e+205  -1.23889e+206  -2.43327e+206  1.64107e+206  5.22345e+206  5.47675e+206  5.22345e+206  1.64107e+206  -2.43327e+206  -1.23889e+206  2.6867e+205  1.71005e+205  -1.27162e+204  -1.03092e+204  2.47663e+202  2.89169e+202  -9.61335e+199  -3.28939e+200  2.61314e+200  1.20146e+201  1.51484e+201  
2.0895e+201  1.58915e+201  8.81001e+199  2.84236e+199  1.8574e+201  1.46476e+201  -1.47528e+203  -1.78488e+203  4.70165e+204  7.29936e+204  -6.69223e+205  -1.27855e+206  3.31947e+206  8.07475e+206  3.67264e+206  7.65249e+205  3.67264e+206  8.07475e+206  3.31947e+206  -1.27855e+206  -6.69223e+205  7.29936e+204  4.70165e+204  -1.78488e+203  -1.47528e+203  1.46476e+201  1.8574e+201  2.84236e+199  8.81001e+199  1.58915e+201  2.0895e+201  
-8.26445e+201  -6.69583e+201  -1.98995e+201  -4.69185e+198  2.53699e+199  -9.2878e+201  -1.10772e+202  6.70544e+203  1.03699e+204  -1.92199e+205  -3.63188e+205  2.21909e+206  5.1054e+206  -4.62252e+206  -1.59751e+207  -1.77208e+207  -1.59751e+207  -4.62252e+206  5.1054e+206  2.21909e+206  -3.63188e+205  -1.92199e+205  1.03699e+204  6.70544e+203  -1.10772e+202  -9.2878e+201  2.53699e+199  -4.69185e+198  -1.98995e+201  -6.69583e+201  -8.26445e+201  
-6.52487e+201  -4.63127e+201  1.04954e+201  3.78567e+200  -1.60782e+200  -2.02206e+200  4.18209e+202  6.53893e+202  -2.79927e+204  -5.30138e+204  7.08241e+205  1.60424e+206  -5.74713e+206  -1.59766e+207  -7.57263e+206  -3.211e+205  -7.57263e+206  -1.59766e+207  -5.74713e+206  1.60424e+206  7.08241e+205  -5.30138e+204  -2.79927e+204  6.53893e+202  4.18209e+202  -2.02206e+200  -1.60782e+200  3.78567e+200  1.04954e+201  -4.63127e+201  -6.52487e+201  
2.61808e+202  2.15482e+202  7.65027e+201  6.8953e+199  -7.05838e+199  7.2764e+200  1.22263e+201  -1.75849e+203  -3.40524e+203  1.09277e+205  2.48646e+205  -2.30646e+206  -6.21446e+206  8.35413e+206  3.03435e+207  3.56127e+207  3.03435e+207  8.35413e+206  -6.21446e+206  -2.30646e+206  2.48646e+205  1.09277e+205  -3.40524e+203  -1.75849e+203  1.22263e+201  7.2764e+200  -7.05838e+199  6.8953e+199  7.65027e+201  2.15482e+202  2.61808e+202  
1.18075e+202  7.27666e+201  -6.31581e+201  -2.69369e+201  -4.44216e+199  1.6359e+199  -3.0514e+201  -6.45379e+201  7.07865e+203  1.65693e+204  -4.00993e+205  -1.08769e+206  6.13553e+206  1.94793e+207  9.3028e+206  -1.86431e+206  9.3028e+206  1.94793e+207  6.13553e+206  -1.08769e+206  -4.00993e+205  1.65693e+204  7.07865e+203  -6.45379e+201  -3.0514e+201  1.6359e+199  -4.44216e+199  -2.69369e+201  -6.31581e+201  7.27666e+201  1.18075e+202  
-5.15473e+202  -4.29392e+202  -1.71148e+202  7.83241e+200  7.26479e+200  1.489e+199  -1.0045e+199  1.24181e+202  3.2038e+202  -2.77683e+204  -7.79704e+204  1.36107e+206  4.37118e+206  -9.85958e+206  -3.70787e+207  -4.60346e+207  -3.70787e+207  -9.85958e+206  4.37118e+206  1.36107e+206  -7.79704e+204  -2.77683e+204  3.2038e+202  1.24181e+202  -1.0045e+199  1.489e+199  7.26479e+200  7.83241e+200  -1.71148e+202  -4.29392e+202  -5.15473e+202  
-1.2557e+202  -5.41033e+201  1.60296e+202  7.75648e+201  -8.65567e+198  -1.86875e+200  -7.41849e+198  2.87462e+199  -5.02541e+202  -1.56662e+203  1.07326e+205  3.6199e+205  -3.97951e+206  -1.47222e+207  -6.64663e+206  4.2456e+206  -6.64663e+206  -1.47222e+207  -3.97951e+206  3.6199e+205  1.07326e+205  -1.56662e+203  -5.02541e+202  2.87462e+199  -7.41849e+198  -1.86875e+200  -8.65567e+198  7.75648e+201  1.60296e+202  -5.41033e+201  -1.2557e+202  
6.53044e+202  5.49225e+202  2.37768e+202  -3.26158e+201  -2.50954e+201  -3.40534e+199  4.75511e+199  1.63825e+199  -1.16412e+200  2.06974e+203  7.84955e+203  -4.07772e+205  -1.64847e+206  7.55058e+206  2.94729e+207  3.871e+207  2.94729e+207  7.55058e+206  -1.64847e+206  -4.07772e+205  7.84955e+203  2.06974e+203  -1.16412e+200  1.63825e+199  4.75511e+199  -3.40534e+199  -2.50954e+201  -3.26158e+201  2.37768e+202  5.49225e+202  6.53044e+202  
7.39344e+201  -1.72026e+200  -2.28684e+202  -1.23247e+202  4.42531e+200  7.16763e+200  1.57715e+199  -1.172e+199  -7.41748e+199  4.71929e+200  -8.90057e+203  -4.20953e+204  1.4496e+206  6.67716e+206  2.39851e+206  -4.34071e+206  2.39851e+206  6.67716e+206  1.4496e+206  -4.20953e+204  -8.90057e+203  4.71929e+200  -7.41748e+199  -1.172e+199  1.57715e+199  7.16763e+200  4.42531e+200  -1.23247e+202  -2.28684e+202  -1.72026e+200  7.39344e+201  
-5.38092e+202  -4.56316e+202  -2.10988e+202  5.53061e+201  4.3401e+201  -1.12773e+199  -1.91196e+200  -5.47358e+198  4.33438e+198  1.36036e+200  -1.40945e+201  4.1712e+204  2.5154e+205  -3.64775e+206  -1.50853e+207  -2.09745e+207  -1.50853e+207  -3.64775e+206  2.5154e+205  4.1712e+204  -1.40945e+201  1.36036e+200  4.33438e+198  -5.47358e+198  -1.91196e+200  -1.12773e+199  4.3401e+201  5.53061e+201  -2.10988e+202  -4.56316e+202  -5.38092e+202  
-1.73148e+201  3.62106e+201  1.96787e+202  1.17353e+202  -9.63041e+200  -1.2845e+201  -2.00799e+199  4.70396e+199  7.02282e+199  5.34549e+199  -8.12152e+201  2.56199e+202  -2.2185e+205  -1.63785e+206  -1.14111e+205  2.47357e+206  -1.14111e+205  -1.63785e+206  -2.2185e+205  2.56199e+202  -8.12152e+201  5.34549e+199  7.02282e+199  4.70396e+199  -2.00799e+199  -1.2845e+201  -9.63041e+200  1.17353e+202  1.96787e+202  3.62106e+201  -1.73148e+201  
2.85345e+202  2.43975e+202  1.19864e+202  -4.99206e+201  -4.21546e+201  1.00753e+200  3.39995e+200  -7.28273e+198  -6.14484e+199  1.92292e+201  -2.29033e+201  -3.81112e+202  7.63554e+203  1.05034e+206  4.8059e+206  7.08661e+206  4.8059e+206  1.05034e+206  7.63554e+203  -3.81112e+202  -2.29033e+201  1.92292e+201  -6.14484e+199  -7.28273e+198  3.39995e+200  1.00753e+200  -4.21546e+201  -4.99206e+201  1.19864e+202  2.43975e+202  2.85345e+202  
-4.30142e+200  -2.8953e+201  -1.02908e+202  -6.80476e+201  9.07148e+200  1.22022e+201  1.32416e+199  -5.77067e+199  -5.11857e+200  -9.21033e+200  2.97806e+202  -3.69483e+202  -1.55428e+204  1.45303e+205  -2.14007e+205  -8.00119e+205  -2.14007e+205  1.45303e+205  -1.55428e+204  -3.69483e+202  2.97806e+202  -9.21033e+200  -5.11857e+200  -5.77067e+199  1.32416e+199  1.22022e+201  9.07148e+200  -6.80476e+201  -1.02908e+202  -2.8953e+201  -4.30142e+200  
-9.40541e+201  -8.11901e+201  -4.2598e+201  2.51686e+201  2.35407e+201  -1.06371e+200  -3.09417e+200  7.70461e+199  4.02703e+200  -5.27751e+201  -9.22347e+201  2.31766e+203  -2.46952e+202  -1.61962e+205  -8.90515e+205  -1.3977e+206  -8.90515e+205  -1.61962e+205  -2.46952e+202  2.31766e+203  -9.22347e+201  -5.27751e+201  4.02703e+200  7.70461e+199  -3.09417e+200  -1.06371e+200  2.35407e+201  2.51686e+201  -4.2598e+201  -8.11901e+201  -9.40541e+201  
3.58267e+200  1.0582e+201  3.158e+201  2.33765e+201  -4.25404e+200  -6.27122e+200  -1.01414e+199  -7.80518e+198  5.95993e+200  2.50189e+201  -2.44434e+202  -5.05624e+202  8.15991e+203  1.43409e+204  6.68378e+204  1.38056e+205  6.68378e+204  1.43409e+204  8.15991e+203  -5.05624e+202  -2.44434e+202  2.50189e+201  5.95993e+200  -7.80518e+198  -1.01414e+199  -6.27122e+200  -4.25404e+200  2.33765e+201  3.158e+201  1.0582e+201  3.58267e+200  
1.79708e+201  1.57129e+201  8.9392e+200  -6.85666e+200  -7.29607e+200  4.37094e+199  1.45009e+200  -3.45824e+199  -3.51971e+200  1.89465e+201  8.33522e+201  -5.57626e+202  -1.59191e+203  1.06755e+204  8.44302e+204  1.42009e+205  8.44302e+204  1.06755e+204  -1.59191e+203  -5.57626e+202  8.33522e+201  1.89465e+201  -3.51971e+200  -3.45824e+199  1.45009e+200  4.37094e+199  -7.29607e+200  -6.85666e+200  8.9392e+200  1.57129e+201  1.79708e+201  
-7.7824e+199  -1.88768e+200  -5.21598e+200  -4.3978e+200  9.6231e+199  1.66207e+200  2.03799e+198  1.13829e+198  -8.67049e+199  -8.04458e+200  3.03744e+201  1.55076e+202  -5.90258e+202  -2.94347e+203  -6.92997e+203  -1.08113e+204  -6.92997e+203  -2.94347e+203  -5.90258e+202  1.55076e+202  3.03744e+201  -8.04458e+200  -8.67049e+199  1.13829e+198  2.03799e+198  1.66207e+200  9.6231e+199  -4.3978e+200  -5.21598e+200  -1.88768e+200  -7.7824e+199  
-1.74218e+200  -1.55243e+200  -9.83176e+199  9.01371e+199  1.12974e+200  -6.77935e+198  -3.02285e+199  -7.32441e+197  4.5928e+199  -8.56568e+199  -1.02178e+201  2.27403e+201  1.62711e+202  -1.43052e+202  -3.13015e+203  -5.71495e+203  -3.13015e+203  -1.43052e+202  1.62711e+202  2.27403e+201  -1.02178e+201  -8.56568e+199  4.5928e+199  -7.32441e+197  -3.02285e+199  -6.77935e+198  1.12974e+200  9.01371e+199  -9.83176e+199  -1.55243e+200  -1.74218e+200  
6.19054e+198  1.43114e+199  3.86738e+199  3.82388e+199  -8.89796e+198  -1.97514e+199  -5.04988e+197  3.38558e+198  2.54484e+197  3.20645e+199  -3.21153e+199  -6.54726e+200  4.92967e+200  8.95353e+201  1.90899e+202  2.5457e+202  1.90899e+202  8.95353e+201  4.92967e+200  -6.54726e+200  -3.21153e+199  3.20645e+199  2.54484e+197  3.38558e+198  -5.04988e+197  -1.97514e+199  -8.89796e+198  3.82388e+199  3.86738e+199  1.43114e+199  6.19054e+198  
6.44456e+198  5.92197e+198  4.3542e+198  -4.38005e+198  -6.88416e+198  2.53805e+197  2.45416e+198  2.30617e+197  -4.15685e+197  -3.60317e+197  8.35064e+198  7.14075e+197  -1.65913e+200  -1.32116e+200  1.99751e+201  4.09239e+201  1.99751e+201  -1.32116e+200  -1.65913e+200  7.14075e+197  8.35064e+198  -3.60317e+197  -4.15685e+197  2.30617e+197  2.45416e+198  2.53805e+197  -6.88416e+198  -4.38005e+198  4.3542e+198  5.92197e+198  6.44456e+198  
-1.21047e+197  -2.96414e+197  -8.22516e+197  -1.01769e+198  2.12258e+197  7.47954e+197  6.31275e+196  -2.28322e+197  -5.24326e+196  1.53673e+197  8.53373e+196  -8.3034e+197  -1.25304e+197  -1.9047e+197  -5.43263e+198  -9.04435e+198  -5.43263e+198  -1.9047e+197  -1.25304e+197  -8.3034e+197  8.53373e+196  1.53673e+197  -5.24326e+196  -2.28322e+197  6.31275e+196  7.47954e+197  2.12258e+197  -1.01769e+198  -8.22516e+197  -2.96414e+197  -1.21047e+197  
0  0  0  0  0  0  0  0  0  0  0  0  0  0  0  0  0  0  0  0  0  0  0  0  0  0  0  0  0  0  0  
