1  1  1  1  1  1  1  1  1  1  1  1  1  1  1  1  1  1  1  1  1  1  1  1  1  1  1  1  1  1  1  
-1.39558e+207  1.39768e+207  9.77745e+207  -6.98022e+208  -3.31196e+209  9.92636e+209  4.30573e+210  -5.99625e+210  -2.83431e+211  1.46273e+211  9.9937e+211  9.02175e+210  -1.56101e+212  -9.41406e+211  -1.24269e+210  5.62099e+210  -1.24269e+210  -9.41406e+211  -1.56101e+212  9.02175e+210  9.9937e+211  1.46273e+211  -2.83431e+211  -5.99625e+210  4.30573e+210  9.92636e+209  -3.31196e+209  -6.98022e+208  9.77745e+207  1.39768e+207  -1.39558e+207  
9.34095e+207  1.81266e+207  -2.07722e+208  -1.67374e+209  7.23456e+209  4.4398e+210  -8.82259e+210  -5.25489e+211  4.43861e+211  3.21983e+212  -3.95023e+211  -9.7627e+212  -4.25918e+212  8.73831e+212  8.56186e+212  7.2281e+212  8.56186e+212  8.73831e+212  -4.25918e+212  -9.7627e+212  -3.95023e+211  3.21983e+212  4.43861e+211  -5.25489e+211  -8.82259e+210  4.4398e+210  7.23456e+209  -1.67374e+209  -2.07722e+208  1.81266e+207  9.34095e+207  
9.76362e+207  -4.28089e+207  -4.64144e+208  3.01757e+209  2.50038e+210  -7.01976e+210  -5.12674e+211  6.53435e+211  5.16785e+212  -2.03653e+212  -2.68604e+213  -6.35085e+212  5.94234e+213  4.66123e+213  -3.98479e+210  -6.9894e+212  -3.98479e+210  4.66123e+213  5.94234e+213  -6.35085e+212  -2.68604e+213  -2.03653e+212  5.16785e+212  6.53435e+211  -5.12674e+211  -7.01976e+210  2.50038e+210  3.01757e+209  -4.64144e+208  -4.28089e+207  9.76362e+207  
-3.40402e+208  -1.05268e+208  6.00136e+208  7.41513e+209  -2.99675e+210  -2.75355e+211  5.12435e+211  4.57422e+212  -3.40325e+212  -3.89479e+213  2.78623e+211  1.6167e+214  9.46269e+213  -1.95305e+214  -2.31664e+214  -1.99679e+214  -2.31664e+214  -1.95305e+214  9.46269e+213  1.6167e+214  2.78623e+211  -3.89479e+213  -3.40325e+212  4.57422e+212  5.12435e+211  -2.75355e+211  -2.99675e+210  7.41513e+209  6.00136e+208  -1.05268e+208  -3.40402e+208  
1.86168e+208  4.18151e+208  1.1141e+209  -6.69451e+209  -8.10414e+210  2.20066e+211  2.30832e+212  -2.80434e+212  -3.21155e+213  1.01127e+213  2.28158e+214  8.08565e+213  -6.82383e+214  -6.50502e+214  1.77281e+213  1.72539e+214  1.77281e+213  -6.50502e+214  -6.82383e+214  8.08565e+213  2.28158e+214  1.01127e+213  -3.21155e+213  -2.80434e+212  2.30832e+212  2.20066e+211  -8.10414e+210  -6.69451e+209  1.1141e+209  4.18151e+208  1.86168e+208  
1.50069e+209  1.01805e+209  -4.29873e+208  -1.21823e+210  5.00306e+210  6.53174e+211  -1.23594e+212  -1.53772e+213  1.11341e+213  1.8269e+214  1.26599e+213  -1.04335e+215  -7.53837e+214  1.71785e+215  2.38593e+215  2.1201e+215  2.38593e+215  1.71785e+215  -7.53837e+214  -1.04335e+215  1.26599e+213  1.8269e+214  1.11341e+213  -1.53772e+213  -1.23594e+212  6.53174e+211  5.00306e+210  -1.21823e+210  -4.29873e+208  1.01805e+209  1.50069e+209  
-7.32378e+209  -5.94846e+209  -1.82253e+209  5.49954e+209  9.64597e+210  -2.86477e+211  -4.17772e+212  5.46927e+212  8.50086e+213  -2.595e+213  -8.59577e+214  -3.85411e+214  3.58461e+215  4.02637e+215  -2.94507e+214  -1.69517e+215  -2.94507e+214  4.02637e+215  3.58461e+215  -3.85411e+214  -8.59577e+214  -2.595e+213  8.50086e+213  5.46927e+212  -4.17772e+212  -2.86477e+211  9.64597e+210  5.49954e+209  -1.82253e+209  -5.94846e+209  -7.32378e+209  
-9.24983e+209  -7.08597e+209  -5.94379e+208  5.89867e+209  -3.14501e+210  -5.96492e+211  1.33739e+212  2.24703e+213  -1.88364e+213  -4.02571e+214  -3.76498e+213  3.33994e+215  2.84499e+215  -7.80565e+215  -1.24092e+216  -1.1465e+216  -1.24092e+216  -7.80565e+215  2.84499e+215  3.33994e+215  -3.76498e+213  -4.02571e+214  -1.88364e+213  2.24703e+213  1.33739e+212  -5.96492e+211  -3.14501e+210  5.89867e+209  -5.94379e+208  -7.08597e+209  -9.24983e+209  
5.52031e+210  4.41318e+210  1.09179e+210  -1.18408e+209  -3.76864e+210  1.51737e+211  3.12298e+212  -5.27785e+212  -1.05888e+214  4.32579e+213  1.65853e+215  8.44576e+214  -1.02346e+216  -1.32893e+216  2.00591e+215  8.52871e+215  2.00591e+215  -1.32893e+216  -1.02346e+216  8.44576e+214  1.65853e+215  4.32579e+213  -1.05888e+214  -5.27785e+212  3.12298e+212  1.51737e+211  -3.76864e+210  -1.18408e+209  1.09179e+210  4.41318e+210  5.52031e+210  
3.43031e+210  2.4053e+210  -6.6974e+209  -1.47026e+209  6.20123e+209  1.91576e+211  -6.40016e+211  -1.45421e+213  1.76144e+213  4.48508e+214  1.22545e+213  -5.89999e+215  -5.72061e+215  2.07913e+216  3.72195e+216  3.60112e+216  3.72195e+216  2.07913e+216  -5.72061e+215  -5.89999e+215  1.22545e+213  4.48508e+214  1.76144e+213  -1.45421e+213  -6.40016e+211  1.91576e+211  6.20123e+209  -1.47026e+209  -6.6974e+209  2.4053e+210  3.43031e+210  
-2.22554e+211  -1.80283e+211  -5.34729e+210  -2.75656e+208  3.43359e+209  -2.7197e+210  -8.76764e+211  2.43568e+212  6.22196e+213  -4.62677e+213  -1.7254e+215  -8.75407e+214  1.7221e+216  2.5543e+216  -7.24394e+215  -2.48388e+216  -7.24394e+215  2.5543e+216  1.7221e+216  -8.75407e+214  -1.7254e+215  -4.62677e+213  6.22196e+213  2.43568e+212  -8.76764e+211  -2.7197e+210  3.43359e+209  -2.75656e+208  -5.34729e+210  -1.80283e+211  -2.22554e+211  
-6.64164e+210  -3.56288e+210  5.67339e+210  1.58609e+210  -6.26502e+207  -1.48318e+210  1.10533e+211  3.74473e+212  -8.44959e+212  -2.49645e+214  5.93551e+213  5.96613e+215  6.3356e+215  -3.45817e+216  -6.90283e+216  -7.03858e+216  -6.90283e+216  -3.45817e+216  6.3356e+215  5.96613e+215  5.93551e+213  -2.49645e+214  -8.44959e+212  3.74473e+212  1.10533e+211  -1.48318e+210  -6.26502e+207  1.58609e+210  5.67339e+210  -3.56288e+210  -6.64164e+210  
5.42683e+211  4.43958e+211  1.47786e+211  -8.1699e+209  -3.73033e+209  6.73586e+208  6.24668e+210  -4.26866e+211  -1.53225e+213  2.62398e+213  9.4778e+214  3.36976e+214  -1.75848e+216  -2.96324e+216  1.5393e+216  4.46661e+216  1.5393e+216  -2.96324e+216  -1.75848e+216  3.36976e+214  9.4778e+214  2.62398e+213  -1.53225e+213  -4.26866e+211  6.24668e+210  6.73586e+208  -3.73033e+209  -8.1699e+209  1.47786e+211  4.43958e+211  5.42683e+211  
5.86152e+210  -1.76639e+209  -1.82911e+211  -6.4303e+210  9.39455e+208  8.75714e+208  -2.85166e+209  -2.55833e+211  1.59436e+212  6.12402e+213  -6.61821e+213  -3.37637e+215  -3.65378e+215  3.68858e+216  8.19634e+216  8.86216e+216  8.19634e+216  3.68858e+216  -3.65378e+215  -3.37637e+215  -6.61821e+213  6.12402e+213  1.59436e+212  -2.55833e+211  -2.85166e+209  8.75714e+208  9.39455e+208  -6.4303e+210  -1.82911e+211  -1.76639e+209  5.86152e+210  
-8.41353e+211  -6.93047e+211  -2.48129e+211  4.19439e+210  1.98021e+210  -5.68603e+207  -1.53991e+208  1.1495e+210  1.04238e+212  -5.8146e+212  -2.42374e+214  6.61772e+213  1.07341e+216  2.05897e+216  -2.01923e+216  -5.11491e+216  -2.01923e+216  2.05897e+216  1.07341e+216  6.61772e+213  -2.42374e+214  -5.8146e+212  1.04238e+212  1.1495e+210  -1.53991e+208  -5.68603e+207  1.98021e+210  4.19439e+210  -2.48129e+211  -6.93047e+211  -8.41353e+211  
6.02373e+209  8.56138e+210  3.24384e+211  1.31642e+211  -7.89756e+209  -5.50191e+209  -1.38343e+207  -2.4065e+208  -4.67183e+210  -4.3264e+212  2.05979e+213  9.53265e+214  7.87295e+214  -2.52099e+216  -6.29608e+216  -7.26641e+216  -6.29608e+216  -2.52099e+216  7.87295e+214  9.53265e+214  2.05979e+213  -4.3264e+212  -4.67183e+210  -2.4065e+208  -1.38343e+207  -5.50191e+209  -7.89756e+209  1.31642e+211  3.24384e+211  8.56138e+210  6.02373e+209  
8.47527e+211  7.01563e+211  2.63672e+211  -8.88968e+210  -4.63351e+210  1.28709e+209  1.45813e+209  -1.28227e+207  1.41572e+209  1.97525e+211  1.87852e+213  -6.69783e+213  -3.60579e+215  -7.95962e+215  1.66031e+216  3.75365e+216  1.66031e+216  -7.95962e+215  -3.60579e+215  -6.69783e+213  1.87852e+213  1.97525e+211  1.41572e+209  -1.28227e+207  1.45813e+209  1.28709e+209  -4.63351e+210  -8.88968e+210  2.63672e+211  7.01563e+211  8.47527e+211  
-6.3256e+210  -1.34092e+211  -3.466e+211  -1.57682e+211  1.94861e+210  1.38369e+210  -1.58687e+208  -3.70448e+208  -6.04852e+207  -2.60379e+209  -8.76248e+211  -8.93348e+213  1.30142e+214  1.07295e+216  3.09422e+216  3.84163e+216  3.09422e+216  1.07295e+216  1.30142e+214  -8.93348e+213  -8.76248e+211  -2.60379e+209  -6.04852e+207  -3.70448e+208  -1.58687e+208  1.38369e+210  1.94861e+210  -1.57682e+211  -3.466e+211  -1.34092e+211  -6.3256e+210  
-5.54705e+211  -4.60988e+211  -1.79838e+211  1.01187e+211  5.87514e+210  -3.64056e+209  -3.74886e+209  6.17075e+207  -1.14276e+209  -8.91575e+209  1.70219e+211  4.42499e+212  4.85456e+214  1.25143e+215  -8.45856e+215  -1.73606e+216  -8.45856e+215  1.25143e+215  4.85456e+214  4.42499e+212  1.70219e+211  -8.91575e+209  -1.14276e+209  6.17075e+207  -3.74886e+209  -3.64056e+209  5.87514e+210  1.01187e+211  -1.79838e+211  -4.60988e+211  -5.54705e+211  
6.06103e+210  1.0247e+211  2.2805e+211  1.15307e+211  -2.29491e+210  -1.77254e+210  5.35972e+208  1.22217e+209  3.0181e+209  -3.66942e+210  -7.92209e+210  1.28597e+212  -4.98321e+213  -2.65712e+215  -9.39016e+215  -1.26671e+216  -9.39016e+215  -2.65712e+215  -4.98321e+213  1.28597e+212  -7.92209e+210  -3.66942e+210  3.0181e+209  1.22217e+209  5.35972e+208  -1.77254e+210  -2.29491e+210  1.15307e+211  2.2805e+211  1.0247e+211  6.06103e+210  
2.30771e+211  1.92594e+211  7.80629e+210  -6.57809e+210  -4.28691e+210  4.27659e+209  4.58838e+209  -1.02043e+209  8.1835e+209  5.81819e+210  -5.79256e+211  -1.18848e+212  3.79838e+213  1.42111e+214  2.56069e+215  4.83898e+215  2.56069e+215  1.42111e+214  3.79838e+213  -1.18848e+212  -5.79256e+211  5.81819e+210  8.1835e+209  -1.02043e+209  4.58838e+209  4.27659e+209  -4.28691e+210  -6.57809e+210  7.80629e+210  1.92594e+211  2.30771e+211  
-2.76471e+210  -4.34172e+210  -9.07274e+210  -5.11722e+210  1.42254e+210  1.23485e+210  -4.06187e+208  -2.25185e+209  -1.45723e+210  8.48177e+210  5.23299e+211  -4.36596e+212  -1.5431e+213  3.299e+214  1.64047e+215  2.4374e+215  1.64047e+215  3.299e+214  -1.5431e+213  -4.36596e+212  5.23299e+211  8.48177e+210  -1.45723e+210  -2.25185e+209  -4.06187e+208  1.23485e+210  1.42254e+210  -5.11722e+210  -9.07274e+210  -4.34172e+210  -2.76471e+210  
-5.80406e+210  -4.87369e+210  -2.08255e+210  2.41302e+210  1.78788e+210  -2.42746e+209  -2.87964e+209  2.24707e+209  -7.15716e+209  -8.81719e+210  3.73432e+211  2.36371e+212  -1.41691e+213  -7.39252e+213  -4.22263e+214  -7.44246e+214  -4.22263e+214  -7.39252e+213  -1.41691e+213  2.36371e+212  3.73432e+211  -8.81719e+210  -7.15716e+209  2.24707e+209  -2.87964e+209  -2.42746e+209  1.78788e+210  2.41302e+210  -2.08255e+210  -4.87369e+210  -5.80406e+210  
6.49771e+209  1.00132e+210  2.05595e+210  1.31108e+210  -4.58259e+209  -4.60018e+209  9.4749e+207  8.48834e+208  9.60809e+209  -2.07038e+210  -2.69295e+211  7.64131e+211  5.72298e+212  -1.29566e+213  -1.44567e+214  -2.41361e+214  -1.44567e+214  -1.29566e+213  5.72298e+212  7.64131e+211  -2.69295e+211  -2.07038e+210  9.60809e+209  8.48834e+208  9.4749e+207  -4.60018e+209  -4.58259e+209  1.31108e+210  2.05595e+210  1.00132e+210  6.49771e+209  
8.01878e+209  6.804e+209  3.15967e+209  -4.63568e+209  -3.98919e+209  6.38723e+208  9.51997e+208  -6.31385e+208  9.94001e+207  2.13581e+210  -2.51785e+210  -4.4753e+211  5.61793e+211  7.4788e+212  3.18129e+213  5.30238e+213  3.18129e+213  7.4788e+212  5.61793e+211  -4.4753e+211  -2.51785e+210  2.13581e+210  9.94001e+207  -6.31385e+208  9.51997e+208  6.38723e+208  -3.98919e+209  -4.63568e+209  3.15967e+209  6.804e+209  8.01878e+209  
-7.21004e+208  -1.12603e+209  -2.34112e+209  -1.72872e+209  6.93359e+208  8.38564e+208  -3.74732e+207  -1.05877e+208  -9.53481e+208  -4.1809e+208  2.50948e+210  -5.15647e+209  -4.01694e+211  -3.40512e+211  4.87637e+212  9.4474e+212  4.87637e+212  -3.40512e+211  -4.01694e+211  -5.15647e+209  2.50948e+210  -4.1809e+208  -9.53481e+208  -1.05877e+208  -3.74732e+207  8.38564e+208  6.93359e+208  -1.72872e+209  -2.34112e+209  -1.12603e+209  -7.21004e+208  
-5.03429e+208  -4.35232e+208  -2.30642e+208  3.923e+208  4.06787e+208  -6.61372e+207  -1.31797e+208  1.12648e+207  7.36605e+207  -6.80112e+208  -8.72878e+208  1.45963e+210  1.37519e+210  -1.76232e+211  -7.1487e+211  -1.14949e+212  -7.1487e+211  -1.76232e+211  1.37519e+210  1.45963e+210  -8.72878e+208  -6.80112e+208  7.36605e+207  1.12648e+207  -1.31797e+208  -6.61372e+207  4.06787e+208  3.923e+208  -2.30642e+208  -4.35232e+208  -5.03429e+208  
2.882e+207  4.70916e+207  1.01906e+208  9.09381e+207  -3.81219e+207  -6.04614e+207  2.76394e+206  1.57355e+207  1.66244e+205  1.44281e+207  -1.58958e+208  -4.1173e+208  3.23265e+209  8.25352e+209  -2.73023e+210  -6.55206e+210  -2.73023e+210  8.25352e+209  3.23265e+209  -4.1173e+208  -1.58958e+208  1.44281e+207  1.66244e+205  1.57355e+207  2.76394e+206  -6.04614e+207  -3.81219e+207  9.09381e+207  1.01906e+208  4.70916e+207  2.882e+207  
9.00488e+206  8.07657e+206  5.29167e+206  -9.51505e+206  -1.30103e+207  1.77249e+206  6.08904e+206  3.23609e+205  -8.58667e+205  -2.12522e+206  -4.96513e+206  1.54189e+207  1.32756e+207  8.30857e+205  1.7401e+208  3.70855e+208  1.7401e+208  8.30857e+205  1.32756e+207  1.54189e+207  -4.96513e+206  -2.12522e+206  -8.58668e+205  3.23609e+205  6.08904e+206  1.77249e+206  -1.30103e+207  -9.51505e+206  5.29167e+206  8.07657e+206  9.00488e+206  
0  0  0  0  0  0  0  0  0  0  0  0  0  0  0  0  0  0  0  0  0  0  0  0  0  0  0  0  0  0  0  
