1  1  1  1  1  1  1  1  1  1  1  1  1  1  1  1  1  1  1  1  1  1  1  1  1  1  1  1  1  1  1  
4.4887e+214  -4.908e+213  -1.54293e+215  1.23089e+215  4.49739e+216  6.4188e+215  -5.10004e+217  -2.94854e+217  2.9116e+218  2.5545e+218  -8.54541e+218  -9.83736e+218  9.02829e+218  1.42179e+219  6.05019e+218  4.54577e+218  6.05019e+218  1.42179e+219  9.02829e+218  -9.83736e+218  -8.54541e+218  2.5545e+218  2.9116e+218  -2.94854e+217  -5.10004e+217  6.4188e+215  4.49739e+216  1.23089e+215  -1.54293e+215  -4.908e+213  4.4887e+214  
-4.40645e+214  -2.64463e+214  2.64081e+214  2.23255e+216  5.50639e+215  -5.28788e+217  -3.76274e+217  5.54403e+218  5.55207e+218  -2.93151e+219  -3.66209e+219  6.98314e+219  1.08505e+220  -1.60791e+219  -6.67002e+219  -6.20086e+219  -6.67002e+219  -1.60791e+219  1.08505e+220  6.98314e+219  -3.66209e+219  -2.93151e+219  5.55207e+218  5.54403e+218  -3.76274e+217  -5.28788e+217  5.50639e+215  2.23255e+216  2.64081e+214  -2.64463e+214  -4.40645e+214  
-1.9293e+215  1.15895e+214  6.25148e+215  1.71108e+215  -3.01588e+217  -2.50437e+217  5.54893e+218  6.19744e+218  -4.94048e+219  -6.63738e+219  2.1545e+220  3.4327e+220  -3.15081e+220  -6.71135e+220  -3.31221e+220  -2.277e+220  -3.31221e+220  -6.71135e+220  -3.15081e+220  3.4327e+220  2.1545e+220  -6.63738e+219  -4.94048e+219  6.19744e+218  5.54893e+218  -2.50437e+217  -3.01588e+217  1.71108e+215  6.25148e+215  1.15895e+214  -1.9293e+215  
8.33214e+214  7.26882e+214  4.07886e+214  -9.02429e+216  -9.06845e+216  3.04728e+218  3.83442e+218  -4.55021e+219  -6.61481e+219  3.37426e+220  5.6107e+220  -1.0988e+221  -2.18828e+221  2.72981e+220  1.8306e+221  1.82071e+221  1.8306e+221  2.72981e+220  -2.18828e+221  -1.0988e+221  5.6107e+220  3.37426e+220  -6.61481e+219  -4.55021e+219  3.83442e+218  3.04728e+218  -9.06845e+216  -9.02429e+216  4.07886e+214  7.26882e+214  8.33214e+214  
6.15006e+214  -3.00096e+215  -1.38489e+216  -1.73901e+216  9.14043e+217  1.33485e+218  -2.37431e+219  -3.79582e+219  2.94878e+220  5.19727e+220  -1.76601e+221  -3.53637e+221  3.44597e+221  9.17585e+221  5.11337e+221  3.23921e+221  5.11337e+221  9.17585e+221  3.44597e+221  -3.53637e+221  -1.76601e+221  5.19727e+220  2.94878e+220  -3.79582e+219  -2.37431e+219  1.33485e+218  9.14043e+217  -1.73901e+216  -1.38489e+216  -3.00096e+215  6.15006e+214  
3.57904e+215  2.17615e+215  -2.03252e+215  1.39458e+217  2.52721e+217  -6.91248e+218  -1.25272e+219  1.47975e+220  2.82002e+220  -1.54217e+221  -3.20345e+221  6.91954e+221  1.68058e+222  -2.15001e+221  -1.92292e+222  -2.0423e+222  -1.92292e+222  -2.15001e+221  1.68058e+222  6.91954e+221  -3.20345e+221  -1.54217e+221  2.82002e+220  1.47975e+220  -1.25272e+219  -6.91248e+218  2.52721e+217  1.39458e+217  -2.03252e+215  2.17615e+215  3.57904e+215  
5.27459e+216  4.39016e+216  1.73684e+216  2.40043e+216  -1.04501e+218  -2.27116e+218  4.18236e+219  8.88482e+219  -7.66152e+220  -1.69358e+221  6.56589e+221  1.59632e+222  -1.78868e+222  -5.67802e+222  -3.52735e+222  -2.07352e+222  -3.52735e+222  -5.67802e+222  -1.78868e+222  1.59632e+222  6.56589e+221  -1.69358e+221  -7.66152e+220  8.88482e+219  4.18236e+219  -2.27116e+218  -1.04501e+218  2.40043e+216  1.73684e+216  4.39016e+216  5.27459e+216  
-5.90027e+216  -4.7421e+216  -1.26759e+216  -6.6716e+216  -2.02684e+217  6.17702e+218  1.54247e+219  -2.1362e+220  -5.1875e+220  3.37986e+221  8.57168e+221  -2.21647e+222  -6.39018e+222  1.0819e+222  1.02623e+223  1.16076e+223  1.02623e+223  1.0819e+222  -6.39018e+222  -2.21647e+222  8.57168e+221  3.37986e+221  -5.1875e+220  -2.1362e+220  1.54247e+219  6.17702e+218  -2.02684e+217  -6.6716e+216  -1.26759e+216  -4.7421e+216  -5.90027e+216  
-3.73385e+217  -2.93526e+217  -5.3951e+216  -9.16289e+215  4.01056e+217  1.31071e+218  -3.10777e+219  -8.72549e+219  9.55558e+220  2.62207e+221  -1.27714e+222  -3.71426e+222  5.23389e+222  1.90956e+223  1.30993e+223  7.17658e+222  1.30993e+223  1.90956e+223  5.23389e+222  -3.71426e+222  -1.27714e+222  2.62207e+221  9.55558e+220  -8.72549e+219  -3.10777e+219  1.31071e+218  4.01056e+217  -9.16289e+215  -5.3951e+216  -2.93526e+217  -3.73385e+217  
3.89468e+217  3.31642e+217  1.58166e+217  1.32181e+216  4.18351e+216  -1.98408e+218  -7.1284e+218  1.39348e+220  4.35392e+220  -3.82042e+221  -1.17991e+222  4.01533e+222  1.3544e+223  -3.70295e+222  -3.17869e+223  -3.81533e+223  -3.17869e+223  -3.70295e+222  1.3544e+223  4.01533e+222  -1.17991e+222  -3.82042e+221  4.35392e+220  1.39348e+220  -7.1284e+218  -1.98408e+218  4.18351e+216  1.32181e+216  1.58166e+217  3.31642e+217  3.89468e+217  
1.38347e+218  1.07816e+218  1.62247e+217  -2.30419e+216  -3.6191e+216  -2.15237e+217  8.85661e+218  3.47192e+219  -5.73437e+220  -1.98578e+221  1.36795e+222  4.76145e+222  -9.33494e+222  -3.8194e+223  -2.87135e+223  -1.46683e+223  -2.87135e+223  -3.8194e+223  -9.33494e+222  4.76145e+222  1.36795e+222  -1.98578e+221  -5.73437e+220  3.47192e+219  8.85661e+218  -2.15237e+217  -3.6191e+216  -2.30419e+216  1.62247e+217  1.07816e+218  1.38347e+218  
-1.41583e+218  -1.24735e+218  -7.41905e+217  -7.28405e+216  3.10649e+215  1.56886e+217  1.00552e+218  -3.69217e+219  -1.57587e+220  2.20155e+221  8.44932e+221  -4.26451e+222  -1.68303e+223  8.33374e+222  6.12912e+223  7.77625e+223  6.12912e+223  8.33374e+222  -1.68303e+223  -4.26451e+222  8.44932e+221  2.20155e+221  -1.57587e+220  -3.69217e+219  1.00552e+218  1.56886e+217  3.10649e+215  -7.28405e+216  -7.41905e+217  -1.24735e+218  -1.41583e+218  
-3.10675e+218  -2.38666e+218  -2.26384e+217  2.1034e+217  1.89328e+216  3.50153e+215  -6.54568e+217  -4.44914e+218  1.47263e+220  6.85233e+220  -7.90471e+221  -3.36897e+222  1.04045e+223  4.73961e+223  3.88346e+223  1.83994e+223  3.88346e+223  4.73961e+223  1.04045e+223  -3.36897e+222  -7.90471e+221  6.85233e+220  1.47263e+220  -4.44914e+218  -6.54568e+217  3.50153e+215  1.89328e+216  2.1034e+217  -2.26384e+217  -2.38666e+218  -3.10675e+218  
3.09861e+218  2.79923e+218  1.90108e+218  2.26242e+217  -5.12799e+216  -4.58867e+215  -1.76481e+216  2.65459e+218  1.92095e+219  -5.71475e+220  -2.91036e+221  2.59566e+222  1.22783e+223  -1.1989e+223  -7.62045e+223  -1.01815e+224  -7.62045e+223  -1.1989e+223  1.22783e+223  2.59566e+222  -2.91036e+221  -5.71475e+220  1.92095e+219  2.65459e+218  -1.76481e+216  -4.58867e+215  -5.12799e+216  2.26242e+217  1.90108e+218  2.79923e+218  3.09861e+218  
4.44282e+218  3.33896e+218  2.73667e+216  -6.85063e+217  -8.47891e+216  1.23918e+216  4.6075e+214  7.21147e+216  -1.07038e+219  -8.3067e+219  2.17765e+221  1.219e+222  -7.11648e+222  -3.68117e+223  -3.27877e+223  -1.41738e+223  -3.27877e+223  -3.68117e+223  -7.11648e+222  1.219e+222  2.17765e+221  -8.3067e+219  -1.07038e+219  7.21147e+216  4.6075e+214  1.23918e+216  -8.47891e+216  -6.85063e+217  2.73667e+216  3.33896e+218  4.44282e+218  
-4.27161e+218  -3.9397e+218  -2.94398e+218  -3.55364e+217  1.97194e+217  2.59256e+216  -3.01125e+215  3.06029e+215  -2.94118e+217  4.39016e+219  3.69403e+220  -8.09613e+221  -4.95428e+222  1.08469e+223  6.17735e+223  8.66331e+223  6.17735e+223  1.08469e+223  -4.95428e+222  -8.09613e+221  3.69403e+220  4.39016e+219  -2.94118e+217  3.06029e+215  -3.01125e+215  2.59256e+216  1.97194e+217  -3.55364e+217  -2.94398e+218  -3.9397e+218  -4.27161e+218  
-4.13373e+218  -3.01274e+218  3.50256e+217  1.18444e+218  1.70946e+217  -5.21468e+216  -7.29167e+215  6.89278e+214  -1.62215e+216  1.23721e+218  -1.87804e+220  -1.7426e+221  2.75914e+222  1.74516e+223  1.694e+223  6.39925e+222  1.694e+223  1.74516e+223  2.75914e+222  -1.7426e+221  -1.87804e+220  1.23721e+218  -1.62215e+216  6.89278e+214  -7.29167e+215  -5.21468e+216  1.70946e+217  1.18444e+218  3.50256e+217  -3.01274e+218  -4.13373e+218  
3.77096e+218  3.54463e+218  2.86564e+218  3.20086e+217  -3.66154e+217  -5.89068e+216  1.31135e+216  1.92838e+215  -2.99387e+213  3.01068e+216  -5.265e+218  8.73008e+220  8.932e+221  -6.03507e+222  -3.23216e+223  -4.74652e+223  -3.23216e+223  -6.03507e+222  8.932e+221  8.73008e+220  -5.265e+218  3.01068e+216  -2.99387e+213  1.92838e+215  1.31135e+216  -5.89068e+216  -3.66154e+217  3.20086e+217  2.86564e+218  3.54463e+218  3.77096e+218  
2.50349e+218  1.75156e+218  -5.04224e+217  -1.19909e+218  -1.90623e+217  9.92011e+216  1.74356e+216  -3.17736e+215  1.51638e+216  -3.1161e+216  -1.72017e+218  3.2633e+219  -4.58661e+221  -4.66508e+222  -5.01069e+222  -1.43712e+222  -5.01069e+222  -4.66508e+222  -4.58661e+221  3.2633e+219  -1.72017e+218  -3.1161e+216  1.51638e+216  -3.17736e+215  1.74356e+216  9.92011e+216  -1.90623e+217  -1.19909e+218  -5.04224e+217  1.75156e+218  2.50349e+218  
-2.11637e+218  -2.02783e+218  -1.76223e+218  -1.72452e+217  3.72977e+217  6.98534e+216  -2.44394e+216  -8.63656e+215  8.49374e+214  4.27442e+217  -1.18273e+218  -5.40088e+218  -2.37593e+219  1.9748e+222  1.05534e+223  1.62083e+223  1.05534e+223  1.9748e+222  -2.37593e+219  -5.40088e+218  -1.18273e+218  4.27442e+217  8.49374e+214  -8.63656e+215  -2.44394e+216  6.98534e+216  3.72977e+217  -1.72452e+217  -1.76223e+218  -2.02783e+218  -2.11637e+218  
-9.66716e+217  -6.41896e+217  3.32566e+217  7.25931e+217  1.25799e+217  -9.77622e+216  -1.96144e+216  7.91334e+215  -1.19019e+217  1.71569e+216  6.5539e+218  -1.85884e+219  -2.99555e+220  5.52662e+221  7.04825e+221  3.90442e+220  7.04825e+221  5.52662e+221  -2.99555e+220  -1.85884e+219  6.5539e+218  1.71569e+216  -1.19019e+217  7.91334e+215  -1.96144e+216  -9.77622e+216  1.25799e+217  7.25931e+217  3.32566e+217  -6.41896e+217  -9.66716e+217  
7.30642e+217  7.14982e+217  6.68002e+217  5.69365e+216  -2.14358e+217  -4.65014e+216  2.13918e+216  2.68841e+216  4.48713e+216  -1.26e+218  -1.44092e+217  5.1785e+219  -9.26771e+219  -3.48285e+221  -2.01006e+222  -3.2302e+222  -2.01006e+222  -3.48285e+221  -9.26771e+219  5.1785e+219  -1.44092e+217  -1.26e+218  4.48713e+216  2.68841e+216  2.13918e+216  -4.65014e+216  -2.14358e+217  5.69365e+216  6.68002e+217  7.14982e+217  7.30642e+217  
2.26878e+217  1.41272e+217  -1.15548e+217  -2.55986e+217  -4.93874e+216  5.13604e+216  1.04872e+216  -1.62786e+216  1.5212e+217  3.35229e+217  -5.93858e+218  -3.55971e+218  1.88915e+220  6.32184e+219  -1.31529e+220  4.29887e+220  -1.31529e+220  6.32184e+219  1.88915e+220  -3.55971e+218  -5.93858e+218  3.35229e+217  1.5212e+217  -1.62786e+216  1.04872e+216  5.13604e+216  -4.93874e+216  -2.55986e+217  -1.15548e+217  1.41272e+217  2.26878e+217  
-1.44841e+217  -1.45314e+217  -1.46733e+217  -1.19339e+216  6.7174e+216  1.714e+216  -8.71999e+215  -1.4437e+216  -5.76571e+216  5.06182e+217  1.24657e+218  -1.40293e+219  -2.06325e+219  2.77752e+220  1.96588e+221  3.3164e+221  1.96588e+221  2.77752e+220  -2.06325e+219  -1.40293e+219  1.24657e+218  5.06182e+217  -5.76571e+216  -1.4437e+216  -8.71999e+215  1.714e+216  6.7174e+216  -1.19339e+216  -1.46733e+217  -1.45314e+217  -1.44841e+217  
-2.95034e+216  -1.70546e+216  2.02918e+216  4.85728e+216  1.09357e+216  -1.36292e+216  -3.71576e+215  6.74478e+215  -2.61796e+216  -1.46419e+217  8.5424e+217  2.61293e+218  -1.62048e+219  -5.51637e+219  -5.1988e+219  -6.24992e+219  -5.1988e+219  -5.51637e+219  -1.62048e+219  2.61293e+218  8.5424e+217  -1.46419e+217  -2.61796e+216  6.74478e+215  -3.71576e+215  -1.36292e+216  1.09357e+216  4.85728e+216  2.02918e+216  -1.70546e+216  -2.95034e+216  
1.44342e+216  1.49463e+216  1.64828e+216  1.59111e+215  -1.03325e+216  -3.17669e+215  1.96498e+215  1.29255e+215  8.39613e+215  -3.05392e+216  -1.96163e+217  7.14723e+217  3.11366e+218  -6.5409e+218  -7.55322e+219  -1.34921e+220  -7.55322e+219  -6.5409e+218  3.11366e+218  7.14723e+217  -1.96163e+217  -3.05392e+216  8.39613e+215  1.29255e+215  1.96498e+215  -3.17669e+215  -1.03325e+216  1.59111e+215  1.64828e+216  1.49463e+216  1.44342e+216  
1.76744e+215  9.45536e+214  -1.52018e+215  -4.17692e+215  -1.17493e+215  1.56868e+215  6.03089e+214  -4.08343e+214  1.46269e+214  6.89925e+215  -1.52459e+216  -1.3389e+217  2.36466e+217  1.95905e+218  2.31749e+218  2.01476e+218  2.31749e+218  1.95905e+218  2.36466e+217  -1.3389e+217  -1.52459e+216  6.89925e+215  1.46269e+214  -4.08343e+214  6.03089e+214  1.56868e+215  -1.17493e+215  -4.17692e+215  -1.52018e+215  9.45536e+214  1.76744e+215  
-5.43203e+214  -5.87983e+214  -7.22323e+214  -1.07208e+214  6.11915e+214  2.44168e+214  -1.74359e+214  -7.89286e+213  2.23755e+213  3.08849e+212  1.84398e+215  -2.02744e+215  -3.64828e+216  2.08885e+215  5.02935e+217  9.77832e+217  5.02935e+217  2.08885e+215  -3.64828e+216  -2.02744e+215  1.84398e+215  3.08849e+212  2.23755e+213  -7.89286e+213  -1.74359e+214  2.44168e+214  6.11915e+214  -1.07208e+214  -7.22323e+214  -5.87983e+214  -5.43203e+214  
-3.09437e+213  -1.55413e+213  3.06659e+213  1.07177e+214  4.22797e+213  -5.63216e+213  -3.02421e+213  1.26994e+213  6.62592e+212  2.60814e+213  -3.73511e+212  -1.85847e+214  3.2148e+213  -5.76999e+213  -8.20877e+214  -9.21601e+214  -8.20877e+214  -5.76999e+213  3.2148e+213  -1.85847e+214  -3.73511e+212  2.60814e+213  6.62592e+212  1.26994e+213  -3.02421e+213  -5.63216e+213  4.22797e+213  1.07177e+214  3.06659e+213  -1.55413e+213  -3.09437e+213  
0  0  0  0  0  0  0  0  0  0  0  0  0  0  0  0  0  0  0  0  0  0  0  0  0  0  0  0  0  0  0  
