1  1  1  1  1  1  1  1  1  1  1  1  1  1  1  1  1  1  1  1  1  1  1  1  1  1  1  1  1  1  1  
-51.6401  -2.21861  146.046  -272.238  -4212.73  1931.45  49222.6  7808.53  -290170  -158471  892403  769307  -1.06576e+06  -1.30924e+06  -462661  -331667  -462661  -1.30924e+06  -1.06576e+06  769307  892403  -158471  -290170  7808.53  49222.6  1931.45  -4212.73  -272.238  146.046  -2.21861  -51.6401  
-36760.9  -28626.8  -4224.43  -474.419  1735.52  50888.2  7108.55  -549064  -313779  3.01065e+06  2.68599e+06  -7.68094e+06  -9.27967e+06  3.34805e+06  7.15083e+06  6.46983e+06  7.15083e+06  3.34805e+06  -9.27967e+06  -7.68094e+06  2.68599e+06  3.01065e+06  -313779  -549064  7108.55  50888.2  1735.52  -474.419  -4224.43  -28626.8  -36760.9  
195086  125747  -82268.9  -27385.3  33858.8  3791.62  -546615  -311859  5.01095e+06  4.54687e+06  -2.29045e+07  -2.7624e+07  3.83979e+07  6.233e+07  2.51534e+07  1.55976e+07  2.51534e+07  6.233e+07  3.83979e+07  -2.7624e+07  -2.29045e+07  4.54687e+06  5.01095e+06  -311859  -546615  3791.62  33858.8  -27385.3  -82268.9  125747  195086  
4.90458e+06  3.86064e+06  728832  -69348  -62640.8  -292886  -163559  4.56966e+06  4.19705e+06  -3.51127e+07  -4.25571e+07  1.22819e+08  1.89273e+08  -6.82669e+07  -1.95449e+08  -1.86914e+08  -1.95449e+08  -6.82669e+07  1.89273e+08  1.22819e+08  -4.25571e+07  -3.51127e+07  4.19705e+06  4.56966e+06  -163559  -292886  -62640.8  -69348  728832  3.86064e+06  4.90458e+06  
-1.30678e+07  -9.53259e+06  1.07317e+06  1.1617e+06  -108102  -113191  2.36866e+06  2.20365e+06  -3.02177e+07  -3.70231e+07  1.89688e+08  2.88338e+08  -4.27854e+08  -8.55399e+08  -3.84153e+08  -2.04097e+08  -3.84153e+08  -8.55399e+08  -4.27854e+08  2.88338e+08  1.89688e+08  -3.70231e+07  -3.02177e+07  2.20365e+06  2.36866e+06  -113191  -108102  1.1617e+06  1.07317e+06  -9.53259e+06  -1.30678e+07  
-1.14159e+08  -9.00458e+07  -1.77051e+07  -907949  873156  698222  614952  -1.49831e+07  -1.87134e+07  1.61618e+08  2.46449e+08  -7.79587e+08  -1.4602e+09  5.81385e+08  2.04149e+09  2.06749e+09  2.04149e+09  5.81385e+08  -1.4602e+09  -7.79587e+08  2.46449e+08  1.61618e+08  -1.87134e+07  -1.49831e+07  614952  698222  873156  -907949  -1.77051e+07  -9.00458e+07  -1.14159e+08  
2.4137e+08  1.88289e+08  2.90456e+07  -9.70214e+06  -655250  453410  -4.1838e+06  -5.42927e+06  7.88925e+07  1.22348e+08  -7.07998e+08  -1.30652e+09  2.2312e+09  5.29347e+09  2.60808e+09  1.16274e+09  2.60808e+09  5.29347e+09  2.2312e+09  -1.30652e+09  -7.07998e+08  1.22348e+08  7.88925e+07  -5.42927e+06  -4.1838e+06  453410  -655250  -9.70214e+06  2.90456e+07  1.88289e+08  2.4137e+08  
1.04658e+09  8.20399e+08  1.4187e+08  1.44709e+07  -2.44836e+06  -830840  -774268  2.16995e+07  3.48245e+07  -3.54738e+08  -6.6036e+08  2.49666e+09  5.54701e+09  -2.72147e+09  -1.08162e+10  -1.16084e+10  -1.08162e+10  -2.72147e+09  5.54701e+09  2.49666e+09  -6.6036e+08  -3.54738e+08  3.48245e+07  2.16995e+07  -774268  -830840  -2.44836e+06  1.44709e+07  1.4187e+08  8.20399e+08  1.04658e+09  
-1.97102e+09  -1.60502e+09  -5.06997e+08  7.73477e+06  1.97344e+06  -364956  3.09479e+06  5.35121e+06  -9.83626e+07  -1.88673e+08  1.37386e+09  3.02728e+09  -6.46685e+09  -1.77411e+10  -9.46347e+09  -3.3766e+09  -9.46347e+09  -1.77411e+10  -6.46685e+09  3.02728e+09  1.37386e+09  -1.88673e+08  -9.83626e+07  5.35121e+06  3.09479e+06  -364956  1.97344e+06  7.73477e+06  -5.06997e+08  -1.60502e+09  -1.97102e+09  
-4.92379e+09  -3.80122e+09  -4.33533e+08  2.52762e+07  -126808  325067  365132  -1.41265e+07  -2.87903e+07  3.99387e+08  8.99366e+08  -4.48627e+09  -1.16816e+10  7.87283e+09  3.32063e+10  3.77488e+10  3.32063e+10  7.87283e+09  -1.16816e+10  -4.48627e+09  8.99366e+08  3.99387e+08  -2.87903e+07  -1.41265e+07  365132  325067  -126808  2.52762e+07  -4.33533e+08  -3.80122e+09  -4.92379e+09  
8.67053e+09  7.27693e+09  3.09614e+09  1.62188e+08  -4.70172e+06  80811.8  -879897  -2.04573e+06  5.87058e+07  1.39602e+08  -1.45913e+09  -3.83034e+09  1.12826e+10  3.52323e+10  2.0051e+10  5.099e+09  2.0051e+10  3.52323e+10  1.12826e+10  -3.83034e+09  -1.45913e+09  1.39602e+08  5.87058e+07  -2.04573e+06  -879897  80811.8  -4.70172e+06  1.62188e+08  3.09614e+09  7.27693e+09  8.67053e+09  
1.34729e+10  1.01313e+10  1.06585e+08  -7.71244e+08  -3.23825e+07  818206  -50713.4  3.71627e+06  9.91576e+06  -2.28005e+08  -6.27457e+08  4.69167e+09  1.43279e+10  -1.47468e+10  -6.33617e+10  -7.62055e+10  -6.33617e+10  -1.47468e+10  1.43279e+10  4.69167e+09  -6.27457e+08  -2.28005e+08  9.91576e+06  3.71627e+06  -50713.4  818206  -3.23825e+07  -7.71244e+08  1.06585e+08  1.01313e+10  1.34729e+10  
-2.27304e+10  -1.95174e+10  -9.87857e+09  -6.31455e+08  1.70677e+08  7.17237e+06  -126917  234861  -1.49165e+07  -4.56721e+07  8.31174e+08  2.64144e+09  -1.21837e+10  -4.32184e+10  -2.5757e+10  -3.10849e+09  -2.5757e+10  -4.32184e+10  -1.21837e+10  2.64144e+09  8.31174e+08  -4.56721e+07  -1.49165e+07  234861  -126917  7.17237e+06  1.70677e+08  -6.31455e+08  -9.87857e+09  -1.95174e+10  -2.27304e+10  
-2.28971e+10  -1.65283e+10  2.57809e+09  3.53789e+09  2.33896e+08  -3.92856e+07  -1.70725e+06  -218427  -1.07152e+06  5.83185e+07  2.04997e+08  -2.7936e+09  -1.02171e+10  1.80845e+10  7.78393e+10  9.89161e+10  7.78393e+10  1.80845e+10  -1.02171e+10  -2.7936e+09  2.04997e+08  5.83185e+07  -1.07152e+06  -218427  -1.70725e+06  -3.92856e+07  2.33896e+08  3.53789e+09  2.57809e+09  -1.65283e+10  -2.28971e+10  
3.7465e+10  3.27702e+10  1.86856e+10  8.91704e+08  -9.99502e+08  -6.95179e+07  9.40898e+06  419680  1.05567e+06  4.89569e+06  -2.2442e+08  -9.09976e+08  8.01864e+09  3.29767e+10  1.99952e+10  -1.67943e+09  1.99952e+10  3.29767e+10  8.01864e+09  -9.09976e+08  -2.2442e+08  4.89569e+06  1.05567e+06  419680  9.40898e+06  -6.95179e+07  -9.99502e+08  8.91704e+08  1.86856e+10  3.27702e+10  3.7465e+10  
2.49693e+10  1.69478e+10  -7.11679e+09  -7.88448e+09  -5.73888e+08  2.63611e+08  1.93644e+07  -2.29772e+06  -95049.9  -4.38532e+06  -2.30513e+07  8.47051e+08  3.95539e+09  -1.43754e+10  -6.22516e+10  -8.3499e+10  -6.22516e+10  -1.43754e+10  3.95539e+09  8.47051e+08  -2.30513e+07  -4.38532e+06  -95049.9  -2.29772e+06  1.93644e+07  2.63611e+08  -5.73888e+08  -7.88448e+09  -7.11679e+09  1.69478e+10  2.49693e+10  
-3.97739e+10  -3.53589e+10  -2.2114e+10  -2.97587e+08  2.50216e+09  2.1264e+08  -6.7353e+07  -5.20784e+06  561765  -19485.5  1.88384e+07  1.16087e+08  -2.97363e+09  -1.51952e+10  -8.82905e+09  4.27312e+09  -8.82905e+09  -1.51952e+10  -2.97363e+09  1.16087e+08  1.88384e+07  -19485.5  561765  -5.20784e+06  -6.7353e+07  2.1264e+08  2.50216e+09  -2.97587e+08  -2.2114e+10  -3.53589e+10  -3.97739e+10  
-1.76417e+10  -1.09136e+10  9.27072e+09  1.00725e+10  6.99336e+08  -7.00436e+08  -6.60423e+07  1.66891e+07  1.35183e+06  -136388  180346  -8.8063e+07  -6.469e+08  7.19596e+09  3.20849e+10  4.54085e+10  3.20849e+10  7.19596e+09  -6.469e+08  -8.8063e+07  180346  -136388  1.35183e+06  1.66891e+07  -6.60423e+07  -7.00436e+08  6.99336e+08  1.00725e+10  9.27072e+09  -1.09136e+10  -1.76417e+10  
2.72345e+10  2.45915e+10  1.66623e+10  -5.48751e+08  -3.3282e+09  -3.13957e+08  1.80968e+08  1.85482e+07  -3.96394e+06  -334353  202404  -1.40085e+06  4.66586e+08  3.84864e+09  1.74823e+09  -3.13299e+09  1.74823e+09  3.84864e+09  4.66586e+08  -1.40085e+06  202404  -334353  -3.96394e+06  1.85482e+07  1.80968e+08  -3.13957e+08  -3.3282e+09  -5.48751e+08  1.66623e+10  2.45915e+10  2.72345e+10  
7.99365e+09  4.28687e+09  -6.83345e+09  -7.73242e+09  -4.76889e+08  9.30655e+08  1.03796e+08  -4.34561e+07  -4.786e+06  841842  147849  716916  -1.03222e+07  -2.14689e+09  -1.03026e+10  -1.53962e+10  -1.03026e+10  -2.14689e+09  -1.03222e+07  716916  147849  841842  -4.786e+06  -4.34561e+07  1.03796e+08  9.30655e+08  -4.76889e+08  -7.73242e+09  -6.83345e+09  4.28687e+09  7.99365e+09  
-1.17754e+10  -1.08089e+10  -7.90944e+09  6.75733e+08  2.50761e+09  2.57339e+08  -2.30505e+08  -2.90398e+07  9.60417e+06  1.13922e+06  -818235  1.10683e+06  3.20021e+07  -3.85278e+08  8.76953e+07  1.14793e+09  8.76953e+07  -3.85278e+08  3.20021e+07  1.10683e+06  -818235  1.13922e+06  9.60417e+06  -2.90398e+07  -2.30505e+08  2.57339e+08  2.50761e+09  6.75733e+08  -7.90944e+09  -1.08089e+10  -1.17754e+10  
-2.24903e+09  -9.57885e+08  2.91555e+09  3.54824e+09  1.95331e+08  -6.61665e+08  -8.60426e+07  5.08827e+07  7.08142e+06  -1.78391e+06  -97643.3  -4.96489e+06  3.28844e+06  3.44877e+08  1.92627e+09  3.04716e+09  1.92627e+09  3.44877e+08  3.28844e+06  -4.96489e+06  -97643.3  -1.78391e+06  7.08142e+06  5.08827e+07  -8.60426e+07  -6.61665e+08  1.95331e+08  3.54824e+09  2.91555e+09  -9.57885e+08  -2.24903e+09  
3.0584e+09  2.86124e+09  2.26976e+09  -3.09214e+08  -1.06406e+09  -1.22354e+08  1.48207e+08  2.26454e+07  -9.8784e+06  -1.54702e+06  867022  887835  -1.78047e+07  -2.27932e+07  -9.27673e+07  -2.13775e+08  -9.27673e+07  -2.27932e+07  -1.78047e+07  887835  867022  -1.54702e+06  -9.8784e+06  2.26454e+07  1.48207e+08  -1.22354e+08  -1.06406e+09  -3.09214e+08  2.26976e+09  2.86124e+09  3.0584e+09  
3.6859e+08  1.04365e+08  -6.88309e+08  -9.24889e+08  -5.17129e+07  2.48231e+08  3.84904e+07  -2.82223e+07  -4.90201e+06  1.58483e+06  107146  1.20647e+06  2.95416e+06  -2.42536e+07  -1.8453e+08  -3.10686e+08  -1.8453e+08  -2.42536e+07  2.95416e+06  1.20647e+06  107146  1.58483e+06  -4.90201e+06  -2.82223e+07  3.84904e+07  2.48231e+08  -5.17129e+07  -9.24889e+08  -6.88309e+08  1.04365e+08  3.6859e+08  
-4.33504e+08  -4.15329e+08  -3.60803e+08  6.30052e+07  2.37902e+08  3.27406e+07  -4.67205e+07  -8.82618e+06  4.47614e+06  888207  -289412  -345654  1.37255e+06  6.01145e+06  1.16913e+07  1.76517e+07  1.16913e+07  6.01145e+06  1.37255e+06  -345654  -289412  888207  4.47614e+06  -8.82618e+06  -4.67205e+07  3.27406e+07  2.37902e+08  6.30052e+07  -3.60803e+08  -4.15329e+08  -4.33504e+08  
-3.11507e+07  -3.4324e+06  7.97225e+07  1.21847e+08  8.83721e+06  -4.48663e+07  -8.70129e+06  7.05605e+06  1.56591e+06  -567272  -102420  -33146  -330191  413720  6.92489e+06  1.25491e+07  6.92489e+06  413720  -330191  -33146  -102420  -567272  1.56591e+06  7.05605e+06  -8.70129e+06  -4.48663e+07  8.83721e+06  1.21847e+08  7.97225e+07  -3.4324e+06  -3.11507e+07  
2.77208e+07  2.74329e+07  2.6569e+07  -4.93669e+06  -2.39077e+07  -4.31064e+06  6.37703e+06  1.56495e+06  -834498  -217043  56783.7  27242.2  -16266.2  -192030  -350015  -432794  -350015  -192030  -16266.2  27242.2  56783.7  -217043  -834498  1.56495e+06  6.37703e+06  -4.31064e+06  -2.39077e+07  -4.93669e+06  2.6569e+07  2.74329e+07  2.77208e+07  
1.0442e+06  -77194.2  -3.44139e+06  -6.2697e+06  -746475  3.13722e+06  826206  -676914  -206533  75486.9  23063.3  -4034.63  2450.21  1931.69  -44838.1  -90231.8  -44838.1  1931.69  2450.21  -4034.63  23063.3  75486.9  -206533  -676914  826206  3.13722e+06  -746475  -6.2697e+06  -3.44139e+06  -77194.2  1.0442e+06  
-499837  -521004  -584505  84813.9  736566  200596  -282052  -103044  54657  22166.5  -5529.24  -2247.09  245.646  92.7429  102.037  159.263  102.037  92.7429  245.646  -2247.09  -5529.24  22166.5  54657  -103044  -282052  200596  736566  84813.9  -584505  -521004  -499837  
0  0  0  0  0  0  0  0  0  0  0  0  0  0  0  0  0  0  0  0  0  0  0  0  0  0  0  0  0  0  0  
