1  1  1  1  1  1  1  1  1  1  1  1  1  1  1  1  1  1  1  1  1  1  1  1  1  1  1  1  1  1  1  
1.2668e+27  1.32292e+26  -3.27122e+27  -2.34881e+28  7.70708e+28  4.47646e+29  -6.42318e+29  -3.93419e+30  2.08741e+30  1.84139e+31  9.06915e+29  -4.34726e+31  -2.21685e+31  2.87785e+31  2.85445e+31  2.41989e+31  2.85445e+31  2.87785e+31  -2.21685e+31  -4.34726e+31  9.06915e+29  1.84139e+31  2.08741e+30  -3.93419e+30  -6.42318e+29  4.47646e+29  7.70708e+28  -2.34881e+28  -3.27122e+27  1.32292e+26  1.2668e+27  
-2.8716e+29  -2.27745e+29  -4.95012e+28  4.83967e+28  3.33935e+29  -6.7689e+29  -5.51213e+30  4.57085e+30  4.53097e+31  -5.64401e+30  -1.9252e+32  -7.44246e+31  3.42446e+32  2.8965e+32  3.90473e+31  5.58579e+30  3.90473e+31  2.8965e+32  3.42446e+32  -7.44246e+31  -1.9252e+32  -5.64401e+30  4.53097e+31  4.57085e+30  -5.51213e+30  -6.7689e+29  3.33935e+29  4.83967e+28  -4.95012e+28  -2.27745e+29  -2.8716e+29  
2.32945e+30  1.60805e+30  -5.56174e+29  -1.16891e+29  -3.69229e+29  -4.13385e+30  5.1304e+30  5.72091e+31  -2.03667e+31  -4.04381e+32  -9.27294e+31  1.38248e+33  9.81312e+32  -1.26715e+33  -1.59292e+33  -1.38738e+33  -1.59292e+33  -1.26715e+33  9.81312e+32  1.38248e+33  -9.27294e+31  -4.04381e+32  -2.03667e+31  5.72091e+31  5.1304e+30  -4.13385e+30  -3.69229e+29  -1.16891e+29  -5.56174e+29  1.60805e+30  2.32945e+30  
3.75625e+31  2.98069e+31  6.53984e+30  -4.69899e+29  -2.22703e+30  3.10576e+30  3.99636e+31  -2.65445e+31  -4.60682e+32  -1.42486e+31  2.70719e+33  1.50923e+33  -6.53981e+33  -6.88885e+33  -9.32388e+32  3.63117e+32  -9.32388e+32  -6.88885e+33  -6.53981e+33  1.50923e+33  2.70719e+33  -1.42486e+31  -4.60682e+32  -2.65445e+31  3.99636e+31  3.10576e+30  -2.22703e+30  -4.69899e+29  6.53984e+30  2.98069e+31  3.75625e+31  
-1.41002e+32  -1.04897e+32  3.4163e+30  9.2051e+30  1.19513e+30  1.51079e+31  -1.7138e+31  -3.00084e+32  6.82093e+31  2.92147e+33  1.09546e+33  -1.35945e+34  -1.20962e+34  1.67699e+34  2.531e+34  2.28062e+34  2.531e+34  1.67699e+34  -1.20962e+34  -1.35945e+34  1.09546e+33  2.92147e+33  6.82093e+31  -3.00084e+32  -1.7138e+31  1.51079e+31  1.19513e+30  9.2051e+30  3.41631e+30  -1.04897e+32  -1.41002e+32  
-8.5269e+32  -6.75075e+32  -1.42228e+32  -1.21725e+31  1.03156e+31  -5.43622e+30  -1.12372e+32  6.52541e+31  1.82229e+33  2.61778e+32  -1.48584e+34  -1.05645e+34  4.90871e+34  6.17987e+34  7.79747e+33  -9.09877e+33  7.79747e+33  6.17987e+34  4.90871e+34  -1.05645e+34  -1.48584e+34  2.61778e+32  1.82229e+33  6.52541e+31  -1.12372e+32  -5.43622e+30  1.03156e+31  -1.21725e+31  -1.42228e+32  -6.75075e+32  -8.5269e+32  
2.44832e+33  1.91328e+33  3.08145e+32  -7.24419e+31  -9.46284e+30  -2.02006e+31  2.56813e+31  6.56399e+32  -1.11477e+32  -9.22587e+33  -4.54741e+33  6.05078e+34  6.45761e+34  -1.03727e+35  -1.81826e+35  -1.70791e+35  -1.81826e+35  -1.03727e+35  6.45761e+34  6.05078e+34  -4.54741e+33  -9.22587e+33  -1.11477e+32  6.56399e+32  2.56813e+31  -2.02006e+31  -9.46284e+30  -7.24419e+31  3.08145e+32  1.91328e+33  2.44832e+33  
7.60271e+33  5.94572e+33  9.74764e+32  1.37294e+32  -2.01659e+31  2.32263e+30  1.30814e+32  -8.27754e+31  -3.28307e+33  -6.65318e+32  3.95992e+34  3.3751e+34  -1.87544e+35  -2.75761e+35  -2.80058e+34  7.62702e+34  -2.80058e+34  -2.75761e+35  -1.87544e+35  3.3751e+34  3.95992e+34  -6.65318e+32  -3.28307e+33  -8.27754e+31  1.30814e+32  2.32263e+30  -2.01659e+31  1.37294e+32  9.74764e+32  5.94572e+33  7.60271e+33  
-1.91641e+34  -1.54968e+34  -4.49479e+33  3.87917e+31  1.8754e+31  1.0496e+31  -1.84545e+31  -6.40739e+32  1.44751e+32  1.44132e+34  8.28062e+33  -1.42979e+35  -1.78274e+35  3.5941e+35  7.13537e+35  7.02873e+35  7.13537e+35  3.5941e+35  -1.78274e+35  -1.42979e+35  8.28062e+33  1.44132e+34  1.44751e+32  -6.40739e+32  -1.84545e+31  1.0496e+31  1.8754e+31  3.87917e+31  -4.49479e+33  -1.54968e+34  -1.91641e+34  
-3.4646e+34  -2.64375e+34  -1.81184e+33  2.57092e+32  -1.53079e+30  -3.11249e+29  -6.12695e+31  5.88591e+31  2.83129e+33  4.7754e+32  -5.61704e+34  -5.48195e+34  4.10487e+35  6.95072e+35  3.56346e+34  -3.20949e+35  3.56346e+34  6.95072e+35  4.10487e+35  -5.48195e+34  -5.61704e+34  4.7754e+32  2.83129e+33  5.88591e+31  -6.12695e+31  -3.11249e+29  -1.53079e+30  2.57092e+32  -1.81184e+33  -2.64375e+34  -3.4646e+34  
8.16945e+34  6.77348e+34  2.58557e+34  1.03694e+33  -4.41881e+31  -1.69166e+30  5.79842e+30  2.69059e+32  -1.42475e+32  -1.14827e+34  -6.72575e+33  1.91993e+35  2.74592e+35  -7.62435e+35  -1.68361e+36  -1.74761e+36  -1.68361e+36  -7.62435e+35  2.74592e+35  1.91993e+35  -6.72575e+33  -1.14827e+34  -1.42475e+32  2.69059e+32  5.79842e+30  -1.69166e+30  -4.41881e+31  1.03694e+33  2.58557e+34  6.77348e+34  8.16945e+34  
9.13012e+34  6.68304e+34  -6.58188e+33  -6.76481e+33  -2.12263e+32  8.02205e+30  9.46321e+30  -2.01482e+31  -1.11185e+33  9.4791e+31  4.30843e+34  4.56256e+34  -5.42548e+35  -1.05162e+36  4.62458e+34  7.8056e+35  4.62458e+34  -1.05162e+36  -5.42548e+35  4.56256e+34  4.30843e+34  9.4791e+31  -1.11185e+33  -2.01482e+31  9.46321e+30  8.02205e+30  -2.12263e+32  -6.76481e+33  -6.58188e+33  6.68304e+34  9.13012e+34  
-2.08969e+35  -1.76622e+35  -7.95837e+34  -2.8399e+33  1.52552e+33  4.77675e+31  -2.33501e+30  -3.92921e+31  6.41327e+31  4.39372e+33  1.81885e+33  -1.47703e+35  -2.38482e+35  1.03282e+36  2.512e+36  2.75935e+36  2.512e+36  1.03282e+36  -2.38482e+35  -1.47703e+35  1.81885e+33  4.39372e+33  6.41327e+31  -3.92921e+31  -2.33501e+30  4.77675e+31  1.52552e+33  -2.8399e+33  -7.95837e+34  -1.76622e+35  -2.08969e+35  
-1.48244e+35  -1.01388e+35  3.91824e+34  2.9953e+34  1.31814e+33  -3.55022e+32  -1.16707e+31  2.44135e+30  1.59228e+32  -1.74177e+32  -1.67608e+34  -1.70632e+34  4.36463e+35  9.72755e+35  -2.19602e+35  -1.17042e+36  -2.19602e+35  9.72755e+35  4.36463e+35  -1.70632e+34  -1.67608e+34  -1.74177e+32  1.59228e+32  2.44135e+30  -1.16707e+31  -3.55022e+32  1.31814e+33  2.9953e+34  3.91824e+34  -1.01388e+35  -1.48244e+35  
3.37654e+35  2.89872e+35  1.46528e+35  1.31543e+32  -8.67078e+33  -4.20262e+32  8.56883e+31  3.68389e+30  -7.76222e+30  -6.43209e+32  2.85248e+32  6.13415e+34  1.08807e+35  -9.04002e+35  -2.423e+36  -2.82854e+36  -2.423e+36  -9.04002e+35  1.08807e+35  6.13415e+34  2.85248e+32  -6.43209e+32  -7.76222e+30  3.68389e+30  8.56883e+31  -4.20262e+32  -8.67078e+33  1.31543e+32  1.46528e+35  2.89872e+35  3.37654e+35  
1.52738e+35  9.32707e+34  -8.51322e+34  -6.5265e+34  -2.52072e+33  2.3225e+33  1.21424e+32  -2.105e+31  -4.09529e+30  2.92846e+31  2.63953e+33  1.1295e+33  -2.04957e+35  -5.37387e+35  3.24176e+35  1.11107e+36  3.24176e+35  -5.37387e+35  -2.04957e+35  1.1295e+33  2.63953e+33  2.92846e+31  -4.09529e+30  -2.105e+31  1.21424e+32  2.3225e+33  -2.52072e+33  -6.5265e+34  -8.51322e+34  9.32707e+34  1.52738e+35  
-3.52636e+35  -3.06874e+35  -1.69588e+35  9.51044e+33  2.12934e+34  1.1431e+33  -6.00261e+32  -3.34528e+31  5.14385e+30  1.4418e+31  -1.13517e+32  -1.1184e+34  -1.88422e+34  5.04209e+35  1.51095e+36  1.88348e+36  1.51095e+36  5.04209e+35  -1.88422e+34  -1.1184e+34  -1.13517e+32  1.4418e+31  5.14385e+30  -3.34528e+31  -6.00261e+32  1.1431e+33  2.12934e+34  9.51044e+33  -1.69588e+35  -3.06874e+35  -3.52636e+35  
-1.00389e+35  -4.99894e+34  1.01208e+35  8.20384e+34  1.81369e+33  -6.07124e+33  -3.85846e+32  1.50172e+32  8.84291e+30  -1.20125e+30  -6.21292e+31  4.43188e+32  4.83754e+34  1.60564e+35  -2.5362e+35  -6.67332e+35  -2.5362e+35  1.60564e+35  4.83754e+34  4.43188e+32  -6.21292e+31  -1.20125e+30  8.84291e+30  1.50172e+32  -3.85846e+32  -6.07124e+33  1.81369e+33  8.20384e+34  1.01208e+35  -4.99894e+34  -1.00389e+35  
2.38193e+35  2.09989e+35  1.25378e+35  -1.62813e+34  -2.79557e+34  -1.46576e+33  1.59104e+33  1.13804e+32  -3.59487e+31  -2.7477e+30  -8.34752e+29  3.42578e+32  -1.65206e+33  -1.71575e+35  -5.95874e+35  -7.97964e+35  -5.95874e+35  -1.71575e+35  -1.65206e+33  3.42578e+32  -8.34752e+29  -2.7477e+30  -3.59487e+31  1.13804e+32  1.59104e+33  -1.46576e+33  -2.79557e+34  -1.62813e+34  1.25378e+35  2.09989e+35  2.38193e+35  
4.14119e+34  1.32835e+34  -7.11016e+34  -6.22464e+34  -4.36902e+30  7.98257e+33  5.67957e+32  -3.86817e+32  -3.02835e+31  8.60326e+30  -8.48718e+30  2.79877e+31  -2.20645e+33  -1.66918e+34  1.12739e+35  2.46825e+35  1.12739e+35  -1.66918e+34  -2.20645e+33  2.79877e+31  -8.48718e+30  8.60326e+30  -3.02835e+31  -3.86817e+32  5.67957e+32  7.98257e+33  -4.36913e+30  -6.22464e+34  -7.11016e+34  1.32835e+34  4.14119e+34  
-1.01831e+35  -9.10193e+34  -5.85838e+34  1.25455e+34  2.08849e+34  1.03709e+33  -2.01049e+33  -1.72324e+32  8.61843e+31  9.8875e+30  5.50571e+30  -1.39314e+32  1.55723e+32  3.25178e+34  1.41377e+35  2.05051e+35  1.41377e+35  3.25178e+34  1.55723e+32  -1.39314e+32  5.50571e+30  9.8875e+30  8.61843e+31  -1.72324e+32  -2.01049e+33  1.03709e+33  2.08849e+34  1.25455e+34  -5.85838e+34  -9.10193e+34  -1.01831e+35  
-1.02999e+34  -3.50478e+32  2.94978e+34  2.83416e+34  -6.13907e+32  -5.64194e+33  -4.49941e+32  4.50641e+32  4.39741e+31  -1.98255e+31  1.96979e+31  6.5768e+31  -1.09312e+33  -2.88071e+33  -2.76885e+34  -5.28458e+34  -2.76885e+34  -2.88071e+33  -1.09312e+33  6.5768e+31  1.96979e+31  -1.98255e+31  4.39741e+31  4.50641e+32  -4.49941e+32  -5.64194e+33  -6.13907e+32  2.83416e+34  2.94978e+34  -3.50478e+32  -1.02999e+34  
2.62063e+34  2.38074e+34  1.66106e+34  -4.9791e+33  -8.82237e+33  -4.46066e+32  1.28851e+33  1.32676e+32  -8.82674e+31  -1.18763e+31  -9.84304e+30  8.24338e+31  3.12621e+32  -2.8002e+33  -1.83615e+34  -2.91835e+34  -1.83615e+34  -2.8002e+33  3.12621e+32  8.24338e+31  -9.84304e+30  -1.18763e+31  -8.82674e+31  1.32676e+32  1.28851e+33  -4.46066e+32  -8.82237e+33  -4.9791e+33  1.66106e+34  2.38074e+34  2.62063e+34  
1.43716e+33  -6.3569e+32  -6.85423e+33  -7.35851e+33  2.66859e+32  2.11301e+33  1.99539e+32  -2.49952e+32  -3.07068e+31  1.64521e+31  -3.5115e+30  -3.57426e+31  1.41127e+32  7.9037e+32  3.3745e+33  5.79859e+33  3.3745e+33  7.9037e+32  1.41127e+32  -3.57426e+31  -3.5115e+30  1.64521e+31  -3.07068e+31  -2.49952e+32  1.99539e+32  2.11301e+33  2.66859e+32  -7.35851e+33  -6.85423e+33  -6.3569e+32  1.43716e+33  
-3.68801e+33  -3.42131e+33  -2.62121e+33  9.78683e+32  1.97141e+33  1.20829e+32  -4.06763e+32  -5.23672e+31  4.02711e+31  5.95831e+30  1.00835e+30  -6.50438e+30  -5.42173e+31  4.90008e+31  1.08597e+33  1.92606e+33  1.08597e+33  4.90008e+31  -5.42173e+31  -6.50438e+30  1.00835e+30  5.95831e+30  4.02711e+31  -5.23672e+31  -4.06763e+32  1.20829e+32  1.97141e+33  9.78683e+32  -2.62121e+33  -3.42131e+33  -3.68801e+33  
-9.95354e+31  1.22538e+32  7.8876e+32  9.69612e+32  -3.41227e+31  -3.82931e+32  -4.66895e+31  6.28288e+31  1.00631e+31  -5.42423e+30  -7.40143e+29  3.43208e+30  -1.87775e+30  -4.57243e+31  -1.58127e+32  -2.51518e+32  -1.58127e+32  -4.57243e+31  -1.87775e+30  3.43208e+30  -7.40143e+29  -5.42423e+30  1.00631e+31  6.28288e+31  -4.66895e+31  -3.82931e+32  -3.41227e+31  9.69612e+32  7.8876e+32  1.22538e+32  -9.95354e+31  
2.34642e+32  2.24172e+32  1.92763e+32  -8.0393e+31  -1.98873e+32  -1.80527e+31  5.58993e+31  9.63721e+30  -7.61752e+30  -1.46632e+30  4.21473e+29  6.64442e+28  1.69696e+30  2.00982e+30  -1.88816e+31  -3.85843e+31  -1.88816e+31  2.00982e+30  1.69696e+30  6.64442e+28  4.21473e+29  -1.46632e+30  -7.61752e+30  9.63721e+30  5.58993e+31  -1.80527e+31  -1.98873e+32  -8.0393e+31  1.92763e+32  2.24172e+32  2.34642e+32  
2.74321e+30  -6.48173e+30  -3.41565e+31  -5.01453e+31  2.73646e+29  2.69944e+31  4.75368e+30  -6.10656e+30  -1.37857e+30  7.12842e+29  1.67599e+29  -6.76267e+28  -4.77465e+28  3.5744e+29  1.26996e+30  1.94666e+30  1.26996e+30  3.5744e+29  -4.77465e+28  -6.76267e+28  1.67599e+29  7.12842e+29  -1.37857e+30  -6.10656e+30  4.75368e+30  2.69944e+31  2.73646e+29  -5.01453e+31  -3.41565e+31  -6.48173e+30  2.74321e+30  
-4.2216e+30  -4.23331e+30  -4.26846e+30  1.73518e+30  6.18778e+30  1.00766e+30  -2.51088e+30  -6.72964e+29  5.12077e+29  1.57278e+29  -5.52033e+28  -1.70929e+28  3.36062e+27  4.35275e+26  3.32783e+27  1.11354e+28  3.32783e+27  4.35275e+26  3.36062e+27  -1.70929e+28  -5.52033e+28  1.57278e+29  5.12077e+29  -6.72964e+29  -2.51088e+30  1.00766e+30  6.18778e+30  1.73518e+30  -4.26846e+30  -4.23331e+30  -4.2216e+30  
0  0  0  0  0  0  0  0  0  0  0  0  0  0  0  0  0  0  0  0  0  0  0  0  0  0  0  0  0  0  0  
