1  1  1  1  1  1  1  1  1  1  1  1  1  1  1  1  1  1  1  1  1  1  1  1  1  1  1  1  1  1  1  
1.46338e+125  -9.7292e+124  -8.28182e+125  4.77361e+126  2.72046e+127  -6.50977e+127  -3.4498e+128  3.63429e+128  2.21902e+129  -6.72924e+128  -7.62388e+129  -1.74356e+129  1.14056e+130  7.89969e+129  7.86702e+128  1.56291e+128  7.86702e+128  7.89969e+129  1.14056e+130  -1.74356e+129  -7.62388e+129  -6.72924e+128  2.21902e+129  3.63429e+128  -3.4498e+128  -6.50977e+127  2.72046e+127  4.77361e+126  -8.28182e+125  -9.7292e+124  1.46338e+125  
-8.34833e+125  -2.58449e+125  1.4707e+126  1.37202e+127  -4.7352e+127  -3.56061e+128  5.41432e+128  4.13109e+129  -2.29799e+129  -2.47706e+130  -1.64253e+129  7.2888e+130  4.0883e+130  -5.98358e+130  -6.45579e+130  -5.51645e+130  -6.45579e+130  -5.98358e+130  4.0883e+130  7.2888e+130  -1.64253e+129  -2.47706e+130  -2.29799e+129  4.13109e+129  5.41432e+128  -3.56061e+128  -4.7352e+127  1.37202e+127  1.4707e+126  -2.58449e+125  -8.34833e+125  
-6.87227e+126  -4.45211e+126  2.80837e+126  -1.96678e+127  -2.00872e+128  4.36482e+128  4.04666e+129  -3.61304e+129  -4.0031e+130  5.78275e+129  2.03253e+131  8.20855e+130  -4.30852e+131  -3.87318e+131  -3.82914e+130  1.98577e+130  -3.82914e+130  -3.87318e+131  -4.30852e+131  8.20855e+130  2.03253e+131  5.78275e+129  -4.0031e+130  -3.61304e+129  4.04666e+129  4.36482e+128  -2.00872e+128  -1.96678e+127  2.80837e+126  -4.45211e+126  -6.87227e+126  
3.20578e+127  2.21786e+127  -7.45907e+126  -6.22966e+127  1.88332e+128  2.18141e+129  -2.95282e+129  -3.5639e+130  1.48749e+130  2.97632e+131  6.34631e+130  -1.20031e+132  -8.82418e+131  1.3273e+132  1.7498e+132  1.53647e+132  1.7498e+132  1.3273e+132  -8.82418e+131  -1.20031e+132  6.34631e+130  2.97632e+131  1.48749e+130  -3.5639e+130  -2.95282e+129  2.18141e+129  1.88332e+128  -6.22966e+127  -7.45907e+126  2.21786e+127  3.20578e+127  
2.68757e+128  2.11126e+128  3.82335e+127  4.37183e+127  6.40858e+128  -1.3044e+129  -1.80755e+130  1.41836e+130  2.47358e+131  -6.58214e+129  -1.71902e+132  -9.47999e+131  4.9276e+132  5.38311e+132  4.77624e+131  -7.67452e+131  4.77624e+131  5.38311e+132  4.9276e+132  -9.47999e+131  -1.71902e+132  -6.58214e+129  2.47358e+131  1.41836e+130  -1.80755e+130  -1.3044e+129  6.40858e+128  4.37183e+127  3.82335e+127  2.11126e+128  2.68757e+128  
-8.8649e+128  -6.77005e+128  -4.85519e+127  1.38384e+128  -2.99325e+128  -5.13933e+129  6.7401e+129  1.19228e+131  -4.10302e+130  -1.39136e+132  -4.56874e+131  7.72636e+132  6.95673e+132  -1.16454e+133  -1.80651e+133  -1.64407e+133  -1.80651e+133  -1.16454e+133  6.95673e+132  7.72636e+132  -4.56874e+131  -1.39136e+132  -4.10302e+130  1.19228e+131  6.7401e+129  -5.13933e+129  -2.99325e+128  1.38384e+128  -4.85519e+127  -6.77005e+128  -8.8649e+128  
-3.59753e+129  -2.8333e+129  -5.40591e+128  -1.05509e+128  -7.43174e+128  1.63759e+129  3.258e+130  -2.59371e+130  -6.53074e+131  -2.50064e+130  6.46616e+132  4.41475e+132  -2.586e+133  -3.33177e+133  -2.15243e+132  8.83093e+132  -2.15243e+132  -3.33177e+133  -2.586e+133  4.41475e+132  6.46616e+132  -2.50064e+130  -6.53074e+131  -2.59371e+130  3.258e+130  1.63759e+129  -7.43174e+128  -1.05509e+128  -5.40591e+128  -2.8333e+129  -3.59753e+129  
9.92462e+129  7.89768e+129  1.81685e+129  -1.85954e+128  1.62102e+128  4.68001e+129  -7.07544e+129  -1.73919e+131  6.4563e+130  3.06382e+132  1.24753e+132  -2.4735e+133  -2.63102e+133  5.30369e+133  9.426e+133  8.95628e+133  9.426e+133  5.30369e+133  -2.63102e+133  -2.4735e+133  1.24753e+132  3.06382e+132  6.4563e+130  -1.73919e+131  -7.07544e+129  4.68001e+129  1.62102e+128  -1.85954e+128  1.81685e+129  7.89768e+129  9.92462e+129  
2.23433e+130  1.72738e+130  2.0653e+129  2.27395e+128  2.83362e+128  -8.57009e+128  -2.43329e+130  2.48529e+130  8.13622e+131  1.82769e+130  -1.24882e+133  -9.92593e+132  7.39818e+133  1.10381e+134  1.94233e+132  -4.82199e+133  1.94233e+132  1.10381e+134  7.39818e+133  -9.92593e+132  -1.24882e+133  1.82769e+130  8.13622e+131  2.48529e+130  -2.43329e+130  -8.57009e+128  2.83362e+128  2.27395e+128  2.0653e+129  1.72738e+130  2.23433e+130  
-5.61912e+130  -4.60024e+130  -1.54363e+130  -3.77065e+128  -2.82037e+127  -1.50266e+129  3.41547e+129  1.12684e+131  -6.61605e+130  -3.41982e+132  -1.45475e+132  4.38107e+133  5.37126e+133  -1.42226e+134  -2.83891e+134  -2.83287e+134  -2.83891e+134  -1.42226e+134  5.37126e+133  4.38107e+133  -1.45475e+132  -3.41982e+132  -6.61605e+130  1.12684e+131  3.41547e+129  -1.50266e+129  -2.82037e+127  -3.77065e+128  -1.54363e+130  -4.60024e+130  -5.61912e+130  
-7.61985e+130  -5.69308e+130  8.72263e+128  2.73382e+129  1.37479e+127  1.56297e+128  6.84674e+129  -1.21152e+130  -4.79474e+131  7.57548e+130  1.30375e+133  1.13494e+133  -1.25099e+134  -2.13895e+134  1.46276e+133  1.4769e+134  1.46276e+133  -2.13895e+134  -1.25099e+134  1.13494e+133  1.30375e+133  7.57548e+130  -4.79474e+131  -1.21152e+130  6.84674e+129  1.56297e+128  1.37479e+127  2.73382e+129  8.72263e+128  -5.69308e+130  -7.61985e+130  
1.83394e+131  1.53371e+131  6.32995e+130  2.52785e+129  -5.00729e+128  1.0886e+128  -6.16171e+128  -2.91379e+130  3.77051e+130  1.91225e+132  5.89818e+131  -4.45395e+133  -6.16175e+133  2.39093e+134  5.29234e+134  5.57412e+134  5.29234e+134  2.39093e+134  -6.16175e+133  -4.45395e+133  5.89818e+131  1.91225e+132  3.77051e+130  -2.91379e+130  -6.16171e+128  1.0886e+128  -5.00729e+128  2.52785e+129  6.32995e+130  1.53371e+131  1.83394e+131  
1.55737e+131  1.09943e+131  -2.74383e+130  -2.07824e+130  -8.00481e+128  1.01007e+128  -4.88789e+128  2.31365e+129  1.18781e+131  -9.4293e+130  -7.20709e+132  -6.15692e+132  1.28757e+134  2.51733e+134  -5.69016e+133  -2.74867e+134  -5.69016e+133  2.51733e+134  1.28757e+134  -6.15692e+132  -7.20709e+132  -9.4293e+130  1.18781e+131  2.31365e+129  -4.88789e+128  1.01007e+128  -8.00481e+128  -2.07824e+130  -2.74383e+130  1.09943e+131  1.55737e+131  
-3.70285e+131  -3.14902e+131  -1.48751e+131  -2.46042e+129  5.44376e+129  2.17248e+128  -7.28155e+126  2.00562e+129  -8.33982e+129  -4.72749e+131  1.00228e+131  2.5418e+133  3.85293e+133  -2.58632e+134  -6.32396e+134  -7.06374e+134  -6.32396e+134  -2.58632e+134  3.85293e+133  2.5418e+133  1.00228e+131  -4.72749e+131  -8.33982e+129  2.00562e+129  -7.28155e+126  2.17248e+128  5.44376e+129  -2.46042e+129  -1.48751e+131  -3.14902e+131  -3.70285e+131  
-1.99318e+131  -1.28031e+131  8.58285e+130  6.21917e+130  2.46185e+129  -1.37675e+129  -5.81169e+127  -6.20491e+127  -8.16036e+129  2.89008e+130  1.86124e+132  9.79994e+131  -7.9487e+133  -1.79429e+134  9.57761e+133  3.2279e+134  9.57761e+133  -1.79429e+134  -7.9487e+133  9.79994e+131  1.86124e+132  2.89008e+130  -8.16036e+129  -6.20491e+127  -5.81169e+127  -1.37675e+129  2.46185e+129  6.21917e+130  8.58285e+130  -1.28031e+131  -1.99318e+131  
4.79346e+131  4.13413e+131  2.15614e+131  -7.11443e+129  -1.93981e+130  -9.51132e+128  3.4656e+128  1.75223e+127  2.74239e+128  3.38088e+130  -9.36325e+130  -7.26575e+132  -1.09894e+133  1.79852e+134  4.89547e+134  5.8285e+134  4.89547e+134  1.79852e+134  -1.09894e+133  -7.26575e+132  -9.36325e+130  3.38088e+130  2.74239e+128  1.75223e+127  3.4656e+128  -9.51132e+128  -1.93981e+130  -7.11443e+129  2.15614e+131  4.13413e+131  4.79346e+131  
1.62264e+131  8.82072e+130  -1.33964e+131  -1.01657e+131  -2.6659e+129  5.41688e+129  3.01114e+128  -8.63165e+127  -1.53192e+127  -1.16589e+129  -1.46469e+131  2.41442e+131  2.71302e+133  7.31134e+133  -9.04149e+133  -2.41543e+134  -9.04149e+133  7.31134e+133  2.71302e+133  2.41442e+131  -1.46469e+131  -1.16589e+129  -1.53192e+127  -8.63165e+127  3.01114e+128  5.41688e+129  -2.6659e+129  -1.01657e+131  -1.33964e+131  8.82072e+130  1.62264e+131  
-4.02403e+131  -3.51508e+131  -1.98822e+131  2.0422e+130  3.42911e+130  1.68191e+129  -1.42142e+129  -8.6784e+127  2.14716e+127  2.17953e+127  5.19949e+129  6.9421e+131  1.76449e+131  -7.81973e+133  -2.42874e+134  -3.1008e+134  -2.42874e+134  -7.81973e+133  1.76449e+131  6.9421e+131  5.19949e+129  2.17953e+127  2.14716e+127  -8.6784e+127  -1.42142e+129  1.68191e+129  3.42911e+130  2.0422e+130  -1.98822e+131  -3.51508e+131  -4.02403e+131  
-8.34285e+130  -3.22515e+130  1.2128e+131  9.8905e+130  4.34788e+128  -9.8776e+129  -6.24603e+128  3.52783e+128  3.32933e+127  5.05934e+127  -1.3296e+129  -2.55538e+130  -3.75409e+132  -1.37316e+133  5.02758e+133  1.13486e+134  5.02758e+133  -1.37316e+133  -3.75409e+132  -2.55538e+130  -1.3296e+129  5.05934e+127  3.32933e+127  3.52783e+128  -6.24603e+128  -9.8776e+129  4.34788e+128  9.8905e+130  1.2128e+131  -3.22515e+130  -8.34285e+130  
2.16843e+131  1.91863e+131  1.16924e+131  -2.18793e+130  -3.38193e+130  -1.52216e+129  2.55976e+129  1.87844e+128  -1.02277e+128  2.8721e+128  3.88895e+128  -9.15888e+129  3.27787e+131  1.99243e+133  7.45727e+133  1.02892e+134  7.45727e+133  1.99243e+133  3.27787e+131  -9.15888e+129  3.88895e+128  2.8721e+128  -1.02277e+128  1.87844e+128  2.55976e+129  -1.52216e+129  -3.38193e+130  -2.18793e+130  1.16924e+131  1.91863e+131  2.16843e+131  
2.62771e+130  3.34279e+129  -6.54602e+130  -5.82569e+130  1.18104e+129  9.48785e+129  6.60043e+128  -5.95976e+128  -1.20326e+128  -3.66315e+128  4.60665e+129  5.71961e+129  -2.86829e+131  -2.99346e+131  -1.61655e+133  -3.20531e+133  -1.61655e+133  -2.99346e+131  -2.86829e+131  5.71961e+129  4.60665e+129  -3.66315e+128  -1.20326e+128  -5.95976e+128  6.60043e+128  9.48785e+129  1.18104e+129  -5.82569e+130  -6.54602e+130  3.34279e+129  2.62771e+130  
-7.24526e+130  -6.50364e+130  -4.27878e+130  1.19188e+130  1.90656e+130  7.99208e+128  -2.3001e+129  -1.9257e+128  2.29551e+128  -6.97111e+128  -3.49134e+129  3.49886e+130  9.15707e+130  -2.59376e+132  -1.32216e+133  -1.99282e+133  -1.32216e+133  -2.59376e+132  9.15707e+130  3.49886e+130  -3.49134e+129  -6.97111e+128  2.29551e+128  -1.9257e+128  -2.3001e+129  7.99208e+128  1.90656e+130  1.19188e+130  -4.27878e+130  -6.50364e+130  -7.24526e+130  
-4.77619e+129  1.53969e+129  2.04873e+130  2.02086e+130  -8.37872e+128  -4.90907e+129  -3.89627e+128  4.68508e+128  1.17446e+128  6.00247e+128  -3.17083e+129  -1.60931e+130  1.15979e+131  4.97729e+131  2.7857e+132  4.98687e+132  2.7857e+132  4.97729e+131  1.15979e+131  -1.60931e+130  -3.17083e+129  6.00247e+128  1.17446e+128  4.68508e+128  -3.89627e+128  -4.90907e+129  -8.37872e+128  2.02086e+130  2.04873e+130  1.53969e+129  -4.77619e+129  
1.39984e+130  1.2792e+130  9.1729e+129  -3.35288e+129  -5.93096e+129  -2.69141e+128  1.04445e+129  1.09427e+128  -1.57944e+128  1.85504e+128  1.93511e+129  -6.70141e+129  -4.03642e+130  1.18277e+131  1.1878e+132  1.98707e+132  1.1878e+132  1.18277e+131  -4.03642e+130  -6.70141e+129  1.93511e+129  1.85504e+128  -1.57944e+128  1.09427e+128  1.04445e+129  -2.69141e+128  -5.93096e+129  -3.35288e+129  9.1729e+129  1.2792e+130  1.39984e+130  
4.52279e+128  -5.15678e+128  -3.41955e+129  -3.81408e+129  1.96525e+128  1.30119e+129  1.27388e+128  -1.78477e+128  -2.88221e+127  -1.45639e+128  2.68251e+128  3.27232e+129  -5.61294e+129  -5.60307e+130  -2.17077e+131  -3.59e+131  -2.17077e+131  -5.60307e+130  -5.61294e+129  3.27232e+129  2.68251e+128  -1.45639e+128  -2.88221e+127  -1.78477e+128  1.27388e+128  1.30119e+129  1.96525e+128  -3.81408e+129  -3.41955e+129  -5.15678e+128  4.5228e+128  
-1.36869e+129  -1.28128e+129  -1.01907e+129  4.40105e+128  9.16325e+128  5.72632e+127  -2.22521e+128  -3.12766e+127  3.33409e+127  3.42687e+126  -1.90847e+128  1.17168e+128  3.02705e+129  1.49735e+129  -4.11389e+130  -7.83733e+130  -4.11389e+130  1.49735e+129  3.02705e+129  1.17168e+128  -1.90847e+128  3.42687e+126  3.33409e+127  -3.12766e+127  -2.22521e+128  5.72632e+127  9.16325e+128  4.40105e+128  -1.01907e+129  -1.28128e+129  -1.36869e+129  
-1.88337e+127  4.9376e+127  2.54005e+128  3.30258e+128  -1.33314e+127  -1.53167e+128  -2.0594e+127  2.94023e+127  4.95818e+126  2.41303e+126  3.46931e+126  -1.12268e+128  -6.36727e+127  1.39705e+129  5.01174e+129  7.85946e+129  5.01174e+129  1.39705e+129  -6.36727e+127  -1.12268e+128  3.46931e+126  2.41303e+126  4.95818e+126  2.94023e+127  -2.0594e+127  -1.53167e+128  -1.33314e+127  3.30258e+128  2.54005e+128  4.9376e+127  -1.88337e+127  
5.09037e+127  4.94041e+127  4.49051e+127  -2.05018e+127  -5.53123e+127  -5.85365e+126  1.84017e+127  3.64816e+126  -2.98539e+126  -7.81506e+125  1.51758e+126  2.54953e+126  -2.56992e+127  -5.45067e+127  2.3965e+128  5.48445e+128  2.3965e+128  -5.45067e+127  -2.56992e+127  2.54953e+126  1.51758e+126  -7.81506e+125  -2.98539e+126  3.64816e+126  1.84017e+127  -5.85365e+126  -5.53123e+127  -2.05018e+127  4.49051e+127  4.94041e+127  5.09037e+127  
2.61279e+125  -1.14227e+126  -5.35291e+126  -8.67153e+126  -1.03718e+125  5.70859e+126  1.23709e+126  -1.61733e+126  -4.59333e+125  2.58743e+125  1.06747e+125  -1.41943e+125  -8.94483e+124  -1.17237e+124  -1.24972e+126  -2.56729e+126  -1.24972e+126  -1.17237e+124  -8.94483e+124  -1.41943e+125  1.06747e+125  2.58743e+125  -4.59333e+125  -1.61733e+126  1.23709e+126  5.70859e+126  -1.03719e+125  -8.67153e+126  -5.35291e+126  -1.14227e+126  2.61279e+125  
0  0  0  0  0  0  0  0  0  0  0  0  0  0  0  0  0  0  0  0  0  0  0  0  0  0  0  0  0  0  0  
