1  1  1  1  1  1  1  1  1  1  1  1  1  1  1  1  1  1  1  1  1  1  1  1  1  1  1  1  1  1  1  
1.55257e+191  1.24224e+189  -4.60802e+191  -5.39126e+191  1.2756e+193  1.70284e+193  -1.3661e+194  -2.03075e+194  7.2489e+194  1.21356e+195  -1.88254e+195  -3.71769e+195  1.25016e+195  4.1871e+195  2.34943e+195  1.86109e+195  2.34943e+195  4.1871e+195  1.25016e+195  -3.71769e+195  -1.88254e+195  1.21356e+195  7.2489e+194  -2.03075e+194  -1.3661e+194  1.70284e+193  1.2756e+193  -5.39126e+191  -4.60802e+191  1.24224e+189  1.55257e+191  
-4.13383e+190  -8.1096e+190  -2.00369e+191  6.28921e+192  1.27348e+193  -1.42e+194  -2.7627e+194  1.40104e+195  2.82179e+195  -6.76303e+195  -1.49085e+196  1.30497e+196  3.62321e+196  6.48698e+195  -1.35805e+196  -1.36951e+196  -1.35805e+196  6.48698e+195  3.62321e+196  1.30497e+196  -1.49085e+196  -6.76303e+195  2.82179e+195  1.40104e+195  -2.7627e+194  -1.42e+194  1.27348e+193  6.28921e+192  -2.00369e+191  -8.1096e+190  -4.13383e+190  
-6.41782e+191  -4.3848e+190  1.74995e+192  5.08073e+192  -8.1452e+193  -2.00662e+194  1.4217e+195  3.38083e+195  -1.17758e+196  -2.89522e+196  4.50299e+196  1.25043e+197  -3.63972e+196  -1.94466e+197  -1.29674e+197  -9.93267e+196  -1.29674e+197  -1.94466e+197  -3.63972e+196  1.25043e+197  4.50299e+196  -2.89522e+196  -1.17758e+196  3.38083e+195  1.4217e+195  -2.00662e+194  -8.1452e+193  5.08073e+192  1.74995e+192  -4.3848e+190  -6.41782e+191  
6.291e+191  7.43917e+191  1.08837e+192  -2.45014e+193  -7.93187e+193  7.89799e+194  2.24991e+195  -1.11168e+196  -3.08626e+196  7.50857e+196  2.1997e+197  -1.93558e+197  -7.17949e+197  -1.78795e+197  3.7757e+197  4.20479e+197  3.7757e+197  -1.78795e+197  -7.17949e+197  -1.93558e+197  2.1997e+197  7.50857e+196  -3.08626e+196  -1.11168e+196  2.24991e+195  7.89799e+194  -7.93187e+193  -2.45014e+193  1.08837e+192  7.43917e+191  6.291e+191  
1.36429e+192  2.06543e+191  -3.26669e+192  -1.64545e+193  2.39144e+194  8.44187e+194  -5.91559e+195  -1.89552e+196  6.8427e+196  2.18172e+197  -3.57423e+197  -1.26563e+198  3.50566e+197  2.63945e+198  2.02693e+198  1.51992e+198  2.02693e+198  2.63945e+198  3.50566e+197  -1.26563e+198  -3.57423e+197  2.18172e+197  6.8427e+196  -1.89552e+196  -5.91559e+195  8.44187e+194  2.39144e+194  -1.64545e+193  -3.26669e+192  2.06543e+191  1.36429e+192  
-1.66323e+193  -1.34331e+193  -3.8356e+192  3.70117e+193  1.72188e+194  -1.74984e+195  -6.70971e+195  3.54187e+196  1.26638e+197  -3.36321e+197  -1.23508e+198  1.18198e+198  5.47415e+198  1.67088e+198  -4.03567e+198  -4.89157e+198  -4.03567e+198  1.67088e+198  5.47415e+198  1.18198e+198  -1.23508e+198  -3.36321e+197  1.26638e+197  3.54187e+196  -6.70971e+195  -1.74984e+195  1.72188e+194  3.70117e+193  -3.8356e+192  -1.34331e+193  -1.66323e+193  
5.60839e+192  4.86285e+192  2.62623e+192  1.57403e+193  -2.67804e+194  -1.30766e+195  1.02571e+196  4.27671e+196  -1.75497e+197  -7.00696e+197  1.31234e+198  5.68318e+198  -1.75735e+198  -1.63314e+199  -1.42342e+199  -1.05933e+199  -1.42342e+199  -1.63314e+199  -1.75735e+198  5.68318e+198  1.31234e+198  -7.00696e+197  -1.75497e+197  4.27671e+196  1.02571e+196  -1.30766e+195  -2.67804e+194  1.57403e+193  2.62623e+192  4.86285e+192  5.60839e+192  
1.64477e+194  1.29733e+194  2.5504e+193  -1.7058e+193  -1.25779e+194  1.54492e+195  7.99195e+195  -5.07342e+196  -2.30548e+197  7.33899e+197  3.29927e+198  -3.78923e+198  -2.0846e+199  -7.18144e+198  2.20116e+199  2.8657e+199  2.20116e+199  -7.18144e+198  -2.0846e+199  -3.78923e+198  3.29927e+198  7.33899e+197  -2.30548e+197  -5.07342e+196  7.99195e+195  1.54492e+195  -1.25779e+194  -1.7058e+193  2.5504e+193  1.29733e+194  1.64477e+194  
-9.05627e+193  -7.87564e+193  -4.33376e+193  -2.56839e+192  1.01941e+194  7.34761e+194  -7.59443e+195  -4.18637e+196  2.19082e+197  1.08935e+198  -2.57232e+198  -1.32998e+199  5.51431e+198  5.52917e+199  5.41945e+199  4.05565e+199  5.41945e+199  5.52917e+199  5.51431e+198  -1.32998e+199  -2.57232e+198  1.08935e+198  2.19082e+197  -4.18637e+196  -7.59443e+195  7.34761e+194  1.01941e+194  -2.56839e+192  -4.33376e+193  -7.87564e+193  -9.05627e+193  
-8.25369e+194  -6.51221e+194  -1.2878e+194  2.51953e+192  2.54951e+193  -4.96252e+194  -3.72552e+195  3.32639e+196  1.9614e+197  -8.39124e+197  -4.59937e+198  7.08479e+198  4.46353e+199  1.59152e+199  -6.99601e+199  -9.66404e+199  -6.99601e+199  1.59152e+199  4.46353e+199  7.08479e+198  -4.59937e+198  -8.39124e+197  1.9614e+197  3.32639e+196  -3.72552e+195  -4.96252e+194  2.54951e+193  2.51953e+192  -1.2878e+194  -6.51221e+194  -8.25369e+194  
5.16993e+194  4.71434e+194  3.34755e+194  3.2049e+193  -9.31737e+192  -1.23986e+194  2.18363e+195  1.71486e+196  -1.3341e+197  -8.44753e+197  2.82989e+198  1.73526e+199  -1.13457e+199  -1.12109e+200  -1.22958e+200  -9.37262e+199  -1.22958e+200  -1.12109e+200  -1.13457e+199  1.73526e+199  2.82989e+198  -8.44753e+197  -1.3341e+197  1.71486e+196  2.18363e+195  -1.23986e+194  -9.31737e+192  3.2049e+193  3.34755e+194  4.71434e+194  5.16993e+194  
2.41694e+195  1.90016e+195  3.49803e+194  -6.87077e+193  -6.77515e+192  3.97298e+193  5.55134e+194  -8.97206e+195  -7.4025e+196  4.96438e+197  3.39325e+198  -7.96315e+198  -5.65963e+199  -1.7961e+199  1.389e+200  2.01372e+200  1.389e+200  -1.7961e+199  -5.65963e+199  -7.96315e+198  3.39325e+198  4.96438e+197  -7.4025e+196  -8.97206e+195  5.55134e+194  3.97298e+193  -6.77515e+192  -6.87077e+193  3.49803e+194  1.90016e+195  2.41694e+195  
-1.59071e+195  -1.493e+195  -1.1999e+195  -1.78438e+194  1.39069e+193  4.05352e+192  -1.64804e+194  -2.36533e+195  3.522e+196  3.06524e+197  -1.70727e+198  -1.26909e+199  1.49992e+199  1.42139e+200  1.74482e+200  1.37323e+200  1.74482e+200  1.42139e+200  1.49992e+199  -1.26909e+199  -1.70727e+198  3.06524e+197  3.522e+196  -2.36533e+195  -1.64804e+194  4.05352e+192  1.39069e+193  -1.78438e+194  -1.1999e+195  -1.493e+195  -1.59071e+195  
-4.42093e+195  -3.44581e+195  -5.20455e+194  3.64033e+194  5.40425e+193  -2.98299e+192  -1.14734e+193  6.64676e+194  9.84884e+195  -1.34075e+197  -1.23569e+198  5.21985e+198  4.27051e+199  7.02652e+198  -1.78343e+200  -2.68827e+200  -1.78343e+200  7.02652e+198  4.27051e+199  5.21985e+198  -1.23569e+198  -1.34075e+197  9.84884e+195  6.64676e+194  -1.14734e+193  -2.98299e+192  5.40425e+193  3.64033e+194  -5.20455e+194  -3.44581e+195  -4.42093e+195  
2.92861e+195  2.80922e+195  2.45103e+195  4.27585e+194  -9.3398e+193  -1.47739e+193  4.97937e+191  4.51278e+193  -2.66429e+195  -4.10098e+196  4.97718e+197  4.86704e+198  -1.21508e+199  -1.13943e+200  -1.57837e+200  -1.30268e+200  -1.57837e+200  -1.13943e+200  -1.21508e+199  4.86704e+198  4.97718e+197  -4.10098e+196  -2.66429e+195  4.51278e+193  4.97937e+191  -1.47739e+193  -9.3398e+193  4.27585e+194  2.45103e+195  2.80922e+195  2.92861e+195  
5.22496e+195  4.01724e+195  3.94061e+194  -8.78633e+194  -1.64899e+194  2.30184e+193  3.92629e+192  7.22647e+191  -1.83443e+194  1.08528e+196  1.74681e+197  -1.77416e+198  -1.82361e+199  5.57921e+198  1.49661e+200  2.32753e+200  1.49661e+200  5.57921e+198  -1.82361e+199  -1.77416e+198  1.74681e+197  1.08528e+196  -1.83443e+194  7.22647e+191  3.92629e+192  2.30184e+193  -1.64899e+194  -8.78633e+194  3.94061e+194  4.01724e+195  5.22496e+195  
-3.37288e+195  -3.29814e+195  -3.07392e+195  -5.75251e+194  2.52511e+194  5.16325e+193  -5.5654e+192  -1.06923e+192  -4.24962e+192  7.73027e+194  -4.60208e+196  -7.79879e+197  5.52407e+198  5.66527e+199  9.05719e+199  7.99364e+199  9.05719e+199  5.66527e+199  5.52407e+198  -7.79879e+197  -4.60208e+196  7.73027e+194  -4.24962e+192  -1.06923e+192  -5.5654e+192  5.16325e+193  2.52511e+194  -5.75251e+194  -3.07392e+195  -3.29814e+195  -3.37288e+195  
-4.03235e+195  -3.04292e+195  -7.46415e+193  1.18306e+195  2.57901e+194  -6.56834e+193  -1.46413e+193  1.30851e+192  2.3077e+191  7.96758e+192  -3.34179e+195  2.10986e+197  3.68566e+198  -7.9258e+198  -8.12326e+199  -1.29563e+200  -8.12326e+199  -7.9258e+198  3.68566e+198  2.10986e+197  -3.34179e+195  7.96758e+192  2.3077e+191  1.30851e+192  -1.46413e+193  -6.56834e+193  2.57901e+194  1.18306e+195  -7.46415e+193  -3.04292e+195  -4.03235e+195  
2.45751e+195  2.44935e+195  2.42487e+195  4.70305e+194  -3.52507e+194  -8.62841e+193  1.59459e+193  3.93843e+192  4.02581e+192  -2.53122e+193  -4.24216e+194  1.92414e+196  -1.08492e+198  -1.64256e+199  -3.19782e+199  -3.10124e+199  -3.19782e+199  -1.64256e+199  -1.08492e+198  1.92414e+196  -4.24216e+194  -2.53122e+193  4.02581e+192  3.93843e+192  1.59459e+193  -8.62841e+193  -3.52507e+194  4.70305e+194  2.42487e+195  2.44935e+195  2.45751e+195  
2.01161e+195  1.48286e+195  -1.03391e+194  -9.41364e+194  -2.31662e+194  9.1083e+193  2.47377e+193  -4.75316e+192  3.50817e+192  1.13655e+194  -5.78673e+194  -2.32879e+194  -8.21735e+196  3.84207e+198  2.75659e+199  4.49029e+199  2.75659e+199  3.84207e+198  -8.21735e+196  -2.32879e+194  -5.78673e+194  1.13655e+194  3.50817e+192  -4.75316e+192  2.47377e+193  9.1083e+193  -2.31662e+194  -9.41364e+194  -1.03391e+194  1.48286e+195  2.01161e+195  
-1.11493e+195  -1.13451e+195  -1.19325e+195  -2.39436e+194  2.7366e+194  7.81664e+193  -2.07409e+193  -6.79571e+192  -3.39845e+193  9.20771e+193  1.71759e+195  -9.01222e+195  -6.16755e+196  2.37055e+198  6.503e+198  7.22945e+198  6.503e+198  2.37055e+198  -6.16755e+196  -9.01222e+195  1.71759e+195  9.20771e+193  -3.39845e+193  -6.79571e+192  -2.07409e+193  7.81664e+193  2.7366e+194  -2.39436e+194  -1.19325e+195  -1.13451e+195  -1.11493e+195  
-6.27156e+194  -4.4985e+194  8.20676e+193  4.42017e+194  1.22763e+194  -6.63282e+193  -2.15302e+193  1.10993e+193  -1.86957e+192  -3.6914e+194  7.08845e+194  1.388e+196  -5.88337e+196  -8.80478e+197  -5.46684e+198  -9.07614e+198  -5.46684e+198  -8.80478e+197  -5.88337e+196  1.388e+196  7.08845e+194  -3.6914e+194  -1.86957e+192  1.10993e+193  -2.15302e+193  -6.63282e+193  1.22763e+194  4.42017e+194  8.20676e+193  -4.4985e+194  -6.27156e+194  
3.00531e+194  3.1328e+194  3.51526e+194  7.50812e+193  -1.17918e+194  -3.92628e+193  1.2911e+193  3.59081e+192  4.84088e+193  1.86964e+192  -1.7778e+195  2.06376e+195  5.32063e+196  -8.33712e+196  -6.69001e+197  -9.20179e+197  -6.69001e+197  -8.33712e+196  5.32063e+196  2.06376e+195  -1.7778e+195  1.86964e+192  4.84088e+193  3.59081e+192  1.2911e+193  -3.92628e+193  -1.17918e+194  7.50812e+193  3.51526e+194  3.1328e+194  3.00531e+194  
1.14141e+194  7.95212e+193  -2.43391e+193  -1.16533e+194  -3.72273e+193  2.50764e+193  9.96354e+192  -6.55663e+192  -9.80721e+192  1.67895e+194  9.40548e+193  -4.37255e+195  2.95395e+194  8.9744e+196  5.57883e+197  9.44827e+197  5.57883e+197  8.9744e+196  2.95395e+194  -4.37255e+195  9.40548e+193  1.67895e+194  -9.80721e+192  -6.55663e+192  9.96354e+192  2.50764e+193  -3.72273e+193  -1.16533e+194  -2.43391e+193  7.95212e+193  1.14141e+194  
-4.37994e+193  -4.7037e+193  -5.67497e+193  -1.36752e+193  2.64134e+193  1.04283e+193  -4.12378e+192  -8.36765e+191  -9.81538e+192  -2.58542e+193  2.97457e+194  3.68021e+194  -5.51982e+195  -1.06499e+196  2.61797e+196  5.30859e+196  2.61797e+196  -1.06499e+196  -5.51982e+195  3.68021e+194  2.97457e+194  -2.58542e+193  -9.81538e+192  -8.36765e+191  -4.12378e+192  1.04283e+193  2.64134e+193  -1.36752e+193  -5.67497e+193  -4.7037e+193  -4.37994e+193  
-1.0639e+193  -7.2165e+192  3.05093e+192  1.53436e+193  5.84169e+192  -4.47865e+192  -2.16302e+192  8.62916e+191  2.2886e+192  -1.25897e+193  -4.00916e+193  2.7215e+194  6.31014e+194  -3.05761e+195  -2.24265e+196  -3.89822e+196  -2.24265e+196  -3.05761e+195  6.31014e+194  2.7215e+194  -4.00916e+193  -1.25897e+193  2.2886e+192  8.62916e+191  -2.16302e+192  -4.47865e+192  5.84169e+192  1.53436e+193  3.05093e+192  -7.2165e+192  -1.0639e+193  
2.85473e+192  3.18872e+192  4.1907e+192  1.23946e+192  -2.6202e+192  -1.27862e+192  5.70065e+191  2.83645e+191  1.18356e+191  1.65632e+192  -7.2411e+192  -3.10463e+193  1.12647e+194  5.08902e+194  -1.38549e+194  -8.9261e+194  -1.38549e+194  5.08902e+194  1.12647e+194  -3.10463e+193  -7.2411e+192  1.65632e+192  1.18356e+191  2.83645e+191  5.70065e+191  -1.27862e+192  -2.6202e+192  1.23946e+192  4.1907e+192  3.18872e+192  2.85473e+192  
3.8349e+191  2.55916e+191  -1.26808e+191  -7.78053e+191  -3.75307e+191  3.03176e+191  1.85624e+191  -5.11769e+190  -3.95709e+190  2.48565e+190  4.9385e+191  -1.39551e+192  -9.54939e+192  1.28876e+193  1.56884e+194  2.86833e+194  1.56884e+194  1.28876e+193  -9.54939e+192  -1.39551e+192  4.9385e+191  2.48565e+190  -3.95709e+190  -5.11769e+190  1.85624e+191  3.03176e+191  -3.75307e+191  -7.78053e+191  -1.26808e+191  2.55916e+191  3.8349e+191  
-5.18926e+190  -6.16536e+190  -9.09366e+190  -3.73209e+190  7.79736e+190  5.18921e+190  -2.3422e+190  -1.98711e+190  3.44756e+189  1.16362e+190  -8.70426e+189  -5.05845e+190  3.19784e+190  -2.13504e+190  -6.67541e+190  1.81701e+191  -6.67541e+190  -2.13504e+190  3.19784e+190  -5.05845e+190  -8.70426e+189  1.16362e+190  3.44756e+189  -1.98711e+190  -2.3422e+190  5.18921e+190  7.79736e+190  -3.73209e+190  -9.09366e+190  -6.16536e+190  -5.18926e+190  
0  0  0  0  0  0  0  0  0  0  0  0  0  0  0  0  0  0  0  0  0  0  0  0  0  0  0  0  0  0  0  
