1  1  1  1  1  1  1  1  1  1  1  1  1  1  1  1  1  1  1  1  1  1  1  1  1  1  1  1  1  1  1  
-8.37771e+212  -3.37643e+212  1.16274e+213  2.04492e+214  -1.79638e+214  -3.61097e+215  1.4095e+214  2.93376e+216  1.21652e+216  -1.25493e+217  -9.34586e+216  2.57958e+217  2.72907e+217  -9.32066e+216  -1.73495e+217  -1.52953e+217  -1.73495e+217  -9.32066e+216  2.72907e+217  2.57958e+217  -9.34586e+216  -1.25493e+217  1.21652e+216  2.93376e+216  1.4095e+214  -3.61097e+215  -1.79638e+214  2.04492e+214  1.16274e+213  -3.37643e+212  -8.37771e+212  
-1.9022e+213  1.70754e+212  6.38961e+213  -7.89616e+213  -2.6561e+215  2.30653e+214  4.14746e+216  1.82688e+216  -3.16175e+217  -2.48718e+217  1.21227e+218  1.314e+218  -1.71986e+218  -2.54028e+218  -9.91988e+217  -6.69999e+217  -9.91988e+217  -2.54028e+218  -1.71986e+218  1.314e+218  1.21227e+218  -2.48718e+217  -3.16175e+217  1.82688e+216  4.14746e+216  2.30653e+214  -2.6561e+215  -7.89616e+213  6.38961e+213  1.70754e+212  -1.9022e+213  
2.07657e+213  9.76411e+212  -2.32408e+213  -1.09044e+215  2.41178e+214  3.15613e+216  1.3707e+216  -4.07395e+217  -3.3003e+217  2.65248e+218  2.92999e+218  -7.89707e+218  -1.12293e+219  3.64997e+218  9.74639e+218  9.10054e+218  9.74639e+218  3.64997e+218  -1.12293e+219  -7.89707e+218  2.92999e+218  2.65248e+218  -3.3003e+217  -4.07395e+217  1.3707e+216  3.15613e+216  2.41178e+214  -1.09044e+215  -2.32408e+213  9.76411e+212  2.07657e+213  
6.26912e+213  -9.12101e+212  -2.24558e+214  9.53196e+213  1.29972e+216  5.39386e+215  -2.89346e+217  -2.40038e+217  3.11706e+218  3.51328e+218  -1.65826e+219  -2.34526e+219  3.16758e+219  5.9315e+219  2.60816e+219  1.53442e+219  2.60816e+219  5.9315e+219  3.16758e+219  -2.34526e+219  -1.65826e+219  3.51328e+218  3.11706e+218  -2.40038e+217  -2.89346e+217  5.39386e+215  1.29972e+216  9.53196e+213  -2.24558e+214  -9.12101e+212  6.26912e+213  
4.98422e+213  4.29458e+213  2.22564e+213  2.8111e+215  1.08239e+215  -1.15096e+217  -9.81793e+216  2.08223e+218  2.40791e+218  -1.87583e+219  -2.67706e+219  7.6036e+219  1.34012e+220  -4.53477e+219  -1.56364e+220  -1.54669e+220  -1.56364e+220  -4.53477e+219  1.34012e+220  7.6036e+219  -2.67706e+219  -1.87583e+219  2.40791e+218  2.08223e+218  -9.81793e+216  -1.15096e+217  1.08239e+215  2.8111e+215  2.22564e+213  4.29458e+213  4.98422e+213  
5.25889e+213  1.20742e+214  3.25203e+214  1.14736e+214  -2.46811e+216  -2.20813e+216  7.94222e+217  9.53567e+217  -1.21252e+219  -1.76718e+219  8.97657e+219  1.56396e+220  -2.33921e+220  -5.29097e+220  -2.57575e+220  -1.30848e+220  -2.57575e+220  -5.29097e+220  -2.33921e+220  1.56396e+220  8.97657e+219  -1.76718e+219  -1.21252e+219  9.53567e+217  7.94222e+217  -2.20813e+216  -2.46811e+216  1.14736e+214  3.25203e+214  1.20742e+214  5.25889e+213  
-1.26747e+215  -9.92831e+214  -1.68923e+214  -2.54367e+215  -2.5421e+215  1.65504e+217  2.11423e+217  -4.4964e+218  -6.79612e+218  5.87114e+219  1.03428e+220  -3.36183e+220  -7.10297e+220  2.80245e+220  1.13802e+221  1.19374e+221  1.13802e+221  2.80245e+220  -7.10297e+220  -3.36183e+220  1.03428e+220  5.87114e+219  -6.79612e+218  -4.4964e+218  2.11423e+217  1.65504e+217  -2.5421e+215  -2.54367e+215  -1.68923e+214  -9.92831e+214  -1.26747e+215  
-9.95782e+214  -7.85433e+214  -1.54385e+214  -1.95898e+214  1.68129e+216  2.41515e+216  -9.1434e+217  -1.47016e+218  2.17374e+219  3.94823e+219  -2.38891e+220  -5.00238e+220  8.96821e+220  2.37329e+221  1.26289e+221  5.42043e+220  1.26289e+221  2.37329e+221  8.96821e+220  -5.00238e+220  -2.38891e+220  3.94823e+219  2.17374e+219  -1.47016e+218  -9.1434e+217  2.41515e+216  1.68129e+216  -1.95898e+214  -1.54385e+214  -7.85433e+214  -9.95782e+214  
9.20541e+215  7.33242e+215  1.71346e+215  6.55603e+214  1.19249e+215  -9.08276e+216  -1.63534e+217  4.38358e+218  8.42932e+218  -9.19614e+219  -1.96543e+220  8.00214e+220  1.99069e+221  -1.02926e+221  -4.5407e+221  -5.04926e+221  -4.5407e+221  -1.02926e+221  1.99069e+221  8.00214e+220  -1.96543e+220  -9.19614e+219  8.42932e+218  4.38358e+218  -1.63534e+217  -9.08276e+216  1.19249e+215  6.55603e+214  1.71346e+215  7.33242e+215  9.20541e+215  
3.15698e+215  1.97377e+215  -1.57586e+215  -1.17217e+214  -3.36524e+215  -7.75119e+215  4.30124e+217  9.19143e+217  -1.88666e+219  -4.23747e+219  3.4248e+220  8.543e+220  -2.00746e+221  -6.08026e+221  -3.49204e+221  -1.20476e+221  -3.49204e+221  -6.08026e+221  -2.00746e+221  8.543e+220  3.4248e+220  -4.23747e+219  -1.88666e+219  9.19143e+217  4.30124e+217  -7.75119e+215  -3.36524e+215  -1.17217e+214  -1.57586e+215  1.97377e+215  3.15698e+215  
-3.6582e+216  -2.94588e+216  -8.08943e+215  3.32907e+213  -8.11665e+213  1.57011e+216  4.20425e+216  -1.85996e+218  -4.60185e+218  7.43024e+219  1.92916e+220  -1.09729e+221  -3.19438e+221  2.41638e+221  1.09348e+222  1.2874e+222  1.09348e+222  2.41638e+221  -3.19438e+221  -1.09729e+221  1.92916e+220  7.43024e+219  -4.60185e+218  -1.85996e+218  4.20425e+216  1.57011e+216  -8.11665e+213  3.32907e+213  -8.08943e+215  -2.94588e+216  -3.6582e+216  
-3.39244e+215  1.87453e+214  1.09271e+216  2.50122e+215  8.44187e+213  4.96644e+214  -6.76555e+216  -2.06178e+217  7.54377e+218  2.13807e+219  -2.6874e+220  -8.03885e+220  2.76109e+221  9.4741e+221  5.78935e+221  1.41745e+221  5.78935e+221  9.4741e+221  2.76109e+221  -8.03885e+220  -2.6874e+220  2.13807e+219  7.54377e+218  -2.06178e+217  -6.76555e+216  4.96644e+214  8.44187e+213  2.50122e+215  1.09271e+216  1.87453e+214  -3.39244e+215  
8.81053e+216  7.14398e+216  2.14435e+216  -1.99942e+215  -5.96181e+214  -3.70148e+214  -2.30145e+215  2.77907e+217  9.55616e+217  -2.91818e+219  -9.44981e+219  8.73762e+220  3.00552e+221  -3.71041e+221  -1.67183e+222  -2.08063e+222  -1.67183e+222  -3.71041e+221  3.00552e+221  8.73762e+220  -9.44981e+219  -2.91818e+219  9.55616e+217  2.77907e+217  -2.30145e+215  -3.70148e+214  -5.96181e+214  -1.99942e+215  2.14435e+216  7.14398e+216  8.81053e+216  
-4.61453e+215  -1.17633e+216  -3.32097e+216  -9.85587e+215  3.41301e+214  1.43023e+214  1.51023e+215  1.02019e+216  -1.11415e+218  -4.32179e+218  1.08337e+220  4.01373e+220  -2.34815e+221  -9.19445e+221  -5.86691e+221  -6.37096e+220  -5.86691e+221  -9.19445e+221  -2.34815e+221  4.01373e+220  1.08337e+220  -4.32179e+218  -1.11415e+218  1.02019e+216  1.51023e+215  1.43023e+214  3.41301e+214  -9.85587e+215  -3.32097e+216  -1.17633e+216  -4.61453e+215  
-1.35057e+217  -1.09931e+217  -3.45518e+216  8.64048e+215  3.09732e+215  -5.83984e+213  -3.55539e+213  -6.08434e+215  -4.4865e+216  4.44559e+218  1.95762e+219  -3.81008e+220  -1.60975e+221  3.71798e+221  1.65962e+222  2.17998e+222  1.65962e+222  3.71798e+221  -1.60975e+221  -3.81008e+220  1.95762e+219  4.44559e+218  -4.4865e+216  -6.08434e+215  -3.55539e+213  -5.83984e+213  3.09732e+215  8.64047e+215  -3.45518e+216  -1.09931e+217  -1.35057e+217  
1.84127e+216  2.80937e+216  5.71367e+216  1.97335e+216  -1.90754e+215  -8.70333e+214  8.04894e+212  1.15506e+213  2.47503e+216  2.01626e+217  -1.79562e+219  -9.07643e+219  1.18433e+221  5.50449e+221  3.55569e+221  -4.03637e+220  3.55569e+221  5.50449e+221  1.18433e+221  -9.07643e+219  -1.79562e+219  2.01626e+217  2.47503e+216  1.15506e+213  8.04894e+212  -8.70333e+214  -1.90754e+215  1.97335e+216  5.71367e+216  2.80937e+216  1.84127e+216  
1.34642e+217  1.0977e+217  3.51552e+216  -1.72121e+216  -7.13448e+215  3.93178e+214  2.32592e+214  8.08706e+212  -1.59979e+213  -1.04456e+217  -9.58201e+217  7.42973e+219  4.32436e+220  -2.38373e+221  -1.0702e+222  -1.4822e+222  -1.0702e+222  -2.38373e+221  4.32436e+220  7.42973e+219  -9.58201e+217  -1.04456e+217  -1.59979e+213  8.08706e+212  2.32592e+214  3.93178e+214  -7.13448e+215  -1.72121e+216  3.51552e+216  1.0977e+217  1.34642e+217  
-2.42962e+216  -3.31966e+216  -5.98978e+216  -2.32025e+216  4.21121e+215  2.16288e+215  -7.57309e+213  -5.98666e+213  1.53208e+213  1.41522e+213  4.56816e+217  5.14783e+218  -3.07329e+220  -1.9259e+221  -1.17066e+221  7.02273e+220  -1.17066e+221  -1.9259e+221  -3.07329e+220  5.14783e+218  4.56816e+217  1.41522e+213  1.53208e+213  -5.98666e+213  -7.57309e+213  2.16288e+215  4.21121e+215  -2.32025e+216  -5.98978e+216  -3.31966e+216  -2.42962e+216  
-8.72916e+216  -7.11902e+216  -2.2886e+216  1.89782e+216  8.93878e+215  -9.13448e+214  -5.92322e+214  -6.36177e+212  -2.00939e+213  3.9912e+215  -8.14176e+215  -2.48452e+218  -3.25995e+219  9.39331e+220  4.38865e+221  6.40779e+221  4.38865e+221  9.39331e+220  -3.25995e+219  -2.48452e+218  -8.14176e+215  3.9912e+215  -2.00939e+213  -6.36177e+212  -5.92322e+214  -9.13448e+214  8.93878e+215  1.89782e+216  -2.2886e+216  -7.11902e+216  -8.72916e+216  
1.71207e+216  2.25664e+216  3.89034e+216  1.67136e+216  -4.71993e+215  -2.74758e+215  1.81317e+214  1.67985e+214  -1.04396e+215  8.41406e+213  6.20666e+216  -2.84669e+217  1.7879e+219  3.35832e+220  1.3647e+220  -3.95385e+220  1.3647e+220  3.35832e+220  1.7879e+219  -2.84669e+217  6.20666e+216  8.41406e+213  -1.04396e+215  1.67985e+214  1.81317e+214  -2.74758e+215  -4.71993e+215  1.67136e+216  3.89034e+216  2.25664e+216  1.71207e+216  
3.60077e+216  2.93723e+216  9.46633e+215  -1.21171e+216  -6.46769e+215  9.94012e+214  7.2231e+214  2.34697e+214  6.00447e+214  -2.05691e+216  7.1339e+215  9.55964e+217  -4.29371e+218  -2.11392e+220  -1.08997e+221  -1.67983e+221  -1.08997e+221  -2.11392e+220  -4.29371e+218  9.55964e+217  7.1339e+215  -2.05691e+216  6.00447e+214  2.34697e+214  7.2231e+214  9.94012e+214  -6.46769e+215  -1.21171e+216  9.46633e+215  2.93723e+216  3.60077e+216  
-6.8437e+215  -8.96807e+215  -1.53412e+216  -7.33673e+215  2.85683e+215  1.90578e+215  -2.23078e+214  -4.03569e+214  3.67459e+215  7.79618e+215  -1.76185e+217  -1.63834e+216  8.04345e+218  -1.14009e+219  2.5046e+219  1.08813e+220  2.5046e+219  -1.14009e+219  8.04345e+218  -1.63834e+216  -1.76185e+217  7.79618e+215  3.67459e+215  -4.03569e+214  -2.23078e+214  1.90578e+215  2.85683e+215  -7.33673e+215  -1.53412e+216  -8.96807e+215  -6.8437e+215  
-8.98931e+215  -7.34574e+215  -2.41503e+215  4.40244e+215  2.68445e+215  -5.39474e+214  -4.21069e+214  -3.84231e+214  -1.925e+215  2.05562e+216  4.57473e+216  -7.1035e+217  -6.65952e+217  2.363e+219  1.49451e+220  2.43966e+220  1.49451e+220  2.363e+219  -6.65952e+217  -7.1035e+217  4.57473e+216  2.05562e+216  -1.925e+215  -3.84231e+214  -4.21069e+214  -5.39474e+214  2.68445e+215  4.40244e+215  -2.41503e+215  -7.34574e+215  -8.98931e+215  
1.49784e+215  1.98771e+215  3.45733e+215  1.86884e+215  -9.12875e+214  -7.12627e+214  1.07009e+214  3.47855e+214  -1.59677e+215  -7.74864e+215  5.62155e+216  1.48785e+217  -1.36687e+218  -3.6944e+218  -7.92255e+218  -1.42344e+219  -7.92255e+218  -3.6944e+218  -1.36687e+218  1.48785e+217  5.62155e+216  -7.74864e+215  -1.59677e+215  3.47855e+214  1.07009e+214  -7.12627e+214  -9.12875e+214  1.86884e+215  3.45733e+215  1.98771e+215  1.49784e+215  
1.23437e+215  1.01454e+215  3.55051e+214  -8.43271e+214  -5.98496e+214  1.42882e+214  1.30257e+214  5.45722e+213  6.99728e+214  -3.06554e+215  -1.64184e+216  7.75187e+216  2.82473e+217  -9.57566e+217  -9.44066e+218  -1.64448e+219  -9.44066e+218  -9.57566e+217  2.82473e+217  7.75187e+216  -1.64184e+216  -3.06554e+215  6.99728e+214  5.45722e+213  1.30257e+214  1.42882e+214  -5.98496e+214  -8.43271e+214  3.55051e+214  1.01454e+215  1.23437e+215  
-1.59465e+214  -2.17788e+214  -3.92759e+214  -2.46486e+214  1.3875e+214  1.2995e+214  -1.64749e+213  -5.59876e+213  7.48302e+213  1.04615e+215  -2.88735e+215  -1.92239e+216  4.70017e+216  3.09599e+217  5.38198e+217  7.07312e+217  5.38198e+217  3.09599e+217  4.70017e+216  -1.92239e+216  -2.88735e+215  1.04615e+215  7.48302e+213  -5.59876e+213  -1.64749e+213  1.2995e+214  1.3875e+214  -2.46486e+214  -3.92759e+214  -2.17788e+214  -1.59465e+214  
-7.71461e+213  -6.42988e+213  -2.57568e+213  7.16364e+213  6.13014e+213  -1.56619e+213  -2.04357e+213  1.45075e+212  -2.30063e+213  3.28534e+213  7.48459e+214  -1.09825e+215  -1.16896e+216  3.19561e+215  1.78372e+217  3.37112e+217  1.78372e+217  3.19561e+215  -1.16896e+216  -1.09825e+215  7.48459e+214  3.28534e+213  -2.30063e+213  1.45075e+212  -2.04357e+213  -1.56619e+213  6.13014e+213  7.16364e+213  -2.57568e+213  -6.42988e+213  -7.71461e+213  
6.23521e+212  8.95549e+212  1.71163e+213  1.30629e+213  -7.8095e+212  -9.38071e+212  1.07439e+212  2.22404e+212  2.99369e+211  -5.69902e+212  4.94026e+211  2.01566e+214  -4.25165e+213  -2.90699e+215  -5.36513e+215  -6.14287e+215  -5.36513e+215  -2.90699e+215  -4.25165e+213  2.01566e+214  4.94026e+211  -5.69902e+212  2.99369e+211  2.22404e+212  1.07439e+212  -9.38071e+212  -7.8095e+212  1.30629e+213  1.71163e+213  8.95549e+212  6.23521e+212  
1.37716e+212  1.18494e+212  6.08273e+211  -1.76166e+212  -1.97934e+212  4.77156e+211  9.67761e+211  2.54431e+209  -3.53003e+211  -1.54209e+211  1.87158e+212  1.5818e+211  -5.52423e+212  1.40846e+212  -3.58735e+213  -1.00781e+214  -3.58735e+213  1.40846e+212  -5.52423e+212  1.5818e+211  1.87158e+212  -1.54209e+211  -3.53003e+211  2.54431e+209  9.67761e+211  4.77156e+211  -1.97934e+212  -1.76166e+212  6.08273e+211  1.18494e+212  1.37716e+212  
0  0  0  0  0  0  0  0  0  0  0  0  0  0  0  0  0  0  0  0  0  0  0  0  0  0  0  0  0  0  0  
