1  1  1  1  1  1  1  1  1  1  1  1  1  1  1  1  1  1  1  1  1  1  1  1  1  1  1  1  1  1  1  
1.34763e+249  1.01287e+249  8.59271e+246  -5.7785e+250  -4.33021e+250  9.6288e+251  1.00354e+252  -7.32729e+252  -9.23476e+252  2.87015e+253  4.27137e+253  -4.963e+253  -9.22021e+253  -3.84648e+252  3.4536e+253  3.20566e+253  3.4536e+253  -3.84648e+252  -9.22021e+253  -4.963e+253  4.27137e+253  2.87015e+253  -9.23476e+252  -7.32729e+252  1.00354e+252  9.6288e+251  -4.33021e+250  -5.7785e+250  8.5927e+246  1.01287e+249  1.34763e+249  
6.06402e+249  9.67566e+247  -1.7805e+250  -2.42566e+250  7.06656e+251  1.01766e+252  -1.04414e+253  -1.6261e+253  7.41176e+253  1.27098e+254  -2.52862e+254  -4.97779e+254  2.43239e+254  7.19439e+254  4.04348e+254  3.07737e+254  4.04348e+254  7.19439e+254  2.43239e+254  -4.97779e+254  -2.52862e+254  1.27098e+254  7.41176e+253  -1.6261e+253  -1.04414e+253  1.01766e+252  7.06656e+251  -2.42566e+250  -1.7805e+250  9.67566e+247  6.06402e+249  
-1.95409e+249  -3.07834e+249  -6.45108e+249  2.91258e+251  5.50779e+251  -8.01902e+252  -1.5038e+253  9.74547e+253  1.90107e+254  -5.81362e+254  -1.23197e+255  1.43336e+255  3.67864e+255  3.84205e+254  -1.95781e+255  -1.99468e+255  -1.95781e+255  3.84205e+254  3.67864e+255  1.43336e+255  -1.23197e+255  -5.81362e+254  1.90107e+254  9.74547e+253  -1.5038e+253  -8.01902e+252  5.50779e+251  2.91258e+251  -6.45108e+249  -3.07834e+249  -1.95409e+249  
-2.14842e+250  -1.29999e+249  5.92528e+250  1.58545e+251  -3.32767e+252  -7.68168e+252  7.03742e+253  1.57813e+254  -7.07391e+254  -1.63875e+255  3.33609e+255  8.58306e+255  -4.09209e+255  -1.65895e+256  -1.07883e+256  -7.86594e+255  -1.07883e+256  -1.65895e+256  -4.09209e+255  8.58306e+255  3.33609e+255  -1.63875e+255  -7.07391e+254  1.57813e+254  7.03742e+253  -7.68168e+252  -3.32767e+252  1.58545e+251  5.92528e+250  -1.29999e+249  -2.14842e+250  
1.05324e+249  6.44212e+249  2.26088e+250  -7.25085e+251  -2.15947e+252  2.83824e+253  7.50296e+253  -4.85269e+254  -1.25308e+255  4.00859e+255  1.08426e+256  -1.33286e+256  -4.32594e+256  -6.4841e+255  3.18192e+256  3.51888e+256  3.18192e+256  -6.4841e+255  -4.32594e+256  -1.33286e+256  1.08426e+256  4.00859e+255  -1.25308e+255  -4.85269e+254  7.50296e+253  2.83824e+253  -2.15947e+252  -7.25085e+251  2.26088e+250  6.44212e+249  1.05324e+249  
4.01617e+250  1.20759e+250  -7.21814e+250  -3.14223e+251  6.15418e+252  2.00863e+253  -1.8908e+254  -5.59961e+254  2.70128e+255  7.92616e+255  -1.77195e+256  -5.64041e+256  2.89008e+256  1.47398e+257  1.08893e+257  7.70783e+256  1.08893e+257  1.47398e+257  2.89008e+256  -5.64041e+256  -1.77195e+256  7.92616e+255  2.70128e+255  -5.59961e+254  -1.8908e+254  2.00863e+253  6.15418e+252  -3.14223e+251  -7.21814e+250  1.20759e+250  4.01617e+250  
-2.52422e+250  -2.48886e+250  -2.38279e+250  6.43794e+251  2.82241e+252  -4.00947e+253  -1.42565e+254  1.03384e+255  3.40169e+255  -1.24098e+256  -4.13652e+256  5.82618e+256  2.28514e+257  4.02227e+256  -2.35546e+257  -2.80299e+257  -2.35546e+257  4.02227e+256  2.28514e+257  5.82618e+256  -4.13652e+256  -1.24098e+256  3.40169e+255  1.03384e+255  -1.42565e+254  -4.00947e+253  2.82241e+252  6.43794e+251  -2.38279e+250  -2.48886e+250  -2.52422e+250  
-1.32754e+251  -9.75604e+250  8.02072e+249  1.75503e+251  -4.12906e+252  -1.91436e+253  2.15628e+254  8.33661e+254  -4.81576e+255  -1.75745e+256  4.70615e+256  1.80476e+257  -1.11883e+257  -6.6356e+257  -5.50938e+257  -3.83581e+257  -5.50938e+257  -6.6356e+257  -1.11883e+257  1.80476e+257  4.70615e+256  -1.75745e+256  -4.81576e+255  8.33661e+254  2.15628e+254  -1.91436e+253  -4.12906e+252  1.75503e+251  8.02072e+249  -9.75604e+250  -1.32754e+251  
2.31899e+251  1.8973e+251  6.32239e+250  -1.58868e+251  -1.1432e+252  2.18724e+253  1.07674e+254  -1.0066e+255  -4.22996e+255  1.95004e+256  7.92069e+256  -1.40425e+257  -6.44951e+257  -1.11819e+257  9.59738e+257  1.21816e+258  9.59738e+257  -1.11819e+257  -6.44951e+257  -1.40425e+257  7.92069e+256  1.95004e+256  -4.22996e+255  -1.0066e+255  1.07674e+254  2.18724e+253  -1.1432e+252  -1.58868e+251  6.32239e+250  1.8973e+251  2.31899e+251  
5.83572e+251  4.50327e+251  5.05935e+250  -2.26908e+250  8.24408e+251  6.14722e+252  -1.01697e+254  -5.33036e+254  4.2101e+255  1.92561e+256  -6.84685e+256  -3.12914e+257  2.6596e+257  1.71903e+258  1.59306e+258  1.10488e+258  1.59306e+258  1.71903e+258  2.6596e+257  -3.12914e+257  -6.84685e+256  1.92561e+256  4.2101e+255  -5.33036e+254  -1.01697e+254  6.14722e+252  8.24408e+251  -2.26908e+250  5.05935e+250  4.50327e+251  5.83572e+251  
-1.0245e+252  -8.59934e+251  -3.66244e+251  -1.4516e+250  1.00208e+251  -3.80418e+252  -2.94523e+253  4.31806e+254  2.415e+255  -1.6027e+256  -8.00813e+256  1.99333e+257  1.05405e+258  1.26969e+257  -2.36904e+258  -3.18005e+258  -2.36904e+258  1.26969e+257  1.05405e+258  1.99333e+257  -8.00813e+256  -1.6027e+256  2.415e+255  4.31806e+254  -2.94523e+253  -3.80418e+252  1.00208e+251  -1.4516e+250  -3.66244e+251  -8.59934e+251  -1.0245e+252  
-1.5964e+252  -1.20069e+252  -1.35412e+250  9.1184e+250  -1.76159e+250  -4.55447e+251  1.62325e+253  1.31136e+254  -1.7171e+255  -1.02753e+256  5.53793e+256  3.04377e+257  -4.02535e+257  -2.73091e+258  -2.81659e+258  -1.97135e+258  -2.81659e+258  -2.73091e+258  -4.02535e+257  3.04377e+257  5.53793e+256  -1.02753e+256  -1.7171e+255  1.31136e+254  1.62325e+253  -4.55447e+251  -1.76159e+250  9.1184e+250  -1.35412e+250  -1.20069e+252  -1.5964e+252  
2.68644e+252  2.30706e+252  1.16892e+252  7.49977e+250  -2.01134e+250  9.01946e+250  1.95913e+252  -6.60269e+253  -5.5906e+254  6.48786e+255  4.1686e+256  -1.67356e+257  -1.02485e+258  3.48403e+256  3.72554e+258  5.24782e+258  3.72554e+258  3.48403e+256  -1.02485e+258  -1.67356e+257  4.1686e+256  6.48786e+255  -5.5906e+254  -6.60269e+253  1.95913e+252  9.01946e+250  -2.01134e+250  7.49977e+250  1.16892e+252  2.30706e+252  2.68644e+252  
2.71394e+252  1.95976e+252  -3.02763e+251  -4.18457e+251  -2.77298e+250  4.31447e+249  -3.71482e+251  -8.17922e+252  2.61904e+254  2.3353e+255  -2.33375e+256  -1.61499e+257  3.83894e+257  2.72998e+258  3.14214e+258  2.25168e+258  3.14214e+258  2.72998e+258  3.83894e+257  -1.61499e+257  -2.33375e+256  2.3353e+255  2.61904e+254  -8.17922e+252  -3.71482e+251  4.31447e+249  -2.77298e+250  -4.18457e+251  -3.02763e+251  1.95976e+252  2.71394e+252  
-4.42873e+252  -3.87444e+252  -2.21155e+252  -1.06397e+251  1.18194e+251  8.15107e+249  4.88689e+248  1.49704e+252  3.3988e+253  -1.03192e+255  -9.7388e+255  7.80835e+256  5.80438e+257  -2.53064e+257  -3.81603e+258  -5.60265e+258  -3.81603e+258  -2.53064e+257  5.80438e+257  7.80835e+256  -9.7388e+255  -1.03192e+255  3.3988e+253  1.49704e+252  4.88689e+248  8.15107e+249  1.18194e+251  -1.06397e+251  -2.21155e+252  -3.87444e+252  -4.42873e+252  
-2.96066e+252  -2.01083e+252  8.38651e+251  9.32749e+251  6.81701e+250  -3.1168e+250  -1.82462e+249  -7.34871e+249  -6.08886e+252  -1.44161e+254  4.09882e+255  4.10678e+256  -2.1892e+257  -1.70932e+258  -2.22272e+258  -1.66031e+258  -2.22272e+258  -1.70932e+258  -2.1892e+257  4.10678e+256  4.09882e+255  -1.44161e+254  -6.08886e+252  -7.34871e+249  -1.82462e+249  -3.1168e+250  6.81701e+250  9.32749e+251  8.38651e+251  -2.01083e+252  -2.96066e+252  
4.70239e+252  4.18125e+252  2.61781e+252  3.6702e+250  -2.95937e+251  -2.52266e+250  7.94271e+249  -1.874e+249  3.69558e+250  2.5706e+253  6.4256e+254  -1.65223e+256  -1.73234e+257  2.87852e+257  2.5466e+258  3.87546e+258  2.5466e+258  2.87852e+257  -1.73234e+257  -1.65223e+256  6.4256e+254  2.5706e+253  3.69558e+250  -1.874e+249  7.94271e+249  -2.52266e+250  -2.95937e+251  3.6702e+250  2.61781e+252  4.18125e+252  4.70239e+252  
2.09275e+252  1.29614e+252  -1.09368e+252  -1.19177e+252  -8.32293e+250  8.28295e+250  7.78525e+249  -1.90115e+249  -4.55858e+249  -6.51953e+250  -1.12717e+254  -3.17442e+255  6.48234e+256  6.43803e+257  9.76553e+257  7.79622e+257  9.76553e+257  6.43803e+257  6.48234e+256  -3.17442e+255  -1.12717e+254  -6.51953e+250  -4.55858e+249  -1.90115e+249  7.78525e+249  8.28295e+250  -8.32293e+250  -1.19177e+252  -1.09368e+252  1.29614e+252  2.09275e+252  
-3.22029e+252  -2.90841e+252  -1.97275e+252  6.34507e+250  3.93681e+251  3.72775e+250  -2.13783e+250  3.15707e+249  -2.21178e+250  -1.01499e+252  5.71386e+252  6.04877e+254  1.81789e+256  -1.58606e+257  -1.08385e+258  -1.70257e+258  -1.08385e+258  -1.58606e+257  1.81789e+256  6.04877e+254  5.71386e+252  -1.01499e+252  -2.21178e+250  3.15707e+249  -2.13783e+250  3.72775e+250  3.93681e+251  6.34507e+250  -1.97275e+252  -2.90841e+252  -3.22029e+252  
-9.48759e+251  -5.09921e+251  8.06592e+251  9.1498e+251  5.69086e+250  -1.10071e+251  -1.35249e+250  8.21631e+249  2.81946e+251  -8.96532e+251  -1.436e+253  8.79724e+253  -4.78389e+255  -1.31104e+257  -2.5243e+257  -2.24174e+257  -2.5243e+257  -1.31104e+257  -4.78389e+255  8.79724e+253  -1.436e+253  -8.96532e+251  2.81946e+251  8.21631e+249  -1.35249e+250  -1.10071e+251  5.69086e+250  9.1498e+251  8.06592e+251  -5.09921e+251  -9.48759e+251  
1.39251e+252  1.27852e+252  9.36562e+251  -7.90709e+250  -2.96635e+251  -3.02392e+250  2.73941e+250  -7.28683e+250  7.26477e+250  5.52408e+252  -1.53138e+253  -2.20417e+254  1.77234e+255  4.58482e+256  2.80207e+257  4.53235e+257  2.80207e+257  4.58482e+256  1.77234e+255  -2.20417e+254  -1.53138e+253  5.52408e+252  7.26477e+250  -7.28683e+250  2.73941e+250  -3.02392e+250  -2.96635e+251  -7.90709e+250  9.36562e+251  1.27852e+252  1.39251e+252  
2.67104e+251  1.14267e+251  -3.44245e+251  -4.19891e+251  -2.34573e+250  7.7966e+250  2.43755e+250  1.25097e+250  -1.08694e+252  4.67913e+251  4.79145e+253  -1.01338e+254  -1.98473e+255  1.01949e+256  3.42841e+256  3.65637e+256  3.42841e+256  1.01949e+256  -1.98473e+255  -1.01338e+254  4.79145e+253  4.67913e+251  -1.08694e+252  1.25097e+250  2.43755e+250  7.7966e+250  -2.34573e+250  -4.19891e+251  -3.44245e+251  1.14267e+251  2.67104e+251  
-3.61702e+251  -3.38474e+251  -2.68789e+251  3.62836e+250  1.25945e+251  1.3038e+250  -2.41571e+250  1.32196e+251  2.17952e+251  -6.24016e+252  -2.36048e+251  1.99267e+254  -2.05846e+254  -6.51592e+255  -4.01256e+256  -6.68181e+256  -4.01256e+256  -6.51592e+255  -2.05846e+254  1.99267e+254  -2.36048e+251  -6.24016e+252  2.17952e+251  1.32196e+251  -2.41571e+250  1.3038e+250  1.25945e+251  3.62836e+250  -2.68789e+251  -3.38474e+251  -3.61702e+251  
-4.38066e+250  -1.25341e+250  8.12836e+250  1.09449e+251  6.27228e+249  -2.85324e+250  -1.42402e+250  -4.14287e+250  5.50821e+251  1.05908e+252  -1.77403e+253  -1.15607e+253  4.11585e+254  4.31255e+254  -1.87379e+255  -2.92612e+255  -1.87379e+255  4.31255e+254  4.11585e+254  -1.15607e+253  -1.77403e+253  1.05908e+252  5.50821e+251  -4.14287e+250  -1.42402e+250  -2.85324e+250  6.27228e+249  1.09449e+251  8.12836e+250  -1.25341e+250  -4.38066e+250  
5.12718e+250  4.91362e+250  4.27294e+250  -7.39683e+249  -2.81803e+250  -3.6181e+249  9.23799e+249  -2.64802e+250  -1.39474e+251  1.1273e+252  2.69312e+252  -2.62888e+253  -4.3251e+253  3.71482e+254  2.65784e+255  4.57243e+255  2.65784e+255  3.71482e+254  -4.3251e+253  -2.62888e+253  2.69312e+252  1.1273e+252  -1.39474e+251  -2.64802e+250  9.23799e+249  -3.6181e+249  -2.81803e+250  -7.39683e+249  4.27294e+250  4.91362e+250  5.12718e+250  
3.70498e+249  4.24928e+248  -9.41522e+249  -1.44195e+250  -1.05785e+249  5.21209e+249  1.46407e+249  6.64693e+249  -3.78907e+250  -2.19875e+251  1.1811e+252  3.73614e+252  -1.90632e+253  -7.03206e+253  8.80148e+252  8.43894e+253  8.80148e+252  -7.03206e+253  -1.90632e+253  3.73614e+252  1.1811e+252  -2.19875e+251  -3.78907e+250  6.64693e+249  1.46407e+249  5.21209e+249  -1.05785e+249  -1.44195e+250  -9.41521e+249  4.24928e+248  3.70498e+249  
-3.27878e+249  -3.24572e+249  -3.14655e+249  5.79085e+248  2.82687e+249  5.16825e+248  -8.1487e+248  8.45454e+246  6.64922e+249  -2.28832e+250  -1.71212e+251  5.70294e+251  2.67657e+252  -4.86491e+252  -5.29445e+253  -9.52312e+253  -5.29445e+253  -4.86491e+252  2.67657e+252  5.70294e+251  -1.71212e+251  -2.28832e+250  6.64922e+249  8.45453e+246  -8.1487e+248  5.16825e+248  2.82687e+249  5.79085e+248  -3.14655e+249  -3.24572e+249  -3.27878e+249  
-1.24268e+248  8.40207e+246  4.06413e+248  7.4194e+248  8.92454e+247  -3.73873e+248  -9.59304e+247  1.36881e+248  -4.79916e+247  1.46345e+249  -3.9106e+249  -5.0335e+250  8.6005e+250  7.81447e+251  4.22912e+251  -3.36816e+251  4.22912e+251  7.81447e+251  8.6005e+250  -5.0335e+250  -3.9106e+249  1.46345e+249  -4.79916e+247  1.36881e+248  -9.59304e+247  -3.73873e+248  8.92454e+247  7.4194e+248  4.06413e+248  8.40206e+246  -1.24268e+248  
5.9121e+247  6.16457e+247  6.92197e+247  -9.90149e+246  -8.71982e+247  -2.37543e+247  3.37886e+247  9.62468e+246  3.14891e+247  -2.18882e+247  -4.92495e+248  3.38031e+248  1.42716e+249  -2.62889e+248  1.13726e+250  2.91218e+250  1.13726e+250  -2.62889e+248  1.42716e+249  3.38031e+248  -4.92495e+248  -2.18882e+247  3.14891e+247  9.62468e+246  3.37886e+247  -2.37543e+247  -8.71982e+247  -9.90149e+246  6.92197e+247  6.16457e+247  5.9121e+247  
0  0  0  0  0  0  0  0  0  0  0  0  0  0  0  0  0  0  0  0  0  0  0  0  0  0  0  0  0  0  0  
