1  1  1  1  1  1  1  1  1  1  1  1  1  1  1  1  1  1  1  1  1  1  1  1  1  1  1  1  1  1  1  
0.96798  0.967952  0.967867  0.967729  0.967546  0.967323  0.967073  0.966804  0.966529  0.966261  0.96601  0.965788  0.965604  0.965467  0.965382  0.965353  0.965382  0.965467  0.965604  0.965788  0.96601  0.966261  0.966529  0.966804  0.967073  0.967323  0.967546  0.967729  0.967867  0.967952  0.96798  
0.935945  0.935889  0.93572  0.935447  0.935082  0.93464  0.934141  0.933606  0.93306  0.932526  0.932027  0.931585  0.93122  0.930947  0.930778  0.930721  0.930778  0.930947  0.93122  0.931585  0.932027  0.932526  0.93306  0.933606  0.934141  0.93464  0.935082  0.935447  0.93572  0.935889  0.935945  
0.903882  0.903798  0.903547  0.903142  0.902598  0.901942  0.9012  0.900406  0.899594  0.8988  0.898058  0.897402  0.896858  0.896453  0.896202  0.896117  0.896202  0.896453  0.896858  0.897402  0.898058  0.8988  0.899594  0.900406  0.9012  0.901942  0.902598  0.903142  0.903547  0.903798  0.903882  
0.871776  0.871666  0.871336  0.870802  0.870087  0.869222  0.868246  0.867201  0.866132  0.865087  0.864111  0.863247  0.862532  0.861997  0.861667  0.861555  0.861667  0.861997  0.862532  0.863247  0.864111  0.865087  0.866132  0.867201  0.868246  0.869222  0.870087  0.870802  0.871336  0.871666  0.871776  
0.839615  0.839479  0.839073  0.838417  0.837538  0.836475  0.835275  0.83399  0.832677  0.831392  0.830192  0.829129  0.82825  0.827593  0.827187  0.82705  0.827187  0.827593  0.82825  0.829129  0.830192  0.831392  0.832677  0.83399  0.835275  0.836475  0.837538  0.838417  0.839073  0.839479  0.839615  
0.807384  0.807225  0.806748  0.805976  0.804942  0.803693  0.802283  0.800772  0.799228  0.797717  0.796307  0.795058  0.794024  0.793252  0.792775  0.792614  0.792775  0.793252  0.794024  0.795058  0.796307  0.797717  0.799228  0.800772  0.802283  0.803693  0.804942  0.805976  0.806748  0.807225  0.807384  
0.775073  0.774891  0.774348  0.773469  0.772293  0.770871  0.769265  0.767546  0.765788  0.764068  0.762462  0.76104  0.759864  0.758985  0.758442  0.758258  0.758442  0.758985  0.759864  0.76104  0.762462  0.764068  0.765788  0.767546  0.769265  0.770871  0.772293  0.773469  0.774348  0.774891  0.775073  
0.742669  0.742468  0.741865  0.740888  0.739582  0.738003  0.736219  0.734309  0.732357  0.730448  0.728664  0.727085  0.725778  0.724802  0.724199  0.723995  0.724199  0.724802  0.725778  0.727085  0.728664  0.730448  0.732357  0.734309  0.736219  0.738003  0.739582  0.740888  0.741865  0.742468  0.742669  
0.710163  0.709944  0.709287  0.708225  0.706803  0.705083  0.703142  0.701063  0.698937  0.696858  0.694917  0.693197  0.691775  0.690713  0.690056  0.689834  0.690056  0.690713  0.691775  0.693197  0.694917  0.696858  0.698937  0.701063  0.703142  0.705083  0.706803  0.708225  0.709287  0.709944  0.710163  
0.677546  0.677312  0.676609  0.675471  0.673949  0.672108  0.67003  0.667804  0.665529  0.663304  0.661225  0.659385  0.657862  0.656725  0.656022  0.655784  0.656022  0.656725  0.657862  0.659385  0.661225  0.663304  0.665529  0.667804  0.67003  0.672108  0.673949  0.675471  0.676609  0.677312  0.677546  
0.64481  0.644562  0.643821  0.642621  0.641015  0.639073  0.636881  0.634533  0.632133  0.629786  0.627593  0.625652  0.624046  0.622846  0.622104  0.621853  0.622104  0.622846  0.624046  0.625652  0.627593  0.629786  0.632133  0.634533  0.636881  0.639073  0.641015  0.642621  0.643821  0.644562  0.64481  
0.611948  0.61169  0.610918  0.609669  0.607997  0.605976  0.603693  0.601249  0.598751  0.596307  0.594024  0.592003  0.590331  0.589082  0.58831  0.588049  0.58831  0.589082  0.590331  0.592003  0.594024  0.596307  0.598751  0.601249  0.603693  0.605976  0.607997  0.609669  0.610918  0.61169  0.611948  
0.578955  0.57869  0.577896  0.576611  0.574891  0.572813  0.570465  0.567952  0.565382  0.562868  0.560521  0.558442  0.556722  0.555438  0.554644  0.554375  0.554644  0.555438  0.556722  0.558442  0.560521  0.562868  0.565382  0.567952  0.570465  0.572813  0.574891  0.576611  0.577896  0.57869  0.578955  
0.545827  0.545558  0.54475  0.543444  0.541696  0.539582  0.537195  0.53464  0.532027  0.529471  0.527085  0.524971  0.523223  0.521916  0.521109  0.520836  0.521109  0.521916  0.523223  0.524971  0.527085  0.529471  0.532027  0.53464  0.537195  0.539582  0.541696  0.543444  0.54475  0.545558  0.545827  
0.512562  0.512292  0.51148  0.510166  0.508409  0.506283  0.503883  0.501314  0.498686  0.496117  0.493717  0.491591  0.489834  0.48852  0.487708  0.487434  0.487708  0.48852  0.489834  0.491591  0.493717  0.496117  0.498686  0.501314  0.503883  0.506283  0.508409  0.510166  0.51148  0.512292  0.512562  
0.47916  0.478891  0.478084  0.476777  0.475029  0.472915  0.470529  0.467973  0.46536  0.462805  0.460418  0.458304  0.456556  0.45525  0.454442  0.454169  0.454442  0.45525  0.456556  0.458304  0.460418  0.462805  0.46536  0.467973  0.470529  0.472915  0.475029  0.476777  0.478084  0.478891  0.47916  
0.445621  0.445356  0.444562  0.443278  0.441558  0.439479  0.437132  0.434618  0.432048  0.429535  0.427187  0.425109  0.423389  0.422104  0.42131  0.421042  0.42131  0.422104  0.423389  0.425109  0.427187  0.429535  0.432048  0.434618  0.437132  0.439479  0.441558  0.443278  0.444562  0.445356  0.445621  
0.411948  0.41169  0.410918  0.409669  0.407997  0.405976  0.403693  0.401249  0.398751  0.396307  0.394024  0.392003  0.390331  0.389082  0.38831  0.388049  0.38831  0.389082  0.390331  0.392003  0.394024  0.396307  0.398751  0.401249  0.403693  0.405976  0.407997  0.409669  0.410918  0.41169  0.411948  
0.378143  0.377896  0.377154  0.375954  0.374348  0.372407  0.370214  0.367867  0.365467  0.363119  0.360927  0.358985  0.357379  0.356179  0.355438  0.355187  0.355438  0.356179  0.357379  0.358985  0.360927  0.363119  0.365467  0.367867  0.370214  0.372407  0.374348  0.375954  0.377154  0.377896  0.378143  
0.344213  0.343978  0.343275  0.342138  0.340615  0.338775  0.336696  0.334471  0.332196  0.32997  0.327892  0.326051  0.324529  0.323391  0.322688  0.322451  0.322688  0.323391  0.324529  0.326051  0.327892  0.32997  0.332196  0.334471  0.336696  0.338775  0.340615  0.342138  0.343275  0.343978  0.344213  
0.310163  0.309944  0.309287  0.308225  0.306803  0.305083  0.303142  0.301063  0.298937  0.296858  0.294917  0.293197  0.291775  0.290713  0.290056  0.289834  0.290056  0.290713  0.291775  0.293197  0.294917  0.296858  0.298937  0.301063  0.303142  0.305083  0.306803  0.308225  0.309287  0.309944  0.310163  
0.276002  0.275801  0.275198  0.274222  0.272915  0.271336  0.269552  0.267643  0.265691  0.263781  0.261997  0.260418  0.259112  0.258135  0.257532  0.257328  0.257532  0.258135  0.259112  0.260418  0.261997  0.263781  0.265691  0.267643  0.269552  0.271336  0.272915  0.274222  0.275198  0.275801  0.276002  
0.241739  0.241558  0.241015  0.240136  0.23896  0.237538  0.235932  0.234212  0.232454  0.230735  0.229129  0.227707  0.226531  0.225652  0.225109  0.224925  0.225109  0.225652  0.226531  0.227707  0.229129  0.230735  0.232454  0.234212  0.235932  0.237538  0.23896  0.240136  0.241015  0.241558  0.241739  
0.207384  0.207225  0.206748  0.205976  0.204942  0.203693  0.202283  0.200772  0.199228  0.197717  0.196307  0.195058  0.194024  0.193252  0.192775  0.192614  0.192775  0.193252  0.194024  0.195058  0.196307  0.197717  0.199228  0.200772  0.202283  0.203693  0.204942  0.205976  0.206748  0.207225  0.207384  
0.172948  0.172813  0.172407  0.17175  0.170871  0.169808  0.168608  0.167323  0.16601  0.164725  0.163525  0.162462  0.161583  0.160927  0.160521  0.160383  0.160521  0.160927  0.161583  0.162462  0.163525  0.164725  0.16601  0.167323  0.168608  0.169808  0.170871  0.17175  0.172407  0.172813  0.172948  
0.138443  0.138333  0.138003  0.137468  0.136753  0.135889  0.134913  0.133868  0.132799  0.131754  0.130778  0.129913  0.129198  0.128664  0.128334  0.128222  0.128334  0.128664  0.129198  0.129913  0.130778  0.131754  0.132799  0.133868  0.134913  0.135889  0.136753  0.137468  0.138003  0.138333  0.138443  
0.103882  0.103798  0.103547  0.103142  0.102598  0.101942  0.1012  0.100406  0.0995941  0.0988  0.0980584  0.0974016  0.0968584  0.0964525  0.0962016  0.0961168  0.0962016  0.0964525  0.0968584  0.0974016  0.0980584  0.0988  0.0995941  0.100406  0.1012  0.101942  0.102598  0.103142  0.103547  0.103798  0.103882  
0.0692785  0.0692223  0.0690535  0.0687804  0.0684149  0.067973  0.067474  0.0669398  0.0663936  0.0658593  0.0653603  0.0649184  0.064553  0.0642799  0.0641111  0.064054  0.0641111  0.0642799  0.064553  0.0649184  0.0653603  0.0658593  0.0663936  0.0669398  0.067474  0.067973  0.0684149  0.0687804  0.0690535  0.0692223  0.0692785  
0.0346465  0.0346182  0.0345333  0.034396  0.0342123  0.0339901  0.0337392  0.0334706  0.033196  0.0329274  0.0326766  0.0324544  0.0322707  0.0321334  0.0320485  0.0320198  0.0320485  0.0321334  0.0322707  0.0324544  0.0326766  0.0329274  0.033196  0.0334706  0.0337392  0.0339901  0.0342123  0.034396  0.0345333  0.0346182  0.0346465  
0  0  0  0  0  0  0  0  0  0  0  0  0  0  0  0  0  0  0  0  0  0  0  0  0  0  0  0  0  0  0  
