1  1  1  1  1  1  1  1  1  1  1  1  1  1  1  1  1  1  1  1  1  1  1  1  1  1  1  1  1  1  1  
0.967926  0.967898  0.967813  0.967675  0.96749  0.967266  0.967013  0.966742  0.966464  0.966193  0.96594  0.965716  0.965531  0.965392  0.965306  0.965277  0.965306  0.965392  0.965531  0.965716  0.96594  0.966193  0.966464  0.966742  0.967013  0.967266  0.96749  0.967675  0.967813  0.967898  0.967926  
0.935841  0.935784  0.935615  0.93534  0.934972  0.934526  0.934023  0.933484  0.932933  0.932394  0.931891  0.931445  0.931076  0.9308  0.93063  0.930572  0.93063  0.9308  0.931076  0.931445  0.931891  0.932394  0.932933  0.933484  0.934023  0.934526  0.934972  0.93534  0.935615  0.935784  0.935841  
0.903732  0.903648  0.903396  0.902988  0.90244  0.901778  0.90103  0.900229  0.89941  0.898609  0.897861  0.897198  0.89665  0.89624  0.895987  0.895901  0.895987  0.89624  0.89665  0.897198  0.897861  0.898609  0.89941  0.900229  0.90103  0.901778  0.90244  0.902988  0.903396  0.903648  0.903732  
0.871587  0.871476  0.871145  0.870608  0.869887  0.869016  0.868032  0.866978  0.8659  0.864845  0.86386  0.862988  0.862266  0.861727  0.861394  0.861281  0.861394  0.861727  0.862266  0.862988  0.86386  0.864845  0.8659  0.866978  0.868032  0.869016  0.869887  0.870608  0.871145  0.871476  0.871587  
0.839395  0.839259  0.838852  0.838191  0.837306  0.836235  0.835025  0.83373  0.832405  0.831109  0.829898  0.828826  0.827939  0.827276  0.826866  0.826728  0.826866  0.827276  0.827939  0.828826  0.829898  0.831109  0.832405  0.83373  0.835025  0.836235  0.837306  0.838191  0.838852  0.839259  0.839395  
0.807145  0.806986  0.806507  0.80573  0.80469  0.803431  0.802009  0.800486  0.798928  0.797405  0.795982  0.794722  0.793679  0.7929  0.792419  0.792256  0.792419  0.7929  0.793679  0.794722  0.795982  0.797405  0.798928  0.800486  0.802009  0.803431  0.80469  0.80573  0.806507  0.806986  0.807145  
0.774826  0.774644  0.774099  0.773215  0.772031  0.770598  0.768979  0.767246  0.765473  0.763739  0.762119  0.760685  0.759498  0.758612  0.758064  0.757878  0.758064  0.758612  0.759498  0.760685  0.762119  0.763739  0.765473  0.767246  0.768979  0.770598  0.772031  0.773215  0.774099  0.774644  0.774826  
0.742426  0.742224  0.74162  0.740638  0.739323  0.737732  0.735934  0.734009  0.732041  0.730115  0.728317  0.726724  0.725406  0.724422  0.723813  0.723607  0.723813  0.724422  0.725406  0.726724  0.728317  0.730115  0.732041  0.734009  0.735934  0.737732  0.739323  0.740638  0.74162  0.742224  0.742426  
0.709937  0.709717  0.709059  0.70799  0.706558  0.704826  0.70287  0.700775  0.698632  0.696536  0.694578  0.692845  0.691411  0.690339  0.689677  0.689452  0.689677  0.690339  0.691411  0.692845  0.694578  0.696536  0.698632  0.700775  0.70287  0.704826  0.706558  0.70799  0.709059  0.709717  0.709937  
0.677347  0.677112  0.676407  0.675264  0.673732  0.671878  0.669784  0.667541  0.665248  0.663004  0.660909  0.659053  0.657518  0.656371  0.655663  0.655423  0.655663  0.656371  0.657518  0.659053  0.660909  0.663004  0.665248  0.667541  0.669784  0.671878  0.673732  0.675264  0.676407  0.677112  0.677347  
0.644649  0.644401  0.643658  0.642452  0.640836  0.63888  0.636672  0.634306  0.631888  0.629521  0.627311  0.625354  0.623735  0.622525  0.621778  0.621525  0.621778  0.622525  0.623735  0.625354  0.627311  0.629521  0.631888  0.634306  0.636672  0.63888  0.640836  0.642452  0.643658  0.644401  0.644649  
0.611835  0.611577  0.610803  0.609547  0.607865  0.60583  0.60353  0.601068  0.59855  0.596087  0.593787  0.591749  0.590064  0.588805  0.588026  0.587763  0.588026  0.588805  0.590064  0.591749  0.593787  0.596087  0.59855  0.601068  0.60353  0.60583  0.607865  0.609547  0.610803  0.611577  0.611835  
0.578896  0.578631  0.577835  0.576544  0.574814  0.572721  0.570356  0.567824  0.565235  0.562702  0.560336  0.55824  0.556507  0.555212  0.554412  0.554141  0.554412  0.555212  0.556507  0.55824  0.560336  0.562702  0.565235  0.567824  0.570356  0.572721  0.574814  0.576544  0.577835  0.578631  0.578896  
0.545828  0.545559  0.54475  0.543437  0.541678  0.53955  0.537146  0.534571  0.531939  0.529363  0.526958  0.524828  0.523066  0.521749  0.520935  0.52066  0.520935  0.521749  0.523066  0.524828  0.526958  0.529363  0.531939  0.534571  0.537146  0.53955  0.541678  0.543437  0.54475  0.545559  0.545828  
0.512626  0.512355  0.511541  0.510221  0.508452  0.506313  0.503895  0.501307  0.49866  0.49607  0.493652  0.49151  0.489738  0.488414  0.487596  0.487319  0.487596  0.488414  0.489738  0.49151  0.493652  0.49607  0.49866  0.501307  0.503895  0.506313  0.508452  0.510221  0.511541  0.512355  0.512626  
0.479285  0.479016  0.478207  0.476894  0.475135  0.473007  0.470603  0.468028  0.465396  0.46282  0.460415  0.458285  0.456523  0.455206  0.454392  0.454117  0.454392  0.455206  0.456523  0.458285  0.460415  0.46282  0.465396  0.468028  0.470603  0.473007  0.475135  0.476894  0.478207  0.479016  0.479285  
0.445805  0.44554  0.444744  0.443453  0.441722  0.439629  0.437265  0.434733  0.432143  0.42961  0.427245  0.425149  0.423416  0.422121  0.421321  0.42105  0.421321  0.422121  0.423416  0.425149  0.427245  0.42961  0.432143  0.434733  0.437265  0.439629  0.441722  0.443453  0.444744  0.44554  0.445805  
0.412184  0.411926  0.411153  0.409897  0.408215  0.406179  0.40388  0.401418  0.3989  0.396437  0.394137  0.392099  0.390414  0.389155  0.388377  0.388113  0.388377  0.389155  0.390414  0.392099  0.394137  0.396437  0.3989  0.401418  0.40388  0.406179  0.408215  0.409897  0.411153  0.411926  0.412184  
0.378425  0.378177  0.377433  0.376227  0.374611  0.372656  0.370447  0.368082  0.365663  0.363297  0.361087  0.35913  0.357511  0.356302  0.355554  0.355301  0.355554  0.356302  0.357511  0.35913  0.361087  0.363297  0.365663  0.368082  0.370447  0.372656  0.374611  0.376227  0.377433  0.378177  0.378425  
0.344529  0.344294  0.343589  0.342446  0.340913  0.33906  0.336966  0.334723  0.33243  0.330187  0.328092  0.326236  0.324701  0.323554  0.322846  0.322606  0.322846  0.323554  0.324701  0.326236  0.328092  0.330187  0.33243  0.334723  0.336966  0.33906  0.340913  0.342446  0.343589  0.344294  0.344529  
0.310502  0.310283  0.309624  0.308556  0.307124  0.305392  0.303436  0.301341  0.299198  0.297103  0.295145  0.293411  0.291977  0.290906  0.290244  0.29002  0.290244  0.290906  0.291977  0.293411  0.295145  0.297103  0.299198  0.301341  0.303436  0.305392  0.307124  0.308556  0.309624  0.310283  0.310502  
0.276351  0.27615  0.275545  0.274563  0.273248  0.271657  0.269859  0.267934  0.265966  0.264041  0.262242  0.26065  0.259332  0.258348  0.257739  0.257534  0.257739  0.258348  0.259332  0.26065  0.262242  0.264041  0.265966  0.267934  0.269859  0.271657  0.273248  0.274563  0.275545  0.27615  0.276351  
0.242084  0.241903  0.241358  0.240474  0.239289  0.237856  0.236238  0.234504  0.232732  0.230998  0.229378  0.227944  0.226758  0.225871  0.225324  0.225138  0.225324  0.225871  0.226758  0.227944  0.229378  0.230998  0.232732  0.234504  0.236238  0.237856  0.239289  0.240474  0.241358  0.241903  0.242084  
0.207711  0.207552  0.207073  0.206296  0.205256  0.203997  0.202575  0.201052  0.199495  0.197971  0.196548  0.195288  0.194246  0.193467  0.192986  0.192823  0.192986  0.193467  0.194246  0.195288  0.196548  0.197971  0.199495  0.201052  0.202575  0.203997  0.205256  0.206296  0.207073  0.207552  0.207711  
0.173244  0.173108  0.172701  0.17204  0.171155  0.170084  0.168874  0.167579  0.166254  0.164958  0.163747  0.162675  0.161788  0.161126  0.160716  0.160578  0.160716  0.161126  0.161788  0.162675  0.163747  0.164958  0.166254  0.167579  0.168874  0.170084  0.171155  0.17204  0.172701  0.173108  0.173244  
0.138696  0.138586  0.138254  0.137717  0.136996  0.136125  0.135141  0.134087  0.133009  0.131954  0.13097  0.130097  0.129376  0.128837  0.128504  0.128391  0.128504  0.128837  0.129376  0.130097  0.13097  0.131954  0.133009  0.134087  0.135141  0.136125  0.136996  0.137717  0.138254  0.138586  0.138696  
0.104082  0.103998  0.103746  0.103337  0.10279  0.102128  0.10138  0.100579  0.0997603  0.0989592  0.0982109  0.0975482  0.0970001  0.0965905  0.0963374  0.0962518  0.0963374  0.0965905  0.0970001  0.0975482  0.0982109  0.0989592  0.0997603  0.100579  0.10138  0.102128  0.10279  0.103337  0.103746  0.103998  0.104082  
0.0694163  0.0693599  0.0691905  0.0689157  0.0685474  0.0681019  0.0675987  0.0670598  0.0665088  0.0659697  0.0654662  0.0650203  0.0646515  0.0643759  0.0642056  0.064148  0.0642056  0.0643759  0.0646515  0.0650203  0.0654662  0.0659697  0.0665088  0.0670598  0.0675987  0.0681019  0.0685474  0.0689157  0.0691905  0.0693599  0.0694163  
0.0347168  0.0346884  0.0346033  0.0344651  0.03428  0.034056  0.033803  0.033532  0.033255  0.0329839  0.0327308  0.0325066  0.0323212  0.0321826  0.032097  0.032068  0.032097  0.0321826  0.0323212  0.0325066  0.0327308  0.0329839  0.033255  0.033532  0.033803  0.034056  0.03428  0.0344651  0.0346033  0.0346884  0.0347168  
0  0  0  0  0  0  0  0  0  0  0  0  0  0  0  0  0  0  0  0  0  0  0  0  0  0  0  0  0  0  0  
