1  1  1  1  1  1  1  1  1  1  1  1  1  1  1  1  1  1  1  1  1  1  1  1  1  1  1  1  1  1  1  
0.96793  0.967901  0.967816  0.967676  0.96749  0.967265  0.96701  0.966737  0.966458  0.966185  0.965931  0.965705  0.965518  0.965379  0.965292  0.965263  0.965292  0.965379  0.965518  0.965705  0.965931  0.966185  0.966458  0.966737  0.96701  0.967265  0.96749  0.967676  0.967816  0.967901  0.96793  
0.935848  0.935791  0.935621  0.935344  0.934973  0.934525  0.934018  0.933476  0.932921  0.932378  0.931871  0.931423  0.931051  0.930774  0.930602  0.930544  0.930602  0.930774  0.931051  0.931423  0.931871  0.932378  0.932921  0.933476  0.934018  0.934525  0.934973  0.935344  0.935621  0.935791  0.935848  
0.903742  0.903658  0.903404  0.902993  0.902442  0.901776  0.901023  0.900217  0.899393  0.898586  0.897833  0.897166  0.896614  0.896201  0.895946  0.89586  0.895946  0.896201  0.896614  0.897166  0.897833  0.898586  0.899393  0.900217  0.901023  0.901776  0.902442  0.902993  0.903404  0.903658  0.903742  
0.871602  0.87149  0.871157  0.870616  0.869891  0.869014  0.868023  0.866962  0.865877  0.864815  0.863824  0.862946  0.86222  0.861677  0.861342  0.861228  0.861342  0.861677  0.86222  0.862946  0.863824  0.864815  0.865877  0.866962  0.868023  0.869014  0.869891  0.870616  0.871157  0.87149  0.871602  
0.839414  0.839277  0.838868  0.838202  0.837311  0.836233  0.835016  0.833711  0.832378  0.831073  0.829854  0.828775  0.827883  0.827215  0.826803  0.826664  0.826803  0.827215  0.827883  0.828775  0.829854  0.831073  0.832378  0.833711  0.835016  0.836233  0.837311  0.838202  0.838868  0.839277  0.839414  
0.807168  0.807008  0.806526  0.805744  0.804697  0.80343  0.801999  0.800466  0.798898  0.797365  0.795932  0.794664  0.793614  0.79283  0.792346  0.792182  0.792346  0.79283  0.793614  0.794664  0.795932  0.797365  0.798898  0.800466  0.801999  0.80343  0.804697  0.805744  0.806526  0.807008  0.807168  
0.774854  0.774671  0.774123  0.773233  0.772041  0.770599  0.768969  0.767225  0.76544  0.763695  0.762065  0.760621  0.759427  0.758534  0.757983  0.757796  0.757983  0.758534  0.759427  0.760621  0.762065  0.763695  0.76544  0.767225  0.768969  0.770599  0.772041  0.773233  0.774123  0.774671  0.774854  
0.74246  0.742257  0.741648  0.74066  0.739336  0.737734  0.735925  0.733988  0.732006  0.730068  0.728258  0.726655  0.725329  0.724338  0.723725  0.723518  0.723725  0.724338  0.725329  0.726655  0.728258  0.730068  0.732006  0.733988  0.735925  0.737734  0.739336  0.74066  0.741648  0.742257  0.74246  
0.709975  0.709754  0.709092  0.708016  0.706575  0.704832  0.702863  0.700754  0.698598  0.696488  0.694518  0.692772  0.691329  0.69025  0.689584  0.689358  0.689584  0.69025  0.691329  0.692772  0.694518  0.696488  0.698598  0.700754  0.702863  0.704832  0.706575  0.708016  0.709092  0.709754  0.709975  
0.677392  0.677155  0.676446  0.675295  0.673753  0.671887  0.669779  0.667522  0.665214  0.662956  0.660847  0.658979  0.657434  0.65628  0.655566  0.655325  0.655566  0.65628  0.657434  0.658979  0.660847  0.662956  0.665214  0.667522  0.669779  0.671887  0.673753  0.675295  0.676446  0.677155  0.677392  
0.644699  0.64445  0.643702  0.642488  0.640861  0.638893  0.63667  0.634289  0.631855  0.629474  0.627249  0.625279  0.62365  0.622432  0.62168  0.621425  0.62168  0.622432  0.62365  0.625279  0.627249  0.629474  0.631855  0.634289  0.63667  0.638893  0.640861  0.642488  0.643702  0.64445  0.644699  
0.61189  0.611631  0.610852  0.609588  0.607895  0.605847  0.603533  0.601054  0.59852  0.596041  0.593726  0.591675  0.589979  0.588712  0.587928  0.587663  0.587928  0.588712  0.589979  0.591675  0.593726  0.596041  0.59852  0.601054  0.603533  0.605847  0.607895  0.609588  0.610852  0.611631  0.61189  
0.578958  0.578691  0.57789  0.57659  0.574849  0.572742  0.570362  0.567814  0.565208  0.562658  0.560277  0.558168  0.556424  0.555121  0.554315  0.554042  0.554315  0.555121  0.556424  0.558168  0.560277  0.562658  0.565208  0.567814  0.570362  0.572742  0.574849  0.57659  0.57789  0.578691  0.578958  
0.545895  0.545623  0.544809  0.543488  0.541717  0.539575  0.537156  0.534565  0.531915  0.529323  0.526903  0.524759  0.522985  0.52166  0.520841  0.520564  0.520841  0.52166  0.522985  0.524759  0.526903  0.529323  0.531915  0.534565  0.537156  0.539575  0.541717  0.543488  0.544809  0.545623  0.545895  
0.512697  0.512424  0.511605  0.510276  0.508496  0.506343  0.50391  0.501305  0.498641  0.496035  0.4936  0.491445  0.489661  0.488329  0.487505  0.487227  0.487505  0.488329  0.489661  0.491445  0.4936  0.496035  0.498641  0.501305  0.50391  0.506343  0.508496  0.510276  0.511605  0.512424  0.512697  
0.47936  0.479088  0.478274  0.476953  0.475182  0.473041  0.470621  0.46803  0.465381  0.462789  0.460368  0.458224  0.456451  0.455126  0.454307  0.45403  0.454307  0.455126  0.456451  0.458224  0.460368  0.462789  0.465381  0.46803  0.470621  0.473041  0.475182  0.476953  0.478274  0.479088  0.47936  
0.445882  0.445615  0.444814  0.443515  0.441773  0.439667  0.437287  0.434739  0.432133  0.429583  0.427202  0.425094  0.423349  0.422046  0.42124  0.420968  0.42124  0.422046  0.423349  0.425094  0.427202  0.429583  0.432133  0.434739  0.437287  0.439667  0.441773  0.443515  0.444814  0.445615  0.445882  
0.412263  0.412004  0.411225  0.409961  0.408268  0.40622  0.403906  0.401428  0.398894  0.396415  0.394099  0.392049  0.390353  0.389086  0.388302  0.388037  0.388302  0.389086  0.390353  0.392049  0.394099  0.396415  0.398894  0.401428  0.403906  0.40622  0.408268  0.409961  0.411225  0.412004  0.412263  
0.378504  0.378255  0.377507  0.376293  0.374666  0.372698  0.370475  0.368095  0.365661  0.363279  0.361055  0.359085  0.357456  0.356238  0.355486  0.355231  0.355486  0.356238  0.357456  0.359085  0.361055  0.363279  0.365661  0.368095  0.370475  0.372698  0.374666  0.376293  0.377507  0.378255  0.378504  
0.344608  0.344371  0.343662  0.342511  0.340969  0.339103  0.336996  0.334739  0.332431  0.330173  0.328064  0.326197  0.324652  0.323498  0.322784  0.322543  0.322784  0.323498  0.324652  0.326197  0.328064  0.330173  0.332431  0.334739  0.336996  0.339103  0.340969  0.342511  0.343662  0.344371  0.344608  
0.310579  0.310358  0.309695  0.30862  0.307179  0.305436  0.303467  0.301358  0.299202  0.297092  0.295122  0.293377  0.291934  0.290856  0.290189  0.289964  0.290189  0.290856  0.291934  0.293377  0.295122  0.297092  0.299202  0.301358  0.303467  0.305436  0.307179  0.30862  0.309695  0.310358  0.310579  
0.276424  0.276221  0.275612  0.274624  0.273301  0.271699  0.26989  0.267953  0.265972  0.264034  0.262224  0.260621  0.259295  0.258304  0.257692  0.257484  0.257692  0.258304  0.259295  0.260621  0.262224  0.264034  0.265972  0.267953  0.26989  0.271699  0.273301  0.274624  0.275612  0.276221  0.276424  
0.242152  0.241969  0.241421  0.240531  0.239339  0.237897  0.236268  0.234523  0.232739  0.230994  0.229364  0.22792  0.226726  0.225834  0.225282  0.225096  0.225282  0.225834  0.226726  0.22792  0.229364  0.230994  0.232739  0.234523  0.236268  0.237897  0.239339  0.240531  0.241421  0.241969  0.242152  
0.207772  0.207612  0.20713  0.206348  0.205301  0.204034  0.202603  0.20107  0.199502  0.197969  0.196537  0.195269  0.19422  0.193436  0.192951  0.192787  0.192951  0.193436  0.19422  0.195269  0.196537  0.197969  0.199502  0.20107  0.202603  0.204034  0.205301  0.206348  0.20713  0.207612  0.207772  
0.173297  0.173161  0.172751  0.172086  0.171195  0.170117  0.168899  0.167595  0.166261  0.164957  0.163739  0.16266  0.161767  0.1611  0.160688  0.160549  0.160688  0.1611  0.161767  0.16266  0.163739  0.164957  0.166261  0.167595  0.168899  0.170117  0.171195  0.172086  0.172751  0.173161  0.173297  
0.13874  0.138629  0.138295  0.137754  0.137029  0.136152  0.135162  0.134101  0.133016  0.131955  0.130963  0.130085  0.129359  0.128817  0.128481  0.128368  0.128481  0.128817  0.129359  0.130085  0.130963  0.131955  0.133016  0.134101  0.135162  0.136152  0.137029  0.137754  0.138295  0.138629  0.13874  
0.104116  0.104031  0.103778  0.103367  0.102816  0.102149  0.101397  0.10059  0.0997661  0.0989597  0.0982066  0.0975395  0.0969878  0.0965756  0.0963208  0.0962346  0.0963208  0.0965756  0.0969878  0.0975395  0.0982066  0.0989597  0.0997661  0.10059  0.101397  0.102149  0.102816  0.103367  0.103778  0.104031  0.104116  
0.0694395  0.0693826  0.0692121  0.0689355  0.0685649  0.0681165  0.06761  0.0670675  0.0665129  0.0659703  0.0654635  0.0650147  0.0646435  0.0643661  0.0641946  0.0641366  0.0641946  0.0643661  0.0646435  0.0650147  0.0654635  0.0659703  0.0665129  0.0670675  0.06761  0.0681165  0.0685649  0.0689355  0.0692121  0.0693826  0.0694395  
0.0347285  0.0346999  0.0346142  0.0344751  0.0342888  0.0340633  0.0338087  0.033536  0.0332571  0.0329843  0.0327295  0.0325038  0.0323172  0.0321777  0.0320915  0.0320624  0.0320915  0.0321777  0.0323172  0.0325038  0.0327295  0.0329843  0.0332571  0.033536  0.0338087  0.0340633  0.0342888  0.0344751  0.0346142  0.0346999  0.0347285  
0  0  0  0  0  0  0  0  0  0  0  0  0  0  0  0  0  0  0  0  0  0  0  0  0  0  0  0  0  0  0  
