1  1  1  1  1  1  1  1  1  1  1  1  1  1  1  1  1  1  1  1  1  1  1  1  1  1  1  1  1  1  1  
0.96793  0.967901  0.967815  0.967676  0.96749  0.967264  0.96701  0.966737  0.966458  0.966185  0.96593  0.965705  0.965518  0.965378  0.965292  0.965263  0.965292  0.965378  0.965518  0.965705  0.96593  0.966185  0.966458  0.966737  0.96701  0.967264  0.96749  0.967676  0.967815  0.967901  0.96793  
0.935847  0.935791  0.93562  0.935343  0.934973  0.934524  0.934018  0.933475  0.932921  0.932378  0.931871  0.931422  0.931051  0.930773  0.930602  0.930544  0.930602  0.930773  0.931051  0.931422  0.931871  0.932378  0.932921  0.933475  0.934018  0.934524  0.934973  0.935343  0.93562  0.935791  0.935847  
0.903742  0.903657  0.903404  0.902993  0.902442  0.901775  0.901023  0.900216  0.899392  0.898585  0.897832  0.897165  0.896613  0.896201  0.895946  0.895859  0.895946  0.896201  0.896613  0.897165  0.897832  0.898585  0.899392  0.900216  0.901023  0.901775  0.902442  0.902993  0.903404  0.903657  0.903742  
0.871601  0.87149  0.871156  0.870615  0.86989  0.869013  0.868022  0.866961  0.865876  0.864815  0.863823  0.862945  0.862219  0.861676  0.861341  0.861227  0.861341  0.861676  0.862219  0.862945  0.863823  0.864815  0.865876  0.866961  0.868022  0.869013  0.86989  0.870615  0.871156  0.87149  0.871601  
0.839413  0.839277  0.838867  0.838202  0.83731  0.836232  0.835015  0.83371  0.832377  0.831072  0.829853  0.828774  0.827881  0.827214  0.826802  0.826662  0.826802  0.827214  0.827881  0.828774  0.829853  0.831072  0.832377  0.83371  0.835015  0.836232  0.83731  0.838202  0.838867  0.839277  0.839413  
0.807167  0.807007  0.806525  0.805743  0.804696  0.803429  0.801997  0.800464  0.798897  0.797363  0.795931  0.794662  0.793613  0.792829  0.792344  0.79218  0.792344  0.792829  0.793613  0.794662  0.795931  0.797363  0.798897  0.800464  0.801997  0.803429  0.804696  0.805743  0.806525  0.807007  0.807167  
0.774853  0.77467  0.774122  0.773232  0.77204  0.770597  0.768968  0.767223  0.765439  0.763693  0.762063  0.760619  0.759425  0.758532  0.757981  0.757794  0.757981  0.758532  0.759425  0.760619  0.762063  0.763693  0.765439  0.767223  0.768968  0.770597  0.77204  0.773232  0.774122  0.77467  0.774853  
0.742458  0.742255  0.741646  0.740658  0.739335  0.737733  0.735924  0.733986  0.732005  0.730067  0.728256  0.726653  0.725327  0.724336  0.723723  0.723516  0.723723  0.724336  0.725327  0.726653  0.728256  0.730067  0.732005  0.733986  0.735924  0.737733  0.739335  0.740658  0.741646  0.742255  0.742458  
0.709974  0.709753  0.70909  0.708015  0.706574  0.704831  0.702861  0.700752  0.698596  0.696486  0.694516  0.692771  0.691327  0.690248  0.689582  0.689356  0.689582  0.690248  0.691327  0.692771  0.694516  0.696486  0.698596  0.700752  0.702861  0.704831  0.706574  0.708015  0.70909  0.709753  0.709974  
0.67739  0.677154  0.676444  0.675293  0.673751  0.671885  0.669778  0.66752  0.665212  0.662954  0.660845  0.658977  0.657432  0.656278  0.655564  0.655323  0.655564  0.656278  0.657432  0.658977  0.660845  0.662954  0.665212  0.66752  0.669778  0.671885  0.673751  0.675293  0.676444  0.677154  0.67739  
0.644698  0.644449  0.6437  0.642486  0.64086  0.638892  0.636669  0.634288  0.631853  0.629472  0.627247  0.625277  0.623648  0.62243  0.621678  0.621423  0.621678  0.62243  0.623648  0.625277  0.627247  0.629472  0.631853  0.634288  0.636669  0.638892  0.64086  0.642486  0.6437  0.644449  0.644698  
0.611889  0.611629  0.610851  0.609587  0.607894  0.605845  0.603531  0.601053  0.598518  0.596039  0.593724  0.591673  0.589977  0.58871  0.587926  0.587661  0.587926  0.58871  0.589977  0.591673  0.593724  0.596039  0.598518  0.601053  0.603531  0.605845  0.607894  0.609587  0.610851  0.611629  0.611889  
0.578956  0.578689  0.577888  0.576589  0.574847  0.572741  0.570361  0.567812  0.565206  0.562657  0.560275  0.558166  0.556422  0.555118  0.554313  0.55404  0.554313  0.555118  0.556422  0.558166  0.560275  0.562657  0.565206  0.567812  0.570361  0.572741  0.574847  0.576589  0.577888  0.578689  0.578956  
0.545893  0.545622  0.544808  0.543486  0.541716  0.539574  0.537154  0.534563  0.531914  0.529322  0.526901  0.524757  0.522983  0.521658  0.520839  0.520562  0.520839  0.521658  0.522983  0.524757  0.526901  0.529322  0.531914  0.534563  0.537154  0.539574  0.541716  0.543486  0.544808  0.545622  0.545893  
0.512695  0.512422  0.511604  0.510275  0.508495  0.506341  0.503908  0.501303  0.498639  0.496033  0.493599  0.491443  0.48966  0.488327  0.487503  0.487225  0.487503  0.488327  0.48966  0.491443  0.493599  0.496033  0.498639  0.501303  0.503908  0.506341  0.508495  0.510275  0.511604  0.512422  0.512695  
0.479359  0.479087  0.478273  0.476952  0.475181  0.473039  0.47062  0.468029  0.465379  0.462787  0.460366  0.458222  0.456449  0.455124  0.454305  0.454028  0.454305  0.455124  0.456449  0.458222  0.460366  0.462787  0.465379  0.468029  0.47062  0.473039  0.475181  0.476952  0.478273  0.479087  0.479359  
0.445881  0.445614  0.444813  0.443514  0.441772  0.439666  0.437286  0.434737  0.432131  0.429582  0.427201  0.425092  0.423348  0.422044  0.421239  0.420966  0.421239  0.422044  0.423348  0.425092  0.427201  0.429582  0.432131  0.434737  0.437286  0.439666  0.441772  0.443514  0.444813  0.445614  0.445881  
0.412262  0.412003  0.411224  0.40996  0.408267  0.406218  0.403904  0.401426  0.398892  0.396413  0.394098  0.392047  0.390351  0.389084  0.388301  0.388036  0.388301  0.389084  0.390351  0.392047  0.394098  0.396413  0.398892  0.401426  0.403904  0.406218  0.408267  0.40996  0.411224  0.412003  0.412262  
0.378503  0.378254  0.377506  0.376292  0.374665  0.372697  0.370474  0.368094  0.365659  0.363278  0.361054  0.359084  0.357454  0.356237  0.355484  0.35523  0.355484  0.356237  0.357454  0.359084  0.361054  0.363278  0.365659  0.368094  0.370474  0.372697  0.374665  0.376292  0.377506  0.378254  0.378503  
0.344607  0.344371  0.343661  0.34251  0.340968  0.339102  0.336995  0.334737  0.33243  0.330172  0.328063  0.326195  0.324651  0.323496  0.322783  0.322541  0.322783  0.323496  0.324651  0.326195  0.328063  0.330172  0.33243  0.334737  0.336995  0.339102  0.340968  0.34251  0.343661  0.344371  0.344607  
0.310578  0.310357  0.309695  0.308619  0.307178  0.305435  0.303466  0.301357  0.299201  0.297091  0.295121  0.293376  0.291933  0.290854  0.290188  0.289962  0.290188  0.290854  0.291933  0.293376  0.295121  0.297091  0.299201  0.301357  0.303466  0.305435  0.307178  0.308619  0.309695  0.310357  0.310578  
0.276424  0.276221  0.275612  0.274624  0.2733  0.271698  0.269889  0.267952  0.265971  0.264033  0.262223  0.26062  0.259294  0.258303  0.25769  0.257483  0.25769  0.258303  0.259294  0.26062  0.262223  0.264033  0.265971  0.267952  0.269889  0.271698  0.2733  0.274624  0.275612  0.276221  0.276424  
0.242151  0.241969  0.24142  0.24053  0.239338  0.237896  0.236267  0.234522  0.232738  0.230993  0.229363  0.227919  0.226725  0.225833  0.225281  0.225095  0.225281  0.225833  0.226725  0.227919  0.229363  0.230993  0.232738  0.234522  0.236267  0.237896  0.239338  0.24053  0.24142  0.241969  0.242151  
0.207772  0.207611  0.207129  0.206348  0.2053  0.204033  0.202602  0.201069  0.199502  0.197968  0.196536  0.195268  0.194219  0.193435  0.19295  0.192787  0.19295  0.193435  0.194219  0.195268  0.196536  0.197968  0.199502  0.201069  0.202602  0.204033  0.2053  0.206348  0.207129  0.207611  0.207772  
0.173297  0.17316  0.17275  0.172085  0.171194  0.170116  0.168898  0.167594  0.166261  0.164956  0.163738  0.162659  0.161766  0.161099  0.160687  0.160548  0.160687  0.161099  0.161766  0.162659  0.163738  0.164956  0.166261  0.167594  0.168898  0.170116  0.171194  0.172085  0.17275  0.17316  0.173297  
0.13874  0.138629  0.138295  0.137754  0.137029  0.136152  0.135161  0.1341  0.133015  0.131954  0.130963  0.130085  0.129359  0.128816  0.128481  0.128367  0.128481  0.128816  0.129359  0.130085  0.130963  0.131954  0.133015  0.1341  0.135161  0.136152  0.137029  0.137754  0.138295  0.138629  0.13874  
0.104115  0.104031  0.103777  0.103366  0.102815  0.102149  0.101396  0.10059  0.0997658  0.0989594  0.0982062  0.0975392  0.0969874  0.0965752  0.0963204  0.0962342  0.0963204  0.0965752  0.0969874  0.0975392  0.0982062  0.0989594  0.0997658  0.10059  0.101396  0.102149  0.102815  0.103366  0.103777  0.104031  0.104115  
0.0694393  0.0693825  0.069212  0.0689354  0.0685647  0.0681163  0.0676098  0.0670673  0.0665126  0.06597  0.0654633  0.0650144  0.0646432  0.0643658  0.0641943  0.0641363  0.0641943  0.0643658  0.0646432  0.0650144  0.0654633  0.06597  0.0665126  0.0670673  0.0676098  0.0681163  0.0685647  0.0689354  0.069212  0.0693825  0.0694393  
0.0347285  0.0346999  0.0346142  0.0344751  0.0342887  0.0340633  0.0338086  0.0335359  0.033257  0.0329842  0.0327294  0.0325037  0.0323171  0.0321776  0.0320914  0.0320622  0.0320914  0.0321776  0.0323171  0.0325037  0.0327294  0.0329842  0.033257  0.0335359  0.0338086  0.0340633  0.0342887  0.0344751  0.0346142  0.0346999  0.0347285  
0  0  0  0  0  0  0  0  0  0  0  0  0  0  0  0  0  0  0  0  0  0  0  0  0  0  0  0  0  0  0  
