1  1  1  1  1  1  1  1  1  1  1  1  1  1  1  1  1  1  1  1  1  1  1  1  1  1  1  1  1  1  1  
0.967929  0.967901  0.967815  0.967676  0.967489  0.967264  0.967009  0.966737  0.966458  0.966185  0.96593  0.965704  0.965518  0.965378  0.965292  0.965263  0.965292  0.965378  0.965518  0.965704  0.96593  0.966185  0.966458  0.966737  0.967009  0.967264  0.967489  0.967676  0.967815  0.967901  0.967929  
0.935847  0.93579  0.935619  0.935343  0.934972  0.934524  0.934017  0.933475  0.93292  0.932377  0.93187  0.931421  0.93105  0.930772  0.930601  0.930543  0.930601  0.930772  0.93105  0.931421  0.93187  0.932377  0.93292  0.933475  0.934017  0.934524  0.934972  0.935343  0.935619  0.93579  0.935847  
0.903741  0.903656  0.903403  0.902992  0.902441  0.901774  0.901021  0.900215  0.899391  0.898584  0.897831  0.897163  0.896612  0.896199  0.895944  0.895858  0.895944  0.896199  0.896612  0.897163  0.897831  0.898584  0.899391  0.900215  0.901021  0.901774  0.902441  0.902992  0.903403  0.903656  0.903741  
0.871599  0.871488  0.871155  0.870614  0.869888  0.869011  0.868021  0.86696  0.865874  0.864813  0.863821  0.862943  0.862217  0.861674  0.861339  0.861225  0.861339  0.861674  0.862217  0.862943  0.863821  0.864813  0.865874  0.86696  0.868021  0.869011  0.869888  0.870614  0.871155  0.871488  0.871599  
0.839411  0.839275  0.838865  0.8382  0.837309  0.83623  0.835013  0.833708  0.832375  0.83107  0.829851  0.828772  0.827879  0.827212  0.8268  0.82666  0.8268  0.827212  0.827879  0.828772  0.829851  0.83107  0.832375  0.833708  0.835013  0.83623  0.837309  0.8382  0.838865  0.839275  0.839411  
0.807165  0.807005  0.806523  0.805741  0.804694  0.803427  0.801995  0.800462  0.798894  0.797361  0.795928  0.79466  0.79361  0.792827  0.792342  0.792178  0.792342  0.792827  0.79361  0.79466  0.795928  0.797361  0.798894  0.800462  0.801995  0.803427  0.804694  0.805741  0.806523  0.807005  0.807165  
0.77485  0.774667  0.774119  0.773229  0.772037  0.770595  0.768966  0.76722  0.765436  0.763691  0.762061  0.760616  0.759422  0.75853  0.757978  0.757791  0.757978  0.75853  0.759422  0.760616  0.762061  0.763691  0.765436  0.76722  0.768966  0.770595  0.772037  0.773229  0.774119  0.774667  0.77485  
0.742456  0.742253  0.741644  0.740656  0.739332  0.73773  0.735921  0.733983  0.732002  0.730064  0.728253  0.72665  0.725324  0.724333  0.72372  0.723513  0.72372  0.724333  0.725324  0.72665  0.728253  0.730064  0.732002  0.733983  0.735921  0.73773  0.739332  0.740656  0.741644  0.742253  0.742456  
0.709971  0.70975  0.709087  0.708012  0.706571  0.704827  0.702858  0.700749  0.698593  0.696483  0.694513  0.692767  0.691324  0.690245  0.689579  0.689353  0.689579  0.690245  0.691324  0.692767  0.694513  0.696483  0.698593  0.700749  0.702858  0.704827  0.706571  0.708012  0.709087  0.70975  0.709971  
0.677387  0.677151  0.676441  0.67529  0.673748  0.671882  0.669774  0.667517  0.665209  0.662951  0.660842  0.658974  0.657429  0.656275  0.655561  0.65532  0.655561  0.656275  0.657429  0.658974  0.660842  0.662951  0.665209  0.667517  0.669774  0.671882  0.673748  0.67529  0.676441  0.677151  0.677387  
0.644695  0.644445  0.643697  0.642483  0.640856  0.638888  0.636665  0.634284  0.63185  0.629468  0.627244  0.625273  0.623644  0.622426  0.621674  0.621419  0.621674  0.622426  0.623644  0.625273  0.627244  0.629468  0.63185  0.634284  0.636665  0.638888  0.640856  0.642483  0.643697  0.644445  0.644695  
0.611886  0.611626  0.610847  0.609583  0.60789  0.605842  0.603527  0.601049  0.598515  0.596036  0.59372  0.59167  0.589973  0.588706  0.587922  0.587658  0.587922  0.588706  0.589973  0.59167  0.59372  0.596036  0.598515  0.601049  0.603527  0.605842  0.60789  0.609583  0.610847  0.611626  0.611886  
0.578953  0.578686  0.577885  0.576585  0.574844  0.572737  0.570357  0.567808  0.565202  0.562653  0.560272  0.558162  0.556418  0.555114  0.554309  0.554036  0.554309  0.555114  0.556418  0.558162  0.560272  0.562653  0.565202  0.567808  0.570357  0.572737  0.574844  0.576585  0.577885  0.578686  0.578953  
0.54589  0.545618  0.544804  0.543483  0.541712  0.53957  0.537151  0.53456  0.53191  0.529318  0.526897  0.524753  0.522979  0.521654  0.520835  0.520558  0.520835  0.521654  0.522979  0.524753  0.526897  0.529318  0.53191  0.53456  0.537151  0.53957  0.541712  0.543483  0.544804  0.545618  0.54589  
0.512692  0.512419  0.5116  0.510271  0.508491  0.506337  0.503905  0.501299  0.498635  0.496029  0.493595  0.491439  0.489656  0.488323  0.4875  0.487221  0.4875  0.488323  0.489656  0.491439  0.493595  0.496029  0.498635  0.501299  0.503905  0.506337  0.508491  0.510271  0.5116  0.512419  0.512692  
0.479355  0.479084  0.478269  0.476948  0.475177  0.473036  0.470616  0.468025  0.465375  0.462784  0.460362  0.458219  0.456445  0.45512  0.454301  0.454024  0.454301  0.45512  0.456445  0.458219  0.460362  0.462784  0.465375  0.468025  0.470616  0.473036  0.475177  0.476948  0.478269  0.479084  0.479355  
0.445878  0.445611  0.44481  0.44351  0.441769  0.439662  0.437282  0.434733  0.432128  0.429578  0.427197  0.425088  0.423344  0.42204  0.421235  0.420962  0.421235  0.42204  0.423344  0.425088  0.427197  0.429578  0.432128  0.434733  0.437282  0.439662  0.441769  0.44351  0.44481  0.445611  0.445878  
0.412259  0.411999  0.411221  0.409957  0.408263  0.406215  0.403901  0.401423  0.398889  0.39641  0.394094  0.392044  0.390348  0.389081  0.388297  0.388032  0.388297  0.389081  0.390348  0.392044  0.394094  0.39641  0.398889  0.401423  0.403901  0.406215  0.408263  0.409957  0.411221  0.411999  0.412259  
0.3785  0.378251  0.377503  0.376288  0.374662  0.372694  0.370471  0.36809  0.365656  0.363274  0.361051  0.35908  0.357451  0.356233  0.355481  0.355226  0.355481  0.356233  0.357451  0.35908  0.361051  0.363274  0.365656  0.36809  0.370471  0.372694  0.374662  0.376288  0.377503  0.378251  0.3785  
0.344604  0.344368  0.343658  0.342507  0.340965  0.339099  0.336991  0.334735  0.332426  0.330169  0.32806  0.326192  0.324647  0.323493  0.322779  0.322539  0.322779  0.323493  0.324647  0.326192  0.32806  0.330169  0.332426  0.334735  0.336991  0.339099  0.340965  0.342507  0.343658  0.344368  0.344604  
0.310575  0.310355  0.309692  0.308616  0.307175  0.305432  0.303463  0.301354  0.299198  0.297088  0.295118  0.293373  0.29193  0.290851  0.290185  0.289959  0.290185  0.290851  0.29193  0.293373  0.295118  0.297088  0.299198  0.301354  0.303463  0.305432  0.307175  0.308616  0.309692  0.310355  0.310575  
0.276421  0.276218  0.275609  0.274621  0.273297  0.271696  0.269887  0.267949  0.265968  0.26403  0.26222  0.260617  0.259291  0.2583  0.257688  0.257481  0.257688  0.2583  0.259291  0.260617  0.26222  0.26403  0.265968  0.267949  0.269887  0.271696  0.273297  0.274621  0.275609  0.276218  0.276421  
0.242149  0.241966  0.241418  0.240528  0.239336  0.237894  0.236265  0.23452  0.232736  0.23099  0.229361  0.227917  0.226723  0.22583  0.225279  0.225092  0.225279  0.22583  0.226723  0.227917  0.229361  0.23099  0.232736  0.23452  0.236265  0.237894  0.239336  0.240528  0.241418  0.241966  0.242149  
0.20777  0.207609  0.207127  0.206346  0.205298  0.204031  0.2026  0.201067  0.199499  0.197966  0.196534  0.195266  0.194217  0.193433  0.192948  0.192785  0.192948  0.193433  0.194217  0.195266  0.196534  0.197966  0.199499  0.201067  0.2026  0.204031  0.205298  0.206346  0.207127  0.207609  0.20777  
0.173295  0.173158  0.172749  0.172083  0.171192  0.170114  0.168897  0.167592  0.166259  0.164954  0.163736  0.162657  0.161765  0.161098  0.160686  0.160546  0.160686  0.161098  0.161765  0.162657  0.163736  0.164954  0.166259  0.167592  0.168897  0.170114  0.171192  0.172083  0.172749  0.173158  0.173295  
0.138738  0.138627  0.138294  0.137753  0.137028  0.136151  0.13516  0.134099  0.133014  0.131953  0.130961  0.130084  0.129357  0.128815  0.128479  0.128366  0.128479  0.128815  0.129357  0.130084  0.130961  0.131953  0.133014  0.134099  0.13516  0.136151  0.137028  0.137753  0.138294  0.138627  0.138738  
0.104114  0.10403  0.103776  0.103365  0.102814  0.102148  0.101395  0.100589  0.0997648  0.0989583  0.0982052  0.097538  0.0969865  0.096574  0.0963194  0.096233  0.0963194  0.096574  0.0969865  0.097538  0.0982052  0.0989583  0.0997648  0.100589  0.101395  0.102148  0.102814  0.103365  0.103776  0.10403  0.104114  
0.0694386  0.0693818  0.0692113  0.0689347  0.068564  0.0681156  0.067609  0.0670666  0.0665119  0.0659694  0.0654625  0.0650138  0.0646424  0.0643651  0.0641936  0.0641357  0.0641936  0.0643651  0.0646424  0.0650138  0.0654625  0.0659694  0.0665119  0.0670666  0.067609  0.0681156  0.068564  0.0689347  0.0692113  0.0693818  0.0694386  
0.0347281  0.0346995  0.0346138  0.0344747  0.0342884  0.0340629  0.0338083  0.0335355  0.0332566  0.0329838  0.032729  0.0325033  0.0323167  0.0321772  0.0320911  0.0320618  0.0320911  0.0321772  0.0323167  0.0325033  0.032729  0.0329838  0.0332566  0.0335355  0.0338083  0.0340629  0.0342884  0.0344747  0.0346138  0.0346995  0.0347281  
0  0  0  0  0  0  0  0  0  0  0  0  0  0  0  0  0  0  0  0  0  0  0  0  0  0  0  0  0  0  0  
