1  1  1  1  1  1  1  1  1  1  1  1  1  1  1  1  1  1  1  1  1  1  1  1  1  1  1  1  1  1  1  
0.967929  0.967901  0.967815  0.967676  0.96749  0.967264  0.967009  0.966736  0.966458  0.966185  0.96593  0.965704  0.965518  0.965378  0.965292  0.965262  0.965292  0.965378  0.965518  0.965704  0.96593  0.966185  0.966458  0.966736  0.967009  0.967264  0.96749  0.967676  0.967815  0.967901  0.967929  
0.935847  0.93579  0.935619  0.935343  0.934972  0.934524  0.934017  0.933475  0.932919  0.932377  0.93187  0.931421  0.931049  0.930773  0.9306  0.930543  0.9306  0.930773  0.931049  0.931421  0.93187  0.932377  0.932919  0.933475  0.934017  0.934524  0.934972  0.935343  0.935619  0.93579  0.935847  
0.90374  0.903656  0.903403  0.902991  0.902441  0.901774  0.901022  0.900215  0.899391  0.898583  0.897831  0.897163  0.896612  0.896199  0.895945  0.895857  0.895945  0.896199  0.896612  0.897163  0.897831  0.898583  0.899391  0.900215  0.901022  0.901774  0.902441  0.902991  0.903403  0.903656  0.90374  
0.871599  0.871488  0.871154  0.870614  0.869888  0.869012  0.86802  0.86696  0.865874  0.864813  0.863821  0.862944  0.862216  0.861675  0.861338  0.861226  0.861338  0.861675  0.862216  0.862944  0.863821  0.864813  0.865874  0.86696  0.86802  0.869012  0.869888  0.870614  0.871154  0.871488  0.871599  
0.839411  0.839274  0.838865  0.838199  0.837309  0.83623  0.835013  0.833708  0.832375  0.831069  0.829852  0.828771  0.82788  0.827211  0.826801  0.826659  0.826801  0.827211  0.82788  0.828771  0.829852  0.831069  0.832375  0.833708  0.835013  0.83623  0.837309  0.838199  0.838865  0.839274  0.839411  
0.807165  0.807005  0.806523  0.805741  0.804693  0.803427  0.801994  0.800463  0.798893  0.797362  0.795927  0.794661  0.793609  0.792827  0.792341  0.792179  0.792341  0.792827  0.793609  0.794661  0.795927  0.797362  0.798893  0.800463  0.801994  0.803427  0.804693  0.805741  0.806523  0.807005  0.807165  
0.77485  0.774667  0.774119  0.773229  0.772037  0.770594  0.768966  0.767219  0.765437  0.76369  0.762061  0.760615  0.759423  0.758528  0.757979  0.75779  0.757979  0.758528  0.759423  0.760615  0.762061  0.76369  0.765437  0.767219  0.768966  0.770594  0.772037  0.773229  0.774119  0.774667  0.77485  
0.742456  0.742252  0.741643  0.740656  0.739331  0.737731  0.73592  0.733984  0.732001  0.730065  0.728252  0.726651  0.725322  0.724334  0.723719  0.723514  0.723719  0.724334  0.725322  0.726651  0.728252  0.730065  0.732001  0.733984  0.73592  0.737731  0.739331  0.740656  0.741643  0.742252  0.742456  
0.709971  0.70975  0.709087  0.708011  0.706571  0.704827  0.702859  0.700748  0.698594  0.696482  0.694514  0.692766  0.691325  0.690243  0.68958  0.689351  0.68958  0.690243  0.691325  0.692766  0.694514  0.696482  0.698594  0.700748  0.702859  0.704827  0.706571  0.708011  0.709087  0.70975  0.709971  
0.677387  0.67715  0.676441  0.67529  0.673747  0.671883  0.669773  0.667518  0.665207  0.662952  0.66084  0.658975  0.657427  0.656276  0.655559  0.655321  0.655559  0.656276  0.657427  0.658975  0.66084  0.662952  0.665207  0.667518  0.669773  0.671883  0.673747  0.67529  0.676441  0.67715  0.677387  
0.644694  0.644445  0.643697  0.642482  0.640857  0.638887  0.636666  0.634283  0.631851  0.629467  0.627245  0.625272  0.623646  0.622425  0.621676  0.621417  0.621676  0.622425  0.623646  0.625272  0.627245  0.629467  0.631851  0.634283  0.636666  0.638887  0.640857  0.642482  0.643697  0.644445  0.644694  
0.611886  0.611626  0.610847  0.609584  0.607889  0.605842  0.603526  0.60105  0.598513  0.596037  0.593718  0.591671  0.589971  0.588707  0.58792  0.587659  0.58792  0.588707  0.589971  0.591671  0.593718  0.596037  0.598513  0.60105  0.603526  0.605842  0.607889  0.609584  0.610847  0.611626  0.611886  
0.578952  0.578685  0.577885  0.576584  0.574844  0.572736  0.570358  0.567807  0.565203  0.562651  0.560273  0.558161  0.55642  0.555113  0.554311  0.554034  0.554311  0.555113  0.55642  0.558161  0.560273  0.562651  0.565203  0.567807  0.570358  0.572736  0.574844  0.576584  0.577885  0.578685  0.578952  
0.54589  0.545618  0.544803  0.543483  0.541711  0.539571  0.537149  0.53456  0.531908  0.529319  0.526895  0.524754  0.522977  0.521656  0.520833  0.52056  0.520833  0.521656  0.522977  0.524754  0.526895  0.529319  0.531908  0.53456  0.537149  0.539571  0.541711  0.543483  0.544803  0.545618  0.54589  
0.512691  0.512418  0.5116  0.510271  0.508492  0.506336  0.503906  0.501298  0.498636  0.496027  0.493596  0.491437  0.489657  0.488321  0.487501  0.487219  0.487501  0.488321  0.489657  0.491437  0.493596  0.496027  0.498636  0.501298  0.503906  0.506336  0.508492  0.510271  0.5116  0.512418  0.512691  
0.479355  0.479083  0.478269  0.476948  0.475177  0.473036  0.470615  0.468026  0.465374  0.462785  0.460361  0.45822  0.456443  0.455122  0.454299  0.454026  0.454299  0.455122  0.456443  0.45822  0.460361  0.462785  0.465374  0.468026  0.470615  0.473036  0.475177  0.476948  0.478269  0.479083  0.479355  
0.445877  0.44561  0.44481  0.443509  0.441769  0.439661  0.437283  0.434732  0.432129  0.429577  0.427198  0.425086  0.423346  0.422038  0.421237  0.42096  0.421237  0.422038  0.423346  0.425086  0.427198  0.429577  0.432129  0.434732  0.437283  0.439661  0.441769  0.443509  0.44481  0.44561  0.445877  
0.412259  0.411999  0.41122  0.409957  0.408263  0.406216  0.4039  0.401424  0.398887  0.396411  0.394093  0.392045  0.390346  0.389082  0.388295  0.388034  0.388295  0.389082  0.390346  0.392045  0.394093  0.396411  0.398887  0.401424  0.4039  0.406216  0.408263  0.409957  0.41122  0.411999  0.412259  
0.3785  0.37825  0.377503  0.376288  0.374662  0.372693  0.370472  0.368089  0.365657  0.363273  0.361052  0.359079  0.357452  0.356232  0.355483  0.355224  0.355483  0.356232  0.357452  0.359079  0.361052  0.363273  0.365657  0.368089  0.370472  0.372693  0.374662  0.376288  0.377503  0.37825  0.3785  
0.344604  0.344367  0.343658  0.342507  0.340964  0.3391  0.33699  0.334735  0.332425  0.33017  0.328058  0.326193  0.324646  0.323494  0.322778  0.32254  0.322778  0.323494  0.324646  0.326193  0.328058  0.33017  0.332425  0.334735  0.33699  0.3391  0.340964  0.342507  0.343658  0.344367  0.344604  
0.310575  0.310354  0.309692  0.308616  0.307176  0.305431  0.303464  0.301353  0.299199  0.297087  0.295119  0.293372  0.291931  0.29085  0.290186  0.289958  0.290186  0.29085  0.291931  0.293372  0.295119  0.297087  0.299199  0.301353  0.303464  0.305431  0.307176  0.308616  0.309692  0.310354  0.310575  
0.276421  0.276218  0.275609  0.274621  0.273297  0.271696  0.269886  0.26795  0.265967  0.264031  0.262219  0.260618  0.259289  0.258301  0.257686  0.257482  0.257686  0.258301  0.259289  0.260618  0.262219  0.264031  0.265967  0.26795  0.269886  0.271696  0.273297  0.274621  0.275609  0.276218  0.276421  
0.242149  0.241966  0.241418  0.240528  0.239336  0.237893  0.236265  0.234519  0.232736  0.230989  0.229361  0.227915  0.226724  0.225829  0.22528  0.225091  0.22528  0.225829  0.226724  0.227915  0.229361  0.230989  0.232736  0.234519  0.236265  0.237893  0.239336  0.240528  0.241418  0.241966  0.242149  
0.20777  0.207609  0.207127  0.206346  0.205298  0.204032  0.202599  0.201068  0.199499  0.197967  0.196533  0.195267  0.194216  0.193434  0.192947  0.192785  0.192947  0.193434  0.194216  0.195267  0.196533  0.197967  0.199499  0.201068  0.202599  0.204032  0.205298  0.206346  0.207127  0.207609  0.20777  
0.173295  0.173158  0.172749  0.172083  0.171193  0.170114  0.168897  0.167592  0.16626  0.164954  0.163737  0.162656  0.161765  0.161097  0.160686  0.160545  0.160686  0.161097  0.161765  0.162656  0.163737  0.164954  0.16626  0.167592  0.168897  0.170114  0.171193  0.172083  0.172749  0.173158  0.173295  
0.138738  0.138627  0.138294  0.137753  0.137027  0.136151  0.135159  0.134099  0.133013  0.131953  0.130961  0.130084  0.129357  0.128815  0.128479  0.128367  0.128479  0.128815  0.129357  0.130084  0.130961  0.131953  0.133013  0.134099  0.135159  0.136151  0.137027  0.137753  0.138294  0.138627  0.138738  
0.104114  0.10403  0.103776  0.103365  0.102815  0.102148  0.101395  0.100589  0.0997651  0.0989578  0.0982055  0.0975375  0.0969868  0.0965735  0.0963198  0.0962325  0.0963198  0.0965735  0.0969868  0.0975375  0.0982055  0.0989578  0.0997651  0.100589  0.101395  0.102148  0.102815  0.103365  0.103776  0.10403  0.104114  
0.0694386  0.0693817  0.0692112  0.0689347  0.0685638  0.0681157  0.0676088  0.0670668  0.0665116  0.0659696  0.0654622  0.065014  0.0646421  0.0643654  0.0641932  0.064136  0.0641932  0.0643654  0.0646421  0.065014  0.0654622  0.0659696  0.0665116  0.0670668  0.0676088  0.0681157  0.0685638  0.0689347  0.0692112  0.0693817  0.0694386  
0.0347281  0.0346995  0.0346138  0.0344746  0.0342884  0.0340628  0.0338083  0.0335353  0.0332567  0.0329836  0.0327292  0.0325031  0.0323169  0.032177  0.0320912  0.0320617  0.0320912  0.032177  0.0323169  0.0325031  0.0327292  0.0329836  0.0332567  0.0335353  0.0338083  0.0340628  0.0342884  0.0344746  0.0346138  0.0346995  0.0347281  
0  0  0  0  0  0  0  0  0  0  0  0  0  0  0  0  0  0  0  0  0  0  0  0  0  0  0  0  0  0  0  
