1  1  1  1  1  1  1  1  1  1  1  1  1  1  1  1  1  1  1  1  1  1  1  1  1  1  1  1  1  1  1  
0.967929  0.967901  0.967815  0.967675  0.96749  0.967263  0.96701  0.966736  0.966459  0.966184  0.965931  0.965703  0.965519  0.965377  0.965293  0.965261  0.965293  0.965377  0.965519  0.965703  0.965931  0.966184  0.966459  0.966736  0.96701  0.967263  0.96749  0.967675  0.967815  0.967901  0.967929  
0.935847  0.93579  0.935619  0.935343  0.934971  0.934525  0.934015  0.933476  0.932918  0.932379  0.931868  0.931424  0.931047  0.930775  0.930598  0.930545  0.930598  0.930775  0.931047  0.931424  0.931868  0.932379  0.932918  0.933476  0.934015  0.934525  0.934971  0.935343  0.935619  0.93579  0.935847  
0.90374  0.903656  0.903403  0.90299  0.902442  0.901772  0.901023  0.900212  0.899393  0.898581  0.897834  0.89716  0.896615  0.896195  0.895948  0.895854  0.895948  0.896195  0.896615  0.89716  0.897834  0.898581  0.899393  0.900212  0.901023  0.901772  0.902442  0.90299  0.903403  0.903656  0.90374  
0.8716  0.871488  0.871154  0.870615  0.869886  0.869014  0.868017  0.866963  0.86587  0.864817  0.863817  0.862948  0.862212  0.861679  0.861333  0.861231  0.861333  0.861679  0.862212  0.862948  0.863817  0.864817  0.86587  0.866963  0.868017  0.869014  0.869886  0.870615  0.871154  0.871488  0.8716  
0.83941  0.839274  0.838865  0.838198  0.837311  0.836227  0.835016  0.833704  0.832379  0.831064  0.829857  0.828766  0.827885  0.827205  0.826806  0.826654  0.826806  0.827205  0.827885  0.828766  0.829857  0.831064  0.832379  0.833704  0.835016  0.836227  0.837311  0.838198  0.838865  0.839274  0.83941  
0.807166  0.807005  0.806522  0.805743  0.804691  0.80343  0.801991  0.800467  0.798889  0.797367  0.795922  0.794667  0.793603  0.792834  0.792334  0.792185  0.792334  0.792834  0.793603  0.794667  0.795922  0.797367  0.798889  0.800467  0.801991  0.80343  0.804691  0.805743  0.806522  0.807005  0.807166  
0.774849  0.774667  0.77412  0.773227  0.77204  0.770591  0.76897  0.767215  0.765442  0.763684  0.762068  0.760608  0.75943  0.758521  0.757987  0.757783  0.757987  0.758521  0.75943  0.760608  0.762068  0.763684  0.765442  0.767215  0.76897  0.770591  0.77204  0.773227  0.77412  0.774667  0.774849  
0.742456  0.742253  0.741642  0.740658  0.739328  0.737734  0.735915  0.733989  0.731995  0.730071  0.728245  0.726658  0.725314  0.724342  0.72371  0.723523  0.72371  0.724342  0.725314  0.726658  0.728245  0.730071  0.731995  0.733989  0.735915  0.737734  0.739328  0.740658  0.741642  0.742253  0.742456  
0.70997  0.70975  0.709088  0.708009  0.706574  0.704823  0.702864  0.700742  0.6986  0.696474  0.694521  0.692757  0.691333  0.690235  0.689589  0.689342  0.689589  0.690235  0.691333  0.692757  0.694521  0.696474  0.6986  0.700742  0.702864  0.704823  0.706574  0.708009  0.709088  0.70975  0.70997  
0.677388  0.677151  0.676439  0.675293  0.673744  0.671887  0.669768  0.667524  0.6652  0.662959  0.660832  0.658984  0.657418  0.656285  0.655549  0.65533  0.655549  0.656285  0.657418  0.658984  0.660832  0.662959  0.6652  0.667524  0.669768  0.671887  0.673744  0.675293  0.676439  0.677151  0.677388  
0.644693  0.644445  0.643698  0.64248  0.64086  0.638883  0.636671  0.634276  0.631858  0.629459  0.627253  0.625263  0.623655  0.622415  0.621685  0.621407  0.621685  0.622415  0.623655  0.625263  0.627253  0.629459  0.631858  0.634276  0.636671  0.638883  0.64086  0.64248  0.643698  0.644445  0.644693  
0.611886  0.611626  0.610845  0.609586  0.607885  0.605847  0.60352  0.601056  0.598506  0.596045  0.59371  0.59168  0.589961  0.588717  0.58791  0.587669  0.58791  0.588717  0.589961  0.59168  0.59371  0.596045  0.598506  0.601056  0.60352  0.605847  0.607885  0.609586  0.610845  0.611626  0.611886  
0.578951  0.578685  0.577886  0.576582  0.574848  0.572731  0.570363  0.5678  0.565211  0.562643  0.560282  0.558151  0.55643  0.555102  0.554321  0.554024  0.554321  0.555102  0.55643  0.558151  0.560282  0.562643  0.565211  0.5678  0.570363  0.572731  0.574848  0.576582  0.577886  0.578685  0.578951  
0.54589  0.545618  0.544802  0.543485  0.541707  0.539575  0.537143  0.534567  0.5319  0.529327  0.526886  0.524764  0.522967  0.521666  0.520822  0.52057  0.520822  0.521666  0.522967  0.524764  0.526886  0.529327  0.5319  0.534567  0.537143  0.539575  0.541707  0.543485  0.544802  0.545618  0.54589  
0.51269  0.512418  0.511601  0.510268  0.508495  0.506331  0.503911  0.501291  0.498644  0.496019  0.493605  0.491427  0.489667  0.488311  0.487512  0.487208  0.487512  0.488311  0.489667  0.491427  0.493605  0.496019  0.498644  0.501291  0.503911  0.506331  0.508495  0.510268  0.511601  0.512418  0.51269  
0.479356  0.479084  0.478267  0.476951  0.475173  0.473041  0.470609  0.468032  0.465366  0.462793  0.460352  0.458229  0.456433  0.455132  0.454288  0.454036  0.454288  0.455132  0.456433  0.458229  0.460352  0.462793  0.465366  0.468032  0.470609  0.473041  0.475173  0.476951  0.478267  0.479084  0.479356  
0.445876  0.44561  0.444811  0.443507  0.441773  0.439656  0.437289  0.434726  0.432136  0.429568  0.427207  0.425077  0.423355  0.422028  0.421247  0.42095  0.421247  0.422028  0.423355  0.425077  0.427207  0.429568  0.432136  0.434726  0.437289  0.439656  0.441773  0.443507  0.444811  0.44561  0.445876  
0.41226  0.411999  0.411219  0.409959  0.408259  0.40622  0.403894  0.40143  0.39888  0.396419  0.394084  0.392054  0.390336  0.389091  0.388285  0.388043  0.388285  0.389091  0.390336  0.392054  0.394084  0.396419  0.39888  0.40143  0.403894  0.40622  0.408259  0.409959  0.411219  0.411999  0.41226  
0.378499  0.37825  0.377504  0.376285  0.374665  0.372688  0.370477  0.368083  0.365664  0.363265  0.361059  0.35907  0.357461  0.356222  0.355492  0.355215  0.355492  0.356222  0.357461  0.35907  0.361059  0.363265  0.365664  0.368083  0.370477  0.372688  0.374665  0.376285  0.377504  0.37825  0.378499  
0.344605  0.344367  0.343656  0.342509  0.340961  0.339104  0.336985  0.334741  0.332418  0.330177  0.32805  0.326201  0.324637  0.323503  0.322769  0.322548  0.322769  0.323503  0.324637  0.326201  0.32805  0.330177  0.332418  0.334741  0.336985  0.339104  0.340961  0.342509  0.343656  0.344367  0.344605  
0.310574  0.310354  0.309693  0.308614  0.307179  0.305427  0.303468  0.301348  0.299205  0.29708  0.295126  0.293364  0.291939  0.290841  0.290194  0.289949  0.290194  0.290841  0.291939  0.293364  0.295126  0.29708  0.299205  0.301348  0.303468  0.305427  0.307179  0.308614  0.309693  0.310354  0.310574  
0.276421  0.276218  0.275608  0.274623  0.273294  0.2717  0.269881  0.267955  0.265961  0.264037  0.262212  0.260625  0.259282  0.258309  0.257679  0.257489  0.257679  0.258309  0.259282  0.260625  0.262212  0.264037  0.265961  0.267955  0.269881  0.2717  0.273294  0.274623  0.275608  0.276218  0.276421  
0.242148  0.241966  0.241419  0.240526  0.239339  0.23789  0.236269  0.234514  0.232741  0.230984  0.229367  0.227909  0.22673  0.225822  0.225287  0.225084  0.225287  0.225822  0.22673  0.227909  0.229367  0.230984  0.232741  0.234514  0.236269  0.23789  0.239339  0.240526  0.241419  0.241966  0.242148  
0.20777  0.207609  0.207126  0.206347  0.205296  0.204034  0.202596  0.201071  0.199494  0.197972  0.196528  0.195272  0.19421  0.19344  0.192941  0.192791  0.192941  0.19344  0.19421  0.195272  0.196528  0.197972  0.199494  0.201071  0.202596  0.204034  0.205296  0.206347  0.207126  0.207609  0.20777  
0.173294  0.173158  0.172749  0.172082  0.171194  0.170111  0.1689  0.167589  0.166263  0.16495  0.163741  0.162651  0.16177  0.161092  0.160691  0.16054  0.160691  0.161092  0.16177  0.162651  0.163741  0.16495  0.166263  0.167589  0.1689  0.170111  0.171194  0.172082  0.172749  0.173158  0.173294  
0.138739  0.138627  0.138293  0.137754  0.137026  0.136153  0.135157  0.134102  0.13301  0.131956  0.130957  0.130088  0.129353  0.128819  0.128474  0.128371  0.128474  0.128819  0.129353  0.130088  0.130957  0.131956  0.13301  0.134102  0.135157  0.136153  0.137026  0.137754  0.138293  0.138627  0.138739  
0.104114  0.10403  0.103777  0.103364  0.102816  0.102146  0.101397  0.100587  0.0997672  0.0989553  0.0982081  0.0975346  0.0969897  0.0965704  0.0963228  0.0962293  0.0963228  0.0965704  0.0969897  0.0975346  0.0982081  0.0989553  0.0997672  0.100587  0.101397  0.102146  0.102816  0.103364  0.103777  0.10403  0.104114  
0.0694387  0.0693818  0.0692109  0.0689352  0.068563  0.0681166  0.0676076  0.0670681  0.0665101  0.0659712  0.0654603  0.0650159  0.06464  0.0643674  0.0641911  0.064138  0.0641911  0.0643674  0.06464  0.0650159  0.0654603  0.0659712  0.0665101  0.0670681  0.0676076  0.0681166  0.068563  0.0689352  0.0692109  0.0693818  0.0694387  
0.0347279  0.0346994  0.0346139  0.0344744  0.0342888  0.0340623  0.0338089  0.0335347  0.0332575  0.0329828  0.03273  0.0325022  0.0323178  0.032176  0.0320922  0.0320606  0.0320922  0.032176  0.0323178  0.0325022  0.03273  0.0329828  0.0332575  0.0335347  0.0338089  0.0340623  0.0342888  0.0344744  0.0346139  0.0346994  0.0347279  
0  0  0  0  0  0  0  0  0  0  0  0  0  0  0  0  0  0  0  0  0  0  0  0  0  0  0  0  0  0  0  
