1  1  1  1  1  1  1  1  1  1  1  1  1  1  1  1  1  1  1  1  1  1  1  1  1  1  1  1  1  1  1  
0.967928  0.9679  0.967817  0.967672  0.967495  0.967257  0.967018  0.966726  0.966469  0.966172  0.965944  0.965689  0.965533  0.965362  0.965308  0.965246  0.965308  0.965362  0.965533  0.965689  0.965944  0.966172  0.966469  0.966726  0.967018  0.967257  0.967495  0.967672  0.967817  0.9679  0.967928  
0.935849  0.935791  0.935615  0.935351  0.93496  0.934538  0.933999  0.933495  0.932896  0.932403  0.931842  0.931451  0.931019  0.930804  0.930568  0.930576  0.930568  0.930804  0.931019  0.931451  0.931842  0.932403  0.932896  0.933495  0.933999  0.934538  0.93496  0.935351  0.935615  0.935791  0.935849  
0.903736  0.903655  0.903409  0.90298  0.902457  0.901752  0.901048  0.900184  0.899425  0.898546  0.897872  0.897119  0.896658  0.896151  0.895993  0.895809  0.895993  0.896151  0.896658  0.897119  0.897872  0.898546  0.899425  0.900184  0.901048  0.901752  0.902457  0.90298  0.903409  0.903655  0.903736  
0.871604  0.87149  0.871146  0.870629  0.869866  0.86904  0.867986  0.867  0.865828  0.864863  0.863767  0.863001  0.862156  0.861736  0.861275  0.861289  0.861275  0.861736  0.862156  0.863001  0.863767  0.864863  0.865828  0.867  0.867986  0.86904  0.869866  0.870629  0.871146  0.87149  0.871604  
0.839405  0.839272  0.838875  0.83818  0.837336  0.836195  0.835055  0.833658  0.83243  0.831008  0.829918  0.828701  0.827953  0.827135  0.826878  0.826581  0.826878  0.827135  0.827953  0.828701  0.829918  0.831008  0.83243  0.833658  0.835055  0.836195  0.837336  0.83818  0.838875  0.839272  0.839405  
0.807172  0.807007  0.80651  0.805763  0.804661  0.803467  0.801945  0.80052  0.798828  0.797433  0.79585  0.794743  0.793523  0.792916  0.79225  0.79227  0.79225  0.792916  0.793523  0.794743  0.79585  0.797433  0.798828  0.80052  0.801945  0.803467  0.804661  0.805763  0.80651  0.807007  0.807172  
0.774841  0.774664  0.774133  0.773203  0.772073  0.770548  0.769022  0.767154  0.76551  0.763608  0.762149  0.760522  0.75952  0.758428  0.758081  0.757687  0.758081  0.758428  0.75952  0.760522  0.762149  0.763608  0.76551  0.767154  0.769022  0.770548  0.772073  0.773203  0.774133  0.774664  0.774841  
0.742465  0.742255  0.741627  0.740683  0.739291  0.737782  0.735858  0.734056  0.731919  0.730154  0.728155  0.726754  0.725214  0.724445  0.723605  0.723628  0.723605  0.724445  0.725214  0.726754  0.728155  0.730154  0.731919  0.734056  0.735858  0.737782  0.739291  0.740683  0.741627  0.742255  0.742465  
0.70996  0.709746  0.709104  0.707981  0.706614  0.704771  0.702926  0.70067  0.698682  0.696384  0.694618  0.692654  0.691442  0.690123  0.689702  0.689227  0.689702  0.690123  0.691442  0.692654  0.694618  0.696384  0.698682  0.70067  0.702926  0.704771  0.706614  0.707981  0.709104  0.709746  0.70996  
0.677398  0.677154  0.676422  0.675322  0.673701  0.671941  0.669701  0.667601  0.665113  0.663055  0.660728  0.659094  0.657302  0.656404  0.655428  0.655452  0.655428  0.656404  0.657302  0.659094  0.660728  0.663055  0.665113  0.667601  0.669701  0.671941  0.673701  0.675322  0.676422  0.677154  0.677398  
0.644683  0.644441  0.643716  0.642448  0.640905  0.638825  0.636741  0.634195  0.631949  0.629358  0.627362  0.625147  0.623776  0.62229  0.621812  0.621279  0.621812  0.62229  0.623776  0.625147  0.627362  0.629358  0.631949  0.634195  0.636741  0.638825  0.640905  0.642448  0.643716  0.644441  0.644683  
0.611897  0.611629  0.610827  0.609618  0.607839  0.605906  0.603448  0.60114  0.598411  0.596149  0.593597  0.5918  0.589836  0.588846  0.587778  0.587802  0.587778  0.588846  0.589836  0.5918  0.593597  0.596149  0.598411  0.60114  0.603448  0.605906  0.607839  0.609618  0.610827  0.611629  0.611897  
0.57894  0.578681  0.577904  0.576548  0.574895  0.57267  0.570437  0.567714  0.565308  0.562536  0.560397  0.558028  0.556558  0.55497  0.554456  0.553888  0.554456  0.55497  0.556558  0.558028  0.560397  0.562536  0.565308  0.567714  0.570437  0.57267  0.574895  0.576548  0.577904  0.578681  0.57894  
0.545901  0.545622  0.544783  0.543519  0.541659  0.539637  0.537068  0.534654  0.531802  0.529435  0.526769  0.524887  0.522837  0.521799  0.520686  0.520707  0.520686  0.521799  0.522837  0.524887  0.526769  0.529435  0.531802  0.534654  0.537068  0.539637  0.541659  0.543519  0.544783  0.545622  0.545901  
0.512679  0.512414  0.51162  0.510234  0.508543  0.506269  0.503986  0.501204  0.498742  0.49591  0.493722  0.491303  0.489796  0.488177  0.487648  0.487071  0.487648  0.488177  0.489796  0.491303  0.493722  0.49591  0.498742  0.501204  0.503986  0.506269  0.508543  0.510234  0.51162  0.512414  0.512679  
0.479367  0.479087  0.478248  0.476984  0.475125  0.473102  0.470535  0.468118  0.465269  0.4629  0.460236  0.458352  0.456305  0.455263  0.454153  0.454171  0.454153  0.455263  0.456305  0.458352  0.460236  0.4629  0.465269  0.468118  0.470535  0.473102  0.475125  0.476984  0.478248  0.479087  0.479367  
0.445865  0.445606  0.444829  0.443474  0.441819  0.439596  0.437361  0.434641  0.432231  0.429464  0.42732  0.424957  0.42348  0.421899  0.421378  0.420817  0.421378  0.421899  0.42348  0.424957  0.42732  0.429464  0.432231  0.434641  0.437361  0.439596  0.441819  0.443474  0.444829  0.445606  0.445865  
0.41227  0.412003  0.411201  0.409991  0.408214  0.406278  0.403824  0.401511  0.398788  0.39652  0.393975  0.39217  0.390215  0.389216  0.388158  0.388171  0.388158  0.389216  0.390215  0.39217  0.393975  0.39652  0.398788  0.401511  0.403824  0.406278  0.408214  0.409991  0.411201  0.412003  0.41227  
0.378489  0.378246  0.37752  0.376255  0.374708  0.372633  0.370544  0.368005  0.365751  0.363168  0.361164  0.358959  0.357577  0.356103  0.355613  0.355093  0.355613  0.356103  0.357577  0.358959  0.361164  0.363168  0.365751  0.368005  0.370544  0.372633  0.374708  0.376255  0.37752  0.378246  0.378489  
0.344614  0.344371  0.34364  0.342538  0.34092  0.339156  0.336922  0.334814  0.332335  0.330268  0.327952  0.326306  0.324528  0.323615  0.322654  0.322664  0.322654  0.323615  0.324528  0.326306  0.327952  0.330268  0.332335  0.334814  0.336922  0.339156  0.34092  0.342538  0.34364  0.344371  0.344614  
0.310565  0.310351  0.309707  0.308587  0.307216  0.305379  0.303527  0.301279  0.299282  0.296995  0.295218  0.293267  0.29204  0.290737  0.290301  0.289842  0.290301  0.290737  0.29204  0.293267  0.295218  0.296995  0.299282  0.301279  0.303527  0.305379  0.307216  0.308587  0.309707  0.310351  0.310565  
0.276429  0.276221  0.275594  0.274647  0.273259  0.271744  0.269827  0.268017  0.265891  0.264114  0.262128  0.260713  0.259189  0.258404  0.257581  0.257587  0.257581  0.258404  0.259189  0.260713  0.262128  0.264114  0.265891  0.268017  0.269827  0.271744  0.273259  0.274647  0.275594  0.276221  0.276429  
0.242141  0.241963  0.241431  0.240504  0.239369  0.23785  0.236317  0.234458  0.232804  0.230914  0.229442  0.22783  0.226813  0.225736  0.225374  0.224996  0.225374  0.225736  0.226813  0.22783  0.229442  0.230914  0.232804  0.234458  0.236317  0.23785  0.239369  0.240504  0.241431  0.241963  0.242141  
0.207776  0.207611  0.207115  0.206366  0.205268  0.204069  0.202553  0.20112  0.199439  0.198032  0.196462  0.195342  0.194137  0.193514  0.192865  0.192868  0.192865  0.193514  0.194137  0.195342  0.196462  0.198032  0.199439  0.20112  0.202553  0.204069  0.205268  0.206366  0.207115  0.207611  0.207776  
0.173289  0.173156  0.172758  0.172066  0.171217  0.170082  0.168936  0.167547  0.16631  0.164898  0.163797  0.162592  0.161832  0.161028  0.160756  0.160475  0.160756  0.161028  0.161832  0.162592  0.163797  0.164898  0.16631  0.167547  0.168936  0.170082  0.171217  0.172066  0.172758  0.173156  0.173289  
0.138743  0.138629  0.138285  0.137767  0.137007  0.136177  0.135128  0.134136  0.132972  0.131998  0.130912  0.130136  0.129303  0.128871  0.128422  0.128424  0.128422  0.128871  0.129303  0.130136  0.130912  0.131998  0.132972  0.134136  0.135128  0.136177  0.137007  0.137767  0.138285  0.138629  0.138743  
0.10411  0.104028  0.103782  0.103354  0.10283  0.102128  0.101419  0.100561  0.0997961  0.0989234  0.0982424  0.0974982  0.0970276  0.0965312  0.0963626  0.0961892  0.0963626  0.0965312  0.0970276  0.0974982  0.0982424  0.0989234  0.0997961  0.100561  0.101419  0.102128  0.10283  0.103354  0.103782  0.104028  0.10411  
0.0694409  0.0693825  0.0692071  0.0689418  0.0685534  0.0681289  0.0675927  0.0670853  0.0664906  0.0659925  0.0654373  0.0650402  0.0646145  0.0643937  0.0641643  0.0641649  0.0641643  0.0643937  0.0646145  0.0650402  0.0654373  0.0659925  0.0664906  0.0670853  0.0675927  0.0681289  0.0685534  0.0689418  0.0692071  0.0693825  0.0694409  
0.0347268  0.034699  0.0346158  0.034471  0.0342935  0.0340561  0.0338163  0.033526  0.0332672  0.032972  0.0327416  0.0324899  0.0323306  0.0321627  0.0321056  0.032047  0.0321056  0.0321627  0.0323306  0.0324899  0.0327416  0.032972  0.0332672  0.033526  0.0338163  0.0340561  0.0342935  0.034471  0.0346158  0.034699  0.0347268  
0  0  0  0  0  0  0  0  0  0  0  0  0  0  0  0  0  0  0  0  0  0  0  0  0  0  0  0  0  0  0  
