1  1  1  1  1  1  1  1  1  1  1  1  1  1  1  1  1  1  1  1  1  1  1  1  1  1  1  1  1  1  1  
0.994698  0.976849  0.923302  1.04722  0.853841  1.11371  0.789443  1.17336  0.733199  1.22332  0.688001  1.26107  0.656329  1.28459  0.640007  1.29258  0.640007  1.28459  0.656329  1.26107  0.688001  1.22332  0.733199  1.17336  0.789443  1.11371  0.853841  1.04722  0.923302  0.976849  0.994698  
0.882641  0.918004  1.02409  0.777249  1.16085  0.643451  1.28692  0.522827  1.39649  0.42137  1.48419  0.34447  1.54547  0.296448  1.57699  0.280115  1.57699  0.296448  1.54547  0.34447  1.48419  0.42137  1.39649  0.522827  1.28692  0.643451  1.16085  0.777249  1.02409  0.918004  0.882641  
0.98272  0.930057  0.772068  1.13767  0.567133  1.33384  0.377183  1.50973  0.211343  1.657  0.0781317  1.76823  -0.0151817  1.83751  -0.0632561  1.86105  -0.0632561  1.83751  -0.0151817  1.76823  0.0781317  1.657  0.211343  1.50973  0.377183  1.33384  0.567133  1.13767  0.772068  0.930057  0.98272  
0.767824  0.836799  1.04373  0.562244  1.31047  0.301314  1.55626  0.066187  1.76976  -0.131459  1.94053  -0.281178  2.05978  -0.374627  2.12111  -0.406402  2.12111  -0.374627  2.05978  -0.281178  1.94053  -0.131459  1.76976  0.066187  1.55626  0.301314  1.31047  0.562244  1.04373  0.836799  0.767824  
0.966701  0.881821  0.627182  1.21646  0.296892  1.53254  -0.00910695  1.81577  -0.276069  2.05271  -0.490334  2.23152  -0.640316  2.34283  -0.717547  2.38063  -0.717547  2.34283  -0.640316  2.23152  -0.490334  2.05271  -0.276069  1.81577  -0.00910695  1.53254  0.296892  1.21646  0.627182  0.881821  0.966701  
0.65792  0.757121  1.05472  0.362226  1.43832  -0.0129452  1.79159  -0.350762  2.09815  -0.634453  2.3431  -0.849145  2.514  -0.983046  2.60182  -1.02856  2.60182  -0.983046  2.514  -0.849145  2.3431  -0.634453  2.09815  -0.350762  1.79159  -0.0129452  1.43832  0.362226  1.05472  0.757121  0.65792  
0.944232  0.831278  0.492416  1.27661  0.0529051  1.69707  -0.354012  2.07349  -0.708649  2.388  -0.992953  2.62507  -1.19176  2.77252  -1.29405  2.82256  -1.29405  2.77252  -1.19176  2.62507  -0.992953  2.388  -0.708649  2.07349  -0.354012  1.69707  0.0529051  1.27661  0.492416  0.831278  0.944232  
0.554981  0.679598  1.05345  0.183483  1.53528  -0.287651  1.97867  -0.711454  2.36295  -1.0669  2.6696  -1.33555  2.88327  -1.50294  2.99297  -1.5598  2.99297  -1.50294  2.88327  -1.33555  2.6696  -1.0669  2.36295  -0.711454  1.97867  -0.287651  1.53528  0.183483  1.05345  0.679598  0.554981  
0.913293  0.777696  0.370902  1.31232  -0.156687  1.81683  -0.644751  2.26797  -1.06956  2.64437  -1.40963  2.92767  -1.64713  3.10366  -1.76922  3.16335  -1.76922  3.10366  -1.64713  2.92767  -1.40963  2.64437  -1.06956  2.26797  -0.644751  1.81683  -0.156687  1.31232  0.370902  0.777696  0.913293  
0.460621  0.604717  1.037  0.0309884  1.59409  -0.513576  2.10625  -1.00286  2.54949  -1.4126  2.90261  -1.72183  3.1483  -1.91426  3.27432  -1.97959  3.27432  -1.91426  3.1483  -1.72183  2.90261  -1.4126  2.54949  -1.00286  2.10625  -0.513576  1.59409  0.0309884  1.037  0.604717  0.460621  
0.872364  0.720516  0.264971  1.31924  -0.325815  1.88391  -0.871836  2.38819  -1.3464  2.80822  -1.72567  3.12382  -1.99015  3.31961  -2.12598  3.38597  -2.12598  3.31961  -1.99015  3.12382  -1.72567  2.80822  -1.3464  2.38819  -0.871836  1.88391  -0.325815  1.31924  0.264971  0.720516  0.872364  
0.375942  0.532796  1.00336  -0.0918166  1.60971  -0.684357  2.16659  -1.21606  2.64776  -1.66059  3.0304  -1.9955  3.2962  -2.20365  3.43239  -2.27425  3.43239  -2.20365  3.2962  -1.9955  3.0304  -1.66059  2.64776  -1.21606  2.16659  -0.684357  1.60971  -0.0918166  1.00336  0.532796  0.375942  
0.820475  0.659372  0.176062  1.29462  -0.450704  1.89338  -1.02941  2.42735  -1.5316  2.87131  -1.93224  3.20428  -2.21118  3.41056  -2.35428  3.48041  -2.35428  3.41056  -2.21118  3.20428  -1.93224  2.87131  -1.5316  2.42735  -1.02941  1.89338  -0.450704  1.29462  0.176062  0.659372  0.820475  
0.301505  0.463982  0.951413  -0.18312  1.57944  -0.796657  2.15562  -1.34647  2.65263  -1.80534  3.04712  -2.15045  3.32069  -2.36463  3.46069  -2.43723  3.46069  -2.36463  3.32069  -2.15045  3.04712  -1.80534  2.65263  -1.34647  2.15562  -0.796657  1.57944  -0.18312  0.951413  0.463982  0.301505  
0.757223  0.594096  0.104714  1.23737  -0.52991  1.84332  -1.1153  2.38294  -1.62248  2.83077  -2.02637  3.16603  -2.30712  3.37341  -2.45099  3.44358  -2.45099  3.37341  -2.30712  3.16603  -2.02637  2.83077  -1.62248  2.38294  -1.1153  1.84332  -0.52991  1.23737  0.104714  0.594096  0.757223  
0.237348  0.398256  0.880978  -0.242698  1.50289  -0.850083  2.07286  -1.39366  2.56371  -1.84655  2.95257  -2.18658  3.22178  -2.39731  3.35938  -2.46868  3.35938  -2.39731  3.22178  -2.18658  2.95257  -1.84655  2.56371  -1.39366  2.07286  -0.850083  1.50289  -0.242698  0.880978  0.398256  0.237348  
0.682747  0.524715  0.0506175  1.14794  -0.564181  1.73466  -1.13075  2.25645  -1.62087  2.6887  -2.0105  3.01172  -2.2809  3.21124  -2.41932  3.2787  -2.41932  3.21124  -2.2809  3.01172  -2.0105  2.6887  -1.62087  2.25645  -1.13075  1.73466  -0.564181  1.14794  0.0506175  0.524715  0.682747  
0.183039  0.335455  0.792705  -0.271777  1.38176  -0.846924  1.92109  -1.36102  2.38483  -1.78864  2.75155  -2.10916  3.00502  -2.30754  3.13443  -2.37467  3.13443  -2.30754  3.00502  -2.10916  2.75155  -1.78864  2.38483  -1.36102  1.92109  -0.846924  1.38176  -0.271777  0.792705  0.335455  0.183039  
0.597669  0.451431  0.0127188  1.02818  -0.5562  1.57086  -1.08004  2.05287  -1.53255  2.45152  -1.8917  2.74892  -2.14058  2.93237  -2.26785  2.99434  -2.26785  2.93237  -2.14058  2.74892  -1.8917  2.45152  -1.53255  2.05287  -1.08004  1.57086  -0.5562  1.02818  0.0127188  0.451431  0.597669  
0.137745  0.275302  0.687972  -0.272818  1.21958  -0.791753  1.70588  -1.25508  2.12342  -1.63991  2.45308  -1.92792  2.68059  -2.10596  2.79664  -2.16617  2.79664  -2.10596  2.68059  -1.92792  2.45308  -1.63991  2.12342  -1.25508  1.70588  -0.791753  1.21958  -0.272818  0.687972  0.275302  0.137745  
0.503018  0.374601  -0.0106491  0.881102  -0.510251  1.35747  -0.969918  1.78011  -1.3665  2.12914  -1.68081  2.38913  -1.89833  2.54931  -2.00947  2.60339  -2.00947  2.54931  -1.89833  2.38913  -1.68081  2.12914  -1.3665  1.78011  -0.969918  1.35747  -0.510251  0.881102  -0.0106491  0.374601  0.503018  
0.100323  0.217431  0.568754  -0.249274  1.02132  -0.690971  1.43501  -1.08497  1.78977  -1.41179  2.06947  -1.65606  2.26225  -1.80691  2.36049  -1.8579  2.36049  -1.80691  2.26225  -1.65606  2.06947  -1.41179  1.78977  -1.08497  1.43501  -0.690971  1.02132  -0.249274  0.568754  0.217431  0.100323  
0.400153  0.294709  -0.0216242  0.710627  -0.431866  1.10165  -0.809083  1.44826  -1.13419  1.73414  -1.39155  1.94683  -1.56945  2.07773  -1.66028  2.1219  -1.66028  2.07773  -1.56945  1.94683  -1.39155  1.73414  -1.13419  1.44826  -0.809083  1.10165  -0.431866  0.710627  -0.0216242  0.294709  0.400153  
0.0694048  0.161424  0.437482  -0.205343  0.793091  -0.552361  1.11796  -0.861666  1.39627  -1.11797  1.61545  -1.30934  1.76636  -1.42742  1.8432  -1.46731  1.8432  -1.42742  1.76636  -1.30934  1.61545  -1.11797  1.39627  -0.861666  1.11796  -0.552361  0.793091  -0.205343  0.437482  0.161424  0.0694048  
0.290677  0.212337  -0.0226834  0.521359  -0.327484  0.811806  -0.607616  1.06907  -0.848857  1.28107  -1.03964  1.43864  -1.17142  1.53553  -1.23866  1.56821  -1.23866  1.53553  -1.17142  1.43864  -1.03964  1.28107  -0.848857  1.06907  -0.607616  0.811806  -0.327484  0.521359  -0.0226834  0.212337  0.290677  
0.0434652  0.106829  0.296919  -0.145747  0.541787  -0.384676  0.765387  -0.597519  0.95681  -0.773759  1.10743  -0.905247  1.21106  -0.986323  1.2638  -1.0137  1.2638  -0.986323  1.21106  -0.905247  1.10743  -0.773759  0.95681  -0.597519  0.765387  -0.384676  0.541787  -0.145747  0.296919  0.106829  0.0434652  
0.176369  0.128144  -0.0165284  0.318378  -0.204162  0.497142  -0.376554  0.655408  -0.524932  0.785742  -0.642203  0.882546  -0.723156  0.942045  -0.764442  0.962106  -0.764442  0.942045  -0.723156  0.882546  -0.642203  0.785742  -0.524932  0.655408  -0.376554  0.497142  -0.204162  0.318378  -0.0165284  0.128144  0.176369  
0.0208868  0.053178  0.150052  -0.0755472  0.274841  -0.197302  0.388761  -0.305728  0.486245  -0.395466  0.562911  -0.462386  0.615633  -0.503633  0.642457  -0.51756  0.642457  -0.503633  0.615633  -0.462386  0.562911  -0.395466  0.486245  -0.305728  0.388761  -0.197302  0.274841  -0.0755472  0.150052  0.053178  0.0208868  
0.0591186  0.0428394  -0.00599805  0.107058  -0.0693388  0.167399  -0.127525  0.220808  -0.177592  0.264777  -0.21715  0.297423  -0.24445  0.317483  -0.258369  0.324245  -0.258369  0.317483  -0.24445  0.297423  -0.21715  0.264777  -0.177592  0.220808  -0.127525  0.167399  -0.0693388  0.107058  -0.00599805  0.0428394  0.0591186  
0  0  0  0  0  0  0  0  0  0  0  0  0  0  0  0  0  0  0  0  0  0  0  0  0  0  0  0  0  0  0  
