1  1  1  1  1  1  1  1  1  1  1  1  1  1  1  1  1  1  1  1  1  1  1  1  1  1  1  1  1  1  1  
-43.4942  -13.8952  74.9016  -131.146  189.731  -242.277  295.893  -342.22  388.395  -426.116  462.588  -489.612  514.508  -529.224  541.242  -542.69  541.242  -529.224  514.508  -489.612  462.588  -426.116  388.395  -342.22  295.893  -242.277  189.731  -131.146  74.9016  -13.8952  -43.4942  
89.3061  30.4765  -146.012  263.519  -374.24  484.387  -585.224  682.992  -769.032  849.681  -916.436  975.82  -1019.58  1054.5  -1072.68  1081.25  -1072.68  1054.5  -1019.58  975.82  -916.436  849.681  -769.032  682.992  -585.224  484.387  -374.24  263.519  -146.012  30.4765  89.3061  
-130.276  -42.9466  219.041  -388.891  557.826  -716.734  870.963  -1011.47  1143.7  -1258.78  1362.36  -1445.88  1515.33  -1562.57  1594.07  -1602.22  1594.07  -1562.57  1515.33  -1445.88  1362.36  -1258.78  1143.7  -1011.47  870.963  -716.734  557.826  -388.891  219.041  -42.9466  -130.276  
173.235  58.4867  -285.758  513.052  -730.902  943.777  -1142.26  1330.9  -1500.43  1655.61  -1787.48  1901.17  -1988.22  2054.28  -2091.53  2106.31  -2091.53  2054.28  -1988.22  1901.17  -1787.48  1655.61  -1500.43  1330.9  -1142.26  943.777  -730.902  513.052  -285.758  58.4867  173.235  
-210.582  -69.8289  352.429  -627.423  898.434  -1155.69  1402.86  -1630.31  1841.89  -2028.24  2193.57  -2329.04  2439.41  -2516.52  2565.89  -2580.22  2565.89  -2516.52  2439.41  -2329.04  2193.57  -2028.24  1841.89  -1630.31  1402.86  -1155.69  898.434  -627.423  352.429  -69.8289  -210.582  
248.693  83.6599  -411.439  737.454  -1051.61  1356.74  -1642.85  1912.91  -2157.18  2378.95  -2568.96  2731.05  -2856.66  2950.4  -3004.63  3024.91  -3004.63  2950.4  -2856.66  2731.05  -2568.96  2378.95  -2157.18  1912.91  -1642.85  1356.74  -1051.61  737.454  -411.439  83.6599  248.693  
-280.558  -93.2524  468.663  -835.306  1195.2  -1538.05  1865.96  -2168.86  2449.13  -2697.12  2915.73  -3095.98  3241.54  -3344.35  3409.05  -3428.69  3409.05  -3344.35  3241.54  -3095.98  2915.73  -2697.12  2449.13  -2168.86  1865.96  -1538.05  1195.2  -835.306  468.663  -93.2524  -280.558  
312.124  104.806  -517.148  926.168  -1321.29  1703.83  -2063.39  2401.51  -2708.18  2985.37  -3223.72  3425.91  -3583.48  3700.08  -3768.36  3793.16  -3768.36  3700.08  -3583.48  3425.91  -3223.72  2985.37  -2708.18  2401.51  -2063.39  1703.83  -1321.29  926.168  -517.148  104.806  312.124  
-336.996  -112.144  562.411  -1003.01  1434.52  -1846.27  2238.99  -2602.36  2937.49  -3234.63  3495.55  -3711.34  3884.7  -4007.84  4084.6  -4108.46  4084.6  -4007.84  3884.7  -3711.34  3495.55  -3234.63  2937.49  -2602.36  2238.99  -1846.27  1434.52  -1003.01  562.411  -112.144  -336.996  
360.71  120.984  -598.196  1070.82  -1527.96  1969.64  -2385.23  2775.05  -3129.01  3448.02  -3722.77  3955.02  -4136.52  4270.15  -4348.94  4377.06  -4348.94  4270.15  -4136.52  3955.02  -3722.77  3448.02  -3129.01  2775.05  -2385.23  1969.64  -1527.96  1070.82  -598.196  120.984  360.71  
-377.501  -125.705  629.683  -1123.41  1606.22  -2067.27  2506.16  -2912.49  3286.37  -3618.14  3908.67  -4149.3  4341.97  -4479.23  4564.3  -4591.12  4564.3  -4479.23  4341.97  -4149.3  3908.67  -3618.14  3286.37  -2912.49  2506.16  -2067.27  1606.22  -1123.41  629.683  -125.705  -377.501  
392.498  131.542  -651.327  1165.59  -1663.36  2143.54  -2595.54  3018.7  -3403.07  3748.7  -4046.57  4297.72  -4494.28  4638.51  -4723.89  4754.03  -4723.89  4638.51  -4494.28  4297.72  -4046.57  3748.7  -3403.07  3018.7  -2595.54  2143.54  -1663.36  1165.59  -651.327  131.542  392.498  
-400.575  -133.437  667.979  -1192.04  1703.94  -2192.93  2657.68  -3088.01  3483.22  -3833.96  4140.46  -4394.48  4597.35  -4742.16  4831.54  -4859.97  4831.54  -4742.16  4597.35  -4394.48  4140.46  -3833.96  3483.22  -3088.01  2657.68  -2192.93  1703.94  -1192.04  667.979  -133.437  -400.575  
406.452  136.137  -674.808  1207.38  -1723.06  2219.92  -2687.63  3124.8  -3521.85  3878.24  -4185.41  4443.86  -4646.3  4794.46  -4882.4  4913.22  -4882.4  4794.46  -4646.3  4443.86  -4185.41  3878.24  -3521.85  3124.8  -2687.63  2219.92  -1723.06  1207.38  -674.808  136.137  406.452  
-405.64  -135.149  676.322  -1207.16  1725.22  -2220.13  2689.9  -3124.78  3523.53  -3877.36  4186  -4441.83  4645.76  -4791.46  4881.14  -4909.84  4881.14  -4791.46  4645.76  -4441.83  4186  -3877.36  3523.53  -3124.78  2689.9  -2220.13  1725.22  -1207.16  676.322  -135.149  -405.64  
402.435  134.728  -668.396  1195.76  -1706.49  2198.09  -2660.75  3092.61  -3484.73  3836.12  -4138.93  4393.29  -4592.58  4738.15  -4824.7  4854.87  -4824.7  4738.15  -4592.58  4393.29  -4138.93  3836.12  -3484.73  3092.61  -2660.75  2198.09  -1706.49  1195.76  -668.396  134.728  402.435  
-392.981  -130.943  655.171  -1169.57  1671.26  -2150.47  2604.83  -3025.31  3410.32  -3751.84  4049.28  -4295.81  4492  -4632.26  4718.4  -4746.1  4718.4  -4632.26  4492  -4295.81  4049.28  -3751.84  3410.32  -3025.31  2604.83  -2150.47  1671.26  -1169.57  655.171  -130.943  -392.981  
381.131  127.546  -633.211  1132.72  -1616.51  2081.79  -2519.55  2927.7  -3298.12  3629.62  -3915.19  4154.73  -4342.41  4479.29  -4560.77  4589.06  -4560.77  4479.29  -4342.41  4154.73  -3915.19  3629.62  -3298.12  2927.7  -2519.55  2081.79  -1616.51  1132.72  -633.211  127.546  381.131  
-363.648  -121.171  606.259  -1082.38  1546.47  -1989.71  2409.57  -2797.95  3153.16  -3468.08  3742.03  -3969.01  4149.42  -4278.44  4357.54  -4383.05  4357.54  -4278.44  4149.42  -3969.01  3742.03  -3468.08  3153.16  -2797.95  2409.57  -1989.71  1546.47  -1082.38  606.259  -121.171  -363.648  
343.923  115.057  -571.541  1022.36  -1458.98  1878.61  -2273.3  2640.92  -2974.4  3272.5  -3529.2  3744.26  -3912.75  4035.49  -4108.59  4133.91  -4108.59  4035.49  -3912.75  3744.26  -3529.2  3272.5  -2974.4  2640.92  -2273.3  1878.61  -1458.98  1022.36  -571.541  115.057  343.923  
-319.326  -106.401  532.374  -950.555  1358  -1747.06  2115.31  -2455.81  2766.92  -3042.62  3282.18  -3480.62  3638.18  -3750.86  3819.86  -3842.16  3819.86  -3750.86  3638.18  -3480.62  3282.18  -3042.62  2766.92  -2455.81  2115.31  -1747.06  1358  -950.555  532.374  -106.401  -319.326  
292.762  97.9162  -486.621  870.429  -1242.15  1599.2  -1934.93  2247.37  -2530.67  2783.69  -3001.46  3183.74  -3326.53  3430.44  -3492.37  3513.76  -3492.37  3430.44  -3326.53  3183.74  -3001.46  2783.69  -2530.67  2247.37  -1934.93  1599.2  -1242.15  870.429  -486.621  97.9162  292.762  
-262.193  -87.361  437.136  -780.564  1115.06  -1434.41  1736.49  -2015.71  2270.61  -2496.41  2692.45  -2854.78  2983.56  -3075.67  3132.02  -3150.26  3132.02  -3075.67  2983.56  -2854.78  2692.45  -2496.41  2270.61  -2015.71  1736.49  -1434.41  1115.06  -780.564  437.136  -87.361  -262.193  
230.022  76.917  -382.398  683.994  -976.082  1256.52  -1520.14  1765.33  -1987.56  2185.88  -2356.53  2499.25  -2611.03  2692.32  -2740.78  2757.5  -2740.78  2692.32  -2611.03  2499.25  -2356.53  2185.88  -1987.56  1765.33  -1520.14  1256.52  -976.082  683.994  -382.398  76.917  230.022  
-194.792  -64.9007  324.772  -579.954  828.441  -1065.64  1289.91  -1497.13  1686.21  -1853.63  1998.9  -2119.16  2214.5  -2282.69  2324.38  -2337.89  2324.38  -2282.69  2214.5  -2119.16  1998.9  -1853.63  1686.21  -1497.13  1289.91  -1065.64  828.441  -579.954  324.772  -64.9007  -194.792  
158.381  52.9532  -263.329  471.013  -672.143  865.195  -1046.63  1215.3  -1368.14  1504.46  -1621.72  1719.75  -1796.51  1852.3  -1885.57  1897.03  -1885.57  1852.3  -1796.51  1719.75  -1621.72  1504.46  -1368.14  1215.3  -1046.63  865.195  -672.143  471.013  -263.329  52.9532  158.381  
-119.906  -39.9491  199.922  -357.019  509.97  -655.957  793.943  -921.419  1037.68  -1140.61  1229.87  -1303.75  1362.3  -1404.18  1429.77  -1438.06  1429.77  -1404.18  1362.3  -1303.75  1229.87  -1140.61  1037.68  -921.419  793.943  -655.957  509.97  -357.019  199.922  -39.9491  -119.906  
80.7106  26.9825  -134.202  240.044  -342.544  440.91  -533.345  619.255  -697.083  766.481  -826.165  876.042  -915.096  943.472  -960.394  966.223  -960.394  943.472  -915.096  876.042  -826.165  766.481  -697.083  619.255  -533.345  440.91  -342.544  240.044  -134.202  26.9825  80.7106  
-40.4764  -13.4853  67.4881  -120.522  172.152  -221.429  267.998  -311.015  350.24  -384.961  415.066  -439.982  459.723  -473.843  482.468  -485.266  482.468  -473.843  459.723  -439.982  415.066  -384.961  350.24  -311.015  267.998  -221.429  172.152  -120.522  67.4881  -13.4853  -40.4764  
0  0  0  0  0  0  0  0  0  0  0  0  0  0  0  0  0  0  0  0  0  0  0  0  0  0  0  0  0  0  0  
