1  1  1  1  1  1  1  1  1  1  1  1  1  1  1  1  1  1  1  1  1  1  1  1  1  1  1  1  1  1  1  
-81.6312  -26.644  138.318  -244.465  351.641  -450.919  548.863  -636.586  720.708  -792.442  858.54  -910.4  954.995  -983.99  1004.66  -1009.01  1004.66  -983.99  954.995  -910.4  858.54  -792.442  720.708  -636.586  548.863  -450.919  351.641  -244.465  138.318  -26.644  -81.6312  
165.105  55.8148  -272.056  488.748  -696.043  899.064  -1088  1268.02  -1429.46  1577.69  -1703.3  1812.02  -1894.91  1958.2  -1993.55  2007.88  -1993.55  1958.2  -1894.91  1812.02  -1703.3  1577.69  -1429.46  1268.02  -1088  899.064  -696.043  488.748  -272.056  55.8148  165.105  
-242.794  -80.5587  406.148  -723.234  1035.52  -1332.28  1617.25  -1879.83  2123.93  -2339.26  2530.15  -2686.84  2814.32  -2903.61  2960.59  -2977.29  2960.59  -2903.61  2814.32  -2686.84  2530.15  -2339.26  2123.93  -1879.83  1617.25  -1332.28  1035.52  -723.234  406.148  -80.5587  -242.794  
321.078  107.906  -531.612  952.372  -1358.57  1752.55  -2122.77  2471.72  -2788.16  3074.95  -3321.43  3531.15  -3694.34  3815.58  -3886.26  3912.24  -3886.26  3815.58  -3694.34  3531.15  -3321.43  3074.95  -2788.16  2471.72  -2122.77  1752.55  -1358.57  952.372  -531.612  107.906  321.078  
-391.926  -130.444  654.003  -1166.31  1668.34  -2147.69  2605.44  -3029.42  3421.03  -3768.66  4074.38  -4327.47  4531.07  -4675.75  4766.05  -4794.08  4766.05  -4675.75  4531.07  -4327.47  4074.38  -3768.66  3421.03  -3029.42  2605.44  -2147.69  1668.34  -1166.31  654.003  -130.444  -391.926  
461.315  154.726  -765.04  1369.31  -1954.32  2519.79  -3052.69  3553  -4008.17  4418.79  -4773.15  5072.9  -5307.62  5480.41  -5582.52  5618.83  -5582.52  5480.41  -5307.62  5072.9  -4773.15  4418.79  -4008.17  3553  -3052.69  2519.79  -1954.32  1369.31  -765.04  154.726  461.315  
-521.868  -173.903  869.992  -1552.45  2219.72  -2857.96  3465.81  -4029.83  4549.19  -5011.2  5416.01  -5752.19  6021.29  -6213.59  6332.49  -6370.28  6332.49  -6213.59  6021.29  -5752.19  5416.01  -5011.2  4549.19  -4029.83  3465.81  -2857.96  2219.72  -1552.45  869.992  -173.903  -521.868  
579.21  194.066  -961.364  1719.95  -2455.24  3164.64  -3833.88  4460.76  -5031.72  5545.42  -5989.46  6363.84  -6657.8  6873.18  -7001.27  7046.09  -7001.27  6873.18  -6657.8  6363.84  -5989.46  5545.42  -5031.72  4460.76  -3833.88  3164.64  -2455.24  1719.95  -961.364  194.066  579.21  
-626.661  -208.944  1044.21  -1863.94  2664.36  -3430.49  4158.87  -4835.11  5456.5  -6009.7  6493.23  -6895.3  7216.19  -7446.12  7587.55  -7633.06  7587.55  -7446.12  7216.19  -6895.3  6493.23  -6009.7  5456.5  -4835.11  4158.87  -3430.49  2664.36  -1863.94  1044.21  -208.944  -626.661  
669.526  224.176  -1111.87  1988.72  -2839.14  3658.51  -4431.71  5154.76  -5813.47  6404.97  -6916.51  7346.84  -7685.14  7932.28  -8079.77  8130.89  -8079.77  7932.28  -7685.14  7346.84  -6916.51  6404.97  -5813.47  5154.76  -4431.71  3658.51  -2839.14  1988.72  -1111.87  224.176  669.526  
-701.852  -234.08  1169.24  -2087.56  2983.39  -3841  4655.25  -5411.2  6104.69  -6722.1  7260.76  -7708.86  8065.72  -8321.79  8478.77  -8529.66  8478.77  -8321.79  8065.72  -7708.86  7260.76  -6722.1  6104.69  -5411.2  4655.25  -3841  2983.39  -2087.56  1169.24  -234.08  -701.852  
728.635  243.846  -1210.52  2164.84  -3090.61  3981.63  -4822.36  5607.45  -6322.54  6963.61  -7518  7983.55  -8349.72  8616.64  -8776.27  8831.27  -8776.27  8616.64  -8349.72  7983.55  -7518  6963.61  -6322.54  5607.45  -4822.36  3981.63  -3090.61  2164.84  -1210.52  243.846  728.635  
-744.662  -248.387  1240.44  -2215  3164.99  -4074.39  4936.8  -5737.21  6470.43  -7123  7691.43  -8164.28  8540.22  -8810.18  8975.27  -9029.05  8975.27  -8810.18  8540.22  -8164.28  7691.43  -7123  6470.43  -5737.21  4936.8  -4074.39  3164.99  -2215  1240.44  -248.387  -744.662  
754.615  252.439  -1254.09  2242.54  -3201.47  4123.58  -4993.38  5804.61  -6543.15  7204.31  -7775.86  8255.1  -8632.07  8906.42  -9070.68  9127.04  -9070.68  8906.42  -8632.07  8255.1  -7775.86  7204.31  -6543.15  5804.61  -4993.38  4123.58  -3201.47  2242.54  -1254.09  252.439  754.615  
-754.014  -251.512  1255.99  -2243.02  3204.59  -4124.87  4996.7  -5805.46  6545.38  -7203.55  7776.08  -8252.2  8630.2  -8901.72  9067.47  -9121.64  9067.47  -8901.72  8630.2  -8252.2  7776.08  -7203.55  6545.38  -5805.46  4996.7  -4124.87  3204.59  -2243.02  1255.99  -251.512  -754.014  
747.21  249.878  -1242.12  2221.01  -3170.63  4083.07  -4943.39  5744.88  -6474.12  7126.13  -7689.47  8161.21  -8532.22  8801.87  -8963.44  9018.71  -8963.44  8801.87  -8532.22  8161.21  -7689.47  7126.13  -6474.12  5744.88  -4943.39  4083.07  -3170.63  2221.01  -1242.12  249.878  747.21  
-730.439  -243.64  1216.76  -2173.14  3104.39  -3995.4  4838.74  -5620.62  6335.13  -6970.31  7522.15  -7980.87  8344.61  -8605.91  8765.21  -8817.38  8765.21  -8605.91  8344.61  -7980.87  7522.15  -6970.31  6335.13  -5620.62  4838.74  -3995.4  3104.39  -2173.14  1216.76  -243.64  -730.439  
707.689  236.594  -1176.69  2103.96  -3003.41  3867.08  -4681.03  5438.57  -6127.39  6742.56  -7273.75  7718.08  -8067.42  8321.04  -8473.07  8524.96  -8473.07  8321.04  -8067.42  7718.08  -7273.75  6742.56  -6127.39  5438.57  -4681.03  3867.08  -3003.41  2103.96  -1176.69  236.594  707.689  
-675.889  -225.429  1125.95  -2011.1  2872.63  -3696.69  4476.04  -5198.19  5857.44  -6443.12  6951.41  -7373.71  7708.25  -7948.54  8094.87  -8142.88  8094.87  -7948.54  7708.25  -7373.71  6951.41  -6443.12  5857.44  -5198.19  4476.04  -3696.69  2872.63  -2011.1  1125.95  -225.429  -675.889  
638.625  213.451  -1062.07  1898.98  -2710.7  3489.68  -4223.49  4905.86  -5525.95  6079.18  -6556.62  6955.59  -7269.16  7496.61  -7632.99  7679.46  -7632.99  7496.61  -7269.16  6955.59  -6556.62  6079.18  -5525.95  4905.86  -4223.49  3489.68  -2710.7  1898.98  -1062.07  213.451  638.625  
-593.491  -197.931  988.748  -1766.15  2522.55  -3245.85  3929.43  -4562.52  5139.96  -5652.65  6097.2  -6466.35  6758.54  -6968.38  7096.07  -7138  7096.07  -6968.38  6758.54  -6466.35  6097.2  -5652.65  5139.96  -4562.52  3929.43  -3245.85  2522.55  -1766.15  988.748  -197.931  -593.491  
543.639  181.666  -904.252  1616.8  -2307.83  2970.67  -3594.82  4174.81  -4701.57  5171.14  -5576.17  5914.35  -6180.06  6372.65  -6488.14  6527.44  -6488.14  6372.65  -6180.06  5914.35  -5576.17  5171.14  -4701.57  4174.81  -3594.82  2970.67  -2307.83  1616.8  -904.252  181.666  543.639  
-487.295  -162.502  811.88  -1450.29  2071.29  -2664.97  3225.75  -3744.86  4218.01  -4637.89  5001.68  -5303.65  5542.49  -5713.99  5818.28  -5852.56  5818.28  -5713.99  5542.49  -5303.65  5001.68  -4637.89  4218.01  -3744.86  3225.75  -2664.97  2071.29  -1450.29  811.88  -162.502  -487.295  
427.144  142.714  -710.575  1270.51  -1813.48  2334.12  -2824.21  3279.36  -3692.55  4060.64  -4377.99  4642.8  -4850.79  5001.47  -5091.82  5122.55  -5091.82  5001.47  -4850.79  4642.8  -4377.99  4060.64  -3692.55  3279.36  -2824.21  2334.12  -1813.48  1270.51  -710.575  142.714  427.144  
-362.021  -120.717  603.194  -1077.55  1538.88  -1979.83  2396.17  -2781.43  3132.4  -3443.72  3713.3  -3936.99  4113.83  -4240.79  4317.95  -4343.33  4317.95  -4240.79  4113.83  -3936.99  3713.3  -3443.72  3132.4  -2781.43  2396.17  -1979.83  1538.88  -1077.55  603.194  -120.717  -362.021  
294.111  98.2545  -489.316  874.902  -1248.79  1607.19  -1944.49  2257.61  -2541.76  2794.79  -3012.86  3194.74  -3337.56  3440.99  -3503.01  3524.09  -3503.01  3440.99  -3337.56  3194.74  -3012.86  2794.79  -2541.76  2257.61  -1944.49  1607.19  -1248.79  874.902  -489.316  98.2545  294.111  
-222.844  -74.3043  371.314  -663.337  947.304  -1218.69  1474.85  -1711.84  1927.66  -2119.03  2284.69  -2422.12  2530.72  -2608.68  2656.05  -2671.63  2656.05  -2608.68  2530.72  -2422.12  2284.69  -2119.03  1927.66  -1711.84  1474.85  -1218.69  947.304  -663.337  371.314  -74.3043  -222.844  
149.88  50.0671  -249.371  445.88  -636.417  819.038  -990.876  1150.36  -1295.06  1423.87  -1534.86  1627.4  -1700.07  1752.67  -1784.22  1794.94  -1784.22  1752.67  -1700.07  1627.4  -1534.86  1423.87  -1295.06  1150.36  -990.876  819.038  -636.417  445.88  -249.371  50.0671  149.88  
-75.2246  -25.082  125.346  -223.928  319.785  -411.387  497.842  -577.814  650.626  -715.186  771.058  -817.402  854.019  -880.305  896.274  -901.527  896.274  -880.305  854.019  -817.402  771.058  -715.186  650.626  -577.814  497.842  -411.387  319.785  -223.928  125.346  -25.082  -75.2246  
0  0  0  0  0  0  0  0  0  0  0  0  0  0  0  0  0  0  0  0  0  0  0  0  0  0  0  0  0  0  0  
