1  1  1  1  1  1  1  1  1  1  1  1  1  1  1  1  1  1  1  1  1  1  1  1  1  1  1  1  1  1  1  
-152.48  -50.3278  256.128  -454.983  652.428  -838.52  1018.82  -1183.44  1338.06  -1472.98  1594.12  -1692.12  1773.31  -1828.83  1865.57  -1875.3  1865.57  -1828.83  1773.31  -1692.12  1594.12  -1472.98  1338.06  -1183.44  1018.82  -838.52  652.428  -454.983  256.128  -50.3278  -152.48  
305.92  102.887  -506.212  907.165  -1293.87  1669.43  -2022.02  2354.86  -2656.37  2930.14  -3165.09  3365.47  -3521.05  3637.02  -3704.31  3729.33  -3704.31  3637.02  -3521.05  3365.47  -3165.09  2930.14  -2656.37  2354.86  -2022.02  1669.43  -1293.87  907.165  -506.212  102.887  305.92  
-451.824  -150.432  753.743  -1344.36  1922.96  -2475.81  3003.66  -3493  3944.94  -4346.52  4699.6  -4992.23  5227.5  -5394.93  5499.25  -5531.8  5499.25  -5394.93  5227.5  -4992.23  4699.6  -4346.52  3944.94  -3493  3003.66  -2475.81  1922.96  -1344.36  753.743  -150.432  -451.824  
595.733  199.713  -988.345  1768.52  -2524.62  3255.04  -3944.31  4591.08  -5180.42  5711.72  -6171.09  6559.23  -6863.87  7087.62  -7220.41  7267.19  -7220.41  7087.62  -6863.87  6559.23  -6171.09  5711.72  -5180.42  4591.08  -3944.31  3255.04  -2524.62  1768.52  -988.345  199.713  595.733  
-728.818  -243.051  1214.25  -2167.42  3098.63  -3990.58  4839.52  -5628.59  6354.68  -7001.91  7568.43  -8040.03  8416.86  -8687.05  8853.38  -8906.88  8853.38  -8687.05  8416.86  -8040.03  7568.43  -7001.91  6354.68  -5628.59  4839.52  -3990.58  3098.63  -2167.42  1214.25  -243.051  -728.818  
856.312  286.749  -1421.94  2543.13  -3631.31  4680.43  -5671.79  6599.88  -7446.83  8208.28  -8867.97  9423.46  -9860.87  10180.5  -10371.6  10437.7  -10371.6  10180.5  -9860.87  9423.46  -8867.97  8208.28  -7446.83  6599.88  -5671.79  4680.43  -3631.31  2543.13  -1421.94  286.749  856.312  
-970.161  -323.732  1615.56  -2884.71  4123  -5310.01  6437.93  -7487.05  8450.56  -9310.18  10060.9  -10686.7  11185.4  -11543.9  11763.5  -11835  11763.5  -11543.9  11185.4  -10686.7  10060.9  -9310.18  8450.56  -7487.05  6437.93  -5310.01  4123  -2884.71  1615.56  -323.732  -970.161  
1075.39  359.888  -1786.6  3194.58  -4561.85  5878.46  -7122.98  8286.31  -9348.26  10301.3  -11127.5  11821.7  -12369.1  12768  -13007.2  13089.2  -13007.2  12768  -12369.1  11821.7  -11127.5  10301.3  -9348.26  8286.31  -7122.98  5878.46  -4561.85  3194.58  -1786.6  359.888  1075.39  
-1164.78  -388.773  1939.26  -3463.33  4949.1  -6373.57  7725.51  -8982.99  10136.2  -11165.1  12062.1  -12810.3  13405.2  -13833.6  14095.1  -14180.8  14095.1  -13833.6  13405.2  -12810.3  12062.1  -11165.1  10136.2  -8982.99  7725.51  -6373.57  4949.1  -3463.33  1939.26  -388.773  -1164.78  
1243.22  415.88  -2066.15  3693.96  -5274.97  6795.99  -8233.55  9575.64  -10800.5  11898.2  -12849.7  13648  -14277.6  14735.6  -15010.7  15104.5  -15010.7  14735.6  -14277.6  13648  -12849.7  11898.2  -10800.5  9575.64  -8233.55  6795.99  -5274.97  3693.96  -2066.15  415.88  1243.22  
-1304.41  -435.413  2171.59  -3878.7  5541.82  -7136.14  8647.71  -10053.2  11340.4  -12488.5  13488.1  -14321.6  14983.5  -15460.3  15750.8  -15846.4  15750.8  -15460.3  14983.5  -14321.6  13488.1  -12488.5  11340.4  -10053.2  8647.71  -7136.14  5541.82  -3878.7  2171.59  -435.413  -1304.41  
1353.09  452.478  -2249.36  4021.19  -5742.07  7396.32  -8959.22  10416.7  -11746.2  12936.1  -13967  14830.9  -15512.1  16007  -16304.5  16405.7  -16304.5  16007  -15512.1  14830.9  -13967  12936.1  -11746.2  10416.7  -8959.22  7396.32  -5742.07  4021.19  -2249.36  452.478  1353.09  
-1383.89  -461.936  2303.92  -4115.39  5879.25  -7569.66  9170.82  -10658.7  12019.9  -13233.2  14288.2  -15167.6  15865.1  -16367.5  16673.3  -16774.1  16673.3  -16367.5  15865.1  -15167.6  14288.2  -13233.2  12019.9  -10658.7  9170.82  -7569.66  5879.25  -4115.39  2303.92  -461.936  -1383.89  
1401.41  468.499  -2330.24  4165.59  -5947.97  7660.09  -9276.88  10783  -12155.9  13383.3  -14446  15335.4  -16036.6  16545.4  -16851.4  16955.2  -16851.4  16545.4  -16036.6  15335.4  -14446  13383.3  -12155.9  10783  -9276.88  7660.09  -5947.97  4165.59  -2330.24  468.499  1401.41  
-1401.2  -467.685  2332.87  -4167.4  5952.86  -7663.38  9282.15  -10785.5  12159.2  -13382.8  14445.5  -15330.9  16032.3  -16537.5  16844.6  -16946.1  16844.6  -16537.5  16032.3  -15330.9  14445.5  -13382.8  12159.2  -10785.5  9282.15  -7663.38  5952.86  -4167.4  2332.87  -467.685  -1401.2  
1387.71  463.798  -2307.94  4125.65  -5890.61  7584.89  -9183.94  10672.1  -12027.6  13238.1  -14285.4  15161  -15851.1  16351.2  -16652.2  16754.1  -16652.2  16351.2  -15851.1  15161  -14285.4  13238.1  -12027.6  10672.1  -9183.94  7584.89  -5890.61  4125.65  -2307.94  463.798  1387.71  
-1357.35  -453.003  2260.04  -4037.52  5766.77  -7422.8  8988.75  -10442  11768.7  -12949.4  13973.9  -14826.8  15501.8  -15987.9  16283.1  -16380.8  16283.1  -15987.9  15501.8  -14826.8  13973.9  -12949.4  11768.7  -10442  8988.75  -7422.8  5766.77  -4037.52  2260.04  -453.003  -1357.35  
1314.35  439.176  -2186.35  3908.26  -5579.92  7183.68  -8696.49  10103.1  -11383.5  12525.6  -13513.1  14337.9  -14987.5  15458  -15741.1  15836.9  -15741.1  15458  -14987.5  14337.9  -13513.1  12525.6  -11383.5  10103.1  -8696.49  7183.68  -5579.92  3908.26  -2186.35  439.176  1314.35  
-1255.95  -419.114  2091.4  -3736.43  5336.28  -6867.82  8315  -9657.21  10881.3  -11970  12913.6  -13698.8  14319.6  -14766.6  15037.9  -15127.7  15037.9  -14766.6  14319.6  -13698.8  12913.6  -11970  10881.3  -9657.21  8315  -6867.82  5336.28  -3736.43  2091.4  -419.114  -1255.95  
1186.11  396.242  -1973.35  3527.52  -5036.08  6482.64  -7846.45  9113.54  -10266.1  11293.3  -12180.8  12921.4  -13504.5  13926.5  -14180.4  14266.2  -14180.4  13926.5  -13504.5  12921.4  -12180.8  11293.3  -10266.1  9113.54  -7846.45  6482.64  -5036.08  3527.52  -1973.35  396.242  1186.11  
-1102.82  -367.972  1836.57  -3281.32  4685.98  -6030.21  7299.61  -8476.25  9548.46  -10501.4  11326.8  -12013.1  12555.4  -12945.7  13182.4  -13260.8  13182.4  -12945.7  12555.4  -12013.1  11326.8  -10501.4  9548.46  -8476.25  7299.61  -6030.21  4685.98  -3281.32  1836.57  -367.972  -1102.82  
1009.7  337.252  -1680.1  3003.36  -4287.58  5518.5  -6678.48  7755.49  -8734.53  9606.43  -10359.3  10987.1  -11481.2  11838.5  -12053.5  12126.1  -12053.5  11838.5  -11481.2  10987.1  -10359.3  9606.43  -8734.53  7755.49  -6678.48  5518.5  -4287.58  3003.36  -1680.1  337.252  1009.7  
-905.477  -302.094  1508.06  -2694.48  3847.72  -4951.03  5992.41  -6957.19  7835.77  -8616.19  9291.63  -9853  10296.3  -10615.3  10808.7  -10872.7  10808.7  -10615.3  10296.3  -9853  9291.63  -8616.19  7835.77  -6957.19  5992.41  -4951.03  3847.72  -2694.48  1508.06  -302.094  -905.477  
793.344  264.947  -1320.24  2360.1  -3369.16  4336.02  -5246.83  6092.03  -6859.97  7543.45  -8133.34  8624.95  -9011.68  9291.27  -9459.46  9516.21  -9459.46  9291.27  -9011.68  8624.95  -8133.34  7543.45  -6859.97  6092.03  -5246.83  4336.02  -3369.16  2360.1  -1320.24  264.947  793.344  
-672.69  -224.41  1120.43  -2001.96  2858.7  -3678.16  4451.31  -5167.33  5819.04  -6397.68  6898.21  -7314.05  7642.29  -7878.42  8021.51  -8068.92  8021.51  -7878.42  7642.29  -7314.05  6898.21  -6397.68  5819.04  -5167.33  4451.31  -3678.16  2858.7  -2001.96  1120.43  -224.41  -672.69  
546.264  182.413  -909.142  1625.22  -2320.04  2985.63  -3612.47  4193.94  -4722.05  5191.88  -5597.22  5934.88  -6200.44  6392.35  -6507.79  6546.73  -6507.79  6392.35  -6200.44  5934.88  -5597.22  5191.88  -4722.05  4193.94  -3612.47  2985.63  -2320.04  1625.22  -909.142  182.413  546.264  
-414.076  -138.128  689.717  -1232.4  1759.76  -2264.09  2739.81  -3180.25  3581  -3936.7  4244.28  -4499.75  4701.34  -4846.34  4934.18  -4963.29  4934.18  -4846.34  4701.34  -4499.75  4244.28  -3936.7  3581  -3180.25  2739.81  -2264.09  1759.76  -1232.4  689.717  -138.128  -414.076  
278.379  92.9522  -463.327  828.271  -1182.36  1521.5  -1840.85  2137.01  -2405.94  2645.12  -2851.43  3023.24  -3158.34  3255.96  -3314.68  3334.48  -3314.68  3255.96  -3158.34  3023.24  -2851.43  2645.12  -2405.94  2137.01  -1840.85  1521.5  -1182.36  828.271  -463.327  92.9522  278.379  
-139.778  -46.6256  232.831  -416.03  594.048  -764.281  924.833  -1073.46  1208.67  -1328.66  1432.4  -1518.55  1586.52  -1635.41  1665.02  -1674.83  1665.02  -1635.41  1586.52  -1518.55  1432.4  -1328.66  1208.67  -1073.46  924.833  -764.281  594.048  -416.03  232.831  -46.6256  -139.778  
0  0  0  0  0  0  0  0  0  0  0  0  0  0  0  0  0  0  0  0  0  0  0  0  0  0  0  0  0  0  0  
