1  1  1  1  1  1  1  1  1  1  1  1  1  1  1  1  1  1  1  1  1  1  1  1  1  1  1  1  1  1  1  
5.6395e+06  1.88522e+06  -9.37764e+06  1.6757e+07  -2.39424e+07  3.08528e+07  -3.74079e+07  4.35293e+07  -4.91407e+07  5.41703e+07  -5.85514e+07  6.2224e+07  -6.51369e+07  6.72484e+07  -6.85278e+07  6.89564e+07  -6.85278e+07  6.72484e+07  -6.51369e+07  6.2224e+07  -5.85514e+07  5.41703e+07  -4.91407e+07  4.35293e+07  -3.74079e+07  3.08528e+07  -2.39424e+07  1.6757e+07  -9.37764e+06  1.88522e+06  5.6395e+06  
-1.12087e+07  -3.74689e+06  1.86386e+07  -3.33057e+07  4.75866e+07  -6.13203e+07  7.43473e+07  -8.65112e+07  9.7661e+07  -1.07654e+08  1.16357e+08  -1.23653e+08  1.29439e+08  -1.33633e+08  1.36174e+08  -1.37026e+08  1.36174e+08  -1.33633e+08  1.29439e+08  -1.23653e+08  1.16357e+08  -1.07654e+08  9.7661e+07  -8.65112e+07  7.43473e+07  -6.13203e+07  4.75866e+07  -3.33057e+07  1.86386e+07  -3.74689e+06  -1.12087e+07  
1.66386e+07  5.56189e+06  -2.76683e+07  4.94408e+07  -7.06392e+07  9.10237e+07  -1.10357e+08  1.28408e+08  -1.44951e+08  1.59776e+08  -1.72686e+08  1.83507e+08  -1.92088e+08  1.98307e+08  -2.02075e+08  2.03337e+08  -2.02075e+08  1.98307e+08  -1.92088e+08  1.83507e+08  -1.72686e+08  1.59776e+08  -1.44951e+08  1.28408e+08  -1.10357e+08  9.10237e+07  -7.06392e+07  4.94408e+07  -2.76683e+07  5.56189e+06  1.66386e+07  
-2.18623e+07  -7.30782e+06  3.63556e+07  -6.49643e+07  9.28167e+07  -1.19597e+08  1.44993e+08  -1.68699e+08  1.90422e+08  -2.09885e+08  2.26831e+08  -2.41032e+08  2.52292e+08  -2.60452e+08  2.65396e+08  -2.67051e+08  2.65396e+08  -2.60452e+08  2.52292e+08  -2.41032e+08  2.26831e+08  -2.09885e+08  1.90422e+08  -1.68699e+08  1.44993e+08  -1.19597e+08  9.28167e+07  -6.49643e+07  3.63556e+07  -7.30782e+06  -2.18623e+07  
2.68163e+07  8.96343e+06  -4.45951e+07  7.96876e+07  -1.1385e+08  1.46692e+08  -1.77831e+08  2.06892e+08  -2.33516e+08  2.57364e+08  -2.78124e+08  2.95517e+08  -3.09305e+08  3.19296e+08  -3.25348e+08  3.27375e+08  -3.25348e+08  3.19296e+08  -3.09305e+08  2.95517e+08  -2.78124e+08  2.57364e+08  -2.33516e+08  2.06892e+08  -1.77831e+08  1.46692e+08  -1.1385e+08  7.96876e+07  -4.45951e+07  8.96343e+06  2.68163e+07  
-3.14414e+07  -1.05089e+07  5.22886e+07  -9.34353e+07  1.33487e+08  -1.71985e+08  2.08479e+08  -2.42529e+08  2.73714e+08  -3.01641e+08  3.25944e+08  -3.46301e+08  3.62435e+08  -3.74124e+08  3.81203e+08  -3.83574e+08  3.81203e+08  -3.74124e+08  3.62435e+08  -3.46301e+08  3.25944e+08  -3.01641e+08  2.73714e+08  -2.42529e+08  2.08479e+08  -1.71985e+08  1.33487e+08  -9.34353e+07  5.22886e+07  -1.05089e+07  -3.14414e+07  
3.56837e+07  1.19262e+07  -5.93463e+07  1.06047e+08  -1.515e+08  1.95181e+08  -2.36578e+08  2.75191e+08  -3.10546e+08  3.42195e+08  -3.69729e+08  3.92786e+08  -4.11055e+08  4.24288e+08  -4.32302e+08  4.34986e+08  -4.32302e+08  4.24288e+08  -4.11055e+08  3.92786e+08  -3.69729e+08  3.42195e+08  -3.10546e+08  2.75191e+08  -2.36578e+08  1.95181e+08  -1.515e+08  1.06047e+08  -5.93463e+07  1.19262e+07  3.56837e+07  
-3.94952e+07  -1.31993e+07  6.56883e+07  -1.1738e+08  1.67684e+08  -2.16017e+08  2.6181e+08  -3.04511e+08  3.43593e+08  -3.78567e+08  4.08983e+08  -4.34445e+08  4.54614e+08  -4.6922e+08  4.78065e+08  -4.81026e+08  4.78065e+08  -4.6922e+08  4.54614e+08  -4.34445e+08  4.08983e+08  -3.78567e+08  3.43593e+08  -3.04511e+08  2.6181e+08  -2.16017e+08  1.67684e+08  -1.1738e+08  6.56883e+07  -1.31993e+07  -3.94952e+07  
4.28341e+07  1.43142e+07  -7.12454e+07  1.2731e+08  -1.81863e+08  2.34267e+08  -2.83901e+08  3.30168e+08  -3.72498e+08  4.10363e+08  -4.43281e+08  4.70828e+08  -4.92642e+08  5.08435e+08  -5.17997e+08  5.21198e+08  -5.17997e+08  5.08435e+08  -4.92642e+08  4.70828e+08  -4.43281e+08  4.10363e+08  -3.72498e+08  3.30168e+08  -2.83901e+08  2.34267e+08  -1.81863e+08  1.2731e+08  -7.12454e+07  1.43142e+07  4.28341e+07  
-4.5666e+07  -1.52595e+07  7.596e+07  -1.35735e+08  1.9389e+08  -2.49741e+08  3.02623e+08  -3.51898e+08  3.96963e+08  -4.37258e+08  4.72273e+08  -5.01564e+08  5.24752e+08  -5.41536e+08  5.51695e+08  -5.55096e+08  5.51695e+08  -5.41536e+08  5.24752e+08  -5.01564e+08  4.72273e+08  -4.37258e+08  3.96963e+08  -3.51898e+08  3.02623e+08  -2.49741e+08  1.9389e+08  -1.35735e+08  7.596e+07  -1.52595e+07  -4.5666e+07  
4.79633e+07  1.60259e+07  -7.97862e+07  1.42573e+08  -2.03649e+08  2.6229e+08  -3.17796e+08  3.69496e+08  -4.16758e+08  4.58998e+08  -4.95689e+08  5.26369e+08  -5.50649e+08  5.68217e+08  -5.7885e+08  5.82409e+08  -5.7885e+08  5.68217e+08  -5.50649e+08  5.26369e+08  -4.95689e+08  4.58998e+08  -4.16758e+08  3.69496e+08  -3.17796e+08  2.6229e+08  -2.03649e+08  1.42573e+08  -7.97862e+07  1.60259e+07  4.79633e+07  
-4.97062e+07  -1.66069e+07  8.26907e+07  -1.47764e+08  2.11054e+08  -2.71806e+08  3.2929e+08  -3.82811e+08  4.31715e+08  -4.75404e+08  5.13336e+08  -5.4504e+08  5.70122e+08  -5.88266e+08  5.99244e+08  -6.02919e+08  5.99244e+08  -5.88266e+08  5.70122e+08  -5.4504e+08  5.13336e+08  -4.75404e+08  4.31715e+08  -3.82811e+08  3.2929e+08  -2.71806e+08  2.11054e+08  -1.47764e+08  8.26907e+07  -1.66069e+07  -4.97062e+07  
5.08817e+07  1.69983e+07  -8.4652e+07  1.5127e+08  -2.16052e+08  2.78221e+08  -3.37024e+08  3.9175e+08  -4.41734e+08  4.86365e+08  -5.25098e+08  5.57459e+08  -5.8305e+08  6.01558e+08  -6.12754e+08  6.16501e+08  -6.12754e+08  6.01558e+08  -5.8305e+08  5.57459e+08  -5.25098e+08  4.86365e+08  -4.41734e+08  3.9175e+08  -3.37024e+08  2.78221e+08  -2.16052e+08  1.5127e+08  -8.4652e+07  1.69983e+07  5.08817e+07  
-5.14845e+07  -1.71982e+07  8.56607e+07  -1.53073e+08  2.18619e+08  -2.81503e+08  3.40963e+08  -3.96276e+08  4.46773e+08  -4.91842e+08  5.30937e+08  -5.63586e+08  5.89395e+08  -6.08055e+08  6.19341e+08  -6.23118e+08  6.19341e+08  -6.08055e+08  5.89395e+08  -5.63586e+08  5.30937e+08  -4.91842e+08  4.46773e+08  -3.96276e+08  3.40963e+08  -2.81503e+08  2.18619e+08  -1.53073e+08  8.56607e+07  -1.71982e+07  -5.14845e+07  
5.15157e+07  1.72071e+07  -8.57187e+07  1.53178e+08  -2.1876e+08  2.81662e+08  -3.41118e+08  3.96405e+08  -4.46855e+08  4.9186e+08  -5.30883e+08  5.63457e+08  -5.89198e+08  6.07803e+08  -6.19053e+08  6.22818e+08  -6.19053e+08  6.07803e+08  -5.89198e+08  5.63457e+08  -5.30883e+08  4.9186e+08  -4.46855e+08  3.96405e+08  -3.41118e+08  2.81662e+08  -2.1876e+08  1.53178e+08  -8.57187e+07  1.72071e+07  5.15157e+07  
-5.09834e+07  -1.70279e+07  8.48389e+07  -1.51608e+08  2.16509e+08  -2.78742e+08  3.37545e+08  -3.92203e+08  4.42056e+08  -4.86509e+08  5.25034e+08  -5.5718e+08  5.82573e+08  -6.00922e+08  6.12015e+08  -6.15727e+08  6.12015e+08  -6.00922e+08  5.82573e+08  -5.5718e+08  5.25034e+08  -4.86509e+08  4.42056e+08  -3.92203e+08  3.37545e+08  -2.78742e+08  2.16509e+08  -1.51608e+08  8.48389e+07  -1.70279e+07  -5.09834e+07  
4.99016e+07  1.66651e+07  -8.30444e+07  1.48403e+08  -2.11924e+08  2.72818e+08  -3.30337e+08  3.83781e+08  -4.32505e+08  4.75931e+08  -5.1355e+08  5.44927e+08  -5.69704e+08  5.87602e+08  -5.98421e+08  6.0204e+08  -5.98421e+08  5.87602e+08  -5.69704e+08  5.44927e+08  -5.1355e+08  4.75931e+08  -4.32505e+08  3.83781e+08  -3.30337e+08  2.72818e+08  -2.11924e+08  1.48403e+08  -8.30444e+07  1.66651e+07  4.99016e+07  
-4.82897e+07  -1.61254e+07  8.03675e+07  -1.43621e+08  2.05088e+08  -2.63999e+08  3.19627e+08  -3.71294e+08  4.18378e+08  -4.60325e+08  4.96646e+08  -5.26929e+08  5.50834e+08  -5.68097e+08  5.7853e+08  -5.8202e+08  5.7853e+08  -5.68097e+08  5.50834e+08  -5.26929e+08  4.96646e+08  -4.60325e+08  4.18378e+08  -3.71294e+08  3.19627e+08  -2.63999e+08  2.05088e+08  -1.43621e+08  8.03675e+07  -1.61254e+07  -4.82897e+07  
4.61725e+07  1.54171e+07  -7.68489e+07  1.37335e+08  -1.96105e+08  2.52419e+08  -3.05578e+08  3.54934e+08  -3.99895e+08  4.39932e+08  -4.74587e+08  5.03469e+08  -5.2626e+08  5.42715e+08  -5.52658e+08  5.55983e+08  -5.52658e+08  5.42715e+08  -5.2626e+08  5.03469e+08  -4.74587e+08  4.39932e+08  -3.99895e+08  3.54934e+08  -3.05578e+08  2.52419e+08  -1.96105e+08  1.37335e+08  -7.68489e+07  1.54171e+07  4.61725e+07  
-4.3579e+07  -1.455e+07  7.25369e+07  -1.2963e+08  1.85098e+08  -2.38237e+08  2.88384e+08  -3.34928e+08  3.7731e+08  -4.15037e+08  4.47679e+08  -4.74874e+08  4.96328e+08  -5.11813e+08  5.21168e+08  -5.24297e+08  5.21168e+08  -5.11813e+08  4.96328e+08  -4.74874e+08  4.47679e+08  -4.15037e+08  3.7731e+08  -3.34928e+08  2.88384e+08  -2.38237e+08  1.85098e+08  -1.2963e+08  7.25369e+07  -1.455e+07  -4.3579e+07  
4.05421e+07  1.35351e+07  -6.74861e+07  1.20606e+08  -1.72207e+08  2.21633e+08  -2.68264e+08  3.11529e+08  -3.50913e+08  3.85958e+08  -4.16269e+08  4.41514e+08  -4.61423e+08  4.7579e+08  -4.84468e+08  4.8737e+08  -4.84468e+08  4.7579e+08  -4.61423e+08  4.41514e+08  -4.16269e+08  3.85958e+08  -3.50913e+08  3.11529e+08  -2.68264e+08  2.21633e+08  -1.72207e+08  1.20606e+08  -6.74861e+07  1.35351e+07  4.05421e+07  
-3.70984e+07  -1.23845e+07  6.17571e+07  -1.10369e+08  1.57587e+08  -2.02805e+08  2.45457e+08  -2.85019e+08  3.2102e+08  -3.53045e+08  3.80734e+08  -4.03788e+08  4.21965e+08  -4.35078e+08  4.42999e+08  -4.45647e+08  4.42999e+08  -4.35078e+08  4.21965e+08  -4.03788e+08  3.80734e+08  -3.53045e+08  3.2102e+08  -2.85019e+08  2.45457e+08  -2.02805e+08  1.57587e+08  -1.10369e+08  6.17571e+07  -1.23845e+07  -3.70984e+07  
3.32869e+07  1.11114e+07  -5.5415e+07  9.90359e+07  -1.41402e+08  1.81969e+08  -2.20224e+08  2.55698e+08  -2.87971e+08  3.1667e+08  -3.41477e+08  3.62125e+08  -3.78401e+08  3.90141e+08  -3.97231e+08  3.99602e+08  -3.97231e+08  3.90141e+08  -3.78401e+08  3.62125e+08  -3.41477e+08  3.1667e+08  -2.87971e+08  2.55698e+08  -2.20224e+08  1.81969e+08  -1.41402e+08  9.90359e+07  -5.5415e+07  1.11114e+07  3.32869e+07  
-2.91493e+07  -9.72969e+06  4.8529e+07  -8.67305e+07  1.23831e+08  -1.59349e+08  1.92838e+08  -2.23886e+08  2.52124e+08  -2.77229e+08  2.98923e+08  -3.16976e+08  3.31204e+08  -3.41465e+08  3.4766e+08  -3.49732e+08  3.4766e+08  -3.41465e+08  3.31204e+08  -3.16976e+08  2.98923e+08  -2.77229e+08  2.52124e+08  -2.23886e+08  1.92838e+08  -1.59349e+08  1.23831e+08  -8.67305e+07  4.8529e+07  -9.72969e+06  -2.91493e+07  
2.4729e+07  8.25385e+06  -4.11716e+07  7.35822e+07  -1.05056e+08  1.35185e+08  -1.63588e+08  1.89915e+08  -2.13855e+08  2.35133e+08  -2.53516e+08  2.68811e+08  -2.80863e+08  2.89553e+08  -2.948e+08  2.96554e+08  -2.948e+08  2.89553e+08  -2.80863e+08  2.68811e+08  -2.53516e+08  2.35133e+08  -2.13855e+08  1.89915e+08  -1.63588e+08  1.35185e+08  -1.05056e+08  7.35822e+07  -4.11716e+07  8.25385e+06  2.4729e+07  
-2.00711e+07  -6.69891e+06  3.34178e+07  -5.9725e+07  8.52708e+07  -1.09723e+08  1.3277e+08  -1.5413e+08  1.73549e+08  -1.90807e+08  2.05713e+08  -2.18113e+08  2.27883e+08  -2.34926e+08  2.39179e+08  -2.406e+08  2.39179e+08  -2.34926e+08  2.27883e+08  -2.18113e+08  2.05713e+08  -1.90807e+08  1.73549e+08  -1.5413e+08  1.3277e+08  -1.09723e+08  8.52708e+07  -5.9725e+07  3.34178e+07  -6.69891e+06  -2.00711e+07  
1.52219e+07  5.08027e+06  -2.53446e+07  4.52968e+07  -6.46707e+07  8.32135e+07  -1.0069e+08  1.16884e+08  -1.31605e+08  1.44685e+08  -1.55982e+08  1.65378e+08  -1.7278e+08  1.78116e+08  -1.81337e+08  1.82414e+08  -1.81337e+08  1.78116e+08  -1.7278e+08  1.65378e+08  -1.55982e+08  1.44685e+08  -1.31605e+08  1.16884e+08  -1.0069e+08  8.32135e+07  -6.46707e+07  4.52968e+07  -2.53446e+07  5.08027e+06  1.52219e+07  
-1.02284e+07  -3.41362e+06  1.70307e+07  -3.0438e+07  4.34564e+07  -5.59156e+07  6.76572e+07  -7.85367e+07  8.84253e+07  -9.72108e+07  1.04798e+08  -1.11107e+08  1.16077e+08  -1.1966e+08  1.21823e+08  -1.22546e+08  1.21823e+08  -1.1966e+08  1.16077e+08  -1.11107e+08  1.04798e+08  -9.72108e+07  8.84253e+07  -7.85367e+07  6.76572e+07  -5.59156e+07  4.34564e+07  -3.0438e+07  1.70307e+07  -3.41362e+06  -1.02284e+07  
5.13837e+06  1.71485e+06  -8.55569e+06  1.52912e+07  -2.18311e+07  2.809e+07  -3.39881e+07  3.94529e+07  -4.44196e+07  4.8832e+07  -5.26422e+07  5.58108e+07  -5.83064e+07  6.01055e+07  -6.11914e+07  6.15544e+07  -6.11914e+07  6.01055e+07  -5.83064e+07  5.58108e+07  -5.26422e+07  4.8832e+07  -4.44196e+07  3.94529e+07  -3.39881e+07  2.809e+07  -2.18311e+07  1.52912e+07  -8.55569e+06  1.71485e+06  5.13837e+06  
0  0  0  0  0  0  0  0  0  0  0  0  0  0  0  0  0  0  0  0  0  0  0  0  0  0  0  0  0  0  0  
