1  1  1  1  1  1  1  1  1  1  1  1  1  1  1  1  1  1  1  1  1  1  1  1  1  1  1  1  1  1  1  
4.62234e+09  2.31526e+09  -4.606e+09  1.57751e+10  1.52965e+11  1.96709e+11  -1.03028e+12  -3.31072e+12  3.67078e+10  1.33991e+13  1.72462e+13  -1.01644e+13  -3.94881e+13  -3.23225e+13  -1.20818e+13  -6.05438e+12  -1.20818e+13  -3.23225e+13  -3.94881e+13  -1.01644e+13  1.72462e+13  1.33991e+13  3.67078e+10  -3.31072e+12  -1.03028e+12  1.96709e+11  1.52965e+11  1.57751e+10  -4.606e+09  2.31526e+09  4.62234e+09  
4.53408e+11  4.2645e+11  3.45578e+11  1.31564e+11  1.78716e+11  -1.0524e+12  -4.88508e+12  6.52732e+11  3.48297e+13  4.72644e+13  -7.36077e+13  -2.25533e+14  -1.14281e+14  1.62976e+14  2.7033e+14  2.63529e+14  2.7033e+14  1.62976e+14  -1.14281e+14  -2.25533e+14  -7.36077e+13  4.72644e+13  3.48297e+13  6.52732e+11  -4.88508e+12  -1.0524e+12  1.78716e+11  1.31564e+11  3.45578e+11  4.2645e+11  4.53408e+11  
-1.81999e+13  -1.38048e+13  -6.19244e+11  1.74708e+12  -2.30398e+11  -3.904e+12  1.03545e+12  4.57076e+13  6.52719e+13  -1.93335e+14  -5.64597e+14  -4.26805e+13  1.29982e+15  1.6085e+15  8.16621e+14  4.44332e+14  8.16621e+14  1.6085e+15  1.29982e+15  -4.26805e+13  -5.64597e+14  -1.93335e+14  6.52719e+13  4.57076e+13  1.03545e+12  -3.904e+12  -2.30398e+11  1.74708e+12  -6.19244e+11  -1.38048e+13  -1.81999e+13  
-8.3244e+13  -7.31596e+13  -4.29063e+13  -6.84731e+12  1.34809e+12  1.31562e+12  3.26663e+13  5.12023e+13  -2.50038e+14  -7.48033e+14  3.85381e+14  3.52045e+15  3.29244e+15  -2.2867e+15  -6.15188e+15  -6.54557e+15  -6.15188e+15  -2.2867e+15  3.29244e+15  3.52045e+15  3.85381e+14  -7.48033e+14  -2.50038e+14  5.12023e+13  3.26663e+13  1.31562e+12  1.34809e+12  -6.84731e+12  -4.29063e+13  -7.31596e+13  -8.3244e+13  
8.71616e+14  6.67033e+14  5.32869e+13  -5.64898e+13  -1.27332e+13  1.56412e+13  2.51245e+13  -1.75619e+14  -5.69343e+14  7.47889e+14  4.78606e+15  2.73199e+15  -1.22995e+16  -2.17466e+16  -1.41624e+16  -8.39416e+15  -1.41624e+16  -2.17466e+16  -1.22995e+16  2.73199e+15  4.78606e+15  7.47889e+14  -5.69343e+14  -1.75619e+14  2.51245e+13  1.56412e+13  -1.27332e+13  -5.64898e+13  5.32869e+13  6.67033e+14  8.71616e+14  
2.45055e+15  2.0544e+15  8.65935e+14  1.48968e+14  -3.39628e+13  -4.06758e+12  -6.67753e+13  -2.5584e+14  6.0733e+14  3.65651e+15  3.30869e+14  -2.03065e+16  -2.88994e+16  1.08468e+16  5.40618e+16  6.35886e+16  5.40618e+16  1.08468e+16  -2.88994e+16  -2.03065e+16  3.30869e+14  3.65651e+15  6.0733e+14  -2.5584e+14  -6.67753e+13  -4.06758e+12  -3.39628e+13  1.48968e+14  8.65935e+14  2.0544e+15  2.45055e+15  
-1.28119e+16  -9.97518e+15  -1.46504e+15  4.2847e+14  1.17982e+14  -2.57672e+13  -7.25964e+13  2.51296e+14  1.62378e+15  -9.07783e+14  -1.68877e+16  -1.8099e+16  5.25338e+16  1.295e+17  1.05687e+17  6.92624e+16  1.05687e+17  1.295e+17  5.25338e+16  -1.8099e+16  -1.68877e+16  -9.07783e+14  1.62378e+15  2.51296e+14  -7.25964e+13  -2.57672e+13  1.17982e+14  4.2847e+14  -1.46504e+15  -9.97518e+15  -1.28119e+16  
-2.73461e+16  -2.21587e+16  -6.59657e+15  -1.16075e+15  8.93311e+13  3.49149e+13  5.09757e+13  4.11554e+14  -5.99041e+14  -7.79205e+15  -4.83064e+15  5.74177e+16  1.15594e+17  -1.97272e+16  -2.43438e+17  -3.17955e+17  -2.43438e+17  -1.97272e+16  1.15594e+17  5.74177e+16  -4.83064e+15  -7.79205e+15  -5.99041e+14  4.11554e+14  5.09757e+13  3.49149e+13  8.93311e+13  -1.16075e+15  -6.59657e+15  -2.21587e+16  -2.73461e+16  
8.87489e+16  7.07771e+16  1.6862e+16  -3.3567e+14  -3.43917e+14  8.95838e+12  6.46556e+13  -1.51799e+14  -2.00051e+15  2.65445e+13  3.00351e+16  4.92505e+16  -1.23624e+17  -4.14751e+17  -4.19225e+17  -3.08075e+17  -4.19225e+17  -4.14751e+17  -1.23624e+17  4.92505e+16  3.00351e+16  2.65445e+13  -2.00051e+15  -1.51799e+14  6.46556e+13  8.95838e+12  -3.43917e+14  -3.3567e+14  1.6862e+16  7.07771e+16  8.87489e+16  
1.54388e+17  1.21934e+17  2.45724e+16  2.51547e+15  6.50985e+13  -4.62845e+13  -1.69892e+13  -2.67209e+14  2.5888e+14  8.2243e+15  9.58319e+15  -9.08412e+16  -2.48219e+17  4.92837e+15  6.42474e+17  9.28111e+17  6.42474e+17  4.92837e+15  -2.48219e+17  -9.08412e+16  9.58319e+15  8.2243e+15  2.5888e+14  -2.67209e+14  -1.69892e+13  -4.62845e+13  6.50985e+13  2.51547e+15  2.45724e+16  1.21934e+17  1.54388e+17  
-3.45936e+17  -2.84005e+17  -9.82104e+16  -8.36996e+15  1.63383e+14  7.48178e+12  -1.93377e+13  4.0903e+13  1.13441e+15  4.9715e+14  -2.91148e+16  -6.73012e+16  1.79147e+17  7.90046e+17  9.8449e+17  8.19686e+17  9.8449e+17  7.90046e+17  1.79147e+17  -6.73012e+16  -2.91148e+16  4.9715e+14  1.13441e+15  4.0903e+13  -1.93377e+13  7.48178e+12  1.63383e+14  -8.36996e+15  -9.82104e+16  -2.84005e+17  -3.45936e+17  
-5.06692e+17  -3.92475e+17  -4.98242e+16  1.14247e+16  1.43491e+15  2.67361e+13  2.41228e+12  6.72955e+13  -6.01078e+13  -4.37129e+15  -7.65283e+15  8.52534e+16  3.07138e+17  2.51883e+16  -1.06833e+18  -1.6867e+18  -1.06833e+18  2.51883e+16  3.07138e+17  8.52534e+16  -7.65283e+15  -4.37129e+15  -6.01078e+13  6.72955e+13  2.41228e+12  2.67361e+13  1.43491e+15  1.14247e+16  -4.98242e+16  -3.92475e+17  -5.06692e+17  
8.28995e+17  7.03385e+17  3.26554e+17  4.40554e+16  -1.41278e+15  -3.21443e+14  -1.07875e+12  -4.95412e+12  -2.711e+14  -1.85492e+14  1.53619e+16  4.79419e+16  -1.70277e+17  -9.42277e+17  -1.45069e+18  -1.37685e+18  -1.45069e+18  -9.42277e+17  -1.70277e+17  4.79419e+16  1.53619e+16  -1.85492e+14  -2.711e+14  -4.95412e+12  -1.07875e+12  -3.21443e+14  -1.41278e+15  4.40554e+16  3.26554e+17  7.03385e+17  8.28995e+17  
1.04118e+18  7.95392e+17  5.80347e+16  -7.93341e+16  -1.41167e+16  8.83243e+13  7.39359e+13  -3.91821e+12  1.12147e+13  1.05089e+15  2.42278e+15  -4.73408e+16  -2.21253e+17  -1.92313e+16  1.16251e+18  1.96719e+18  1.16251e+18  -1.92313e+16  -2.21253e+17  -4.73408e+16  2.42278e+15  1.05089e+15  1.12147e+13  -3.91821e+12  7.39359e+13  8.83243e+13  -1.41167e+16  -7.93341e+16  5.80347e+16  7.95392e+17  1.04118e+18  
-1.27671e+18  -1.12366e+18  -6.64505e+17  -1.12939e+17  1.43157e+16  3.9121e+15  2.07669e+13  -1.78057e+13  1.81129e+13  -7.64301e+12  -3.94846e+15  -1.62303e+16  1.07779e+17  7.17833e+17  1.37999e+18  1.49546e+18  1.37999e+18  7.17833e+17  1.07779e+17  -1.62303e+16  -3.94846e+15  -7.64301e+12  1.81129e+13  -1.78057e+13  2.07669e+13  3.9121e+15  1.43157e+16  -1.12939e+17  -6.64505e+17  -1.12366e+18  -1.27671e+18  
-1.39152e+18  -1.05471e+18  -4.43072e+16  2.01147e+17  4.75353e+16  -1.95881e+15  -1.03399e+15  -1.4228e+13  3.88112e+12  -7.50876e+13  -1.46533e+14  1.40902e+16  8.6629e+16  -2.06387e+16  -8.39072e+17  -1.48157e+18  -8.39072e+17  -2.06387e+16  8.6629e+16  1.40902e+16  -1.46533e+14  -7.50876e+13  3.88112e+12  -1.4228e+13  -1.03399e+15  -1.95881e+15  4.75353e+16  2.01147e+17  -4.43072e+16  -1.05471e+18  -1.39152e+18  
1.28455e+18  1.17762e+18  8.56834e+17  1.78868e+17  -4.22634e+16  -1.51761e+16  7.76849e+13  2.65314e+14  5.64138e+12  8.89256e+11  3.25586e+14  1.68226e+15  -4.28485e+16  -3.47324e+17  -8.52773e+17  -1.05173e+18  -8.52773e+17  -3.47324e+17  -4.28485e+16  1.68226e+15  3.25586e+14  8.89256e+11  5.64138e+12  2.65314e+14  7.76849e+13  -1.51761e+16  -4.22634e+16  1.78868e+17  8.56834e+17  1.17762e+18  1.28455e+18  
1.22521e+18  9.27926e+17  3.60776e+16  -2.75823e+17  -8.50845e+16  6.24939e+15  4.27658e+15  8.3961e+13  -6.55425e+13  -2.57303e+12  -2.58534e+13  -1.44746e+15  -1.27277e+16  3.79028e+16  3.98197e+17  7.09201e+17  3.98197e+17  3.79028e+16  -1.27277e+16  -1.44746e+15  -2.58534e+13  -2.57303e+12  -6.55425e+13  8.3961e+13  4.27658e+15  6.24939e+15  -8.50845e+16  -2.75823e+17  3.60776e+16  9.27926e+17  1.22521e+18  
-8.39323e+17  -8.05898e+17  -7.05625e+17  -1.85211e+17  5.86249e+16  2.85282e+16  -1.84049e+14  -1.10154e+15  -4.57881e+13  1.88674e+13  -7.64596e+12  -1.68659e+14  8.39836e+15  1.03359e+17  3.37254e+17  4.69145e+17  3.37254e+17  1.03359e+17  8.39836e+15  -1.68659e+14  -7.64596e+12  1.88674e+13  -4.57881e+13  -1.10154e+15  -1.84049e+14  2.85282e+16  5.86249e+16  -1.85211e+17  -7.05625e+17  -8.05898e+17  -8.39323e+17  
-7.04049e+17  -5.3739e+17  -3.7412e+16  2.19861e+17  8.94913e+16  -7.5632e+15  -7.97086e+15  -3.20797e+14  2.57634e+14  1.79065e+13  4.6725e+13  -6.92271e+13  -2.48824e+15  -2.29061e+16  -1.2001e+17  -2.06888e+17  -1.2001e+17  -2.29061e+16  -2.48824e+15  -6.92271e+13  4.6725e+13  1.79065e+13  2.57634e+14  -3.20797e+14  -7.97086e+15  -7.5632e+15  8.94913e+16  2.19861e+17  -3.7412e+16  -5.3739e+17  -7.04049e+17  
3.45867e+17  3.50538e+17  3.64552e+17  1.24198e+17  -4.20808e+16  -2.90805e+16  -4.24442e+14  1.92181e+15  1.61945e+14  -6.23135e+13  -8.71499e+12  3.48332e+14  3.01955e+14  -1.77147e+16  -8.18926e+16  -1.26485e+17  -8.18926e+16  -1.77147e+16  3.01955e+14  3.48332e+14  -8.71499e+12  -6.23135e+13  1.61945e+14  1.92181e+15  -4.24442e+14  -2.90805e+16  -4.20808e+16  1.24198e+17  3.64552e+17  3.50538e+17  3.45867e+17  
2.55097e+17  1.98275e+17  2.78107e+16  -1.00963e+17  -5.56047e+16  3.38407e+15  7.46247e+15  6.61227e+14  -3.91649e+14  -5.21137e+13  -3.60457e+13  -8.83754e+13  1.19214e+15  6.61606e+15  2.13754e+16  3.39099e+16  2.13754e+16  6.61606e+15  1.19214e+15  -8.83754e+13  -3.60457e+13  -5.21137e+13  -3.91649e+14  6.61227e+14  7.46247e+15  3.38407e+15  -5.56047e+16  -1.00963e+17  2.78107e+16  1.98275e+17  2.55097e+17  
-8.46347e+16  -9.15878e+16  -1.12447e+17  -5.10807e+16  1.49811e+16  1.61235e+16  1.13053e+15  -1.5394e+15  -2.57264e+14  6.85593e+13  2.57719e+13  -1.20361e+14  -4.31687e+14  1.56189e+15  1.12232e+16  1.88001e+16  1.12232e+16  1.56189e+15  -4.31687e+14  -1.20361e+14  2.57719e+13  6.85593e+13  -2.57264e+14  -1.5394e+15  1.13053e+15  1.61235e+16  1.49811e+16  -5.10807e+16  -1.12447e+17  -9.15878e+16  -8.46347e+16  
-5.43355e+16  -4.35338e+16  -1.11288e+16  2.48857e+16  1.9309e+16  1.53302e+14  -3.45407e+15  -6.27726e+14  2.39063e+14  6.64664e+13  4.91444e+12  3.43687e+13  -1.54365e+14  -8.91093e+14  -1.96123e+15  -2.67523e+15  -1.96123e+15  -8.91093e+14  -1.54365e+14  3.43687e+13  4.91444e+12  6.64664e+13  2.39063e+14  -6.27726e+14  -3.45407e+15  1.53302e+14  1.9309e+16  2.48857e+16  -1.11288e+16  -4.35338e+16  -5.43355e+16  
1.10004e+16  1.29398e+16  1.87578e+16  1.16069e+16  -2.09092e+15  -4.50203e+15  -7.92404e+14  5.30378e+14  1.74627e+14  -2.26763e+13  -1.54076e+13  1.29905e+13  5.75715e+13  -5.95888e+13  -7.30819e+14  -1.28702e+15  -7.30819e+14  -5.95888e+13  5.75715e+13  1.29905e+13  -1.54076e+13  -2.26763e+13  1.74627e+14  5.30378e+14  -7.92404e+14  -4.50203e+15  -2.09092e+15  1.16069e+16  1.87578e+16  1.29398e+16  1.10004e+16  
5.95193e+15  4.98574e+15  2.08718e+15  -2.78839e+15  -3.28987e+15  -4.45432e+14  6.94917e+14  2.48822e+14  -4.59063e+13  -3.18934e+13  -1.55743e+12  -1.44771e+12  7.14567e+12  4.44076e+13  6.95878e+13  7.27039e+13  6.95878e+13  4.44076e+13  7.14567e+12  -1.44771e+12  -1.55743e+12  -3.18934e+13  -4.59063e+13  2.48822e+14  6.94917e+14  -4.45432e+14  -3.28987e+15  -2.78839e+15  2.08718e+15  4.98574e+15  5.95193e+15  
-6.09937e+14  -8.04537e+14  -1.38834e+15  -1.19792e+15  -5.0636e+12  5.22613e+14  1.93113e+14  -5.86634e+13  -4.45034e+13  -1.46506e+12  3.7633e+12  2.26065e+11  -1.77832e+12  7.54741e+11  1.47924e+13  2.64544e+13  1.47924e+13  7.54741e+11  -1.77832e+12  2.26065e+11  3.7633e+12  -1.46506e+12  -4.45034e+13  -5.86634e+13  1.93113e+14  5.22613e+14  -5.0636e+12  -1.19792e+15  -1.38834e+15  -8.04537e+14  -6.09937e+14  
-2.52202e+14  -2.24647e+14  -1.41981e+14  9.363e+13  2.07416e+14  7.42876e+13  -4.26225e+13  -3.38251e+13  -1.11856e+12  4.6833e+12  1.05888e+12  -1.64884e+11  -1.32667e+11  -3.56989e+11  -4.04803e+11  -2.33026e+11  -4.04803e+11  -3.56989e+11  -1.32667e+11  -1.64884e+11  1.05888e+12  4.6833e+12  -1.11856e+12  -3.38251e+13  -4.26225e+13  7.42876e+13  2.07416e+14  9.363e+13  -1.41981e+14  -2.24647e+14  -2.52202e+14  
8.37388e+12  1.33284e+13  2.81919e+13  3.57918e+13  1.06478e+13  -1.55811e+13  -1.29761e+13  -3.04509e+11  3.15871e+12  1.03226e+12  -1.79277e+11  -1.49814e+11  -1.62629e+10  4.43423e+09  -2.50603e+09  -7.76898e+09  -2.50603e+09  4.43423e+09  -1.62629e+10  -1.49814e+11  -1.79277e+11  1.03226e+12  3.15871e+12  -3.04509e+11  -1.29761e+13  -1.55811e+13  1.06478e+13  3.57918e+13  2.81919e+13  1.33284e+13  8.37388e+12  
0  0  0  0  0  0  0  0  0  0  0  0  0  0  0  0  0  0  0  0  0  0  0  0  0  0  0  0  0  0  0  
