1  1  1  1  1  1  1  1  1  1  1  1  1  1  1  1  1  1  1  1  1  1  1  1  1  1  1  1  1  1  1  
-2.4612e+161  -1.46602e+161  1.51951e+161  2.66706e+163  1.57293e+163  -4.47494e+164  -4.1707e+164  3.43701e+165  4.01631e+165  -1.36437e+166  -1.90696e+166  2.42924e+166  4.21069e+166  -5.16736e+163  -1.67165e+166  -1.54572e+166  -1.67165e+166  -5.16736e+163  4.21069e+166  2.42924e+166  -1.90696e+166  -1.36437e+166  4.01631e+165  3.43701e+165  -4.1707e+164  -4.47494e+164  1.57293e+163  2.66706e+163  1.51951e+161  -1.46602e+161  -2.4612e+161  
-7.96263e+163  -5.40537e+163  2.26641e+163  1.58188e+163  -3.29256e+164  -4.22114e+164  4.89213e+165  7.03032e+165  -3.50982e+166  -5.63538e+166  1.22025e+167  2.25214e+167  -1.26843e+167  -3.33998e+167  -1.78954e+167  -1.37345e+167  -1.78954e+167  -3.33998e+167  -1.26843e+167  2.25214e+167  1.22025e+167  -5.63538e+166  -3.50982e+166  7.03032e+165  4.89213e+165  -4.22114e+164  -3.29256e+164  1.58188e+163  2.26641e+163  -5.40537e+163  -7.96263e+163  
-1.56211e+165  -1.25912e+165  -3.50141e+164  -1.1511e+164  -1.96167e+164  3.75066e+165  6.45784e+165  -4.60069e+166  -8.37346e+166  2.7825e+167  5.5312e+167  -7.09224e+167  -1.68448e+168  -9.15588e+166  9.46459e+167  9.54682e+167  9.46459e+167  -9.15588e+166  -1.68448e+168  -7.09224e+167  5.5312e+167  2.7825e+167  -8.37346e+166  -4.60069e+166  6.45784e+165  3.75066e+165  -1.96167e+164  -1.1511e+164  -3.50141e+164  -1.25912e+165  -1.56211e+165  
1.25051e+166  9.26675e+165  -4.48353e+164  -8.75347e+164  1.53468e+165  3.33097e+165  -3.31405e+166  -6.90627e+166  3.36682e+167  7.30662e+167  -1.61998e+168  -3.89384e+168  2.18079e+168  7.71142e+168  4.76803e+168  3.48702e+168  4.76803e+168  7.71142e+168  2.18079e+168  -3.89384e+168  -1.61998e+168  7.30662e+167  3.36682e+167  -6.90627e+166  -3.31405e+166  3.33097e+165  1.53468e+165  -8.75347e+164  -4.48353e+164  9.26675e+165  1.25051e+166  
6.68383e+166  5.37311e+166  1.44094e+166  1.66343e+165  6.71726e+162  -1.3396e+166  -3.25775e+166  2.30006e+167  5.55014e+167  -1.92659e+168  -4.88107e+168  6.63945e+168  1.98348e+169  1.82293e+168  -1.53553e+169  -1.67414e+169  -1.53553e+169  1.82293e+168  1.98348e+169  6.63945e+168  -4.88107e+168  -1.92659e+168  5.55014e+167  2.30006e+167  -3.25775e+166  -1.3396e+166  6.71726e+162  1.66343e+165  1.44094e+166  5.37311e+166  6.68383e+166  
-3.44093e+167  -2.65318e+167  -2.8992e+166  1.12668e+166  -1.27714e+165  -9.2282e+165  8.92829e+166  2.46416e+167  -1.28947e+168  -3.54301e+168  8.63328e+168  2.56188e+169  -1.55765e+169  -6.85437e+169  -4.80294e+169  -3.39107e+169  -4.80294e+169  -6.85437e+169  -1.55765e+169  2.56188e+169  8.63328e+168  -3.54301e+168  -1.28947e+168  2.46416e+167  8.92829e+166  -9.2282e+165  -1.27714e+165  1.12668e+166  -2.8992e+166  -2.65318e+167  -3.44093e+167  
-8.52064e+167  -6.72941e+167  -1.35572e+167  -2.87669e+166  3.42884e+165  1.96551e+166  6.2135e+166  -4.91061e+167  -1.51011e+168  5.97527e+168  1.86388e+169  -2.90875e+169  -1.04808e+170  -1.13262e+169  1.13411e+170  1.32701e+170  1.13411e+170  -1.13262e+169  -1.04808e+170  -2.90875e+169  1.86388e+169  5.97527e+168  -1.51011e+168  -4.91061e+167  6.2135e+166  1.96551e+166  3.42884e+165  -2.87669e+166  -1.35572e+167  -6.72941e+167  -8.52064e+167  
3.67953e+168  2.91851e+168  6.35438e+167  -2.82438e+166  -6.62491e+165  9.35174e+165  -1.01846e+167  -3.67529e+167  2.30089e+168  7.85979e+168  -2.29375e+169  -8.19698e+169  6.01511e+169  3.08458e+170  2.42314e+170  1.67311e+170  2.42314e+170  3.08458e+170  6.01511e+169  -8.19698e+169  -2.29375e+169  7.85979e+168  2.30089e+168  -3.67529e+167  -1.01846e+167  9.35174e+165  -6.62491e+165  -2.82438e+166  6.35438e+167  2.91851e+168  3.67953e+168  
4.92948e+168  3.74814e+168  2.04131e+167  6.96257e+166  -1.6934e+165  -1.14376e+166  -4.69984e+166  4.78221e+167  1.87752e+168  -9.38432e+168  -3.56699e+169  6.99357e+169  2.95619e+170  2.72119e+169  -4.60822e+170  -5.74341e+170  -4.60822e+170  2.72119e+169  2.95619e+170  6.99357e+169  -3.56699e+169  -9.38432e+168  1.87752e+168  4.78221e+167  -4.69984e+166  -1.14376e+166  -1.6934e+165  6.96257e+166  2.04131e+167  3.74814e+168  4.92948e+168  
-2.00571e+169  -1.62422e+169  -4.7974e+168  -9.09092e+166  1.82323e+165  -2.82961e+165  4.8024e+166  2.34706e+167  -2.00918e+168  -8.60011e+168  3.32844e+169  1.41949e+170  -1.40861e+170  -7.98194e+170  -6.97934e+170  -4.77201e+170  -6.97934e+170  -7.98194e+170  -1.40861e+170  1.41949e+170  3.32844e+169  -8.60011e+168  -2.00918e+168  2.34706e+167  4.8024e+166  -2.82961e+165  1.82323e+165  -9.09092e+166  -4.7974e+168  -1.62422e+169  -2.00571e+169  
-1.53009e+169  -1.08126e+169  2.65231e+168  9.15907e+167  7.82945e+165  2.12087e+165  1.28339e+166  -2.04789e+167  -1.06914e+168  7.69093e+168  3.59869e+169  -9.86137e+169  -4.82351e+170  -9.57774e+168  1.13388e+171  1.49408e+171  1.13388e+171  -9.57774e+168  -4.82351e+170  -9.86137e+169  3.59869e+169  7.69093e+168  -1.06914e+168  -2.04789e+167  1.28339e+166  2.12087e+165  7.82945e+165  9.15907e+167  2.65231e+168  -1.08126e+169  -1.53009e+169  
6.34482e+169  5.21804e+169  1.83771e+169  1.32696e+167  -1.70095e+167  -1.36133e+165  -7.66499e+165  -5.74758e+166  8.1687e+167  4.57283e+168  -2.67801e+169  -1.37717e+170  2.08459e+170  1.26559e+171  1.2274e+171  8.41732e+170  1.2274e+171  1.26559e+171  2.08459e+170  -1.37717e+170  -2.67801e+169  4.57283e+168  8.1687e+167  -5.74758e+166  -7.66499e+165  -1.36133e+165  -1.70095e+167  1.32696e+167  1.83771e+169  5.21804e+169  6.34482e+169  
2.7389e+169  1.66447e+169  -1.55882e+169  -6.49594e+168  -9.9031e+166  3.59097e+166  -4.96322e+164  3.12055e+166  2.46046e+167  -3.09803e+168  -1.86544e+169  8.19825e+169  4.67657e+170  -7.73643e+169  -1.7768e+171  -2.45809e+171  -1.7768e+171  -7.73643e+169  4.67657e+170  8.19825e+169  -1.86544e+169  -3.09803e+168  2.46046e+167  3.12055e+166  -4.96322e+164  3.59097e+166  -9.9031e+166  -6.49594e+168  -1.55882e+169  1.66447e+169  2.7389e+169  
-1.24768e+170  -1.03824e+170  -4.09925e+169  2.03156e+168  1.75465e+168  3.23002e+166  -8.13514e+165  3.46644e+165  -1.23971e+167  -1.03216e+168  1.12015e+169  7.27377e+169  -1.93933e+170  -1.26149e+171  -1.35916e+171  -9.48416e+170  -1.35916e+171  -1.26149e+171  -1.93933e+170  7.27377e+169  1.12015e+169  -1.03216e+168  -1.23971e+167  3.46644e+165  -8.13514e+165  3.23002e+166  1.75465e+168  2.03156e+168  -4.09925e+169  -1.03824e+170  -1.24768e+170  
-2.85619e+169  -1.15986e+169  3.92912e+169  1.86656e+169  -6.33275e+166  -4.51795e+167  -9.355e+165  1.30416e+165  -1.47625e+166  4.89406e+167  4.32494e+168  -3.7795e+169  -2.6364e+170  1.64925e+170  1.81296e+171  2.61723e+171  1.81296e+171  1.64925e+170  -2.6364e+170  -3.7795e+169  4.32494e+168  4.89406e+167  -1.47625e+166  1.30416e+165  -9.355e+165  -4.51795e+167  -6.33275e+166  1.86656e+169  3.92912e+169  -1.15986e+169  -2.85619e+169  
1.57895e+170  1.32621e+170  5.67984e+169  -8.16843e+168  -6.05124e+168  -7.05325e+166  1.15182e+167  2.60763e+165  2.36837e+165  6.28478e+166  -1.94904e+168  -1.83468e+169  1.07949e+170  7.8651e+170  9.51294e+170  6.87754e+170  9.51294e+170  7.8651e+170  1.07949e+170  -1.83468e+169  -1.94904e+168  6.28478e+166  2.36837e+165  2.60763e+165  1.15182e+167  -7.05325e+166  -6.05124e+168  -8.16843e+168  5.67984e+169  1.32621e+170  1.57895e+170  
1.60631e+169  -1.91793e+168  -5.5861e+169  -2.96111e+169  1.16925e+168  1.7304e+168  3.48091e+166  -2.90276e+166  -7.20547e+164  -1.19632e+166  -2.80937e+167  7.88929e+168  7.8048e+169  -1.56062e+170  -1.20492e+171  -1.80599e+171  -1.20492e+171  -1.56062e+170  7.8048e+169  7.88929e+168  -2.80937e+167  -1.19632e+166  -7.20547e+164  -2.90276e+166  3.48091e+166  1.7304e+168  1.16925e+168  -2.96111e+169  -5.5861e+169  -1.91793e+168  1.60631e+169  
-1.29977e+170  -1.10051e+170  -5.02755e+169  1.37107e+169  1.04528e+169  -5.68985e+166  -4.62009e+167  -1.21384e+166  7.14284e+165  2.11532e+164  5.29376e+166  1.3934e+168  -3.12233e+169  -2.94281e+170  -4.11261e+170  -3.1615e+170  -4.11261e+170  -2.94281e+170  -3.12233e+169  1.3934e+168  5.29376e+166  2.11532e+164  7.14284e+165  -1.21384e+166  -4.62009e+167  -5.68985e+166  1.04528e+169  1.37107e+169  -5.02755e+169  -1.10051e+170  -1.29977e+170  
-2.9992e+168  9.74276e+168  4.79687e+169  2.81596e+169  -2.45444e+168  -3.09816e+168  -4.02234e+166  1.16452e+167  3.66726e+165  -1.20774e+165  -2.53883e+165  -2.84794e+167  -8.02088e+168  7.95974e+169  5.10616e+170  7.91635e+170  5.10616e+170  7.95974e+169  -8.02088e+168  -2.84794e+167  -2.53883e+165  -1.20774e+165  3.66726e+165  1.16452e+167  -4.02234e+166  -3.09816e+168  -2.45444e+168  2.81596e+169  4.79687e+169  9.74276e+168  -2.9992e+168  
6.88676e+169  5.87745e+169  2.84953e+169  -1.23178e+169  -1.0144e+169  2.81541e+167  8.20247e+167  2.12785e+166  -2.76343e+166  -6.16113e+164  7.18415e+165  -4.04866e+166  2.22219e+168  5.91803e+169  1.03468e+170  8.83426e+169  1.03468e+170  5.91803e+169  2.22219e+168  -4.04866e+166  7.18415e+165  -6.16113e+164  -2.76343e+166  2.12785e+166  8.20247e+167  2.81541e+167  -1.0144e+169  -1.23178e+169  2.84953e+169  5.87745e+169  6.88676e+169  
-1.53415e+168  -7.41325e+168  -2.50506e+169  -1.63133e+169  2.2853e+168  2.94163e+168  1.19128e+166  -1.96667e+167  -7.21822e+165  3.40461e+165  6.72837e+165  1.04573e+167  -7.96774e+167  -2.19814e+169  -1.31418e+170  -2.10295e+170  -1.31418e+170  -2.19814e+169  -7.96774e+167  1.04573e+167  6.72837e+165  3.40461e+165  -7.21822e+165  -1.96667e+167  1.19128e+166  2.94163e+168  2.2853e+168  -1.63133e+169  -2.50506e+169  -7.41325e+168  -1.53415e+168  
-2.26834e+169  -1.9539e+169  -1.01061e+169  6.1954e+168  5.66167e+168  -2.81934e+167  -7.3103e+167  -1.91944e+166  4.28643e+166  1.8628e+165  -2.33612e+166  4.20358e+166  9.32647e+167  -4.40699e+168  -1.33079e+169  -1.38216e+169  -1.33079e+169  -4.40699e+168  9.32647e+167  4.20358e+166  -2.33612e+166  1.8628e+165  4.28643e+166  -1.91944e+166  -7.3103e+167  -2.81934e+167  5.66167e+168  6.1954e+168  -1.01061e+169  -1.9539e+169  -2.26834e+169  
9.90558e+167  2.6631e+168  7.68071e+168  5.60086e+168  -1.06705e+168  -1.5137e+168  2.5196e+165  1.57505e+167  6.88047e+165  -5.14829e+165  2.64465e+164  -9.17861e+166  7.71146e+166  3.0144e+168  1.87312e+169  3.09397e+169  1.87312e+169  3.0144e+168  7.71146e+166  -9.17861e+166  2.64465e+164  -5.14829e+165  6.88047e+165  1.57505e+167  2.5196e+165  -1.5137e+168  -1.06705e+168  5.60086e+168  7.68071e+168  2.6631e+168  9.90558e+167  
4.33149e+168  3.778e+168  2.11751e+168  -1.68603e+168  -1.75422e+168  1.14646e+167  3.31279e+167  1.06359e+166  -2.93258e+166  -2.30984e+165  9.34097e+165  6.87809e+165  -1.88284e+167  -2.2899e+167  6.1535e+167  1.03288e+168  6.1535e+167  -2.2899e+167  -1.88284e+167  6.87809e+165  9.34097e+165  -2.30984e+165  -2.93258e+166  1.06359e+166  3.31279e+167  1.14646e+167  -1.75422e+168  -1.68603e+168  2.11751e+168  3.778e+168  4.33149e+168  
-2.05348e+167  -4.71012e+167  -1.268e+168  -1.05348e+168  2.41225e+167  4.01463e+167  6.11766e+164  -5.9765e+166  -3.51107e+165  3.95482e+165  -1.00367e+165  1.16961e+166  2.17877e+166  -1.65196e+167  -1.23464e+168  -2.11296e+168  -1.23464e+168  -1.65196e+167  2.17877e+166  1.16961e+166  -1.00367e+165  3.95482e+165  -3.51107e+165  -5.9765e+166  6.11766e+164  4.01463e+167  2.41225e+167  -1.05348e+168  -1.268e+168  -4.71012e+167  -2.05348e+167  
-4.1972e+167  -3.7297e+167  -2.32723e+167  2.21655e+167  2.71682e+167  -1.82335e+166  -7.10212e+166  -3.50156e+165  8.75564e+165  8.51345e+164  -1.06744e+165  -1.86328e+165  8.45599e+165  3.34597e+166  5.6706e+165  -2.58551e+166  5.6706e+165  3.34597e+166  8.45599e+165  -1.86328e+165  -1.06744e+165  8.51345e+164  8.75564e+165  -3.50156e+165  -7.10212e+166  -1.82335e+166  2.71682e+167  2.21655e+167  -2.32723e+167  -3.7297e+167  -4.1972e+167  
1.60467e+166  3.55371e+166  9.40082e+166  9.16225e+166  -2.23869e+166  -4.76091e+166  -1.01023e+165  9.7376e+165  8.78182e+164  -9.97922e+164  -3.00043e+163  -1.96341e+164  -1.26707e+165  2.00276e+165  2.44657e+166  4.39151e+166  2.44657e+166  2.00276e+165  -1.26707e+165  -1.96341e+164  -3.00043e+163  -9.97922e+164  8.78182e+164  9.7376e+165  -1.01023e+165  -4.76091e+166  -2.23869e+166  9.16225e+166  9.40082e+166  3.55371e+166  1.60467e+166  
1.55214e+166  1.42187e+166  1.03104e+166  -1.07858e+166  -1.65648e+166  7.40177e+164  5.95936e+165  5.30453e+164  -1.02417e+165  -1.36343e+164  9.16986e+163  3.59728e+163  -3.87068e+163  -3.65118e+164  -2.61084e+164  5.91999e+163  -2.61084e+164  -3.65118e+164  -3.87068e+163  3.59728e+163  9.16986e+163  -1.36343e+164  -1.02417e+165  5.30453e+164  5.95936e+165  7.40177e+164  -1.65648e+166  -1.07858e+166  1.03104e+166  1.42187e+166  1.55214e+166  
-3.11973e+164  -7.34028e+164  -2.00019e+165  -2.44045e+165  5.41026e+164  1.80538e+165  1.38877e+164  -5.47263e+164  -8.93404e+163  8.72796e+163  1.70479e+163  -7.14087e+162  -1.94197e+162  3.45341e+161  -5.1965e+162  -1.33918e+163  -5.1965e+162  3.45341e+161  -1.94197e+162  -7.14087e+162  1.70479e+163  8.72796e+163  -8.93404e+163  -5.47263e+164  1.38877e+164  1.80538e+165  5.41026e+164  -2.44045e+165  -2.00019e+165  -7.34028e+164  -3.11973e+164  
0  0  0  0  0  0  0  0  0  0  0  0  0  0  0  0  0  0  0  0  0  0  0  0  0  0  0  0  0  0  0  
