1  1  1  1  1  1  1  1  1  1  1  1  1  1  1  1  1  1  1  1  1  1  1  1  1  1  1  1  1  1  1  
-1.20838e+213  5.94828e+212  6.00446e+213  -2.4578e+214  -1.90466e+215  3.04619e+215  2.33972e+216  -1.35566e+216  -1.4589e+217  -1.65294e+215  4.83025e+217  2.14916e+217  -6.75711e+217  -5.69429e+217  -1.14397e+217  -6.80696e+216  -1.14397e+217  -5.69429e+217  -6.75711e+217  2.14916e+217  4.83025e+217  -1.65294e+215  -1.4589e+217  -1.35566e+216  2.33972e+216  3.04619e+215  -1.90466e+215  -2.4578e+214  6.00446e+213  5.94828e+212  -1.20838e+213  
8.77001e+214  6.69158e+214  4.56302e+213  -9.88988e+214  2.19406e+215  2.41806e+216  -2.10353e+216  -2.73144e+217  3.65989e+216  1.58875e+218  5.66818e+217  -4.46974e+218  -3.41214e+218  3.15415e+218  3.99426e+218  3.49725e+218  3.99426e+218  3.15415e+218  -3.41214e+218  -4.46974e+218  5.66818e+217  1.58875e+218  3.65989e+216  -2.73144e+217  -2.10353e+216  2.41806e+216  2.19406e+215  -9.88988e+214  4.56302e+213  6.69158e+214  8.77001e+214  
-6.27067e+215  -4.34803e+215  1.41988e+215  1.64408e+215  1.35948e+216  -1.77105e+216  -2.69032e+217  9.12689e+216  2.59288e+218  6.05912e+217  -1.2723e+219  -8.52145e+218  2.5201e+219  2.7573e+219  6.02693e+218  2.07768e+218  6.02693e+218  2.7573e+219  2.5201e+219  -8.52145e+218  -1.2723e+219  6.05912e+217  2.59288e+218  9.12689e+216  -2.69032e+217  -1.77105e+216  1.35948e+216  1.64408e+215  1.41988e+215  -4.34803e+215  -6.27067e+215  
-1.09706e+217  -8.6852e+216  -1.82901e+216  5.2272e+215  -6.32416e+215  -1.45809e+217  9.09045e+216  2.32737e+218  1.65494e+217  -1.89047e+219  -1.05267e+219  7.2968e+219  7.16003e+219  -6.89212e+219  -1.08564e+220  -9.85767e+219  -1.08564e+220  -6.89212e+219  7.16003e+219  7.2968e+219  -1.05267e+219  -1.89047e+219  1.65494e+217  2.32737e+218  9.09045e+216  -1.45809e+217  -6.32416e+215  5.2272e+215  -1.82901e+216  -8.6852e+216  -1.09706e+217  
3.88428e+217  2.88302e+217  -1.20751e+216  -2.93438e+216  -4.36069e+216  4.65362e+216  1.18868e+218  -1.76802e+217  -1.58919e+219  -6.60621e+218  1.06903e+220  9.27123e+219  -2.86252e+220  -3.81199e+220  -8.74405e+219  -6.22587e+218  -8.74405e+219  -3.81199e+220  -2.86252e+220  9.27123e+219  1.06903e+220  -6.60621e+218  -1.58919e+219  -1.76802e+217  1.18868e+218  4.65362e+216  -4.36069e+216  -2.93438e+216  -1.20751e+216  2.88302e+217  3.88428e+217  
2.4997e+218  1.97751e+218  4.10954e+217  2.63664e+216  -9.08935e+215  3.39022e+217  -1.56546e+217  -7.73294e+218  -1.78243e+218  8.79353e+219  6.46502e+219  -4.67776e+220  -5.58537e+220  6.01635e+220  1.12522e+221  1.06655e+221  1.12522e+221  6.01635e+220  -5.58537e+220  -4.67776e+220  6.46502e+219  8.79353e+219  -1.78243e+218  -7.73294e+218  -1.56546e+217  3.39022e+217  -9.08935e+215  2.63664e+216  4.10954e+217  1.97751e+218  2.4997e+218  
-6.80878e+218  -5.31951e+218  -8.51699e+217  2.14445e+217  7.39036e+216  -5.6408e+216  -2.13089e+218  6.45677e+216  4.18031e+219  2.37619e+219  -4.01159e+220  -4.2502e+220  1.49978e+221  2.3592e+221  5.46806e+220  -1.48648e+220  5.46806e+220  2.3592e+221  1.49978e+221  -4.2502e+220  -4.01159e+220  2.37619e+219  4.18031e+219  6.45677e+216  -2.13089e+218  -5.6408e+216  7.39036e+216  2.14445e+217  -8.51699e+217  -5.31951e+218  -6.80878e+218  
-2.24088e+219  -1.7533e+219  -2.90574e+218  -3.82623e+217  4.64492e+216  -3.01566e+217  1.33325e+217  1.12522e+219  3.80385e+218  -1.93436e+220  -1.74194e+220  1.49769e+221  2.11694e+221  -2.75287e+221  -5.90169e+221  -5.87035e+221  -5.90169e+221  -2.75287e+221  2.11694e+221  1.49769e+221  -1.74194e+220  -1.93436e+220  3.80385e+218  1.12522e+219  1.33325e+217  -3.01566e+217  4.64492e+216  -3.82623e+217  -2.90574e+218  -1.7533e+219  -2.24088e+219  
5.36443e+219  4.34263e+219  1.27723e+219  -1.25007e+217  -7.16719e+216  3.00385e+216  1.58995e+218  -3.35361e+216  -5.2093e+219  -3.58057e+219  7.75897e+220  9.7227e+220  -4.30524e+221  -7.85385e+221  -1.73198e+221  1.36386e+221  -1.73198e+221  -7.85385e+221  -4.30524e+221  9.7227e+220  7.75897e+220  -3.58057e+219  -5.2093e+219  -3.35361e+216  1.58995e+218  3.00385e+216  -7.16719e+216  -1.25007e+217  1.27723e+219  4.34263e+219  5.36443e+219  
1.02776e+220  7.86131e+219  6.12454e+218  -7.1503e+217  6.41934e+215  9.55815e+216  -6.89272e+216  -7.30217e+218  -2.61661e+218  2.1651e+220  2.27152e+220  -2.66388e+221  -4.38813e+221  7.48237e+221  1.78917e+222  1.87476e+222  1.78917e+222  7.48237e+221  -4.38813e+221  -2.66388e+221  2.27152e+220  2.1651e+220  -2.61661e+218  -7.30217e+218  -6.89272e+216  9.55815e+216  6.41934e+215  -7.1503e+217  6.12454e+218  7.86131e+219  1.02776e+220  
-2.29822e+220  -1.90926e+220  -7.42363e+219  -3.13914e+218  1.26033e+217  -6.05296e+215  -4.48733e+217  1.20397e+217  3.08277e+219  2.28065e+219  -8.14353e+220  -1.18024e+221  7.34046e+221  1.53777e+222  2.86436e+221  -5.15131e+221  2.86436e+221  1.53777e+222  7.34046e+221  -1.18024e+221  -8.14353e+220  2.28065e+219  3.08277e+219  1.20397e+217  -4.48733e+217  -6.05296e+215  1.26033e+217  -3.13914e+218  -7.42363e+219  -1.90926e+220  -2.29822e+220  
-2.7296e+220  -2.00948e+220  1.50868e+219  1.92576e+219  6.39047e+217  -2.98897e+216  1.6274e+216  1.89931e+218  2.85147e+217  -1.2188e+220  -1.40922e+220  2.73098e+221  5.20617e+221  -1.28418e+222  -3.36249e+222  -3.72248e+222  -3.36249e+222  -1.28418e+222  5.20617e+221  2.73098e+221  -1.40922e+220  -1.2188e+220  2.85147e+217  1.89931e+218  1.6274e+216  -2.98897e+216  6.39047e+217  1.92576e+219  1.50868e+219  -2.00948e+220  -2.7296e+220  
5.9022e+220  5.00161e+220  2.29984e+220  9.39494e+218  -4.32893e+218  -1.43075e+217  3.7484e+216  -5.20586e+216  -7.70203e+218  -4.59112e+218  4.54451e+220  7.44955e+220  -7.65459e+221  -1.84238e+222  -2.04197e+221  1.07727e+222  -2.04197e+221  -1.84238e+222  -7.65459e+221  7.44955e+220  4.54451e+220  -4.59112e+218  -7.70203e+218  -5.20586e+216  3.7484e+216  -1.43075e+217  -4.32893e+218  9.39494e+218  2.29984e+220  5.00161e+220  5.9022e+220  
4.47551e+220  3.09789e+220  -1.03496e+220  -8.57921e+219  -4.10854e+218  1.00558e+218  3.37699e+216  -1.33376e+217  1.45346e+217  3.04713e+219  3.39448e+219  -1.57876e+221  -3.4891e+221  1.42628e+222  4.05744e+222  4.75813e+222  4.05744e+222  1.42628e+222  -3.4891e+221  -1.57876e+221  3.39448e+219  3.04713e+219  1.45346e+217  -1.33376e+217  3.37699e+216  1.00558e+218  -4.10854e+218  -8.57921e+219  -1.03496e+220  3.09789e+220  4.47551e+220  
-9.56823e+220  -8.24007e+220  -4.25559e+220  -4.10858e+218  2.47301e+219  1.28839e+218  -2.42365e+217  -6.23517e+215  5.36765e+217  -2.83912e+217  -1.19064e+220  -2.09519e+220  4.8121e+221  1.35355e+222  -6.32024e+220  -1.3641e+222  -6.32024e+220  1.35355e+222  4.8121e+221  -2.09519e+220  -1.19064e+220  -2.83912e+217  5.36765e+217  -6.23517e+215  -2.42365e+217  1.28839e+218  2.47301e+219  -4.10858e+218  -4.25559e+220  -8.24007e+220  -9.56823e+220  
-4.66988e+220  -2.9241e+220  2.31322e+220  1.87682e+220  8.39612e+218  -6.60655e+218  -3.69174e+217  5.93383e+216  -7.19083e+215  -2.21711e+218  -4.1599e+217  4.59737e+220  1.18861e+221  -1.02318e+222  -3.17798e+222  -3.95883e+222  -3.17798e+222  -1.02318e+222  1.18861e+221  4.59737e+220  -4.1599e+217  -2.21711e+218  -7.19083e+215  5.93383e+216  -3.69174e+217  -6.60655e+218  8.39612e+218  1.87682e+220  2.31322e+220  -2.9241e+220  -4.66988e+220  
1.00203e+221  8.75176e+220  4.9461e+220  -2.1188e+219  -6.09342e+219  -3.60472e+218  1.70418e+218  1.01159e+217  -1.38094e+216  3.9087e+216  9.57501e+218  1.15963e+219  -1.68368e+221  -5.84199e+221  2.34679e+221  1.07679e+222  2.34679e+221  -5.84199e+221  -1.68368e+221  1.15963e+219  9.57501e+218  3.9087e+216  -1.38094e+216  1.01159e+217  1.70418e+218  -3.60472e+218  -6.09342e+219  -2.1188e+219  4.9461e+220  8.75176e+220  1.00203e+221  
3.12172e+220  1.64516e+220  -2.78453e+220  -2.36606e+220  -7.26102e+218  1.73184e+219  1.19233e+218  -4.25659e+217  -2.66619e+216  2.08514e+215  -1.79883e+217  -4.51681e+219  -1.27465e+220  4.61337e+221  1.59896e+222  2.12331e+222  1.59896e+222  4.61337e+221  -1.27465e+220  -4.51681e+219  -1.79883e+217  2.08514e+215  -2.66619e+216  -4.25659e+217  1.19233e+218  1.73184e+219  -7.26102e+218  -2.36606e+220  -2.78453e+220  1.64516e+220  3.12172e+220  
-6.78406e+220  -6.00555e+220  -3.67004e+220  4.07797e+219  8.0183e+219  4.79809e+218  -4.52746e+218  -3.47684e+217  1.01123e+217  4.41942e+215  8.63029e+216  7.94651e+217  2.42578e+220  1.28201e+221  -1.85563e+221  -5.26823e+221  -1.85563e+221  1.28201e+221  2.42578e+220  7.94651e+217  8.63029e+216  4.41942e+215  1.01123e+217  -3.47684e+217  -4.52746e+218  4.79809e+218  8.0183e+219  4.07797e+219  -3.67004e+220  -6.00555e+220  -6.78406e+220  
-1.31826e+220  -4.96231e+219  1.96986e+220  1.79907e+220  2.04151e+218  -2.28119e+219  -1.78313e+218  1.09857e+218  9.31497e+216  -4.26632e+216  -4.463e+215  5.19683e+217  -1.54529e+219  -1.23006e+221  -4.99333e+221  -7.10288e+221  -4.99333e+221  -1.23006e+221  -1.54529e+219  5.19683e+217  -4.463e+215  -4.26632e+216  9.31497e+216  1.09857e+218  -1.78313e+218  -2.28119e+219  2.04151e+218  1.79907e+220  1.96986e+220  -4.96231e+219  -1.31826e+220  
2.90593e+220  2.60948e+220  1.72013e+220  -3.24999e+219  -5.99928e+219  -3.54479e+218  5.7288e+218  5.30144e+217  -2.39942e+217  -3.93791e+215  -3.04484e+217  -2.72426e+216  1.78985e+219  -5.92146e+219  7.09848e+220  1.53683e+221  7.09848e+220  -5.92146e+219  1.78985e+219  -2.72426e+216  -3.04484e+217  -3.93791e+215  -2.39942e+217  5.30144e+217  5.7288e+218  -3.54479e+218  -5.99928e+219  -3.24999e+219  1.72013e+220  2.60948e+220  2.90593e+220  
3.38987e+219  4.9074e+218  -8.20665e+219  -8.20315e+219  6.1756e+217  1.61396e+219  1.42895e+218  -1.28141e+218  -1.40462e+217  9.9746e+216  1.74461e+217  -2.37458e+218  -3.17093e+218  1.71521e+220  9.03816e+220  1.38705e+221  9.03816e+220  1.71521e+220  -3.17093e+218  -2.37458e+218  1.74461e+217  9.9746e+216  -1.40462e+217  -1.28141e+218  1.42895e+218  1.61396e+219  6.1756e+217  -8.20315e+219  -8.20665e+219  4.9074e+218  3.38987e+219  
-7.49034e+219  -6.83994e+219  -4.88875e+219  1.30734e+219  2.5363e+219  1.57435e+218  -3.67356e+218  -4.08705e+217  2.46227e+217  -4.98809e+215  2.22073e+217  8.20797e+217  -8.08381e+218  -2.47872e+219  -1.35851e+220  -2.45638e+220  -1.35851e+220  -2.47872e+219  -8.08381e+218  8.20797e+217  2.22073e+217  -4.98809e+215  2.46227e+217  -4.08705e+217  -3.67356e+218  1.57435e+218  2.5363e+219  1.30734e+219  -4.88875e+219  -6.83994e+219  -7.49034e+219  
-4.96325e+218  1.05644e+218  1.91155e+219  2.13138e+219  -4.09833e+217  -6.0464e+218  -6.35175e+217  7.1057e+217  9.78701e+216  -5.80829e+216  -1.14928e+217  5.07209e+217  2.21682e+218  -9.30697e+218  -8.33293e+219  -1.39498e+220  -8.33293e+219  -9.30697e+218  2.21682e+218  5.07209e+217  -1.14928e+217  -5.80829e+216  9.78701e+216  7.1057e+217  -6.35175e+217  -6.0464e+218  -4.09833e+217  2.13138e+219  1.91155e+219  1.05644e+218  -4.96325e+218  
1.05543e+219  9.84719e+218  7.7258e+218  -2.57917e+218  -5.66807e+218  -4.24742e+217  1.15942e+218  1.60941e+217  -1.13872e+217  -7.7389e+215  -1.80804e+216  -1.91461e+217  4.79307e+217  3.43034e+218  1.13636e+219  1.81035e+219  1.13636e+219  3.43034e+218  4.79307e+217  -1.91461e+217  -1.80804e+216  -7.7389e+215  -1.13872e+217  1.60941e+217  1.15942e+218  -4.24742e+217  -5.66807e+218  -2.57917e+218  7.7258e+218  9.84719e+218  1.05543e+219  
3.67696e+217  -2.74712e+217  -2.20193e+218  -2.80837e+218  4.29287e+216  1.09525e+218  1.4731e+217  -1.78385e+217  -3.08966e+216  1.52587e+216  1.42555e+216  -1.53242e+216  -1.87188e+217  7.80124e+215  2.98525e+218  5.55345e+218  2.98525e+218  7.80124e+215  -1.87188e+217  -1.53242e+216  1.42555e+216  1.52587e+216  -3.08966e+216  -1.78385e+217  1.4731e+217  1.09525e+218  4.29287e+216  -2.80837e+218  -2.20193e+218  -2.74712e+217  3.67696e+217  
-6.72093e+217  -6.46146e+217  -5.68305e+217  2.10846e+217  5.71397e+217  6.09852e+216  -1.59148e+217  -2.94144e+216  2.15617e+216  4.04667e+215  -1.49953e+215  6.90507e+215  2.36228e+214  -9.32984e+216  -2.76311e+217  -4.04945e+217  -2.76311e+217  -9.32984e+216  2.36228e+214  6.90507e+215  -1.49953e+215  4.04667e+215  2.15617e+216  -2.94144e+216  -1.59148e+217  6.09852e+216  5.71397e+217  2.10846e+217  -5.68305e+217  -6.46146e+217  -6.72093e+217  
-1.09246e+216  1.56331e+216  9.53062e+216  1.45105e+217  2.53331e+215  -7.71e+216  -1.4743e+216  1.73018e+216  4.1344e+215  -1.99757e+215  -5.75112e+214  1.5388e+213  1.74596e+215  2.66174e+215  -1.82287e+216  -3.92828e+216  -1.82287e+216  2.66174e+215  1.74596e+215  1.5388e+213  -5.75112e+214  -1.99757e+215  4.1344e+215  1.73018e+216  -1.4743e+216  -7.71e+216  2.53331e+215  1.45105e+217  9.53062e+216  1.56331e+216  -1.09246e+216  
1.20967e+216  1.22146e+216  1.2568e+216  -4.45825e+215  -1.77475e+216  -3.23362e+215  7.12989e+215  2.02787e+215  -1.44165e+215  -4.66808e+214  1.5172e+214  5.78555e+213  -3.53154e+212  -6.17468e+211  7.20338e+213  1.35808e+214  7.20338e+213  -6.17468e+211  -3.53154e+212  5.78555e+213  1.5172e+214  -4.66808e+214  -1.44165e+215  2.02787e+215  7.12989e+215  -3.23362e+215  -1.77475e+216  -4.45825e+215  1.2568e+216  1.22146e+216  1.20967e+216  
0  0  0  0  0  0  0  0  0  0  0  0  0  0  0  0  0  0  0  0  0  0  0  0  0  0  0  0  0  0  0  
