1  1  1  1  1  1  1  1  1  1  1  1  1  1  1  1  1  1  1  1  1  1  1  1  1  1  1  1  1  1  1  
0.967923  0.967894  0.96781  0.967672  0.967488  0.967265  0.967013  0.966743  0.966467  0.966197  0.965945  0.965722  0.965537  0.965399  0.965314  0.965285  0.965314  0.965399  0.965537  0.965722  0.965945  0.966197  0.966467  0.966743  0.967013  0.967265  0.967488  0.967672  0.96781  0.967894  0.967923  
0.935833  0.935777  0.935609  0.935335  0.934968  0.934525  0.934024  0.933487  0.932938  0.932401  0.9319  0.931456  0.931089  0.930814  0.930645  0.930587  0.930645  0.930814  0.931089  0.931456  0.9319  0.932401  0.932938  0.933487  0.934024  0.934525  0.934968  0.935335  0.935609  0.935777  0.935833  
0.90372  0.903637  0.903386  0.90298  0.902435  0.901775  0.901031  0.900233  0.899418  0.89862  0.897875  0.897215  0.896669  0.896261  0.896009  0.895924  0.896009  0.896261  0.896669  0.897215  0.897875  0.89862  0.899418  0.900233  0.901031  0.901775  0.902435  0.90298  0.903386  0.903637  0.90372  
0.871572  0.871462  0.871132  0.870597  0.86988  0.869012  0.868032  0.866982  0.865909  0.864859  0.863878  0.86301  0.862291  0.861755  0.861423  0.861311  0.861423  0.861755  0.862291  0.86301  0.863878  0.864859  0.865909  0.866982  0.868032  0.869012  0.86988  0.870597  0.871132  0.871462  0.871572  
0.839376  0.839241  0.838836  0.838178  0.837296  0.83623  0.835025  0.833735  0.832416  0.831125  0.82992  0.828852  0.827969  0.827309  0.826902  0.826764  0.826902  0.827309  0.827969  0.828852  0.82992  0.831125  0.832416  0.833735  0.835025  0.83623  0.837296  0.838178  0.838836  0.839241  0.839376  
0.807122  0.806964  0.806487  0.805714  0.804678  0.803424  0.802008  0.800492  0.798941  0.797424  0.796007  0.794752  0.793714  0.792939  0.792459  0.792297  0.792459  0.792939  0.793714  0.794752  0.796007  0.797424  0.798941  0.800492  0.802008  0.803424  0.804678  0.805714  0.806487  0.806964  0.807122  
0.774799  0.774618  0.774076  0.773196  0.772016  0.77059  0.768978  0.767252  0.765487  0.76376  0.762147  0.760719  0.759538  0.758655  0.758109  0.757925  0.758109  0.758655  0.759538  0.760719  0.762147  0.76376  0.765487  0.767252  0.768978  0.77059  0.772016  0.773196  0.774076  0.774618  0.774799  
0.742396  0.742195  0.741593  0.740615  0.739306  0.737721  0.735932  0.734015  0.732055  0.730138  0.728347  0.726761  0.725449  0.724468  0.723862  0.723657  0.723862  0.724468  0.725449  0.726761  0.728347  0.730138  0.732055  0.734015  0.735932  0.737721  0.739306  0.740615  0.741593  0.742195  0.742396  
0.709902  0.709684  0.709028  0.707964  0.706539  0.704814  0.702866  0.70078  0.698646  0.696559  0.69461  0.692884  0.691456  0.690389  0.689729  0.689506  0.689729  0.690389  0.691456  0.692884  0.69461  0.696559  0.698646  0.70078  0.702866  0.704814  0.706539  0.707964  0.709028  0.709684  0.709902  
0.677309  0.677075  0.676374  0.675235  0.673709  0.671863  0.669778  0.667545  0.665262  0.663028  0.660942  0.659094  0.657565  0.656423  0.655717  0.655479  0.655717  0.656423  0.657565  0.659094  0.660942  0.663028  0.665262  0.667545  0.669778  0.671863  0.673709  0.675235  0.676374  0.677075  0.677309  
0.644608  0.644361  0.643621  0.64242  0.640811  0.638864  0.636664  0.634309  0.631901  0.629545  0.627344  0.625395  0.623783  0.622578  0.621834  0.621582  0.621834  0.622578  0.623783  0.625395  0.627344  0.629545  0.631901  0.634309  0.636664  0.638864  0.640811  0.64242  0.643621  0.644361  0.644608  
0.61179  0.611533  0.610763  0.609512  0.607837  0.605811  0.603521  0.601069  0.598562  0.59611  0.593819  0.59179  0.590112  0.588858  0.588083  0.587821  0.588083  0.588858  0.590112  0.59179  0.593819  0.59611  0.598562  0.601069  0.603521  0.605811  0.607837  0.609512  0.610763  0.611533  0.61179  
0.578849  0.578585  0.577792  0.576506  0.574784  0.572699  0.570345  0.567824  0.565245  0.562723  0.560367  0.558281  0.556555  0.555266  0.554469  0.554199  0.554469  0.555266  0.556555  0.558281  0.560367  0.562723  0.565245  0.567824  0.570345  0.572699  0.574784  0.576506  0.577792  0.578585  0.578849  
0.545778  0.54551  0.544704  0.543397  0.541645  0.539526  0.537133  0.534569  0.531948  0.529383  0.526988  0.524867  0.523112  0.521801  0.520991  0.520717  0.520991  0.521801  0.523112  0.524867  0.526988  0.529383  0.531948  0.534569  0.537133  0.539526  0.541645  0.543397  0.544704  0.54551  0.545778  
0.512574  0.512304  0.511494  0.510179  0.508418  0.506287  0.50388  0.501303  0.498667  0.496089  0.49368  0.491548  0.489783  0.488465  0.48765  0.487375  0.48765  0.488465  0.489783  0.491548  0.49368  0.496089  0.498667  0.501303  0.50388  0.506287  0.508418  0.510179  0.511494  0.512304  0.512574  
0.479232  0.478963  0.478158  0.47685  0.475099  0.47298  0.470586  0.468022  0.465401  0.462837  0.460442  0.458321  0.456566  0.455255  0.454445  0.454171  0.454445  0.455255  0.456566  0.458321  0.460442  0.462837  0.465401  0.468022  0.470586  0.47298  0.475099  0.47685  0.478158  0.478963  0.479232  
0.44575  0.445486  0.444694  0.443408  0.441685  0.439601  0.437247  0.434725  0.432147  0.429625  0.427269  0.425183  0.423457  0.422168  0.421371  0.421101  0.421371  0.422168  0.423457  0.425183  0.427269  0.429625  0.432147  0.434725  0.437247  0.439601  0.441685  0.443408  0.444694  0.445486  0.44575  
0.41213  0.411873  0.411102  0.409852  0.408177  0.40615  0.403861  0.401409  0.398902  0.39645  0.394159  0.39213  0.390452  0.389198  0.388423  0.388161  0.388423  0.389198  0.390452  0.39213  0.394159  0.39645  0.398902  0.401409  0.403861  0.40615  0.408177  0.409852  0.411102  0.411873  0.41213  
0.378371  0.378124  0.377384  0.376182  0.374573  0.372626  0.370427  0.368072  0.365663  0.363308  0.361107  0.359158  0.357546  0.356342  0.355597  0.355345  0.355597  0.356342  0.357546  0.359158  0.361107  0.363308  0.365663  0.368072  0.370427  0.372626  0.374573  0.376182  0.377384  0.378124  0.378371  
0.344476  0.344242  0.343541  0.342402  0.340876  0.33903  0.336945  0.334712  0.332429  0.330195  0.328109  0.326261  0.324733  0.323591  0.322885  0.322647  0.322885  0.323591  0.324733  0.326261  0.328109  0.330195  0.332429  0.334712  0.336945  0.33903  0.340876  0.342402  0.343541  0.344242  0.344476  
0.310452  0.310233  0.309578  0.308514  0.307088  0.305364  0.303416  0.301329  0.299196  0.297109  0.29516  0.293434  0.292006  0.290939  0.29028  0.290056  0.29028  0.290939  0.292006  0.293434  0.29516  0.297109  0.299196  0.301329  0.303416  0.305364  0.307088  0.308514  0.309578  0.310233  0.310452  
0.276304  0.276103  0.275501  0.274523  0.273214  0.271629  0.269839  0.267923  0.265963  0.264046  0.262255  0.260669  0.259357  0.258377  0.257771  0.257566  0.257771  0.258377  0.259357  0.260669  0.262255  0.264046  0.265963  0.267923  0.269839  0.271629  0.273214  0.274523  0.275501  0.276103  0.276304  
0.24204  0.24186  0.241317  0.240437  0.239258  0.237831  0.236219  0.234493  0.232728  0.231002  0.229389  0.227961  0.22678  0.225897  0.225352  0.225167  0.225352  0.225897  0.22678  0.227961  0.229389  0.231002  0.232728  0.234493  0.236219  0.237831  0.239258  0.240437  0.241317  0.24186  0.24204  
0.207672  0.207513  0.207037  0.206263  0.205227  0.203974  0.202558  0.201041  0.199491  0.197974  0.196557  0.195302  0.194265  0.193489  0.19301  0.192848  0.19301  0.193489  0.194265  0.195302  0.196557  0.197974  0.199491  0.201041  0.202558  0.203974  0.205227  0.206263  0.207037  0.207513  0.207672  
0.17321  0.173075  0.17267  0.172012  0.17113  0.170064  0.168859  0.167569  0.16625  0.164959  0.163754  0.162687  0.161804  0.161144  0.160736  0.160598  0.160736  0.161144  0.161804  0.162687  0.163754  0.164959  0.16625  0.167569  0.168859  0.170064  0.17113  0.172012  0.17267  0.173075  0.17321  
0.138668  0.138558  0.138228  0.137693  0.136976  0.136108  0.135128  0.134079  0.133005  0.131956  0.130975  0.130107  0.129388  0.128851  0.12852  0.128408  0.12852  0.128851  0.129388  0.130107  0.130975  0.131956  0.133005  0.134079  0.135128  0.136108  0.136976  0.137693  0.138228  0.138558  0.138668  
0.10406  0.103977  0.103726  0.103319  0.102774  0.102115  0.10137  0.100573  0.0997575  0.0989598  0.0982148  0.0975549  0.0970091  0.0966013  0.0963493  0.096264  0.0963493  0.0966013  0.0970091  0.0975549  0.0982148  0.0989598  0.0997575  0.100573  0.10137  0.102115  0.102774  0.103319  0.103726  0.103977  0.10406  
0.0694018  0.0693456  0.069177  0.0689033  0.0685367  0.0680931  0.067592  0.0670554  0.0665068  0.06597  0.0654687  0.0650247  0.0646575  0.0643831  0.0642135  0.0641561  0.0642135  0.0643831  0.0646575  0.0650247  0.0654687  0.06597  0.0665068  0.0670554  0.067592  0.0680931  0.0685367  0.0689033  0.069177  0.0693456  0.0694018  
0.0347095  0.0346812  0.0345964  0.0344589  0.0342745  0.0340515  0.0337996  0.0335298  0.0332539  0.0329841  0.032732  0.0325088  0.0323242  0.0321862  0.0321009  0.0320721  0.0321009  0.0321862  0.0323242  0.0325088  0.032732  0.0329841  0.0332539  0.0335298  0.0337996  0.0340515  0.0342745  0.0344589  0.0345964  0.0346812  0.0347095  
0  0  0  0  0  0  0  0  0  0  0  0  0  0  0  0  0  0  0  0  0  0  0  0  0  0  0  0  0  0  0  
