1  1  1  1  1  1  1  1  1  1  1  1  1  1  1  1  1  1  1  1  1  1  1  1  1  1  1  1  1  1  1  
0.968192  0.967989  0.967377  0.968458  0.966372  0.968704  0.965263  0.968768  0.964164  0.968713  0.963197  0.968609  0.962477  0.968517  0.962093  0.968481  0.962093  0.968517  0.962477  0.968609  0.963197  0.968713  0.964164  0.968768  0.965263  0.968704  0.966372  0.968458  0.967377  0.967989  0.968192  
0.935323  0.935615  0.936489  0.933788  0.937193  0.931661  0.937487  0.929436  0.937478  0.927352  0.937302  0.925649  0.937092  0.924534  0.936957  0.924146  0.936957  0.924534  0.937092  0.925649  0.937302  0.927352  0.937478  0.929436  0.937487  0.931661  0.937193  0.933788  0.936489  0.935615  0.935323  
0.904517  0.903916  0.902111  0.905299  0.899143  0.906023  0.89587  0.906209  0.892624  0.906042  0.88977  0.905729  0.887645  0.905456  0.886511  0.90535  0.886511  0.905456  0.887645  0.905729  0.88977  0.906042  0.892624  0.906209  0.89587  0.906023  0.899143  0.905299  0.902111  0.903916  0.904517  
0.870579  0.871147  0.872852  0.867581  0.874221  0.863428  0.874789  0.859084  0.874763  0.855015  0.87441  0.851692  0.873994  0.849516  0.873727  0.848759  0.873727  0.849516  0.873994  0.851692  0.87441  0.855015  0.874763  0.859084  0.874789  0.863428  0.874221  0.867581  0.872852  0.871147  0.870579  
0.840663  0.839693  0.836783  0.841919  0.831994  0.843078  0.826711  0.843366  0.821474  0.843083  0.816868  0.842566  0.813441  0.842117  0.811612  0.841942  0.811612  0.842117  0.813441  0.842566  0.816868  0.843083  0.821474  0.843366  0.826711  0.843078  0.831994  0.841919  0.836783  0.839693  0.840663  
0.805697  0.806514  0.808963  0.801379  0.810925  0.795398  0.811727  0.789141  0.811671  0.78328  0.811143  0.778494  0.810529  0.775362  0.810136  0.774272  0.810136  0.775362  0.810529  0.778494  0.811143  0.78328  0.811671  0.789141  0.811727  0.795398  0.810925  0.801379  0.808963  0.806514  0.805697  
0.776516  0.775224  0.771349  0.778179  0.764965  0.779706  0.757922  0.780066  0.75094  0.779664  0.744801  0.778951  0.740234  0.778335  0.737798  0.778096  0.737798  0.778335  0.740234  0.778951  0.744801  0.779664  0.75094  0.780066  0.757922  0.779706  0.764965  0.778179  0.771349  0.775224  0.776516  
0.740612  0.741636  0.74471  0.735176  0.747159  0.727646  0.748142  0.719768  0.748041  0.712392  0.747344  0.70637  0.746545  0.702429  0.746036  0.701059  0.746036  0.702429  0.746545  0.70637  0.747344  0.712392  0.748041  0.719768  0.748142  0.727646  0.747159  0.735176  0.74471  0.741636  0.740612  
0.71197  0.710418  0.705761  0.713954  0.698081  0.715763  0.689606  0.716161  0.681204  0.715638  0.67382  0.714745  0.668327  0.713979  0.665398  0.713682  0.665398  0.713979  0.668327  0.714745  0.67382  0.715638  0.681204  0.716161  0.689606  0.715763  0.698081  0.713954  0.705761  0.710418  0.71197  
0.675255  0.676438  0.679987  0.668954  0.682798  0.660224  0.6839  0.65109  0.683739  0.642539  0.682887  0.635561  0.681924  0.630995  0.681314  0.629407  0.681314  0.630995  0.681924  0.635561  0.682887  0.642539  0.683739  0.65109  0.6839  0.660224  0.682798  0.668954  0.679987  0.676438  0.675255  
0.646933  0.645193  0.639972  0.649138  0.63135  0.651132  0.62183  0.651532  0.612395  0.650894  0.604105  0.649844  0.59794  0.64895  0.594653  0.648606  0.594653  0.64895  0.59794  0.649844  0.604105  0.650894  0.612395  0.651532  0.62183  0.651132  0.63135  0.649138  0.639972  0.645193  0.646933  
0.609565  0.61085  0.614707  0.602685  0.617742  0.593153  0.618898  0.583179  0.618667  0.573844  0.617682  0.566227  0.616586  0.561245  0.615895  0.559513  0.615895  0.561245  0.616586  0.566227  0.617682  0.573844  0.618667  0.583179  0.618898  0.593153  0.617742  0.602685  0.614707  0.61085  0.609565  
0.581327  0.579479  0.573933  0.583646  0.564758  0.585724  0.554624  0.586095  0.544582  0.585356  0.53576  0.584184  0.529201  0.583195  0.525706  0.582814  0.525706  0.583195  0.529201  0.584184  0.53576  0.585356  0.544582  0.586095  0.554625  0.585724  0.564758  0.583646  0.573933  0.579479  0.581327  
0.543486  0.544815  0.548802  0.536337  0.551917  0.526429  0.553066  0.516061  0.552765  0.506358  0.551681  0.498444  0.550492  0.49327  0.549745  0.491471  0.549745  0.49327  0.550492  0.498444  0.551681  0.506358  0.552765  0.516061  0.553066  0.526429  0.551917  0.536337  0.548802  0.544815  0.543486  
0.515096  0.513222  0.507598  0.517421  0.498279  0.519485  0.487981  0.519803  0.477776  0.518989  0.468813  0.517741  0.462152  0.516695  0.458602  0.516294  0.458602  0.516695  0.462152  0.517741  0.468813  0.518989  0.477776  0.519803  0.487981  0.519485  0.498279  0.517421  0.507598  0.513222  0.515096  
0.476975  0.478288  0.482229  0.469871  0.485284  0.460024  0.486372  0.449717  0.48601  0.440073  0.484871  0.432209  0.483639  0.427069  0.482869  0.425282  0.482869  0.427069  0.483639  0.432209  0.484871  0.440073  0.48601  0.449717  0.486372  0.460024  0.485284  0.469871  0.482229  0.478288  0.476975  
0.448207  0.446388  0.440933  0.450437  0.431876  0.452397  0.421862  0.452648  0.411938  0.451794  0.403224  0.450525  0.39675  0.449469  0.393301  0.449065  0.393301  0.449469  0.39675  0.450525  0.403224  0.451794  0.411938  0.452648  0.421862  0.452397  0.431876  0.450437  0.440933  0.446388  0.448207  
0.410005  0.411246  0.414972  0.403252  0.417837  0.393891  0.418821  0.384091  0.418418  0.374922  0.417277  0.367447  0.41606  0.362561  0.415302  0.360863  0.415302  0.362561  0.41606  0.367447  0.417277  0.374922  0.418418  0.384091  0.418821  0.393891  0.417837  0.403252  0.414972  0.411246  0.410005  
0.380655  0.37897  0.373915  0.382699  0.365507  0.384476  0.356206  0.384658  0.346989  0.38381  0.338896  0.382582  0.332885  0.381567  0.329683  0.381179  0.329683  0.381567  0.332885  0.382582  0.338896  0.38381  0.346989  0.384658  0.356206  0.384476  0.365507  0.382699  0.373915  0.37897  0.380655  
0.342569  0.343688  0.347044  0.336456  0.349605  0.327978  0.350453  0.3191  0.350039  0.310795  0.348957  0.304025  0.347815  0.299602  0.347107  0.298064  0.347107  0.299602  0.347815  0.304025  0.348957  0.310795  0.350039  0.3191  0.350453  0.327978  0.349605  0.336456  0.347044  0.343688  0.342569  
0.312468  0.310986  0.306541  0.314246  0.299137  0.315778  0.29094  0.315896  0.282817  0.315104  0.275687  0.313983  0.270391  0.313061  0.26757  0.312709  0.26757  0.313061  0.270391  0.313983  0.275687  0.315104  0.282817  0.315896  0.29094  0.315778  0.299137  0.314246  0.306541  0.310986  0.312468  
0.274689  0.27564  0.278492  0.269469  0.280653  0.262229  0.281344  0.254644  0.280953  0.24755  0.279992  0.241768  0.278988  0.237991  0.278366  0.236678  0.278366  0.237991  0.278988  0.241768  0.279992  0.24755  0.280953  0.254644  0.281344  0.262229  0.280653  0.269469  0.278492  0.27564  0.274689  
0.243703  0.242485  0.238831  0.245151  0.232735  0.246388  0.225984  0.246455  0.219293  0.245772  0.21342  0.24482  0.209059  0.244042  0.206736  0.243745  0.206736  0.244042  0.209059  0.24482  0.21342  0.245772  0.219293  0.246455  0.225984  0.246388  0.232735  0.245151  0.238831  0.242485  0.243703  
0.206409  0.207155  0.209392  0.202297  0.211078  0.196593  0.211601  0.190616  0.211268  0.185025  0.210488  0.180469  0.209677  0.177493  0.209177  0.176459  0.209177  0.177493  0.209677  0.180469  0.210488  0.185025  0.211268  0.190616  0.211601  0.196593  0.211078  0.202297  0.209392  0.207155  0.206409  
0.174449  0.173544  0.170827  0.175518  0.166288  0.176425  0.16126  0.176458  0.156276  0.17593  0.151902  0.175205  0.148654  0.174614  0.146924  0.174389  0.146924  0.174614  0.148654  0.175205  0.151902  0.17593  0.156276  0.176458  0.16126  0.176425  0.166288  0.175518  0.170827  0.173544  0.174449  
0.137801  0.138314  0.139854  0.134965  0.141008  0.131029  0.141357  0.126904  0.141115  0.123046  0.140564  0.119902  0.139995  0.117848  0.139644  0.117135  0.139644  0.117848  0.139995  0.119902  0.140564  0.123046  0.141115  0.126904  0.141357  0.131029  0.141008  0.134965  0.139854  0.138314  0.137801  
0.104825  0.104267  0.102593  0.10548  0.0997955  0.106032  0.096695  0.106045  0.0936214  0.105712  0.0909239  0.105258  0.088921  0.104888  0.0878545  0.104748  0.0878545  0.104888  0.088921  0.105258  0.0909239  0.105712  0.0936214  0.106045  0.096695  0.106032  0.0997955  0.10548  0.102593  0.104267  0.104825  
0.0689611  0.0692224  0.0700062  0.0675137  0.0705924  0.0655054  0.0707672  0.0634005  0.0706395  0.0614315  0.0703544  0.0598272  0.0700608  0.0587793  0.0698802  0.0584152  0.0698802  0.0587793  0.0700608  0.0598272  0.0703544  0.0614315  0.0706395  0.0634005  0.0707672  0.0655054  0.0705924  0.0675137  0.0700062  0.0692224  0.0689611  
0.0349679  0.0347795  0.0342144  0.0351885  0.0332693  0.0353741  0.0322217  0.0353771  0.0311831  0.0352632  0.0302717  0.0351085  0.0295949  0.0349829  0.0292346  0.0349352  0.0292346  0.0349829  0.0295949  0.0351085  0.0302717  0.0352632  0.0311831  0.0353771  0.0322217  0.0353741  0.0332693  0.0351885  0.0342144  0.0347795  0.0349679  
0  0  0  0  0  0  0  0  0  0  0  0  0  0  0  0  0  0  0  0  0  0  0  0  0  0  0  0  0  0  0  
