1  1  1  1  1  1  1  1  1  1  1  1  1  1  1  1  1  1  1  1  1  1  1  1  1  1  1  1  1  1  1  
0.966458  0.967409  0.970261  0.963304  0.973736  0.959215  0.976769  0.95538  0.979278  0.952052  0.981205  0.94947  0.982511  0.947833  0.98317  0.947272  0.98317  0.947833  0.982511  0.94947  0.981205  0.952052  0.979278  0.95538  0.976769  0.959215  0.973736  0.963304  0.970261  0.967409  0.966458  
0.938771  0.936767  0.930757  0.944032  0.922557  0.950521  0.91462  0.956044  0.907441  0.960463  0.901513  0.963681  0.89728  0.965636  0.895074  0.966291  0.895074  0.965636  0.89728  0.963681  0.901513  0.960463  0.907441  0.956044  0.91462  0.950521  0.922557  0.944032  0.930757  0.936767  0.938771  
0.8994  0.902205  0.910621  0.890093  0.92087  0.878027  0.929812  0.866715  0.937207  0.8569  0.942883  0.849288  0.946725  0.844463  0.948664  0.842809  0.948664  0.844463  0.946725  0.849288  0.942883  0.8569  0.937207  0.866715  0.929812  0.878027  0.92087  0.890093  0.910621  0.902205  0.8994  
0.877303  0.873394  0.86167  0.887562  0.845673  0.900213  0.830193  0.910971  0.816195  0.91957  0.804643  0.925826  0.796396  0.929623  0.792099  0.930896  0.792099  0.929623  0.796396  0.925826  0.804643  0.91957  0.816195  0.910971  0.830193  0.900213  0.845673  0.887562  0.86167  0.873394  0.877303  
0.832415  0.836936  0.850499  0.81741  0.867011  0.79796  0.881407  0.779732  0.893296  0.763926  0.902411  0.751674  0.908574  0.743911  0.91168  0.741251  0.91168  0.743911  0.908574  0.751674  0.902411  0.763926  0.893296  0.779732  0.881407  0.79796  0.867011  0.81741  0.850499  0.836936  0.832415  
0.815368  0.809746  0.792881  0.830117  0.769868  0.848295  0.747605  0.863735  0.727485  0.876056  0.710893  0.885006  0.699055  0.890431  0.692889  0.892248  0.692889  0.890431  0.699055  0.885006  0.710893  0.876056  0.727485  0.863735  0.747605  0.848295  0.769868  0.830117  0.792881  0.809746  0.815368  
0.76554  0.771556  0.789602  0.745562  0.811562  0.719674  0.830686  0.695425  0.846454  0.674415  0.858519  0.658142  0.866662  0.647837  0.870761  0.644308  0.870761  0.647837  0.866662  0.658142  0.858519  0.674415  0.846454  0.695425  0.830686  0.719674  0.811562  0.745562  0.789602  0.771556  0.76554  
0.752759  0.745696  0.724506  0.771278  0.695584  0.794087  0.667617  0.813427  0.642362  0.828828  0.621553  0.839992  0.606719  0.846747  0.598998  0.849008  0.598998  0.846747  0.606719  0.839992  0.621553  0.828828  0.642362  0.813427  0.667617  0.794087  0.695584  0.771278  0.724506  0.745696  0.752759  
0.698796  0.706015  0.727674  0.674798  0.754017  0.643709  0.776925  0.614611  0.795773  0.589423  0.81016  0.569933  0.819849  0.557599  0.824718  0.553377  0.824718  0.557599  0.819849  0.569933  0.81016  0.589423  0.795773  0.614611  0.776925  0.643709  0.754017  0.674798  0.727674  0.706015  0.698796  
0.689301  0.681131  0.656624  0.710702  0.623164  0.737036  0.590823  0.759323  0.561645  0.777027  0.53763  0.789827  0.520526  0.797555  0.511629  0.800138  0.511629  0.797555  0.520526  0.789827  0.53763  0.777026  0.561645  0.759323  0.590823  0.737036  0.623164  0.710702  0.656624  0.681131  0.689301  
0.632181  0.640264  0.664512  0.605287  0.693986  0.570459  0.719575  0.537886  0.740577  0.50972  0.756564  0.487949  0.767302  0.474184  0.77269  0.469474  0.77269  0.474184  0.767302  0.487949  0.756564  0.50972  0.740577  0.537886  0.719575  0.570459  0.693986  0.605287  0.664512  0.640264  0.632181  
0.624853  0.615958  0.589273  0.648133  0.552828  0.676753  0.517618  0.70092  0.485884  0.720063  0.459796  0.733865  0.441234  0.742178  0.431585  0.744953  0.431585  0.742178  0.441234  0.733865  0.459796  0.720063  0.485884  0.70092  0.517618  0.676753  0.552828  0.648133  0.589273  0.615958  0.624853  
0.565678  0.574251  0.599969  0.53712  0.631209  0.500151  0.658283  0.465604  0.680446  0.435765  0.697264  0.412727  0.70853  0.398174  0.71417  0.393197  0.71417  0.398174  0.70853  0.412727  0.697264  0.435765  0.680446  0.465604  0.658283  0.500152  0.631209  0.53712  0.599969  0.574251  0.565678  
0.559321  0.550105  0.522455  0.583417  0.484676  0.613011  0.448197  0.637943  0.415351  0.657634  0.38838  0.671786  0.369212  0.680289  0.359255  0.683123  0.359255  0.680289  0.369212  0.671786  0.388381  0.657634  0.415351  0.637943  0.448197  0.613011  0.484676  0.583417  0.522455  0.550105  0.559321  
0.499251  0.507929  0.533963  0.470308  0.565563  0.432854  0.592898  0.397881  0.615215  0.367707  0.632096  0.344438  0.643371  0.329753  0.649004  0.324734  0.649004  0.329753  0.643371  0.344438  0.632096  0.367707  0.615215  0.397881  0.592898  0.432854  0.565563  0.470308  0.533963  0.507929  0.499251  
0.492656  0.483526  0.456135  0.5165  0.418692  0.545756  0.382554  0.570346  0.350047  0.589708  0.323386  0.60358  0.304457  0.611894  0.294632  0.61466  0.294632  0.611894  0.304457  0.60358  0.323386  0.589708  0.350047  0.570346  0.382554  0.545756  0.418692  0.5165  0.456135  0.483526  0.492656  
0.432858  0.441263  0.466475  0.404793  0.497057  0.368486  0.523463  0.334609  0.544963  0.305412  0.561176  0.282922  0.571973  0.268741  0.577356  0.263896  0.577356  0.268741  0.571973  0.282922  0.561176  0.305412  0.544963  0.334609  0.523463  0.368486  0.497057  0.404793  0.466475  0.441263  0.432858  
0.424857  0.416206  0.390253  0.447425  0.354758  0.475089  0.320513  0.498289  0.289738  0.516503  0.264524  0.529514  0.246641  0.53729  0.237364  0.539874  0.237364  0.53729  0.246641  0.529514  0.264524  0.516503  0.289738  0.498289  0.320513  0.475089  0.354758  0.447425  0.390253  0.416206  0.424857  
0.366454  0.374228  0.397551  0.340459  0.425823  0.30684  0.450193  0.275491  0.469984  0.248501  0.484864  0.22773  0.494746  0.214645  0.499663  0.210176  0.499663  0.214645  0.494746  0.22773  0.484864  0.248501  0.469984  0.275491  0.450193  0.30684  0.425823  0.340459  0.397551  0.374228  0.366454  
0.355973  0.348163  0.324734  0.376326  0.292674  0.401252  0.261755  0.422113  0.23399  0.438447  0.211265  0.450081  0.19516  0.457019  0.186812  0.459321  0.186812  0.457019  0.19516  0.450081  0.211265  0.438447  0.23399  0.422113  0.261755  0.401252  0.292674  0.376326  0.324734  0.348163  0.355973  
0.299998  0.306823  0.327298  0.277151  0.352102  0.24761  0.37345  0.220079  0.390747  0.196396  0.403718  0.178187  0.41231  0.166723  0.416577  0.162809  0.416577  0.166723  0.41231  0.178187  0.403718  0.196396  0.390747  0.220079  0.37345  0.24761  0.352102  0.277151  0.327298  0.306823  0.299998  
0.286099  0.279449  0.259497  0.303415  0.232184  0.324605  0.205849  0.342307  0.182217  0.356135  0.16289  0.36596  0.149205  0.371807  0.142114  0.373745  0.142114  0.371807  0.149205  0.36596  0.16289  0.356135  0.182217  0.342307  0.205849  0.324605  0.232184  0.303415  0.259497  0.279449  0.286099  
0.233464  0.239067  0.255875  0.21469  0.276226  0.19042  0.293718  0.167811  0.307864  0.148374  0.318448  0.133442  0.325443  0.124047  0.328912  0.12084  0.328912  0.124047  0.325443  0.133442  0.318448  0.148374  0.307864  0.167811  0.293718  0.19042  0.276226  0.21469  0.255875  0.239067  0.233464  
0.215374  0.210147  0.194466  0.228972  0.172992  0.245603  0.15229  0.259476  0.133723  0.270292  0.118548  0.277961  0.107809  0.282517  0.102247  0.284025  0.102247  0.282517  0.107809  0.277961  0.118548  0.270292  0.133723  0.259476  0.15229  0.245603  0.172992  0.228972  0.194466  0.210147  0.215374  
0.166843  0.171005  0.18349  0.152886  0.1986  0.134846  0.211575  0.118045  0.222051  0.103611  0.229876  0.092527  0.235038  0.0855563  0.237595  0.0831782  0.237595  0.0855563  0.235038  0.092527  0.229875  0.103611  0.222051  0.118046  0.211575  0.134846  0.1986  0.152887  0.18349  0.171005  0.166843  
0.143975  0.140375  0.129575  0.153334  0.114781  0.164776  0.100521  0.17431  0.0877367  0.181732  0.0772929  0.186987  0.0699052  0.190104  0.0660803  0.191136  0.0660803  0.190104  0.0699052  0.186987  0.0772929  0.181732  0.0877367  0.17431  0.100521  0.164776  0.114781  0.153334  0.129575  0.140375  0.143975  
0.100143  0.102704  0.110388  0.0915477  0.119686  0.0804384  0.127664  0.0700952  0.134099  0.0612115  0.138899  0.0543927  0.142062  0.0501056  0.143628  0.0486433  0.143628  0.0501056  0.142062  0.0543927  0.138899  0.0612115  0.134099  0.0700952  0.127664  0.0804384  0.119686  0.0915477  0.110388  0.102704  0.100143  
0.072107  0.0702723  0.0647681  0.0768755  0.0572266  0.0827033  0.0499579  0.0875559  0.0434426  0.0913305  0.0381219  0.0940003  0.0343591  0.095583  0.0324113  0.0961064  0.0324113  0.095583  0.0343591  0.0940003  0.0381219  0.0913304  0.0434427  0.0875559  0.049958  0.0827032  0.0572266  0.0768755  0.0647681  0.0702723  0.072107  
0.0333875  0.0342521  0.0368458  0.0304854  0.0399838  0.0267345  0.0426753  0.0232426  0.0448452  0.0202441  0.0464627  0.0179429  0.0475282  0.0164963  0.0480551  0.016003  0.0480551  0.0164963  0.0475281  0.0179429  0.0464627  0.0202441  0.0448452  0.0232426  0.0426753  0.0267345  0.0399838  0.0304854  0.0368458  0.0342521  0.0333875  
0  0  0  0  0  0  0  0  0  0  0  0  0  0  0  0  0  0  0  0  0  0  0  0  0  0  0  0  0  0  0  
