1  1  1  1  1  1  1  1  1  1  1  1  1  1  1  1  1  1  1  1  1  1  1  1  1  1  1  1  1  1  1  
0.964409  0.966724  0.973669  0.957215  0.982436  0.948003  0.990363  0.939562  0.997136  0.932367  1.00248  0.926858  1.00618  0.923396  1.00807  0.922214  1.00807  0.923396  1.00618  0.926858  1.00248  0.932367  0.997136  0.939562  0.990363  0.948003  0.982436  0.957215  0.973669  0.966724  0.964409  
0.942844  0.938129  0.923983  0.956135  0.905264  0.972805  0.887603  0.987482  0.871951  0.999584  0.859229  1.00862  0.850242  1.0142  0.845589  1.01609  0.845589  1.0142  0.850242  1.00862  0.859229  0.999584  0.871951  0.987482  0.887603  0.972805  0.905264  0.956135  0.923983  0.938129  0.942844  
0.893353  0.900184  0.920676  0.872126  0.94654  0.844949  0.969916  0.820052  0.989882  0.798838  1.00564  0.782602  1.01653  0.772398  1.0221  0.768917  1.0221  0.772398  1.01653  0.782602  1.00564  0.798838  0.989882  0.820052  0.969916  0.844949  0.94654  0.872126  0.920676  0.900184  0.893353  
0.885247  0.87605  0.848458  0.91117  0.811944  0.943674  0.777503  0.972276  0.746996  0.995841  0.722213  1.01342  0.704714  1.02427  0.695655  1.02794  0.695655  1.02427  0.704714  1.01342  0.722213  0.995841  0.746996  0.972276  0.777503  0.943674  0.811944  0.91117  0.848458  0.87605  0.885247  
0.82267  0.833679  0.866705  0.788451  0.908383  0.744652  0.94603  0.704548  0.978156  0.6704  1.00348  0.644284  1.02097  0.627879  1.02991  0.622284  1.02991  0.627879  1.02097  0.644284  1.00348  0.6704  0.978156  0.704548  0.94603  0.744652  0.908383  0.788451  0.866705  0.833679  0.82267  
0.826793  0.813565  0.773879  0.864071  0.721359  0.910794  0.671844  0.951869  0.628018  0.985671  0.592445  1.01085  0.567347  1.02639  0.554361  1.03164  0.554361  1.02639  0.567347  1.01085  0.592445  0.985671  0.628018  0.951869  0.671844  0.910794  0.721359  0.864071  0.773879  0.813565  0.826793  
0.752573  0.767222  0.811168  0.707025  0.866616  0.648745  0.916658  0.595422  0.959306  0.550062  0.992877  0.515405  1.01604  0.493652  1.02786  0.486235  1.02786  0.493652  1.01604  0.515405  0.992877  0.550062  0.959306  0.595422  0.916658  0.648745  0.866616  0.707025  0.811168  0.767222  0.752573  
0.767112  0.750492  0.700635  0.813934  0.634649  0.872587  0.572476  0.924085  0.517501  0.966398  0.47293  0.997868  0.441513  1.01726  0.42527  1.02381  0.42527  1.01726  0.441513  0.997868  0.47293  0.966398  0.517501  0.924085  0.572476  0.872587  0.634649  0.813934  0.700635  0.750492  0.767112  
0.68323  0.700814  0.753565  0.628533  0.820105  0.558577  0.880094  0.494629  0.931138  0.440298  0.971247  0.398835  0.998873  0.372835  1.01296  0.363975  1.01296  0.372835  0.998873  0.398835  0.971247  0.440298  0.931138  0.494629  0.880094  0.558577  0.820105  0.628533  0.753565  0.700814  0.68323  
0.705895  0.686677  0.62902  0.760027  0.552704  0.827792  0.48085  0.887202  0.417389  0.935925  0.366007  0.972094  0.329832  0.994348  0.311144  1.00186  0.311144  0.994348  0.329832  0.972094  0.366007  0.935925  0.417389  0.887202  0.48085  0.827791  0.552704  0.760027  0.62902  0.686677  0.705895  
0.614751  0.63444  0.693506  0.553476  0.767991  0.475143  0.835061  0.403612  0.892026  0.342921  0.936696  0.296668  0.967407  0.267695  0.983042  0.257828  0.983042  0.267695  0.967407  0.296668  0.936696  0.342921  0.892026  0.403612  0.835061  0.475143  0.767991  0.553476  0.693506  0.63444  0.614751  
0.642916  0.621993  0.559224  0.70183  0.476131  0.775526  0.397955  0.840032  0.329  0.892824  0.273251  0.931931  0.234053  0.955952  0.213821  0.964052  0.213821  0.955952  0.234053  0.931931  0.273251  0.892824  0.329  0.840032  0.397955  0.775526  0.476131  0.70183  0.559224  0.621993  0.642916  
0.547187  0.568073  0.630731  0.482149  0.709722  0.399047  0.780756  0.323243  0.84097  0.259021  0.888083  0.210148  0.920408  0.17957  0.936843  0.169163  0.936843  0.17957  0.920408  0.210148  0.888083  0.259021  0.84097  0.323243  0.780756  0.399047  0.709722  0.482149  0.630731  0.568073  0.547187  
0.57803  0.556354  0.491327  0.639044  0.405231  0.715308  0.324292  0.781949  0.252995  0.836368  0.19544  0.876591  0.155027  0.901254  0.134188  0.909562  0.134188  0.901254  0.155027  0.876591  0.19544  0.836368  0.252995  0.781949  0.324292  0.715308  0.405231  0.639044  0.491327  0.556354  0.57803  
0.480531  0.501676  0.565112  0.414644  0.64506  0.330499  0.71686  0.253828  0.7776  0.188967  0.825017  0.13968  0.857484  0.10888  0.873966  0.0984036  0.873966  0.10888  0.857484  0.13968  0.825017  0.188967  0.7776  0.253828  0.71686  0.330499  0.64506  0.414644  0.565112  0.501676  0.480531  
0.511183  0.489713  0.425305  0.571594  0.340014  0.64705  0.259891  0.712871  0.189405  0.766504  0.132591  0.806058  0.0927519  0.830267  0.0722278  0.838413  0.0722279  0.830267  0.092752  0.806058  0.132591  0.766504  0.189405  0.712871  0.259891  0.64705  0.340014  0.571594  0.425305  0.489713  0.511183  
0.414724  0.435206  0.496653  0.350864  0.574069  0.269345  0.643507  0.195144  0.702134  0.132461  0.747799  0.0848973  0.779002  0.0552082  0.79482  0.0451166  0.79482  0.0552082  0.779002  0.0848973  0.747799  0.132461  0.702134  0.195144  0.643507  0.269345  0.574069  0.350864  0.496653  0.435206  0.414724  
0.442405  0.422066  0.361048  0.499617  0.28023  0.571026  0.204362  0.633216  0.137701  0.683784  0.0840447  0.720998  0.0464693  0.743735  0.0271284  0.751379  0.0271284  0.743735  0.0464694  0.720998  0.0840447  0.683784  0.137701  0.633216  0.204362  0.571025  0.28023  0.499617  0.361048  0.422066  0.442405  
0.349675  0.368626  0.425478  0.290552  0.497087  0.215112  0.561239  0.146509  0.615304  0.0886307  0.657328  0.0447715  0.685987  0.0174237  0.700497  0.00813334  0.700497  0.0174237  0.685987  0.0447715  0.657328  0.0886307  0.615304  0.146509  0.561239  0.215112  0.497087  0.290552  0.425478  0.368626  0.349675  
0.371809  0.35345  0.298374  0.423433  0.22541  0.487827  0.156957  0.543825  0.0968766  0.58927  0.0485795  0.622649  0.0147963  0.64301  -0.00257877  0.649849  -0.00257876  0.64301  0.0147963  0.622649  0.0485796  0.58927  0.0968767  0.543824  0.156957  0.487827  0.22541  0.423433  0.298374  0.35345  0.371809  
0.285265  0.301904  0.351822  0.233323  0.414682  0.16707  0.470936  0.106871  0.518268  0.0561397  0.554989  0.0177419  0.579989  -0.00617785  0.592631  -0.0142994  0.592631  -0.00617783  0.579989  0.017742  0.554989  0.0561397  0.518267  0.106871  0.470936  0.16707  0.414682  0.233323  0.351822  0.301904  0.285265  
0.299581  0.283949  0.237055  0.343522  0.174918  0.398304  0.116651  0.445882  0.0655594  0.484431  0.024533  0.512696  -0.00413582  0.529913  -0.0188702  0.535691  -0.0188702  0.529913  -0.0041358  0.512695  0.024533  0.48443  0.0655594  0.445882  0.116651  0.398304  0.174918  0.343522  0.237055  0.283949  0.299581  
0.221368  0.235029  0.276012  0.178701  0.327611  0.124293  0.373747  0.0748906  0.412512  0.0332977  0.442539  0.00184712  0.462953  -0.0177295  0.473264  -0.0243735  0.473264  -0.0177295  0.462953  0.00184715  0.442539  0.0332977  0.412512  0.0748906  0.373747  0.124293  0.327611  0.178701  0.276012  0.235029  0.221368  
0.225967  0.213683  0.176831  0.26049  0.127992  0.30351  0.0822134  0.340836  0.0421018  0.371036  0.0099206  0.393149  -0.0125491  0.406604  -0.024091  0.411117  -0.024091  0.406604  -0.0125491  0.393149  0.00992063  0.371036  0.0421018  0.340836  0.0822135  0.30351  0.127992  0.26049  0.176831  0.213683  0.225967  
0.157857  0.168005  0.198451  0.126147  0.236777  0.0857199  0.271022  0.0490309  0.299765  0.0181643  0.322002  -0.00515799  0.337103  -0.0196662  0.344724  -0.0245884  0.344724  -0.0196662  0.337103  -0.00515796  0.322002  0.0181643  0.299765  0.049031  0.271022  0.0857199  0.236777  0.126147  0.198451  0.168005  0.157857  
0.151268  0.142809  0.117431  0.175038  0.0837941  0.204649  0.0522732  0.23032  0.0246695  0.25107  0.00253746  0.266248  -0.0129065  0.275476  -0.0208363  0.278569  -0.0208363  0.275476  -0.0129065  0.266248  0.00253748  0.25107  0.0246695  0.23032  0.0522733  0.204649  0.0837942  0.175038  0.117431  0.142809  0.151268  
0.0946113  0.100858  0.119599  0.075087  0.143187  0.0501989  0.164254  0.0276199  0.181924  0.00863345  0.195582  -0.00570507  0.20485  -0.014621  0.209525  -0.0176452  0.209525  -0.014621  0.20485  -0.00570506  0.195582  0.00863347  0.181924  0.0276199  0.164254  0.0501989  0.143187  0.075087  0.119599  0.100858  0.0946113  
0.0758239  0.0715127  0.0585792  0.0879365  0.0414347  0.103023  0.0253716  0.116096  0.0113092  0.126656  3.87524e-05  0.134376  -0.00782309  0.139067  -0.0118588  0.140639  -0.0118588  0.139067  -0.00782308  0.134376  3.87627e-05  0.126656  0.0113092  0.116096  0.0253716  0.103023  0.0414347  0.0879365  0.0585792  0.0715127  0.0758239  
0.0315202  0.0336289  0.0399549  0.0249286  0.0479172  0.0165267  0.0550265  0.0089056  0.0609871  0.00249869  0.0655927  -0.00233854  0.0687165  -0.00534578  0.0702918  -0.00636569  0.0702918  -0.00534578  0.0687165  -0.00233853  0.0655927  0.00249869  0.0609871  0.0089056  0.0550265  0.0165267  0.0479172  0.0249286  0.0399549  0.0336289  0.0315202  
0  0  0  0  0  0  0  0  0  0  0  0  0  0  0  0  0  0  0  0  0  0  0  0  0  0  0  0  0  0  0  
