1  1  1  1  1  1  1  1  1  1  1  1  1  1  1  1  1  1  1  1  1  1  1  1  1  1  1  1  1  1  1  
0.959505  0.965084  0.981824  0.942643  1.00326  0.921174  1.02289  0.90171  1.03987  0.885261  1.0534  0.87275  1.06282  0.864918  1.06766  0.862251  1.06766  0.864918  1.06282  0.87275  1.0534  0.885261  1.03987  0.90171  1.02289  0.921174  1.00326  0.942643  0.981824  0.965084  0.959505  
0.952591  0.941387  0.907776  0.985097  0.863884  1.02613  0.822952  1.06271  0.787027  1.0932  0.758047  1.11614  0.737685  1.1304  0.727174  1.13524  0.727174  1.1304  0.737685  1.11614  0.758047  1.0932  0.787027  1.06271  0.822952  1.02613  0.863884  0.985097  0.907776  0.941387  0.952591  
0.878885  0.895347  0.944735  0.829133  1.00797  0.765797  1.06588  0.708391  1.11593  0.6599  1.1558  0.623028  1.18356  0.599955  1.19782  0.592099  1.19782  0.599955  1.18356  0.623028  1.1558  0.6599  1.11593  0.708391  1.06588  0.765797  1.00797  0.829133  0.944735  0.895347  0.878885  
0.904258  0.882405  0.816844  0.967661  0.731232  1.04767  0.651421  1.11897  0.581409  1.17835  0.524966  1.22301  0.485326  1.25075  0.464873  1.26016  0.464873  1.25075  0.485326  1.22301  0.524966  1.17835  0.581409  1.11897  0.651421  1.04767  0.731233  0.967661  0.816844  0.882405  0.904258  
0.799351  0.825884  0.905484  0.719157  1.00738  0.617092  1.10067  0.524639  1.18122  0.446602  1.24533  0.387309  1.28994  0.350226  1.31283  0.337605  1.31283  0.350226  1.28994  0.387309  1.24533  0.446602  1.18122  0.524639  1.10067  0.617092  1.00738  0.719157  0.905484  0.825884  0.799351  
0.854134  0.822703  0.72841  0.945321  0.605282  1.06035  0.490555  1.16277  0.390001  1.24797  0.309012  1.31199  0.252181  1.35172  0.222875  1.36519  0.222875  1.35172  0.252181  1.31199  0.309012  1.24797  0.390001  1.16277  0.490556  1.06035  0.605282  0.945321  0.72841  0.822703  0.854134  
0.721543  0.756851  0.862774  0.614809  0.998357  0.47902  1.12238  0.356121  1.22935  0.252497  1.31439  0.173847  1.37348  0.1247  1.40378  0.10798  1.40378  0.1247  1.37348  0.173847  1.31439  0.252497  1.22935  0.356121  1.12238  0.47902  0.998357  0.614809  0.862774  0.756851  0.721543  
0.801456  0.76197  0.643514  0.916005  0.488834  1.06043  0.344811  1.18888  0.218719  1.29559  0.117287  1.37565  0.0461904  1.42528  0.00955542  1.4421  0.00955543  1.42528  0.0461904  1.37565  0.117287  1.29559  0.218719  1.18888  0.344811  1.06043  0.488834  0.916005  0.643514  0.76197  0.801456  
0.645982  0.688366  0.815518  0.517827  0.978249  0.354864  1.12697  0.207523  1.25505  0.0834556  1.35671  -0.0105863  1.42726  -0.0692891  1.4634  -0.0892476  1.4634  -0.069289  1.42726  -0.0105863  1.35671  0.0834557  1.25505  0.207523  1.12697  0.354864  0.978249  0.517827  0.815518  0.688366  0.645982  
0.745605  0.699946  0.562967  0.87806  0.384102  1.04496  0.217696  1.19321  0.0721985  1.31615  -0.0446718  1.40824  -0.126481  1.46526  -0.168598  1.48456  -0.168598  1.46526  -0.126481  1.40824  -0.0446717  1.31615  0.0721985  1.19321  0.217696  1.04496  0.384102  0.87806  0.562967  0.699946  0.745605  
0.573043  0.620504  0.762886  0.429498  0.94508  0.247061  1.11141  0.0823063  1.25443  -0.0562136  1.36774  -0.161051  1.44624  -0.226414  1.4864  -0.248622  1.4864  -0.226414  1.44624  -0.161051  1.36774  -0.0562136  1.25443  0.0823063  1.11141  0.247062  0.94508  0.429498  0.762886  0.620504  0.573043  
0.686139  0.636434  0.487318  0.830322  0.292603  1.01188  0.111611  1.17292  -0.0464104  1.30622  -0.173135  1.40589  -0.261712  1.4675  -0.307268  1.48834  -0.307268  1.4675  -0.261712  1.40589  -0.173135  1.30622  -0.0464103  1.17292  0.111611  1.01188  0.292603  0.830322  0.487318  0.636434  0.686139  
0.502942  0.553292  0.704343  0.350608  0.897596  0.157112  1.07382  -0.017414  1.22509  -0.163911  1.3447  -0.274606  1.42742  -0.343532  1.46968  -0.366933  1.46968  -0.343531  1.42742  -0.274606  1.3447  -0.163911  1.22509  -0.0174139  1.07382  0.157112  0.897596  0.350608  0.704343  0.553292  0.502942  
0.6228  0.571309  0.416838  0.772153  0.215124  0.960097  0.0277981  1.12654  -0.13551  1.26406  -0.266251  1.36667  -0.357498  1.43001  -0.404377  1.45141  -0.404377  1.43001  -0.357498  1.36667  -0.266251  1.26406  -0.135509  1.12654  0.0277982  0.960097  0.215124  0.772153  0.416838  0.571309  0.6228  
0.435734  0.486713  0.639651  0.281443  0.835289  0.0855718  1.01349  -0.0908768  1.16618  -0.238744  1.28666  -0.35029  1.36984  -0.419652  1.41228  -0.443185  1.41228  -0.419652  1.36984  -0.35029  1.28666  -0.238744  1.16618  -0.0908767  1.01349  0.0855719  0.835289  0.281443  0.639651  0.486713  0.435734  
0.555517  0.50452  0.351531  0.703429  0.151742  0.889437  -0.0336303  1.05392  -0.194997  1.18956  -0.323967  1.29057  -0.413841  1.35281  -0.459967  1.37383  -0.459967  1.35281  -0.413841  1.29057  -0.323967  1.18956  -0.194997  1.05392  -0.0336302  0.889437  0.151743  0.703429  0.351531  0.50452  0.555517  
0.371331  0.420715  0.568866  0.221816  0.758353  0.0321083  0.930761  -0.138583  1.07823  -0.281398  1.19437  -0.388959  1.2744  -0.455757  1.31519  -0.478404  1.31519  -0.455757  1.2744  -0.388959  1.19437  -0.281398  1.07823  -0.138583  0.930761  0.0321084  0.758353  0.221816  0.568866  0.420715  0.371331  
0.484397  0.436088  0.291162  0.624506  0.10189  0.800593  -0.0735791  0.956085  -0.226112  1.08407  -0.347828  1.1792  -0.432523  1.23774  -0.475948  1.25749  -0.475948  1.23774  -0.432523  1.1792  -0.347828  1.08407  -0.226112  0.956085  -0.073579  0.800593  0.10189  0.624506  0.291162  0.436088  0.484397  
0.309524  0.355219  0.492304  0.171129  0.667615  -0.00438604  0.826963  -0.162133  0.963043  -0.293924  1.07002  -0.393034  1.14361  -0.454509  1.18108  -0.475337  1.18108  -0.454509  1.14361  -0.393033  1.07002  -0.293924  0.963043  -0.162133  0.826963  -0.00438597  0.667615  0.171129  0.492304  0.355219  0.309524  
0.409705  0.366103  0.235298  0.536157  0.0644532  0.694992  -0.0938156  0.83507  -0.231224  0.950177  -0.340712  1.03559  -0.416799  1.08807  -0.455775  1.10577  -0.455775  1.08807  -0.416799  1.03559  -0.340712  0.950177  -0.231224  0.83507  -0.0938155  0.694992  0.0644533  0.536157  0.235298  0.366103  0.409705  
0.250011  0.290135  0.410506  0.128447  0.564429  -0.0256572  0.704212  -0.164028  0.823414  -0.279481  0.916967  -0.366188  0.981232  -0.419914  1.01391  -0.438106  1.01391  -0.419914  0.981232  -0.366188  0.916967  -0.279481  0.823414  -0.164028  0.704212  -0.0256571  0.564429  0.128447  0.410506  0.290135  0.250011  
0.33184  0.294718  0.183352  0.439497  0.0378839  0.574659  -0.0967927  0.693728  -0.213593  0.79143  -0.306544  0.86382  -0.371067  0.908247  -0.404092  0.923216  -0.404092  0.908247  -0.371067  0.86382  -0.306544  0.79143  -0.213592  0.693728  -0.0967926  0.574659  0.037884  0.439497  0.183352  0.294718  0.33184  
0.192423  0.225367  0.3242  0.0925817  0.450571  -0.0339426  0.565248  -0.147459  0.662924  -0.242071  0.739479  -0.313048  0.792001  -0.356987  0.818687  -0.371858  0.818687  -0.356987  0.792001  -0.313048  0.739479  -0.242071  0.662924  -0.147459  0.565248  -0.0339425  0.450571  0.0925817  0.3242  0.225367  0.192423  
0.251314  0.222144  0.134631  0.335909  0.0203121  0.442077  -0.0854743  0.535522  -0.17714  0.612108  -0.250016  0.668784  -0.300556  0.703534  -0.326408  0.715235  -0.326408  0.703534  -0.300556  0.668784  -0.250016  0.612108  -0.17714  0.535522  -0.0854742  0.442077  0.0203121  0.335909  0.134631  0.222144  0.251314  
0.136353  0.160828  0.234253  0.0621616  0.328132  -0.0318343  0.413274  -0.116115  0.485728  -0.186302  0.542454  -0.23891  0.581334  -0.271455  0.601075  -0.282465  0.601075  -0.271455  0.581334  -0.23891  0.542454  -0.186302  0.485728  -0.116115  0.413274  -0.0318342  0.328132  0.0621616  0.234253  0.160828  0.136353  
0.168722  0.148634  0.088372  0.226973  0.00964459  0.300061  -0.0631806  0.364348  -0.126245  0.416991  -0.176346  0.455915  -0.211068  0.479762  -0.22882  0.487789  -0.22882  0.479762  -0.211068  0.455915  -0.176346  0.416991  -0.126245  0.364348  -0.0631806  0.300061  0.00964461  0.226973  0.088372  0.148634  0.168722  
0.0813747  0.0964404  0.141638  0.035698  0.199423  -0.0221616  0.251811  -0.0740197  0.296364  -0.117181  0.33122  -0.149514  0.355095  -0.169506  0.367211  -0.176268  0.367211  -0.169506  0.355095  -0.149514  0.33122  -0.117181  0.296364  -0.0740197  0.251811  -0.0221616  0.199423  0.035698  0.141638  0.0964404  0.0813747  
0.0847183  0.0744811  0.0437697  0.114405  0.00364604  0.151646  -0.0334616  0.18439  -0.0655834  0.211189  -0.0910909  0.230993  -0.108761  0.243121  -0.117793  0.247202  -0.117793  0.243121  -0.108761  0.230993  -0.0910909  0.211189  -0.0655834  0.184389  -0.0334616  0.151646  0.00364605  0.114405  0.0437697  0.0744811  0.0847183  
0.027052  0.0321377  0.0473948  0.0116318  0.066901  -0.00789975  0.0845817  -0.0254017  0.0996133  -0.0399645  0.111369  -0.0508703  0.119418  -0.0576121  0.123502  -0.059892  0.123502  -0.0576121  0.119418  -0.0508703  0.111369  -0.0399644  0.0996133  -0.0254017  0.0845817  -0.00789974  0.066901  0.0116318  0.0473948  0.0321377  0.027052  
0  0  0  0  0  0  0  0  0  0  0  0  0  0  0  0  0  0  0  0  0  0  0  0  0  0  0  0  0  0  0  
