1  1  1  1  1  1  1  1  1  1  1  1  1  1  1  1  1  1  1  1  1  1  1  1  1  1  1  1  1  1  1  
1.0806  1.00556  0.780462  1.30246  0.489152  1.58366  0.219647  1.83639  -0.0153106  2.04844  -0.20385  2.20886  -0.335833  2.30891  -0.403804  2.34292  -0.403804  2.30891  -0.335833  2.20886  -0.20385  2.04844  -0.0153106  1.83639  0.219648  1.58366  0.489152  1.30246  0.780462  1.00556  1.0806  
0.711911  0.860932  1.30799  0.269939  1.88569  -0.290576  2.41938  -0.794906  2.88406  -1.21841  3.25654  -1.53901  3.51708  -1.73905  3.65119  -1.80705  3.65119  -1.73905  3.51708  -1.53901  3.25654  -1.21841  2.88406  -0.794906  2.41938  -0.290576  1.88569  0.269939  1.30799  0.860932  0.711911  
1.23616  1.01478  0.350627  1.89075  -0.508839  2.72031  -1.30377  3.46563  -1.99654  4.0907  -2.55221  4.56339  -2.94105  4.85811  -3.14125  4.95827  -3.14125  4.85811  -2.94105  4.56339  -2.55221  4.0907  -1.99654  3.46563  -1.30377  2.72031  -0.508839  1.89075  0.350627  1.01478  1.23616  
0.434819  0.725487  1.59749  -0.427289  2.72425  -1.52038  3.76478  -2.50343  4.67026  -3.32841  5.39561  -3.95257  5.90268  -4.34182  6.1636  -4.47411  6.1636  -4.34182  5.90268  -3.95257  5.39561  -3.32841  4.67026  -2.50343  3.76478  -1.52038  2.72425  -0.427289  1.59749  0.725487  0.434819  
1.37517  1.01835  -0.0520878  2.43025  -1.43726  3.76695  -2.71782  4.96714  -3.83297  5.97287  -4.7267  6.73281  -5.35163  7.20633  -5.67323  7.36719  -5.67323  7.20633  -5.35163  6.73281  -4.7267  5.97287  -3.83297  4.96714  -2.71782  3.76694  -1.43726  2.43025  -0.0520877  1.01835  1.37517  
0.179006  0.59705  1.85118  -1.06097  3.47159  -2.63261  4.96713  -4.04494  6.26735  -5.22902  7.30786  -6.12398  8.03459  -6.68167  8.40829  -6.87114  8.40829  -6.68167  8.03459  -6.12398  7.30786  -5.22902  6.26735  -4.04494  4.96713  -2.63261  3.47159  -1.06097  1.85118  0.59705  0.179006  
1.48776  1.01294  -0.411543  2.89191  -2.25473  4.67006  -3.95755  6.26519  -5.43887  7.6003  -6.62465  8.60797  -7.45293  9.23525  -7.87886  9.44825  -7.87886  9.23525  -7.45293  8.60797  -6.62465  7.6003  -5.43887  6.26519  -3.95755  4.67006  -2.25473  2.89191  -0.411543  1.01294  1.48776  
-0.0466066  0.478547  2.05401  -1.60444  4.08943  -3.57801  5.96655  -5.34974  7.59655  -6.83321  8.8992  -7.95299  9.80793  -8.65008  10.2748  -8.88676  10.2748  -8.65008  9.80793  -7.95299  8.8992  -6.83321  7.59655  -5.34974  5.96655  -3.57801  4.08943  -1.60444  2.05401  0.478547  -0.0466065  
1.56574  0.995729  -0.714303  3.2515  -2.92681  5.38517  -4.96912  7.29707  -6.74343  8.89499  -8.16166  10.0993  -9.15102  10.8481  -9.65932  11.1022  -9.65932  10.8481  -9.15102  10.0993  -8.16166  8.89499  -6.74343  7.29706  -4.96912  5.38517  -2.92681  3.2515  -0.714303  0.995729  1.56574  
-0.23496  0.372285  2.19402  -2.03652  4.54741  -4.31761  6.71579  -6.36295  8.59602  -8.07288  10.0962  -9.36162  11.1413  -10.1629  11.6777  -10.4348  11.6777  -10.1629  11.1413  -9.36162  10.0962  -8.07288  8.59602  -6.36295  6.71579  -4.31761  4.54741  -2.03652  2.19402  0.372285  -0.23496  
1.60294  0.964622  -0.950328  3.4909  -3.42778  5.8791  -5.71249  8.01633  -7.69443  9.79965  -9.27598  11.1414  -10.3776  11.9747  -10.943  12.2572  -10.943  11.9747  -10.3776  11.1414  -9.27598  9.79965  -7.69443  8.01633  -5.71249  5.8791  -3.42778  3.4909  -0.950328  0.964622  1.60294  
-0.381179  0.27984  2.2629  -2.34255  4.82448  -4.8245  7.18232  -7.04701  9.22362  -8.90191  10.8495  -10.2975  11.9803  -11.1641  12.56  -11.4579  12.56  -11.1641  11.9803  -10.2975  10.8495  -8.90191  9.22362  -7.04701  7.18232  -4.8245  4.82448  -2.34255  2.2629  0.27984  -0.381179  
1.5955  0.918289  -1.11335  3.59876  -3.7416  6.13122  -6.16294  8.39446  -8.26006  10.2796  -9.9305  11.6955  -11.0922  12.5734  -11.6877  12.8709  -11.6877  12.5734  -11.0922  11.6955  -9.9305  10.2796  -8.26006  8.39446  -6.16294  6.13122  -3.7416  3.59875  -1.11335  0.918289  1.5955  
-0.482703  0.202021  2.25619  -2.51472  4.90943  -5.08449  7.34914  -7.38252  9.45785  -9.29704  11.1343  -10.7349  12.2983  -11.6265  12.8945  -11.9285  12.8945  -11.6265  12.2983  -10.7349  11.1343  -9.29704  9.45785  -7.38252  7.34913  -5.08449  4.90943  -2.51472  2.25619  0.202021  -0.482703  
1.54191  0.856194  -1.20095  3.57057  -3.86205  6.13358  -6.31118  8.42095  -8.42894  10.3228  -10.1127  11.7486  -11.2817  12.6314  -11.8804  12.9303  -11.8804  12.6314  -11.2817  11.7486  -10.1127  10.3228  -8.42894  8.42095  -6.31118  6.13358  -3.86205  3.57057  -1.20095  0.856194  1.54191  
-0.539228  0.138889  2.17324  -2.55198  4.80073  -5.09586  7.21431  -7.36767  9.29707  -9.25702  10.9498  -10.6735  12.0955  -11.5505  12.6816  -11.8474  12.6816  -11.5505  12.0955  -10.6735  10.9498  -9.25702  9.29707  -7.36767  7.21431  -5.09586  4.80073  -2.55198  2.17324  0.138889  -0.539228  
1.44285  0.778557  -1.21431  3.4084  -3.79218  5.89021  -6.16242  8.10217  -8.20875  9.93805  -9.83286  11.312  -10.9586  12.1616  -11.5344  12.4489  -11.5344  12.1616  -10.9586  11.312  -9.83286  9.93805  -8.20875  8.10217  -6.16242  5.89021  -3.79218  3.4084  -1.21431  0.778557  1.44285  
-0.552507  0.0898341  2.01686  -2.4594  4.50564  -4.86814  6.78963  -7.01654  8.75753  -8.80027  10.3164  -10.1353  11.3953  -10.9607  11.9466  -11.24  11.9466  -10.9607  11.3953  -10.1353  10.3164  -8.80027  8.75753  -7.01654  6.78963  -4.86814  4.50564  -2.4594  2.01686  0.0898341  -0.552507  
1.30097  0.686264  -1.15784  3.12005  -3.54325  5.41569  -5.73458  7.45921  -7.62371  9.15254  -9.12056  10.4177  -10.1565  11.199  -10.6859  11.463  -10.6859  11.199  -10.1565  10.4177  -9.12056  9.15253  -7.62371  7.4592  -5.73458  5.41569  -3.54325  3.12005  -1.15784  0.686264  1.30097  
-0.526047  0.0536773  1.79285  -2.24734  4.03898  -4.42056  6.09853  -6.35668  7.87058  -7.96172  9.2721  -9.16117  10.2406  -9.90186  10.735  -10.1522  10.735  -9.90186  10.2406  -9.16117  9.2721  -7.96172  7.87058  -6.35668  6.09853  -4.42056  4.03898  -2.24734  1.79285  0.0536773  -0.526047  
1.12055  0.580767  -1.03859  2.71816  -3.1333  4.73336  -5.05609  6.52529  -6.71158  8.00803  -8.02139  9.11424  -8.92669  9.7965  -9.38885  10.027  -9.38885  9.7965  -8.92669  9.11424  -8.02139  8.00802  -6.71158  6.52529  -5.05609  4.73336  -3.1333  2.71816  -1.03859  0.580767  1.12055  
-0.464756  0.0287917  1.50943  -1.9304  3.42167  -3.78009  5.17379  -5.42635  6.67953  -6.78934  7.86878  -7.80653  8.68958  -8.43399  9.10821  -8.64596  9.10821  -8.43399  8.68958  -7.80653  7.86878  -6.78934  6.67953  -5.42635  5.17379  -3.78009  3.42167  -1.9304  1.50943  0.0287917  -0.464756  
0.907177  0.463957  -0.865702  2.21913  -2.58569  3.87338  -4.16351  5.34304  -5.52054  6.55764  -6.59289  7.46269  -7.33323  8.02034  -7.71087  8.20861  -7.71087  8.02034  -7.33323  7.46269  -6.59289  6.55764  -5.52054  5.34304  -4.16351  3.87338  -2.58569  2.21913  -0.865701  0.463957  0.907177  
-0.374594  0.0132224  1.17667  -1.52642  2.67927  -2.97956  4.05525  -4.27188  5.23661  -5.3407  6.16862  -6.1375  6.81123  -6.62858  7.13873  -6.79439  7.13873  -6.62858  6.81123  -6.1375  6.16862  -5.3407  5.23661  -4.27188  4.05525  -2.97956  2.67927  -1.52642  1.17667  0.0132224  -0.374594  
0.667348  0.338059  -0.649806  1.64216  -1.92769  2.87094  -3.09938  3.96185  -4.10627  4.8626  -4.90118  5.53315  -5.4495  5.94598  -5.72902  6.0853  -5.72902  5.94598  -5.4495  5.53315  -4.90118  4.8626  -4.10627  3.96185  -3.09938  2.87094  -1.92769  1.64216  -0.649806  0.338059  0.667348  
-0.262257  0.00479153  0.805936  -1.05547  1.84063  -2.05596  2.78773  -2.94522  3.6003  -3.68011  4.24084  -4.22753  4.68215  -4.5647  4.90695  -4.67851  4.90695  -4.5647  4.68215  -4.22753  4.24084  -3.68011  3.6003  -2.94522  2.78773  -2.05596  1.84063  -1.05547  0.805936  0.00479154  -0.262257  
0.408227  0.205527  -0.402575  1.00833  -1.18922  1.76464  -1.91025  2.43578  -2.52953  2.98957  -3.01811  3.40157  -3.35492  3.65509  -3.52655  3.74062  -3.52655  3.65509  -3.35492  3.40157  -3.01811  2.98957  -2.52953  2.43578  -1.91025  1.76464  -1.18922  1.00833  -0.402575  0.205527  0.408227  
-0.134911  0.00118205  0.409462  -0.539176  0.936765  -1.049  1.41931  -1.50199  1.83313  -1.87617  2.15918  -2.15477  2.38372  -2.32629  2.49805  -2.38417  2.49805  -2.32629  2.38372  -2.15477  2.15918  -1.87617  1.83313  -1.50199  1.41931  -1.049  0.936765  -0.539176  0.409462  0.00118205  -0.134911  
0.137386  0.06896  -0.136318  0.339972  -0.401869  0.595264  -0.645229  0.821751  -0.854188  1.00858  -1.01899  1.14753  -1.13257  1.233  -1.19043  1.26184  -1.19043  1.233  -1.13257  1.14753  -1.01899  1.00858  -0.854188  0.821751  -0.645229  0.595264  -0.401869  0.339972  -0.136318  0.06896  0.137386  
0  0  0  0  0  0  0  0  0  0  0  0  0  0  0  0  0  0  0  0  0  0  0  0  0  0  0  0  0  0  0  
