1  1  1  1  1  1  1  1  1  1  1  1  1  1  1  1  1  1  1  1  1  1  1  1  1  1  1  1  1  1  1  
2.51172  1.48397  -1.59928  5.55486  -5.58666  9.4131  -9.27328  12.8827  -12.4856  15.7951  -15.0623  17.9993  -16.8655  19.3744  -17.7939  19.8418  -17.7939  19.3744  -16.8655  17.9993  -15.0623  15.7951  -12.4856  12.8827  -9.27328  9.4131  -5.58666  5.55486  -1.59928  1.48397  2.51172  
-2.13251  -0.0899095  6.03788  -8.18196  13.9616  -15.8517  21.2863  -22.7486  27.6673  -28.5375  32.7843  -32.9182  36.3646  -35.6509  38.2079  -36.5798  38.2079  -35.6509  36.3646  -32.9182  32.7843  -28.5375  27.6673  -22.7486  21.2863  -15.8517  13.9616  -8.18196  6.03788  -0.0899095  -2.13251  
5.4585  2.4262  -6.67069  14.4372  -18.4348  25.8192  -29.3089  36.0514  -38.7805  44.6367  -46.3744  51.1315  -51.6867  55.182  -54.4214  56.5587  -54.4214  55.182  -51.6867  51.1315  -46.3744  44.6367  -38.7805  36.0513  -29.3089  25.8192  -18.4348  14.4372  -6.67069  2.4262  5.4585  
-5.11312  -1.129  10.8234  -16.9131  26.2781  -31.8702  40.5592  -45.3138  52.9933  -56.5904  62.958  -65.1188  69.9263  -70.4361  73.5124  -72.2431  73.5124  -70.4361  69.9263  -65.1188  62.958  -56.5904  52.9933  -45.3138  40.5592  -31.8702  26.2781  -16.9131  10.8234  -1.129  -5.11312  
8.18027  3.29298  -11.3689  22.6524  -30.3286  40.9926  -47.8456  57.4697  -63.0918  71.2835  -75.3055  81.7255  -83.8433  88.2333  -88.2361  90.4444  -88.2361  88.2333  -83.8433  81.7255  -75.3055  71.2835  -63.0918  57.4697  -47.8455  40.9926  -30.3286  22.6524  -11.3689  3.29298  8.18027  
-7.79981  -2.06978  15.1203  -24.7718  37.3463  -46.2769  57.8723  -65.5909  75.7272  -81.7757  90.0219  -94.0039  100.009  -101.622  105.145  -104.21  105.145  -101.622  100.009  -94.0039  90.0219  -81.7757  75.7272  -65.5909  57.8723  -46.2769  37.3463  -24.7718  15.1203  -2.06978  -7.79981  
10.5431  4.03943  -15.4717  29.8032  -40.7005  54.2007  -63.9934  76.0999  -84.2454  94.4383  -100.45  108.284  -111.765  116.906  -117.583  119.834  -117.583  116.906  -111.765  108.284  -100.45  94.4383  -84.2454  76.0999  -63.9934  54.2007  -40.7005  29.8032  -15.4717  4.03943  10.5431  
-10.0692  -2.87101  18.7236  -31.3916  46.6421  -58.3962  72.4055  -82.6247  94.7894  -102.901  112.686  -118.201  125.174  -127.723  131.592  -130.956  131.592  -127.723  125.174  -118.201  112.686  -102.901  94.7894  -82.6247  72.4055  -58.3962  46.6421  -31.3916  18.7236  -2.87101  -10.0692  
12.4357  4.62822  -18.7941  35.5587  -49.0777  64.8345  -77.0141  91.0829  -101.271  113.032  -120.652  129.58  -134.168  139.873  -141.11  143.366  -141.11  139.873  -134.168  129.58  -120.652  113.032  -101.271  91.0829  -77.0141  64.8345  -49.0777  35.5587  -18.7941  4.62822  12.4357  
-11.8235  -3.50008  21.4702  -36.4817  53.7504  -67.6938  83.5118  -95.6634  109.332  -119.035  129.944  -136.642  144.306  -147.587  151.68  -151.3  151.68  -147.587  144.306  -136.642  129.944  -119.035  109.332  -95.6634  83.5118  -67.6938  53.7504  -36.4817  21.4702  -3.50008  -11.8235  
13.7745  5.03149  -21.1975  39.6713  -55.1073  72.4399  -86.3589  101.783  -113.454  126.279  -135.066  144.717  -150.114  156.17  -157.836  160.054  -157.836  156.17  -150.114  144.717  -135.066  126.279  -113.454  101.783  -86.3589  72.4399  -55.1073  39.6713  -21.1975  5.03149  13.7745  
-12.995  -3.93447  23.2471  -39.8403  58.3833  -73.8002  90.7456  -104.192  118.779  -129.544  141.118  -148.611  156.659  -160.447  164.629  -164.459  164.629  -160.447  156.659  -148.611  141.118  -129.544  118.779  -104.192  90.7456  -73.8002  58.3832  -39.8403  23.2471  -3.93447  -12.995  
14.5076  5.23191  -22.5953  41.9861  -58.5687  76.7346  -91.6887  107.808  -120.358  133.703  -143.184  153.161  -159.051  165.229  -167.185  169.319  -167.185  165.229  -159.051  153.161  -143.184  133.703  -120.358  107.808  -91.6887  76.7346  -58.5687  41.9861  -22.5953  5.23191  14.5076  
-13.5478  -4.16232  23.9941  -41.3598  60.3879  -76.5209  93.8744  -107.945  122.834  -134.111  145.869  -153.755  161.868  -165.931  170.063  -170.056  170.063  -165.931  161.868  -153.755  145.869  -134.111  122.834  -107.945  93.8744  -76.5209  60.3879  -41.3598  23.9941  -4.16232  -13.5478  
14.6149  5.22281  -22.9536  42.4423  -59.3763  77.6104  -92.8759  109.016  -121.826  135.141  -144.834  154.736  -160.801  166.872  -168.976  170.981  -168.976  166.872  -160.801  154.736  -144.834  135.141  -121.826  109.016  -92.8759  77.6104  -59.3763  42.4423  -22.9536  5.22281  14.6149  
-13.4772  -4.18223  23.7026  -41.0252  59.7436  -75.8315  92.8723  -106.896  121.477  -132.717  144.186  -152.068  159.934  -164.045  167.991  -168.099  167.991  -164.045  159.934  -152.068  144.186  -132.717  121.477  -106.896  92.8723  -75.8315  59.7436  -41.0252  23.7026  -4.18223  -13.4772  
14.1063  5.00762  -22.2883  41.0682  -57.5715  75.1226  -89.9914  105.493  -117.965  130.714  -140.155  149.597  -155.531  161.276  -163.394  165.227  -163.394  161.276  -155.531  149.597  -140.155  130.714  -117.965  105.493  -89.9914  75.1226  -57.5715  41.0682  -22.2883  5.00762  14.1063  
-12.8069  -4.00228  22.4115  -38.9057  56.5502  -71.8626  87.9007  -101.239  114.928  -125.616  136.349  -143.853  151.179  -155.125  158.759  -158.938  158.759  -155.125  151.179  -143.853  136.349  -125.616  114.928  -101.239  87.9007  -71.8626  56.5502  -38.9057  22.4115  -4.00228  -12.8069  
13.0181  4.59864  -20.6596  37.9712  -53.3083  69.4715  -83.2805  97.53  -109.104  120.793  -129.555  138.182  -143.704  148.922  -150.933  152.554  -150.933  148.922  -143.704  138.182  -129.555  120.793  -109.104  97.53  -83.2805  69.4715  -53.3083  37.9712  -20.6596  4.59864  13.0181  
-11.585  -3.63864  20.2004  -35.1434  51.0109  -64.8774  79.2811  -91.3505  103.62  -113.285  122.879  -129.669  136.193  -139.784  142.991  -143.202  142.991  -139.784  136.193  -129.669  122.879  -113.285  103.62  -91.3505  79.2811  -64.8774  51.0109  -35.1434  20.2004  -3.63864  -11.585  
11.4088  4.01553  -18.1644  33.3241  -46.834  60.9766  -73.1327  85.5813  -95.762  105.952  -113.657  121.156  -126.021  130.537  -132.331  133.706  -132.331  130.537  -126.021  121.156  -113.657  105.952  -95.762  85.5813  -73.1327  60.9766  -46.834  33.324  -18.1644  4.01553  11.4088  
-9.87912  -3.11399  17.1814  -29.9385  43.4121  -55.2455  67.4628  -77.755  88.1441  -96.3807  104.487  -110.275  115.771  -118.843  121.527  -121.737  121.527  -118.843  115.771  -110.275  104.487  -96.3807  88.1441  -77.755  67.4628  -55.2455  43.4121  -29.9385  17.1814  -3.11399  -9.87912  
9.35431  3.28367  -14.9282  27.3512  -38.469  50.0511  -60.0491  70.231  -78.5983  86.9182  -93.2486  99.3583  -103.359  107.026  -108.515  109.615  -108.515  107.026  -103.359  99.3583  -93.2486  86.9182  -78.5983  70.231  -60.0491  50.0511  -38.469  27.3512  -14.9282  3.28367  9.35431  
-7.77174  -2.45586  13.4918  -23.5358  34.1035  -43.4173  52.9914  -61.087  69.2176  -75.6924  82.0256  -86.5758  90.86  -93.2812  95.3636  -95.545  95.3636  -93.2812  90.86  -86.5758  82.0256  -75.6924  69.2176  -61.087  52.9914  -43.4173  34.1035  -23.5358  13.4918  -2.45586  -7.77174  
6.94277  2.43262  -11.0978  20.3149  -28.5876  37.1766  -44.6127  52.1562  -58.3757  64.5317  -69.2354  73.7487  -76.7233  79.4252  -80.5396  81.3411  -80.5396  79.4252  -76.7233  73.7487  -69.2354  64.5317  -58.3757  52.1562  -44.6127  37.1766  -28.5876  20.3149  -11.0978  2.43262  6.94277  
-5.35566  -1.69518  9.28629  -16.2117  23.4796  -29.9  36.4805  -42.0585  47.6415  -52.1006  56.4442  -59.5777  62.5114  -64.1814  65.6027  -65.7351  65.6027  -64.1814  62.5114  -59.5777  56.4442  -52.1006  47.6415  -42.0585  36.4805  -29.9  23.4796  -16.2117  9.28629  -1.69518  -5.35566  
4.27105  1.49474  -6.83422  12.5032  -17.6006  22.8815  -27.462  32.0972  -35.9266  39.7059  -42.6013  45.3691  -47.2008  48.8551  -49.544  50.0313  -49.544  48.8551  -47.2008  45.3691  -42.6013  39.7059  -35.9266  32.0972  -27.462  22.8815  -17.6006  12.5032  -6.83422  1.49474  4.27105  
-2.73054  -0.865084  4.7313  -8.26335  11.9646  -15.2386  18.5885  -21.4321  24.2726  -26.5451  28.7535  -30.3503  31.8404  -32.6922  33.4128  -33.4824  33.4128  -32.6922  31.8404  -30.3503  28.7535  -26.5451  24.2726  -21.4321  18.5885  -15.2386  11.9646  -8.26335  4.7313  -0.865084  -2.73054  
1.44134  0.504134  -2.30748  4.22037  -5.94191  7.7236  -9.27031  10.8336  -12.1264  13.4006  -14.3779  15.3105  -15.9289  16.4858  -16.7188  16.8824  -16.7188  16.4858  -15.9289  15.3105  -14.3779  13.4006  -12.1264  10.8336  -9.27031  7.7236  -5.94191  4.22037  -2.30748  0.504134  1.44134  
0  0  0  0  0  0  0  0  0  0  0  0  0  0  0  0  0  0  0  0  0  0  0  0  0  0  0  0  0  0  0  
