1  1  1  1  1  1  1  1  1  1  1  1  1  1  1  1  1  1  1  1  1  1  1  1  1  1  1  1  1  1  1  
-7.66022  -1.91638  15.3151  -24.6698  37.5981  -46.2359  58.1992  -65.6308  76.1493  -81.9117  90.5466  -94.2339  100.622  -101.921  105.809  -104.534  105.809  -101.921  100.622  -94.2339  90.5466  -81.9117  76.1493  -65.6308  58.1992  -46.2359  37.5981  -24.6698  15.3151  -1.91638  -7.66022  
18.0846  6.66835  -27.5806  51.8913  -71.8701  94.7515  -112.814  133.291  -148.484  165.637  -177.089  190.115  -197.105  205.383  -207.409  210.573  -207.409  205.383  -197.105  190.115  -177.089  165.637  -148.484  133.291  -112.814  94.7515  -71.8701  51.8913  -27.5806  6.66835  18.0846  
-24.5525  -7.60575  43.2345  -74.739  108.977  -138.36  169.742  -195.557  222.667  -243.55  265.099  -279.859  294.781  -302.503  310.06  -310.2  310.06  -302.503  294.781  -279.859  265.099  -243.55  222.667  -195.557  169.742  -138.36  108.977  -74.739  43.2345  -7.60575  -24.5525  
34.3198  12.0521  -54.751  100.263  -141.135  183.846  -220.963  258.968  -290.47  321.978  -346.176  369.63  -385.132  399.34  -405.18  409.436  -405.18  399.34  -385.132  369.63  -346.176  321.978  -290.47  258.968  -220.963  183.846  -141.135  100.263  -54.751  12.0521  34.3198  
-40.1881  -12.8743  69.0671  -121.08  175.022  -223.595  272.907  -315.701  358.1  -392.923  426.345  -451.297  474.049  -487.679  498.593  -500.041  498.593  -487.679  474.049  -451.297  426.345  -392.923  358.1  -315.701  272.907  -223.595  175.022  -121.08  69.0671  -12.8743  -40.1881  
48.911  16.8851  -79.1924  143.757  -203.424  263.932  -318.16  371.857  -417.97  462.292  -497.882  530.617  -553.713  573.183  -582.429  587.642  -582.429  573.183  -553.713  530.617  -497.882  462.292  -417.97  371.857  -318.16  263.932  -203.424  143.757  -79.1924  16.8851  48.911  
-53.8195  -17.4719  91.5709  -161.473  232.559  -297.847  362.721  -420.262  475.885  -522.777  566.429  -600.182  629.653  -648.381  662.158  -664.749  662.158  -648.381  629.653  -600.182  566.429  -522.777  475.885  -420.262  362.721  -297.847  232.559  -161.473  91.5709  -17.4719  -53.8195  
61.168  20.9365  -99.7581  180.326  -255.808  331.233  -399.82  466.62  -524.948  579.918  -624.995  665.405  -694.812  718.608  -730.691  736.669  -730.691  718.608  -694.812  665.405  -624.995  579.918  -524.948  466.62  -399.82  331.233  -255.808  180.326  -99.7581  20.9365  61.168  
-64.824  -21.1903  109.711  -194.07  278.947  -357.711  435.057  -504.439  570.601  -627.138  678.892  -719.65  754.408  -777.19  793.198  -796.718  793.198  -777.19  754.408  -719.65  678.892  -627.138  570.601  -504.439  435.057  -357.711  278.947  -194.07  109.711  -21.1903  -64.824  
70.544  24.0234  -115.538  208.343  -295.968  382.763  -462.328  539.054  -606.669  669.645  -721.894  768.027  -802.187  829.179  -843.41  849.925  -843.41  829.179  -802.187  768.027  -721.894  669.645  -606.669  539.054  -462.328  382.763  -295.968  208.343  -115.538  24.0234  70.544  
-72.7368  -23.8744  122.713  -217.487  312.213  -400.652  486.849  -564.676  638.251  -701.614  759.007  -804.693  843.088  -868.721  886.233  -890.435  886.233  -868.721  843.088  -804.693  759.007  -701.614  638.251  -564.676  486.849  -400.652  312.213  -217.487  122.713  -23.8744  -72.7368  
76.6598  26.0194  -125.902  226.681  -322.294  416.456  -503.194  586.282  -659.904  727.94  -784.784  834.476  -871.668  900.606  -916.226  923.024  -916.226  900.606  -871.668  834.476  -784.784  727.94  -659.904  586.282  -503.194  416.456  -322.294  226.681  -125.902  26.0194  76.6598  
-77.2675  -25.4278  130.091  -230.858  331.124  -425.091  516.2  -598.79  676.395  -743.551  803.934  -852.326  892.594  -919.797  938.036  -942.661  938.036  -919.797  892.594  -852.326  803.934  -743.551  676.395  -598.79  516.2  -425.091  331.124  -230.858  130.091  -25.4278  -77.2675  
79.3145  26.858  -130.512  234.738  -333.934  431.225  -521.118  606.817  -683.009  753.022  -811.779  862.782  -901.222  930.815  -947.04  953.86  -947.04  930.815  -901.222  862.782  -811.779  753.022  -683.009  606.817  -521.118  431.225  -333.934  234.738  -130.512  26.858  79.3145  
-78.3038  -25.8136  131.657  -233.845  335.2  -430.423  522.397  -605.978  684.164  -752.025  812.717  -861.569  901.933  -929.419  947.608  -952.393  947.608  -929.419  901.933  -861.569  812.717  -752.025  684.164  -605.978  522.397  -430.423  335.2  -233.845  131.657  -25.8136  -78.3038  
78.4814  26.5308  -129.321  232.429  -330.772  426.934  -515.956  600.518  -675.858  744.796  -802.815  852.915  -890.851  919.835  -935.897  942.484  -935.897  919.835  -890.851  852.915  -802.815  744.796  -675.858  600.518  -515.956  426.934  -330.772  232.429  -129.321  26.5308  78.4814  
-75.901  -25.0511  127.499  -226.605  324.674  -416.958  505.837  -586.73  662.143  -727.721  786.133  -833.286  872.042  -898.579  915.974  -920.67  915.974  -898.579  872.042  -833.286  786.133  -727.721  662.143  -586.73  505.837  -416.958  324.674  -226.605  127.499  -25.0511  -75.901  
74.2931  25.0831  -122.547  220.143  -313.365  404.311  -488.61  568.462  -639.698  704.67  -759.449  806.567  -842.358  869.548  -884.733  890.849  -884.733  869.548  -842.358  806.567  -759.449  704.67  -639.698  568.462  -488.61  404.311  -313.365  220.143  -122.547  25.0831  74.2931  
-70.2631  -23.2092  117.952  -209.739  300.405  -385.815  467.89  -542.663  612.184  -672.71  726.454  -769.922  805.509  -829.97  845.894  -850.271  845.893  -829.97  805.509  -769.922  726.454  -672.71  612.184  -542.663  467.89  -385.815  300.405  -209.739  117.952  -23.2092  -70.2631  
67.0182  22.6051  -110.634  198.671  -282.85  364.829  -440.876  512.757  -576.933  635.316  -684.598  726.86  -759.032  783.372  -797.038  802.471  -797.038  783.372  -759.032  726.86  -684.598  635.316  -576.933  512.757  -440.876  364.829  -282.85  198.671  -110.634  22.6051  67.0182  
-61.7168  -20.3976  103.56  -184.212  263.776  -338.781  410.733  -476.322  537.178  -590.2  637.166  -675.2  706.246  -727.643  741.502  -745.362  741.502  -727.643  706.246  -675.2  637.166  -590.199  537.178  -476.322  410.733  -338.781  263.776  -184.212  103.56  -20.3976  -61.7168  
57.035  19.2239  -94.2096  169.133  -240.826  310.553  -375.267  436.333  -490.879  540.404  -582.241  618.035  -645.325  665.906  -677.508  682.075  -677.508  665.906  -645.325  618.035  -582.241  540.404  -490.879  436.333  -375.267  310.553  -240.826  169.133  -94.2096  19.2239  57.035  
-50.6851  -16.7579  85.0236  -151.279  216.578  -278.165  337.167  -390.971  440.814  -484.258  522.671  -553.805  579.161  -596.671  607.968  -611.145  607.968  -596.671  579.161  -553.805  522.671  -484.258  440.814  -390.971  337.167  -278.165  216.578  -151.279  85.0236  -16.7579  -50.6851  
44.8047  15.0935  -74.0398  132.9  -189.249  244  -294.83  342.736  -385.538  424.344  -457.14  485.153  -506.53  522.617  -531.709  535.264  -531.709  522.617  -506.53  485.153  -457.14  424.344  -385.538  342.736  -294.83  244  -189.249  132.9  -74.0398  15.0935  44.8047  
-37.6608  -12.4548  63.1632  -112.405  160.902  -206.657  250.45  -290.393  327.353  -359.576  388.031  -411.105  429.867  -442.84  451.189  -453.552  451.189  -442.84  429.867  -411.105  388.031  -359.576  327.353  -290.393  250.45  -206.657  160.902  -112.405  63.1632  -12.4548  -37.6608  
30.8466  10.3876  -50.9892  91.5139  -130.323  168.006  -202.996  235.945  -265.389  292.056  -314.6  333.833  -348.519  359.554  -365.802  368.234  -365.802  359.554  -348.519  333.833  -314.6  292.056  -265.389  235.945  -202.996  168.006  -130.323  91.5139  -50.9892  10.3876  30.8466  
-23.1846  -7.66853  38.8797  -69.1984  99.0457  -127.21  154.151  -178.726  201.449  -221.262  238.742  -252.922  264.441  -272.411  277.532  -278.987  277.532  -272.411  264.441  -252.922  238.742  -221.262  201.449  -178.726  154.151  -127.21  99.0457  -69.1984  38.8797  -7.66853  -23.1846  
15.7183  5.29205  -25.9869  46.6375  -66.4175  85.6161  -103.444  120.224  -135.22  148.794  -160.27  170.054  -177.528  183.139  -186.319  187.553  -186.319  183.139  -177.528  170.054  -160.27  148.794  -135.22  120.224  -103.444  85.6161  -66.4175  46.6375  -25.9869  5.29205  15.7183  
-7.82671  -2.58894  13.1244  -23.3602  33.4348  -42.9422  52.0339  -60.3273  67.993  -74.6774  80.5725  -85.3551  89.2382  -91.9261  93.6518  -94.1431  93.6518  -91.9261  89.2382  -85.3551  80.5725  -74.6774  67.993  -60.3273  52.0339  -42.9422  33.4348  -23.3602  13.1244  -2.58894  -7.82671  
0  0  0  0  0  0  0  0  0  0  0  0  0  0  0  0  0  0  0  0  0  0  0  0  0  0  0  0  0  0  0  
