1  1  1  1  1  1  1  1  1  1  1  1  1  1  1  1  1  1  1  1  1  1  1  1  1  1  1  1  1  1  1  
3784.37  1265.71  -6290.25  11242.8  -16061.4  20699.3  -25095.1  29203.6  -32966.3  36342.5  -39279.7  41745.5  -43697.7  45116.2  -45972.6  46262  -45972.6  45116.2  -43697.7  41745.5  -39279.7  36342.5  -32966.3  29203.6  -25095.1  20699.3  -16061.4  11242.8  -6290.25  1265.71  3784.37  
-7518.72  -2512.76  12505.1  -22343  31925.6  -41137.3  49878.6  -58037.2  65519.3  -72221.4  78062.2  -82954.9  86838.5  -89650.3  91357  -91926.2  91357  -89650.3  86838.5  -82954.9  78062.2  -72221.4  65519.3  -58037.2  49878.6  -41137.3  31925.6  -22343  12505.1  -2512.76  -7518.72  
11163.3  3732.23  -18561  33169.5  -47389.2  61066.4  -74035  86146.3  -97243.1  107190  -115850  123111  -128866  133040  -135566  136415  -135566  133040  -128866  123111  -115850  107190  -97243.1  86146.3  -74035  61066.4  -47389.2  33169.5  -18561  3732.23  11163.3  
-14666  -4901.76  24390.9  -43582  62269.3  -80233.7  97272.7  -113175  127750  -140806  152176  -161702  169257  -174730  178048  -179157  178048  -174730  169257  -161702  152176  -140806  127750  -113175  97272.7  -80233.7  62269.3  -43582  24390.9  -4901.76  -14666  
17991.2  6014.18  -29916.9  53461.3  -76378  98412.8  -119301  138799  -156659  172660  -186585  198256  -207504  214208  -218267  219629  -218267  214208  -207504  198256  -186585  172660  -156659  138799  -119301  98412.8  -76378  53461.3  -29916.9  6014.18  17991.2  
-21092.5  -7049.36  35079.9  -62682.6  89553.9  -115380  139864  -162705  183629  -202362  218668  -232324  243149  -250989  255740  -257330  255740  -250989  243149  -232324  218668  -202362  183629  -162705  139864  -115380  89553.9  -62682.6  35079.9  -7049.36  -21092.5  
23940.1  8001.78  -39813.2  71145  -101637  130943  -158713  184620  -208337  229571  -248041  263511  -275766  284645  -290020  291822  -290020  284645  -275766  263511  -248041  229571  -208337  184620  -158713  130943  -101637  71145  -39813.2  8001.78  23940.1  
-26495.6  -8854.33  44069.4  -78746.3  112495  -144920  175643  -204288  230509  -253970  274377  -291457  304990  -314787  320722  -322708  320722  -314787  304990  -291457  274377  -253970  230509  -204288  175643  -144920  112495  -78746.3  44069.4  -8854.33  -26495.6  
28737  9603.77  -47796  85409.8  -122006  157164  -190461  221502  -249899  275303  -297385  315867  -330500  341097  -347510  349659  -347510  341097  -330500  315867  -297385  275303  -249899  221502  -190461  157164  -122006  85409.8  -47796  9603.77  28737  
-30635.5  -10236.5  50960.3  -91060.6  130076  -167544  203023  -236079  266313  -293344  316837  -336486  352044  -363302  370119  -372400  370119  -363302  352044  -336486  316837  -293344  266313  -236079  203023  -167544  130076  -91060.6  50960.3  -10236.5  -30635.5  
32178  10752  -53525.9  95649.3  -136622  175965  -213201  247886  -279592  307931  -332545  353128  -369416  381203  -388335  390724  -388335  381203  -369416  353128  -332545  307931  -279592  247886  -213201  175965  -136622  95649.3  -53525.9  10752  32178  
-33346  -11140.6  55475.7  -99130.5  141592  -182347  220913  -256818  289628  -318936  344385  -365653  382481  -394652  402019  -404483  402019  -394652  382481  -365653  344385  -318936  289628  -256818  220913  -182347  141592  -99130.5  55475.7  -11140.6  -33346  
34135.8  11404.3  -56790.3  101484  -144943  186652  -226100  262816  -296347  326291  -352275  373986  -391153  403570  -411080  413596  -411080  403570  -391153  373986  -352275  326291  -296347  262816  -226100  186652  -144943  101484  -56790.3  11404.3  34135.8  
-34539.1  -11537.3  57468.1  -102693  146667  -188853  228744  -265851  299729  -329964  356193  -378095  395411  -407928  415501  -418034  415501  -407928  395411  -378095  356193  -329964  299729  -265851  228744  -188853  146667  -102693  57468.1  -11537.3  -34539.1  
34561.1  11544.3  -57506  102764  -146760  188961  -228847  265939  -299783  329977  -356155  378009  -395278  407760  -415307  417833  -415307  407760  -395278  378009  -356155  329977  -299783  265939  -228847  188961  -146760  102764  -57506  11544.3  34561.1  
-34203  -11423.1  56916.8  -101709  145251  -187000  226451  -263118  296565  -326386  352232  -373797  390834  -403143  410586  -413075  410586  -403143  390834  -373797  352232  -326386  296565  -263118  226451  -187000  145251  -101709  56916.8  -11423.1  -34203  
33478.2  11180.6  -55712  99560.2  -142174  183027  -221615  257469  -290156  319291  -344527  365578  -382200  394208  -401465  403894  -401465  394208  -382200  365578  -344527  319291  -290156  257469  -221615  183027  -142174  99560.2  -55712  11180.6  33478.2  
-32396  -10817.7  53917  -96351.2  137588  -177110  214430  -249091  280680  -308820  333188  -353503  369541  -381121  388121  -390462  388121  -381121  369541  -353503  333188  -308820  280680  -249091  214430  -177110  137588  -96351.2  53917  -10817.7  -32396  
30976.3  10343.3  -51555.6  92134.8  -131561  169342  -205005  238117  -268279  295140  -318388  337765  -353054  364094  -370764  372996  -370764  364094  -353054  337765  -318388  295140  -268279  238117  -205005  169342  -131561  92134.8  -51555.6  10343.3  30976.3  
-29235.7  -9760.88  48663.5  -86965.5  124178  -159827  193470  -224694  253128  -278438  300337  -318581  332974  -343362  349639  -351737  349639  -343362  332974  -318581  300337  -278438  253128  -224694  193470  -159827  124178  -86965.5  48663.5  -9760.88  -29235.7  
27199  9080.64  -45274.4  80911.8  -115529  148688  -179971  208997  -235418  258930  -279264  296201  -309557  319196  -325017  326965  -325017  319196  -309557  296201  -279264  258930  -235418  208997  -179971  148688  -115529  80911.8  -45274.4  9080.64  27199  
-24888.1  -8308.17  41431.6  -74043.4  105721  -136057  164671  -191212  215365  -236848  255425  -270891  283086  -291883  297197  -298973  297197  -291883  283086  -270891  255425  -236848  215365  -191212  164671  -136057  105721  -74043.4  41431.6  -8308.17  -24888.1  
22331.6  7454.61  -37176.3  66440.9  -94863  122078  -147742  171542  -193192  212446  -229088  242941  -253859  261736  -266492  268083  -266492  261736  -253859  242941  -229088  212446  -193192  171542  -147742  122078  -94863  66440.9  -37176.3  7454.61  22331.6  
-19555.3  -6527.2  32557.1  -58185.1  83075  -106903  129371  -150199  169144  -185986  200540  -212651  222196  -229080  233237  -234626  233237  -229080  222196  -212651  200540  -185986  169144  -150199  129371  -106903  83075  -58185.1  32557.1  -6527.2  -19555.3  
16590.2  5537.48  -27620.8  49364.6  -70479.5  90692.7  -109747  127410  -143470  157745  -170077  180339  -188423  194254  -197773  198951  -197773  194254  -188423  180339  -170077  157745  -143470  127410  -109747  90692.7  -70479.5  49364.6  -27620.8  5537.48  16590.2  
-13465.1  -4493.99  22419.3  -40067.8  57206.2  -73610  89072.3  -103402  116430  -128007  138008  -146327  152881  -157606  160459  -161412  160459  -157606  152881  -146327  138008  -128007  116430  -103402  89072.3  -73610  57206.2  -40067.8  22419.3  -4493.99  -13465.1  
10212.1  3408.33  -17002.9  30388.6  -43385.8  55825.9  -67550  78414.6  -88290.3  97065.6  -104644  110948  -115913  119493  -121654  122377  -121654  119493  -115913  110948  -104644  97065.6  -88290.3  78414.6  -67550  55825.9  -43385.8  30388.6  -17002.9  3408.33  10212.1  
-6861.9  -2290.04  11425.5  -20420  29153.9  -37512.3  45389.6  -52688.2  59322.4  -65216.2  70306.2  -74539.1  77873.5  -80277  81728  -82213  81728  -80277  77873.5  -74539.1  70306.2  -65216.2  59322.4  -52688.2  45389.6  -37512.3  29153.9  -20420  11425.5  -2290.04  -6861.9  
3447.24  1150.49  -5739.76  10258.5  -14645.9  18844.9  -22801.7  26468  -29800  32760.2  -35316.3  37442.1  -39116.3  40323.3  -41051.7  41295.3  -41051.7  40323.3  -39116.3  37442.1  -35316.3  32760.2  -29800  26468  -22801.7  18844.9  -14645.9  10258.5  -5739.76  1150.49  3447.24  
0  0  0  0  0  0  0  0  0  0  0  0  0  0  0  0  0  0  0  0  0  0  0  0  0  0  0  0  0  0  0  
