1  1  1  1  1  1  1  1  1  1  1  1  1  1  1  1  1  1  1  1  1  1  1  1  1  1  1  1  1  1  1  
21664.9  7242.94  -36022.8  64372.4  -91972.7  118520  -143700  167217  -188771  208094  -224921  239032  -250219  258333  -263245  264894  -263245  258333  -250219  239032  -224921  208094  -188771  167217  -143700  118520  -91972.7  64372.4  -36022.8  7242.94  21664.9  
-43056.9  -14392.6  71600.4  -127941  182803  -235558  285603  -332328  375161  -413547  446983  -475007  497236  -513345  523109  -526377  523109  -513345  497236  -475007  446983  -413547  375161  -332328  285603  -235558  182803  -127941  71600.4  -14392.6  -43056.9  
63917.4  21366.7  -106286  189926  -271356  349665  -423931  493273  -556822  613773  -663365  704935  -737896  761788  -776261  781112  -776261  761788  -737896  704935  -663365  613773  -556822  493273  -423931  349665  -271356  189926  -106286  21366.7  63917.4  
-83982.1  -28071.8  139659  -249557  356552  -459425  556983  -648048  731499  -806262  871363  -925914  969169  -1.00051e+06  1.01951e+06  -1.02586e+06  1.01951e+06  -1.00051e+06  969169  -925914  871363  -806262  731499  -648048  556983  -459425  356552  -249557  139659  -28071.8  -83982.1  
103014  34433.5  -171309  306117  -437348  563512  -683128  794767  -897041  988653  -1.0684e+06  1.13522e+06  -1.18818e+06  1.22656e+06  -1.24981e+06  1.2576e+06  -1.24981e+06  1.22656e+06  -1.18818e+06  1.13522e+06  -1.0684e+06  988653  -897041  794767  -683128  563512  -437348  306117  -171309  34433.5  103014  
-120780  -40368.7  200865  -358927  512785  -660673  800862  -931662  1.05146e+06  -1.15874e+06  1.2521e+06  -1.3303e+06  1.39228e+06  -1.43718e+06  1.46438e+06  -1.47348e+06  1.46438e+06  -1.43718e+06  1.39228e+06  -1.3303e+06  1.2521e+06  -1.15874e+06  1.05146e+06  -931662  800862  -660673  512785  -358927  200865  -40368.7  -120780  
137078  45814.9  -227975  407375  -581978  749780  -908802  1.05714e+06  -1.19295e+06  1.31453e+06  -1.4203e+06  1.50887e+06  -1.57905e+06  1.62988e+06  -1.66067e+06  1.67098e+06  -1.66067e+06  1.62988e+06  -1.57905e+06  1.50887e+06  -1.4203e+06  1.31453e+06  -1.19295e+06  1.05714e+06  -908802  749780  -581978  407375  -227975  45814.9  137078  
-151718  -50703.8  252339  -450908  644150  -829820  1.00573e+06  -1.16976e+06  1.3199e+06  -1.45425e+06  1.57109e+06  -1.6689e+06  1.74638e+06  -1.80249e+06  1.83646e+06  -1.84784e+06  1.83646e+06  -1.80249e+06  1.74638e+06  -1.6689e+06  1.57109e+06  -1.45425e+06  1.3199e+06  -1.16976e+06  1.00573e+06  -829820  644150  -450908  252339  -50703.8  -151718  
164546  54988.2  -273685  489057  -698617  899926  -1.09059e+06  1.26832e+06  -1.43093e+06  1.57639e+06  -1.70284e+06  1.80866e+06  -1.89246e+06  1.95313e+06  -1.98986e+06  2.00216e+06  -1.98986e+06  1.95313e+06  -1.89246e+06  1.80866e+06  -1.70284e+06  1.57639e+06  -1.43093e+06  1.26832e+06  -1.09059e+06  899926  -698617  489057  -273685  54988.2  164546  
-175423  -58618  291797  -521420  744820  -959367  1.16251e+06  -1.3518e+06  1.52492e+06  -1.6797e+06  1.81422e+06  -1.92674e+06  2.01581e+06  -2.08028e+06  2.11931e+06  -2.13238e+06  2.11931e+06  -2.08028e+06  2.01581e+06  -1.92674e+06  1.81422e+06  -1.6797e+06  1.52492e+06  -1.3518e+06  1.16251e+06  -959367  744820  -521420  291797  -58618  -175423  
184250  61563.6  -306495  547689  -782307  1.00758e+06  -1.2208e+06  1.4194e+06  -1.60096e+06  1.76322e+06  -1.90417e+06  2.02202e+06  -2.11529e+06  2.18278e+06  -2.22363e+06  2.2373e+06  -2.22363e+06  2.18278e+06  -2.11529e+06  2.02202e+06  -1.90417e+06  1.76322e+06  -1.60096e+06  1.4194e+06  -1.2208e+06  1.00758e+06  -782307  547689  -306495  61563.6  184250  
-190943  -63794.2  317653  -567628  810756  -1.04413e+06  1.26496e+06  -1.47055e+06  1.65842e+06  -1.82624e+06  1.97196e+06  -2.09375e+06  2.1901e+06  -2.2598e+06  2.30197e+06  -2.31609e+06  2.30197e+06  -2.2598e+06  2.1901e+06  -2.09375e+06  1.97196e+06  -1.82624e+06  1.65842e+06  -1.47055e+06  1.26496e+06  -1.04413e+06  810756  -567628  317653  -63794.2  -190943  
195460  65298.7  -325186  581096  -829955  1.06877e+06  -1.29466e+06  1.50489e+06  -1.6969e+06  1.86835e+06  -2.01714e+06  2.14145e+06  -2.23976e+06  2.31086e+06  -2.35387e+06  2.36826e+06  -2.35387e+06  2.31086e+06  -2.23976e+06  2.14145e+06  -2.01714e+06  1.86835e+06  -1.6969e+06  1.50489e+06  -1.29466e+06  1.06877e+06  -829955  581096  -325186  65298.7  195460  
-197775  -66065.5  329062  -588024  839816  -1.08138e+06  1.30979e+06  -1.52228e+06  1.71626e+06  -1.88939e+06  2.03957e+06  -2.16499e+06  2.26414e+06  -2.33582e+06  2.37917e+06  -2.39368e+06  2.37917e+06  -2.33582e+06  2.26414e+06  -2.16499e+06  2.03957e+06  -1.88939e+06  1.71626e+06  -1.52228e+06  1.30979e+06  -1.08138e+06  839816  -588024  329062  -66065.5  -197775  
197896  66100.9  -329284  588429  -840357  1.08199e+06  -1.31039e+06  1.52277e+06  -1.71657e+06  1.88946e+06  -2.03936e+06  2.16449e+06  -2.26338e+06  2.33485e+06  -2.37807e+06  2.39253e+06  -2.37807e+06  2.33485e+06  -2.26338e+06  2.16449e+06  -2.03936e+06  1.88946e+06  -1.71657e+06  1.52277e+06  -1.31039e+06  1.08199e+06  -840357  588429  -329284  66100.9  197896  
-195850  -65411.3  325905  -582395  831709  -1.07077e+06  1.29666e+06  -1.50663e+06  1.69814e+06  -1.8689e+06  2.01689e+06  -2.14038e+06  2.23793e+06  -2.30841e+06  2.35103e+06  -2.36529e+06  2.35103e+06  -2.30841e+06  2.23793e+06  -2.14038e+06  2.01689e+06  -1.8689e+06  1.69814e+06  -1.50663e+06  1.29666e+06  -1.07077e+06  831709  -582395  325905  -65411.3  -195850  
191695  64018.6  -319011  570083  -814094  1.04802e+06  -1.26898e+06  1.47428e+06  -1.66145e+06  1.82827e+06  -1.97278e+06  2.09331e+06  -2.18849e+06  2.25725e+06  -2.29881e+06  2.31271e+06  -2.29881e+06  2.25725e+06  -2.18849e+06  2.09331e+06  -1.97278e+06  1.82827e+06  -1.66145e+06  1.47428e+06  -1.26898e+06  1.04802e+06  -814094  570083  -319011  64018.6  191695  
-185502  -61944.7  308729  -551713  787835  -1.01414e+06  1.22783e+06  -1.42631e+06  1.60718e+06  -1.76832e+06  1.90784e+06  -2.02417e+06  2.116e+06  -2.18232e+06  2.2224e+06  -2.2358e+06  2.2224e+06  -2.18232e+06  2.116e+06  -2.02417e+06  1.90784e+06  -1.76832e+06  1.60718e+06  -1.42631e+06  1.22783e+06  -1.01414e+06  787835  -551713  308729  -61944.7  -185502  
177370  59224.6  -295211  527566  -753327  969657  -1.17387e+06  1.36346e+06  -1.53618e+06  1.68998e+06  -1.8231e+06  1.93405e+06  -2.02161e+06  2.08482e+06  -2.12301e+06  2.13579e+06  -2.12301e+06  2.08482e+06  -2.02161e+06  1.93405e+06  -1.8231e+06  1.68998e+06  -1.53618e+06  1.36346e+06  -1.17387e+06  969657  -753327  527566  -295211  59224.6  177370  
-167406  -55892.8  278648  -497969  711046  -915176  1.10782e+06  -1.28661e+06  1.44942e+06  -1.59435e+06  1.71974e+06  -1.82421e+06  1.90662e+06  -1.96611e+06  2.00204e+06  -2.01406e+06  2.00204e+06  -1.96611e+06  1.90662e+06  -1.82421e+06  1.71974e+06  -1.59435e+06  1.44942e+06  -1.28661e+06  1.10782e+06  -915176  711046  -497969  278648  -55892.8  -167406  
155741  51994.6  -259245  463303  -661527  851392  -1.03052e+06  1.19673e+06  -1.34802e+06  1.48264e+06  -1.59908e+06  1.69606e+06  -1.77254e+06  1.82773e+06  -1.86106e+06  1.87221e+06  -1.86106e+06  1.82773e+06  -1.77254e+06  1.69606e+06  -1.59908e+06  1.48264e+06  -1.34802e+06  1.19673e+06  -1.03052e+06  851392  -661527  463303  -259245  51994.6  155741  
-142511  -47574.2  237238  -423977  605362  -779067  942912  -1.09489e+06  1.23319e+06  -1.35621e+06  1.46257e+06  -1.55113e+06  1.62096e+06  -1.67133e+06  1.70176e+06  -1.71193e+06  1.70176e+06  -1.67133e+06  1.62096e+06  -1.55113e+06  1.46257e+06  -1.35621e+06  1.23319e+06  -1.09489e+06  942912  -779067  605362  -423977  237238  -47574.2  -142511  
127870  42684.2  -212874  380442  -543190  699024  -845979  982254  -1.10623e+06  1.21647e+06  -1.31177e+06  1.39109e+06  -1.45361e+06  1.49871e+06  -1.52594e+06  1.53505e+06  -1.52594e+06  1.49871e+06  -1.45361e+06  1.39109e+06  -1.31177e+06  1.21647e+06  -1.10623e+06  982254  -845979  699024  -543190  380442  -212874  42684.2  127870  
-111975  -37376  186422  -333171  475690  -612133  740780  -860049  968524  -1.06496e+06  1.1483e+06  -1.21765e+06  1.2723e+06  -1.31172e+06  1.33552e+06  -1.34348e+06  1.33552e+06  -1.31172e+06  1.2723e+06  -1.21765e+06  1.1483e+06  -1.06496e+06  968524  -860049  740780  -612133  475690  -333171  186422  -37376  -111975  
94995.6  31707  -158159  282663  -403569  519309  -628416  729551  -821513  903253  -973871  1.03263e+06  -1.07892e+06  1.1123e+06  -1.13246e+06  1.1392e+06  -1.13246e+06  1.1123e+06  -1.07892e+06  1.03263e+06  -973871  903253  -821513  729551  -628416  519309  -403569  282663  -158159  31707  94995.6  
-77102.3  -25733.4  128373  -229431  327564  -421494  510031  -592084  666682  -732975  790238  -837873  875401  -902459  918794  -924255  918794  -902459  875401  -837873  790238  -732975  666682  -592084  510031  -421494  327564  -229431  128373  -25733.4  -77102.3  
58474.3  19515.7  -97360  174006  -248429  319661  -386794  449005  -505554  555801  -599197  635292  -663725  684223  -696597  700734  -696597  684223  -663725  635292  -599197  555801  -505554  449005  -386794  319661  -248429  174006  -97360  19515.7  58474.3  
-39291.8  -13113.2  65422.7  -116926  166936  -214797  259902  -301695  339682  -373431  402576  -426814  445907  -459670  467978  -470755  467978  -459670  445907  -426814  402576  -373431  339682  -301695  259902  -214797  166936  -116926  65422.7  -13113.2  -39291.8  
19738.9  6587.57  -32866.3  58740.4  -83863.3  107907  -130564  151556  -170636  187586  -202222  214395  -223982  230893  -235064  236459  -235064  230893  -223982  214395  -202222  187586  -170636  151556  -130564  107907  -83863.3  58740.4  -32866.3  6587.57  19738.9  
0  0  0  0  0  0  0  0  0  0  0  0  0  0  0  0  0  0  0  0  0  0  0  0  0  0  0  0  0  0  0  
