1  1  1  1  1  1  1  1  1  1  1  1  1  1  1  1  1  1  1  1  1  1  1  1  1  1  1  1  1  1  1  
-9.72897e+09  -3.25227e+09  1.61778e+10  -2.89084e+10  4.13041e+10  -5.32255e+10  6.45342e+10  -7.50944e+10  8.4775e+10  -9.34518e+10  1.0101e+11  -1.07346e+11  1.12371e+11  -1.16013e+11  1.1822e+11  -1.1896e+11  1.1822e+11  -1.16013e+11  1.12371e+11  -1.07346e+11  1.0101e+11  -9.34518e+10  8.4775e+10  -7.50944e+10  6.45342e+10  -5.32255e+10  4.13041e+10  -2.89084e+10  1.61778e+10  -3.25227e+09  -9.72897e+09  
1.93367e+10  6.46394e+09  -3.21544e+10  5.74572e+10  -8.20938e+10  1.05786e+11  -1.2826e+11  1.49244e+11  -1.6848e+11  1.85719e+11  -2.00734e+11  2.1332e+11  -2.23302e+11  2.30537e+11  -2.34921e+11  2.3639e+11  -2.34921e+11  2.30537e+11  -2.23302e+11  2.1332e+11  -2.00734e+11  1.85719e+11  -1.6848e+11  1.49244e+11  -1.2826e+11  1.05786e+11  -8.20938e+10  5.74572e+10  -3.21544e+10  6.46394e+09  1.93367e+10  
-2.8704e+10  -9.59508e+09  4.77318e+10  -8.52927e+10  1.21863e+11  -1.57029e+11  1.90382e+11  -2.21522e+11  2.50062e+11  -2.75637e+11  2.97909e+11  -3.16576e+11  3.3138e+11  -3.42109e+11  3.48609e+11  -3.50786e+11  3.48609e+11  -3.42109e+11  3.3138e+11  -3.16576e+11  2.97909e+11  -2.75637e+11  2.50062e+11  -2.21522e+11  1.90382e+11  -1.57029e+11  1.21863e+11  -8.52927e+10  4.77318e+10  -9.59508e+09  -2.8704e+10  
3.77157e+10  1.26071e+10  -6.27187e+10  1.12073e+11  -1.60122e+11  2.06322e+11  -2.50134e+11  2.9103e+11  -3.28506e+11  3.62082e+11  -3.91317e+11  4.15816e+11  -4.35241e+11  4.49318e+11  -4.57846e+11  4.60703e+11  -4.57846e+11  4.49318e+11  -4.35241e+11  4.15816e+11  -3.91317e+11  3.62082e+11  -3.28506e+11  2.9103e+11  -2.50134e+11  2.06322e+11  -1.60122e+11  1.12073e+11  -6.27187e+10  1.26071e+10  3.77157e+10  
-4.6262e+10  -1.54632e+10  7.69331e+10  -1.37473e+11  1.96407e+11  -2.53065e+11  3.06784e+11  -3.56919e+11  4.0285e+11  -4.43991e+11  4.79804e+11  -5.0981e+11  5.33597e+11  -5.50832e+11  5.61273e+11  -5.6477e+11  5.61273e+11  -5.50832e+11  5.33597e+11  -5.0981e+11  4.79804e+11  -4.43991e+11  4.0285e+11  -3.56919e+11  3.06784e+11  -2.53065e+11  1.96407e+11  -1.37473e+11  7.69331e+10  -1.54632e+10  -4.6262e+10  
5.42411e+10  1.81294e+10  -9.02055e+10  1.6119e+11  -2.30285e+11  2.967e+11  -3.59656e+11  4.18397e+11  -4.72198e+11  5.20374e+11  -5.62301e+11  5.9742e+11  -6.25253e+11  6.45418e+11  -6.57632e+11  6.61722e+11  -6.57632e+11  6.45418e+11  -6.25253e+11  5.9742e+11  -5.62301e+11  5.20374e+11  -4.72198e+11  4.18397e+11  -3.59656e+11  2.967e+11  -2.30285e+11  1.6119e+11  -9.02055e+10  1.81294e+10  5.42411e+10  
-6.15597e+10  -2.05745e+10  1.02381e+11  -1.82946e+11  2.61359e+11  -3.36716e+11  4.08132e+11  -4.74746e+11  5.35737e+11  -5.90336e+11  6.37837e+11  -6.77613e+11  7.09131e+11  -7.31959e+11  7.45785e+11  -7.50415e+11  7.45785e+11  -7.31959e+11  7.09131e+11  -6.77613e+11  6.37837e+11  -5.90336e+11  5.35737e+11  -4.74746e+11  4.08132e+11  -3.36716e+11  2.61359e+11  -1.82946e+11  1.02381e+11  -2.05745e+10  -6.15597e+10  
6.81349e+10  2.27707e+10  -1.13322e+11  2.02497e+11  -2.89279e+11  3.72662e+11  -4.51661e+11  5.25326e+11  -5.92749e+11  6.53084e+11  -7.05556e+11  7.49481e+11  -7.84277e+11  8.09474e+11  -8.24732e+11  8.29841e+11  -8.24732e+11  8.09474e+11  -7.84277e+11  7.49481e+11  -7.05556e+11  6.53084e+11  -5.92749e+11  5.25326e+11  -4.51661e+11  3.72662e+11  -2.89279e+11  2.02497e+11  -1.13322e+11  2.27707e+10  6.81349e+10  
-7.38951e+10  -2.46942e+10  1.22909e+11  -2.19629e+11  3.1374e+11  -4.04145e+11  4.89771e+11  -5.69588e+11  6.42613e+11  -7.07936e+11  7.64725e+11  -8.12247e+11  8.49879e+11  -8.77125e+11  8.9362e+11  -8.99144e+11  8.9362e+11  -8.77125e+11  8.49879e+11  -8.12247e+11  7.64725e+11  -7.07936e+11  6.42613e+11  -5.69588e+11  4.89771e+11  -4.04145e+11  3.1374e+11  -2.19629e+11  1.22909e+11  -2.46942e+10  -7.38951e+10  
7.87805e+10  2.63249e+10  -1.31042e+11  2.34163e+11  -3.34488e+11  4.30839e+11  -5.22069e+11  6.07077e+11  -6.8482e+11  7.54333e+11  -8.14741e+11  8.65272e+11  -9.05275e+11  9.34229e+11  -9.51755e+11  9.57623e+11  -9.51755e+11  9.34229e+11  -9.05275e+11  8.65272e+11  -8.14741e+11  7.54333e+11  -6.8482e+11  6.07077e+11  -5.22069e+11  4.30839e+11  -3.34488e+11  2.34163e+11  -1.31042e+11  2.63249e+10  7.87805e+10  
-8.27438e+10  -2.76471e+10  1.37643e+11  -2.45959e+11  3.51324e+11  -4.52489e+11  5.48245e+11  -6.37435e+11  7.18969e+11  -7.91839e+11  8.55137e+11  -9.08064e+11  9.4995e+11  -9.80258e+11  9.98601e+11  -1.00474e+12  9.98601e+11  -9.80258e+11  9.4995e+11  -9.08064e+11  8.55137e+11  -7.91839e+11  7.18969e+11  -6.37435e+11  5.48245e+11  -4.52489e+11  3.51324e+11  -2.45959e+11  1.37643e+11  -2.76471e+10  -8.27438e+10  
8.57504e+10  2.86494e+10  -1.42654e+11  2.54915e+11  -3.641e+11  4.68906e+11  -5.68074e+11  6.60405e+11  -7.44773e+11  8.20141e+11  -8.8558e+11  9.40275e+11  -9.83544e+11  1.01485e+12  -1.03378e+12  1.04012e+12  -1.03378e+12  1.01485e+12  -9.83544e+11  9.40275e+11  -8.8558e+11  8.20141e+11  -7.44773e+11  6.60405e+11  -5.68074e+11  4.68906e+11  -3.641e+11  2.54915e+11  -1.42654e+11  2.86494e+10  8.57504e+10  
-8.77784e+10  -2.93245e+10  1.46037e+11  -2.60963e+11  3.72722e+11  -4.79971e+11  5.81416e+11  -6.75827e+11  7.62055e+11  -8.39051e+11  9.05872e+11  -9.61699e+11  1.00585e+12  -1.03778e+12  1.05709e+12  -1.06355e+12  1.05709e+12  -1.03778e+12  1.00585e+12  -9.61699e+11  9.05872e+11  -8.39051e+11  7.62055e+11  -6.75827e+11  5.81416e+11  -4.79971e+11  3.72722e+11  -2.60963e+11  1.46037e+11  -2.93245e+10  -8.77784e+10  
8.88183e+10  2.96694e+10  -1.47777e+11  2.64074e+11  -3.7715e+11  4.85634e+11  -5.88211e+11  6.83635e+11  -7.7075e+11  8.485e+11  -9.15944e+11  9.72268e+11  -1.01679e+12  1.04898e+12  -1.06845e+12  1.07497e+12  -1.06845e+12  1.04898e+12  -1.01679e+12  9.72268e+11  -9.15944e+11  8.485e+11  -7.7075e+11  6.83635e+11  -5.88211e+11  4.85634e+11  -3.7715e+11  2.64074e+11  -1.47777e+11  2.96694e+10  8.88183e+10  
-8.88722e+10  -2.96848e+10  1.47877e+11  -2.64255e+11  3.77393e+11  -4.85909e+11  5.88479e+11  -6.83857e+11  7.70891e+11  -8.48532e+11  9.1585e+11  -9.72046e+11  1.01645e+12  -1.04855e+12  1.06796e+12  -1.07445e+12  1.06796e+12  -1.04855e+12  1.01645e+12  -9.72046e+11  9.1585e+11  -8.48532e+11  7.70891e+11  -6.83857e+11  5.88479e+11  -4.85909e+11  3.77393e+11  -2.64255e+11  1.47877e+11  -2.96848e+10  -8.88722e+10  
8.79539e+10  2.93756e+10  -1.4636e+11  2.61546e+11  -3.73509e+11  4.8087e+11  -5.82314e+11  6.76607e+11  -7.62611e+11  8.39299e+11  -9.0576e+11  9.61217e+11  -1.00502e+12  1.03668e+12  -1.05582e+12  1.06222e+12  -1.05582e+12  1.03668e+12  -1.00502e+12  9.61217e+11  -9.0576e+11  8.39299e+11  -7.62611e+11  6.76607e+11  -5.82314e+11  4.8087e+11  -3.73509e+11  2.61546e+11  -1.4636e+11  2.93756e+10  8.79539e+10  
-8.60876e+10  -2.87497e+10  1.43264e+11  -2.56017e+11  3.65599e+11  -4.70651e+11  5.69881e+11  -6.62078e+11  7.46135e+11  -8.21051e+11  8.85949e+11  -9.40079e+11  9.82823e+11  -1.0137e+12  1.03236e+12  -1.03861e+12  1.03236e+12  -1.0137e+12  9.82823e+11  -9.40079e+11  8.85949e+11  -8.21051e+11  7.46135e+11  -6.62078e+11  5.69881e+11  -4.70651e+11  3.65599e+11  -2.56017e+11  1.43264e+11  -2.87497e+10  -8.60876e+10  
8.33069e+10  2.78187e+10  -1.38646e+11  2.47767e+11  -3.53806e+11  4.55437e+11  -5.51404e+11  6.40536e+11  -7.21764e+11  7.94127e+11  -8.56788e+11  9.0903e+11  -9.50269e+11  9.80051e+11  -9.98049e+11  1.00407e+12  -9.98049e+11  9.80051e+11  -9.50269e+11  9.0903e+11  -8.56788e+11  7.94127e+11  -7.21764e+11  6.40536e+11  -5.51404e+11  4.55437e+11  -3.53806e+11  2.47767e+11  -1.38646e+11  2.78187e+10  8.33069e+10  
-7.96543e+10  -2.65968e+10  1.32576e+11  -2.36923e+11  3.38309e+11  -4.3546e+11  5.27168e+11  -6.12314e+11  6.89877e+11  -7.58947e+11  8.18732e+11  -8.68557e+11  9.07876e+11  -9.36263e+11  9.53416e+11  -9.59153e+11  9.53416e+11  -9.36263e+11  9.07876e+11  -8.68557e+11  8.18732e+11  -7.58947e+11  6.89877e+11  -6.12314e+11  5.27168e+11  -4.3546e+11  3.38309e+11  -2.36923e+11  1.32576e+11  -2.65968e+10  -7.96543e+10  
7.51801e+10  2.51009e+10  -1.25137e+11  2.23632e+11  -3.19321e+11  4.10993e+11  -4.97505e+11  5.77799e+11  -6.50915e+11  7.16e+11  -7.72312e+11  8.19228e+11  -8.56239e+11  8.82953e+11  -8.99092e+11  9.0449e+11  -8.99092e+11  8.82953e+11  -8.56239e+11  8.19228e+11  -7.72312e+11  7.16e+11  -6.50915e+11  5.77799e+11  -4.97505e+11  4.10993e+11  -3.19321e+11  2.23632e+11  -1.25137e+11  2.51009e+10  7.51801e+10  
-6.99411e+10  -2.335e+10  1.16424e+11  -2.08063e+11  2.97083e+11  -3.82349e+11  4.62794e+11  -5.37434e+11  6.05377e+11  -6.65835e+11  7.18126e+11  -7.61676e+11  7.96023e+11  -8.20807e+11  8.35779e+11  -8.40785e+11  8.35779e+11  -8.20807e+11  7.96023e+11  -7.61676e+11  7.18126e+11  -6.65835e+11  6.05377e+11  -5.37434e+11  4.62794e+11  -3.82349e+11  2.97083e+11  -2.08063e+11  1.16424e+11  -2.335e+10  -6.99411e+10  
6.40001e+10  2.13651e+10  -1.0654e+11  1.90403e+11  -2.7186e+11  3.49869e+11  -4.23449e+11  4.917e+11  -5.53807e+11  6.09054e+11  -6.56822e+11  6.96593e+11  -7.27951e+11  7.50574e+11  -7.64238e+11  7.68807e+11  -7.64238e+11  7.50574e+11  -7.27951e+11  6.96593e+11  -6.56822e+11  6.09054e+11  -5.53807e+11  4.917e+11  -4.23449e+11  3.49869e+11  -2.7186e+11  1.90403e+11  -1.0654e+11  2.13651e+10  6.40001e+10  
-5.74248e+10  -1.91688e+10  9.55991e+10  -1.70852e+11  2.4394e+11  -3.13922e+11  3.79918e+11  -4.41117e+11  4.96792e+11  -5.46302e+11  5.89097e+11  -6.24719e+11  6.52797e+11  -6.73051e+11  6.85282e+11  -6.89372e+11  6.85282e+11  -6.73051e+11  6.52797e+11  -6.24719e+11  5.89097e+11  -5.46302e+11  4.96792e+11  -4.41117e+11  3.79918e+11  -3.13922e+11  2.4394e+11  -1.70852e+11  9.55991e+10  -1.91688e+10  -5.74248e+10  
5.02868e+10  1.67851e+10  -8.37197e+10  1.49623e+11  -2.13626e+11  2.74901e+11  -3.32674e+11  3.86237e+11  -4.34951e+11  4.78261e+11  -5.15686e+11  5.4683e+11  -5.71375e+11  5.89077e+11  -5.99765e+11  6.03339e+11  -5.99765e+11  5.89077e+11  -5.71375e+11  5.4683e+11  -5.15686e+11  4.78261e+11  -4.34951e+11  3.86237e+11  -3.32674e+11  2.74901e+11  -2.13626e+11  1.49623e+11  -8.37197e+10  1.67851e+10  5.02868e+10  
-4.26612e+10  -1.42391e+10  7.10271e+10  -1.2694e+11  1.81238e+11  -2.33215e+11  2.82213e+11  -3.27632e+11  3.68931e+11  -4.05639e+11  4.37353e+11  -4.63739e+11  4.84529e+11  -4.99521e+11  5.08573e+11  -5.11599e+11  5.08573e+11  -4.99521e+11  4.84529e+11  -4.63739e+11  4.37353e+11  -4.05639e+11  3.68931e+11  -3.27632e+11  2.82213e+11  -2.33215e+11  1.81238e+11  -1.2694e+11  7.10271e+10  -1.42391e+10  -4.26612e+10  
3.46257e+10  1.15566e+10  -5.76506e+10  1.03034e+11  -1.47105e+11  1.89288e+11  -2.29048e+11  2.65897e+11  -2.99398e+11  3.29169e+11  -3.54886e+11  3.76278e+11  -3.93131e+11  4.05282e+11  -4.12618e+11  4.15071e+11  -4.12618e+11  4.05282e+11  -3.93131e+11  3.76278e+11  -3.54886e+11  3.29169e+11  -2.99398e+11  2.65897e+11  -2.29048e+11  1.89288e+11  -1.47105e+11  1.03034e+11  -5.76506e+10  1.15566e+10  3.46257e+10  
-2.626e+10  -8.76421e+09  4.37232e+10  -7.81436e+10  1.11566e+11  -1.43556e+11  1.73704e+11  -2.01642e+11  2.27038e+11  -2.49603e+11  2.69092e+11  -2.85301e+11  2.9807e+11  -3.07276e+11  3.12833e+11  -3.1469e+11  3.12833e+11  -3.07276e+11  2.9807e+11  -2.85301e+11  2.69092e+11  -2.49603e+11  2.27038e+11  -2.01642e+11  1.73704e+11  -1.43556e+11  1.11566e+11  -7.81436e+10  4.37232e+10  -8.76421e+09  -2.626e+10  
1.76455e+10  5.889e+09  -2.93804e+10  5.251e+10  -7.49686e+10  9.64626e+10  -1.16719e+11  1.35487e+11  -1.52547e+11  1.67703e+11  -1.80791e+11  1.91677e+11  -2.00251e+11  2.06432e+11  -2.10163e+11  2.1141e+11  -2.10163e+11  2.06432e+11  -2.00251e+11  1.91677e+11  -1.80791e+11  1.67703e+11  -1.52547e+11  1.35487e+11  -1.16719e+11  9.64626e+10  -7.49686e+10  5.251e+10  -2.93804e+10  5.889e+09  1.76455e+10  
-8.86444e+09  -2.95838e+09  1.47598e+10  -2.63795e+10  3.76619e+10  -4.84594e+10  5.86345e+10  -6.8062e+10  7.66303e+10  -8.42423e+10  9.08155e+10  -9.62818e+10  1.00587e+11  -1.03691e+11  1.05564e+11  -1.0619e+11  1.05564e+11  -1.03691e+11  1.00587e+11  -9.62818e+10  9.08155e+10  -8.42423e+10  7.66303e+10  -6.8062e+10  5.86345e+10  -4.84594e+10  3.76619e+10  -2.63795e+10  1.47598e+10  -2.95838e+09  -8.86444e+09  
0  0  0  0  0  0  0  0  0  0  0  0  0  0  0  0  0  0  0  0  0  0  0  0  0  0  0  0  0  0  0  
