1  1  1  1  1  1  1  1  1  1  1  1  1  1  1  1  1  1  1  1  1  1  1  1  1  1  1  1  1  1  1  
7.45035e+11  2.49056e+11  -1.23888e+12  2.21378e+12  -3.16303e+12  4.07596e+12  -4.94197e+12  5.75066e+12  -6.49199e+12  7.15645e+12  -7.73523e+12  8.22042e+12  -8.60524e+12  8.88419e+12  -9.05322e+12  9.10984e+12  -9.05322e+12  8.88419e+12  -8.60524e+12  8.22042e+12  -7.73523e+12  7.15645e+12  -6.49199e+12  5.75066e+12  -4.94197e+12  4.07596e+12  -3.16303e+12  2.21378e+12  -1.23888e+12  2.49056e+11  7.45035e+11  
-1.48079e+12  -4.95003e+11  2.46235e+12  -4.40002e+12  6.28667e+12  -8.10103e+12  9.82203e+12  -1.1429e+13  1.2902e+13  -1.42222e+13  1.5372e+13  -1.63358e+13  1.71002e+13  -1.76543e+13  1.799e+13  -1.81025e+13  1.799e+13  -1.76543e+13  1.71002e+13  -1.63358e+13  1.5372e+13  -1.42222e+13  1.2902e+13  -1.1429e+13  9.82203e+12  -8.10103e+12  6.28667e+12  -4.40002e+12  2.46235e+12  -4.95003e+11  -1.48079e+12  
2.19813e+12  7.34782e+11  -3.65526e+12  6.53164e+12  -9.33216e+12  1.20252e+13  -1.45793e+13  1.6964e+13  -1.91495e+13  2.1108e+13  -2.28136e+13  2.42431e+13  -2.53767e+13  2.61984e+13  -2.66962e+13  2.68629e+13  -2.66962e+13  2.61984e+13  -2.53767e+13  2.42431e+13  -2.28136e+13  2.1108e+13  -1.91495e+13  1.6964e+13  -1.45793e+13  1.20252e+13  -9.33216e+12  6.53164e+12  -3.65526e+12  7.34782e+11  2.19813e+12  
-2.88823e+12  -9.65437e+11  4.80294e+12  -8.58244e+12  1.2262e+13  -1.58e+13  1.9155e+13  -2.22868e+13  2.51567e+13  -2.77279e+13  2.99667e+13  -3.18428e+13  3.33303e+13  -3.44083e+13  3.50614e+13  -3.52802e+13  3.50614e+13  -3.44083e+13  3.33303e+13  -3.18428e+13  2.99667e+13  -2.77279e+13  2.51567e+13  -2.22868e+13  1.9155e+13  -1.58e+13  1.2262e+13  -8.58244e+12  4.80294e+12  -9.65437e+11  -2.88823e+12  
3.5427e+12  1.18416e+12  -5.89147e+12  1.05275e+13  -1.50407e+13  1.93795e+13  -2.34933e+13  2.73325e+13  -3.08498e+13  3.40004e+13  -3.6743e+13  3.90408e+13  -4.08623e+13  4.21822e+13  -4.29818e+13  4.32496e+13  -4.29818e+13  4.21822e+13  -4.08623e+13  3.90408e+13  -3.6743e+13  3.40004e+13  -3.08498e+13  2.73325e+13  -2.34933e+13  1.93795e+13  -1.50407e+13  1.05275e+13  -5.89147e+12  1.18416e+12  3.5427e+12  
-4.15373e+12  -1.38834e+12  6.90785e+12  -1.23437e+13  1.7635e+13  -2.2721e+13  2.75421e+13  -3.20405e+13  3.61604e+13  -3.98498e+13  4.30605e+13  -4.57498e+13  4.78813e+13  -4.94255e+13  5.03608e+13  -5.06741e+13  5.03608e+13  -4.94255e+13  4.78813e+13  -4.57498e+13  4.30605e+13  -3.98498e+13  3.61604e+13  -3.20405e+13  2.75421e+13  -2.2721e+13  1.7635e+13  -1.23437e+13  6.90785e+12  -1.38834e+12  -4.15373e+12  
4.71418e+12  1.57558e+12  -7.84025e+12  1.40099e+13  -2.00146e+13  2.57854e+13  -3.12543e+13  3.63556e+13  -4.10263e+13  4.52074e+13  -4.8845e+13  5.1891e+13  -5.43046e+13  5.60528e+13  -5.71115e+13  5.74661e+13  -5.71115e+13  5.60528e+13  -5.43046e+13  5.1891e+13  -4.8845e+13  4.52074e+13  -4.10263e+13  3.63556e+13  -3.12543e+13  2.57854e+13  -2.00146e+13  1.40099e+13  -7.84025e+12  1.57558e+12  4.71418e+12  
-5.21771e+12  -1.74376e+12  8.67809e+12  -1.5507e+13  2.21527e+13  -2.85381e+13  3.45878e+13  -4.02289e+13  4.53922e+13  -5.00125e+13  5.40308e+13  -5.73946e+13  6.00592e+13  -6.19888e+13  6.31572e+13  -6.35485e+13  6.31572e+13  -6.19888e+13  6.00592e+13  -5.73946e+13  5.40308e+13  -5.00125e+13  4.53922e+13  -4.02289e+13  3.45878e+13  -2.85381e+13  2.21527e+13  -1.5507e+13  8.67809e+12  -1.74376e+12  -5.21771e+12  
5.65882e+12  1.89106e+12  -9.41224e+12  1.6819e+13  -2.40259e+13  3.0949e+13  -3.75062e+13  4.36185e+13  -4.92107e+13  5.42131e+13  -5.85619e+13  6.22011e+13  -6.5083e+13  6.71694e+13  -6.84326e+13  6.88556e+13  -6.84326e+13  6.71694e+13  -6.5083e+13  6.22011e+13  -5.85619e+13  5.42131e+13  -4.92107e+13  4.36185e+13  -3.75062e+13  3.0949e+13  -2.40259e+13  1.6819e+13  -9.41224e+12  1.89106e+12  5.65882e+12  
-6.03294e+12  -2.01593e+12  1.00351e+13  -1.7932e+13  2.56148e+13  -3.29933e+13  3.99796e+13  -4.64894e+13  5.24429e+13  -5.77662e+13  6.23921e+13  -6.62617e+13  6.93251e+13  -7.15424e+13  7.28845e+13  -7.33339e+13  7.28845e+13  -7.15424e+13  6.93251e+13  -6.62617e+13  6.23921e+13  -5.77662e+13  5.24429e+13  -4.64894e+13  3.99796e+13  -3.29933e+13  2.56148e+13  -1.7932e+13  1.00351e+13  -2.01593e+12  -6.03294e+12  
6.33644e+12  2.11719e+12  -1.05406e+13  1.88353e+13  -2.69041e+13  3.46512e+13  -4.19841e+13  4.88142e+13  -5.5058e+13  6.06383e+13  -6.54856e+13  6.95387e+13  -7.27463e+13  7.50673e+13  -7.64719e+13  7.69422e+13  -7.64719e+13  7.50673e+13  -7.27463e+13  6.95387e+13  -6.54856e+13  6.06383e+13  -5.5058e+13  4.88142e+13  -4.19841e+13  3.46512e+13  -2.69041e+13  1.88353e+13  -1.05406e+13  2.11719e+12  6.33644e+12  
-6.56669e+12  -2.19395e+12  1.09243e+13  -1.95211e+13  2.78824e+13  -3.59084e+13  4.35026e+13  -5.05732e+13  5.7034e+13  -6.28057e+13  6.78169e+13  -7.20054e+13  7.53189e+13  -7.77159e+13  7.91663e+13  -7.96518e+13  7.91663e+13  -7.77159e+13  7.53189e+13  -7.20054e+13  6.78169e+13  -6.28057e+13  5.7034e+13  -5.05732e+13  4.35026e+13  -3.59084e+13  2.78824e+13  -1.95211e+13  1.09243e+13  -2.19395e+12  -6.56669e+12  
6.72199e+12  2.24565e+12  -1.11834e+13  1.99843e+13  -2.85427e+13  3.67558e+13  -4.45243e+13  5.17542e+13  -5.83575e+13  6.42538e+13  -6.93708e+13  7.3646e+13  -7.70269e+13  7.94719e+13  -8.0951e+13  8.14461e+13  -8.0951e+13  7.94719e+13  -7.70269e+13  7.3646e+13  -6.93708e+13  6.42538e+13  -5.83575e+13  5.17542e+13  -4.45243e+13  3.67558e+13  -2.85427e+13  1.99843e+13  -1.11834e+13  2.24565e+12  6.72199e+12  
-6.80162e+12  -2.27205e+12  1.13166e+13  -2.02225e+13  2.88818e+13  -3.71894e+13  4.50446e+13  -5.23521e+13  5.90233e+13  -6.49773e+13  7.01421e+13  -7.44554e+13  7.78651e+13  -8.03302e+13  8.18212e+13  -8.23202e+13  8.18212e+13  -8.03302e+13  7.78651e+13  -7.44554e+13  7.01421e+13  -6.49773e+13  5.90233e+13  -5.23521e+13  4.50446e+13  -3.71894e+13  2.88818e+13  -2.02225e+13  1.13166e+13  -2.27205e+12  -6.80162e+12  
6.80575e+12  2.27324e+12  -1.13243e+13  2.02364e+13  -2.89004e+13  3.72104e+13  -4.50651e+13  5.23691e+13  -5.90341e+13  6.49798e+13  -7.0135e+13  7.44384e+13  -7.7839e+13  8.02969e+13  -8.17832e+13  8.22806e+13  -8.17832e+13  8.02969e+13  -7.7839e+13  7.44384e+13  -7.0135e+13  6.49798e+13  -5.90341e+13  5.23691e+13  -4.50651e+13  3.72104e+13  -2.89004e+13  2.02364e+13  -1.13243e+13  2.27324e+12  6.80575e+12  
-6.73543e+12  -2.24955e+12  1.12081e+13  -2.00289e+13  2.8603e+13  -3.68246e+13  4.45931e+13  -5.18139e+13  5.84001e+13  -6.42727e+13  6.93623e+13  -7.36091e+13  7.69639e+13  -7.93879e+13  8.08534e+13  -8.13437e+13  8.08534e+13  -7.93879e+13  7.69639e+13  -7.36091e+13  6.93623e+13  -6.42727e+13  5.84001e+13  -5.18139e+13  4.45931e+13  -3.68246e+13  2.8603e+13  -2.00289e+13  1.12081e+13  -2.24955e+12  -6.73543e+12  
6.59251e+12  2.20163e+12  -1.0971e+13  1.96055e+13  -2.79972e+13  3.6042e+13  -4.36409e+13  5.07013e+13  -5.71383e+13  6.28753e+13  -6.78452e+13  7.19904e+13  -7.52637e+13  7.76282e+13  -7.90574e+13  7.95356e+13  -7.90574e+13  7.76282e+13  -7.52637e+13  7.19904e+13  -6.78452e+13  6.28753e+13  -5.71383e+13  5.07013e+13  -4.36409e+13  3.6042e+13  -2.79972e+13  1.96055e+13  -1.0971e+13  2.20163e+12  6.59251e+12  
-6.37956e+12  -2.13033e+12  1.06174e+13  -1.89738e+13  2.70941e+13  -3.4877e+13  4.2226e+13  -4.90517e+13  5.5272e+13  -6.08135e+13  6.5612e+13  -6.96127e+13  7.27708e+13  -7.50514e+13  7.64297e+13  -7.68908e+13  7.64297e+13  -7.50514e+13  7.27708e+13  -6.96127e+13  6.5612e+13  -6.08135e+13  5.5272e+13  -4.90517e+13  4.2226e+13  -3.4877e+13  2.70941e+13  -1.89738e+13  1.06174e+13  -2.13033e+12  -6.37956e+12  
6.09986e+12  2.03676e+12  -1.01525e+13  1.81433e+13  -2.59074e+13  3.33471e+13  -4.037e+13  4.68904e+13  -5.28301e+13  5.81195e+13  -6.26977e+13  6.65133e+13  -6.95243e+13  7.16982e+13  -7.30117e+13  7.34511e+13  -7.30117e+13  7.16982e+13  -6.95243e+13  6.65133e+13  -6.26977e+13  5.81195e+13  -5.28301e+13  4.68904e+13  -4.037e+13  3.33471e+13  -2.59074e+13  1.81433e+13  -1.01525e+13  2.03676e+12  6.09986e+12  
-5.75722e+12  -1.9222e+12  9.58286e+12  -1.71255e+13  2.44533e+13  -3.14735e+13  3.80985e+13  -4.42473e+13  4.98465e+13  -5.48306e+13  5.9143e+13  -6.27357e+13  6.557e+13  -6.76157e+13  6.88516e+13  -6.9265e+13  6.88516e+13  -6.76157e+13  6.557e+13  -6.27357e+13  5.9143e+13  -5.48306e+13  4.98465e+13  -4.42473e+13  3.80985e+13  -3.14735e+13  2.44533e+13  -1.71255e+13  9.58286e+12  -1.9222e+12  -5.75722e+12  
5.35603e+12  1.78812e+12  -8.9156e+12  1.59333e+13  -2.27503e+13  2.92799e+13  -3.54403e+13  4.11562e+13  -4.63592e+13  5.0989e+13  -5.49934e+13  5.83285e+13  -6.09587e+13  6.28567e+13  -6.40031e+13  6.43866e+13  -6.40031e+13  6.28567e+13  -6.09587e+13  5.83285e+13  -5.49934e+13  5.0989e+13  -4.63592e+13  4.11562e+13  -3.54403e+13  2.92799e+13  -2.27503e+13  1.59333e+13  -8.9156e+12  1.78812e+12  5.35603e+12  
-4.90107e+12  -1.63612e+12  8.15874e+12  -1.45809e+13  2.08188e+13  -2.67926e+13  3.24273e+13  -3.76539e+13  4.241e+13  -4.66408e+13  5.02988e+13  -5.33445e+13  5.57458e+13  -5.74783e+13  5.85246e+13  -5.88745e+13  5.85246e+13  -5.74783e+13  5.57458e+13  -5.33445e+13  5.02988e+13  -4.66408e+13  4.241e+13  -3.76539e+13  3.24273e+13  -2.67926e+13  2.08188e+13  -1.45809e+13  8.15874e+12  -1.63612e+12  -4.90107e+12  
4.39754e+12  1.46793e+12  -7.32089e+12  1.30836e+13  -1.86807e+13  2.40399e+13  -2.90938e+13  3.37804e+13  -3.80439e+13  4.18353e+13  -4.51125e+13  4.78404e+13  -4.99906e+13  5.15416e+13  -5.24782e+13  5.27914e+13  -5.24782e+13  5.15416e+13  -4.99906e+13  4.78404e+13  -4.51125e+13  4.18353e+13  -3.80439e+13  3.37804e+13  -2.90938e+13  2.40399e+13  -1.86807e+13  1.30836e+13  -7.32089e+12  1.46793e+12  4.39754e+12  
-3.85091e+12  -1.28539e+12  6.41118e+12  -1.1458e+13  1.63593e+13  -2.10517e+13  2.54759e+13  -2.95776e+13  3.33082e+13  -3.66248e+13  3.94908e+13  -4.18758e+13  4.37554e+13  -4.51109e+13  4.59294e+13  -4.62031e+13  4.59294e+13  -4.51109e+13  4.37554e+13  -4.18758e+13  3.94908e+13  -3.66248e+13  3.33082e+13  -2.95776e+13  2.54759e+13  -2.10517e+13  1.63593e+13  -1.1458e+13  6.41118e+12  -1.28539e+12  -3.85091e+12  
3.26695e+12  1.09042e+12  -5.43919e+12  9.72095e+12  -1.3879e+13  1.78594e+13  -2.16116e+13  2.50897e+13  -2.82524e+13  3.10634e+13  -3.34921e+13  3.55127e+13  -3.71048e+13  3.82529e+13  -3.8946e+13  3.91778e+13  -3.8946e+13  3.82529e+13  -3.71048e+13  3.55127e+13  -3.34921e+13  3.10634e+13  -2.82524e+13  2.50897e+13  -2.16116e+13  1.78594e+13  -1.3879e+13  9.72095e+12  -5.43919e+12  1.09042e+12  3.26695e+12  
-2.6516e+12  -8.84995e+11  4.41483e+12  -7.89028e+12  1.12651e+13  -1.44955e+13  1.75403e+13  -2.03622e+13  2.29276e+13  -2.52075e+13  2.71768e+13  -2.8815e+13  3.01056e+13  -3.10362e+13  3.15979e+13  -3.17857e+13  3.15979e+13  -3.10362e+13  3.01056e+13  -2.8815e+13  2.71768e+13  -2.52075e+13  2.29276e+13  -2.03622e+13  1.75403e+13  -1.44955e+13  1.12651e+13  -7.89028e+12  4.41483e+12  -8.84995e+11  -2.6516e+12  
2.01097e+12  6.71155e+11  -3.34828e+12  5.98416e+12  -8.54366e+12  1.09933e+13  -1.33021e+13  1.54416e+13  -1.73863e+13  1.91144e+13  -2.06068e+13  2.18481e+13  -2.28259e+13  2.35309e+13  -2.39564e+13  2.40987e+13  -2.39564e+13  2.35309e+13  -2.28259e+13  2.18481e+13  -2.06068e+13  1.91144e+13  -1.73863e+13  1.54416e+13  -1.33021e+13  1.09933e+13  -8.54366e+12  5.98416e+12  -3.34828e+12  6.71155e+11  2.01097e+12  
-1.35127e+12  -4.50974e+11  2.24993e+12  -4.02117e+12  5.74103e+12  -7.38702e+12  8.9382e+12  -1.03755e+13  1.16819e+13  -1.28425e+13  1.38448e+13  -1.46784e+13  1.5335e+13  -1.58083e+13  1.60941e+13  -1.61896e+13  1.60941e+13  -1.58083e+13  1.5335e+13  -1.46784e+13  1.38448e+13  -1.28425e+13  1.16819e+13  -1.03755e+13  8.9382e+12  -7.38702e+12  5.74103e+12  -4.02117e+12  2.24993e+12  -4.50974e+11  -1.35127e+12  
6.78831e+11  2.2655e+11  -1.13029e+12  2.02012e+12  -2.88412e+12  3.71098e+12  -4.49018e+12  5.21213e+12  -5.86828e+12  6.4512e+12  -6.95456e+12  7.37317e+12  -7.70287e+12  7.94054e+12  -8.084e+12  8.13196e+12  -8.084e+12  7.94054e+12  -7.70287e+12  7.37317e+12  -6.95456e+12  6.4512e+12  -5.86828e+12  5.21213e+12  -4.49018e+12  3.71098e+12  -2.88412e+12  2.02012e+12  -1.13029e+12  2.2655e+11  6.78831e+11  
0  0  0  0  0  0  0  0  0  0  0  0  0  0  0  0  0  0  0  0  0  0  0  0  0  0  0  0  0  0  0  
