1  1  1  1  1  1  1  1  1  1  1  1  1  1  1  1  1  1  1  1  1  1  1  1  1  1  1  1  1  1  1  
1.02084e+13  3.41255e+12  -1.69751e+13  3.0333e+13  -4.33396e+13  5.58485e+13  -6.77144e+13  7.87951e+13  -8.89528e+13  9.80572e+13  -1.05988e+14  1.12636e+14  -1.17908e+14  1.21731e+14  -1.24046e+14  1.24822e+14  -1.24046e+14  1.21731e+14  -1.17908e+14  1.12636e+14  -1.05988e+14  9.80572e+13  -8.89528e+13  7.87951e+13  -6.77144e+13  5.58485e+13  -4.33396e+13  3.0333e+13  -1.69751e+13  3.41255e+12  1.02084e+13  
-2.02896e+13  -6.78249e+12  3.3739e+13  -6.02887e+13  8.61394e+13  -1.11e+14  1.34581e+14  -1.56599e+14  1.76782e+14  -1.94871e+14  2.10626e+14  -2.23832e+14  2.34306e+14  -2.41898e+14  2.46498e+14  -2.48039e+14  2.46498e+14  -2.41898e+14  2.34306e+14  -2.23832e+14  2.10626e+14  -1.94871e+14  1.76782e+14  -1.56599e+14  1.34581e+14  -1.11e+14  8.61394e+13  -6.02887e+13  3.3739e+13  -6.78249e+12  -2.02896e+13  
3.01186e+13  1.00679e+13  -5.00841e+13  8.9496e+13  -1.27869e+14  1.64768e+14  -1.99765e+14  2.32439e+14  -2.62385e+14  2.8922e+14  -3.1259e+14  3.32177e+14  -3.4771e+14  3.58968e+14  -3.65789e+14  3.68073e+14  -3.65789e+14  3.58968e+14  -3.4771e+14  3.32177e+14  -3.1259e+14  2.8922e+14  -2.62385e+14  2.32439e+14  -1.99765e+14  1.64768e+14  -1.27869e+14  8.9496e+13  -5.00841e+13  1.00679e+13  3.01186e+13  
-3.95743e+13  -1.32283e+13  6.58095e+13  -1.17596e+14  1.68013e+14  -2.1649e+14  2.6246e+14  -3.05373e+14  3.44695e+14  -3.79926e+14  4.10601e+14  -4.36308e+14  4.5669e+14  -4.71461e+14  4.80409e+14  -4.83407e+14  4.80409e+14  -4.71461e+14  4.5669e+14  -4.36308e+14  4.10601e+14  -3.79926e+14  3.44695e+14  -3.05373e+14  2.6246e+14  -2.1649e+14  1.68013e+14  -1.17596e+14  6.58095e+13  -1.32283e+13  -3.95743e+13  
4.85418e+13  1.62253e+13  -8.07244e+13  1.44248e+14  -2.06086e+14  2.65536e+14  -3.21903e+14  3.74508e+14  -4.22702e+14  4.65871e+14  -5.03449e+14  5.34934e+14  -5.59893e+14  5.77978e+14  -5.88933e+14  5.92602e+14  -5.88933e+14  5.77978e+14  -5.59893e+14  5.34934e+14  -5.03449e+14  4.65871e+14  -4.22702e+14  3.74508e+14  -3.21903e+14  2.65536e+14  -2.06086e+14  1.44248e+14  -8.07244e+13  1.62253e+13  4.85418e+13  
-5.69141e+13  -1.90229e+13  9.46509e+13  -1.69133e+14  2.41633e+14  -3.11321e+14  3.7738e+14  -4.39016e+14  4.95468e+14  -5.46019e+14  5.90011e+14  -6.26861e+14  6.56066e+14  -6.77225e+14  6.9004e+14  -6.94332e+14  6.9004e+14  -6.77225e+14  6.56066e+14  -6.26861e+14  5.90011e+14  -5.46019e+14  4.95468e+14  -4.39016e+14  3.7738e+14  -3.11321e+14  2.41633e+14  -1.69133e+14  9.46509e+13  -1.90229e+13  -5.69141e+13  
6.45934e+13  2.15884e+13  -1.07426e+14  1.91962e+14  -2.74239e+14  3.5331e+14  -4.28244e+14  4.98141e+14  -5.62139e+14  6.19428e+14  -6.6927e+14  7.11006e+14  -7.44077e+14  7.68031e+14  -7.82538e+14  7.87396e+14  -7.82538e+14  7.68031e+14  -7.44077e+14  7.11006e+14  -6.6927e+14  6.19428e+14  -5.62139e+14  4.98141e+14  -4.28244e+14  3.5331e+14  -2.74239e+14  1.91962e+14  -1.07426e+14  2.15884e+13  6.45934e+13  
-7.14927e+13  -2.38929e+13  1.18907e+14  -2.12476e+14  3.03535e+14  -3.91027e+14  4.73919e+14  -5.51214e+14  6.2196e+14  -6.85268e+14  7.40326e+14  -7.86416e+14  8.22926e+14  -8.49365e+14  8.65375e+14  -8.70736e+14  8.65375e+14  -8.49365e+14  8.22926e+14  -7.86416e+14  7.40326e+14  -6.85268e+14  6.2196e+14  -5.51214e+14  4.73919e+14  -3.91027e+14  3.03535e+14  -2.12476e+14  1.18907e+14  -2.38929e+13  -7.14927e+13  
7.75367e+13  2.59111e+13  -1.28966e+14  2.30452e+14  -3.29201e+14  4.24061e+14  -5.13907e+14  5.97657e+14  -6.74282e+14  7.42824e+14  -8.02411e+14  8.52275e+14  -8.91762e+14  9.2035e+14  -9.37658e+14  9.43454e+14  -9.37658e+14  9.2035e+14  -8.91762e+14  8.52275e+14  -8.02411e+14  7.42824e+14  -6.74282e+14  5.97657e+14  -5.13907e+14  4.24061e+14  -3.29201e+14  2.30452e+14  -1.28966e+14  2.59111e+13  7.75367e+13  
-8.26629e+13  -2.76222e+13  1.375e+14  -2.45703e+14  3.50972e+14  -4.52071e+14  5.47797e+14  -6.36994e+14  7.18568e+14  -7.91507e+14  8.54892e+14  -9.07913e+14  9.49887e+14  -9.80268e+14  9.98658e+14  -1.00482e+15  9.98658e+14  -9.80268e+14  9.49887e+14  -9.07913e+14  8.54892e+14  -7.91507e+14  7.18568e+14  -6.36994e+14  5.47797e+14  -4.52071e+14  3.50972e+14  -2.45703e+14  1.375e+14  -2.76222e+13  -8.26629e+13  
8.68215e+13  2.90096e+13  -1.44426e+14  2.5808e+14  -3.68637e+14  4.74788e+14  -5.75263e+14  6.68848e+14  -7.544e+14  8.30861e+14  -8.97278e+14  9.52814e+14  -9.96764e+14  1.02857e+15  -1.04781e+15  1.05426e+15  -1.04781e+15  1.02857e+15  -9.96764e+14  9.52814e+14  -8.97278e+14  8.30861e+14  -7.544e+14  6.68848e+14  -5.75263e+14  4.74788e+14  -3.68637e+14  2.5808e+14  -1.44426e+14  2.90096e+13  8.68215e+13  
-8.99763e+13  -3.00613e+13  1.49684e+14  -2.67477e+14  3.82043e+14  -4.92014e+14  5.9607e+14  -6.9295e+14  7.81475e+14  -8.60558e+14  9.29222e+14  -9.86612e+14  1.03201e+15  -1.06486e+15  1.08473e+15  -1.09138e+15  1.08473e+15  -1.06486e+15  1.03201e+15  -9.86612e+14  9.29222e+14  -8.60558e+14  7.81475e+14  -6.9295e+14  5.9607e+14  -4.92014e+14  3.82043e+14  -2.67477e+14  1.49684e+14  -3.00613e+13  -8.99763e+13  
9.21042e+13  3.07697e+13  -1.53234e+14  2.73823e+14  -3.9109e+14  5.03625e+14  -6.10068e+14  7.09132e+14  -7.9961e+14  8.804e+14  -9.50514e+14  1.00909e+15  -1.05542e+15  1.08892e+15  -1.10918e+15  1.11597e+15  -1.10918e+15  1.08892e+15  -1.05542e+15  1.00909e+15  -9.50514e+14  8.804e+14  -7.9961e+14  7.09132e+14  -6.10068e+14  5.03625e+14  -3.9109e+14  2.73823e+14  -1.53234e+14  3.07697e+13  9.21042e+13  
-9.31953e+13  -3.11315e+13  1.5506e+14  -2.77088e+14  3.95736e+14  -5.09567e+14  6.17198e+14  -7.17325e+14  8.08733e+14  -8.90314e+14  9.61082e+14  -1.02018e+15  1.0669e+15  -1.10068e+15  1.12111e+15  -1.12795e+15  1.12111e+15  -1.10068e+15  1.0669e+15  -1.02018e+15  9.61082e+14  -8.90314e+14  8.08733e+14  -7.17325e+14  6.17198e+14  -5.09567e+14  3.95736e+14  -2.77088e+14  1.5506e+14  -3.11315e+13  -9.31953e+13  
9.32519e+13  3.11477e+13  -1.55165e+14  2.77278e+14  -3.95992e+14  5.09855e+14  -6.17479e+14  7.17558e+14  -8.08881e+14  8.90348e+14  -9.60984e+14  1.01995e+15  -1.06654e+15  1.10022e+15  -1.12059e+15  1.1274e+15  -1.12059e+15  1.10022e+15  -1.06654e+15  1.01995e+15  -9.60984e+14  8.90348e+14  -8.08881e+14  7.17558e+14  -6.17479e+14  5.09855e+14  -3.95992e+14  2.77278e+14  -1.55165e+14  3.11477e+13  9.32519e+13  
-9.22884e+13  -3.08232e+13  1.53572e+14  -2.74435e+14  3.91916e+14  -5.04568e+14  6.11011e+14  -7.09951e+14  8.00193e+14  -8.8066e+14  9.50397e+14  -1.00859e+15  1.05455e+15  -1.08777e+15  1.10785e+15  -1.11457e+15  1.10785e+15  -1.08777e+15  1.05455e+15  -1.00859e+15  9.50397e+14  -8.8066e+14  8.00193e+14  -7.09951e+14  6.11011e+14  -5.04568e+14  3.91916e+14  -2.74435e+14  1.53572e+14  -3.08232e+13  -9.22884e+13  
9.033e+13  3.01665e+13  -1.50324e+14  2.68633e+14  -3.83616e+14  4.93845e+14  -5.97965e+14  6.94706e+14  -7.82904e+14  8.61513e+14  -9.29609e+14  9.86407e+14  -1.03126e+15  1.06366e+15  -1.08324e+15  1.08979e+15  -1.08324e+15  1.06366e+15  -1.03126e+15  9.86407e+14  -9.29609e+14  8.61513e+14  -7.82904e+14  6.94706e+14  -5.97965e+14  4.93845e+14  -3.83616e+14  2.68633e+14  -1.50324e+14  3.01665e+13  9.033e+13  
-8.74123e+13  -2.91896e+13  1.45478e+14  -2.59977e+14  3.71242e+14  -4.77881e+14  5.78578e+14  -6.72102e+14  7.57333e+14  -8.33262e+14  8.9901e+14  -9.53827e+14  9.97099e+14  -1.02835e+15  1.04723e+15  -1.05355e+15  1.04723e+15  -1.02835e+15  9.97099e+14  -9.53827e+14  8.9901e+14  -8.33262e+14  7.57333e+14  -6.72102e+14  5.78578e+14  -4.77881e+14  3.71242e+14  -2.59977e+14  1.45478e+14  -2.91896e+13  -8.74123e+13  
8.35797e+13  2.79075e+13  -1.39109e+14  2.48598e+14  -3.54981e+14  4.5692e+14  -5.53147e+14  6.42489e+14  -7.23874e+14  7.96349e+14  -8.59079e+14  9.1136e+14  -9.52617e+14  9.82403e+14  -1.0004e+15  1.00642e+15  -1.0004e+15  9.82403e+14  -9.52617e+14  9.1136e+14  -8.59079e+14  7.96349e+14  -7.23874e+14  6.42489e+14  -5.53147e+14  4.5692e+14  -3.54981e+14  2.48598e+14  -1.39109e+14  2.79075e+13  8.35797e+13  
-7.8885e+13  -2.63379e+13  1.31304e+14  -2.34652e+14  3.35058e+14  -4.31247e+14  5.22023e+14  -6.06274e+14  6.82993e+14  -7.51285e+14  8.10372e+14  -8.596e+14  8.98435e+14  -9.26465e+14  9.434e+14  -9.49064e+14  9.434e+14  -9.26465e+14  8.98435e+14  -8.596e+14  8.10372e+14  -7.51285e+14  6.82993e+14  -6.06274e+14  5.22023e+14  -4.31247e+14  3.35058e+14  -2.34652e+14  1.31304e+14  -2.63379e+13  -7.8885e+13  
7.33879e+13  2.45007e+13  -1.22161e+14  2.18316e+14  -3.11723e+14  4.01191e+14  -4.85601e+14  5.63919e+14  -6.3521e+14  6.98648e+14  -7.53515e+14  7.99212e+14  -8.35251e+14  8.61257e+14  -8.76966e+14  8.8222e+14  -8.76966e+14  8.61257e+14  -8.35251e+14  7.99212e+14  -7.53515e+14  6.98648e+14  -6.3521e+14  5.63919e+14  -4.85601e+14  4.01191e+14  -3.11723e+14  2.18316e+14  -1.22161e+14  2.45007e+13  7.33879e+13  
-6.71541e+13  -2.2418e+13  1.1179e+14  -1.99786e+14  2.85258e+14  -3.67111e+14  4.44317e+14  -5.15931e+14  5.81099e+14  -6.39068e+14  6.8919e+14  -7.30922e+14  7.63825e+14  -7.87563e+14  8.019e+14  -8.06694e+14  8.019e+14  -7.87563e+14  7.63825e+14  -7.30922e+14  6.8919e+14  -6.39068e+14  5.81099e+14  -5.15931e+14  4.44317e+14  -3.67111e+14  2.85258e+14  -1.99786e+14  1.1179e+14  -2.2418e+13  -6.71541e+13  
6.02547e+13  2.01135e+13  -1.0031e+14  1.79271e+14  -2.55961e+14  3.29393e+14  -3.98641e+14  4.62856e+14  -5.21274e+14  5.73224e+14  -6.18128e+14  6.55505e+14  -6.84967e+14  7.06219e+14  -7.19053e+14  7.23344e+14  -7.19053e+14  7.06219e+14  -6.84967e+14  6.55505e+14  -6.18128e+14  5.73224e+14  -5.21274e+14  4.62856e+14  -3.98641e+14  3.29393e+14  -2.55961e+14  1.79271e+14  -1.0031e+14  2.01135e+13  6.02547e+13  
-5.27649e+13  -1.76123e+13  8.78455e+13  -1.56996e+14  2.24154e+14  -2.88448e+14  3.49069e+14  -4.05271e+14  4.56386e+14  -5.0183e+14  5.41099e+14  -5.73779e+14  5.99533e+14  -6.18107e+14  6.29321e+14  -6.33071e+14  6.29321e+14  -6.18107e+14  5.99533e+14  -5.73779e+14  5.41099e+14  -5.0183e+14  4.56386e+14  -4.05271e+14  3.49069e+14  -2.88448e+14  2.24154e+14  -1.56996e+14  8.78455e+13  -1.76123e+13  -5.27649e+13  
4.47635e+13  1.49408e+13  -7.45273e+13  1.33196e+14  -1.90169e+14  2.44708e+14  -2.96121e+14  3.43778e+14  -3.87112e+14  4.25629e+14  -4.58906e+14  4.86592e+14  -5.08407e+14  5.24138e+14  -5.33635e+14  5.36811e+14  -5.33635e+14  5.24138e+14  -5.08407e+14  4.86592e+14  -4.58906e+14  4.25629e+14  -3.87112e+14  3.43778e+14  -2.96121e+14  2.44708e+14  -1.90169e+14  1.33196e+14  -7.45273e+13  1.49408e+13  4.47635e+13  
-3.6332e+13  -1.21261e+13  6.04916e+13  -1.08112e+14  1.54354e+14  -1.98616e+14  2.40336e+14  -2.79001e+14  3.14153e+14  -3.45391e+14  3.72375e+14  -3.94821e+14  4.12505e+14  -4.25255e+14  4.32952e+14  -4.35526e+14  4.32952e+14  -4.25255e+14  4.12505e+14  -3.94821e+14  3.72375e+14  -3.45391e+14  3.14153e+14  -2.79001e+14  2.40336e+14  -1.98616e+14  1.54354e+14  -1.08112e+14  6.04916e+13  -1.21261e+13  -3.6332e+13  
2.75541e+13  9.19612e+12  -4.58779e+13  8.19945e+13  -1.17065e+14  1.5063e+14  -1.82265e+14  2.11579e+14  -2.38226e+14  2.61903e+14  -2.82353e+14  2.99361e+14  -3.12759e+14  3.22418e+14  -3.28249e+14  3.30199e+14  -3.28249e+14  3.22418e+14  -3.12759e+14  2.99361e+14  -2.82353e+14  2.61903e+14  -2.38226e+14  2.11579e+14  -1.82265e+14  1.5063e+14  -1.17065e+14  8.19945e+13  -4.58779e+13  9.19612e+12  2.75541e+13  
-1.8515e+13  -6.17921e+12  3.08283e+13  -5.50977e+13  7.86631e+13  -1.01216e+14  1.22471e+14  -1.42164e+14  1.60064e+14  -1.75967e+14  1.89701e+14  -2.01123e+14  2.10119e+14  -2.16605e+14  2.20519e+14  -2.21828e+14  2.20519e+14  -2.16605e+14  2.10119e+14  -2.01123e+14  1.89701e+14  -1.75967e+14  1.60064e+14  -1.42164e+14  1.22471e+14  -1.01216e+14  7.86631e+13  -5.50977e+13  3.08283e+13  -6.17921e+12  -1.8515e+13  
9.30129e+12  3.10417e+12  -1.54872e+13  2.76795e+13  -3.95179e+13  5.08475e+13  -6.1524e+13  7.14161e+13  -8.04067e+13  8.83938e+13  -9.52909e+13  1.01027e+14  -1.05544e+14  1.08801e+14  -1.10766e+14  1.11424e+14  -1.10766e+14  1.08801e+14  -1.05544e+14  1.01027e+14  -9.52909e+13  8.83938e+13  -8.04067e+13  7.14161e+13  -6.1524e+13  5.08475e+13  -3.95179e+13  2.76795e+13  -1.54872e+13  3.10417e+12  9.30129e+12  
0  0  0  0  0  0  0  0  0  0  0  0  0  0  0  0  0  0  0  0  0  0  0  0  0  0  0  0  0  0  0  
