1  1  1  1  1  1  1  1  1  1  1  1  1  1  1  1  1  1  1  1  1  1  1  1  1  1  1  1  1  1  1  
-3.26694e+14  -1.0921e+14  5.43243e+14  -9.70729e+14  1.38697e+15  -1.78729e+15  2.16703e+15  -2.52163e+15  2.8467e+15  -3.13807e+15  3.39186e+15  -3.60461e+15  3.77335e+15  -3.89567e+15  3.96979e+15  -3.99462e+15  3.96979e+15  -3.89567e+15  3.77335e+15  -3.60461e+15  3.39186e+15  -3.13807e+15  2.8467e+15  -2.52163e+15  2.16703e+15  -1.78729e+15  1.38697e+15  -9.70729e+14  5.43243e+14  -1.0921e+14  -3.26694e+14  
6.49318e+14  2.17056e+14  -1.07973e+15  1.92938e+15  -2.75667e+15  3.55226e+15  -4.30691e+15  5.01156e+15  -5.65747e+15  6.23635e+15  -6.74054e+15  7.16318e+15  -7.49837e+15  7.74133e+15  -7.88854e+15  7.93785e+15  -7.88854e+15  7.74133e+15  -7.49837e+15  7.16318e+15  -6.74054e+15  6.23635e+15  -5.65747e+15  5.01156e+15  -4.30691e+15  3.55226e+15  -2.75667e+15  1.92938e+15  -1.07973e+15  2.17056e+14  6.49318e+14  
-9.63868e+14  -3.22198e+14  1.60281e+15  -2.86409e+15  4.0921e+15  -5.27297e+15  6.39295e+15  -7.4386e+15  8.39696e+15  -9.25575e+15  1.00036e+16  -1.06305e+16  1.11276e+16  -1.14878e+16  1.17061e+16  -1.17792e+16  1.17061e+16  -1.14878e+16  1.11276e+16  -1.06305e+16  1.00036e+16  -9.25575e+15  8.39696e+15  -7.4386e+15  6.39295e+15  -5.27297e+15  4.0921e+15  -2.86409e+15  1.60281e+15  -3.22198e+14  -9.63868e+14  
1.26647e+15  4.23339e+14  -2.10606e+15  3.76336e+15  -5.37684e+15  6.9282e+15  -8.39937e+15  9.77266e+15  -1.10311e+16  1.21585e+16  -1.31402e+16  1.39629e+16  -1.46152e+16  1.50879e+16  -1.53743e+16  1.54702e+16  -1.53743e+16  1.50879e+16  -1.46152e+16  1.39629e+16  -1.31402e+16  1.21585e+16  -1.10311e+16  9.77266e+15  -8.39937e+15  6.9282e+15  -5.37684e+15  3.76336e+15  -2.10606e+15  4.23339e+14  1.26647e+15  
-1.55346e+15  -5.19248e+14  2.58338e+15  -4.61627e+15  6.59527e+15  -8.49781e+15  1.03017e+16  -1.19852e+16  1.35275e+16  -1.4909e+16  1.61116e+16  -1.71192e+16  1.79179e+16  -1.84967e+16  1.88473e+16  -1.89647e+16  1.88473e+16  -1.84967e+16  1.79179e+16  -1.71192e+16  1.61116e+16  -1.4909e+16  1.35275e+16  -1.19852e+16  1.03017e+16  -8.49781e+15  6.59527e+15  -4.61627e+15  2.58338e+15  -5.19248e+14  -1.55346e+15  
1.82139e+15  6.08778e+14  -3.02906e+15  5.41267e+15  -7.73285e+15  9.96303e+15  -1.20771e+16  1.40496e+16  -1.58562e+16  1.74739e+16  -1.88818e+16  2.00611e+16  -2.09957e+16  2.16728e+16  -2.2083e+16  2.22203e+16  -2.2083e+16  2.16728e+16  -2.09957e+16  2.00611e+16  -1.88818e+16  1.74739e+16  -1.58562e+16  1.40496e+16  -1.20771e+16  9.96303e+15  -7.73285e+15  5.41267e+15  -3.02906e+15  6.08778e+14  1.82139e+15  
-2.06715e+15  -6.90882e+14  3.43791e+15  -6.14326e+15  8.77632e+15  -1.13068e+16  1.37049e+16  -1.59417e+16  1.79898e+16  -1.98232e+16  2.14183e+16  -2.27539e+16  2.38123e+16  -2.45788e+16  2.50431e+16  -2.51986e+16  2.50431e+16  -2.45788e+16  2.38123e+16  -2.27539e+16  2.14183e+16  -1.98232e+16  1.79898e+16  -1.59417e+16  1.37049e+16  -1.13068e+16  8.77632e+15  -6.14326e+15  3.43791e+15  -6.90882e+14  -2.06715e+15  
2.28794e+15  7.6463e+14  -3.8053e+15  6.79976e+15  -9.71385e+15  1.25138e+16  -1.51666e+16  1.76402e+16  -1.99042e+16  2.19302e+16  -2.36922e+16  2.51672e+16  -2.63356e+16  2.71818e+16  -2.76941e+16  2.78657e+16  -2.76941e+16  2.71818e+16  -2.63356e+16  2.51672e+16  -2.36922e+16  2.19302e+16  -1.99042e+16  1.76402e+16  -1.51666e+16  1.25138e+16  -9.71385e+15  6.79976e+15  -3.8053e+15  7.6463e+14  2.28794e+15  
-2.48136e+15  -8.29218e+14  4.12722e+15  -7.37502e+15  1.05352e+16  -1.3571e+16  1.64463e+16  -1.91265e+16  2.15787e+16  -2.37722e+16  2.56791e+16  -2.72749e+16  2.85385e+16  -2.94534e+16  3.00073e+16  -3.01928e+16  3.00073e+16  -2.94534e+16  2.85385e+16  -2.72749e+16  2.56791e+16  -2.37722e+16  2.15787e+16  -1.91265e+16  1.64463e+16  -1.3571e+16  1.05352e+16  -7.37502e+15  4.12722e+15  -8.29218e+14  -2.48136e+15  
2.64541e+15  8.83976e+14  -4.40033e+15  7.86308e+15  -1.1232e+16  1.44674e+16  -1.75308e+16  2.03853e+16  -2.29959e+16  2.53302e+16  -2.73586e+16  2.90554e+16  -3.03987e+16  3.1371e+16  -3.19595e+16  3.21565e+16  -3.19595e+16  3.1371e+16  -3.03987e+16  2.90554e+16  -2.73586e+16  2.53302e+16  -2.29959e+16  2.03853e+16  -1.75308e+16  1.44674e+16  -1.1232e+16  7.86308e+15  -4.40033e+15  8.83976e+14  2.64541e+15  
-2.7785e+15  -9.28377e+14  4.62199e+15  -8.2592e+15  1.17973e+16  -1.51944e+16  1.84098e+16  -2.14048e+16  2.41426e+16  -2.65896e+16  2.87151e+16  -3.04924e+16  3.18989e+16  -3.29166e+16  3.35325e+16  -3.37387e+16  3.35325e+16  -3.29166e+16  3.18989e+16  -3.04924e+16  2.87151e+16  -2.65896e+16  2.41426e+16  -2.14048e+16  1.84098e+16  -1.51944e+16  1.17973e+16  -8.2592e+15  4.62199e+15  -9.28377e+14  -2.7785e+15  
2.87946e+15  9.62034e+14  -4.79024e+15  8.55991e+15  -1.22263e+16  1.57456e+16  -1.90757e+16  2.21761e+16  -2.50091e+16  2.754e+16  -2.97373e+16  3.1574e+16  -3.30269e+16  3.4078e+16  -3.4714e+16  3.49269e+16  -3.4714e+16  3.4078e+16  -3.30269e+16  3.1574e+16  -2.97373e+16  2.754e+16  -2.50091e+16  2.21761e+16  -1.90757e+16  1.57456e+16  -1.22263e+16  8.55991e+15  -4.79024e+15  9.62034e+14  2.87946e+15  
-2.94756e+15  -9.84704e+14  4.90386e+15  -8.763e+15  1.25158e+16  -1.61172e+16  1.95237e+16  -2.26939e+16  2.55895e+16  -2.81749e+16  3.04187e+16  -3.22934e+16  3.37759e+16  -3.4848e+16  3.54966e+16  -3.57137e+16  3.54966e+16  -3.4848e+16  3.37759e+16  -3.22934e+16  3.04187e+16  -2.81749e+16  2.55895e+16  -2.26939e+16  1.95237e+16  -1.61172e+16  1.25158e+16  -8.763e+15  4.90386e+15  -9.84704e+14  -2.94756e+15  
2.98247e+15  9.96284e+14  -4.96229e+15  8.86748e+15  -1.26645e+16  1.63074e+16  -1.97518e+16  2.29561e+16  -2.58814e+16  2.84922e+16  -3.0757e+16  3.26483e+16  -3.41434e+16  3.52244e+16  -3.58782e+16  3.6097e+16  -3.58782e+16  3.52244e+16  -3.41434e+16  3.26483e+16  -3.0757e+16  2.84922e+16  -2.58814e+16  2.29561e+16  -1.97518e+16  1.63074e+16  -1.26645e+16  8.86748e+15  -4.96229e+15  9.96284e+14  2.98247e+15  
-2.98429e+15  -9.96802e+14  4.96565e+15  -8.87357e+15  1.26727e+16  -1.63166e+16  1.97608e+16  -2.29636e+16  2.58861e+16  -2.84933e+16  3.07538e+16  -3.26408e+16  3.4132e+16  -3.52098e+16  3.58615e+16  -3.60796e+16  3.58615e+16  -3.52098e+16  3.4132e+16  -3.26408e+16  3.07538e+16  -2.84933e+16  2.58861e+16  -2.29636e+16  1.97608e+16  -1.63166e+16  1.26727e+16  -8.87357e+15  4.96565e+15  -9.96802e+14  -2.98429e+15  
2.95345e+15  9.86417e+14  -4.91469e+15  8.78259e+15  -1.25423e+16  1.61474e+16  -1.95538e+16  2.27201e+16  -2.56081e+16  2.81833e+16  -3.0415e+16  3.22772e+16  -3.37483e+16  3.48112e+16  -3.54538e+16  3.56688e+16  -3.54538e+16  3.48112e+16  -3.37483e+16  3.22772e+16  -3.0415e+16  2.81833e+16  -2.56081e+16  2.27201e+16  -1.95538e+16  1.61474e+16  -1.25423e+16  8.78259e+15  -4.91469e+15  9.86417e+14  2.95345e+15  
-2.89078e+15  -9.65402e+14  4.81073e+15  -8.59692e+15  1.22766e+16  -1.58043e+16  1.91363e+16  -2.22323e+16  2.50548e+16  -2.75705e+16  2.97498e+16  -3.15674e+16  3.30027e+16  -3.40396e+16  3.46663e+16  -3.4876e+16  3.46663e+16  -3.40396e+16  3.30027e+16  -3.15674e+16  2.97498e+16  -2.75705e+16  2.50548e+16  -2.22323e+16  1.91363e+16  -1.58043e+16  1.22766e+16  -8.59692e+15  4.81073e+15  -9.65402e+14  -2.89078e+15  
2.79741e+15  9.34139e+14  -4.65566e+15  8.3199e+15  -1.18806e+16  1.52934e+16  -1.85159e+16  2.15089e+16  -2.42365e+16  2.66664e+16  -2.87705e+16  3.05248e+16  -3.19096e+16  3.29096e+16  -3.3514e+16  3.37162e+16  -3.3514e+16  3.29096e+16  -3.19096e+16  3.05248e+16  -2.87705e+16  2.66664e+16  -2.42365e+16  2.15089e+16  -1.85159e+16  1.52934e+16  -1.18806e+16  8.3199e+15  -4.65566e+15  9.34139e+14  2.79741e+15  
-2.67475e+15  -8.93109e+14  4.45183e+15  -7.95575e+15  1.13603e+16  -1.46225e+16  1.7702e+16  -2.05612e+16  2.31657e+16  -2.54851e+16  2.74926e+16  -2.91657e+16  3.04861e+16  -3.14393e+16  3.20152e+16  -3.22079e+16  3.20152e+16  -3.14393e+16  3.04861e+16  -2.91657e+16  2.74926e+16  -2.54851e+16  2.31657e+16  -2.05612e+16  1.7702e+16  -1.46225e+16  1.13603e+16  -7.95575e+15  4.45183e+15  -8.93109e+14  -2.67475e+15  
2.52451e+15  8.42876e+14  -4.20203e+15  7.50944e+15  -1.07227e+16  1.3801e+16  -1.6706e+16  1.94022e+16  -2.18574e+16  2.40429e+16  -2.59339e+16  2.75093e+16  -2.87521e+16  2.96491e+16  -3.01911e+16  3.03723e+16  -3.01911e+16  2.96491e+16  -2.87521e+16  2.75093e+16  -2.59339e+16  2.40429e+16  -2.18574e+16  1.94022e+16  -1.6706e+16  1.3801e+16  -1.07227e+16  7.50944e+15  -4.20203e+15  8.42876e+14  2.52451e+15  
-2.34859e+15  -7.84081e+14  3.90945e+15  -6.98666e+15  9.97591e+15  -1.28391e+16  1.55404e+16  -1.80468e+16  2.03283e+16  -2.23584e+16  2.41143e+16  -2.55767e+16  2.67301e+16  -2.75623e+16  2.8065e+16  -2.82332e+16  2.8065e+16  -2.75623e+16  2.67301e+16  -2.55767e+16  2.41143e+16  -2.23584e+16  2.03283e+16  -1.80468e+16  1.55404e+16  -1.28391e+16  9.97591e+15  -6.98666e+15  3.90945e+15  -7.84081e+14  -2.34859e+15  
2.14909e+15  7.17429e+14  -3.57757e+15  6.39363e+15  -9.12894e+15  1.17484e+16  -1.42192e+16  1.6511e+16  -1.85966e+16  2.04517e+16  -2.20558e+16  2.33913e+16  -2.44442e+16  2.52039e+16  -2.56627e+16  2.58162e+16  -2.56627e+16  2.52039e+16  -2.44442e+16  2.33913e+16  -2.20558e+16  2.04517e+16  -1.85966e+16  1.6511e+16  -1.42192e+16  1.17484e+16  -9.12894e+15  6.39363e+15  -3.57757e+15  7.17429e+14  2.14909e+15  
-1.9283e+15  -6.4368e+14  3.21017e+15  -5.73711e+15  8.19138e+15  -1.05414e+16  1.27575e+16  -1.48125e+16  1.6682e+16  -1.83446e+16  1.97816e+16  -2.09778e+16  2.19206e+16  -2.26007e+16  2.30114e+16  -2.31488e+16  2.30114e+16  -2.26007e+16  2.19206e+16  -2.09778e+16  1.97816e+16  -1.83446e+16  1.6682e+16  -1.48125e+16  1.27575e+16  -1.05414e+16  8.19138e+15  -5.73711e+15  3.21017e+15  -6.4368e+14  -1.9283e+15  
1.68861e+15  5.63637e+14  -2.81127e+15  5.02427e+15  -7.17346e+15  9.23105e+15  -1.1171e+16  1.29696e+16  -1.46055e+16  1.60598e+16  -1.73165e+16  1.83623e+16  -1.91865e+16  1.97809e+16  -2.01398e+16  2.02598e+16  -2.01398e+16  1.97809e+16  -1.91865e+16  1.83623e+16  -1.73165e+16  1.60598e+16  -1.46055e+16  1.29696e+16  -1.1171e+16  9.23105e+15  -7.17346e+15  5.02427e+15  -2.81127e+15  5.63637e+14  1.68861e+15  
-1.43254e+15  -4.78143e+14  2.38506e+15  -4.26259e+15  6.08587e+15  -7.83124e+15  9.47659e+15  -1.10017e+16  1.23885e+16  -1.36212e+16  1.46861e+16  -1.55721e+16  1.62703e+16  -1.67737e+16  1.70776e+16  -1.71793e+16  1.70776e+16  -1.67737e+16  1.62703e+16  -1.55721e+16  1.46861e+16  -1.36212e+16  1.23885e+16  -1.10017e+16  9.47659e+15  -7.83124e+15  6.08587e+15  -4.26259e+15  2.38506e+15  -4.78143e+14  -1.43254e+15  
1.16271e+15  3.88065e+14  -1.93588e+15  3.45985e+15  -4.93971e+15  6.35619e+15  -7.69132e+15  8.9287e+15  -1.00536e+16  1.10534e+16  -1.19169e+16  1.26352e+16  -1.32012e+16  1.36092e+16  -1.38555e+16  1.39379e+16  -1.38555e+16  1.36092e+16  -1.32012e+16  1.26352e+16  -1.19169e+16  1.10534e+16  -1.00536e+16  8.9287e+15  -7.69132e+15  6.35619e+15  -4.93971e+15  3.45985e+15  -1.93588e+15  3.88065e+14  1.16271e+15  
-8.81799e+14  -2.94298e+14  1.4682e+15  -2.62402e+15  3.74635e+15  -4.82053e+15  5.83291e+15  -6.77105e+15  7.62382e+15  -8.38155e+15  9.03597e+15  -9.58028e+15  1.00091e+16  -1.03182e+16  1.05048e+16  -1.05672e+16  1.05048e+16  -1.03182e+16  1.00091e+16  -9.58028e+15  9.03597e+15  -8.38155e+15  7.62382e+15  -6.77105e+15  5.83291e+15  -4.82053e+15  3.74635e+15  -2.62402e+15  1.4682e+15  -2.94298e+14  -8.81799e+14  
5.92526e+14  1.9775e+14  -9.86581e+14  1.76326e+15  -2.51741e+15  3.23917e+15  -3.91936e+15  4.5496e+15  -5.12245e+15  5.63138e+15  -6.07089e+15  6.43641e+15  -6.72432e+15  6.93188e+15  -7.05716e+15  7.09904e+15  -7.05716e+15  6.93188e+15  -6.72432e+15  6.43641e+15  -6.07089e+15  5.63138e+15  -5.12245e+15  4.5496e+15  -3.91936e+15  3.23917e+15  -2.51741e+15  1.76326e+15  -9.86581e+14  1.9775e+14  5.92526e+14  
-2.97664e+14  -9.93408e+13  4.95628e+14  -8.85811e+14  1.26467e+15  -1.62724e+15  1.96892e+15  -2.28549e+15  2.57321e+15  -2.82882e+15  3.04954e+15  -3.2331e+15  3.37767e+15  -3.48189e+15  3.54479e+15  -3.56582e+15  3.54479e+15  -3.48189e+15  3.37767e+15  -3.2331e+15  3.04954e+15  -2.82882e+15  2.57321e+15  -2.28549e+15  1.96892e+15  -1.62724e+15  1.26467e+15  -8.85811e+14  4.95628e+14  -9.93408e+13  -2.97664e+14  
0  0  0  0  0  0  0  0  0  0  0  0  0  0  0  0  0  0  0  0  0  0  0  0  0  0  0  0  0  0  0  
