1  1  1  1  1  1  1  1  1  1  1  1  1  1  1  1  1  1  1  1  1  1  1  1  1  1  1  1  1  1  1  
-7.81751e+14  -2.6133e+14  1.29993e+15  -2.32287e+15  3.31891e+15  -4.27683e+15  5.18551e+15  -6.03405e+15  6.81192e+15  -7.50913e+15  8.11643e+15  -8.62553e+15  9.02932e+15  -9.32201e+15  9.49936e+15  -9.55877e+15  9.49936e+15  -9.32201e+15  9.02932e+15  -8.62553e+15  8.11643e+15  -7.50913e+15  6.81192e+15  -6.03405e+15  5.18551e+15  -4.27683e+15  3.31891e+15  -2.32287e+15  1.29993e+15  -2.6133e+14  -7.81751e+14  
1.55376e+15  5.19397e+14  -2.5837e+15  4.61685e+15  -6.59648e+15  8.50026e+15  -1.03061e+16  1.19922e+16  -1.35378e+16  1.49231e+16  -1.61295e+16  1.71409e+16  -1.7943e+16  1.85243e+16  -1.88766e+16  1.89946e+16  -1.88766e+16  1.85243e+16  -1.7943e+16  1.71409e+16  -1.61295e+16  1.49231e+16  -1.35378e+16  1.19922e+16  -1.03061e+16  8.50026e+15  -6.59648e+15  4.61685e+15  -2.5837e+15  5.19397e+14  1.55376e+15  
-2.30645e+15  -7.70992e+14  3.83539e+15  -6.85352e+15  9.79205e+15  -1.26178e+16  1.52978e+16  -1.77999e+16  2.00932e+16  -2.21482e+16  2.39379e+16  -2.54378e+16  2.66273e+16  -2.74894e+16  2.80118e+16  -2.81867e+16  2.80118e+16  -2.74894e+16  2.66273e+16  -2.54378e+16  2.39379e+16  -2.21482e+16  2.00932e+16  -1.77999e+16  1.52978e+16  -1.26178e+16  9.79205e+15  -6.85352e+15  3.83539e+15  -7.70992e+14  -2.30645e+15  
3.03056e+15  1.01301e+15  -5.03963e+15  9.00539e+15  -1.28663e+16  1.65786e+16  -2.0099e+16  2.33851e+16  -2.63964e+16  2.90944e+16  -3.14435e+16  3.3412e+16  -3.49729e+16  3.6104e+16  -3.67893e+16  3.70188e+16  -3.67893e+16  3.6104e+16  -3.49729e+16  3.3412e+16  -3.14435e+16  2.90944e+16  -2.63964e+16  2.33851e+16  -2.0099e+16  1.65786e+16  -1.28663e+16  9.00539e+15  -5.03963e+15  1.01301e+15  3.03056e+15  
-3.71729e+15  -1.24252e+15  6.1818e+15  -1.10463e+16  1.57819e+16  -2.03345e+16  2.4651e+16  -2.86795e+16  3.23701e+16  -3.5676e+16  3.85537e+16  -4.09647e+16  4.28761e+16  -4.4261e+16  4.50999e+16  -4.53809e+16  4.50999e+16  -4.4261e+16  4.28761e+16  -4.09647e+16  3.85537e+16  -3.5676e+16  3.23701e+16  -2.86795e+16  2.4651e+16  -2.03345e+16  1.57819e+16  -1.10463e+16  6.1818e+15  -1.24252e+15  -3.71729e+15  
4.35843e+15  1.45675e+15  -7.24828e+15  1.29521e+16  -1.8504e+16  2.38407e+16  -2.88994e+16  3.36195e+16  -3.79425e+16  4.18136e+16  -4.51825e+16  4.80044e+16  -5.02409e+16  5.18612e+16  -5.28426e+16  5.31713e+16  -5.28426e+16  5.18612e+16  -5.02409e+16  4.80044e+16  -4.51825e+16  4.18136e+16  -3.79425e+16  3.36195e+16  -2.88994e+16  2.38407e+16  -1.8504e+16  1.29521e+16  -7.24828e+15  1.45675e+15  4.35843e+15  
-4.9465e+15  -1.65322e+15  8.22662e+15  -1.47003e+16  2.1001e+16  -2.70561e+16  3.27946e+16  -3.81472e+16  4.30481e+16  -4.74353e+16  5.12521e+16  -5.44482e+16  5.69807e+16  -5.88151e+16  5.9926e+16  -6.0298e+16  5.9926e+16  -5.88151e+16  5.69807e+16  -5.44482e+16  5.12521e+16  -4.74353e+16  4.30481e+16  -3.81472e+16  3.27946e+16  -2.70561e+16  2.1001e+16  -1.47003e+16  8.22662e+15  -1.65322e+15  -4.9465e+15  
5.47484e+15  1.82969e+15  -9.10575e+15  1.62712e+16  -2.32444e+16  2.99444e+16  -3.62923e+16  4.22114e+16  -4.76291e+16  5.24772e+16  -5.66935e+16  6.0223e+16  -6.30189e+16  6.50436e+16  -6.62696e+16  6.66802e+16  -6.62696e+16  6.50436e+16  -6.30189e+16  6.0223e+16  -5.66935e+16  5.24772e+16  -4.76291e+16  4.22114e+16  -3.62923e+16  2.99444e+16  -2.32444e+16  1.62712e+16  -9.10575e+15  1.82969e+15  5.47484e+15  
-5.93769e+15  -1.98425e+15  9.87608e+15  -1.76478e+16  2.52099e+16  -3.24742e+16  3.93546e+16  -4.5768e+16  5.16359e+16  -5.68847e+16  6.14479e+16  -6.52664e+16  6.82903e+16  -7.04796e+16  7.1805e+16  -7.22488e+16  7.1805e+16  -7.04796e+16  6.82903e+16  -6.52664e+16  6.14479e+16  -5.68847e+16  5.16359e+16  -4.5768e+16  3.93546e+16  -3.24742e+16  2.52099e+16  -1.76478e+16  9.87608e+15  -1.98425e+15  -5.93769e+15  
6.33024e+15  2.11528e+15  -1.05296e+16  1.88157e+16  -2.68771e+16  3.46192e+16  -4.19498e+16  4.87804e+16  -5.50273e+16  6.06129e+16  -6.54668e+16  6.95271e+16  -7.27415e+16  7.5068e+16  -7.64763e+16  7.69478e+16  -7.64763e+16  7.5068e+16  -7.27415e+16  6.95271e+16  -6.54668e+16  6.06129e+16  -5.50273e+16  4.87804e+16  -4.19498e+16  3.46192e+16  -2.68771e+16  1.88157e+16  -1.05296e+16  2.11528e+15  6.33024e+15  
-6.64871e+15  -2.22153e+15  1.106e+16  -1.97636e+16  2.82299e+16  -3.63588e+16  4.40531e+16  -5.12198e+16  5.77713e+16  -6.36266e+16  6.87127e+16  -7.29656e+16  7.63312e+16  -7.87666e+16  8.02405e+16  -8.07339e+16  8.02405e+16  -7.87666e+16  7.63312e+16  -7.29656e+16  6.87127e+16  -6.36266e+16  5.77713e+16  -5.12198e+16  4.40531e+16  -3.63588e+16  2.82299e+16  -1.97636e+16  1.106e+16  -2.22153e+15  -6.64871e+15  
6.8903e+15  2.30206e+15  -1.14626e+16  2.04831e+16  -2.92565e+16  3.7678e+16  -4.56464e+16  5.30655e+16  -5.98447e+16  6.59008e+16  -7.11589e+16  7.55538e+16  -7.90306e+16  8.15458e+16  -8.30676e+16  8.3577e+16  -8.30676e+16  8.15458e+16  -7.90306e+16  7.55538e+16  -7.11589e+16  6.59008e+16  -5.98447e+16  5.30655e+16  -4.56464e+16  3.7678e+16  -2.92565e+16  2.04831e+16  -1.14626e+16  2.30206e+15  6.8903e+15  
-7.05326e+15  -2.35631e+15  1.17345e+16  -2.09691e+16  2.99493e+16  -3.85671e+16  4.67185e+16  -5.43046e+16  6.12334e+16  -6.74202e+16  7.27894e+16  -7.72753e+16  8.08228e+16  -8.33883e+16  8.49403e+16  -8.54598e+16  8.49403e+16  -8.33883e+16  8.08228e+16  -7.72753e+16  7.27894e+16  -6.74202e+16  6.12334e+16  -5.43046e+16  4.67185e+16  -3.85671e+16  2.99493e+16  -2.09691e+16  1.17345e+16  -2.35631e+15  -7.05326e+15  
7.13681e+15  2.38402e+15  -1.18743e+16  2.12191e+16  -3.03051e+16  3.90221e+16  -4.72644e+16  5.49321e+16  -6.1932e+16  6.81794e+16  -7.35988e+16  7.81246e+16  -8.17023e+16  8.4289e+16  -8.58534e+16  8.6377e+16  -8.58534e+16  8.4289e+16  -8.17023e+16  7.81246e+16  -7.35988e+16  6.81794e+16  -6.1932e+16  5.49321e+16  -4.72644e+16  3.90221e+16  -3.03051e+16  2.12191e+16  -1.18743e+16  2.38402e+15  7.13681e+15  
-7.14114e+15  -2.38526e+15  1.18824e+16  -2.12337e+16  3.03247e+16  -3.90442e+16  4.7286e+16  -5.49499e+16  6.19433e+16  -6.8182e+16  7.35913e+16  -7.81067e+16  8.1675e+16  -8.4254e+16  8.58136e+16  -8.63354e+16  8.58136e+16  -8.4254e+16  8.1675e+16  -7.81067e+16  7.35913e+16  -6.8182e+16  6.19433e+16  -5.49499e+16  4.7286e+16  -3.90442e+16  3.03247e+16  -2.12337e+16  1.18824e+16  -2.38526e+15  -7.14114e+15  
7.06736e+15  2.36041e+15  -1.17604e+16  2.1016e+16  -3.00126e+16  3.86393e+16  -4.67907e+16  5.43674e+16  -6.12781e+16  6.74401e+16  -7.27805e+16  7.72366e+16  -8.07567e+16  8.33001e+16  -8.48379e+16  8.53524e+16  -8.48379e+16  8.33001e+16  -8.07567e+16  7.72366e+16  -7.27805e+16  6.74401e+16  -6.12781e+16  5.43674e+16  -4.67907e+16  3.86393e+16  -3.00126e+16  2.1016e+16  -1.17604e+16  2.36041e+15  7.06736e+15  
-6.91739e+15  -2.31012e+15  1.15117e+16  -2.05717e+16  2.9377e+16  -3.78182e+16  4.57916e+16  -5.31999e+16  5.99541e+16  -6.59738e+16  7.11886e+16  -7.55381e+16  7.89727e+16  -8.14537e+16  8.29534e+16  -8.34552e+16  8.29534e+16  -8.14537e+16  7.89727e+16  -7.55381e+16  7.11886e+16  -6.59738e+16  5.99541e+16  -5.31999e+16  4.57916e+16  -3.78182e+16  2.9377e+16  -2.05717e+16  1.15117e+16  -2.31012e+15  -6.91739e+15  
6.69395e+15  2.23532e+15  -1.11406e+16  1.99088e+16  -2.84294e+16  3.65957e+16  -4.43069e+16  5.1469e+16  -5.79958e+16  6.38105e+16  -6.88454e+16  7.30432e+16  -7.63569e+16  7.87499e+16  -8.01962e+16  8.068e+16  -8.01962e+16  7.87499e+16  -7.63569e+16  7.30432e+16  -6.88454e+16  6.38105e+16  -5.79958e+16  5.1469e+16  -4.43069e+16  3.65957e+16  -2.84294e+16  1.99088e+16  -1.11406e+16  2.23532e+15  6.69395e+15  
-6.40046e+15  -2.13713e+15  1.06528e+16  -1.90374e+16  2.71842e+16  -3.49905e+16  4.23595e+16  -4.92012e+16  5.54336e+16  -6.09836e+16  6.57875e+16  -6.97911e+16  7.29505e+16  -7.52315e+16  7.66097e+16  -7.70708e+16  7.66097e+16  -7.52315e+16  7.29505e+16  -6.97911e+16  6.57875e+16  -6.09836e+16  5.54336e+16  -4.92012e+16  4.23595e+16  -3.49905e+16  2.71842e+16  -1.90374e+16  1.06528e+16  -2.13713e+15  -6.40046e+15  
6.04094e+15  2.01693e+15  -1.00551e+16  1.79695e+16  -2.56584e+16  3.30245e+16  -3.9976e+16  4.64279e+16  -5.23029e+16  5.75327e+16  -6.20576e+16  6.58274e+16  -6.88013e+16  7.09479e+16  -7.22447e+16  7.26784e+16  -7.22447e+16  7.09479e+16  -6.88013e+16  6.58274e+16  -6.20576e+16  5.75327e+16  -5.23029e+16  4.64279e+16  -3.9976e+16  3.30245e+16  -2.56584e+16  1.79695e+16  -1.00551e+16  2.01693e+15  6.04094e+15  
-5.61997e+15  -1.87624e+15  9.35497e+15  -1.67185e+16  2.38715e+16  -3.07229e+16  3.71869e+16  -4.31844e+16  4.86438e+16  -5.35018e+16  5.77035e+16  -6.12029e+16  6.39627e+16  -6.59543e+16  6.71573e+16  -6.75596e+16  6.71573e+16  -6.59543e+16  6.39627e+16  -6.12029e+16  5.77035e+16  -5.35018e+16  4.86438e+16  -4.31844e+16  3.71869e+16  -3.07229e+16  2.38715e+16  -1.67185e+16  9.35497e+15  -1.87624e+15  -5.61997e+15  
5.1426e+15  1.71675e+15  -8.56081e+15  1.52994e+16  -2.18448e+16  2.8113e+16  -3.40254e+16  3.95095e+16  -4.45e+16  4.89393e+16  -5.27776e+16  5.59733e+16  -5.8493e+16  6.03108e+16  -6.14087e+16  6.17759e+16  -6.14087e+16  6.03108e+16  -5.8493e+16  5.59733e+16  -5.27776e+16  4.89393e+16  -4.45e+16  3.95095e+16  -3.40254e+16  2.8113e+16  -2.18448e+16  1.52994e+16  -8.56081e+15  1.71675e+15  5.1426e+15  
-4.61425e+15  -1.54027e+15  7.68167e+15  -1.37284e+16  1.96013e+16  -2.52246e+16  3.05275e+16  -3.54451e+16  3.99187e+16  -4.3897e+16  4.73357e+16  -5.0198e+16  5.24542e+16  -5.40816e+16  5.50644e+16  -5.5393e+16  5.50644e+16  -5.40816e+16  5.24542e+16  -5.0198e+16  4.73357e+16  -4.3897e+16  3.99187e+16  -3.54451e+16  3.05275e+16  -2.52246e+16  1.96013e+16  -1.37284e+16  7.68167e+15  -1.54027e+15  -4.61425e+15  
4.04069e+15  1.34874e+15  -6.72713e+15  1.20226e+16  -1.71655e+16  2.20891e+16  -2.67314e+16  3.10352e+16  -3.49496e+16  3.84296e+16  -4.14369e+16  4.39394e+16  -4.59116e+16  4.7334e+16  -4.81929e+16  4.848e+16  -4.81929e+16  4.7334e+16  -4.59116e+16  4.39394e+16  -4.14369e+16  3.84296e+16  -3.49496e+16  3.10352e+16  -2.67314e+16  2.20891e+16  -1.71655e+16  1.20226e+16  -6.72713e+15  1.34874e+15  4.04069e+15  
-3.42795e+15  -1.14415e+15  5.70723e+15  -1.02e+16  1.4563e+16  -1.87395e+16  2.26767e+16  -2.63262e+16  2.96447e+16  -3.25943e+16  3.51426e+16  -3.72628e+16  3.89333e+16  -4.0138e+16  4.08653e+16  -4.11085e+16  4.08653e+16  -4.0138e+16  3.89333e+16  -3.72628e+16  3.51426e+16  -3.25943e+16  2.96447e+16  -2.63262e+16  2.26767e+16  -1.87395e+16  1.4563e+16  -1.02e+16  5.70723e+15  -1.14415e+15  -3.42795e+15  
2.78227e+15  9.28608e+14  -4.63239e+15  8.27911e+15  -1.18203e+16  1.52098e+16  -1.84047e+16  2.13656e+16  -2.40575e+16  2.64497e+16  -2.85161e+16  3.0235e+16  -3.15892e+16  3.25656e+16  -3.31551e+16  3.33521e+16  -3.31551e+16  3.25656e+16  -3.15892e+16  3.0235e+16  -2.85161e+16  2.64497e+16  -2.40575e+16  2.13656e+16  -1.84047e+16  1.52098e+16  -1.18203e+16  8.27911e+15  -4.63239e+15  9.28608e+14  2.78227e+15  
-2.11007e+15  -7.0423e+14  3.51328e+15  -6.27906e+15  8.96469e+15  -1.15351e+16  1.39577e+16  -1.62025e+16  1.82432e+16  -2.00563e+16  2.16223e+16  -2.29248e+16  2.39508e+16  -2.46905e+16  2.5137e+16  -2.52863e+16  2.5137e+16  -2.46905e+16  2.39508e+16  -2.29248e+16  2.16223e+16  -2.00563e+16  1.82432e+16  -1.62025e+16  1.39577e+16  -1.15351e+16  8.96469e+15  -6.27906e+15  3.51328e+15  -7.0423e+14  -2.11007e+15  
1.41787e+15  4.73198e+14  -2.3608e+15  4.21933e+15  -6.02395e+15  7.75106e+15  -9.37868e+15  1.08868e+16  -1.22576e+16  1.34754e+16  -1.45271e+16  1.54018e+16  -1.60907e+16  1.65874e+16  -1.68872e+16  1.69874e+16  -1.68872e+16  1.65874e+16  -1.60907e+16  1.54018e+16  -1.45271e+16  1.34754e+16  -1.22576e+16  1.08868e+16  -9.37868e+15  7.75106e+15  -6.02395e+15  4.21933e+15  -2.3608e+15  4.73198e+14  1.41787e+15  
-7.12284e+14  -2.37714e+14  1.186e+15  -2.11967e+15  3.02625e+15  -3.89385e+15  4.71145e+15  -5.46898e+15  6.15747e+15  -6.76912e+15  7.29729e+15  -7.73652e+15  8.08247e+15  -8.33186e+15  8.48239e+15  -8.53271e+15  8.48239e+15  -8.33186e+15  8.08247e+15  -7.73652e+15  7.29729e+15  -6.76912e+15  6.15747e+15  -5.46898e+15  4.71145e+15  -3.89385e+15  3.02625e+15  -2.11967e+15  1.186e+15  -2.37714e+14  -7.12284e+14  
0  0  0  0  0  0  0  0  0  0  0  0  0  0  0  0  0  0  0  0  0  0  0  0  0  0  0  0  0  0  0  
