1  1  1  1  1  1  1  1  1  1  1  1  1  1  1  1  1  1  1  1  1  1  1  1  1  1  1  1  1  1  1  
4.36915e+15  1.46055e+15  -7.26524e+15  1.29824e+16  -1.85491e+16  2.39029e+16  -2.89814e+16  3.37239e+16  -3.80713e+16  4.1968e+16  -4.53621e+16  4.82075e+16  -5.04642e+16  5.21e+16  -5.30913e+16  5.34233e+16  -5.30913e+16  5.21e+16  -5.04642e+16  4.82075e+16  -4.53621e+16  4.1968e+16  -3.80713e+16  3.37239e+16  -2.89814e+16  2.39029e+16  -1.85491e+16  1.29824e+16  -7.26524e+15  1.46055e+15  4.36915e+15  
-8.68387e+15  -2.90287e+15  1.44401e+16  -2.58032e+16  3.68673e+16  -4.75073e+16  5.75998e+16  -6.70237e+16  7.5662e+16  -8.34039e+16  9.01469e+16  -9.57992e+16  1.00282e+17  -1.03531e+17  1.055e+17  -1.06159e+17  1.055e+17  -1.03531e+17  1.00282e+17  -9.57992e+16  9.01469e+16  -8.34039e+16  7.5662e+16  -6.70237e+16  5.75998e+16  -4.75073e+16  3.68673e+16  -2.58032e+16  1.44401e+16  -2.90287e+15  -8.68387e+15  
1.28906e+16  4.30902e+15  -2.14357e+16  3.83038e+16  -5.47271e+16  7.05198e+16  -8.54982e+16  9.94826e+16  -1.123e+17  1.23785e+17  -1.33787e+17  1.4217e+17  -1.48818e+17  1.53636e+17  -1.56556e+17  1.57534e+17  -1.56556e+17  1.53636e+17  -1.48818e+17  1.4217e+17  -1.33787e+17  1.23785e+17  -1.123e+17  9.94826e+16  -8.54982e+16  7.05198e+16  -5.47271e+16  3.83038e+16  -2.14357e+16  4.30902e+15  1.28906e+16  
-1.69376e+16  -5.66167e+15  2.81661e+16  -5.03305e+16  7.19089e+16  -9.26566e+16  1.12332e+17  -1.30698e+17  1.47528e+17  -1.62606e+17  1.75735e+17  -1.86738e+17  1.95461e+17  -2.01783e+17  2.05613e+17  -2.06896e+17  2.05613e+17  -2.01783e+17  1.95461e+17  -1.86738e+17  1.75735e+17  -1.62606e+17  1.47528e+17  -1.30698e+17  1.12332e+17  -9.26566e+16  7.19089e+16  -5.03305e+16  2.81661e+16  -5.66167e+15  -1.69376e+16  
2.07757e+16  6.94433e+15  -3.45496e+16  6.17373e+16  -8.8204e+16  1.13648e+17  -1.37773e+17  1.60288e+17  -1.80914e+17  1.9939e+17  -2.15474e+17  2.28949e+17  -2.39631e+17  2.47372e+17  -2.5206e+17  2.53631e+17  -2.5206e+17  2.47372e+17  -2.39631e+17  2.28949e+17  -2.15474e+17  1.9939e+17  -1.80914e+17  1.60288e+17  -1.37773e+17  1.13648e+17  -8.8204e+16  6.17373e+16  -3.45496e+16  6.94433e+15  2.07757e+16  
-2.4359e+16  -8.14169e+15  4.05101e+16  -7.23881e+16  1.03418e+17  -1.33244e+17  1.61517e+17  -1.87897e+17  2.12058e+17  -2.33693e+17  2.52522e+17  -2.68293e+17  2.80793e+17  -2.89849e+17  2.95334e+17  -2.97171e+17  2.95334e+17  -2.89849e+17  2.80793e+17  -2.68293e+17  2.52522e+17  -2.33693e+17  2.12058e+17  -1.87897e+17  1.61517e+17  -1.33244e+17  1.03418e+17  -7.23881e+16  4.05101e+16  -8.14169e+15  -2.4359e+16  
2.76456e+16  9.23974e+15  -4.5978e+16  8.21588e+16  -1.17373e+17  1.51215e+17  -1.83286e+17  2.13202e+17  -2.40593e+17  2.65112e+17  -2.86444e+17  3.04307e+17  -3.18461e+17  3.28713e+17  -3.34922e+17  3.37001e+17  -3.34922e+17  3.28713e+17  -3.18461e+17  3.04307e+17  -2.86444e+17  2.65112e+17  -2.40593e+17  2.13202e+17  -1.83286e+17  1.51215e+17  -1.17373e+17  8.21588e+16  -4.5978e+16  9.23974e+15  2.76456e+16  
-3.05985e+16  -1.0226e+16  5.08914e+16  -9.09388e+16  1.29911e+17  -1.67357e+17  2.02835e+17  -2.35917e+17  2.66196e+17  -2.93291e+17  3.16856e+17  -3.36582e+17  3.52208e+17  -3.63524e+17  3.70376e+17  -3.72671e+17  3.70376e+17  -3.63524e+17  3.52208e+17  -3.36582e+17  3.16856e+17  -2.93291e+17  2.66196e+17  -2.35917e+17  2.02835e+17  -1.67357e+17  1.29911e+17  -9.09388e+16  5.08914e+16  -1.0226e+16  -3.05985e+16  
3.31853e+16  1.10898e+16  -5.51967e+16  9.86323e+16  -1.40896e+17  1.81496e+17  -2.1995e+17  2.55794e+17  -2.88589e+17  3.17925e+17  -3.43428e+17  3.64769e+17  -3.8167e+17  3.93905e+17  -4.01313e+17  4.03793e+17  -4.01313e+17  3.93905e+17  -3.8167e+17  3.64769e+17  -3.43428e+17  3.17925e+17  -2.88589e+17  2.55794e+17  -2.1995e+17  1.81496e+17  -1.40896e+17  9.86323e+16  -5.51967e+16  1.10898e+16  3.31853e+16  
-3.53793e+16  -1.18221e+16  5.88493e+16  -1.0516e+17  1.50214e+17  -1.93484e+17  2.34454e+17  -2.7263e+17  3.07544e+17  -3.38761e+17  3.65889e+17  -3.88582e+17  4.06547e+17  -4.1955e+17  4.27421e+17  -4.30056e+17  4.27421e+17  -4.1955e+17  4.06547e+17  -3.88582e+17  3.65889e+17  -3.38761e+17  3.07544e+17  -2.7263e+17  2.34454e+17  -1.93484e+17  1.50214e+17  -1.0516e+17  5.88493e+16  -1.18221e+16  -3.53793e+16  
3.71592e+16  1.2416e+16  -6.18137e+16  1.10457e+17  -1.57775e+17  2.03207e+17  -2.4621e+17  2.86264e+17  -3.22879e+17  3.55605e+17  -3.84031e+17  4.078e+17  -4.2661e+17  4.40221e+17  -4.48459e+17  4.51216e+17  -4.48459e+17  4.40221e+17  -4.2661e+17  4.078e+17  -3.84031e+17  3.55605e+17  -3.22879e+17  2.86264e+17  -2.4621e+17  2.03207e+17  -1.57775e+17  1.10457e+17  -6.18137e+16  1.2416e+16  3.71592e+16  
-3.85094e+16  -1.28661e+16  6.40639e+16  -1.14479e+17  1.63512e+17  -2.1058e+17  2.55115e+17  -2.96579e+17  3.34468e+17  -3.68315e+17  3.97702e+17  -4.22265e+17  4.41697e+17  -4.55754e+17  4.64259e+17  -4.67106e+17  4.64259e+17  -4.55754e+17  4.41697e+17  -4.22265e+17  3.97702e+17  -3.68315e+17  3.34468e+17  -2.96579e+17  2.55115e+17  -2.1058e+17  1.63512e+17  -1.14479e+17  6.40639e+16  -1.28661e+16  -3.85094e+16  
3.94201e+16  1.31693e+16  -6.55834e+16  1.17195e+17  -1.67385e+17  2.15549e+17  -2.61106e+17  3.03505e+17  -3.42229e+17  3.76807e+17  -4.06815e+17  4.31886e+17  -4.51713e+17  4.66051e+17  -4.74725e+17  4.77629e+17  -4.74725e+17  4.66051e+17  -4.51713e+17  4.31886e+17  -4.06815e+17  3.76807e+17  -3.42229e+17  3.03505e+17  -2.61106e+17  2.15549e+17  -1.67385e+17  1.17195e+17  -6.55834e+16  1.31693e+16  3.94201e+16  
-3.98871e+16  -1.33241e+16  6.63648e+16  -1.18592e+17  1.69373e+17  -2.18092e+17  2.64158e+17  -3.07011e+17  3.46133e+17  -3.8105e+17  4.11338e+17  -4.36633e+17  4.56628e+17  -4.71085e+17  4.79829e+17  -4.82755e+17  4.79829e+17  -4.71085e+17  4.56628e+17  -4.36633e+17  4.11338e+17  -3.8105e+17  3.46133e+17  -3.07011e+17  2.64158e+17  -2.18092e+17  1.69373e+17  -1.18592e+17  6.63648e+16  -1.33241e+16  -3.98871e+16  
3.99113e+16  1.33311e+16  -6.64098e+16  1.18674e+17  -1.69482e+17  2.18215e+17  -2.64278e+17  3.07111e+17  -3.46197e+17  3.81064e+17  -4.11296e+17  4.36533e+17  -4.56476e+17  4.7089e+17  -4.79606e+17  4.82523e+17  -4.79606e+17  4.7089e+17  -4.56476e+17  4.36533e+17  -4.11296e+17  3.81064e+17  -3.46197e+17  3.07111e+17  -2.64278e+17  2.18215e+17  -1.69482e+17  1.18674e+17  -6.64098e+16  1.33311e+16  3.99113e+16  
-3.9499e+16  -1.31922e+16  6.57282e+16  -1.17457e+17  1.67738e+17  -2.15952e+17  2.6151e+17  -3.03855e+17  3.42479e+17  -3.76918e+17  4.06765e+17  -4.3167e+17  4.51343e+17  -4.65558e+17  4.74153e+17  -4.77028e+17  4.74153e+17  -4.65558e+17  4.51343e+17  -4.3167e+17  4.06765e+17  -3.76918e+17  3.42479e+17  -3.03855e+17  2.6151e+17  -2.15952e+17  1.67738e+17  -1.17457e+17  6.57282e+16  -1.31922e+16  -3.9499e+16  
3.86608e+16  1.29111e+16  -6.43379e+16  1.14974e+17  -1.64186e+17  2.11363e+17  -2.55926e+17  2.97331e+17  -3.35079e+17  3.68723e+17  -3.97868e+17  4.22177e+17  -4.41373e+17  4.55239e+17  -4.63621e+17  4.66425e+17  -4.63621e+17  4.55239e+17  -4.41373e+17  4.22177e+17  -3.97868e+17  3.68723e+17  -3.35079e+17  2.97331e+17  -2.55926e+17  2.11363e+17  -1.64186e+17  1.14974e+17  -6.43379e+16  1.29111e+16  3.86608e+16  
-3.7412e+16  -1.2493e+16  6.2264e+16  -1.11269e+17  1.5889e+17  -2.04531e+17  2.47628e+17  -2.87656e+17  3.24135e+17  -3.56632e+17  3.84772e+17  -4.08233e+17  4.26753e+17  -4.40128e+17  4.48211e+17  -4.50915e+17  4.48211e+17  -4.40128e+17  4.26753e+17  -4.08233e+17  3.84772e+17  -3.56632e+17  3.24135e+17  -2.87656e+17  2.47628e+17  -2.04531e+17  1.5889e+17  -1.11269e+17  6.2264e+16  -1.2493e+16  -3.7412e+16  
3.57717e+16  1.19443e+16  -5.9538e+16  1.06399e+17  -1.5193e+17  1.95559e+17  -2.36744e+17  2.74982e+17  -3.09815e+17  3.40833e+17  -3.67682e+17  3.90058e+17  -4.07715e+17  4.20463e+17  -4.28166e+17  4.30743e+17  -4.28166e+17  4.20463e+17  -4.07715e+17  3.90058e+17  -3.67682e+17  3.40833e+17  -3.09815e+17  2.74982e+17  -2.36744e+17  1.95559e+17  -1.5193e+17  1.06399e+17  -5.9538e+16  1.19443e+16  3.57717e+16  
-3.37624e+16  -1.12725e+16  5.61973e+16  -1.0043e+17  1.43403e+17  -1.84572e+17  2.23423e+17  -2.59482e+17  2.92317e+17  -3.21546e+17  3.46835e+17  -3.67905e+17  3.84526e+17  -3.96523e+17  4.0377e+17  -4.06194e+17  4.0377e+17  -3.96523e+17  3.84526e+17  -3.67905e+17  3.46835e+17  -3.21546e+17  2.92317e+17  -2.59482e+17  2.23423e+17  -1.84572e+17  1.43403e+17  -1.0043e+17  5.61973e+16  -1.12725e+16  -3.37624e+16  
3.14096e+16  1.04862e+16  -5.22843e+16  9.34383e+16  -1.33416e+17  1.71708e+17  -2.07835e+17  2.41354e+17  -2.71867e+17  2.99018e+17  -3.22501e+17  3.42059e+17  -3.57483e+17  3.68614e+17  -3.75337e+17  3.77586e+17  -3.75337e+17  3.68614e+17  -3.57483e+17  3.42059e+17  -3.22501e+17  2.99018e+17  -2.71867e+17  2.41354e+17  -2.07835e+17  1.71708e+17  -1.33416e+17  9.34383e+16  -5.22843e+16  1.04862e+16  3.14096e+16  
-2.87416e+16  -9.59477e+15  4.78458e+16  -8.55073e+16  1.22089e+17  -1.57122e+17  1.90165e+17  -2.20816e+17  2.48707e+17  -2.73518e+17  2.9497e+17  -3.12831e+17  3.26913e+17  -3.37073e+17  3.43209e+17  -3.45261e+17  3.43209e+17  -3.37073e+17  3.26913e+17  -3.12831e+17  2.9497e+17  -2.73518e+17  2.48707e+17  -2.20816e+17  1.90165e+17  -1.57122e+17  1.22089e+17  -8.55073e+16  4.78458e+16  -9.59477e+15  -2.87416e+16  
2.57887e+16  8.60846e+15  -4.29323e+16  7.67272e+16  -1.0955e+17  1.40978e+17  -1.70616e+17  1.981e+17  -2.23103e+17  2.45337e+17  -2.64556e+17  2.80553e+17  -2.93163e+17  3.02258e+17  -3.07751e+17  3.09588e+17  -3.07751e+17  3.02258e+17  -2.93163e+17  2.80553e+17  -2.64556e+17  2.45337e+17  -2.23103e+17  1.981e+17  -1.70616e+17  1.40978e+17  -1.0955e+17  7.67272e+16  -4.29323e+16  8.60846e+15  2.57887e+16  
-2.25831e+16  -7.53799e+15  3.75974e+16  -6.71937e+16  9.59366e+16  -1.23454e+17  1.494e+17  -1.73454e+17  1.95331e+17  -2.14781e+17  2.31588e+17  -2.45574e+17  2.56597e+17  -2.64546e+17  2.69346e+17  -2.70951e+17  2.69346e+17  -2.64546e+17  2.56597e+17  -2.45574e+17  2.31588e+17  -2.14781e+17  1.95331e+17  -1.73454e+17  1.494e+17  -1.23454e+17  9.59366e+16  -6.71937e+16  3.75974e+16  -7.53799e+15  -2.25831e+16  
1.91586e+16  6.3946e+15  -3.18973e+16  5.70071e+16  -8.13914e+16  1.04734e+17  -1.26738e+17  1.47135e+17  -1.65682e+17  1.82167e+17  -1.96409e+17  2.08259e+17  -2.17596e+17  2.24328e+17  -2.28393e+17  2.29752e+17  -2.28393e+17  2.24328e+17  -2.17596e+17  2.08259e+17  -1.96409e+17  1.82167e+17  -1.65682e+17  1.47135e+17  -1.26738e+17  1.04734e+17  -8.13914e+16  5.70071e+16  -3.18973e+16  6.3946e+15  1.91586e+16  
-1.55499e+16  -5.18992e+15  2.58901e+16  -4.62714e+16  6.60628e+16  -8.50066e+16  1.02862e+17  -1.19411e+17  1.34456e+17  -1.47826e+17  1.59374e+17  -1.68981e+17  1.7655e+17  -1.82007e+17  1.85301e+17  -1.86403e+17  1.85301e+17  -1.82007e+17  1.7655e+17  -1.68981e+17  1.59374e+17  -1.47826e+17  1.34456e+17  -1.19411e+17  1.02862e+17  -8.50066e+16  6.60628e+16  -4.62714e+16  2.58901e+16  -5.18992e+15  -1.55499e+16  
1.1793e+16  3.93589e+15  -1.96355e+16  3.50932e+16  -5.0103e+16  6.44689e+16  -7.80083e+16  9.05548e+16  -1.0196e+17  1.12093e+17  -1.20846e+17  1.28125e+17  -1.33859e+17  1.37993e+17  -1.40489e+17  1.41323e+17  -1.40489e+17  1.37993e+17  -1.33859e+17  1.28125e+17  -1.20846e+17  1.12093e+17  -1.0196e+17  9.05548e+16  -7.80083e+16  6.44689e+16  -5.0103e+16  3.50932e+16  -1.96355e+16  3.93589e+15  1.1793e+16  
-7.92435e+15  -2.64467e+15  1.31944e+16  -2.35816e+16  3.36674e+16  -4.33201e+16  5.24168e+16  -6.08456e+16  6.85067e+16  -7.53132e+16  8.11911e+16  -8.60795e+16  8.993e+16  -9.27057e+16  9.43812e+16  -9.49414e+16  9.43812e+16  -9.27057e+16  8.993e+16  -8.60795e+16  8.11911e+16  -7.53132e+16  6.85067e+16  -6.08456e+16  5.24168e+16  -4.33201e+16  3.36674e+16  -2.35816e+16  1.31944e+16  -2.64467e+15  -7.92435e+15  
3.9809e+15  1.32857e+15  -6.62844e+15  1.18467e+16  -1.69135e+16  2.17625e+16  -2.6332e+16  3.05657e+16  -3.44137e+16  3.78321e+16  -4.0784e+16  4.32389e+16  -4.51724e+16  4.65662e+16  -4.74075e+16  4.76887e+16  -4.74075e+16  4.65662e+16  -4.51724e+16  4.32389e+16  -4.0784e+16  3.78321e+16  -3.44137e+16  3.05657e+16  -2.6332e+16  2.17625e+16  -1.69135e+16  1.18467e+16  -6.62844e+15  1.32857e+15  3.9809e+15  
0  0  0  0  0  0  0  0  0  0  0  0  0  0  0  0  0  0  0  0  0  0  0  0  0  0  0  0  0  0  0  
