1  1  1  1  1  1  1  1  1  1  1  1  1  1  1  1  1  1  1  1  1  1  1  1  1  1  1  1  1  1  1  
5.98658e+16  2.00124e+16  -9.95477e+16  1.77883e+17  -2.54159e+17  3.27516e+17  -3.97102e+17  4.62082e+17  -5.21651e+17  5.75042e+17  -6.21548e+17  6.60535e+17  -6.91457e+17  7.13871e+17  -7.27452e+17  7.32002e+17  -7.27452e+17  7.13871e+17  -6.91457e+17  6.60535e+17  -6.21548e+17  5.75042e+17  -5.21651e+17  4.62082e+17  -3.97102e+17  3.27516e+17  -2.54159e+17  1.77883e+17  -9.95477e+16  2.00124e+16  5.98658e+16  
-1.18986e+17  -3.97749e+16  1.97857e+17  -3.53554e+17  5.05152e+17  -6.50942e+17  7.89229e+17  -9.18354e+17  1.03671e+18  -1.14279e+18  1.23519e+18  -1.31263e+18  1.37405e+18  -1.41858e+18  1.44555e+18  -1.45459e+18  1.44555e+18  -1.41858e+18  1.37405e+18  -1.31263e+18  1.23519e+18  -1.14279e+18  1.03671e+18  -9.18354e+17  7.89229e+17  -6.50942e+17  5.05152e+17  -3.53554e+17  1.97857e+17  -3.97749e+16  -1.18986e+17  
1.76626e+17  5.90419e+16  -2.93711e+17  5.24836e+17  -7.49866e+17  9.66257e+17  -1.17149e+18  1.3631e+18  -1.53872e+18  1.69609e+18  -1.83314e+18  1.94801e+18  -2.0391e+18  2.10511e+18  -2.14511e+18  2.15851e+18  -2.14511e+18  2.10511e+18  -2.0391e+18  1.94801e+18  -1.83314e+18  1.69609e+18  -1.53872e+18  1.3631e+18  -1.17149e+18  9.66257e+17  -7.49866e+17  5.24836e+17  -2.93711e+17  5.90419e+16  1.76626e+17  
-2.32078e+17  -7.75757e+16  3.8593e+17  -6.89624e+17  9.8529e+17  -1.26957e+18  1.53916e+18  -1.79081e+18  2.02141e+18  -2.22802e+18  2.40791e+18  -2.55866e+18  2.67819e+18  -2.76481e+18  2.81729e+18  -2.83487e+18  2.81729e+18  -2.76481e+18  2.67819e+18  -2.55866e+18  2.40791e+18  -2.22802e+18  2.02141e+18  -1.79081e+18  1.53916e+18  -1.26957e+18  9.8529e+17  -6.89624e+17  3.8593e+17  -7.75757e+16  -2.32078e+17  
2.84667e+17  9.51507e+16  -4.73397e+17  8.45919e+17  -1.20856e+18  1.5572e+18  -1.88775e+18  2.19625e+18  -2.47888e+18  2.73203e+18  -2.95241e+18  3.13704e+18  -3.28341e+18  3.38947e+18  -3.45371e+18  3.47523e+18  -3.45371e+18  3.38947e+18  -3.28341e+18  3.13704e+18  -2.95241e+18  2.73203e+18  -2.47888e+18  2.19625e+18  -1.88775e+18  1.5572e+18  -1.20856e+18  8.45919e+17  -4.73397e+17  9.51507e+16  2.84667e+17  
-3.33764e+17  -1.11557e+17  5.55066e+17  -9.91856e+17  1.41702e+18  -1.8257e+18  2.21309e+18  -2.57455e+18  2.9056e+18  -3.20205e+18  3.46004e+18  -3.67613e+18  3.8474e+18  -3.97149e+18  4.04664e+18  -4.07181e+18  4.04664e+18  -3.97149e+18  3.8474e+18  -3.67613e+18  3.46004e+18  -3.20205e+18  2.9056e+18  -2.57455e+18  2.21309e+18  -1.8257e+18  1.41702e+18  -9.91856e+17  5.55066e+17  -1.11557e+17  -3.33764e+17  
3.78799e+17  1.26602e+17  -6.29987e+17  1.12573e+18  -1.60823e+18  2.07193e+18  -2.51138e+18  2.92128e+18  -3.29658e+18  3.63255e+18  -3.92484e+18  4.16959e+18  -4.36353e+18  4.504e+18  -4.58908e+18  4.61757e+18  -4.58908e+18  4.504e+18  -4.36353e+18  4.16959e+18  -3.92484e+18  3.63255e+18  -3.29658e+18  2.92128e+18  -2.51138e+18  2.07193e+18  -1.60823e+18  1.12573e+18  -6.29987e+17  1.26602e+17  3.78799e+17  
-4.19258e+17  -1.40116e+17  6.9731e+17  -1.24604e+18  1.78004e+18  -2.29312e+18  2.77923e+18  -3.23251e+18  3.64739e+18  -4.01865e+18  4.34154e+18  -4.61182e+18  4.82593e+18  -4.98098e+18  5.07487e+18  -5.1063e+18  5.07487e+18  -4.98098e+18  4.82593e+18  -4.61182e+18  4.34154e+18  -4.01865e+18  3.64739e+18  -3.23251e+18  2.77923e+18  -2.29312e+18  1.78004e+18  -1.24604e+18  6.9731e+17  -1.40116e+17  -4.19258e+17  
4.54703e+17  1.51952e+17  -7.56301e+17  1.35145e+18  -1.93055e+18  2.48684e+18  -3.01374e+18  3.50487e+18  -3.95423e+18  4.35618e+18  -4.70562e+18  4.99804e+18  -5.22961e+18  5.39726e+18  -5.49876e+18  5.53275e+18  -5.49876e+18  5.39726e+18  -5.22961e+18  4.99804e+18  -4.70562e+18  4.35618e+18  -3.95423e+18  3.50487e+18  -3.01374e+18  2.48684e+18  -1.93055e+18  1.35145e+18  -7.56301e+17  1.51952e+17  4.54703e+17  
-4.84764e+17  -1.61986e+17  8.06348e+17  -1.44089e+18  2.05823e+18  -2.65111e+18  3.21248e+18  -3.73556e+18  4.21394e+18  -4.64168e+18  5.01339e+18  -5.32432e+18  5.57047e+18  -5.74864e+18  5.85648e+18  -5.89259e+18  5.85648e+18  -5.74864e+18  5.57047e+18  -5.32432e+18  5.01339e+18  -4.64168e+18  4.21394e+18  -3.73556e+18  3.21248e+18  -2.65111e+18  2.05823e+18  -1.44089e+18  8.06348e+17  -1.61986e+17  -4.84764e+17  
5.09152e+17  1.70122e+17  -8.46966e+17  1.51347e+18  -2.16182e+18  2.78433e+18  -3.37355e+18  3.92236e+18  -4.42407e+18  4.87247e+18  -5.26196e+18  5.58764e+18  -5.84538e+18  6.03188e+18  -6.14474e+18  6.18253e+18  -6.14474e+18  6.03188e+18  -5.84538e+18  5.58764e+18  -5.26196e+18  4.87247e+18  -4.42407e+18  3.92236e+18  -3.37355e+18  2.78433e+18  -2.16182e+18  1.51347e+18  -8.46966e+17  1.70122e+17  5.09152e+17  
-5.27653e+17  -1.7629e+17  8.77798e+17  -1.56858e+18  2.24043e+18  -2.88534e+18  3.49556e+18  -4.06371e+18  4.58285e+18  -5.04662e+18  5.44928e+18  -5.78584e+18  6.05209e+18  -6.2447e+18  6.36124e+18  -6.40025e+18  6.36124e+18  -6.2447e+18  6.05209e+18  -5.78584e+18  5.44928e+18  -5.04662e+18  4.58285e+18  -4.06371e+18  3.49556e+18  -2.88534e+18  2.24043e+18  -1.56858e+18  8.77798e+17  -1.7629e+17  -5.27653e+17  
5.40132e+17  1.80444e+17  -8.98618e+17  1.60579e+18  -2.29349e+18  2.95343e+18  -3.57766e+18  4.1586e+18  -4.6892e+18  5.16298e+18  -5.57415e+18  5.91767e+18  -6.18933e+18  6.3858e+18  -6.50465e+18  6.54443e+18  -6.50465e+18  6.3858e+18  -6.18933e+18  5.91767e+18  -5.57415e+18  5.16298e+18  -4.6892e+18  4.1586e+18  -3.57766e+18  2.95343e+18  -2.29349e+18  1.60579e+18  -8.98618e+17  1.80444e+17  5.40132e+17  
-5.4653e+17  -1.82566e+17  9.09326e+17  -1.62494e+18  2.32074e+18  -2.98828e+18  3.61947e+18  -4.20665e+18  4.74269e+18  -5.22112e+18  5.63613e+18  -5.98271e+18  6.25669e+18  -6.45477e+18  6.57458e+18  -6.61467e+18  6.57458e+18  -6.45477e+18  6.25669e+18  -5.98271e+18  5.63613e+18  -5.22112e+18  4.74269e+18  -4.20665e+18  3.61947e+18  -2.98828e+18  2.32074e+18  -1.62494e+18  9.09326e+17  -1.82566e+17  -5.4653e+17  
5.46862e+17  1.82661e+17  -9.09941e+17  1.62606e+18  -2.32223e+18  2.98997e+18  -3.62112e+18  4.20801e+18  -4.74356e+18  5.22131e+18  -5.63555e+18  5.98134e+18  -6.25459e+18  6.45209e+18  -6.57152e+18  6.61149e+18  -6.57152e+18  6.45209e+18  -6.25459e+18  5.98134e+18  -5.63555e+18  5.22131e+18  -4.74356e+18  4.20801e+18  -3.62112e+18  2.98997e+18  -2.32223e+18  1.62606e+18  -9.09941e+17  1.82661e+17  5.46862e+17  
-5.41212e+17  -1.80758e+17  9.00602e+17  -1.60938e+18  2.29833e+18  -2.95896e+18  3.58318e+18  -4.1634e+18  4.69262e+18  -5.1645e+18  5.57346e+18  -5.91471e+18  6.18427e+18  -6.37905e+18  6.4968e+18  -6.53621e+18  6.4968e+18  -6.37905e+18  6.18427e+18  -5.91471e+18  5.57346e+18  -5.1645e+18  4.69262e+18  -4.1634e+18  3.58318e+18  -2.95896e+18  2.29833e+18  -1.60938e+18  9.00602e+17  -1.80758e+17  -5.41212e+17  
5.29727e+17  1.76907e+17  -8.81553e+17  1.57536e+18  -2.24966e+18  2.89608e+18  -3.50668e+18  4.074e+18  -4.59123e+18  5.05222e+18  -5.45156e+18  5.78464e+18  -6.04766e+18  6.23765e+18  -6.3525e+18  6.39092e+18  -6.3525e+18  6.23765e+18  -6.04766e+18  5.78464e+18  -5.45156e+18  5.05222e+18  -4.59123e+18  4.074e+18  -3.50668e+18  2.89608e+18  -2.24966e+18  1.57536e+18  -8.81553e+17  1.76907e+17  5.29727e+17  
-5.12617e+17  -1.71178e+17  8.53136e+17  -1.5246e+18  2.17709e+18  -2.80247e+18  3.39298e+18  -3.94145e+18  4.44127e+18  -4.88655e+18  5.27212e+18  -5.59358e+18  5.84734e+18  -6.0306e+18  6.14135e+18  -6.1784e+18  6.14135e+18  -6.0306e+18  5.84734e+18  -5.59358e+18  5.27212e+18  -4.88655e+18  4.44127e+18  -3.94145e+18  3.39298e+18  -2.80247e+18  2.17709e+18  -1.5246e+18  8.53136e+17  -1.71178e+17  -5.12617e+17  
4.90141e+17  1.6366e+17  -8.15785e+17  1.45787e+18  -2.08174e+18  2.67954e+18  -3.24385e+18  3.76778e+18  -4.24506e+18  4.67007e+18  -5.03794e+18  5.34454e+18  -5.58648e+18  5.76116e+18  -5.8667e+18  5.90201e+18  -5.8667e+18  5.76116e+18  -5.58648e+18  5.34454e+18  -5.03794e+18  4.67007e+18  -4.24506e+18  3.76778e+18  -3.24385e+18  2.67954e+18  -2.08174e+18  1.45787e+18  -8.15785e+17  1.6366e+17  4.90141e+17  
-4.6261e+17  -1.54455e+17  7.70011e+17  -1.37608e+18  1.9649e+18  -2.52899e+18  3.06133e+18  -3.5554e+18  4.00531e+18  -4.4058e+18  4.75231e+18  -5.041e+18  5.26874e+18  -5.43312e+18  5.53243e+18  -5.56564e+18  5.53243e+18  -5.43312e+18  5.26874e+18  -5.041e+18  4.75231e+18  -4.4058e+18  4.00531e+18  -3.5554e+18  3.06133e+18  -2.52899e+18  1.9649e+18  -1.37608e+18  7.70011e+17  -1.54455e+17  -4.6261e+17  
4.30372e+17  1.43681e+17  -7.16395e+17  1.28028e+18  -1.82806e+18  2.35273e+18  -2.84773e+18  3.30702e+18  -3.7251e+18  4.09712e+18  -4.41888e+18  4.68686e+18  -4.89821e+18  5.05072e+18  -5.14284e+18  5.17365e+18  -5.14284e+18  5.05072e+18  -4.89821e+18  4.68686e+18  -4.41888e+18  4.09712e+18  -3.7251e+18  3.30702e+18  -2.84773e+18  2.35273e+18  -1.82806e+18  1.28028e+18  -7.16395e+17  1.43681e+17  4.30372e+17  
-3.93815e+17  -1.31467e+17  6.55579e+17  -1.17161e+18  1.67285e+18  -2.15287e+18  2.60563e+18  -3.0256e+18  3.40777e+18  -3.74772e+18  4.04166e+18  -4.28638e+18  4.47934e+18  -4.61855e+18  4.70262e+18  -4.73074e+18  4.70262e+18  -4.61855e+18  4.47934e+18  -4.28638e+18  4.04166e+18  -3.74772e+18  3.40777e+18  -3.0256e+18  2.60563e+18  -2.15287e+18  1.67285e+18  -1.17161e+18  6.55579e+17  -1.31467e+17  -3.93815e+17  
3.53355e+17  1.17952e+17  -5.88255e+17  1.05131e+18  -1.50105e+18  1.93168e+18  -2.33777e+18  2.71435e+18  -3.05694e+18  3.36159e+18  -3.62492e+18  3.84411e+18  -4.01689e+18  4.14152e+18  -4.21678e+18  4.24195e+18  -4.21678e+18  4.14152e+18  -4.01689e+18  3.84411e+18  -3.62492e+18  3.36159e+18  -3.05694e+18  2.71435e+18  -2.33777e+18  1.93168e+18  -1.50105e+18  1.05131e+18  -5.88255e+17  1.17952e+17  3.53355e+17  
-3.09432e+17  -1.03285e+17  5.15157e+17  -9.20682e+17  1.31452e+18  -1.69156e+18  2.04706e+18  -2.37665e+18  2.67641e+18  -2.94291e+18  3.1732e+18  -3.36484e+18  3.51587e+18  -3.6248e+18  3.69056e+18  -3.71255e+18  3.69056e+18  -3.6248e+18  3.51587e+18  -3.36484e+18  3.1732e+18  -2.94291e+18  2.67641e+18  -2.37665e+18  2.04706e+18  -1.69156e+18  1.31452e+18  -9.20682e+17  5.15157e+17  -1.03285e+17  -3.09432e+17  
2.62509e+17  8.76183e+16  -4.37055e+17  7.81107e+17  -1.11522e+18  1.43505e+18  -1.73656e+18  2.01603e+18  -2.27016e+18  2.49604e+18  -2.69119e+18  2.85355e+18  -2.98148e+18  3.07373e+18  -3.12943e+18  3.14805e+18  -3.12943e+18  3.07373e+18  -2.98148e+18  2.85355e+18  -2.69119e+18  2.49604e+18  -2.27016e+18  2.01603e+18  -1.73656e+18  1.43505e+18  -1.11522e+18  7.81107e+17  -4.37055e+17  8.76183e+16  2.62509e+17  
-2.13064e+17  -7.11119e+16  3.54744e+17  -6.34007e+17  9.05187e+17  -1.16475e+18  1.40941e+18  -1.63616e+18  1.8423e+18  -2.0255e+18  2.18374e+18  -2.31537e+18  2.41907e+18  -2.49385e+18  2.53898e+18  -2.55408e+18  2.53898e+18  -2.49385e+18  2.41907e+18  -2.31537e+18  2.18374e+18  -2.0255e+18  1.8423e+18  -1.63616e+18  1.40941e+18  -1.16475e+18  9.05187e+17  -6.34007e+17  3.54744e+17  -7.11119e+16  -2.13064e+17  
1.61587e+17  5.39293e+16  -2.69044e+17  4.80845e+17  -6.86508e+17  8.83348e+17  -1.06886e+18  1.24077e+18  -1.39704e+18  1.53589e+18  -1.65582e+18  1.75556e+18  -1.83413e+18  1.89078e+18  -1.92497e+18  1.9364e+18  -1.92497e+18  1.89078e+18  -1.83413e+18  1.75556e+18  -1.65582e+18  1.53589e+18  -1.39704e+18  1.24077e+18  -1.06886e+18  8.83348e+17  -6.86508e+17  4.80845e+17  -2.69044e+17  5.39293e+16  1.61587e+17  
-1.08579e+17  -3.62371e+16  1.80788e+17  -3.23113e+17  4.61309e+17  -5.93569e+17  7.18211e+17  -8.33702e+17  9.38674e+17  -1.03194e+18  1.11247e+18  -1.17945e+18  1.23221e+18  -1.27025e+18  1.2932e+18  -1.30088e+18  1.2932e+18  -1.27025e+18  1.23221e+18  -1.17945e+18  1.11247e+18  -1.03194e+18  9.38674e+17  -8.33702e+17  7.18211e+17  -5.93569e+17  4.61309e+17  -3.23113e+17  1.80788e+17  -3.62371e+16  -1.08579e+17  
5.4546e+16  1.82039e+16  -9.08224e+16  1.62322e+17  -2.31747e+17  2.98188e+17  -3.60799e+17  4.1881e+17  -4.71534e+17  5.18373e+17  -5.5882e+17  5.92456e+17  -6.18948e+17  6.38046e+17  -6.49573e+17  6.53427e+17  -6.49573e+17  6.38046e+17  -6.18948e+17  5.92456e+17  -5.5882e+17  5.18373e+17  -4.71534e+17  4.1881e+17  -3.60799e+17  2.98188e+17  -2.31747e+17  1.62322e+17  -9.08224e+16  1.82039e+16  5.4546e+16  
0  0  0  0  0  0  0  0  0  0  0  0  0  0  0  0  0  0  0  0  0  0  0  0  0  0  0  0  0  0  0  
