1  1  1  1  1  1  1  1  1  1  1  1  1  1  1  1  1  1  1  1  1  1  1  1  1  1  1  1  1  1  1  
0.990868  0.990609  0.989832  0.988603  0.987017  0.985189  0.983237  0.981272  0.979381  0.977627  0.976042  0.974628  0.973358  0.972185  0.971044  0.969857  0.968547  0.96704  0.965273  0.963201  0.960807  0.958101  0.95513  0.951975  0.948754  0.945612  0.942714  0.940232  0.938327  0.937131  0.936733  
0.980982  0.980475  0.978953  0.976544  0.973435  0.969852  0.966026  0.962171  0.95846  0.955016  0.9519  0.949115  0.94661  0.944291  0.942028  0.939673  0.937073  0.934083  0.93058  0.926479  0.921743  0.916396  0.91053  0.904306  0.897954  0.891761  0.886051  0.881163  0.877412  0.875057  0.874272  
0.969615  0.96888  0.966674  0.963183  0.958677  0.953482  0.947932  0.942336  0.936946  0.931936  0.927394  0.923324  0.919652  0.916237  0.912894  0.909409  0.905558  0.901132  0.895956  0.889906  0.882934  0.875075  0.866463  0.857338  0.848033  0.838968  0.830617  0.82347  0.817988  0.814547  0.8134  
0.956086  0.955153  0.952354  0.947921  0.9422  0.9356  0.928546  0.921428  0.914562  0.908167  0.902354  0.897125  0.892382  0.887949  0.883587  0.879024  0.87398  0.868189  0.861432  0.853555  0.8445  0.834316  0.823179  0.811396  0.799399  0.787724  0.776978  0.767789  0.760742  0.756322  0.754848  
0.939791  0.938698  0.935419  0.930225  0.923519  0.915779  0.907501  0.899136  0.891055  0.883508  0.876622  0.870394  0.864709  0.859355  0.854053  0.848484  0.842322  0.835258  0.827039  0.817491  0.806551  0.794284  0.780905  0.76678  0.752424  0.738473  0.725648  0.71469  0.706294  0.701028  0.699273  
0.920219  0.91901  0.915384  0.909639  0.902219  0.893651  0.884476  0.875194  0.866204  0.857781  0.850057  0.843024  0.836547  0.83039  0.824243  0.817755  0.810565  0.802339  0.792803  0.781772  0.769186  0.755127  0.739842  0.723749  0.707429  0.691599  0.677068  0.664667  0.655172  0.649221  0.647238  
0.896971  0.895696  0.89187  0.885808  0.877974  0.868921  0.859218  0.849382  0.839829  0.830838  0.822541  0.814918  0.807821  0.800996  0.794114  0.786805  0.778693  0.769434  0.758746  0.746449  0.732487  0.716964  0.700155  0.682517  0.664679  0.647416  0.631596  0.618114  0.607802  0.601343  0.59919  
0.869777  0.868487  0.864617  0.858483  0.850554  0.841383  0.83154  0.821539  0.81179  0.802563  0.793976  0.785999  0.77847  0.771124  0.763628  0.755608  0.746692  0.736542  0.724887  0.711559  0.696521  0.679893  0.661974  0.643246  0.62437  0.60615  0.58949  0.575315  0.564485  0.557707  0.555447  
0.838507  0.837255  0.833498  0.827542  0.819839  0.810923  0.801336  0.791568  0.782001  0.772879  0.764297  0.756209  0.748443  0.740733  0.732751  0.72414  0.714549  0.703663  0.691238  0.677132  0.661331  0.643975  0.62538  0.606039  0.586622  0.567941  0.550902  0.536432  0.525392  0.518488  0.516187  
0.803177  0.802013  0.798522  0.792986  0.785824  0.777524  0.768583  0.759438  0.750425  0.741746  0.733463  0.725509  0.717705  0.709792  0.70146  0.692384  0.682252  0.670793  0.657804  0.643182  0.626941  0.609242  0.590409  0.570936  0.551478  0.532828  0.515869  0.501499  0.490554  0.483715  0.481436  
0.763951  0.762923  0.759839  0.754948  0.748618  0.741275  0.733343  0.72519  0.717083  0.709169  0.701467  0.693885  0.686238  0.67828  0.669735  0.660325  0.649792  0.637927  0.624584  0.609708  0.593349  0.575688  0.557049  0.537909  0.518893  0.500751  0.484311  0.470419  0.459858  0.453267  0.45107  
0.72114  0.720289  0.717736  0.71369  0.70845  0.702364  0.695766  0.688934  0.682051  0.675194  0.668332  0.661342  0.654035  0.646188  0.637565  0.627951  0.61716  0.605058  0.591569  0.576697  0.560532  0.543271  0.525233  0.506865  0.488742  0.471548  0.456034  0.442966  0.433054  0.426877  0.424818  
0.675188  0.674549  0.67263  0.66959  0.665655  0.661075  0.656082  0.650847  0.645458  0.639909  0.634111  0.627907  0.621108  0.613515  0.604946  0.595258  0.58435  0.572176  0.558744  0.54412  0.52844  0.511914  0.494848  0.477647  0.460819  0.444962  0.43073  0.41879  0.409758  0.404139  0.402266  
0.626664  0.626261  0.625051  0.623139  0.620667  0.61778  0.614596  0.611171  0.607483  0.60344  0.598885  0.59363  0.587482  0.580272  0.57188  0.562242  0.551355  0.53927  0.526085  0.511935  0.497001  0.481505  0.465733  0.450037  0.434844  0.42065  0.407995  0.397431  0.389468  0.384524  0.382876  
0.576233  0.576082  0.575627  0.574915  0.574002  0.572925  0.571679  0.570198  0.56835  0.565946  0.562764  0.558578  0.553195  0.546479  0.538375  0.528906  0.518172  0.506327  0.493562  0.480086  0.466123  0.451904  0.437688  0.423765  0.410471  0.39819  0.387336  0.378335  0.37158  0.367398  0.366004  
0.524639  0.524744  0.525056  0.525566  0.526243  0.527013  0.52775  0.528266  0.528315  0.527615  0.525874  0.522833  0.518296  0.512164  0.504445  0.495256  0.484797  0.473331  0.46114  0.448508  0.435697  0.422945  0.410478  0.398518  0.387306  0.377103  0.368194  0.360873  0.355415  0.352048  0.350925  
0.472669  0.473022  0.474081  0.475782  0.478008  0.480582  0.483262  0.48574  0.487662  0.488655  0.488363  0.486491  0.482845  0.47736  0.47011  0.461298  0.45123  0.440265  0.428781  0.417126  0.4056  0.394444  0.383844  0.373955  0.364916  0.356869  0.349967  0.344372  0.340241  0.337708  0.336863  
0.421119  0.421703  0.423456  0.426263  0.429931  0.434187  0.438681  0.442999  0.446687  0.449287  0.450386  0.449657  0.446909  0.442109  0.435393  0.427047  0.417468  0.407114  0.396442  0.385862  0.375704  0.366205  0.357515  0.349718  0.342854  0.33695  0.332032  0.328138  0.325311  0.323596  0.323024  
0.370763  0.37155  0.373913  0.377692  0.38263  0.388369  0.394468  0.400418  0.405682  0.409731  0.412099  0.412438  0.410557  0.406454  0.40032  0.392514  0.383515  0.373862  0.364081  0.354635  0.345876  0.338033  0.33122  0.32545  0.320676  0.316815  0.31378  0.311492  0.309893  0.308946  0.30863  
0.322311  0.323264  0.326125  0.3307  0.336676  0.343631  0.35105  0.358351  0.364928  0.370199  0.373659  0.374942  0.373862  0.370444  0.364923  0.357718  0.349374  0.340493  0.331659  0.323368  0.31599  0.309741  0.304698  0.300815  0.297962  0.295966  0.294635  0.293796  0.293302  0.293045  0.292959  
0.276377  0.277452  0.280676  0.285831  0.292568  0.300415  0.308807  0.317111  0.324676  0.330884  0.335207  0.33727  0.336894  0.334125  0.329232  0.322676  0.315049  0.306997  0.299138  0.291991  0.28593  0.281158  0.277717  0.275509  0.27434  0.273958  0.274094  0.274493  0.274939  0.275268  0.275378  
0.233445  0.234591  0.238027  0.243521  0.250703  0.259076  0.268045  0.276956  0.285135  0.29195  0.296868  0.299514  0.299718  0.297544  0.293279  0.287409  0.280549  0.273364  0.266488  0.260444  0.255599  0.252141  0.25008  0.24928  0.249499  0.250428  0.251741  0.253126  0.254317  0.255108  0.255371  
0.193844  0.195006  0.198493  0.204068  0.211358  0.219862  0.228985  0.238074  0.246462  0.253525  0.258742  0.261752  0.262396  0.260745  0.257098  0.251939  0.245884  0.239592  0.233687  0.22868  0.224922  0.222579  0.22164  0.221942  0.223213  0.225111  0.227278  0.229368  0.231086  0.232203  0.232575  
0.157726  0.15885  0.162223  0.167616  0.174669  0.182902  0.191745  0.200573  0.208752  0.215692  0.220902  0.224045  0.224976  0.223771  0.22072  0.216289  0.211066  0.205681  0.200721  0.196669  0.193848  0.192403  0.192306  0.193382  0.195348  0.197856  0.200537  0.203038  0.205056  0.206356  0.206789  
0.125057  0.12609  0.129189  0.134145  0.140627  0.148198  0.156336  0.164474  0.172036  0.178489  0.183389  0.186434  0.1875  0.186658  0.184176  0.180482  0.176112  0.171636  0.167588  0.1644  0.162359  0.161587  0.162048  0.163567  0.165872  0.16863  0.171489  0.174111  0.176205  0.177547  0.177995  
0.095617  0.0965095  0.099187  0.10347  0.109073  0.115619  0.122661  0.129711  0.136277  0.141903  0.14621  0.148943  0.149997  0.149439  0.147498  0.144545  0.141039  0.137471  0.134295  0.13188  0.130466  0.130152  0.130898  0.132548  0.134857  0.137527  0.140248  0.142718  0.14468  0.145933  0.146351  
0.0690065  0.0697161  0.071845  0.0752509  0.0797069  0.0849142  0.0905189  0.0961354  0.101375  0.105876  0.109343  0.111575  0.112489  0.112141  0.110714  0.108502  0.105868  0.103201  0.100859  0.0991322  0.0982073  0.098159  0.0989515  0.100455  0.102471  0.104758  0.107063  0.109144  0.11079  0.111839  0.112189  
0.0446703  0.0451632  0.0466418  0.0490073  0.0521027  0.0557206  0.059616  0.063522  0.0671695  0.0703097  0.0727377  0.0743148  0.0749859  0.074789  0.0738522  0.0723789  0.0706218  0.0688487  0.0673081  0.0661988  0.0656496  0.0657102  0.0663537  0.0674877  0.0689718  0.0706369  0.0723043  0.0738037  0.0749872  0.0757407  0.0759918  
0.0219257  0.0221782  0.0229356  0.0241475  0.0257334  0.0275871  0.0295835  0.0315861  0.0334573  0.0350701  0.0363198  0.0371359  0.0374903  0.0374027  0.0369388  0.0362028  0.0353239  0.0344391  0.0336751  0.0331336  0.0328798  0.0329387  0.0332959  0.0339034  0.0346886  0.0355641  0.0364379  0.0372221  0.0378402  0.0382335  0.0383646  
0  0  0  0  0  0  0  0  0  0  0  0  0  0  0  0  0  0  0  0  0  0  0  0  0  0  0  0  0  0  0  
