1  1  1  1  1  1  1  1  1  1  1  1  1  1  1  1  1  1  1  1  1  1  1  1  1  1  1  1  1  1  1  
0.990247  0.989995  0.989236  0.988035  0.986486  0.9847  0.982793  0.980872  0.979026  0.977314  0.975768  0.974391  0.973158  0.97202  0.970914  0.969765  0.968497  0.967035  0.965318  0.963303  0.960971  0.958334  0.955437  0.95236  0.949218  0.946154  0.943328  0.940908  0.939051  0.937885  0.937497  
0.979758  0.979262  0.977776  0.975423  0.972387  0.968886  0.965148  0.961382  0.957758  0.954396  0.951358  0.948647  0.946213  0.943963  0.941771  0.939492  0.936973  0.934072  0.930669  0.926679  0.922067  0.916857  0.911137  0.905068  0.898873  0.892833  0.887266  0.8825  0.878843  0.876548  0.875783  
0.967818  0.967101  0.964947  0.961538  0.957137  0.952062  0.946641  0.941175  0.935912  0.931022  0.926595  0.922633  0.919064  0.915752  0.912514  0.909139  0.905408  0.901115  0.896087  0.890202  0.883413  0.875755  0.867359  0.858461  0.849387  0.840547  0.832404  0.825438  0.820093  0.81674  0.815622  
0.953766  0.952856  0.950123  0.945795  0.940208  0.933763  0.926873  0.919921  0.913217  0.906978  0.901312  0.896222  0.891615  0.887315  0.88309  0.878672  0.873784  0.868167  0.861602  0.853941  0.845124  0.835202  0.824346  0.812858  0.801159  0.789776  0.7793  0.770342  0.763475  0.759167  0.757731  
0.93701  0.935943  0.932743  0.927673  0.921126  0.913569  0.905485  0.897318  0.88943  0.882068  0.875358  0.869298  0.863774  0.858582  0.853446  0.848054  0.842082  0.835229  0.827245  0.817959  0.807309  0.795359  0.782319  0.768549  0.754553  0.740953  0.728452  0.717773  0.709591  0.70446  0.70275  
0.917051  0.915872  0.912334  0.906728  0.899486  0.891122  0.882167  0.873106  0.864334  0.85612  0.848595  0.841752  0.835461  0.829491  0.823536  0.817252  0.810284  0.802304  0.79304  0.782314  0.770062  0.756368  0.741474  0.725789  0.709882  0.694454  0.680292  0.668209  0.658959  0.653161  0.651229  
0.893502  0.892258  0.888527  0.882613  0.874971  0.866138  0.85667  0.847072  0.837754  0.82899  0.820909  0.813495  0.806603  0.799985  0.793318  0.786237  0.778375  0.769391  0.75901  0.747052  0.733465  0.718348  0.701972  0.684785  0.667403  0.650581  0.635169  0.622035  0.611991  0.605701  0.603604  
0.8661  0.864843  0.86107  0.85509  0.847358  0.838414  0.828814  0.819061  0.809556  0.800566  0.792206  0.78445  0.777139  0.770017  0.762753  0.754983  0.74634  0.736492  0.725171  0.712213  0.69758  0.681391  0.663938  0.645695  0.627306  0.609559  0.593332  0.579528  0.568983  0.562383  0.560183  
0.834721  0.833501  0.829841  0.824038  0.816532  0.807842  0.798498  0.788978  0.779656  0.770772  0.762422  0.754561  0.747022  0.739547  0.731812  0.723468  0.714168  0.703604  0.691536  0.677822  0.66245  0.645557  0.627451  0.608617  0.589709  0.571518  0.554928  0.540842  0.530096  0.523377  0.521137  
0.799382  0.79825  0.794851  0.789463  0.78249  0.774408  0.7657  0.756795  0.748019  0.739573  0.731519  0.723791  0.716218  0.708544  0.700469  0.691672  0.681846  0.670724  0.658108  0.643894  0.628097  0.610876  0.592545  0.573589  0.554648  0.536496  0.519991  0.506008  0.49536  0.488707  0.486489  
0.760249  0.759249  0.756251  0.751497  0.745342  0.7382  0.730485  0.722553  0.714668  0.706973  0.699489  0.692126  0.684706  0.67699  0.668706  0.659582  0.649364  0.637847  0.624887  0.610428  0.59452  0.57734  0.559205  0.540581  0.52208  0.50443  0.48844  0.47493  0.46466  0.458252  0.456116  
0.717625  0.7168  0.714323  0.710397  0.705312  0.699404  0.692997  0.686361  0.679676  0.673017  0.666355  0.659571  0.652484  0.644873  0.636512  0.627187  0.616716  0.604966  0.591864  0.57741  0.561694  0.544909  0.527366  0.509503  0.49188  0.475162  0.460082  0.447382  0.43775  0.431748  0.429747  
0.67195  0.671331  0.669476  0.666537  0.66273  0.658298  0.653464  0.648393  0.64317  0.637791  0.632169  0.626153  0.61956  0.612195  0.603883  0.594481  0.583893  0.572071  0.559023  0.544812  0.529571  0.513506  0.496916  0.480198  0.463845  0.448439  0.434616  0.423021  0.414252  0.408796  0.406978  
0.623777  0.623391  0.62223  0.620395  0.618021  0.615248  0.612185  0.608884  0.605326  0.601418  0.59701  0.591919  0.585958  0.578964  0.570819  0.561463  0.550891  0.539152  0.526341  0.512592  0.498079  0.483022  0.467699  0.452453  0.4377  0.423922  0.411643  0.401395  0.393672  0.388878  0.38728  
0.573761  0.573621  0.573199  0.572539  0.571691  0.570687  0.56952  0.568121  0.56636  0.564053  0.560983  0.556933  0.551715  0.545198  0.537329  0.528133  0.517704  0.506195  0.493791  0.480697  0.467131  0.45332  0.439516  0.426003  0.413108  0.4012  0.390681  0.381961  0.375421  0.371371  0.370021  
0.522626  0.522736  0.523064  0.5236  0.524305  0.525108  0.525879  0.526431  0.526523  0.525878  0.524213  0.521276  0.516879  0.510925  0.503427  0.494496  0.484331  0.473185  0.461337  0.449062  0.436618  0.424238  0.412141  0.400545  0.389681  0.379804  0.371186  0.364107  0.358832  0.355579  0.354495  
0.47114  0.471493  0.472551  0.474249  0.47647  0.479034  0.481702  0.48417  0.486089  0.487095  0.48684  0.48504  0.481506  0.476178  0.469129  0.460561  0.450769  0.440107  0.428942  0.417617  0.406423  0.395596  0.38532  0.375744  0.367001  0.359227  0.352568  0.347174  0.343195  0.340756  0.339943  
0.420078  0.420657  0.422393  0.425171  0.428799  0.433005  0.437443  0.441705  0.445345  0.447916  0.449014  0.448324  0.44566  0.440994  0.434459  0.426338  0.417018  0.406945  0.396567  0.386284  0.37642  0.367207  0.358791  0.351253  0.344631  0.338947  0.334222  0.330487  0.32778  0.326138  0.325591  
0.370194  0.37097  0.373301  0.377028  0.381894  0.387546  0.393548  0.399401  0.404576  0.408556  0.410888  0.411233  0.409409  0.405416  0.399443  0.391841  0.38308  0.373684  0.364169  0.354987  0.346482  0.33888  0.33229  0.326726  0.322139  0.318446  0.315555  0.313385  0.311874  0.310981  0.310684  
0.322175  0.323114  0.325929  0.33043  0.336308  0.343145  0.350432  0.357599  0.364051  0.369218  0.37261  0.37387  0.372822  0.36949  0.364109  0.357087  0.348958  0.34031  0.331712  0.323651  0.316487  0.310434  0.305566  0.301837  0.29912  0.29724  0.296009  0.295249  0.294814  0.294592  0.294519  
0.276618  0.277674  0.280843  0.285909  0.292525  0.300229  0.308461  0.316602  0.324013  0.330089  0.334317  0.336333  0.335965  0.333262  0.328487  0.322093  0.314658  0.306812  0.29916  0.292209  0.286324  0.281705  0.278392  0.276292  0.275211  0.2749  0.275094  0.275538  0.276017  0.276365  0.276481  
0.23399  0.235115  0.238488  0.243882  0.250929  0.25914  0.267931  0.276658  0.284663  0.291326  0.29613  0.29871  0.298904  0.296775  0.292609  0.286879  0.280187  0.273182  0.266483  0.260602  0.255898  0.252553  0.250581  0.249847  0.250113  0.251075  0.252411  0.253812  0.255012  0.255809  0.256074  
0.194608  0.195748  0.199169  0.204638  0.211785  0.220118  0.229054  0.23795  0.246153  0.253053  0.258145  0.261075  0.261694  0.260073  0.256505  0.251466  0.245555  0.239418  0.233662  0.228787  0.225137  0.222874  0.22199  0.222324  0.223608  0.225509  0.227671  0.229753  0.231463  0.232575  0.232945  
0.158616  0.159718  0.163025  0.168312  0.175224  0.183288  0.191944  0.200579  0.208574  0.21535  0.220431  0.223488  0.224384  0.223196  0.220208  0.215876  0.210775  0.205519  0.200682  0.196735  0.193994  0.192601  0.192531  0.193613  0.195568  0.198056  0.200712  0.203189  0.205188  0.206475  0.206904  
0.12598  0.126992  0.130029  0.134885  0.141235  0.148646  0.156609  0.164567  0.171955  0.178252  0.183028  0.185989  0.187016  0.186181  0.183747  0.180134  0.175863  0.171492  0.167542  0.164435  0.16245  0.16171  0.162178  0.163685  0.165964  0.168688  0.17151  0.174098  0.176166  0.177491  0.177933  
0.0964817  0.0973561  0.0999794  0.104175  0.109661  0.116068  0.122956  0.129847  0.13626  0.141748  0.145945  0.148601  0.149617  0.149059  0.147154  0.144263  0.140836  0.137349  0.134249  0.131893  0.130517  0.13022  0.130962  0.13259  0.134865  0.137496  0.140176  0.142611  0.144544  0.145779  0.146191  
0.0697331  0.0704282  0.0725135  0.0758487  0.0802109  0.0853061  0.090787  0.0962755  0.101391  0.105782  0.109159  0.111326  0.112208  0.111857  0.110455  0.108289  0.105713  0.103106  0.100819  0.0991328  0.0982325  0.0981908  0.0989733  0.100453  0.102436  0.104687  0.106955  0.109003  0.110623  0.111656  0.112  
0.0451936  0.0456762  0.0471242  0.0494403  0.0524699  0.0560093  0.059818  0.0636344  0.0671952  0.0702575  0.0726218  0.0741537  0.0748006  0.0746005  0.0736793  0.0722359  0.0705168  0.0687834  0.0672779  0.0661947  0.0656597  0.065722  0.0663554  0.0674702  0.0689287  0.0705654  0.0722047  0.0736792  0.0748433  0.0755845  0.0758316  
0.0221993  0.0224465  0.0231882  0.0243746  0.0259266  0.02774  0.0296917  0.0316481  0.0334747  0.0350473  0.0362641  0.0370567  0.0373983  0.0373087  0.0368523  0.0361311  0.035271  0.0344058  0.0336591  0.0331301  0.0328828  0.0329416  0.0332928  0.0338895  0.0346608  0.035521  0.0363797  0.0371505  0.0377582  0.038145  0.0382739  
0  0  0  0  0  0  0  0  0  0  0  0  0  0  0  0  0  0  0  0  0  0  0  0  0  0  0  0  0  0  0  
