1  1  1  1  1  1  1  1  1  1  1  1  1  1  1  1  1  1  1  1  1  1  1  1  1  1  1  1  1  1  1  
0.987951  0.986692  0.982914  0.976813  0.968695  0.958958  0.948064  0.936517  0.924834  0.913523  0.903061  0.893875  0.886332  0.880728  0.877278  0.876114  0.877278  0.880728  0.886332  0.893875  0.903061  0.913523  0.924834  0.936517  0.948064  0.958958  0.968695  0.976813  0.982914  0.986692  0.987951  
0.97592  0.973436  0.965985  0.953965  0.938  0.918894  0.897581  0.875071  0.852385  0.830512  0.810364  0.792744  0.778325  0.767641  0.761076  0.758862  0.761076  0.767641  0.778325  0.792744  0.810364  0.830512  0.852385  0.875071  0.897581  0.918894  0.938  0.953965  0.965985  0.973436  0.97592  
0.963921  0.960281  0.94936  0.931773  0.908476  0.880699  0.849857  0.817457  0.784999  0.753899  0.725426  0.700667  0.680505  0.665624  0.656505  0.653433  0.656505  0.665624  0.680505  0.700667  0.725426  0.753899  0.784999  0.817457  0.849857  0.880699  0.908476  0.931773  0.94936  0.960281  0.963921  
0.951967  0.947267  0.933167  0.91051  0.880603  0.845111  0.805931  0.765046  0.724385  0.685711  0.650553  0.620172  0.595564  0.577473  0.566417  0.562699  0.566417  0.577473  0.595564  0.620172  0.650553  0.685711  0.724385  0.765046  0.805931  0.845111  0.880603  0.91051  0.933167  0.947267  0.951967  
0.940065  0.934426  0.917508  0.890394  0.854745  0.812665  0.766512  0.718697  0.671503  0.626947  0.586713  0.552142  0.524261  0.503828  0.491363  0.487175  0.491363  0.503828  0.524261  0.552142  0.586713  0.626947  0.671503  0.718697  0.766512  0.812665  0.854745  0.890394  0.917508  0.934426  0.940065  
0.928212  0.921772  0.902452  0.871572  0.831143  0.783683  0.731966  0.678762  0.626614  0.577691  0.53374  0.496114  0.465839  0.443677  0.430163  0.425622  0.430163  0.443677  0.465839  0.496114  0.53374  0.577691  0.626614  0.678762  0.731966  0.783683  0.831143  0.871572  0.902452  0.921772  0.928212  
0.9164  0.909309  0.888034  0.85412  0.809906  0.758276  0.70235  0.645166  0.589424  0.537351  0.490692  0.450783  0.418651  0.395096  0.380713  0.375875  0.380713  0.395096  0.418651  0.450783  0.490692  0.537351  0.589424  0.645166  0.70235  0.758276  0.809906  0.85412  0.888034  0.909309  0.9164  
0.904607  0.897017  0.874249  0.838045  0.791027  0.736377  0.677473  0.617516  0.559267  0.504939  0.456235  0.414475  0.380732  0.355899  0.340685  0.335558  0.340685  0.355899  0.380732  0.414475  0.456235  0.504939  0.559267  0.617516  0.677473  0.736377  0.791027  0.838045  0.874249  0.897017  0.904607  
0.892797  0.884862  0.861055  0.823286  0.77439  0.717769  0.656954  0.59521  0.535276  0.479297  0.428926  0.3855  0.350187  0.324042  0.307951  0.302515  0.307951  0.324042  0.350187  0.3855  0.428926  0.479297  0.535276  0.59521  0.656954  0.717769  0.77439  0.823286  0.861055  0.884862  0.892797  
0.88092  0.872784  0.848375  0.809718  0.759792  0.702121  0.640289  0.577532  0.516501  0.459249  0.407391  0.362323  0.325371  0.297812  0.280758  0.27498  0.280758  0.297812  0.325371  0.362323  0.407391  0.459249  0.516501  0.577532  0.640289  0.702121  0.759792  0.809718  0.848375  0.872784  0.88092  
0.868903  0.8607  0.836092  0.797162  0.746956  0.689018  0.626892  0.563709  0.501987  0.443682  0.390398  0.343635  0.304933  0.275841  0.257739  0.251588  0.257739  0.275841  0.304933  0.343635  0.390398  0.443682  0.501987  0.563709  0.626892  0.689018  0.746956  0.797162  0.836092  0.8607  0.868903  
0.856652  0.848502  0.824053  0.78539  0.73554  0.677982  0.616131  0.552952  0.490811  0.431573  0.376865  0.328339  0.287789  0.257072  0.237856  0.23131  0.237856  0.257072  0.287789  0.328339  0.376865  0.431573  0.490811  0.552952  0.616131  0.677982  0.73554  0.78539  0.824053  0.848502  0.856652  
0.844045  0.83605  0.812065  0.774123  0.725155  0.668488  0.607341  0.544477  0.482095  0.421992  0.365853  0.315517  0.273066  0.240681  0.220326  0.213376  0.220326  0.240681  0.273066  0.315517  0.365853  0.421992  0.482095  0.544477  0.607341  0.668488  0.725155  0.774123  0.812065  0.83605  0.844045  
0.830922  0.823165  0.799894  0.763039  0.715363  0.659973  0.599844  0.537505  0.475001  0.414083  0.356528  0.304391  0.260054  0.226024  0.204552  0.197207  0.204552  0.226024  0.260054  0.304391  0.356528  0.414083  0.475001  0.537505  0.599844  0.659973  0.715363  0.763039  0.799894  0.823165  0.830922  
0.81708  0.809625  0.787259  0.751763  0.705679  0.651841  0.592939  0.531268  0.468727  0.407052  0.348143  0.294286  0.248164  0.21259  0.190076  0.182364  0.190076  0.21259  0.248164  0.294286  0.348143  0.407052  0.468727  0.531268  0.592939  0.651841  0.705679  0.751763  0.787259  0.809625  0.81708  
0.802259  0.795149  0.773817  0.739865  0.695569  0.643452  0.585907  0.524993  0.462489  0.400149  0.340013  0.284607  0.236895  0.199963  0.176541  0.168511  0.176541  0.199963  0.236895  0.284607  0.340013  0.400149  0.462489  0.524993  0.585907  0.643452  0.695569  0.739865  0.773817  0.795149  0.802259  
0.78612  0.779379  0.759156  0.726847  0.684437  0.634124  0.577996  0.517898  0.455518  0.392652  0.331501  0.274819  0.225818  0.187803  0.163667  0.155388  0.163667  0.187803  0.225818  0.274819  0.331501  0.392652  0.455518  0.517898  0.577996  0.634124  0.684437  0.726847  0.759156  0.779379  0.78612  
0.768223  0.761858  0.742762  0.712118  0.67161  0.623107  0.568411  0.50918  0.447042  0.383864  0.322009  0.264438  0.214558  0.175826  0.151229  0.142791  0.151229  0.175826  0.214558  0.264438  0.322009  0.383864  0.447042  0.50918  0.568411  0.623107  0.67161  0.712118  0.742762  0.761858  0.768223  
0.747987  0.741989  0.723992  0.69497  0.656309  0.609571  0.5563  0.498002  0.436284  0.373102  0.310974  0.253026  0.202793  0.163798  0.139049  0.130563  0.139049  0.163798  0.202793  0.253026  0.310974  0.373102  0.436284  0.498002  0.5563  0.609571  0.656309  0.69497  0.723992  0.741989  0.747987  
0.72464  0.718986  0.702025  0.674529  0.637617  0.592573  0.540729  0.483486  0.42246  0.359705  0.297872  0.240192  0.190244  0.151527  0.126987  0.118578  0.126987  0.151527  0.190244  0.240192  0.297872  0.359705  0.42246  0.483486  0.540729  0.592573  0.637617  0.674529  0.702025  0.718986  0.72464  
0.697149  0.691811  0.675798  0.64971  0.614436  0.571034  0.520678  0.464709  0.404781  0.34304  0.282224  0.225597  0.176681  0.138859  0.114932  0.106742  0.114932  0.138859  0.176681  0.225597  0.282224  0.34304  0.404781  0.464709  0.520678  0.571034  0.614436  0.64971  0.675798  0.691811  0.697149  
0.664145  0.659096  0.643948  0.619165  0.585457  0.543722  0.495033  0.440716  0.382474  0.322521  0.263617  0.208963  0.161927  0.125678  0.102801  0.0949808  0.102801  0.125678  0.161927  0.208963  0.263617  0.322521  0.382474  0.440716  0.495033  0.543722  0.585457  0.619165  0.643948  0.659096  0.664145  
0.623861  0.619085  0.604757  0.581247  0.549148  0.509262  0.462619  0.410558  0.354823  0.297643  0.241718  0.190085  0.145857  0.111904  0.0905352  0.0832407  0.0905352  0.111904  0.145857  0.190085  0.241718  0.297643  0.354823  0.410558  0.462619  0.509262  0.549148  0.581247  0.604757  0.619085  0.623861  
0.574139  0.56965  0.556184  0.534061  0.503816  0.466213  0.422278  0.373366  0.321226  0.268027  0.216312  0.16885  0.12841  0.0974962  0.0780966  0.0714841  0.0780966  0.0974962  0.12841  0.16885  0.216312  0.268027  0.321226  0.373366  0.422278  0.466213  0.503816  0.534061  0.556184  0.56965  0.574139  
0.512604  0.508464  0.496042  0.475644  0.447791  0.413241  0.373022  0.328477  0.281291  0.233481  0.18733  0.145248  0.109591  0.0824505  0.0654678  0.0596876  0.0654678  0.0824505  0.109591  0.145248  0.18733  0.233481  0.281291  0.328477  0.373022  0.413241  0.447791  0.475644  0.496042  0.508464  0.512604  
0.437098  0.433426  0.422408  0.404349  0.379766  0.349404  0.31426  0.275597  0.234943  0.194062  0.154885  0.119392  0.089478  0.0668009  0.0526494  0.0478393  0.0526494  0.0668009  0.089478  0.119392  0.154885  0.194062  0.234943  0.275597  0.31426  0.349404  0.379766  0.404349  0.422408  0.433426  0.437098  
0.34639  0.343361  0.334275  0.319421  0.29928  0.274537  0.246076  0.214985  0.182534  0.150137  0.119298  0.0915202  0.0682188  0.0506168  0.039658  0.0359373  0.039658  0.0506168  0.0682188  0.0915202  0.119298  0.150137  0.182534  0.214985  0.246076  0.274537  0.29928  0.319421  0.334275  0.343361  0.34639  
0.241004  0.238824  0.232285  0.221621  0.207217  0.189609  0.169469  0.147603  0.124922  0.102415  0.081104  0.0619979  0.0460296  0.034  0.0265239  0.0239878  0.0265239  0.034  0.0460296  0.0619979  0.081104  0.102415  0.124922  0.147603  0.169469  0.189609  0.207217  0.221621  0.232285  0.238824  0.241004  
0.123813  0.122668  0.119232  0.113638  0.106104  0.0969248  0.086467  0.0751597  0.0634794  0.0519339  0.0410407  0.0313034  0.0231845  0.0170787  0.0132883  0.0120032  0.0132883  0.0170787  0.0231845  0.0313034  0.0410407  0.0519339  0.0634794  0.0751597  0.086467  0.0969248  0.106104  0.113638  0.119232  0.122668  0.123813  
0  0  0  0  0  0  0  0  0  0  0  0  0  0  0  0  0  0  0  0  0  0  0  0  0  0  0  0  0  0  0  
