1  1  1  1  1  1  1  1  1  1  1  1  1  1  1  1  1  1  1  1  1  1  1  1  1  1  1  1  1  1  1  
0.985656  0.984932  0.982759  0.979236  0.974522  0.968826  0.962401  0.955531  0.948517  0.941667  0.935279  0.929631  0.924965  0.921483  0.919332  0.918604  0.919332  0.921483  0.924965  0.929631  0.935279  0.941667  0.948517  0.955531  0.962401  0.968826  0.974522  0.979236  0.982759  0.984932  0.985656  
0.971273  0.969839  0.965535  0.958561  0.949234  0.937972  0.925279  0.91172  0.897894  0.884406  0.871844  0.860748  0.851592  0.844762  0.840547  0.839122  0.840547  0.844762  0.851592  0.860748  0.871844  0.884406  0.897894  0.91172  0.925279  0.937972  0.949234  0.958561  0.965535  0.969839  0.971273  
0.95681  0.954693  0.948342  0.938057  0.924313  0.907737  0.88908  0.869181  0.848924  0.829199  0.81086  0.794688  0.781363  0.771435  0.765313  0.763244  0.765313  0.771435  0.781363  0.794688  0.81086  0.829199  0.848924  0.869181  0.88908  0.907737  0.924313  0.938057  0.948342  0.954693  0.95681  
0.942221  0.939463  0.931187  0.917794  0.899915  0.878383  0.854189  0.828435  0.802274  0.776856  0.753274  0.73252  0.715447  0.702744  0.694918  0.692274  0.694918  0.702744  0.715447  0.73252  0.753274  0.776856  0.802274  0.828435  0.854189  0.878383  0.899915  0.917794  0.931187  0.939463  0.942221  
0.927461  0.924112  0.914065  0.89782  0.87616  0.850117  0.820911  0.789888  0.758449  0.727972  0.699757  0.674974  0.654619  0.639494  0.630182  0.627038  0.630182  0.639494  0.654619  0.674974  0.699757  0.727972  0.758449  0.789888  0.820911  0.850117  0.87616  0.89782  0.914065  0.924112  0.927461  
0.912474  0.908595  0.89696  0.878161  0.85313  0.823083  0.789454  0.753811  0.717768  0.682902  0.650685  0.62243  0.599254  0.582047  0.571459  0.567886  0.571459  0.582047  0.599254  0.62243  0.650685  0.682902  0.717768  0.753811  0.789454  0.823083  0.85313  0.878161  0.89696  0.908595  0.912474  
0.897198  0.892858  0.879836  0.858814  0.830859  0.797356  0.759929  0.720335  0.68037  0.641774  0.606157  0.574952  0.549371  0.530386  0.518706  0.514765  0.518706  0.530386  0.549371  0.574952  0.606157  0.641774  0.68037  0.720335  0.759929  0.797356  0.830859  0.858814  0.879836  0.892858  0.897198  
0.881564  0.876833  0.862639  0.839745  0.809334  0.772939  0.732343  0.68946  0.646229  0.604518  0.566048  0.532349  0.50472  0.48421  0.471588  0.467327  0.471588  0.48421  0.50472  0.532349  0.566048  0.604518  0.646229  0.68946  0.732343  0.772939  0.809334  0.839745  0.862639  0.876833  0.881564  
0.865486  0.860438  0.845296  0.820885  0.788491  0.749765  0.706611  0.661067  0.615178  0.570905  0.530059  0.494252  0.464869  0.443034  0.429587  0.425047  0.429587  0.443034  0.464869  0.494252  0.530059  0.570905  0.615178  0.661067  0.706611  0.749765  0.788491  0.820885  0.845296  0.860438  0.865486  
0.848867  0.843577  0.827706  0.802134  0.768218  0.727698  0.682567  0.634942  0.58694  0.540592  0.497776  0.460184  0.429283  0.406286  0.392107  0.387316  0.392107  0.406286  0.429283  0.460184  0.497776  0.540592  0.58694  0.634942  0.682567  0.727698  0.768218  0.802134  0.827706  0.843577  0.848867  
0.831591  0.82613  0.809746  0.783352  0.748355  0.706547  0.659971  0.610789  0.561159  0.513157  0.46872  0.429613  0.397394  0.37337  0.358536  0.35352  0.358536  0.37337  0.397394  0.429613  0.46872  0.513157  0.561159  0.610789  0.659971  0.706547  0.748355  0.783352  0.809746  0.82613  0.831591  
0.813521  0.807956  0.791262  0.764366  0.728695  0.686061  0.638523  0.588251  0.53742  0.488133  0.442379  0.401998  0.36864  0.343712  0.328296  0.323079  0.328296  0.343712  0.36864  0.401998  0.442379  0.488133  0.53742  0.588251  0.638523  0.686061  0.728695  0.764366  0.791262  0.807956  0.813521  
0.794493  0.788887  0.772068  0.744961  0.708987  0.665944  0.617872  0.566925  0.515272  0.465033  0.418241  0.376812  0.342493  0.316787  0.300865  0.295472  0.300865  0.316787  0.342493  0.376812  0.418241  0.465033  0.515272  0.566925  0.617872  0.665944  0.708987  0.744961  0.772068  0.788887  0.794493  
0.774312  0.76872  0.751943  0.724886  0.688938  0.645854  0.597629  0.546376  0.494244  0.443361  0.395803  0.353559  0.318467  0.292126  0.275786  0.270248  0.275786  0.292126  0.318467  0.353559  0.395803  0.443361  0.494244  0.546376  0.597629  0.645854  0.688938  0.724886  0.751943  0.76872  0.774312  
0.752745  0.747216  0.730627  0.703847  0.668211  0.625409  0.577367  0.526144  0.473855  0.422631  0.374587  0.331779  0.296128  0.269317  0.252664  0.247016  0.252664  0.269317  0.296128  0.331779  0.374587  0.422631  0.473855  0.526144  0.577367  0.625409  0.668211  0.703847  0.730627  0.747216  0.752745  
0.729517  0.724092  0.707815  0.681506  0.64643  0.604192  0.556637  0.505755  0.453623  0.40237  0.354143  0.311054  0.275092  0.248004  0.231164  0.22545  0.231164  0.248004  0.275092  0.311054  0.354143  0.40237  0.453623  0.505755  0.556637  0.604192  0.64643  0.681506  0.707815  0.724092  0.729517  
0.704298  0.699012  0.683151  0.657478  0.623175  0.581754  0.534965  0.484727  0.433074  0.382127  0.334053  0.291006  0.255019  0.227884  0.211002  0.205272  0.211002  0.227884  0.255019  0.291006  0.334053  0.382127  0.433074  0.484727  0.534965  0.581754  0.623175  0.657478  0.683151  0.699012  0.704298  
0.6767  0.671581  0.656224  0.631328  0.597988  0.557614  0.511864  0.462579  0.411749  0.361477  0.313937  0.271299  0.235617  0.208693  0.191938  0.18625  0.191938  0.208693  0.235617  0.271299  0.313937  0.361477  0.411749  0.462579  0.511864  0.557614  0.597988  0.631328  0.656224  0.671581  0.6767  
0.646268  0.641342  0.626564  0.602572  0.570371  0.531273  0.48684  0.43884  0.389211  0.340028  0.293452  0.25164  0.216632  0.190213  0.173771  0.16819  0.173771  0.190213  0.216632  0.25164  0.293452  0.340028  0.389211  0.43884  0.48684  0.531273  0.570371  0.602572  0.626564  0.641342  0.646268  
0.612482  0.607773  0.593647  0.570682  0.539799  0.502215  0.459404  0.413058  0.365058  0.317432  0.2723  0.231777  0.197853  0.172257  0.156332  0.150927  0.156332  0.172257  0.197853  0.231777  0.2723  0.317432  0.365058  0.413058  0.459404  0.502215  0.539799  0.570682  0.593647  0.607773  0.612482  
0.574762  0.570296  0.556899  0.535095  0.505729  0.469931  0.429091  0.384821  0.338932  0.293388  0.250234  0.211505  0.179103  0.154672  0.139479  0.134324  0.139479  0.154672  0.179103  0.211505  0.250234  0.293388  0.338932  0.384821  0.429091  0.469931  0.505729  0.535095  0.556899  0.570296  0.574762  
0.532492  0.5283  0.515724  0.495242  0.467631  0.433942  0.395477  0.353769  0.31054  0.267657  0.22706  0.190663  0.160246  0.137333  0.123094  0.118264  0.123094  0.137333  0.160246  0.190663  0.22706  0.267657  0.31054  0.353769  0.395477  0.433942  0.467631  0.495242  0.515724  0.5283  0.532492  
0.485066  0.481187  0.469549  0.450592  0.425028  0.393832  0.358221  0.319627  0.279664  0.240071  0.202643  0.169139  0.141178  0.12014  0.107078  0.102649  0.107078  0.12014  0.141178  0.169139  0.202643  0.240071  0.279664  0.319627  0.358221  0.393832  0.425028  0.450592  0.469549  0.481187  0.485066  
0.431957  0.428441  0.417892  0.400711  0.37755  0.349305  0.317093  0.28223  0.246188  0.210545  0.176916  0.146868  0.121832  0.10302  0.0913499  0.087395  0.0913499  0.10302  0.121832  0.146868  0.176916  0.210545  0.246188  0.28223  0.317093  0.349305  0.37755  0.400711  0.417892  0.428441  0.431957  
0.37282  0.369728  0.36045  0.345348  0.325008  0.300233  0.272023  0.241549  0.210111  0.179089  0.149883  0.123838  0.102175  0.0859181  0.0758426  0.0724296  0.0758426  0.0859181  0.102175  0.123838  0.149883  0.179089  0.210111  0.241549  0.272023  0.300233  0.325008  0.345348  0.36045  0.369728  0.37282  
0.307603  0.305004  0.297207  0.284524  0.267464  0.246717  0.223139  0.197724  0.171564  0.145811  0.121617  0.100084  0.0822022  0.0688002  0.060501  0.057691  0.060501  0.0688002  0.0822022  0.100084  0.121617  0.145811  0.171564  0.197724  0.223139  0.246717  0.267464  0.284524  0.297207  0.305004  0.307603  
0.236657  0.234624  0.228526  0.218614  0.205298  0.189133  0.170797  0.151075  0.130819  0.11092  0.0922626  0.075686  0.0619399  0.0516486  0.0452804  0.043125  0.0452804  0.0516486  0.0619399  0.075686  0.0922626  0.11092  0.130819  0.151075  0.170797  0.189133  0.205298  0.218614  0.228526  0.234624  0.236657  
0.160809  0.159409  0.15521  0.148392  0.139242  0.128151  0.115591  0.102105  0.0882791  0.0747203  0.0620278  0.0507659  0.0414373  0.0344591  0.0301435  0.0286832  0.0301435  0.0344591  0.0414373  0.0507659  0.0620278  0.0747203  0.0882791  0.102105  0.115591  0.128151  0.139242  0.148392  0.15521  0.159409  0.160809  
0.0813596  0.0806455  0.0785032  0.0750261  0.070364  0.0647179  0.0583316  0.0514824  0.044469  0.0375986  0.0311737  0.0254779  0.0207632  0.0172383  0.0150591  0.0143218  0.0150591  0.0172383  0.0207632  0.0254779  0.0311737  0.0375986  0.044469  0.0514824  0.0583316  0.0647179  0.070364  0.0750261  0.0785032  0.0806455  0.0813596  
0  0  0  0  0  0  0  0  0  0  0  0  0  0  0  0  0  0  0  0  0  0  0  0  0  0  0  0  0  0  0  
