1  1  1  1  1  1  1  1  1  1  1  1  1  1  1  1  1  1  1  1  1  1  1  1  1  1  1  1  1  1  1  
0.96911  0.96908  0.968989  0.968845  0.968655  0.968434  0.968193  0.967946  0.967706  0.967483  0.967284  0.967114  0.966972  0.966854  0.966756  0.966667  0.966578  0.966479  0.966362  0.96622  0.966049  0.965851  0.965627  0.965387  0.965141  0.9649  0.964678  0.964489  0.964344  0.964253  0.964223  
0.938141  0.938082  0.937904  0.93762  0.937249  0.936814  0.936341  0.935856  0.935384  0.934946  0.934555  0.934219  0.933938  0.933706  0.93351  0.933333  0.933157  0.932961  0.932729  0.932448  0.932112  0.931721  0.931282  0.93081  0.930326  0.929853  0.929418  0.929046  0.928763  0.928585  0.928525  
0.907017  0.906931  0.906673  0.90626  0.905721  0.905089  0.904401  0.903696  0.903009  0.90237  0.901799  0.901307  0.900895  0.900553  0.900263  0.9  0.899737  0.899447  0.899105  0.898693  0.898201  0.89763  0.896991  0.896304  0.895599  0.894911  0.894279  0.89374  0.893327  0.893069  0.892983  
0.875668  0.875558  0.875229  0.874704  0.874017  0.873212  0.872335  0.871435  0.870557  0.869738  0.869004  0.868371  0.867837  0.867392  0.867012  0.866667  0.866322  0.865942  0.865496  0.864963  0.864329  0.863596  0.862777  0.861899  0.860999  0.860122  0.859316  0.858629  0.858104  0.857775  0.857665  
0.844032  0.843903  0.843516  0.842898  0.842089  0.84114  0.840106  0.839043  0.838004  0.837033  0.83616  0.835402  0.834761  0.834221  0.833757  0.833333  0.83291  0.832446  0.831906  0.831264  0.830507  0.829634  0.828663  0.827624  0.826561  0.825527  0.824577  0.823769  0.823151  0.822764  0.822635  
0.81206  0.811916  0.811485  0.810798  0.809898  0.80884  0.807686  0.806498  0.805334  0.804242  0.803257  0.802396  0.801662  0.801038  0.800497  0.8  0.799503  0.798962  0.798338  0.797604  0.796743  0.795758  0.794666  0.793502  0.792314  0.79116  0.790102  0.789202  0.788515  0.788084  0.78794  
0.779714  0.779562  0.779104  0.778372  0.777414  0.776286  0.775053  0.773782  0.772532  0.771355  0.770287  0.769347  0.768537  0.767841  0.767231  0.766667  0.766102  0.765492  0.764797  0.763986  0.763046  0.761978  0.760801  0.759551  0.75828  0.757048  0.75592  0.754961  0.75423  0.753772  0.753619  
0.746973  0.746817  0.746349  0.7456  0.744619  0.743462  0.742195  0.740884  0.73959  0.738365  0.737245  0.736251  0.735384  0.734629  0.733959  0.733333  0.732708  0.732037  0.731283  0.730416  0.729421  0.728301  0.727076  0.725783  0.724472  0.723205  0.722048  0.721066  0.720318  0.719849  0.719693  
0.71383  0.713676  0.713214  0.712476  0.711507  0.710361  0.709104  0.707798  0.706503  0.705268  0.704129  0.703105  0.7022  0.701401  0.700679  0.7  0.699321  0.698599  0.6978  0.696895  0.695871  0.694732  0.693497  0.692202  0.690896  0.689639  0.688493  0.687524  0.686786  0.686324  0.68617  
0.680292  0.680146  0.679708  0.679006  0.678083  0.67699  0.675785  0.674527  0.673271  0.672063  0.670936  0.669909  0.668985  0.668154  0.667392  0.666667  0.665942  0.665179  0.664348  0.663425  0.662398  0.661271  0.660062  0.658807  0.657549  0.656344  0.65525  0.654327  0.653626  0.653188  0.653041  
0.646383  0.64625  0.64585  0.64521  0.644365  0.64336  0.642247  0.641078  0.6399  0.638753  0.637668  0.636661  0.635737  0.634889  0.634096  0.633333  0.632571  0.631778  0.630929  0.630006  0.628999  0.627914  0.626767  0.625589  0.624419  0.623306  0.622302  0.621457  0.620816  0.620417  0.620284  
0.61214  0.612024  0.611677  0.611119  0.61038  0.609497  0.608511  0.607465  0.606399  0.605344  0.604328  0.603364  0.602458  0.601604  0.600791  0.6  0.599209  0.598396  0.597542  0.596636  0.595672  0.594656  0.593601  0.592535  0.591489  0.590503  0.58962  0.588881  0.588323  0.587976  0.58786  
0.577611  0.577517  0.577233  0.576775  0.576165  0.57543  0.574601  0.573708  0.572782  0.571846  0.570921  0.570019  0.569146  0.568301  0.567478  0.566667  0.565855  0.565032  0.564187  0.563314  0.562412  0.561487  0.560552  0.559625  0.558732  0.557903  0.557168  0.556558  0.556101  0.555817  0.555722  
0.542857  0.542786  0.542574  0.542229  0.541765  0.541198  0.540547  0.539831  0.539066  0.53827  0.537455  0.536631  0.535804  0.534979  0.534155  0.533333  0.532511  0.531688  0.530862  0.530036  0.529212  0.528397  0.527601  0.526836  0.526119  0.525468  0.524902  0.524438  0.524093  0.523881  0.52381  
0.507942  0.507896  0.507761  0.507538  0.50723  0.506844  0.506385  0.505859  0.505271  0.504628  0.503936  0.503202  0.502434  0.501638  0.500824  0.5  0.499176  0.498362  0.497566  0.496798  0.496064  0.495372  0.494729  0.494141  0.493615  0.493156  0.49277  0.492462  0.492239  0.492104  0.492058  
0.472937  0.472918  0.472861  0.472761  0.472615  0.472414  0.472152  0.471822  0.471417  0.470935  0.470374  0.469739  0.469036  0.468279  0.467483  0.466667  0.46585  0.465054  0.464297  0.463595  0.462959  0.462398  0.461916  0.461511  0.461181  0.460919  0.460719  0.460572  0.460473  0.460415  0.460396  
0.437915  0.437921  0.43794  0.437962  0.437972  0.437954  0.437886  0.43775  0.437527  0.437206  0.436778  0.436245  0.435614  0.434903  0.434133  0.433333  0.432533  0.431764  0.431052  0.430422  0.429889  0.429461  0.429139  0.428917  0.428781  0.428713  0.428694  0.428705  0.428727  0.428746  0.428752  
0.402944  0.402974  0.403065  0.4032  0.403358  0.403509  0.403625  0.403671  0.403622  0.403455  0.403157  0.402726  0.402171  0.401511  0.400775  0.4  0.399225  0.398489  0.397829  0.397274  0.396843  0.396545  0.396378  0.396329  0.396375  0.396491  0.396642  0.3968  0.396935  0.397026  0.397056  
0.36809  0.368141  0.368295  0.368531  0.36882  0.369124  0.369403  0.369615  0.369723  0.369698  0.369521  0.369188  0.368708  0.368104  0.367409  0.366667  0.365924  0.36523  0.364625  0.364145  0.363812  0.363636  0.363611  0.363719  0.363931  0.364209  0.364514  0.364802  0.365038  0.365192  0.365243  
0.33341  0.333479  0.333685  0.334005  0.334403  0.334835  0.335252  0.335604  0.335847  0.335946  0.335878  0.335636  0.335229  0.334683  0.334035  0.333333  0.332632  0.331984  0.331437  0.331031  0.330789  0.330721  0.33082  0.331063  0.331415  0.331832  0.332264  0.332661  0.332981  0.333188  0.333257  
0.298951  0.299033  0.29928  0.299663  0.300144  0.300674  0.301197  0.30166  0.302011  0.302211  0.302235  0.302074  0.301736  0.301249  0.300653  0.3  0.299347  0.298751  0.298264  0.297926  0.297765  0.297789  0.297989  0.29834  0.298803  0.299326  0.299856  0.300337  0.30072  0.300967  0.301049  
0.264748  0.264839  0.265111  0.265535  0.26607  0.266665  0.26726  0.267798  0.268226  0.268502  0.268598  0.268505  0.268232  0.267804  0.267265  0.266667  0.266068  0.265529  0.265101  0.264828  0.264735  0.264831  0.265107  0.265535  0.266074  0.266669  0.267263  0.267798  0.268223  0.268495  0.268585  
0.230822  0.230916  0.231199  0.23164  0.232199  0.232822  0.233452  0.234029  0.234502  0.234826  0.234973  0.234935  0.234718  0.23435  0.233871  0.233333  0.232796  0.232317  0.231948  0.231732  0.231693  0.231841  0.232165  0.232637  0.233215  0.233845  0.234468  0.235027  0.235468  0.23575  0.235844  
0.197181  0.197273  0.197551  0.197985  0.198536  0.199152  0.199779  0.200359  0.200842  0.201185  0.201363  0.201365  0.201198  0.200887  0.200471  0.2  0.199529  0.199113  0.198802  0.198635  0.198637  0.198815  0.199158  0.199641  0.200221  0.200848  0.201464  0.202015  0.202449  0.202727  0.202819  
0.163817  0.163903  0.16416  0.164564  0.165076  0.165652  0.166239  0.166786  0.167247  0.167583  0.167769  0.167796  0.167671  0.167416  0.167067  0.166667  0.166267  0.165917  0.165662  0.165537  0.165564  0.165751  0.166087  0.166547  0.167094  0.167681  0.168257  0.16877  0.169173  0.169431  0.169516  
0.130708  0.130783  0.131007  0.131359  0.131806  0.132309  0.132823  0.133305  0.133713  0.134016  0.134191  0.134231  0.134141  0.13394  0.133658  0.133333  0.133009  0.132727  0.132525  0.132436  0.132476  0.132651  0.132954  0.133362  0.133844  0.134358  0.134861  0.135308  0.135659  0.135883  0.135958  
0.0978218  0.0978815  0.0980605  0.0983414  0.098699  0.0991018  0.0995147  0.0999025  0.100233  0.100481  0.100628  0.100669  0.100608  0.100459  0.100246  0.1  0.0997536  0.0995408  0.0993919  0.0993306  0.0993716  0.0995192  0.0997669  0.100097  0.100485  0.100898  0.101301  0.101659  0.101939  0.102119  0.102178  
0.0651117  0.0651532  0.065278  0.0654737  0.0657231  0.0660042  0.0662928  0.0665643  0.0667966  0.0669718  0.0670782  0.0671109  0.067073  0.0669747  0.0668323  0.0666667  0.066501  0.0663586  0.0662603  0.0662224  0.0662552  0.0663615  0.0665367  0.066769  0.0670406  0.0673291  0.0676102  0.0678596  0.0680553  0.0681801  0.0682217  
0.0325244  0.0325457  0.0326097  0.0327102  0.0328382  0.0329826  0.0331309  0.0332707  0.0333905  0.0334812  0.0335368  0.0335548  0.0335368  0.0334879  0.0334166  0.0333333  0.0332501  0.0331787  0.0331299  0.0331119  0.0331299  0.0331855  0.0332762  0.033396  0.0335357  0.0336841  0.0338285  0.0339565  0.034057  0.034121  0.0341423  
0  0  0  0  0  0  0  0  0  0  0  0  0  0  0  0  0  0  0  0  0  0  0  0  0  0  0  0  0  0  0  
