1  1  1  1  1  1  1  1  1  1  1  1  1  1  1  1  1  1  1  1  1  1  1  1  1  1  1  1  1  1  1  
1.03532  1.03408  1.03033  1.02484  1.01854  1.01221  1.00643  1.0015  0.997521  0.99447  0.992228  0.990624  0.989457  0.988501  0.987523  0.986283  0.984544  0.982079  0.978674  0.974138  0.968312  0.961078  0.952378  0.942242  0.930831  0.918499  0.90588  0.893941  0.883953  0.877292  0.875072  
1.06864  1.06619  1.05883  1.04804  1.03563  1.02317  1.01179  1.00207  0.994245  0.988242  0.983835  0.980687  0.978395  0.976516  0.974583  0.972125  0.968673  0.963778  0.957019  0.948021  0.93647  0.922134  0.904904  0.884841  0.862268  0.837895  0.812974  0.789419  0.769732  0.756612  0.752239  
1.09798  1.0944  1.08368  1.06796  1.04985  1.03166  1.01501  1.00082  0.989381  0.980628  0.974215  0.969644  0.966316  0.963578  0.96074  0.957108  0.951995  0.944742  0.934733  0.92142  0.904345  0.883174  0.85775  0.828175  0.794936  0.759093  0.7225  0.687965  0.659144  0.639959  0.633564  
1.12143  1.11686  1.10315  1.08302  1.0598  1.03644  1.01506  0.996821  0.982156  0.970958  0.962783  0.956977  0.952755  0.94926  0.945597  0.940862  0.934167  0.924663  0.91156  0.894154  0.871858  0.844248  0.811134  0.772664  0.729494  0.683023  0.635677  0.591091  0.553958  0.529277  0.52105  
1.13719  1.13179  1.11556  1.0917  1.06411  1.03634  1.01089  0.98921  0.971818  0.958591  0.94899  0.942212  0.937294  0.93319  0.928813  0.923072  0.914905  0.903297  0.88731  0.866107  0.838994  0.805475  0.765337  0.718785  0.666644  0.610641  0.553729  0.500281  0.455879  0.426423  0.416605  
1.14361  1.13755  1.11935  1.09255  1.06151  1.03021  1.00153  0.977137  0.957645  0.94292  0.932328  0.924922  0.919574  0.915058  0.910115  0.903499  0.893999  0.880474  0.861868  0.837242  0.80582  0.76705  0.720713  0.667077  0.607136  0.542926  0.47787  0.416967  0.366525  0.333136  0.322006  
1.1392  1.13268  1.11312  1.08426  1.05078  1.01698  0.986039  0.959798  0.938964  0.923386  0.91234  0.90474  0.899296  0.894619  0.889304  0.881974  0.871316  0.856101  0.835198  0.807603  0.772481  0.729249  0.67769  0.618144  0.551766  0.48087  0.409285  0.342511  0.287393  0.251001  0.23887  
1.12269  1.11593  1.09565  1.06568  1.03086  0.995696  0.963562  0.936458  0.915156  0.899484  0.888626  0.881356  0.876227  0.871701  0.866247  0.858401  0.846794  0.83016  0.807342  0.77731  0.739203  0.692422  0.636765  0.57264  0.501352  0.425457  0.349107  0.278168  0.219827  0.181412  0.168607  
1.09309  1.08631  1.06596  1.03585  1.00084  0.965507  0.933352  0.906472  0.885683  0.870783  0.860855  0.854529  0.850201  0.846194  0.84088  0.83275  0.820436  0.802696  0.778405  0.746551  0.706276  0.65698  0.598481  0.531248  0.456714  0.377628  0.298376  0.225047  0.164972  0.125531  0.112383  
1.04971  1.04311  1.02334  0.994055  0.960012  0.925758  0.894811  0.86932  0.850113  0.836941  0.828774  0.82409  0.821118  0.818052  0.813196  0.805045  0.792296  0.773806  0.748543  0.71556  0.674031  0.623366  0.563396  0.49464  0.418625  0.338236  0.257993  0.184059  0.123729  0.084237  0.0710731  
0.992216  0.986016  0.967416  0.93989  0.907957  0.876021  0.84754  0.824648  0.808152  0.797734  0.792231  0.789949  0.788945  0.787287  0.783238  0.775354  0.76247  0.743623  0.717943  0.684597  0.642815  0.592019  0.532045  0.463432  0.387762  0.307986  0.228655  0.155863  0.0966973  0.0580816  0.0452097  
0.920705  0.915084  0.89822  0.873314  0.844574  0.816161  0.791388  0.772316  0.759688  0.753084  0.751189  0.752113  0.753724  0.753967  0.751094  0.743778  0.731079  0.712297  0.686799  0.653916  0.61295  0.563334  0.504882  0.438122  0.364637  0.287369  0.210792  0.140798  0.0841181  0.0472286  0.0349322  
0.835732  0.830854  0.816219  0.794708  0.770154  0.746392  0.726517  0.712452  0.704829  0.703096  0.705753  0.71069  0.71557  0.718211  0.716885  0.710443  0.698255  0.679978  0.655294  0.623738  0.584701  0.537607  0.482224  0.419022  0.349523  0.276581  0.20449  0.138815  0.0858084  0.0513984  0.0399285  
0.738383  0.734386  0.722395  0.704947  0.685448  0.667351  0.653461  0.645504  0.643954  0.648088  0.656192  0.665911  0.674681  0.680193  0.680763  0.675488  0.664133  0.646805  0.623573  0.594219  0.558224  0.514987  0.464187  0.406185  0.34238  0.27545  0.209413  0.149402  0.101098  0.069808  0.0593781  
0.630323  0.627317  0.618298  0.605449  0.591726  0.580149  0.57318  0.572291  0.577751  0.588628  0.602965  0.618137  0.631339  0.640134  0.642908  0.639059  0.628836  0.612885  0.591726  0.565419  0.533535  0.49542  0.450621  0.399337  0.342774  0.283357  0.224733  0.171523  0.128767  0.101114  0.0918966  
0.513839  0.511901  0.506088  0.498229  0.490819  0.48642  0.487105  0.494042  0.507249  0.525552  0.54673  0.567871  0.585917  0.598304  0.603515  0.601304  0.592476  0.578289  0.559771  0.537282  0.510474  0.478609  0.441064  0.397819  0.349823  0.299171  0.249068  0.203555  0.166995  0.143365  0.135489  
0.391866  0.39104  0.38856  0.385917  0.385149  0.388343  0.397155  0.412405  0.433827  0.459976  0.488352  0.515752  0.538867  0.555016  0.562799  0.562369  0.555142  0.543043  0.527645  0.509618  0.48868  0.463985  0.434701  0.400543  0.362145  0.321211  0.280441  0.243256  0.213328  0.19397  0.187517  
0.26798  0.268269  0.269138  0.271755  0.277716  0.288635  0.305729  0.329446  0.359204  0.393277  0.428886  0.462548  0.490719  0.510619  0.520985  0.522394  0.516903  0.507129  0.495202  0.482098  0.467589  0.450699  0.430359  0.405986  0.377857  0.347233  0.316273  0.287758  0.264672  0.249693  0.2447  
0.146342  0.147711  0.151819  0.159538  0.172044  0.19049  0.21565  0.247586  0.285391  0.327059  0.369548  0.409129  0.442059  0.465485  0.478301  0.481509  0.477804  0.470485  0.462219  0.454269  0.446448  0.43764  0.426529  0.412219  0.394602  0.374472  0.353428  0.333609  0.317339  0.306701  0.303156  
0.031584  0.0339516  0.0410546  0.0534954  0.0720618  0.0974681  0.130058  0.169513  0.214609  0.263078  0.311659  0.356429  0.393504  0.419999  0.434974  0.439837  0.437878  0.433018  0.428411  0.425575  0.42435  0.423486  0.421431  0.416979  0.409639  0.399735  0.388306  0.376877  0.367149  0.360664  0.358502  
-0.0713942  -0.0681575  -0.0584474  -0.0419022  -0.018084  0.013319  0.05225  0.0980345  0.149161  0.203145  0.256567  0.305393  0.34567  0.374535  0.39122  0.397492  0.397142  0.394613  0.393459  0.395402  0.4003  0.406791  0.41312  0.417803  0.419991  0.419559  0.417021  0.413327  0.409614  0.406936  0.406043  
-0.157718  -0.153791  -0.142011  -0.122223  -0.0942946  -0.0582664  -0.0145474  0.0358803  0.0912711  0.148993  0.205555  0.256909  0.299131  0.329441  0.347239  0.354575  0.35561  0.355154  0.357041  0.363129  0.373294  0.386094  0.399631  0.4122  0.422645  0.430446  0.435645  0.438683  0.4402  0.440831  0.441042  
-0.222925  -0.218535  -0.205366  -0.183434  -0.152856  -0.113962  -0.0674459  -0.0145251  0.0428992  0.102137  0.159733  0.211742  0.254378  0.285012  0.303202  0.311179  0.313297  0.314542  0.318867  0.328196  0.342415  0.360059  0.37916  0.397873  0.414815  0.429149  0.440528  0.448966  0.454689  0.457984  0.459083  
-0.263427  -0.258843  -0.245091  -0.222316  -0.190823  -0.151153  -0.104197  -0.0513154  0.00553482  0.0637154  0.119928  0.170459  0.211778  0.241474  0.259249  0.267388  0.27023  0.272709  0.278723  0.290167  0.306941  0.327619  0.350252  0.372959  0.39423  0.413013  0.428672  0.440898  0.449596  0.454786  0.456516  
-0.276994  -0.272514  -0.259073  -0.236901  -0.206416  -0.168284  -0.123488  -0.0734251  -0.0199906  0.034351  0.0865868  0.133369  0.171537  0.198968  0.215479  0.223275  0.226453  0.229644  0.236499  0.248791  0.266437  0.288115  0.311996  0.336273  0.359426  0.380306  0.398109  0.412316  0.422616  0.428843  0.430919  
-0.263199  -0.259132  -0.246929  -0.226854  -0.199366  -0.165156  -0.125194  -0.0807898  -0.0336567  0.0140406  0.0597036  0.100475  0.133678  0.157534  0.17195  0.178907  0.182029  0.185397  0.192218  0.204053  0.220834  0.241411  0.264173  0.287501  0.309991  0.330521  0.348245  0.362554  0.37303  0.379405  0.38153  
-0.223733  -0.220373  -0.210293  -0.193743  -0.171148  -0.143129  -0.110532  -0.0744657  -0.0363406  0.00209692  0.0387805  0.0714576  0.0980285  0.117114  0.128678  0.134344  0.137049  0.140089  0.146052  0.156195  0.17047  0.187955  0.207351  0.227336  0.246733  0.264573  0.280091  0.292705  0.301992  0.307664  0.309555  
-0.162495  -0.160097  -0.152903  -0.141107  -0.125034  -0.105151  -0.0820847  -0.0566377  -0.0298154  -0.00284422  0.0228394  0.0456791  0.0642307  0.0775518  0.0856374  0.089639  0.0916246  0.0939113  0.0983151  0.105719  0.116092  0.12879  0.142901  0.15749  0.17171  0.184849  0.19633  0.205701  0.212622  0.216859  0.218272  
-0.0854195  -0.0841708  -0.0804248  -0.0742867  -0.0659326  -0.0556135  -0.0436615  -0.0304986  -0.0166479  -0.00274216  0.0104822  0.0222304  0.0317664  0.0386125  0.0427719  0.0448421  0.0458916  0.0471161  0.0494519  0.0533546  0.0588085  0.0654831  0.072909  0.0806002  0.0881147  0.0950755  0.101173  0.10616  0.109851  0.112113  0.112867  
0  0  0  0  0  0  0  0  0  0  0  0  0  0  0  0  0  0  0  0  0  0  0  0  0  0  0  0  0  0  0  
