1  1  1  1  1  1  1  1  1  1  1  1  1  1  1  1  1  1  1  1  1  1  1  1  1  1  1  1  1  1  1  
1.11928  1.1186  1.11658  1.11382  1.11097  1.10845  1.10645  1.10497  1.1039  1.1031  1.1024  1.1016  1.1005  1.09887  1.09648  1.09307  1.08842  1.08228  1.07441  1.06457  1.05255  1.03813  1.02107  1.00117  0.978228  0.952229  0.923694  0.894345  0.86771  0.848857  0.842572  
1.23573  1.23427  1.2299  1.22383  1.21732  1.21126  1.20603  1.2017  1.19814  1.19512  1.19237  1.18958  1.18638  1.18236  1.1771  1.17014  1.16099  1.14916  1.13417  1.11552  1.09272  1.06529  1.03272  0.994517  0.950257  0.899864  0.844354  0.787122  0.735122  0.6983  0.686026  
1.34661  1.34419  1.33691  1.32655  1.31498  1.30358  1.29303  1.28355  1.2751  1.26752  1.26054  1.25381  1.24692  1.23934  1.23049  1.21971  1.20631  1.18953  1.16861  1.14277  1.1112  1.07308  1.02758  0.973822  0.911077  0.839149  0.759497  0.677098  0.602117  0.548997  0.53129  
1.44935  1.44573  1.43487  1.41905  1.40077  1.38193  1.36364  1.34642  1.33047  1.31581  1.3023  1.28967  1.2775  1.26521  1.25208  1.23728  1.21988  1.19888  1.17323  1.14185  1.10359  1.05729  1.00169  0.935529  0.857674  0.767753  0.6676  0.563636  0.468896  0.401764  0.379386  
1.54159  1.53656  1.52148  1.49911  1.47257  1.4444  1.41622  1.38902  1.36338  1.33962  1.31783  1.29786  1.27932  1.26159  1.24379  1.22489  1.20372  1.17902  1.14948  1.11375  1.07039  1.0179  0.954655  0.878953  0.78926  0.684989  0.568284  0.446818  0.336056  0.2576  0.231448  
1.6212  1.61462  1.59486  1.56516  1.52927  1.49041  1.45088  1.41225  1.37559  1.34159  1.31061  1.28268  1.2574  1.23405  1.21158  1.18869  1.16394  1.13581  1.10274  1.0632  1.01556  0.958072  0.888829  0.805761  0.706967  0.591662  0.462253  0.327445  0.2046  0.117694  0.0887251  
1.68635  1.67815  1.65355  1.6162  1.57049  1.52038  1.46891  1.41832  1.37023  1.32575  1.28555  1.24976  1.21801  1.18941  1.16265  1.13609  1.10795  1.07644  1.03982  0.996443  0.94462  0.882537  0.808124  0.71908  0.613239  0.489692  0.351085  0.206926  0.075885  -0.0166009  -0.0474295  
1.73546  1.72569  1.69641  1.65161  1.59631  1.53518  1.47205  1.40982  1.35069  1.29622  1.24735  1.20436  1.16685  1.13373  1.10334  1.07362  1.04236  1.00747  0.967049  0.919449  0.863085  0.79624  0.716871  0.622611  0.511184  0.381664  0.236948  0.0871102  -0.0484707  -0.143814  -0.175595  
1.76719  1.75602  1.72252  1.67099  1.60695  1.53576  1.46194  1.38905  1.31983  1.25628  1.19964  1.15037  1.10806  1.07139  1.03827  1.00608  0.972108  0.933868  0.889359  0.837032  0.775566  0.703529  0.619098  0.520017  0.404071  0.270455  0.122335  -0.02988  -0.166685  -0.262413  -0.294323  
1.78046  1.76813  1.73113  1.67399  1.6026  1.52283  1.43981  1.35766  1.27963  1.20813  1.14477  1.09027  1.04422  1.00511  0.970313  0.936548  0.900418  0.859005  0.810203  0.752689  0.685571  0.607894  0.518231  0.414613  0.295049  0.158984  0.00985974  -0.141803  -0.276911  -0.370864  -0.402182  
1.77435  1.76116  1.72161  1.66028  1.58324  1.49675  1.40633  1.31657  1.23115  1.15294  1.08396  1.02528  0.976642  0.936299  0.901058  0.866786  0.829258  0.785015  0.731872  0.668858  0.595689  0.512066  0.417125  0.309332  0.187054  0.0500848  -0.0978706  -0.246409  -0.377319  -0.467683  -0.497805  
1.74815  1.73445  1.69337  1.6294  1.54865  1.45747  1.36163  1.26603  1.17473  1.09107  1.0176  0.955849  0.90582  0.865589  0.83129  0.797773  0.759792  0.71325  0.655911  0.587292  0.507902  0.418268  0.318232  0.206807  0.0828239  -0.0535263  -0.198327  -0.341517  -0.466161  -0.551481  -0.579922  
1.70131  1.68745  1.64587  1.58087  1.49835  1.40455  1.30531  1.2057  1.1101  1.02233  0.945558  0.881934  0.831831  0.793186  0.761379  0.730052  0.692746  0.644626  0.583452  0.509376  0.423876  0.328463  0.223791  0.109509  -0.0150386  -0.149253  -0.289098  -0.425071  -0.541818  -0.621  -0.647394  
1.63343  1.61973  1.57864  1.51412  1.43168  1.3373  1.23665  1.13487  1.0366  0.946165  0.867437  0.803291  0.754586  0.719155  0.691531  0.663968  0.628615  0.579826  0.515414  0.43632  0.345152  0.244522  0.135976  0.0198375  -0.104016  -0.234613  -0.367916  -0.495176  -0.602835  -0.675136  -0.699236  
1.54425  1.531  1.49126  1.42856  1.34791  1.25481  1.15468  1.05257  0.953373  0.861892  0.78276  0.719667  0.674025  0.643578  0.621928  0.599787  0.567772  0.51939  0.452593  0.369253  0.273229  0.168304  0.0569431  -0.0598466  -0.181673  -0.307257  -0.43269  -0.550137  -0.64795  -0.712959  -0.734629  
1.43364  1.42108  1.3834  1.32366  1.24625  1.15613  1.05832  0.957769  0.859504  0.768835  0.691144  0.630957  0.590257  0.566679  0.552824  0.537758  0.510501  0.463741  0.395677  0.309225  0.209557  0.101633  -0.0111908  -0.127256  -0.245699  -0.365018  -0.481551  -0.588488  -0.676109  -0.73372  -0.752924  
1.30166  1.28996  1.25489  1.199  1.12606  1.04041  0.946653  0.849549  0.754267  0.666554  0.592487  0.537364  0.503677  0.488902  0.484587  0.478133  0.457  0.413165  0.345202  0.257145  0.155462  0.0462101  -0.0664496  -0.180276  -0.294003  -0.405987  -0.512907  -0.609028  -0.686484  -0.736854  -0.753644  
1.14852  1.13783  1.10576  1.05442  0.98695  0.907113  0.819068  0.727404  0.637373  0.555082  0.487172  0.439554  0.415084  0.41098  0.417738  0.421176  0.407366  0.367773  0.30149  0.213683  0.112009  0.00345703  -0.107158  -0.21712  -0.324842  -0.428613  -0.525512  -0.610857  -0.678488  -0.721983  -0.736482  
0.974805  0.965215  0.936443  0.890194  0.829063  0.756292  0.675658  0.591569  0.509318  0.435238  0.376325  0.338844  0.325782  0.33399  0.352964  0.367161  0.361578  0.32746  0.264566  0.179144  0.0798401  -0.0256774  -0.132147  -0.236525  -0.336993  -0.431838  -0.518554  -0.593432  -0.651804  -0.688939  -0.701317  
0.781733  0.773325  0.748102  0.70744  0.653498  0.589094  0.517685  0.44351  0.37182  0.308991  0.26208  0.237363  0.237672  0.259378  0.29112  0.31636  0.319478  0.291864  0.23408  0.153338  0.0589843  -0.0409464  -0.141006  -0.237995  -0.329975  -0.415283  -0.491804  -0.556679  -0.60648  -0.637835  -0.648287  
0.571852  0.564723  0.543336  0.508827  0.463031  0.408446  0.348268  0.286542  0.228353  0.179866  0.147848  0.138197  0.153285  0.188943  0.233198  0.269028  0.280765  0.260351  0.209254  0.135461  0.0486822  -0.0430401  -0.134354  -0.222099  -0.304342  -0.379516  -0.445866  -0.501224  -0.54314  -0.569286  -0.578001  
0.350231  0.344509  0.327343  0.299703  0.263194  0.220062  0.173256  0.126549  0.0846726  0.0532869  0.0384896  0.0454184  0.0757416  0.124766  0.180277  0.225383  0.245001  0.232023  0.188861  0.124037  0.0472517  -0.0337924  -0.114117  -0.190805  -0.262057  -0.326466  -0.382593  -0.42882  -0.463427  -0.484847  -0.491987  
0.126184  0.122026  0.109553  0.0896101  0.0636126  0.0335628  0.00210303  -0.0274057  -0.0508209  -0.0632929  -0.0597317  -0.0360524  0.00856912  0.0690589  0.133424  0.185575  0.211637  0.205771  0.171283  0.116933  0.0520573  -0.0162885  -0.0837337  -0.147782  -0.2069  -0.259909  -0.305671  -0.342999  -0.370705  -0.387752  -0.393434  
-0.0849596  -0.0874158  -0.0947845  -0.106346  -0.120902  -0.136756  -0.151698  -0.162966  -0.167235  -0.160718  -0.139555  -0.10086  -0.044634  0.023926  0.0935689  0.149659  0.180055  0.180369  0.154636  0.111513  0.0596504  0.00522766  -0.0481452  -0.0985174  -0.144728  -0.185893  -0.221184  -0.24977  -0.270858  -0.283776  -0.288083  
-0.261294  -0.262033  -0.264249  -0.267389  -0.270538  -0.272415  -0.271381  -0.265435  -0.25223  -0.229155  -0.193635  -0.143935  -0.0807154  -0.00895286  0.0613497  0.11756  0.149628  0.15462  0.137003  0.104949  0.0661456  0.0257637  -0.0134038  -0.0499937  -0.0832685  -0.112686  -0.137734  -0.1579  -0.172703  -0.181742  -0.184754  
-0.376822  -0.376072  -0.373824  -0.369729  -0.363216  -0.353496  -0.339579  -0.320278  -0.294228  -0.259931  -0.215953  -0.1615  -0.0976085  -0.02868  0.0369534  0.089043  0.119786  0.127519  0.116721  0.0946677  0.0678463  0.0403686  0.0142502  -0.00968541  -0.0310985  -0.049777  -0.0655107  -0.0780714  -0.0872334  -0.0928055  -0.0946628  
-0.408218  -0.406525  -0.401448  -0.392844  -0.380472  -0.364008  -0.343046  -0.317104  -0.285619  -0.24796  -0.203538  -0.152177  -0.0949806  -0.0354692  0.0199812  0.0636981  0.0900858  0.0984225  0.0927008  0.0788765  0.0620331  0.0452238  0.0297933  0.0161483  0.00433352  -0.00568871  -0.013941  -0.0204136  -0.0250746  -0.0278867  -0.0288241  
-0.344777  -0.342936  -0.337413  -0.328204  -0.315297  -0.298672  -0.278302  -0.254142  -0.226116  -0.194105  -0.157996  -0.117899  -0.0747087  -0.0308578  0.0093769  0.0409331  0.0602553  0.0671659  0.064675  0.0570201  0.0477061  0.0387508  0.0309565  0.0244713  0.0191955  0.0149777  0.0116831  0.00921001  0.00748803  0.00647139  0.00613251  
-0.197276  -0.196097  -0.19256  -0.186701  -0.178574  -0.168247  -0.155801  -0.141318  -0.124869  -0.106502  -0.0862539  -0.0642542  -0.0409953  -0.0177153  0.00344905  0.0199934  0.0302048  0.0340979  0.0332927  0.0299951  0.0259956  0.0222976  0.0192713  0.0169487  0.0152345  0.0140065  0.0131528  0.0125816  0.0122225  0.0120256  0.01196  
0  0  0  0  0  0  0  0  0  0  0  0  0  0  0  0  0  0  0  0  0  0  0  0  0  0  0  0  0  0  0  
