1  1  1  1  1  1  1  1  1  1  1  1  1  1  1  1  1  1  1  1  1  1  1  1  1  1  1  1  1  1  1  
1.06039  1.05972  1.05772  1.05453  1.05035  1.04542  1.03997  1.0342  1.02826  1.02225  1.01619  1.01009  1.00389  0.997532  0.990923  0.983965  0.976564  0.968636  0.960117  0.950974  0.941216  0.930907  0.920176  0.909232  0.898371  0.887974  0.878493  0.870421  0.864242  0.860368  0.859076  
1.11892  1.1176  1.11365  1.10734  1.09908  1.08934  1.07857  1.06715  1.0554  1.04347  1.03146  1.01935  1.00706  0.994427  0.981295  0.967468  0.952761  0.93701  0.92009  0.901939  0.882576  0.862128  0.840856  0.819174  0.797667  0.777089  0.758333  0.742371  0.730156  0.722498  0.719946  
1.17377  1.17183  1.16603  1.15676  1.14462  1.13029  1.11444  1.09763  1.08029  1.06268  1.04493  1.02701  1.00879  0.990072  0.970591  0.950074  0.928252  0.904887  0.879801  0.852908  0.824242  0.793996  0.762558  0.730543  0.698815  0.668482  0.640856  0.617362  0.599391  0.588129  0.584375  
1.22317  1.22066  1.21315  1.20116  1.18544  1.16686  1.14629  1.12444  1.10186  1.07892  1.05574  1.03231  1.00845  0.9839  0.958334  0.931398  0.902746  0.87208  0.839178  0.803938  0.766416  0.726874  0.685823  0.644072  0.602745  0.563281  0.527377  0.496871  0.473555  0.458949  0.45408  
1.26545  1.26245  1.25342  1.239  1.22008  1.1977  1.17287  1.14646  1.11912  1.09128  1.0631  1.03455  1.00542  0.97541  0.944115  0.91112  0.876021  0.838469  0.798212  0.755145  0.709352  0.661166  0.611223  0.560507  0.510385  0.462594  0.419175  0.382326  0.354187  0.336571  0.330699  
1.29909  1.29566  1.28535  1.26886  1.2472  1.22155  1.19303  1.16265  1.13113  1.09895  1.0663  1.03313  0.999209  0.964182  0.927604  0.889003  0.847932  0.804008  0.756966  0.706708  0.653358  0.597323  0.539356  0.480608  0.422658  0.367502  0.317474  0.275077  0.242738  0.222507  0.215764  
1.32271  1.31894  1.3076  1.28946  1.2656  1.23728  1.20576  1.17208  1.13706  1.1012  1.0647  1.02751  0.989373  0.949881  0.908557  0.864894  0.818417  0.768731  0.715573  0.658871  0.598795  0.535833  0.470846  0.405134  0.34046  0.279035  0.223428  0.17638  0.14054  0.118139  0.110672  
1.33515  1.33112  1.31904  1.2997  1.27422  1.24394  1.21014  1.17395  1.1362  1.09742  1.05781  1.01729  0.975584  0.932263  0.886817  0.838721  0.787492  0.732743  0.674235  0.611933  0.546069  0.47721  0.406322  0.334831  0.264649  0.198154  0.138089  0.0873652  0.0487823  0.0246895  0.0166585  
1.33544  1.33127  1.31876  1.29869  1.27223  1.24072  1.20546  1.16759  1.12797  1.08711  1.04519  1.00213  0.957604  0.911173  0.862311  0.810491  0.755245  0.696213  0.633201  0.566232  0.495608  0.421977  0.346398  0.270401  0.196012  0.125722  0.0623835  0.00900769  -0.0315258  -0.0568097  -0.0652377  
1.32294  1.31873  1.30609  1.2858  1.25901  1.22704  1.19117  1.15254  1.11196  1.06992  1.02658  0.981816  0.935295  0.886544  0.835041  0.780275  0.721814  0.65935  0.592754  0.522124  0.447841  0.370634  0.291645  0.212481  0.135238  0.0624715  -0.00292211  -0.0579034  -0.0995813  -0.125549  -0.134205  
1.29726  1.29311  1.28066  1.26066  1.23421  1.20256  1.16697  1.1285  1.08791  1.04565  1.00182  0.956264  0.908615  0.85839  0.805075  0.748197  0.687377  0.622388  0.553184  0.479955  0.403169  0.323634  0.242559  0.1616  0.0828841  0.00897205  -0.0572559  -0.1128  -0.154823  -0.180973  -0.18969  
1.25836  1.25438  1.24243  1.22321  1.19775  1.16722  1.13278  1.0954  1.05577  1.01426  0.970906  0.925491  0.877619  0.826799  0.772539  0.714417  0.652136  0.585565  0.514767  0.440037  0.361937  0.281348  0.199527  0.118151  0.0393349  -0.0344084  -0.100276  -0.155371  -0.196968  -0.222818  -0.231434  
1.20659  1.20287  1.19171  1.17374  1.14989  1.12124  1.08879  1.05343  1.01571  0.975909  0.933979  0.88964  0.842455  0.791928  0.737602  0.679122  0.616293  0.549103  0.477743  0.402624  0.324405  0.244033  0.162795  0.0823545  0.00477129  -0.0675382  -0.131905  -0.185592  -0.226036  -0.251135  -0.259501  
1.14265  1.13928  1.12918  1.11289  1.09124  1.06515  1.0355  1.003  0.9681  0.930924  0.891336  0.848975  0.803362  0.754  0.700473  0.642512  0.580042  0.513191  0.442293  0.367884  0.290722  0.211808  0.132435  0.0542232  -0.020864  -0.0905545  -0.152363  -0.203759  -0.242387  -0.266323  -0.274302  
1.06768  1.06474  1.05592  1.04169  1.02274  0.999835  0.973686  0.94483  0.913547  0.879833  0.843425  0.803878  0.760665  0.71329  0.661388  0.60479  0.543557  0.477974  0.408527  0.335889  0.260907  0.184626  0.108323  0.0335404  -0.0378918  -0.103888  -0.162188  -0.210508  -0.246736  -0.269149  -0.27662  
0.983206  0.980757  0.973412  0.961548  0.945711  0.926497  0.904431  0.87986  0.852886  0.823346  0.790845  0.754845  0.714769  0.670124  0.620605  0.566154  0.506981  0.443538  0.376475  0.306597  0.234837  0.162267  0.0901232  0.0198435  -0.0469113  -0.108276  -0.162252  -0.206831  -0.240164  -0.260751  -0.267614  
0.891159  0.889246  0.883507  0.874228  0.861806  0.846657  0.829108  0.809306  0.787164  0.76235  0.734333  0.702473  0.666146  0.624867  0.578395  0.526791  0.470422  0.409913  0.346079  0.279852  0.212243  0.144329  0.0772873  0.0124221  -0.0488013  -0.104766  -0.153757  -0.194063  -0.224113  -0.24264  -0.248816  
0.793818  0.792465  0.788406  0.78183  0.772989  0.762115  0.749336  0.734595  0.717611  0.697882  0.674737  0.647442  0.615325  0.577912  0.535033  0.486872  0.433952  0.377071  0.3172  0.255391  0.192715  0.130242  0.0690631  0.010332  -0.0447029  -0.0946909  -0.138214  -0.173866  -0.200362  -0.216664  -0.222099  
0.693747  0.692955  0.690577  0.686711  0.681466  0.674897  0.666935  0.657324  0.645597  0.631086  0.612992  0.590489  0.562867  0.529669  0.490796  0.44655  0.397609  0.344929  0.289626  0.232854  0.175726  0.119286  0.0645246  0.0124285  -0.0359817  -0.0796288  -0.117395  -0.148177  -0.17097  -0.184962  -0.189625  
0.593688  0.593432  0.592663  0.591391  0.589594  0.58716  0.583838  0.579187  0.57257  0.56317  0.550073  0.532378  0.509348  0.480547  0.445945  0.405959  0.361399  0.313364  0.26309  0.211809  0.160657  0.110633  0.0626166  0.017419  -0.0241679  -0.0613362  -0.09326  -0.119127  -0.138197  -0.149872  -0.153764  
0.49642  0.49665  0.49734  0.498422  0.499756  0.501084  0.501994  0.501889  0.499982  0.495337  0.486948  0.473863  0.455329  0.430938  0.400728  0.365209  0.325305  0.282223  0.237287  0.191781  0.146837  0.103394  0.0622145  0.0239348  -0.0108732  -0.0416557  -0.0678581  -0.0889368  -0.104394  -0.113826  -0.11697  
0.404592  0.405233  0.407156  0.41023  0.414215  0.418736  0.423251  0.427037  0.429199  0.428716  0.424523  0.415643  0.401327  0.381203  0.355364  0.324392  0.289291  0.251337  0.211903  0.172285  0.133589  0.0966793  0.0621984  0.0306181  0.00230928  -0.0224021  -0.0432022  -0.0597836  -0.0718612  -0.0792001  -0.0816464  
0.320527  0.321482  0.324346  0.32894  0.334953  0.341922  0.349217  0.356033  0.361411  0.364287  0.363582  0.358324  0.347791  0.331648  0.310035  0.283577  0.253314  0.220543  0.186637  0.152866  0.120281  0.0896622  0.0615331  0.0362193  0.0139186  -0.00523487  -0.0211282  -0.0336496  -0.0426892  -0.0481516  -0.0499724  
0.246024  0.247177  0.250638  0.256196  0.2635  0.272038  0.281136  0.289958  0.297534  0.302809  0.304734  0.302379  0.29507  0.282516  0.264885  0.242814  0.217328  0.189693  0.161227  0.133132  0.106376  0.0816438  0.0593493  0.0396948  0.0227408  0.00847274  -0.00314985  -0.0121643  -0.0185942  -0.0224499  -0.0237351  
0.182174  0.183401  0.187081  0.192998  0.200788  0.209934  0.219768  0.229479  0.23814  0.244762  0.24837  0.248116  0.243399  0.23397  0.220012  0.202133  0.181296  0.158672  0.135473  0.112787  0.0914726  0.0721095  0.0550151  0.0402953  0.0279132  0.0177538  0.00967469  0.00353963  -0.000763511  -0.00331579  -0.00416655  
0.129222  0.130395  0.133914  0.139575  0.147036  0.155818  0.165309  0.174778  0.183398  0.190298  0.194628  0.19566  0.192879  0.18609  0.175465  0.161549  0.145189  0.127407  0.10925  0.091653  0.0753363  0.0607714  0.0481902  0.0376321  0.0290041  0.0221398  0.0168468  0.0129406  0.010265  0.00870318  0.00818257  
0.0864888  0.0874897  0.0904926  0.0953234  0.101694  0.109204  0.117346  0.125518  0.133049  0.139232  0.14339  0.144941  0.143483  0.138869  0.131247  0.121061  0.108995  0.0958686  0.0825172  0.0696789  0.0579169  0.0475883  0.0388532  0.031712  0.0260548  0.0217099  0.0184835  0.0161895  0.0146691  0.013802  0.013513  
0.0523922  0.0531207  0.0553061  0.0588222  0.0634607  0.0689337  0.0748783  0.0808668  0.086424  0.091055  0.0942853  0.0957113  0.0950566  0.0922223  0.0873174  0.0806561  0.0727182  0.064077  0.0553143  0.0469411  0.039344  0.0327627  0.0272967  0.0229317  0.0195739  0.0170852  0.0153115  0.0141046  0.0133375  0.0129137  0.0127724  
0.0245529  0.0249362  0.0260862  0.0279365  0.0303779  0.0332599  0.0363933  0.0395559  0.0425019  0.0449759  0.0467339  0.0475691  0.0473406  0.0459991  0.0436019  0.040312  0.0363767  0.0320911  0.0277536  0.0236258  0.0199042  0.0167093  0.0140885  0.01203  0.0104808  0.00936415  0.00859531  0.00809274  0.00778631  0.0076226  0.00756803  
0  0  0  0  0  0  0  0  0  0  0  0  0  0  0  0  0  0  0  0  0  0  0  0  0  0  0  0  0  0  0  
