1  1  1  1  1  1  1  1  1  1  1  1  1  1  1  1  1  1  1  1  1  1  1  1  1  1  1  1  1  1  1  
1.121  1.12018  1.11772  1.11432  1.11069  1.10733  1.10447  1.10211  1.10018  1.09853  1.09699  1.09539  1.09353  1.0912  1.08817  1.08422  1.07914  1.07269  1.06465  1.05481  1.04295  1.02888  1.01237  0.993214  0.971222  0.946363  0.919113  0.891089  0.865649  0.847633  0.841627  
1.2392  1.23747  1.23226  1.22494  1.21693  1.20926  1.20237  1.19638  1.19115  1.18649  1.18212  1.17773  1.173  1.16755  1.16097  1.15285  1.14275  1.13022  1.11482  1.09608  1.07355  1.04678  1.01527  0.978561  0.936206  0.888102  0.83517  0.780594  0.730982  0.695831  0.684114  
1.35191  1.34908  1.34062  1.32848  1.31482  1.30117  1.28832  1.27653  1.26578  1.25588  1.24657  1.23751  1.22831  1.2185  1.20754  1.19486  1.17984  1.1618  1.14007  1.11392  1.08261  1.04538  1.0014  0.949845  0.889951  0.821468  0.745693  0.667284  0.595876  0.54525  0.528375  
1.45657  1.45246  1.44014  1.42216  1.40134  1.37983  1.35883  1.3389  1.32021  1.30274  1.28633  1.2707  1.25544  1.24005  1.22389  1.20626  1.18635  1.16331  1.13622  1.10411  1.06594  1.02061  0.966927  0.903619  0.829533  0.744198  0.649213  0.55055  0.460542  0.396703  0.375424  
1.55086  1.54529  1.52858  1.50384  1.47455  1.44352  1.41251  1.38249  1.35397  1.32716  1.30207  1.27851  1.25611  1.23431  1.21238  1.18948  1.16465  1.13686  1.105  1.06789  1.02427  0.97271  0.911647  0.839381  0.754324  0.655737  0.545444  0.430541  0.325612  0.251203  0.2264  
1.63271  1.62557  1.60415  1.57204  1.53344  1.49185  1.44969  1.40845  1.36906  1.33202  1.29754  1.26552  1.23558  1.20709  1.17919  1.15087  1.12102  1.08846  1.05195  1.01019  0.961758  0.905033  0.838147  0.759019  0.665656  0.55706  0.435224  0.308145  0.192142  0.109964  0.082571  
1.70033  1.6916  1.66542  1.62584  1.57771  1.52529  1.4717  1.41904  1.36868  1.32142  1.27766  1.23736  1.2001  1.16513  1.13141  1.09772  1.06277  1.02524  0.983845  0.937255  0.884026  0.822462  0.750525  0.665867  0.566179  0.450269  0.320277  0.184875  0.0615512  -0.0256231  -0.0546812  
1.75217  1.74195  1.71129  1.66462  1.60743  1.54468  1.48022  1.41674  1.35605  1.29925  1.2469  1.19899  1.15506  1.11418  1.07507  1.03625  0.996211  0.953508  0.906842  0.854974  0.796572  0.730016  0.653252  0.563802  0.459185  0.338121  0.20291  0.0626849  -0.0644729  -0.154043  -0.1839  
1.78695  1.77542  1.74085  1.68798  1.62277  1.55086  1.47672  1.40359  1.3337  1.26842  1.20847  1.1539  1.10418  1.05818  1.01434  0.970848  0.925895  0.877912  0.825634  0.768008  0.703952  0.632073  0.550445  0.456616  0.34809  0.223633  0.0857354  -0.0562151  -0.184084  -0.273718  -0.303596  
1.80359  1.79103  1.75337  1.69552  1.62381  1.54436  1.46215  1.38091  1.30319  1.23066  1.16421  1.10401  1.0495  0.999355  0.951654  0.904154  0.854689  0.801516  0.743448  0.679715  0.60962  0.532132  0.445592  0.347719  0.236148  0.109823  -0.0285482  -0.169516  -0.295385  -0.383072  -0.412301  
1.80121  1.78795  1.74817  1.68683  1.61041  1.52532  1.4369  1.34921  1.26514  1.18663  1.11482  1.05008  0.991871  0.938691  0.888198  0.837604  0.784269  0.726231  0.662418  0.592446  0.516133  0.432937  0.341588  0.240094  0.126348  -0.000425013  -0.137291  -0.27493  -0.396512  -0.480587  -0.508612  
1.77912  1.7655  1.72465  1.6614  1.58218  1.49346  1.40076  1.30838  1.21945  1.13624  1.06023  0.992076  0.931372  0.876444  0.824451  0.771922  0.71561  0.653279  0.58401  0.50792  0.425468  0.336722  0.240896  0.136384  0.021428  -0.104399  -0.237968  -0.370275  -0.485704  -0.564855  -0.591239  
1.73679  1.72315  1.68225  1.61866  1.53853  1.44818  1.35313  1.25777  1.16549  1.07889  0.999895  0.92957  0.867726  0.812529  0.760551  0.707481  0.649325  0.583514  0.509335  0.427519  0.339295  0.245439  0.14573  0.039009  -0.0760696  -0.199567  -0.328222  -0.453532  -0.56136  -0.634616  -0.659035  
1.67383  1.66049  1.62048  1.55798  1.4787  1.38861  1.29305  1.19643  1.10232  1.01373  0.933091  0.861998  0.800555  0.746769  0.696527  0.644518  0.585861  0.517611  0.439323  0.352461  0.259135  0.160907  0.0581692  -0.0497494  -0.163759  -0.283573  -0.405894  -0.522884  -0.62207  -0.688789  -0.711029  
1.59002  1.57725  1.53893  1.47877  1.4019  1.31378  1.21944  1.12323  1.02889  0.939837  0.85909  0.788846  0.729556  0.67905  0.632429  0.583233  0.525579  0.456132  0.374793  0.283867  0.186427  0.0848664  -0.0197942  -0.127726  -0.239412  -0.354263  -0.469057  -0.57676  -0.666654  -0.726496  -0.746443  
1.48528  1.47328  1.43729  1.38049  1.30734  1.2227  1.13121  1.03707  0.944193  0.856397  0.777326  0.7098  0.654628  0.609422  0.568399  0.523836  0.468782  0.399542  0.316454  0.222753  0.122516  0.0189591  -0.0862853  -0.192909  -0.300997  -0.409729  -0.516062  -0.613865  -0.694186  -0.747082  -0.764714  
1.3597  1.34863  1.31545  1.26278  1.19441  1.11456  1.02742  0.937041  0.847457  0.762885  0.687557  0.624885  0.575981  0.53817  0.50471  0.466558  0.415708  0.348184  0.264867  0.169976  0.0685763  -0.0353554  -0.139637  -0.243528  -0.346768  -0.448383  -0.545596  -0.633227  -0.704017  -0.750129  -0.7655  
1.21359  1.20357  1.1735  1.12554  1.0628  0.988878  0.907545  0.822669  0.738393  0.65928  0.590055  0.534606  0.494229  0.465873  0.441792  0.411656  0.366511  0.302244  0.220385  0.12615  0.0255066  -0.0769256  -0.178522  -0.278188  -0.375383  -0.469053  -0.55675  -0.634236  -0.695808  -0.73548  -0.748704  
1.0476  1.0387  1.01197  0.969134  0.912724  0.845795  0.771724  0.694218  0.617485  0.54633  0.485815  0.4401  0.410486  0.393445  0.380245  0.359409  0.321247  0.261715  0.183091  0.0915461  -0.00619913  -0.105061  -0.202118  -0.296025  -0.386043  -0.4711  -0.549109  -0.616712  -0.669575  -0.703273  -0.714505  
0.863022  0.855284  0.83207  0.794726  0.745323  0.686468  0.621212  0.553108  0.486362  0.425869  0.376786  0.343281  0.326436  0.322157  0.320834  0.3101  0.279854  0.226367  0.152744  0.0660039  -0.0265857  -0.119699  -0.210294  -0.296899  -0.378666  -0.454565  -0.52287  -0.581001  -0.625773  -0.654024  -0.66344  
0.66234  0.655838  0.636331  0.604902  0.563269  0.513694  0.45896  0.40245  0.348258  0.301152  0.266096  0.246952  0.244357  0.253622  0.264461  0.264007  0.242149  0.195737  0.128736  0.0488523  -0.036356  -0.121563  -0.203794  -0.281591  -0.354095  -0.420369  -0.479028  -0.528149  -0.565466  -0.588795  -0.596571  
0.45031  0.445138  0.429621  0.404657  0.371708  0.332765  0.290367  0.247659  0.208457  0.177149  0.158186  0.154824  0.167079  0.189723  0.212116  0.221374  0.207828  0.169139  0.110098  0.0388772  -0.0369466  -0.112285  -0.184413  -0.252022  -0.314339  -0.370574  -0.419655  -0.460196  -0.490634  -0.509511  -0.515803  
0.235444  0.231721  0.220552  0.202698  0.179413  0.152442  0.124034  0.0969741  0.0745948  0.0606388  0.0587614  0.071381  0.0978203  0.132481  0.16479  0.182386  0.176479  0.145701  0.0955367  0.0343538  -0.0305235  -0.0944486  -0.155091  -0.211405  -0.262797  -0.30867  -0.348249  -0.380577  -0.404615  -0.419426  -0.424363  
0.0315415  0.0293699  0.0228549  0.0126263  -0.000274047  -0.0143967  -0.0278827  -0.0384635  -0.0434918  -0.0400888  -0.0255826  0.00150966  0.0398778  0.0838338  0.123354  0.147134  0.147618  0.124438  0.0835429  0.0331729  -0.0198527  -0.0714764  -0.119849  -0.164259  -0.204355  -0.239776  -0.270029  -0.294507  -0.312566  -0.323634  -0.327324  
-0.141845  -0.14247  -0.144344  -0.146994  -0.149643  -0.151217  -0.150362  -0.145466  -0.134701  -0.116154  -0.088173  -0.0501493  -0.00383149  0.045359  0.0884278  0.115581  0.120718  0.104356  0.0725568  0.0330723  -0.0080076  -0.0472987  -0.0834493  -0.116092  -0.14514  -0.170476  -0.191879  -0.209033  -0.221596  -0.229259  -0.231813  
-0.261623  -0.26092  -0.258809  -0.255004  -0.249034  -0.24026  -0.227894  -0.211018  -0.188627  -0.159714  -0.123516  -0.0800917  -0.031341  0.0179499  0.0602267  0.0875272  0.0952632  0.084571  0.0611798  0.0319646  0.0020875  -0.0257692  -0.0507032  -0.0726367  -0.0917076  -0.108018  -0.121572  -0.132297  -0.140075  -0.144791  -0.146363  
-0.307129  -0.305592  -0.300981  -0.293189  -0.282035  -0.267282  -0.248642  -0.225791  -0.198386  -0.166108  -0.128813  -0.0869338  -0.0422102  0.00152397  0.0384465  0.0625923  0.0707918  0.0644257  0.0483951  0.0283044  0.00821235  -0.00989416  -0.0254708  -0.0386247  -0.049627  -0.0587161  -0.0660511  -0.0717199  -0.0757604  -0.0781834  -0.078991  
-0.268888  -0.267229  -0.262252  -0.253967  -0.242387  -0.22753  -0.209422  -0.188094  -0.163581  -0.135939  -0.105319  -0.0722172  -0.0379475  -0.00516727  0.0221961  0.0402075  0.0469276  0.0435743  0.0337409  0.0214015  0.00936017  -0.00107242  -0.00960658  -0.0164086  -0.0217598  -0.0259203  -0.0290942  -0.0314306  -0.0330335  -0.033971  -0.0342835  
-0.15642  -0.155361  -0.152183  -0.146926  -0.139649  -0.130432  -0.119371  -0.106576  -0.0921598  -0.0762453  -0.0589922  -0.0407141  -0.0221142  -0.00454709  0.0100174  0.0196333  0.0233938  0.0220071  0.0173765  0.0115659  0.00600923  0.00135765  -0.00226792  -0.0049826  -0.00696218  -0.00837281  -0.0093522  -0.0100082  -0.0104217  -0.0106491  -0.0107249  
0  0  0  0  0  0  0  0  0  0  0  0  0  0  0  0  0  0  0  0  0  0  0  0  0  0  0  0  0  0  0  
