1  1  1  1  1  1  1  1  1  1  1  1  1  1  1  1  1  1  1  1  1  1  1  1  1  1  1  1  1  1  1  
1.07396  1.07325  1.07113  1.06773  1.06325  1.05792  1.05196  1.04558  1.03891  1.03205  1.02505  1.0179  1.01057  1.00301  0.995127  0.986853  0.978102  0.968808  0.958922  0.948427  0.937347  0.925761  0.913817  0.901738  0.889838  0.878516  0.868242  0.85953  0.852879  0.848715  0.847327  
1.146  1.1446  1.1404  1.13367  1.12481  1.11426  1.10247  1.08981  1.07658  1.06297  1.04906  1.03485  1.02028  1.00523  0.989552  0.973088  0.95568  0.937197  0.917546  0.896696  0.874697  0.851709  0.828023  0.804087  0.780518  0.758105  0.737779  0.720549  0.707399  0.699169  0.696425  
1.21422  1.21217  1.20599  1.19609  1.18303  1.16748  1.15007  1.13138  1.11181  1.09165  1.07103  1.04994  1.02829  1.00592  0.982611  0.958128  0.93225  0.904789  0.875614  0.844687  0.812089  0.778061  0.743035  0.707675  0.672892  0.639846  0.609901  0.584534  0.565185  0.55308  0.549045  
1.27681  1.27414  1.26612  1.25327  1.2363  1.21607  1.1934  1.16901  1.14344  1.11705  1.09  1.06231  1.03385  1.00441  0.973711  0.941469  0.907404  0.87128  0.832941  0.79235  0.749624  0.705087  0.659312  0.613165  0.567833  0.524819  0.485888  0.45294  0.427829  0.412126  0.406892  
1.33202  1.3288  1.31913  1.30361  1.2831  1.25862  1.23113  1.20149  1.17037  1.13817  1.10511  1.07119  1.03627  1.0001  0.962357  0.922711  0.880837  0.83647  0.789442  0.739727  0.687489  0.633135  0.577373  0.52126  0.466235  0.41411  0.367001  0.327183  0.296866  0.27792  0.271604  
1.37824  1.37454  1.36344  1.3456  1.32201  1.29378  1.26203  1.22773  1.1916  1.15414  1.11557  1.0759  1.03498  0.992516  0.94817  0.901568  0.852363  0.800277  0.745146  0.68697  0.625967  0.562632  0.497801  0.432708  0.369014  0.308796  0.254471  0.208625  0.173759  0.151988  0.14473  
1.41402  1.40992  1.39764  1.37789  1.35173  1.32037  1.28501  1.2467  1.20624  1.16416  1.1207  1.07587  1.02951  0.981303  0.930888  0.877878  0.821918  0.762738  0.700197  0.634336  0.565437  0.494087  0.421244  0.348296  0.277095  0.209938  0.149481  0.0985511  0.0598741  0.035745  0.0277019  
1.43809  1.43369  1.42051  1.3993  1.37114  1.33731  1.29908  1.25753  1.21351  1.16756  1.11994  1.07066  1.01952  0.966216  0.91037  0.851596  0.789555  0.724005  0.654847  0.582181  0.506363  0.428076  0.34839  0.268828  0.191394  0.118556  0.0531421  -0.00185051  -0.0435455  -0.0695304  -0.078192  
1.44941  1.44481  1.43103  1.40882  1.3793  1.34375  1.30345  1.25951  1.21279  1.16382  1.11287  1.05992  1.00478  0.947122  0.886579  0.822782  0.755428  0.684323  0.609433  0.530936  0.449273  0.365221  0.279955  0.195107  0.112796  0.0356036  -0.0335323  -0.0915202  -0.135407  -0.162727  -0.171833  
1.44718  1.44249  1.42843  1.40573  1.37549  1.33899  1.29749  1.25207  1.20358  1.15254  1.09917  1.04345  0.985161  0.923989  0.859572  0.791581  0.719765  0.644006  0.564355  0.481082  0.394727  0.306158  0.216643  0.127898  0.0421162  -0.0380621  -0.109657  -0.169556  -0.214799  -0.242927  -0.252303  
1.43092  1.42624  1.4122  1.38952  1.35925  1.3226  1.28079  1.23486  1.18559  1.13346  1.07866  1.02113  0.960642  0.896869  0.829481  0.7582  0.682852  0.603413  0.520042  0.433117  0.343282  0.251501  0.159115  0.0678966  -0.0199295  -0.101718  -0.174513  -0.235246  -0.281022  -0.309442  -0.318915  
1.40044  1.39587  1.38218  1.36002  1.33038  1.29439  1.25318  1.20771  1.15868  1.10651  1.05131  0.992993  0.931292  0.865893  0.796497  0.722892  0.645  0.562915  0.47692  0.387518  0.295462  0.201805  0.107946  0.0156834  -0.0727682  -0.154813  -0.227577  -0.288106  -0.333622  -0.361838  -0.371244  
1.35592  1.35157  1.33851  1.31736  1.289  1.25446  1.21475  1.17071  1.12295  1.07177  1.01723  0.959157  0.897272  0.831256  0.760853  0.685931  0.606528  0.52287  0.435386  0.344713  0.251716  0.157527  0.0635868  -0.028312  -0.116008  -0.197005  -0.268569  -0.327908  -0.372421  -0.399973  -0.409156  
1.29791  1.29386  1.28173  1.26203  1.23557  1.20322  1.16586  1.12419  1.07867  1.02951  0.976657  0.919869  0.858823  0.793208  0.722814  0.647602  0.567738  0.483603  0.39578  0.305048  0.212387  0.118995  0.0263308  -0.0638492  -0.149477  -0.228201  -0.297474  -0.35472  -0.39755  -0.424017  -0.432839  
1.22737  1.22371  1.21274  1.19492  1.17089  1.14141  1.10717  1.06873  1.02638  0.980194  0.930002  0.875484  0.816271  0.752049  0.682665  0.60818  0.528905  0.445382  0.358362  0.268769  0.177688  0.0863734  -0.00372106  -0.0909085  -0.17325  -0.24858  -0.314579  -0.368923  -0.40947  -0.434482  -0.442819  
1.14566  1.14246  1.13287  1.11725  1.09613  1.07009  1.03966  1.00518  0.966813  0.924455  0.877812  0.826471  0.77001  0.70812  0.640702  0.567929  0.49026  0.40841  0.3233  0.235997  0.147683  0.0596494  -0.0266789  -0.109713  -0.187676  -0.25862  -0.320489  -0.371236  -0.408989  -0.432232  -0.43998  
1.05455  1.05186  1.04381  1.03067  1.01282  0.990672  0.964565  0.934667  0.900938  0.863118  0.820775  0.773395  0.720504  0.661795  0.597227  0.527087  0.451988  0.372818  0.290663  0.206727  0.122275  0.0386177  -0.0428747  -0.120736  -0.193381  -0.259104  -0.316132  -0.362714  -0.39726  -0.418487  -0.425563  
0.956169  0.954032  0.94762  0.937118  0.922776  0.904829  0.88342  0.858524  0.829914  0.797162  0.759698  0.71691  0.66827  0.613473  0.552539  0.485868  0.414223  0.338659  0.260419  0.180827  0.101213  0.022886  -0.0528586  -0.124701  -0.191265  -0.251107  -0.302747  -0.344738  -0.375773  -0.394802  -0.401145  
0.852964  0.851386  0.846652  0.838858  0.828119  0.814503  0.797962  0.778283  0.755056  0.727691  0.695486  0.657734  0.613861  0.563567  0.50693  0.444456  0.37705  0.305919  0.232442  0.158044  0.0840984  0.0118903  -0.0573787  -0.122551  -0.182472  -0.235966  -0.281849  -0.318974  -0.346309  -0.36303  -0.368604  
0.747594  0.746564  0.743472  0.738335  0.731139  0.721794  0.710079  0.695601  0.677783  0.65589  0.629099  0.596624  0.557852  0.51249  0.460674  0.403005  0.340509  0.274519  0.206526  0.138026  0.0704127  0.00492482  -0.0573454  -0.115412  -0.168344  -0.215231  -0.255174  -0.287313  -0.310878  -0.325255  -0.330047  
0.642804  0.642284  0.640727  0.638072  0.634195  0.628866  0.621708  0.612175  0.599546  0.582962  0.561509  0.534336  0.500807  0.460643  0.414027  0.361639  0.304597  0.24433  0.182402  0.120348  0.0595507  0.00118441  -0.0537796  -0.104528  -0.150349  -0.190579  -0.224589  -0.251781  -0.271623  -0.283693  -0.287716  
0.541261  0.541192  0.540984  0.540519  0.539577  0.537812  0.534724  0.529643  0.521739  0.510065  0.493645  0.471592  0.443262  0.408395  0.367214  0.320451  0.269284  0.21519  0.159765  0.104541  0.0508621  -0.00018216  -0.0477473  -0.0911875  -0.129991  -0.163723  -0.191988  -0.214423  -0.230703  -0.240572  -0.243861  
0.445367  0.445664  0.446557  0.447878  0.449341  0.450513  0.450807  0.449471  0.445611  0.438233  0.426337  0.409033  0.38569  0.35607  0.320423  0.279506  0.234511  0.186915  0.138292  0.0901297  0.0436979  -1.27494e-05  -0.0402862  -0.076631  -0.108712  -0.136288  -0.159163  -0.177166  -0.190146  -0.197982  -0.200594  
0.357056  0.357618  0.359306  0.361924  0.365143  0.368483  0.371312  0.372847  0.372175  0.368307  0.360262  0.347184  0.328476  0.303928  0.273801  0.238842  0.200208  0.159319  0.117673  0.0766636  0.037457  0.000928669  -0.0323304  -0.0619644  -0.0877838  -0.1097  -0.127672  -0.141679  -0.151702  -0.157723  -0.15973  
0.277609  0.278324  0.280467  0.283836  0.288088  0.292737  0.297154  0.300574  0.302124  0.30087  0.295898  0.286422  0.271902  0.252159  0.227449  0.19847  0.166295  0.132227  0.0976277  0.0637519  0.0316289  0.00200712  -0.0246411  -0.0480723  -0.0682071  -0.0850656  -0.0987153  -0.109236  -0.116698  -0.121155  -0.122641  
0.207509  0.208259  0.210509  0.214066  0.218607  0.223681  0.22871  0.233001  0.235773  0.236202  0.233488  0.22695  0.216126  0.200871  0.181418  0.158381  0.132694  0.105486  0.0779264  0.0510852  0.025826  0.00275949  -0.0177519  -0.0355527  -0.0506364  -0.0630871  -0.0730316  -0.0806038  -0.0859225  -0.089079  -0.0901312  
0.146351  0.147026  0.149053  0.152267  0.156396  0.16106  0.165779  0.169982  0.173033  0.174262  0.17303  0.16879  0.161181  0.150091  0.135713  0.118543  0.099329  0.078971  0.0583973  0.0384504  0.0198026  0.00291919  -0.0119384  -0.0246786  -0.0353326  -0.0440068  -0.0508418  -0.0559823  -0.0595566  -0.0616635  -0.0623657  
0.0928506  0.0933585  0.0948821  0.0973019  0.10042  0.103965  0.107591  0.110892  0.113418  0.114698  0.114283  0.111795  0.106981  0.0997691  0.0902952  0.0789084  0.0661313  0.0525904  0.0389301  0.025732  0.013457  0.00241814  -0.00721539  -0.0153954  -0.0221609  -0.0276047  -0.0318437  -0.0349965  -0.0371683  -0.0384404  -0.0388645  
0.0449481  0.04522  0.0460357  0.0473323  0.0490061  0.0509143  0.0528774  0.0546842  0.0561008  0.0568848  0.0568047  0.0556664  0.0533412  0.0497922  0.045091  0.0394173  0.0330399  0.0262805  0.019469  0.0129026  0.00681531  0.00136483  -0.00336604  -0.00735718  -0.0106339  -0.0132493  -0.015269  -0.0167594  -0.0177792  -0.0183738  -0.0185719  
0  0  0  0  0  0  0  0  0  0  0  0  0  0  0  0  0  0  0  0  0  0  0  0  0  0  0  0  0  0  0  
