1  1  1  1  1  1  1  1  1  1  1  1  1  1  1  1  1  1  1  1  1  1  1  1  1  1  1  1  1  1  1  
1.12167  1.12087  1.11847  1.11513  1.11152  1.1081  1.10505  1.10236  1.09992  1.09761  1.09526  1.09271  1.08978  1.08628  1.08203  1.07683  1.07049  1.06282  1.05363  1.04275  1.03001  1.01523  0.998241  0.978872  0.956982  0.932583  0.906165  0.879273  0.855045  0.837969  0.832277  
1.24072  1.23905  1.23404  1.22698  1.2192  1.21162  1.2046  1.19817  1.19218  1.18641  1.18058  1.17441  1.1676  1.15983  1.15075  1.14001  1.12726  1.11212  1.09424  1.07324  1.04875  1.02038  0.987759  0.950479  0.908207  0.860922  0.809565  0.757175  0.709922  0.676602  0.665495  
1.35458  1.35193  1.34395  1.33253  1.31962  1.3066  1.29408  1.2822  1.27081  1.25969  1.24854  1.23703  1.22482  1.2115  1.19664  1.17979  1.16046  1.13814  1.11228  1.08233  1.04769  1.00771  0.961729  0.909038  0.849025  0.781559  0.707961  0.632655  0.564632  0.516643  0.500647  
1.46085  1.45707  1.44572  1.4292  1.41007  1.39018  1.37048  1.35126  1.33251  1.31407  1.2957  1.27709  1.2579  1.23771  1.21605  1.19241  1.16621  1.13685  1.10365  1.06587  1.0227  0.973219  0.916421  0.851225  0.776654  0.692384  0.600026  0.505234  0.419488  0.358979  0.33881  
1.55729  1.55227  1.53721  1.51496  1.48868  1.46072  1.43242  1.40437  1.37673  1.34948  1.32247  1.29547  1.26813  1.24005  1.21074  1.17966  1.1462  1.1097  1.06943  1.02454  0.974039  0.916768  0.851381  0.776392  0.690409  0.592852  0.48553  0.375125  0.275185  0.204677  0.181174  
1.64188  1.63557  1.61661  1.5883  1.55432  1.5176  1.47991  1.4422  1.40489  1.36812  1.33183  1.29583  1.25979  1.22328  1.18579  1.14676  1.10559  1.06164  1.01418  0.962366  0.905124  0.84113  0.768753  0.686125  0.591446  0.483858  0.365293  0.243238  0.132811  0.0549866  0.0290451  
1.71284  1.70524  1.68246  1.64811  1.60642  1.56085  1.5137  1.4663  1.41934  1.37311  1.32764  1.28274  1.23803  1.19303  1.14718  1.0999  1.05062  0.998771  0.943748  0.88479  0.820877  0.750622  0.672207  0.583458  0.482222  0.367395  0.240993  0.111077  -0.00620088  -0.0886786  -0.116171  
1.76859  1.75982  1.73351  1.69356  1.64466  1.59079  1.53477  1.47831  1.42237  1.36736  1.31337  1.26015  1.20726  1.15411  1.10006  1.04447  0.98683  0.926697  0.863654  0.797158  0.726354  0.649916  0.56595  0.47208  0.365902  0.246147  0.114901  -0.0194184  -0.14016  -0.224791  -0.253001  
1.80782  1.79804  1.76872  1.72397  1.66881  1.6077  1.5439  1.47949  1.41565  1.35292  1.29138  1.23076  1.17049  1.10986  1.04806  0.9844  0.918386  0.84975  0.778348  0.703954  0.625995  0.543316  0.45406  0.355764  0.245895  0.123124  -0.010379  -0.146039  -0.267217  -0.351761  -0.379943  
1.82936  1.81882  1.7872  1.7387  1.67858  1.61162  1.54146  1.47047  1.40003  1.3308  1.26288  1.19595  1.12934  1.06214  0.993359  0.922166  0.848067  0.770984  0.691117  0.608656  0.523411  0.434499  0.340194  0.23806  0.125558  0.00140856  -0.132114  -0.26646  -0.385464  -0.468002  -0.495514  
1.83228  1.82124  1.78812  1.7371  1.67349  1.60228  1.52732  1.45125  1.3756  1.30117  1.2281  1.15609  1.08436  1.01177  0.937077  0.859218  0.777652  0.692494  0.604353  0.513925  0.421497  0.326541  0.227546  0.122195  0.00805753  -0.115999  -0.247589  -0.378365  -0.49302  -0.571978  -0.598298  
1.81582  1.80456  1.77078  1.71851  1.65296  1.57913  1.501  1.42135  1.34189  1.26356  1.18665  1.1109  1.03545  0.958925  0.879697  0.796375  0.708298  0.615768  0.519861  0.42187  0.322641  0.222072  0.118931  0.0110984  -0.103659  -0.226254  -0.354206  -0.479532  -0.588101  -0.662261  -0.686981  
1.77938  1.76817  1.73454  1.68226  1.61627  1.54142  1.46169  1.37995  1.29807  1.21718  1.1378  1.05979  0.982236  0.903469  0.821387  0.734129  0.64082  0.541944  0.4391  0.334261  0.228909  0.123418  0.0168835  -0.0925542  -0.206865  -0.326706  -0.449542  -0.567908  -0.669081  -0.737566  -0.760395  
1.72255  1.71163  1.67889  1.62771  1.56267  1.48831  1.40848  1.32609  1.24317  1.16113  1.08075  1.0021  0.924256  0.845194  0.762206  0.67282  0.575851  0.471953  0.363312  0.252655  0.142152  0.0326906  -0.0762726  -0.186299  -0.299052  -0.414926  -0.531398  -0.641652  -0.734528  -0.796785  -0.817538  
1.6451  1.63468  1.60343  1.55433  1.49144  1.41892  1.34041  1.25879  1.17627  1.09454  1.01477  0.937294  0.861161  0.783949  0.702214  0.612728  0.513908  0.406582  0.293574  0.178431  0.0640436  -0.0481798  -0.15841  -0.267886  -0.377946  -0.488745  -0.597846  -0.69919  -0.783249  -0.839016  -0.857604  
1.54699  1.53723  1.50796  1.46172  1.40202  1.33255  1.25667  1.17722  1.09659  1.01679  0.939412  0.865071  0.792814  0.719737  0.641543  0.554119  0.455424  0.346475  0.230797  0.112789  -0.00393854  -0.117475  -0.227631  -0.335318  -0.441558  -0.546301  -0.647272  -0.739245  -0.814311  -0.863578  -0.880001  
1.4284  1.41943  1.3925  1.34973  1.29405  1.22869  1.1567  1.08085  1.00369  0.927611  0.85457  0.785499  0.719389  0.652784  0.580432  0.497257  0.400739  0.292126  0.175691  0.0566958  -0.0605721  -0.173755  -0.28234  -0.38693  -0.488251  -0.586102  -0.678436  -0.76088  -0.827071  -0.87004  -0.884362  
1.28979  1.28168  1.25736  1.21851  1.16756  1.10726  1.04037  0.969605  0.897667  0.827244  0.760674  0.699119  0.641447  0.583581  0.519255  0.442414  0.350096  0.243846  0.128726  0.0108269  -0.10497  -0.215952  -0.321344  -0.421483  -0.516838  -0.607109  -0.690521  -0.76354  -0.821206  -0.858232  -0.870573  
1.13202  1.12484  1.10329  1.06872  1.0231  0.968776  0.908242  0.844145  0.77931  0.71667  0.658826  0.607054  0.560004  0.512922  0.458531  0.389865  0.303626  0.201745  0.0900868  -0.024502  -0.136673  -0.243478  -0.343973  -0.438286  -0.526685  -0.60882  -0.683211  -0.747099  -0.796751  -0.828291  -0.838804  
0.95658  0.950378  0.931772  0.90182  0.862137  0.814723  0.76187  0.70615  0.650446  0.597817  0.550963  0.511113  0.476579  0.441911  0.398917  0.339881  0.261339  0.165707  0.0596339  -0.0493992  -0.155738  -0.256344  -0.350209  -0.437331  -0.51784  -0.591385  -0.65678  -0.711946  -0.754177  -0.78073  -0.789581  
0.766135  0.760974  0.745494  0.720545  0.687468  0.648009  0.604274  0.55874  0.514246  0.473807  0.440013  0.413851  0.393195  0.371946  0.341185  0.292714  0.22312  0.13539  0.0368859  -0.0644407  -0.162814  -0.255258  -0.340811  -0.41943  -0.491179  -0.555748  -0.61223  -0.659118  -0.694524  -0.71658  -0.723931  
0.565327  0.561292  0.549187  0.529718  0.504026  0.473651  0.440516  0.406933  0.375555  0.349147  0.329963  0.318563  0.312331  0.304652  0.286182  0.248582  0.188734  0.110234  0.0210251  -0.070682  -0.159181  -0.241699  -0.317422  -0.386352  -0.448563  -0.503827  -0.551493  -0.590517  -0.619636  -0.637628  -0.643626  
0.361958  0.359146  0.35071  0.337246  0.319727  0.299495  0.278244  0.258007  0.24108  0.22977  0.225789  0.229149  0.236773  0.241767  0.234753  0.207646  0.157838  0.0894995  0.0109397  -0.0696187  -0.146725  -0.217919  -0.28261  -0.340917  -0.392984  -0.438705  -0.477664  -0.509188  -0.532475  -0.546766  -0.55153  
0.168108  0.166594  0.162051  0.154964  0.146131  0.136648  0.127894  0.121492  0.119214  0.122741  0.13312  0.14979  0.169353  0.184962  0.18765  0.169978  0.13  0.0723196  0.00530997  -0.0630794  -0.12782  -0.186835  -0.239788  -0.28695  -0.328581  -0.364722  -0.395175  -0.419563  -0.437423  -0.448321  -0.451954  
0.000341741  0.000101966  -0.00061736  -0.00146225  -0.0018544  -0.00100801  0.0020443  0.00840636  0.0192259  0.0354868  0.0575641  0.08442  0.112575  0.135611  0.145418  0.135539  0.104732  0.0577831  0.00273609  -0.0530447  -0.105101  -0.151762  -0.192929  -0.229017  -0.260412  -0.287303  -0.309688  -0.327427  -0.340311  -0.34813  -0.350736  
-0.122261  -0.121431  -0.11894  -0.114587  -0.108045  -0.0988805  -0.0865765  -0.0705733  -0.0503401  -0.0255294  0.00368912  0.0360066  0.0681581  0.0945365  0.108281  0.104147  0.081527  0.0450222  0.00189703  -0.0414016  -0.0811155  -0.115966  -0.146035  -0.171827  -0.193816  -0.21231  -0.227463  -0.239314  -0.247834  -0.252971  -0.254684  
-0.183008  -0.181538  -0.177128  -0.16972  -0.159219  -0.145506  -0.128453  -0.107947  -0.0839345  -0.0565163  -0.0261768  0.00577089  0.0365786  0.0617784  0.0760454  0.075464  0.0598856  0.0333004  0.0017128  -0.0296753  -0.0579206  -0.0821063  -0.102406  -0.11933  -0.133361  -0.144861  -0.15407  -0.161134  -0.16614  -0.16913  -0.170126  
-0.174608  -0.1731  -0.168575  -0.161066  -0.15062  -0.137307  -0.121225  -0.102505  -0.081331  -0.0579895  -0.0330077  -0.00743725  0.0167449  0.0364462  0.0480529  0.0489925  0.0393487  0.0220755  0.00147102  -0.0188039  -0.0367212  -0.0516912  -0.063891  -0.0737331  -0.0816177  -0.0878637  -0.0927088  -0.0963244  -0.0988304  -0.100306  -0.100798  
-0.10528  -0.104336  -0.101503  -0.0968258  -0.090373  -0.0822383  -0.0725405  -0.0614223  -0.0490554  -0.0356605  -0.0215696  -0.00736475  0.00592256  0.0167154  0.0231935  0.0240892  0.0195074  0.0110219  0.000876819  -0.00903516  -0.0176785  -0.024765  -0.0304028  -0.0348227  -0.0382515  -0.0408764  -0.042844  -0.0442664  -0.0452264  -0.0457814  -0.0459664  
0  0  0  0  0  0  0  0  0  0  0  0  0  0  0  0  0  0  0  0  0  0  0  0  0  0  0  0  0  0  0  
