1  1  1  1  1  1  1  1  1  1  1  1  1  1  1  1  1  1  1  1  1  1  1  1  1  1  1  1  1  1  1  
1.12364  1.12289  1.12063  1.11747  1.11403  1.11071  1.10769  1.10496  1.10243  1.09997  1.09743  1.09466  1.09148  1.08771  1.08317  1.07769  1.07106  1.06312  1.05368  1.04257  1.02962  1.01468  0.997563  0.97811  0.95618  0.931783  0.905403  0.878576  0.85442  0.837399  0.831726  
1.24464  1.24307  1.23834  1.23164  1.22418  1.21679  1.20982  1.20331  1.19712  1.19103  1.18479  1.17815  1.17081  1.16246  1.15278  1.14144  1.12809  1.1124  1.094  1.07254  1.04766  1.01899  0.986144  0.948734  0.906423  0.859182  0.80794  0.755709  0.708623  0.675428  0.664363  
1.36045  1.35793  1.35037  1.33947  1.32701  1.31427  1.30182  1.28978  1.27806  1.26642  1.25461  1.24234  1.22925  1.21499  1.19916  1.18133  1.16106  1.13785  1.11119  1.08056  1.04535  1.00497  0.958723  0.90592  0.845937  0.778628  0.705286  0.630291  0.56257  0.5148  0.498877  
1.46864  1.46504  1.45422  1.43837  1.41982  1.40029  1.38065  1.36121  1.34197  1.3228  1.30348  1.28375  1.26329  1.24173  1.21865  1.19359  1.16602  1.13539  1.10108  1.06237  1.01849  0.968523  0.911475  0.846255  0.771865  0.687948  0.596066  0.501802  0.416543  0.356377  0.336322  
1.56697  1.56217  1.54774  1.5263  1.50073  1.47321  1.44499  1.41664  1.38837  1.36016  1.3319  1.30339  1.27434  1.2444  1.21314  1.18011  1.14478  1.10657  1.06482  1.01872  0.967346  0.909541  0.84396  0.769095  0.683517  0.586587  0.480036  0.37044  0.271221  0.20121  0.177873  
1.65343  1.64736  1.62914  1.60177  1.56862  1.53242  1.49485  1.45681  1.41875  1.38082  1.34298  1.30509  1.26685  1.22793  1.18789  1.1463  1.10267  1.05648  1.00711  0.953779  0.895479  0.830904  0.758414  0.676104  0.582108  0.47548  0.358039  0.237125  0.127692  0.0505431  0.0248268  
1.72623  1.71891  1.69694  1.66365  1.62292  1.57799  1.53103  1.48331  1.43553  1.38798  1.34069  1.29351  1.24611  1.1981  1.14904  1.09851  1.0461  0.99141  0.933975  0.873145  0.807969  0.737084  0.65865  0.570435  0.470193  0.356696  0.231805  0.103391  -0.0125987  -0.0942102  -0.121414  
1.7838  1.77533  1.7499  1.71113  1.66333  1.61024  1.55451  1.49781  1.44103  1.38459  1.32855  1.27268  1.21661  1.15983  1.10185  1.04225  0.980735  0.917085  0.851081  0.782321  0.710035  0.632914  0.549029  0.455921  0.351059  0.233013  0.103671  -0.02878  -0.147939  -0.231513  -0.259371  
1.82481  1.81535  1.78699  1.74352  1.6896  1.62943  1.56607  1.50153  1.4369  1.37268  1.30892  1.24532  1.18138  1.11646  1.04998  0.981495  0.9108  0.837924  0.762978  0.685914  0.606251  0.522844  0.433777  0.336472  0.228236  0.107539  -0.0236855  -0.157133  -0.276454  -0.359765  -0.387535  
1.84812  1.83791  1.80729  1.76016  1.70142  1.63557  1.56603  1.49505  1.42393  1.35321  1.28294  1.21274  1.14198  1.06986  0.995613  0.918732  0.839105  0.757029  0.673024  0.587492  0.50034  0.410674  0.316677  0.215761  0.105189  -0.0165528  -0.147463  -0.279297  -0.396207  -0.477361  -0.504412  
1.85278  1.84208  1.81  1.76042  1.69831  1.62836  1.55421  1.47833  1.40213  1.32625  1.25075  1.17523  1.09891  1.02077  0.93982  0.855395  0.767432  0.676521  0.583658  0.489786  0.395282  0.299578  0.201025  0.0971131  -0.0148252  -0.136188  -0.264892  -0.392916  -0.505293  -0.582753  -0.608573  
1.83802  1.82711  1.79438  1.7436  1.67964  1.60722  1.53007  1.45079  1.37093  1.29124  1.21187  1.13242  1.05199  0.969306  0.883043  0.792278  0.696936  0.597903  0.496722  0.394958  0.293533  0.192258  0.0897093  -0.0164742  -0.128799  -0.248472  -0.373334  -0.495741  -0.601909  -0.674498  -0.698694  
1.80326  1.7924  1.75981  1.70903  1.64469  1.57136  1.49277  1.41156  1.32943  1.2473  1.16547  1.08362  1.00075  0.915271  0.825406  0.729849  0.628427  0.52233  0.413705  0.304821  0.197205  0.0910867  -0.0146909  -0.122285  -0.233973  -0.350729  -0.470346  -0.585702  -0.684417  -0.751301  -0.773596  
1.74807  1.7375  1.70576  1.65607  1.59269  1.51991  1.44133  1.35963  1.27662  1.19345  1.11067  1.0281  0.944661  0.858393  0.766927  0.668426  0.562538  0.450751  0.335878  0.220962  0.108179  -0.00179803  -0.109837  -0.217848  -0.327838  -0.44053  -0.553731  -0.66096  -0.751386  -0.812054  -0.832276  
1.67223  1.66214  1.63185  1.58418  1.52293  1.45201  1.37481  1.29398  1.2115  1.12878  1.04668  0.965244  0.88331  0.798469  0.707629  0.608277  0.499793  0.383968  0.264342  0.144784  0.0281416  -0.0844686  -0.193614  -0.300936  -0.408144  -0.515731  -0.621581  -0.719955  -0.801628  -0.855855  -0.873931  
1.5757  1.56625  1.53788  1.49298  1.43484  1.36694  1.29239  1.21379  1.1333  1.05263  0.973005  0.894708  0.816505  0.735455  0.647612  0.549655  0.44063  0.322648  0.200029  0.0774977  -0.0414348  -0.155229  -0.264163  -0.369599  -0.472954  -0.574517  -0.672324  -0.761439  -0.834231  -0.882039  -0.897976  
1.45866  1.44996  1.42385  1.38231  1.32809  1.26421  1.19351  1.11854  1.04158  0.964705  0.889511  0.816514  0.74437  0.669532  0.587091  0.49282  0.385405  0.26731  0.143672  0.0200781  -0.0993413  -0.212675  -0.319942  -0.422238  -0.5207  -0.615462  -0.704771  -0.784519  -0.848583  -0.890195  -0.904066  
1.32156  1.31369  1.29009  1.25234  1.20272  1.14378  1.0781  1.00817  0.936434  0.865268  0.79661  0.73117  0.667425  0.601154  0.526413  0.438041  0.334379  0.218293  0.0957669  -0.0267897  -0.144706  -0.25578  -0.359822  -0.457689  -0.550271  -0.637599  -0.718171  -0.788688  -0.8444  -0.880187  -0.892115  
1.16526  1.15828  1.13737  1.10375  1.0593  1.00617  0.946714  0.883357  0.818677  0.755289  0.695384  0.639765  0.586645  0.531074  0.466074  0.385592  0.287705  0.175742  0.0565315  -0.0627723  -0.177075  -0.283988  -0.383183  -0.475326  -0.561107  -0.640497  -0.712271  -0.773878  -0.821764  -0.85219  -0.862331  
0.991242  0.985215  0.967131  0.937982  0.899274  0.852875  0.800917  0.745785  0.690122  0.636676  0.587743  0.544069  0.503502  0.460358  0.406707  0.335747  0.24542  0.139586  0.025874  -0.0879403  -0.196487  -0.297311  -0.390029  -0.475178  -0.553302  -0.624356  -0.687394  -0.740522  -0.781185  -0.806754  -0.815277  
0.802129  0.797108  0.782043  0.757731  0.725426  0.686758  0.643693  0.598534  0.553897  0.512506  0.476563  0.446583  0.419971  0.390364  0.349065  0.288762  0.207442  0.109534  0.0033763  -0.102805  -0.203532  -0.296409  -0.381085  -0.458036  -0.527721  -0.590121  -0.64455  -0.689667  -0.723715  -0.744921  -0.751989  
0.602467  0.598533  0.586732  0.567725  0.542581  0.512739  0.480002  0.446523  0.414756  0.3872  0.365753  0.350536  0.338474  0.322674  0.293972  0.24486  0.173567  0.0850874  -0.0116977  -0.108323  -0.19938  -0.282646  -0.35788  -0.425561  -0.486127  -0.53962  -0.585589  -0.623144  -0.651134  -0.66842  -0.674182  
0.399863  0.397114  0.388865  0.375676  0.35846  0.338475  0.317309  0.29686  0.279251  0.266558  0.260182  0.259741  0.261735  0.258987  0.242255  0.204206  0.143483  0.0655666  -0.020364  -0.105861  -0.185751  -0.258079  -0.322762  -0.380339  -0.431274  -0.475701  -0.513383  -0.543782  -0.566197  -0.57994  -0.584521  
0.206069  0.204577  0.200099  0.193093  0.184306  0.174768  0.165769  0.158822  0.155557  0.157469  0.165347  0.178292  0.192528  0.20094  0.194651  0.166877  0.116787  0.0501639  -0.0238436  -0.0970938  -0.164811  -0.225356  -0.278822  -0.32583  -0.366906  -0.402291  -0.431939  -0.455587  -0.472861  -0.483386  -0.486894  
0.037162  0.0369055  0.036136  0.0351853  0.0345947  0.0350991  0.0375999  0.0431179  0.0526946  0.0671713  0.0867231  0.110038  0.133315  0.149887  0.1517  0.132835  0.0930059  0.0380084  -0.0234518  -0.0838568  -0.138969  -0.187478  -0.229635  -0.266125  -0.297539  -0.324221  -0.346287  -0.363688  -0.376283  -0.383911  -0.386453  
-0.0883574  -0.0875752  -0.0852284  -0.0811306  -0.0749796  -0.0663751  -0.054844  -0.0398816  -0.0210288  0.00196297  0.0287786  0.0578987  0.085797  0.106652  0.113627  0.101898  0.0716294  0.0282441  -0.0204632  -0.0679306  -0.110583  -0.147429  -0.178811  -0.205434  -0.227914  -0.246668  -0.261929  -0.273801  -0.282304  -0.287418  -0.289123  
-0.154308  -0.152903  -0.148688  -0.141612  -0.131593  -0.118531  -0.102321  -0.0828826  -0.060202  -0.0344424  -0.00618584  0.0231038  0.050481  0.0713063  0.0802566  0.0737231  0.0521359  0.0201037  -0.0159743  -0.0508181  -0.0816276  -0.107697  -0.129386  -0.147336  -0.162123  -0.17417  -0.183767  -0.191097  -0.196274  -0.199359  -0.200388  
-0.153603  -0.152156  -0.147815  -0.140614  -0.130606  -0.117869  -0.102509  -0.0846716  -0.0645595  -0.0424939  -0.0190601  0.00459395  0.026359  0.0430222  0.0509623  0.0478047  0.0340167  0.012964  -0.0107957  -0.0335549  -0.0533844  -0.0698341  -0.0831974  -0.0939657  -0.102589  -0.109419  -0.114717  -0.118668  -0.121407  -0.123019  -0.123556  
-0.0941404  -0.0932332  -0.0905117  -0.0860201  -0.0798282  -0.0720315  -0.0627509  -0.0521333  -0.0403578  -0.027659  -0.0143958  -0.00119727  0.010839  0.0200737  0.0246801  0.0234868  0.0167896  0.00636723  -0.00540765  -0.0166213  -0.026289  -0.0341915  -0.0404932  -0.045461  -0.0493427  -0.0523381  -0.0546016  -0.05625  -0.0573694  -0.0580195  -0.0582362  
0  0  0  0  0  0  0  0  0  0  0  0  0  0  0  0  0  0  0  0  0  0  0  0  0  0  0  0  0  0  0  
