1  1  1  1  1  1  1  1  1  1  1  1  1  1  1  1  1  1  1  1  1  1  1  1  1  1  1  1  1  1  1  
1.08428  1.08354  1.08131  1.07774  1.073  1.06733  1.06094  1.05402  1.04671  1.03913  1.0313  1.02326  1.01497  1.00639  0.997451  0.988097  0.97826  0.96789  0.956955  0.945451  0.933417  0.920946  0.908194  0.895394  0.882865  0.871011  0.860304  0.851257  0.844368  0.840062  0.838627  
1.16664  1.16517  1.16077  1.15369  1.14432  1.13308  1.12041  1.10668  1.09218  1.0771  1.06155  1.04554  1.02903  1.01193  0.994125  0.975489  0.955899  0.935256  0.913499  0.890629  0.866724  0.841968  0.816672  0.791301  0.766485  0.743018  0.721834  0.703941  0.690322  0.681812  0.678976  
1.24519  1.24302  1.23654  1.22611  1.21229  1.1957  1.17698  1.15666  1.13518  1.11281  1.0897  1.06588  1.0413  1.01582  0.989292  0.961523  0.932345  0.901622  0.869274  0.835309  0.799852  0.763179  0.725753  0.68826  0.651628  0.617024  0.585815  0.559474  0.539437  0.526921  0.522749  
1.31808  1.31528  1.30685  1.29329  1.2753  1.25369  1.22925  1.20269  1.17454  1.14517  1.11478  1.08341  1.05098  1.01735  0.982306  0.945631  0.907118  0.866606  0.82401  0.779354  0.732816  0.684765  0.635814  0.586857  0.539099  0.494049  0.453471  0.419259  0.393256  0.377023  0.371612  
1.38359  1.3802  1.37002  1.35362  1.33183  1.30561  1.2759  1.24353  1.20916  1.17321  1.13591  1.09733  1.05738  1.01589  0.972637  0.927369  0.879865  0.829955  0.777563  0.722746  0.66574  0.607012  0.547316  0.487739  0.429739  0.375129  0.32602  0.284673  0.25328  0.233695  0.227167  
1.44009  1.43618  1.42447  1.40557  1.38043  1.35012  1.31569  1.27809  1.23803  1.19601  1.1523  1.10695  1.0599  1.01096  0.959887  0.906434  0.850377  0.79156  0.729935  0.665604  0.598875  0.530314  0.460808  0.391623  0.324433  0.261314  0.204666  0.157051  0.120946  0.0984412  0.0909396  
1.48609  1.48176  1.46876  1.44778  1.4198  1.386  1.3475  1.30532  1.26024  1.21279  1.16325  1.11171  1.05808  1.00219  0.943798  0.882665  0.818593  0.751462  0.681271  0.608188  0.532601  0.455178  0.376935  0.29929  0.224102  0.153656  0.090582  0.0376705  -0.00238892  -0.0273342  -0.0356494  
1.52031  1.51565  1.50164  1.47901  1.44879  1.41216  1.37033  1.32433  1.27499  1.22285  1.16821  1.11114  1.05158  0.989356  0.924244  0.856041  0.784593  0.70984  0.631854  0.550885  0.467414  0.382213  0.296415  0.21157  0.129682  0.0531941  -0.0151059  -0.0722708  -0.115474  -0.142347  -0.151305  
1.54166  1.53676  1.52205  1.49825  1.4664  1.42769  1.38333  1.33437  1.28163  1.22565  1.16672  1.10492  1.04018  0.972337  0.901216  0.826657  0.748576  0.666995  0.582083  0.494191  0.403905  0.312103  0.220023  0.129322  0.0421086  -0.0390742  -0.111346  -0.17168  -0.217189  -0.24546  -0.254883  
1.54928  1.54425  1.52915  1.50468  1.47186  1.43185  1.38583  1.33483  1.27962  1.22074  1.15844  1.0928  1.02373  0.951116  0.874802  0.794705  0.710832  0.623315  0.532439  0.438677  0.342727  0.245577  0.148555  0.0533985  -0.037722  -0.122219  -0.197187  -0.259596  -0.306567  -0.335705  -0.345417  
1.5426  1.53754  1.52237  1.49774  1.46462  1.42412  1.37735  1.32526  1.2686  1.20782  1.14316  1.07465  1.00223  0.925758  0.845164  0.760445  0.671717  0.579245  0.483454  0.38495  0.28456  0.183371  0.0827921  -0.0153901  -0.108984  -0.195415  -0.271816  -0.33522  -0.382827  -0.412315  -0.422144  
1.52134  1.51636  1.50143  1.47714  1.44439  1.4042  1.3576  1.30543  1.24834  1.18674  1.12078  1.05046  0.975699  0.896394  0.812522  0.724181  0.631622  0.535257  0.435672  0.333624  0.230067  0.126189  0.023459  -0.0763152  -0.170964  -0.257975  -0.334584  -0.397948  -0.445402  -0.474747  -0.484528  
1.48554  1.48074  1.46634  1.44288  1.41116  1.37208  1.32654  1.27528  1.21883  1.15748  1.09132  1.02029  0.944278  0.86321  0.777128  0.68624  0.590941  0.491815  0.38962  0.285273  0.179861  0.0746596  -0.0288167  -0.128772  -0.223097  -0.309393  -0.385047  -0.447398  -0.493965  -0.52271  -0.532292  
1.43559  1.43107  1.41748  1.3953  1.36522  1.32801  1.28441  1.23501  1.18022  1.1202  1.05494  0.984302  0.908154  0.826437  0.73926  0.646948  0.550057  0.449352  0.345773  0.240406  0.134464  0.0293025  -0.0735427  -0.172315  -0.265006  -0.34937  -0.422994  -0.483442  -0.528455  -0.55619  -0.565435  
1.37227  1.36809  1.35557  1.33508  1.3072  1.27254  1.23167  1.18504  1.13288  1.07521  1.01191  0.94276  0.867585  0.78634  0.699202  0.606621  0.509318  0.408246  0.304535  0.199435  0.0942807  -0.00950708  -0.110395  -0.206695  -0.296532  -0.377852  -0.448477  -0.506229  -0.549102  -0.575466  -0.584254  
1.29669  1.29294  1.28169  1.26325  1.23803  1.20652  1.1691  1.12603  1.07737  1.02299  0.962646  0.896021  0.822889  0.743216  0.657246  0.565553  0.469026  0.368807  0.266215  0.162656  0.0595757  -0.0415605  -0.139243  -0.23188  -0.31776  -0.395047  -0.461826  -0.5162  -0.556434  -0.581123  -0.589353  
1.21037  1.2071  1.19729  1.18116  1.159  1.13111  1.09772  1.05887  1.01446  0.964202  0.907694  0.844535  0.774443  0.697388  0.613678  0.524009  0.42943  0.331269  0.231021  0.130239  0.0304574  -0.066831  -0.160165  -0.248073  -0.329027  -0.401435  -0.463659  -0.514094  -0.551286  -0.574058  -0.581649  
1.11515  1.1124  1.10414  1.09051  1.07168  1.04776  1.01881  0.984698  0.945125  0.89964  0.847711  0.788834  0.722674  0.6492  0.568779  0.482219  0.390721  0.295781  0.199054  0.102217  0.006875  -0.0854781  -0.17345  -0.255708  -0.330927  -0.397766  -0.454874  -0.500941  -0.534786  -0.555462  -0.562354  
1.01316  1.01095  1.0043  0.993264  0.977887  0.958141  0.933885  0.904819  0.870473  0.830239  0.783455  0.72952  0.66805  0.599009  0.522818  0.440381  0.353032  0.262413  0.17031  0.0784968  -0.0113771  -0.0978398  -0.179588  -0.255442  -0.324289  -0.385041  -0.43663  -0.478032  -0.508331  -0.526794  -0.532949  
0.906761  0.905076  0.900022  0.891572  0.87965  0.864088  0.844585  0.820677  0.791738  0.757022  0.71575  0.667241  0.611063  0.547178  0.476048  0.398656  0.31644  0.231156  0.144685  0.0588642  -0.024644  -0.104413  -0.179246  -0.248124  -0.310145  -0.36447  -0.410298  -0.446874  -0.473529  -0.489729  -0.495129  
0.798394  0.797215  0.793676  0.787687  0.77907  0.767534  0.752639  0.733782  0.710208  0.681057  0.645458  0.602667  0.552215  0.494064  0.428703  0.35717  0.280972  0.201935  0.121993  0.0430052  -0.0333867  -0.105825  -0.173231  -0.234748  -0.289679  -0.337414  -0.3774  -0.409126  -0.432141  -0.446088  -0.450737  
0.690474  0.689751  0.687584  0.683827  0.678224  0.670381  0.659751  0.645627  0.627156  0.603399  0.573428  0.536455  0.491994  0.440006  0.380992  0.316015  0.24661  0.174618  0.101979  0.0305281  -0.0381512  -0.102792  -0.162439  -0.216399  -0.264158  -0.305315  -0.339531  -0.366505  -0.385978  -0.397742  -0.401663  
0.585212  0.584879  0.583879  0.58203  0.579016  0.574377  0.567492  0.557587  0.543759  0.52503  0.500449  0.46922  0.430854  0.385312  0.333095  0.275252  0.213296  0.149031  0.0843428  0.0209907  -0.0395328  -0.0960726  -0.147805  -0.194184  -0.234859  -0.269603  -0.298257  -0.320693  -0.336804  -0.346503  -0.349736  
0.484452  0.484424  0.484341  0.483996  0.483045  0.480991  0.477184  0.470832  0.461024  0.446793  0.427208  0.401497  0.36919  0.33025  0.285155  0.234907  0.180943  0.124969  0.0687517  0.013928  -0.0381394  -0.0864255  -0.130238  -0.169161  -0.20298  -0.231608  -0.25502  -0.27322  -0.286215  -0.29401  -0.296609  
0.389509  0.389692  0.390242  0.390948  0.391463  0.391294  0.389805  0.386234  0.379714  0.369341  0.354246  0.333717  0.307324  0.275032  0.23728  0.194982  0.149443  0.102207  0.0548656  0.00887806  -0.0345566  -0.0745596  -0.110566  -0.142274  -0.169573  -0.192471  -0.211039  -0.225367  -0.235537  -0.241614  -0.24364  
0.301039  0.301336  0.302225  0.303514  0.304878  0.305866  0.305902  0.304302  0.300299  0.293093  0.281928  0.266184  0.245489  0.219814  0.189538  0.155449  0.118668  0.0805163  0.0423499  0.00540381  -0.0293193  -0.0611001  -0.0894966  -0.1143  -0.13547  -0.153075  -0.167232  -0.178077  -0.185729  -0.190285  -0.191803  
0.218966  0.219284  0.220237  0.221663  0.22329  0.224745  0.225553  0.225153  0.222922  0.218217  0.210429  0.199064  0.183824  0.164688  0.141958  0.11626  0.0884814  0.0596679  0.0308876  0.003108  -0.0228923  -0.0465642  -0.0675831  -0.085813  -0.101255  -0.113997  -0.124168  -0.131906  -0.137337  -0.140559  -0.141632  
0.142485  0.142746  0.143526  0.14471  0.146102  0.147434  0.148368  0.148508  0.147414  0.144634  0.139742  0.132393  0.122382  0.109692  0.0945354  0.0773457  0.0587395  0.0394401  0.0201851  0.00164007  -0.0156628  -0.0313529  -0.0452176  -0.0571766  -0.0672464  -0.075504  -0.0820558  -0.0870133  -0.0904771  -0.0925254  -0.0932081  
0.0701431  0.0702884  0.0707241  0.0713887  0.0721807  0.0729602  0.0735515  0.0737487  0.0733249  0.0720466  0.069695  0.0660929  0.0611344  0.0548123  0.0472345  0.0386236  0.0292952  0.0196194  0.00997267  0.000694295  -0.00794571  -0.0157607  -0.0226454  -0.028563  -0.0335268  -0.0375809  -0.0407849  -0.0432004  -0.0448831  -0.0458761  -0.0462071  
0  0  0  0  0  0  0  0  0  0  0  0  0  0  0  0  0  0  0  0  0  0  0  0  0  0  0  0  0  0  0  
