1  1  1  1  1  1  1  1  1  1  1  1  1  1  1  1  1  1  1  1  1  1  1  1  1  1  1  1  1  1  1  
1.08427  1.08353  1.0813  1.07772  1.07299  1.06732  1.06092  1.054  1.0467  1.03912  1.0313  1.02325  1.01496  1.00638  0.997448  0.988096  0.978261  0.967893  0.956958  0.945456  0.933424  0.920954  0.908203  0.895404  0.882876  0.871022  0.860316  0.851269  0.84438  0.840074  0.838639  
1.16661  1.16514  1.16074  1.15366  1.14429  1.13305  1.12038  1.10666  1.09216  1.07708  1.06153  1.04552  1.02902  1.01192  0.994121  0.975488  0.955901  0.935261  0.913507  0.890639  0.866737  0.841983  0.81669  0.791321  0.766506  0.74304  0.721858  0.703965  0.690347  0.681837  0.679001  
1.24514  1.24298  1.2365  1.22607  1.21225  1.19566  1.17694  1.15663  1.13515  1.11278  1.08967  1.06586  1.04128  1.01581  0.989285  0.961521  0.932348  0.901629  0.869286  0.835325  0.799872  0.763202  0.72578  0.68829  0.65166  0.617058  0.58585  0.55951  0.539474  0.526959  0.522787  
1.31803  1.31522  1.3068  1.29324  1.27525  1.25364  1.2292  1.20264  1.1745  1.14514  1.11475  1.08338  1.05096  1.01734  0.982297  0.945628  0.907122  0.866616  0.824026  0.779376  0.732843  0.684797  0.635851  0.586897  0.539141  0.494094  0.453518  0.419308  0.393306  0.377073  0.371662  
1.38352  1.38013  1.36995  1.35355  1.33176  1.30554  1.27584  1.24348  1.20911  1.17316  1.13587  1.09729  1.05735  1.01587  0.972626  0.927366  0.87987  0.829969  0.777584  0.722774  0.665775  0.607053  0.547362  0.48779  0.429793  0.375187  0.32608  0.284734  0.253342  0.233759  0.227231  
1.44  1.4361  1.42438  1.40549  1.38035  1.35004  1.31562  1.27802  1.23796  1.19595  1.15225  1.10691  1.05987  1.01094  0.959874  0.906431  0.850384  0.791577  0.729961  0.66564  0.598918  0.530364  0.460865  0.391685  0.3245  0.261384  0.204738  0.157125  0.121022  0.0985181  0.0910167  
1.48599  1.48166  1.46866  1.44768  1.41971  1.3859  1.34741  1.30524  1.26016  1.21272  1.16319  1.11166  1.05805  1.00217  0.943784  0.882663  0.818603  0.751483  0.681303  0.60823  0.532653  0.455239  0.377003  0.299364  0.22418  0.153739  0.090668  0.0377587  -0.00229916  -0.0272436  -0.0355584  
1.5202  1.51553  1.50153  1.4789  1.44868  1.41206  1.37023  1.32424  1.27491  1.22277  1.16814  1.11109  1.05154  0.989327  0.924228  0.856039  0.784605  0.709866  0.631893  0.550935  0.467475  0.382284  0.296494  0.211656  0.129774  0.0532903  -0.0150062  -0.0721686  -0.115371  -0.142243  -0.1512  
1.54153  1.53663  1.52192  1.49813  1.46627  1.42757  1.38322  1.33427  1.28153  1.22556  1.16664  1.10485  1.04013  0.972304  0.901199  0.826656  0.74859  0.667025  0.582128  0.49425  0.403975  0.312184  0.220114  0.129421  0.0422136  -0.0389642  -0.111232  -0.171564  -0.217071  -0.24534  -0.254764  
1.54914  1.5441  1.52901  1.50454  1.47172  1.43172  1.38571  1.33471  1.27951  1.22064  1.15836  1.09273  1.02368  0.951079  0.874783  0.794704  0.710849  0.62335  0.53249  0.438743  0.342808  0.245669  0.148658  0.05351  -0.0376035  -0.122095  -0.197059  -0.259465  -0.306434  -0.335571  -0.345283  
1.54244  1.53739  1.52222  1.49759  1.46447  1.42397  1.37721  1.32513  1.26848  1.20771  1.14307  1.07458  1.00217  0.925718  0.845144  0.760445  0.671738  0.579285  0.483512  0.385025  0.28465  0.183474  0.0829073  -0.0152655  -0.108852  -0.195277  -0.271673  -0.335075  -0.382679  -0.412166  -0.421994  
1.52117  1.51619  1.50125  1.47697  1.44422  1.40405  1.35744  1.30528  1.24821  1.18662  1.12068  1.05038  0.975635  0.89635  0.812501  0.724182  0.631645  0.535302  0.435737  0.333708  0.230168  0.126303  0.0235863  -0.0761775  -0.170818  -0.257823  -0.334427  -0.397787  -0.445239  -0.474583  -0.484364  
1.48535  1.48055  1.46615  1.4427  1.41098  1.37191  1.32638  1.27513  1.21869  1.15736  1.09121  1.0202  0.944209  0.863164  0.777106  0.686242  0.590967  0.491865  0.389691  0.285365  0.179971  0.0747854  -0.0286774  -0.128621  -0.222938  -0.309227  -0.384875  -0.447223  -0.493787  -0.522532  -0.532113  
1.43539  1.43086  1.41728  1.39511  1.36503  1.32783  1.28423  1.23485  1.18007  1.12007  1.05482  0.984206  0.908081  0.826388  0.739236  0.64695  0.550085  0.449405  0.345851  0.240505  0.134583  0.0294386  -0.0733921  -0.172152  -0.264834  -0.349191  -0.422809  -0.483253  -0.528264  -0.555997  -0.565241  
1.37205  1.36788  1.35536  1.33488  1.307  1.27234  1.23149  1.18487  1.13272  1.07507  1.01178  0.942658  0.867507  0.786288  0.699178  0.606624  0.509348  0.408303  0.304618  0.199541  0.0944079  -0.0093616  -0.110234  -0.206521  -0.296348  -0.37766  -0.448279  -0.506026  -0.548897  -0.575259  -0.584046  
1.29646  1.29272  1.28147  1.26303  1.23782  1.20631  1.1689  1.12584  1.0772  1.02284  0.962516  0.895914  0.822808  0.743162  0.657221  0.565557  0.469058  0.368868  0.266303  0.162768  0.0597101  -0.0414068  -0.139073  -0.231696  -0.317565  -0.394844  -0.461616  -0.515986  -0.556216  -0.580904  -0.589134  
1.21013  1.20687  1.19706  1.18093  1.15878  1.1309  1.09751  1.05868  1.01429  0.964046  0.907559  0.844424  0.774359  0.697332  0.613652  0.524013  0.429464  0.331333  0.231113  0.130356  0.0305976  -0.0666707  -0.159988  -0.247881  -0.328824  -0.401222  -0.463439  -0.51387  -0.551058  -0.573828  -0.581419  
1.11491  1.11215  1.1039  1.09028  1.07145  1.04755  1.0186  0.984503  0.944946  0.899481  0.847574  0.788721  0.722589  0.649143  0.568753  0.482223  0.390756  0.295847  0.199149  0.102337  0.00701915  -0.0853131  -0.173267  -0.25551  -0.330717  -0.397546  -0.454647  -0.500709  -0.53455  -0.555224  -0.562115  
1.01292  1.0107  1.00406  0.993027  0.977656  0.957919  0.933674  0.904622  0.870292  0.830078  0.783316  0.729407  0.667963  0.598952  0.522792  0.440386  0.353068  0.262479  0.170405  0.0786187  -0.011231  -0.0976724  -0.179402  -0.255241  -0.324075  -0.384817  -0.436398  -0.477794  -0.508089  -0.52655  -0.532704  
0.906515  0.904831  0.89978  0.891334  0.879419  0.863866  0.844375  0.82048  0.791558  0.756862  0.715613  0.667128  0.610977  0.547121  0.476022  0.39866  0.316476  0.231222  0.144779  0.0589857  -0.0244983  -0.104246  -0.17906  -0.247922  -0.30993  -0.364245  -0.410064  -0.446635  -0.473286  -0.489483  -0.494882  
0.798152  0.796973  0.793437  0.787453  0.778843  0.767316  0.752433  0.73359  0.710032  0.6809  0.645324  0.602557  0.552131  0.494009  0.428678  0.357175  0.281008  0.201999  0.122085  0.0431241  -0.033244  -0.105661  -0.173048  -0.23455  -0.289467  -0.337192  -0.377169  -0.408889  -0.431899  -0.445844  -0.450492  
0.690239  0.689518  0.687353  0.683601  0.678005  0.670171  0.659553  0.645442  0.626987  0.603249  0.573299  0.53635  0.491915  0.439953  0.380968  0.31602  0.246643  0.17468  0.102068  0.030642  -0.0380142  -0.102634  -0.162264  -0.216208  -0.263954  -0.3051  -0.339307  -0.366275  -0.385744  -0.397505  -0.401425  
0.58499  0.584658  0.583661  0.581817  0.57881  0.574179  0.567305  0.557414  0.543601  0.52489  0.500328  0.469121  0.43078  0.385263  0.333072  0.275256  0.213327  0.149089  0.0844258  0.0210973  -0.0394045  -0.0959248  -0.14764  -0.194004  -0.234666  -0.2694  -0.298046  -0.320475  -0.336581  -0.346278  -0.34951  
0.484249  0.484222  0.484141  0.483801  0.482856  0.48081  0.477014  0.470674  0.46088  0.446665  0.427099  0.401408  0.369123  0.330206  0.285135  0.234911  0.180972  0.125021  0.068827  0.0140249  -0.0380227  -0.0862908  -0.130087  -0.168996  -0.202804  -0.231422  -0.254826  -0.27302  -0.286011  -0.293803  -0.296401  
0.38933  0.389514  0.390066  0.390776  0.391297  0.391135  0.389656  0.386095  0.379588  0.369229  0.35415  0.33364  0.307265  0.274993  0.237262  0.194985  0.149468  0.102253  0.0549315  0.00896289  -0.0344543  -0.0744413  -0.110433  -0.142129  -0.169417  -0.192307  -0.210868  -0.22519  -0.235355  -0.24143  -0.243455  
0.300888  0.301186  0.302077  0.303369  0.304738  0.305733  0.305777  0.304186  0.300194  0.293  0.281848  0.266119  0.24544  0.219781  0.189523  0.155452  0.118689  0.0805544  0.0424048  0.00547451  -0.0292339  -0.0610013  -0.0893859  -0.114179  -0.13534  -0.152937  -0.167088  -0.177928  -0.185577  -0.19013  -0.191648  
0.218849  0.219167  0.220122  0.22155  0.223182  0.224642  0.225455  0.225063  0.222841  0.218145  0.210368  0.199014  0.183786  0.164663  0.141947  0.116262  0.0884975  0.0596974  0.0309301  0.00316276  -0.0228261  -0.0464875  -0.0674971  -0.0857186  -0.101154  -0.113889  -0.124055  -0.13179  -0.137218  -0.140438  -0.141511  
0.142405  0.142666  0.143447  0.144633  0.146027  0.147363  0.148302  0.148447  0.147358  0.144585  0.1397  0.132359  0.122356  0.109675  0.0945277  0.0773473  0.0587504  0.0394602  0.020214  0.00167743  -0.0156176  -0.0313006  -0.0451588  -0.057112  -0.0671768  -0.0754302  -0.0819785  -0.0869334  -0.0903952  -0.0924424  -0.0931248  
0.0701022  0.0702476  0.070684  0.0713496  0.072143  0.0729242  0.0735177  0.0737175  0.0732966  0.0720216  0.0696737  0.0660755  0.0611213  0.0548037  0.0472305  0.0386244  0.0293008  0.0196296  0.00998735  0.00071323  -0.0079228  -0.0157341  -0.0226155  -0.0285302  -0.0334914  -0.0375434  -0.0407456  -0.0431598  -0.0448414  -0.0458339  -0.0461647  
0  0  0  0  0  0  0  0  0  0  0  0  0  0  0  0  0  0  0  0  0  0  0  0  0  0  0  0  0  0  0  
