1  1  1  1  1  1  1  1  1  1  1  1  1  1  1  1  1  1  1  1  1  1  1  1  1  1  1  1  1  1  1  
1.08814  1.08739  1.08512  1.08147  1.07663  1.07081  1.06424  1.05709  1.04952  1.04163  1.03347  1.02505  1.01635  1.00734  0.99797  0.98817  0.97789  0.967084  0.955728  0.943826  0.931424  0.918618  0.905569  0.892513  0.879769  0.867741  0.856899  0.847752  0.840795  0.83645  0.835002  
1.17438  1.17289  1.1684  1.16118  1.15159  1.14007  1.12703  1.11286  1.09782  1.08213  1.06589  1.04912  1.0318  1.01385  0.995162  0.975629  0.955144  0.933623  0.911021  0.887352  0.862707  0.837279  0.81139  0.785507  0.760262  0.73645  0.714998  0.696908  0.683155  0.674568  0.671706  
1.25683  1.25463  1.24802  1.23738  1.22324  1.20623  1.18697  1.16598  1.1437  1.1204  1.09626  1.0713  1.04549  1.01872  0.990844  0.961713  0.931177  0.899123  0.865495  0.830323  0.793749  0.756067  0.717751  0.679493  0.642222  0.607104  0.575498  0.548867  0.528633  0.516004  0.511794  
1.33369  1.33082  1.32224  1.3084  1.28999  1.26782  1.24266  1.21521  1.186  1.1554  1.12361  1.0907  1.05662  1.02123  0.984371  0.945851  0.905499  0.863187  0.818862  0.77258  0.724542  0.675141  0.625002  0.575029  0.526427  0.480701  0.439603  0.405012  0.378753  0.362373  0.356913  
1.4032  1.39974  1.38936  1.37262  1.35032  1.32341  1.29281  1.25933  1.22363  1.18613  1.14707  1.10655  1.06449  1.02078  0.975212  0.927595  0.877749  0.825549  0.770964  0.714087  0.65519  0.594765  0.533584  0.472744  0.4137  0.358259  0.308513  0.266704  0.235001  0.215239  0.208652  
1.46377  1.45978  1.44783  1.42854  1.4028  1.37167  1.33618  1.29725  1.25559  1.21171  1.16586  1.11816  1.06854  1.01687  0.962972  0.90664  0.847714  0.786096  0.721792  0.654955  0.585933  0.515323  0.444035  0.373341  0.304913  0.240813  0.183419  0.135266  0.0988018  0.0760916  0.0685216  
1.51391  1.50949  1.49622  1.47478  1.44612  1.41138  1.37165  1.32793  1.28099  1.23134  1.1793  1.12496  1.06829  1.00916  0.947395  0.882828  0.815334  0.744866  0.671491  0.595439  0.517147  0.437319  0.356994  0.277597  0.200981  0.129411  0.0654878  0.0119673  -0.0284964  -0.0536718  -0.0620637  
1.55233  1.54757  1.53327  1.51012  1.47913  1.44145  1.39823  1.35049  1.29901  1.24435  1.18682  1.12651  1.06341  0.997406  0.928356  0.856139  0.780693  0.702046  0.620352  0.535935  0.449335  0.361367  0.273185  0.186347  0.102845  0.0250939  -0.0441535  -0.101994  -0.145643  -0.172769  -0.181811  
1.57794  1.57293  1.5579  1.53354  1.50083  1.46096  1.41505  1.36413  1.30899  1.25016  1.18794  1.12245  1.05366  0.98149  0.905846  0.826674  0.743997  0.657945  0.568785  0.476954  0.383106  0.288167  0.193401  0.100465  0.0114527  -0.0711284  -0.144443  -0.205516  -0.251511  -0.280056  -0.289571  
1.58987  1.58472  1.56927  1.54418  1.51043  1.46914  1.42142  1.36824  1.31037  1.24831  1.18233  1.11253  1.0389  0.961388  0.879953  0.794629  0.705549  0.61297  0.517293  0.41909  0.31914  0.21848  0.118465  0.020832  -0.0722725  -0.158303  -0.23441  -0.297621  -0.345118  -0.374552  -0.384363  
1.58751  1.58233  1.56677  1.54147  1.50734  1.46544  1.4168  1.36234  1.30275  1.23846  1.16972  1.0966  1.01909  0.937154  0.850837  0.76027  0.665718  0.567588  0.466437  0.362989  0.258155  0.15308  0.0492007  -0.0517025  -0.147468  -0.23557  -0.313207  -0.377481  -0.425655  -0.455462  -0.465398  
1.57055  1.56543  1.55008  1.52507  1.49123  1.44952  1.40089  1.34613  1.28585  1.22042  1.14999  1.0746  0.994233  0.908901  0.818708  0.723906  0.62491  0.522296  0.416799  0.309305  0.200864  0.0927247  -0.013615  -0.116357  -0.213368  -0.302194  -0.380141  -0.444446  -0.492514  -0.522205  -0.532101  
1.53896  1.53402  1.51917  1.49492  1.46202  1.4213  1.37357  1.31952  1.25961  1.1941  1.12309  1.04654  0.964432  0.876793  0.783812  0.685868  0.58354  0.477591  0.368947  0.258665  0.147937  0.0381062  -0.0692876  -0.172459  -0.269342  -0.357602  -0.434707  -0.498078  -0.545312  -0.574433  -0.58414  
1.49309  1.4884  1.47432  1.4513  1.41994  1.38095  1.335  1.2826  1.22409  1.1596  1.08912  1.01255  0.929834  0.841032  0.746413  0.646488  0.542009  0.433941  0.323405  0.211638  0.0999669  -0.0101813  -0.117246  -0.219483  -0.314933  -0.401419  -0.476615  -0.538171  -0.583912  -0.612058  -0.62144  
1.43358  1.42923  1.41618  1.39477  1.36551  1.32893  1.28555  1.23571  1.17958  1.11715  1.04829  0.972821  0.890648  0.801852  0.706782  0.606083  0.500687  0.391762  0.28063  0.168703  0.0574364  -0.0516759  -0.157074  -0.257084  -0.349884  -0.433492  -0.505819  -0.564778  -0.608447  -0.635264  -0.644202  
1.36147  1.35752  1.3457  1.32625  1.29956  1.26599  1.22589  1.1794  1.12654  1.06714  1.00093  0.927642  0.847139  0.759516  0.665192  0.56495  0.459898  0.351405  0.24099  0.130229  0.0206943  -0.0860736  -0.188538  -0.285122  -0.374166  -0.453911  -0.522531  -0.578221  -0.619328  -0.644517  -0.652913  
1.27811  1.27463  1.2642  1.24698  1.22323  1.19316  1.15691  1.11447  1.06565  1.01012  0.947492  0.877393  0.79963  0.714307  0.621913  0.523355  0.419913  0.313144  0.204751  0.0964616  -0.0100603  -0.113245  -0.211603  -0.303676  -0.38799  -0.463026  -0.527234  -0.5791  -0.617249  -0.640572  -0.648346  
1.18519  1.18221  1.17328  1.15849  1.13796  1.11173  1.07978  1.0419  0.997733  0.946798  0.888552  0.822532  0.74849  0.666531  0.577205  0.481531  0.380943  0.27717  0.172075  0.067511  -0.0347856  -0.133243  -0.226438  -0.313053  -0.39181  -0.461439  -0.520673  -0.568286  -0.603176  -0.624455  -0.631548  
1.08467  1.08222  1.07485  1.06258  1.0454  1.02322  0.995837  0.962874  0.923807  0.877996  0.824776  0.763588  0.694132  0.616509  0.531318  0.439674  0.343141  0.243589  0.143011  0.0433574  -0.053596  -0.146298  -0.233413  -0.313772  -0.386306  -0.449992  -0.503837  -0.546896  -0.578323  -0.597443  -0.603816  
0.978723  0.976783  0.970966  0.961216  0.947411  0.929328  0.906603  0.878713  0.844983  0.80464  0.756907  0.701142  0.636999  0.564571  0.484491  0.397948  0.306602  0.212428  0.117511  0.0238554  -0.0667513  -0.152805  -0.233075  -0.30655  -0.372363  -0.429732  -0.477925  -0.516254  -0.544113  -0.561016  -0.566651  
0.869598  0.868154  0.863823  0.856488  0.845935  0.831825  0.813665  0.790805  0.762447  0.727711  0.685734  0.635808  0.57755  0.511044  0.436943  0.356477  0.271365  0.18364  0.0954282  0.0087488  -0.0746385  -0.1533  -0.226123  -0.292254  -0.351022  -0.401867  -0.444289  -0.477837  -0.502114  -0.516802  -0.521698  
0.759542  0.758551  0.755577  0.750457  0.742902  0.732483  0.718612  0.700539  0.677385  0.648195  0.612049  0.568202  0.516244  0.456249  0.388873  0.315354  0.237422  0.157112  0.0765405  -0.00231093  -0.0777464  -0.148428  -0.213367  -0.271865  -0.32343  -0.367696  -0.404371  -0.4332  -0.453964  -0.46649  -0.470665  
0.650628  0.650029  0.64823  0.645035  0.640106  0.632953  0.622927  0.609224  0.590919  0.567028  0.536612  0.498914  0.453516  0.400484  0.340454  0.274636  0.204718  0.132679  0.0605604  -0.00974215  -0.0766363  -0.138901  -0.195678  -0.246413  -0.290769  -0.328546  -0.359617  -0.383889  -0.401286  -0.411748  -0.415235  
0.544612  0.544329  0.54348  0.541851  0.539079  0.53465  0.527892  0.517994  0.504034  0.485041  0.460101  0.428478  0.389765  0.344017  0.291831  0.234351  0.173165  0.110131  0.0471549  -0.0140093  -0.0719101  -0.125463  -0.173942  -0.216922  -0.254193  -0.285685  -0.311397  -0.331354  -0.345587  -0.354118  -0.356962  
0.44279  0.442739  0.442586  0.442117  0.440972  0.438647  0.434495  0.427741  0.417515  0.402913  0.383084  0.357349  0.325331  0.287074  0.24312  0.194498  0.142644  0.0892286  0.0359613  -0.0155997  -0.06418  -0.108849  -0.14901  -0.184351  -0.21476  -0.240256  -0.260922  -0.276861  -0.288171  -0.294928  -0.297181  
0.345883  0.345977  0.346258  0.346529  0.346461  0.345597  0.343355  0.339046  0.331902  0.321129  0.305985  0.28588  0.260487  0.22984  0.194399  0.155048  0.113011  0.0697122  0.0266023  -0.015004  -0.0540424  -0.0897507  -0.121661  -0.149551  -0.173378  -0.193212  -0.209179  -0.22142  -0.230065  -0.235213  -0.236929  
0.253976  0.254131  0.254598  0.255211  0.255699  0.255684  0.25469  0.252155  0.247459  0.239964  0.229074  0.214318  0.195433  0.172446  0.145719  0.115951  0.0841069  0.0513094  0.0186977  -0.0127003  -0.0420595  -0.0687979  -0.0925698  -0.113228  -0.130768  -0.145279  -0.15689  -0.165745  -0.17197  -0.175667  -0.1769  
0.166512  0.166659  0.167099  0.167716  0.168315  0.168626  0.168312  0.166977  0.164185  0.159487  0.152468  0.1428  0.130298  0.114981  0.0970993  0.0771358  0.0557586  0.0337424  0.0118723  -0.00914588  -0.0287488  -0.0465434  -0.0623024  -0.0759368  -0.087459  -0.0969444  -0.104499  -0.110236  -0.114255  -0.116636  -0.11743  
0.0823686  0.0824557  0.0827167  0.0830903  0.083475  0.0837312  0.0836837  0.0831274  0.0818371  0.0795822  0.0761491  0.0713687  0.0651468  0.0574923  0.0485337  0.0385174  0.027785  0.0167322  0.00575929  -0.00477442  -0.0145832  -0.023469  -0.0313192  -0.0380922  -0.0437988  -0.0484821  -0.0522008  -0.0550167  -0.0569853  -0.0581499  -0.0585381  
0  0  0  0  0  0  0  0  0  0  0  0  0  0  0  0  0  0  0  0  0  0  0  0  0  0  0  0  0  0  0  
