1  1  1  1  1  1  1  1  1  1  1  1  1  1  1  1  1  1  1  1  1  1  1  1  1  1  1  1  1  1  1  
1.08897  1.08821  1.08594  1.08227  1.07741  1.07156  1.06495  1.05776  1.05013  1.04217  1.03393  1.02543  1.01665  1.00755  0.998074  0.988176  0.977797  0.966894  0.955444  0.943454  0.93097  0.918089  0.904973  0.89186  0.879068  0.867001  0.856129  0.846959  0.839988  0.835634  0.834183  
1.17604  1.17454  1.17004  1.16279  1.15316  1.14158  1.12846  1.11419  1.09904  1.08322  1.06683  1.0499  1.0324  1.01425  0.995372  0.97564  0.954957  0.93324  0.91045  0.886602  0.861792  0.836215  0.810193  0.784195  0.758854  0.734964  0.713452  0.695318  0.681536  0.672932  0.670064  
1.25934  1.25713  1.2505  1.23981  1.22561  1.20851  1.18913  1.168  1.14554  1.12205  1.09768  1.07247  1.04639  1.01933  0.991163  0.96173  0.930892  0.898541  0.864628  0.829186  0.792363  0.754454  0.715939  0.677509  0.640096  0.604863  0.573168  0.546471  0.526193  0.513539  0.509321  
1.33704  1.33417  1.32555  1.31166  1.29317  1.27088  1.24557  1.21792  1.18848  1.15762  1.12553  1.09228  1.05783  1.02206  0.984801  0.945873  0.905112  0.862398  0.817687  0.771041  0.722668  0.672964  0.622558  0.572357  0.523565  0.477688  0.436473  0.401796  0.37548  0.359067  0.353596  
1.40743  1.40396  1.39354  1.37672  1.35432  1.32727  1.29648  1.26277  1.22678  1.18894  1.14951  1.10856  1.06604  1.02184  0.975759  0.927621  0.877254  0.824544  0.769467  0.71213  0.652808  0.592002  0.530487  0.469362  0.410083  0.354454  0.304565  0.262651  0.230879  0.211077  0.204476  
1.46888  1.46488  1.45289  1.43351  1.40765  1.37635  1.34064  1.30143  1.25943  1.21514  1.16884  1.12061  1.07043  1.01817  0.963642  0.906671  0.847106  0.784861  0.719958  0.652558  0.58302  0.51195  0.440259  0.369225  0.300516  0.236194  0.178631  0.130356  0.0938113  0.0710547  0.0634692  
1.51993  1.51549  1.50217  1.48064  1.45184  1.4169  1.37692  1.33288  1.28554  1.23542  1.18284  1.12789  1.07055  1.0107  0.948193  0.882863  0.814606  0.743391  0.669302  0.592583  0.51368  0.43331  0.352514  0.27272  0.19578  0.123956  0.0598392  0.00618025  -0.0343754  -0.0596032  -0.0680124  
1.55928  1.55449  1.54014  1.51689  1.48574  1.44785  1.40434  1.35623  1.3043  1.2491  1.19094  1.12992  1.06605  0.99921  0.929287  0.856178  0.779839  0.700319  0.617792  0.532599  0.445293  0.356698  0.267977  0.180686  0.0968163  0.0187781  -0.0506854  -0.10868  -0.152431  -0.179615  -0.188676  
1.58583  1.5808  1.56571  1.54123  1.50836  1.46824  1.42202  1.37069  1.31504  1.2556  1.19267  1.12637  1.05669  0.983562  0.906915  0.826715  0.743011  0.655956  0.56584  0.473121  0.378468  0.282819  0.187442  0.0939985  0.0045755  -0.078325  -0.151878  -0.213121  -0.259227  -0.287836  -0.297372  
1.59872  1.59355  1.57803  1.55282  1.51888  1.47733  1.42925  1.37563  1.31719  1.25445  1.18767  1.11696  1.04233  0.963735  0.881163  0.794673  0.704427  0.610711  0.513954  0.414749  0.313893  0.212436  0.111741  0.0135434  -0.0800145  -0.166396  -0.242764  -0.30616  -0.353778  -0.38328  -0.393115  
1.59733  1.59212  1.57649  1.55106  1.51673  1.47454  1.42552  1.37056  1.31034  1.24531  1.17568  1.10155  1.02292  0.939777  0.852188  0.760316  0.664459  0.565056  0.462698  0.358133  0.252292  0.146335  0.0417036  -0.0598204  -0.156083  -0.244568  -0.322489  -0.386964  -0.435269  -0.46515  -0.47511  
1.58134  1.5762  1.56077  1.53561  1.50155  1.45953  1.41048  1.35519  1.29423  1.22796  1.15656  1.08007  0.998467  0.911799  0.8202  0.723954  0.623513  0.519494  0.412663  0.303937  0.194388  0.085281  -0.0218809  -0.1253  -0.222852  -0.312094  -0.39035  -0.454873  -0.503083  -0.532853  -0.542777  
1.55072  1.54574  1.5308  1.5064  1.47326  1.43221  1.38403  1.32938  1.26874  1.20234  1.13027  1.05251  0.969056  0.879958  0.78544  0.685917  0.58201  0.474525  0.364424  0.252799  0.140865  0.0299822  -0.078304  -0.18221  -0.279679  -0.36839  -0.445829  -0.509435  -0.556823  -0.586032  -0.595768  
1.50577  1.50105  1.48688  1.46368  1.43207  1.39272  1.34627  1.29324  1.23394  1.16849  1.09687  1.01899  0.934824  0.844448  0.748168  0.646537  0.540353  0.430625  0.318517  0.205301  0.0923305  -0.0189515  -0.126977  -0.230006  -0.326087  -0.41306  -0.488617  -0.550429  -0.596338  -0.62458  -0.633993  
1.44715  1.44276  1.42961  1.40801  1.37847  1.3415  1.29759  1.24707  1.19009  1.12663  1.05655  0.979694  0.895971  0.805496  0.708652  0.606132  0.498916  0.388219  0.27541  0.161937  0.0492832  -0.0610394  -0.167464  -0.268321  -0.361798  -0.44593  -0.518648  -0.577885  -0.621739  -0.64866  -0.657633  
1.37584  1.37186  1.35992  1.34028  1.31327  1.27929  1.23861  1.1914  1.13763  1.07714  1.00964  0.934889  0.85275  0.763354  0.667161  0.564999  0.458028  0.347667  0.235482  0.123091  0.0120912  -0.0959564  -0.199509  -0.296993  -0.386759  -0.467067  -0.536109  -0.592101  -0.63341  -0.658713  -0.667148  
1.29319  1.28967  1.27911  1.26167  1.23759  1.20706  1.17021  1.12699  1.07722  1.02055  0.956571  0.884937  0.805469  0.718299  0.623959  0.523403  0.417964  0.309251  0.199015  0.0890249  -0.0190262  -0.12355  -0.22305  -0.316072  -0.401153  -0.476788  -0.54145  -0.593644  -0.632013  -0.655462  -0.663278  
1.20083  1.1978  1.18874  1.17371  1.15281  1.1261  1.0935  1.05481  1.00965  0.957522  0.897885  0.830282  0.754484  0.670628  0.579302  0.481577  0.37894  0.27317  0.166182  0.0598675  -0.0440065  -0.143849  -0.238232  -0.325837  -0.4054  -0.475665  -0.535384  -0.583351  -0.618479  -0.639897  -0.647036  
1.10069  1.09818  1.09066  1.07813  1.06057  1.03787  1.00982  0.976008  0.935911  0.888875  0.834233  0.771433  0.700196  0.620651  0.533438  0.43972  0.341113  0.239541  0.137046  0.0356152  -0.0629435  -0.157061  -0.245395  -0.326778  -0.40015  -0.464503  -0.518862  -0.562298  -0.593983  -0.613252  -0.619675  
0.994877  0.992884  0.986905  0.976878  0.962671  0.944047  0.920625  0.891868  0.857088  0.815504  0.766339  0.708959  0.643035  0.56869  0.486597  0.397991  0.304583  0.208398  0.111569  0.0161383  -0.0760776  -0.163556  -0.24506  -0.319578  -0.386252  -0.444313  -0.493043  -0.531771  -0.559904  -0.576967  -0.582655  
0.885622  0.884122  0.879621  0.871997  0.861027  0.846359  0.827489  0.803752  0.774341  0.73837  0.694975  0.643458  0.583452  0.515069  0.438999  0.356517  0.269391  0.1797  0.0896156  0.00119362  -0.083779  -0.163852  -0.237902  -0.305079  -0.364718  -0.416267  -0.459242  -0.493204  -0.517767  -0.532623  -0.537575  
0.775121  0.774072  0.770924  0.765508  0.75753  0.74655  0.731968  0.713027  0.688838  0.658442  0.620921  0.575537  0.521896  0.460101  0.390839  0.315391  0.235531  0.153338  0.0709704  -0.00955731  -0.0865235  -0.158573  -0.224711  -0.284237  -0.336664  -0.381635  -0.418867  -0.448116  -0.469172  -0.481871  -0.486104  
0.665414  0.664757  0.662784  0.659296  0.653948  0.646244  0.635526  0.620983  0.601686  0.576646  0.544927  0.505779  0.458802  0.404083  0.342289  0.274669  0.20295  0.129151  0.0553498  -0.0165272  -0.0848643  -0.148425  -0.206344  -0.258065  -0.303255  -0.341718  -0.373335  -0.398022  -0.415711  -0.426345  -0.429889  
0.558235  0.557896  0.55688  0.554968  0.551796  0.546843  0.539433  0.528749  0.513864  0.493809  0.46767  0.43472  0.394566  0.347283  0.293496  0.234381  0.17156  0.106927  0.0424203  -0.02018  -0.0794018  -0.134147  -0.183682  -0.227579  -0.265632  -0.297771  -0.324002  -0.344356  -0.358869  -0.367566  -0.370465  
0.454874  0.454772  0.454464  0.453735  0.452223  0.449421  0.444678  0.437216  0.426163  0.410615  0.389725  0.362819  0.329534  0.289932  0.244575  0.194523  0.141239  0.0864243  0.0318148  -0.0210085  -0.0707537  -0.116478  -0.15758  -0.193742  -0.224854  -0.250937  -0.272075  -0.288378  -0.299946  -0.306857  -0.30916  
0.356068  0.356117  0.356263  0.356308  0.355922  0.354647  0.351898  0.346984  0.339138  0.327565  0.311528  0.290442  0.263989  0.232219  0.195611  0.155069  0.111841  0.0673764  0.0231466  -0.019515  -0.0595303  -0.0961272  -0.128832  -0.157419  -0.181846  -0.202184  -0.218559  -0.231116  -0.239984  -0.245266  -0.247026  
0.261935  0.262055  0.262413  0.262846  0.26308  0.262737  0.261341  0.258329  0.253081  0.244959  0.233372  0.217852  0.198145  0.174287  0.146657  0.115967  0.0832015  0.0495014  0.0160218  -0.0161956  -0.0463151  -0.073747  -0.0981412  -0.119348  -0.137362  -0.152271  -0.164208  -0.173314  -0.179719  -0.183523  -0.184792  
0.171978  0.1721  0.172465  0.172956  0.173377  0.17346  0.172868  0.171202  0.168029  0.1629  0.155403  0.145211  0.132147  0.116236  0.097738  0.0771464  0.0551413  0.0325096  0.0100471  -0.0115312  -0.0316547  -0.0499253  -0.0661123  -0.0801252  -0.0919752  -0.101738  -0.109518  -0.11543  -0.119575  -0.122032  -0.12285  
0.0851516  0.0852256  0.0854477  0.0857563  0.0860501  0.0861893  0.0859988  0.0852736  0.0837887  0.0813143  0.0776377  0.0725915  0.0660843  0.0581285  0.0488573  0.0385227  0.0274722  0.0161073  0.00483399  -0.00598399  -0.0160573  -0.0251852  -0.0332536  -0.0402198  -0.0460941  -0.0509192  -0.054754  -0.0576602  -0.0596932  -0.0608964  -0.0612975  
0  0  0  0  0  0  0  0  0  0  0  0  0  0  0  0  0  0  0  0  0  0  0  0  0  0  0  0  0  0  0  
