1  1  1  1  1  1  1  1  1  1  1  1  1  1  1  1  1  1  1  1  1  1  1  1  1  1  1  1  1  1  1  
0.966857  0.966853  0.966841  0.966821  0.966794  0.966762  0.966726  0.966687  0.966647  0.966608  0.966571  0.966539  0.966513  0.966493  0.96648  0.966476  0.96648  0.966493  0.966513  0.966539  0.966571  0.966608  0.966647  0.966687  0.966726  0.966762  0.966794  0.966821  0.966841  0.966853  0.966857  
0.933712  0.933704  0.933679  0.93364  0.933587  0.933523  0.93345  0.933373  0.933294  0.933216  0.933144  0.93308  0.933027  0.932987  0.932963  0.932954  0.932963  0.932987  0.933027  0.93308  0.933144  0.933216  0.933294  0.933373  0.93345  0.933523  0.933587  0.93364  0.933679  0.933704  0.933712  
0.900563  0.900551  0.900514  0.900456  0.900377  0.900282  0.900174  0.900059  0.899941  0.899826  0.899718  0.899623  0.899544  0.899486  0.899449  0.899437  0.899449  0.899486  0.899544  0.899623  0.899718  0.899826  0.899941  0.900059  0.900174  0.900282  0.900377  0.900456  0.900514  0.900551  0.900563  
0.867408  0.867392  0.867344  0.867266  0.867163  0.867037  0.866896  0.866744  0.866589  0.866438  0.866296  0.866171  0.866067  0.86599  0.865942  0.865926  0.865942  0.86599  0.866067  0.866171  0.866296  0.866438  0.866589  0.866744  0.866896  0.867037  0.867163  0.867266  0.867344  0.867392  0.867408  
0.834244  0.834224  0.834166  0.83407  0.833943  0.833789  0.833615  0.833429  0.833238  0.833052  0.832878  0.832724  0.832596  0.832501  0.832442  0.832422  0.832442  0.832501  0.832596  0.832724  0.832878  0.833052  0.833238  0.833429  0.833615  0.833789  0.833943  0.83407  0.834166  0.834224  0.834244  
0.801071  0.801048  0.800978  0.800866  0.800717  0.800536  0.800331  0.800112  0.799888  0.799669  0.799464  0.799283  0.799134  0.799022  0.798952  0.798929  0.798952  0.799022  0.799134  0.799283  0.799464  0.799669  0.799888  0.800112  0.800331  0.800536  0.800717  0.800866  0.800978  0.801048  0.801071  
0.767886  0.767859  0.76778  0.767653  0.767482  0.767276  0.767043  0.766794  0.766539  0.76629  0.766057  0.765851  0.76568  0.765553  0.765474  0.765447  0.765474  0.765553  0.76568  0.765851  0.766057  0.76629  0.766539  0.766794  0.767043  0.767276  0.767482  0.767653  0.76778  0.767859  0.767886  
0.734687  0.734658  0.73457  0.734429  0.734239  0.73401  0.733752  0.733475  0.733192  0.732915  0.732656  0.732427  0.732238  0.732096  0.732009  0.731979  0.732009  0.732096  0.732238  0.732427  0.732656  0.732915  0.733192  0.733475  0.733752  0.73401  0.734239  0.734429  0.73457  0.734658  0.734687  
0.701474  0.701442  0.701347  0.701193  0.700986  0.700737  0.700456  0.700154  0.699846  0.699544  0.699263  0.699014  0.698807  0.698653  0.698558  0.698526  0.698558  0.698653  0.698807  0.699014  0.699263  0.699544  0.699846  0.700154  0.700456  0.700737  0.700986  0.701193  0.701347  0.701442  0.701474  
0.668244  0.66821  0.668108  0.667943  0.667723  0.667456  0.667154  0.666832  0.666502  0.666179  0.665878  0.665611  0.66539  0.665225  0.665123  0.665089  0.665123  0.665225  0.66539  0.665611  0.665878  0.666179  0.666502  0.666832  0.667154  0.667456  0.667723  0.667943  0.668108  0.66821  0.668244  
0.634997  0.634962  0.634854  0.63468  0.634447  0.634166  0.633848  0.633507  0.633159  0.632819  0.632501  0.63222  0.631987  0.631813  0.631705  0.631669  0.631705  0.631813  0.631987  0.63222  0.632501  0.632819  0.633159  0.633507  0.633848  0.634166  0.634447  0.63468  0.634854  0.634962  0.634997  
0.601732  0.601695  0.601583  0.601402  0.60116  0.600866  0.600536  0.600181  0.599819  0.599464  0.599134  0.59884  0.598598  0.598417  0.598305  0.598267  0.598305  0.598417  0.598598  0.59884  0.599134  0.599464  0.599819  0.600181  0.600536  0.600866  0.60116  0.601402  0.601583  0.601695  0.601732  
0.568448  0.56841  0.568295  0.568109  0.567859  0.567558  0.567217  0.566853  0.56648  0.566116  0.565776  0.565474  0.565225  0.565038  0.564923  0.564884  0.564923  0.565038  0.565225  0.565474  0.565776  0.566116  0.56648  0.566853  0.567217  0.567558  0.567859  0.568109  0.568295  0.56841  0.568448  
0.535145  0.535106  0.534989  0.534799  0.534546  0.534239  0.533893  0.533523  0.533144  0.532773  0.532427  0.532121  0.531867  0.531678  0.531561  0.531521  0.531561  0.531678  0.531867  0.532121  0.532427  0.532773  0.533144  0.533523  0.533893  0.534239  0.534546  0.534799  0.534989  0.535106  0.535145  
0.501822  0.501782  0.501665  0.501474  0.501219  0.500911  0.500563  0.50019  0.49981  0.499437  0.499089  0.498781  0.498526  0.498335  0.498218  0.498178  0.498218  0.498335  0.498526  0.498781  0.499089  0.499437  0.49981  0.50019  0.500563  0.500911  0.501219  0.501474  0.501665  0.501782  0.501822  
0.468478  0.468439  0.468322  0.468133  0.467879  0.467573  0.467227  0.466856  0.466477  0.466107  0.465761  0.465454  0.465201  0.465011  0.464894  0.464855  0.464894  0.465011  0.465201  0.465454  0.465761  0.466107  0.466477  0.466856  0.467227  0.467573  0.467879  0.468133  0.468322  0.468439  0.468478  
0.435115  0.435077  0.434962  0.434775  0.434526  0.434224  0.433884  0.43352  0.433147  0.432783  0.432442  0.432141  0.431891  0.431705  0.43159  0.431551  0.43159  0.431705  0.431891  0.432141  0.432442  0.432783  0.433147  0.43352  0.433884  0.434224  0.434526  0.434775  0.434962  0.435077  0.435115  
0.401732  0.401695  0.401583  0.401402  0.40116  0.400866  0.400536  0.400181  0.399819  0.399464  0.399134  0.39884  0.398598  0.398417  0.398305  0.398267  0.398305  0.398417  0.398598  0.39884  0.399134  0.399464  0.399819  0.400181  0.400536  0.400866  0.40116  0.401402  0.401583  0.401695  0.401732  
0.368331  0.368295  0.368187  0.368013  0.36778  0.367499  0.367181  0.366841  0.366493  0.366152  0.365834  0.365553  0.36532  0.365146  0.365038  0.365002  0.365038  0.365146  0.36532  0.365553  0.365834  0.366152  0.366493  0.366841  0.367181  0.367499  0.36778  0.368013  0.368187  0.368295  0.368331  
0.334911  0.334877  0.334775  0.33461  0.334389  0.334122  0.333821  0.333498  0.333168  0.332846  0.332544  0.332277  0.332057  0.331892  0.33179  0.331755  0.33179  0.331892  0.332057  0.332277  0.332544  0.332846  0.333168  0.333498  0.333821  0.334122  0.334389  0.33461  0.334775  0.334877  0.334911  
0.301474  0.301442  0.301347  0.301193  0.300986  0.300737  0.300456  0.300154  0.299846  0.299544  0.299263  0.299014  0.298807  0.298653  0.298558  0.298526  0.298558  0.298653  0.298807  0.299014  0.299263  0.299544  0.299846  0.300154  0.300456  0.300737  0.300986  0.301193  0.301347  0.301442  0.301474  
0.26802  0.267991  0.267904  0.267762  0.267573  0.267344  0.267085  0.266808  0.266525  0.266248  0.26599  0.265761  0.265571  0.26543  0.265342  0.265313  0.265342  0.26543  0.265571  0.265761  0.26599  0.266248  0.266525  0.266808  0.267085  0.267344  0.267573  0.267762  0.267904  0.267991  0.26802  
0.234552  0.234526  0.234447  0.23432  0.234149  0.233943  0.23371  0.233461  0.233206  0.232957  0.232724  0.232518  0.232347  0.23222  0.232141  0.232114  0.232141  0.23222  0.232347  0.232518  0.232724  0.232957  0.233206  0.233461  0.23371  0.233943  0.234149  0.23432  0.234447  0.234526  0.234552  
0.201071  0.201048  0.200978  0.200866  0.200717  0.200536  0.200331  0.200112  0.199888  0.199669  0.199464  0.199283  0.199134  0.199022  0.198952  0.198929  0.198952  0.199022  0.199134  0.199283  0.199464  0.199669  0.199888  0.200112  0.200331  0.200536  0.200717  0.200866  0.200978  0.201048  0.201071  
0.167577  0.167558  0.167499  0.167404  0.167276  0.167122  0.166948  0.166762  0.166571  0.166385  0.166211  0.166057  0.16593  0.165834  0.165776  0.165756  0.165776  0.165834  0.16593  0.166057  0.166211  0.166385  0.166571  0.166762  0.166948  0.167122  0.167276  0.167404  0.167499  0.167558  0.167577  
0.134074  0.134058  0.13401  0.133933  0.133829  0.133704  0.133562  0.133411  0.133256  0.133104  0.132963  0.132837  0.132734  0.132656  0.132608  0.132592  0.132608  0.132656  0.132734  0.132837  0.132963  0.133104  0.133256  0.133411  0.133562  0.133704  0.133829  0.133933  0.13401  0.134058  0.134074  
0.100563  0.100551  0.100514  0.100456  0.100377  0.100282  0.100174  0.100059  0.0999411  0.099826  0.0997185  0.0996232  0.0995445  0.0994856  0.0994492  0.0994369  0.0994492  0.0994856  0.0995445  0.0996232  0.0997185  0.099826  0.0999411  0.100059  0.100174  0.100282  0.100377  0.100456  0.100514  0.100551  0.100563  
0.0670454  0.0670372  0.0670128  0.0669732  0.0669202  0.0668561  0.0667837  0.0667063  0.0666271  0.0665496  0.0664772  0.0664132  0.0663602  0.0663206  0.0662961  0.0662878  0.0662961  0.0663206  0.0663602  0.0664132  0.0664772  0.0665496  0.0666271  0.0667063  0.0667837  0.0668561  0.0669202  0.0669732  0.0670128  0.0670372  0.0670454  
0.0335237  0.0335196  0.0335073  0.0334874  0.0334608  0.0334286  0.0333922  0.0333532  0.0333134  0.0332745  0.0332381  0.0332059  0.0331792  0.0331593  0.033147  0.0331429  0.033147  0.0331593  0.0331792  0.0332059  0.0332381  0.0332745  0.0333134  0.0333532  0.0333922  0.0334286  0.0334608  0.0334874  0.0335073  0.0335196  0.0335237  
0  0  0  0  0  0  0  0  0  0  0  0  0  0  0  0  0  0  0  0  0  0  0  0  0  0  0  0  0  0  0  
