1  1  1  1  1  1  1  1  1  1  1  1  1  1  1  1  1  1  1  1  1  1  1  1  1  1  1  1  1  1  1  
0.973733  0.973549  0.972998  0.972105  0.970908  0.96946  0.967824  0.966073  0.964282  0.962531  0.960895  0.959446  0.958248  0.957352  0.956799  0.956612  0.956799  0.957352  0.958248  0.959446  0.960895  0.962531  0.964282  0.966073  0.967824  0.96946  0.970908  0.972105  0.972998  0.973549  0.973733  
0.947423  0.947058  0.945963  0.944188  0.941809  0.938931  0.935681  0.932201  0.928643  0.925162  0.921912  0.919033  0.916652  0.914873  0.913774  0.913402  0.913774  0.914873  0.916652  0.919033  0.921912  0.925162  0.928643  0.932201  0.935681  0.938931  0.941809  0.944188  0.945963  0.947058  0.947423  
0.921027  0.920486  0.918861  0.916226  0.912695  0.908424  0.903601  0.898436  0.893156  0.887991  0.883168  0.878897  0.875365  0.872725  0.871094  0.870542  0.871094  0.872725  0.875365  0.878897  0.883168  0.887991  0.893156  0.898436  0.903601  0.908424  0.912695  0.916226  0.918861  0.920486  0.921027  
0.894503  0.893791  0.891657  0.888194  0.883555  0.877945  0.871609  0.864824  0.857889  0.851106  0.844772  0.839163  0.834524  0.831059  0.828917  0.828192  0.828917  0.831059  0.834524  0.839163  0.844772  0.851106  0.857889  0.864824  0.871609  0.877945  0.883555  0.888194  0.891657  0.893791  0.894503  
0.867803  0.86693  0.864312  0.860065  0.854376  0.847495  0.839725  0.831405  0.822901  0.814584  0.806818  0.799942  0.794256  0.790008  0.787382  0.786494  0.787382  0.790008  0.794256  0.799942  0.806818  0.814584  0.822901  0.831405  0.839725  0.847495  0.854376  0.860065  0.864312  0.86693  0.867803  
0.840881  0.839857  0.836787  0.831807  0.825137  0.817069  0.80796  0.798207  0.788238  0.77849  0.769387  0.761329  0.754665  0.749686  0.746609  0.745569  0.746609  0.749686  0.754665  0.761329  0.769387  0.77849  0.788238  0.798207  0.80796  0.817069  0.825137  0.831807  0.836787  0.839857  0.840881  
0.813686  0.812524  0.809039  0.803386  0.795813  0.786656  0.776316  0.765247  0.753933  0.74287  0.732541  0.723396  0.715834  0.710185  0.706694  0.705513  0.706694  0.710185  0.715834  0.723396  0.732541  0.74287  0.753933  0.765247  0.776316  0.786656  0.795813  0.803386  0.809039  0.812524  0.813686  
0.786166  0.784879  0.78102  0.77476  0.766375  0.756235  0.744786  0.73253  0.720004  0.707756  0.69632  0.686197  0.677826  0.671572  0.667708  0.666401  0.667708  0.671572  0.677826  0.686197  0.69632  0.707756  0.720004  0.73253  0.744786  0.756235  0.766375  0.77476  0.78102  0.784879  0.786166  
0.758265  0.756869  0.75268  0.745885  0.736784  0.725778  0.713351  0.700049  0.686454  0.673161  0.66075  0.649763  0.640678  0.633891  0.629697  0.628279  0.629697  0.633891  0.640678  0.649763  0.66075  0.673161  0.686454  0.700049  0.713351  0.725778  0.736784  0.745885  0.75268  0.756869  0.758265  
0.729926  0.728435  0.723964  0.716711  0.706996  0.695249  0.681984  0.667785  0.653274  0.639084  0.625836  0.614107  0.604409  0.597163  0.592686  0.591172  0.592686  0.597163  0.604409  0.614107  0.625836  0.639084  0.653274  0.667785  0.681984  0.695249  0.706996  0.716711  0.723964  0.728435  0.729926  
0.701087  0.699519  0.694815  0.687184  0.676963  0.664603  0.650647  0.635707  0.620437  0.605506  0.591564  0.579221  0.569015  0.56139  0.556678  0.555084  0.556678  0.56139  0.569015  0.579221  0.591564  0.605506  0.620437  0.635707  0.650647  0.664603  0.676963  0.687184  0.694815  0.699519  0.701087  
0.671685  0.670057  0.665171  0.657245  0.646629  0.63379  0.619293  0.603773  0.587909  0.572395  0.55791  0.545084  0.534478  0.526553  0.521656  0.52  0.521656  0.526553  0.534478  0.545084  0.55791  0.572395  0.587909  0.603773  0.619293  0.63379  0.646629  0.657245  0.665171  0.670057  0.671685  
0.641656  0.639985  0.634969  0.626833  0.615935  0.602754  0.587869  0.571933  0.555643  0.539711  0.524833  0.511659  0.500763  0.492623  0.487592  0.48589  0.487592  0.492623  0.500763  0.511659  0.524833  0.539711  0.555643  0.571933  0.587869  0.602754  0.615935  0.626833  0.634969  0.639985  0.641656  
0.610935  0.609237  0.604145  0.595884  0.584818  0.571434  0.556317  0.540132  0.523584  0.507399  0.492284  0.478898  0.467827  0.459554  0.454441  0.452712  0.454441  0.459554  0.467827  0.478898  0.492284  0.507399  0.523584  0.540132  0.556317  0.571434  0.584818  0.595884  0.604145  0.609237  0.610935  
0.579456  0.57775  0.572635  0.564335  0.553216  0.539766  0.524575  0.508307  0.491674  0.475404  0.460206  0.446747  0.435614  0.427294  0.422152  0.420413  0.422152  0.427294  0.435614  0.446747  0.460206  0.475404  0.491674  0.508307  0.524575  0.539766  0.553216  0.564335  0.572635  0.57775  0.579456  
0.547157  0.545461  0.540374  0.532121  0.521064  0.507689  0.492579  0.476397  0.45985  0.443662  0.42854  0.415145  0.404066  0.395785  0.390667  0.388936  0.390667  0.395785  0.404066  0.415145  0.42854  0.443662  0.45985  0.476397  0.492579  0.507689  0.521064  0.532121  0.540374  0.545461  0.547157  
0.513979  0.512311  0.507305  0.499184  0.488303  0.475139  0.460268  0.444339  0.428049  0.41211  0.39722  0.38403  0.373119  0.364964  0.359923  0.358217  0.359923  0.364964  0.373119  0.38403  0.39722  0.41211  0.428049  0.444339  0.460268  0.475139  0.488303  0.499184  0.507305  0.512311  0.513979  
0.479871  0.478247  0.473375  0.46547  0.454878  0.442062  0.427583  0.412073  0.39621  0.380688  0.366185  0.353338  0.342709  0.334765  0.329854  0.328193  0.329854  0.334765  0.342709  0.353338  0.366185  0.380688  0.39621  0.412073  0.427583  0.442062  0.454878  0.46547  0.473375  0.478247  0.479871  
0.444791  0.443229  0.438541  0.430934  0.420741  0.408408  0.394473  0.379545  0.364277  0.349335  0.335374  0.323006  0.312773  0.305124  0.300397  0.298797  0.300397  0.305124  0.312773  0.323006  0.335374  0.349335  0.364277  0.379545  0.394473  0.408408  0.420741  0.430934  0.438541  0.443229  0.444791  
0.408708  0.407224  0.40277  0.395542  0.385857  0.374138  0.360896  0.34671  0.332199  0.317999  0.30473  0.292975  0.283249  0.275979  0.271485  0.269965  0.271485  0.275979  0.283249  0.292975  0.30473  0.317999  0.332199  0.34671  0.360896  0.374138  0.385857  0.395542  0.40277  0.407224  0.408708  
0.371608  0.370217  0.366045  0.359275  0.350202  0.339224  0.32682  0.31353  0.299936  0.286633  0.274202  0.26319  0.254078  0.247268  0.243058  0.241634  0.243058  0.247268  0.254078  0.26319  0.274202  0.286633  0.299936  0.31353  0.32682  0.339224  0.350202  0.359275  0.366045  0.370217  0.371608  
0.333494  0.332213  0.328368  0.32213  0.313771  0.303656  0.292226  0.279982  0.267457  0.2552  0.243747  0.233601  0.225206  0.218932  0.215054  0.213742  0.215054  0.218932  0.225206  0.233601  0.243747  0.2552  0.267457  0.279982  0.292226  0.303656  0.313771  0.32213  0.328368  0.332213  0.333494  
0.294391  0.293233  0.289761  0.284126  0.276575  0.267438  0.257114  0.246054  0.234741  0.223671  0.213328  0.204165  0.196584  0.190918  0.187416  0.186231  0.187416  0.190918  0.196584  0.204165  0.213328  0.223671  0.234741  0.246054  0.257114  0.267438  0.276575  0.284126  0.289761  0.293233  0.294391  
0.254346  0.253326  0.250266  0.245299  0.238645  0.230593  0.221496  0.21175  0.201783  0.192029  0.182917  0.174845  0.168166  0.163175  0.16009  0.159047  0.16009  0.163175  0.168166  0.174845  0.182917  0.192029  0.201783  0.21175  0.221496  0.230593  0.238645  0.245299  0.250266  0.253326  0.254346  
0.213433  0.212562  0.209951  0.205713  0.200035  0.193165  0.185403  0.177089  0.168586  0.160266  0.152493  0.145608  0.139913  0.135656  0.133025  0.132135  0.133025  0.135656  0.139913  0.145608  0.152493  0.160266  0.168586  0.177089  0.185403  0.193165  0.200035  0.205713  0.209951  0.212562  0.213433  
0.171748  0.171038  0.168907  0.16545  0.160818  0.155214  0.148884  0.142103  0.135168  0.128383  0.122046  0.116432  0.111788  0.108318  0.106173  0.105447  0.106173  0.108318  0.111788  0.116432  0.122046  0.128383  0.135168  0.142103  0.148884  0.155214  0.160818  0.16545  0.168907  0.171038  0.171748  
0.129412  0.128871  0.127248  0.124616  0.121089  0.116821  0.112001  0.106838  0.101558  0.0963933  0.0915686  0.0872955  0.0837609  0.0811195  0.079487  0.0789347  0.079487  0.0811195  0.0837609  0.0872955  0.0915686  0.0963933  0.101558  0.106838  0.112001  0.116821  0.121089  0.124616  0.127248  0.128871  0.129412  
0.0865669  0.0862024  0.0851088  0.0833343  0.080957  0.078081  0.0748323  0.0713529  0.0677952  0.0643148  0.0610639  0.0581848  0.0558033  0.0540238  0.0529239  0.0525519  0.0529239  0.0540238  0.0558033  0.0581848  0.0610639  0.0643148  0.0677952  0.0713529  0.0748323  0.078081  0.080957  0.0833343  0.0851088  0.0862024  0.0865669  
0.0433725  0.043189  0.0426385  0.0417454  0.0405489  0.0391015  0.0374665  0.0357154  0.033925  0.0321736  0.0305377  0.029089  0.0278907  0.0269953  0.0264419  0.0262547  0.0264419  0.0269953  0.0278907  0.029089  0.0305377  0.0321736  0.033925  0.0357154  0.0374665  0.0391015  0.0405489  0.0417454  0.0426385  0.043189  0.0433725  
0  0  0  0  0  0  0  0  0  0  0  0  0  0  0  0  0  0  0  0  0  0  0  0  0  0  0  0  0  0  0  
