1  1  1  1  1  1  1  1  1  1  1  1  1  1  1  1  1  1  1  1  1  1  1  1  1  1  1  1  1  1  1  
0.974356  0.973931  0.972654  0.972163  0.968824  0.968471  0.963466  0.963579  0.957454  0.958397  0.951781  0.953862  0.947384  0.950778  0.944988  0.949688  0.944987  0.950781  0.94738  0.953867  0.951775  0.958404  0.957447  0.963586  0.96346  0.968477  0.96882  0.972166  0.972653  0.973931  0.974357  
0.947938  0.947624  0.946684  0.942042  0.941126  0.932754  0.932409  0.92126  0.92219  0.909453  0.912341  0.899283  0.904623  0.892426  0.900396  0.890006  0.900399  0.892421  0.904631  0.899273  0.912353  0.90944  0.922203  0.921247  0.932421  0.932744  0.941135  0.942035  0.946687  0.947623  0.947935  
0.923159  0.921916  0.918189  0.916728  0.906992  0.905907  0.891338  0.891578  0.873795  0.876409  0.857261  0.863141  0.844461  0.854124  0.83749  0.850936  0.837486  0.854132  0.844449  0.863156  0.857243  0.876428  0.873775  0.891597  0.89132  0.905923  0.906979  0.916737  0.918183  0.921917  0.923162  
0.896123  0.895512  0.893678  0.88477  0.882933  0.866902  0.866099  0.844819  0.846381  0.822171  0.827393  0.802696  0.812524  0.789581  0.804385  0.784956  0.80439  0.78957  0.81254  0.802676  0.827416  0.822146  0.846407  0.844793  0.866123  0.866881  0.882951  0.884757  0.893685  0.89551  0.896119  
0.872194  0.87023  0.864338  0.861944  0.8466  0.844711  0.821826  0.821914  0.794113  0.797804  0.768045  0.776733  0.747899  0.762422  0.73694  0.757365  0.736933  0.762436  0.747879  0.776757  0.768017  0.797834  0.794081  0.821945  0.821797  0.844737  0.846578  0.861959  0.864329  0.870231  0.872199  
0.844711  0.843831  0.841192  0.828701  0.825935  0.803532  0.802069  0.772474  0.774144  0.740686  0.747274  0.713402  0.726246  0.695056  0.714739  0.688591  0.714747  0.69504  0.726268  0.713374  0.747306  0.74065  0.774181  0.772437  0.802103  0.803502  0.825959  0.828683  0.841202  0.843829  0.844705  
0.821486  0.818941  0.811308  0.808037  0.788241  0.785445  0.75605  0.75559  0.720102  0.724037  0.686349  0.696474  0.660302  0.67776  0.646147  0.671147  0.646138  0.677777  0.660276  0.696506  0.686312  0.724077  0.72006  0.755631  0.756012  0.785479  0.788213  0.808058  0.811296  0.818944  0.821493  
0.793679  0.792569  0.789237  0.774046  0.77034  0.743204  0.740833  0.705185  0.706324  0.666328  0.673124  0.633018  0.647142  0.61064  0.632924  0.602758  0.632933  0.61062  0.64717  0.632983  0.673164  0.666283  0.70637  0.70514  0.740875  0.743166  0.770371  0.774023  0.78925  0.792566  0.793671  
0.770868  0.767908  0.75903  0.754951  0.732043  0.728228  0.694379  0.692938  0.652348  0.655635  0.612914  0.623034  0.582498  0.600888  0.565974  0.593059  0.565963  0.600908  0.582468  0.623071  0.612871  0.655683  0.652299  0.692987  0.694333  0.728268  0.73201  0.754975  0.759016  0.767911  0.770876  
0.742753  0.741454  0.737558  0.720617  0.715971  0.68584  0.682316  0.642961  0.642945  0.599138  0.605031  0.561566  0.575329  0.536317  0.559061  0.527422  0.559073  0.536295  0.575361  0.561526  0.605078  0.599087  0.642998  0.64291  0.682365  0.685797  0.716006  0.720591  0.737573  0.741451  0.742744  
0.719913  0.716707  0.707089  0.702279  0.67761  0.672683  0.636401  0.633598  0.590373  0.592228  0.54715  0.556014  0.513778  0.531376  0.495633  0.52266  0.495621  0.531399  0.513745  0.556055  0.547102  0.592281  0.590319  0.633652  0.63635  0.672728  0.677574  0.702306  0.707073  0.71671  0.719923  
0.691343  0.689899  0.685566  0.667788  0.662221  0.630736  0.625875  0.584963  0.583299  0.538097  0.542212  0.497843  0.509955  0.470749  0.49226  0.461195  0.492272  0.470725  0.509989  0.4978  0.542261  0.538042  0.583355  0.584907  0.625927  0.63069  0.662259  0.667761  0.685582  0.689895  0.691333  
0.667877  0.664579  0.654685  0.649237  0.624031  0.617955  0.581033  0.576614  0.532881  0.532756  0.487541  0.494262  0.452449  0.468015  0.433335  0.458717  0.433323  0.468039  0.452414  0.494306  0.487491  0.532812  0.532823  0.576671  0.58098  0.618002  0.623992  0.649265  0.654669  0.664582  0.667887  
0.638495  0.636949  0.632309  0.614496  0.60807  0.576646  0.570377  0.529719  0.526133  0.481507  0.483313  0.439964  0.449602  0.411928  0.431073  0.402028  0.431085  0.411903  0.449637  0.43992  0.483364  0.481452  0.526191  0.529662  0.57043  0.576599  0.608108  0.614468  0.632325  0.636945  0.638485  
0.613649  0.610392  0.60062  0.594652  0.569941  0.562772  0.526699  0.5206  0.478075  0.475738  0.432113  0.436241  0.396421  0.409242  0.376937  0.399664  0.376924  0.409266  0.396386  0.436284  0.432063  0.475793  0.478017  0.520657  0.526646  0.562819  0.569903  0.59468  0.600605  0.610395  0.613659  
0.582875  0.581271  0.576458  0.559274  0.55212  0.521919  0.514329  0.475386  0.469878  0.427372  0.426729  0.385839  0.392664  0.357728  0.373905  0.347786  0.373917  0.357705  0.392698  0.385797  0.426779  0.427318  0.469934  0.475331  0.514381  0.521873  0.552157  0.559247  0.576474  0.581268  0.582866  
0.555751  0.552645  0.543327  0.537001  0.513627  0.50555  0.471526  0.46392  0.423965  0.419525  0.378823  0.380334  0.343648  0.353487  0.324404  0.343952  0.324393  0.35351  0.343615  0.380376  0.378774  0.419577  0.423911  0.463973  0.471476  0.505595  0.513591  0.537027  0.543312  0.552648  0.55576  
0.522803  0.521191  0.516357  0.500346  0.492698  0.464662  0.456039  0.419991  0.412859  0.373704  0.37085  0.333523  0.337618  0.306258  0.319292  0.296603  0.319304  0.306236  0.33765  0.333483  0.370897  0.373653  0.412911  0.41994  0.456087  0.46462  0.492733  0.50032  0.516372  0.521188  0.522794  
0.492413  0.489553  0.48097  0.474523  0.453181  0.444547  0.413566  0.404881  0.368624  0.362523  0.325821  0.32507  0.292383  0.299381  0.27406  0.290251  0.274049  0.299402  0.292352  0.325108  0.325777  0.362571  0.368575  0.40493  0.41352  0.444587  0.453149  0.474547  0.480957  0.489555  0.492422  
0.456399  0.454844  0.450177  0.435805  0.428028  0.402963  0.393813  0.361674  0.353507  0.318752  0.31426  0.281404  0.283185  0.256021  0.26604  0.247026  0.26605  0.256001  0.283214  0.281368  0.314301  0.318707  0.353553  0.361628  0.393856  0.402925  0.428059  0.435782  0.450189  0.454841  0.456392  
0.421798  0.41927  0.411686  0.405444  0.386755  0.378097  0.351044  0.341964  0.310411  0.303383  0.271631  0.269263  0.241295  0.245856  0.22466  0.237535  0.22465  0.245874  0.241268  0.269296  0.271593  0.303425  0.310369  0.342007  0.351005  0.378132  0.386727  0.405465  0.411675  0.419273  0.421805  
0.381904  0.380483  0.376219  0.363927  0.356528  0.335181  0.326226  0.298934  0.290575  0.26119  0.25588  0.228314  0.228422  0.20596  0.213275  0.198037  0.213284  0.205943  0.228446  0.228283  0.255915  0.261152  0.290614  0.298896  0.326262  0.335149  0.356554  0.363909  0.376229  0.380481  0.381898  
0.342402  0.340295  0.333975  0.328361  0.312923  0.304943  0.282668  0.274082  0.248191  0.241178  0.215266  0.212109  0.189507  0.192182  0.175383  0.185101  0.175376  0.192197  0.189485  0.212136  0.215235  0.241212  0.248156  0.274117  0.282636  0.304971  0.312901  0.328377  0.333966  0.340297  0.342408  
0.298169  0.296975  0.293393  0.283624  0.277223  0.260326  0.252442  0.230907  0.223353  0.200263  0.195093  0.173577  0.172756  0.155439  0.160445  0.149013  0.160451  0.155426  0.172774  0.173553  0.19512  0.200233  0.223383  0.230878  0.25247  0.260302  0.277242  0.283609  0.293402  0.296973  0.298164  
0.253613  0.252019  0.247236  0.24273  0.231136  0.22463  0.207953  0.200849  0.181529  0.17555  0.156307  0.153239  0.136589  0.137964  0.125784  0.132541  0.125778  0.137975  0.136573  0.153258  0.156284  0.175574  0.181504  0.200874  0.207929  0.22465  0.231119  0.242742  0.247229  0.25202  0.253617  
0.205233  0.204365  0.20176  0.19494  0.190192  0.178441  0.172532  0.157598  0.151855  0.1359  0.131809  0.117021  0.115991  0.104201  0.107281  0.099661  0.107286  0.104192  0.116003  0.117005  0.131828  0.13588  0.151876  0.157578  0.172551  0.178425  0.190205  0.194931  0.201765  0.204364  0.20523  
0.156254  0.155256  0.152262  0.149328  0.142113  0.137838  0.127486  0.122782  0.110823  0.106799  0.0949308  0.0927287  0.0825189  0.0831085  0.0757223  0.0796947  0.0757189  0.0831152  0.0825092  0.0927409  0.0949168  0.106814  0.110807  0.122797  0.127472  0.137851  0.142103  0.149336  0.152258  0.155257  0.156256  
0.104756  0.104297  0.102921  0.0994077  0.0968708  0.0908333  0.0876602  0.0800029  0.0768971  0.068736  0.0664799  0.0589422  0.0582701  0.0522966  0.0537537  0.0499442  0.053756  0.0522921  0.0582765  0.0589341  0.0664893  0.0687258  0.0769076  0.0799926  0.0876698  0.0908249  0.0968776  0.0994027  0.102923  0.104296  0.104754  
0.0528192  0.052479  0.0514583  0.0504383  0.0479863  0.0464936  0.0429808  0.0413329  0.0372808  0.0358617  0.0318484  0.0310504  0.0276084  0.0277634  0.0252876  0.0265974  0.0252865  0.0277656  0.0276051  0.0310545  0.0318437  0.0358668  0.0372755  0.0413381  0.0429761  0.0464978  0.0479829  0.0504408  0.0514569  0.0524793  0.05282  
0  0  0  0  0  0  0  0  0  0  0  0  0  0  0  0  0  0  0  0  0  0  0  0  0  0  0  0  0  0  0  
