1  1  1  1  1  1  1  1  1  1  1  1  1  1  1  1  1  1  1  1  1  1  1  1  1  1  1  1  1  1  1  
-2.03173e+09  -6.84719e+08  3.35631e+09  -5.97617e+09  8.53302e+09  -1.10102e+10  1.33853e+10  -1.56311e+10  1.77167e+10  -1.96093e+10  2.12765e+10  -2.26875e+10  2.38152e+10  -2.46375e+10  2.51377e+10  -2.53058e+10  2.51383e+10  -2.46386e+10  2.38169e+10  -2.26896e+10  2.1279e+10  -1.9612e+10  1.77195e+10  -1.56338e+10  1.33879e+10  -1.10125e+10  8.53489e+09  -5.97753e+09  3.3571e+09  -6.84881e+08  -2.03221e+09  
4.0153e+09  1.35309e+09  -6.63354e+09  1.181e+10  -1.68581e+10  2.17435e+10  -2.64211e+10  3.08372e+10  -3.49312e+10  3.86401e+10  -4.19017e+10  4.46578e+10  -4.68576e+10  4.84599e+10  -4.94339e+10  4.97611e+10  -4.94351e+10  4.84622e+10  -4.6861e+10  4.4662e+10  -4.19066e+10  3.86455e+10  -3.49367e+10  3.08426e+10  -2.64262e+10  2.1748e+10  -1.68618e+10  1.18127e+10  -6.6351e+09  1.35341e+09  4.01625e+09  
-5.90467e+09  -1.98948e+09  9.75608e+09  -1.73655e+10  2.47771e+10  -3.19369e+10  3.87767e+10  -4.52174e+10  5.11718e+10  -5.65509e+10  6.12679e+10  -6.52437e+10  6.84101e+10  -7.07121e+10  7.21097e+10  -7.25789e+10  7.21115e+10  -7.07155e+10  6.84151e+10  -6.525e+10  6.12752e+10  -5.65588e+10  5.118e+10  -4.52254e+10  3.87843e+10  -3.19436e+10  2.47826e+10  -1.73695e+10  9.75839e+09  -1.98996e+09  -5.90607e+09  
7.65792e+09  2.57968e+09  -1.26551e+10  2.25192e+10  -3.2111e+10  4.13541e+10  -5.01571e+10  5.8417e+10  -6.60243e+10  7.28697e+10  -7.88497e+10  8.38721e+10  -8.78595e+10  9.07512e+10  -9.25038e+10  9.30917e+10  -9.25061e+10  9.07557e+10  -8.78661e+10  8.38804e+10  -7.88593e+10  7.28801e+10  -6.60351e+10  5.84276e+10  -5.0167e+10  4.13629e+10  -3.21183e+10  2.25245e+10  -1.26581e+10  2.5803e+09  7.65977e+09  
-9.23892e+09  -3.11142e+09  1.52711e+10  -2.71652e+10  3.87072e+10  -4.97959e+10  6.03164e+10  -7.01446e+10  7.91533e+10  -8.722e+10  9.42329e+10  -1.00096e+11  1.04733e+11  -1.08085e+11  1.10112e+11  -1.10791e+11  1.10115e+11  -1.0809e+11  1.04741e+11  -1.00106e+11  9.42446e+10  -8.72327e+10  7.91665e+10  -7.01576e+10  6.03286e+10  -4.98067e+10  3.87161e+10  -2.71717e+10  1.52748e+10  -3.11219e+09  -9.24118e+09  
1.06186e+10  3.57488e+09  -1.75563e+10  3.12186e+10  -4.44451e+10  5.71075e+10  -6.90677e+10  8.01834e+10  -9.03153e+10  9.9335e+10  -1.07131e+11  1.13615e+11  -1.18717e+11  1.22391e+11  -1.24607e+11  1.25349e+11  -1.24611e+11  1.22398e+11  -1.18727e+11  1.13627e+11  -1.07145e+11  9.93499e+10  -9.03308e+10  8.01987e+10  -6.9082e+10  5.71201e+10  -4.44555e+10  3.12262e+10  -1.75607e+10  3.57578e+09  1.06213e+10  
-1.17758e+10  -3.96291e+09  1.94759e+10  -3.46182e+10  4.92394e+10  -6.31825e+10  7.62872e+10  -8.83963e+10  9.93638e+10  -1.09063e+11  1.17392e+11  -1.24275e+11  1.29661e+11  -1.33523e+11  1.35845e+11  -1.3662e+11  1.35848e+11  -1.3353e+11  1.29672e+11  -1.24288e+11  1.17407e+11  -1.0908e+11  9.93814e+10  -8.84136e+10  7.63034e+10  -6.31969e+10  4.92512e+10  -3.46268e+10  1.94808e+10  -3.96392e+09  -1.17788e+10  
1.26976e+10  4.27115e+09  -2.10083e+10  3.73271e+10  -5.3041e+10  6.79637e+10  -8.19142e+10  9.47242e+10  -1.06246e+11  1.16362e+11  -1.24985e+11  1.32062e+11  -1.37566e+11  1.41491e+11  -1.43843e+11  1.44627e+11  -1.43847e+11  1.41499e+11  -1.37578e+11  1.32077e+11  -1.25002e+11  1.16381e+11  -1.06266e+11  9.47433e+10  -8.19321e+10  6.79795e+10  -5.3054e+10  3.73366e+10  -2.10137e+10  4.27227e+09  1.27009e+10  
-1.33791e+10  -4.49802e+09  2.21452e+10  -3.93323e+10  5.58354e+10  -7.144e+10  8.59466e+10  -9.91796e+10  1.10995e+11  -1.21288e+11  1.29992e+11  -1.37082e+11  1.42558e+11  -1.46441e+11  1.48758e+11  -1.49529e+11  1.48763e+11  -1.4645e+11  1.42571e+11  -1.37098e+11  1.30011e+11  -1.21308e+11  1.11016e+11  -9.92003e+10  8.5966e+10  -7.14571e+10  5.58494e+10  -3.93425e+10  2.21511e+10  -4.49923e+09  -1.33827e+10  
1.38229e+10  4.6445e+09  -2.28907e+10  4.06424e+10  -5.76399e+10  7.3642e+10  -8.8434e+10  1.01836e+11  -1.13712e+11  1.23973e+11  -1.32579e+11  1.39531e+11  -1.44862e+11  1.48619e+11  -1.50851e+11  1.51592e+11  -1.50856e+11  1.48629e+11  -1.44876e+11  1.39548e+11  -1.32599e+11  1.23995e+11  -1.13734e+11  1.01858e+11  -8.84546e+10  7.36603e+10  -5.76548e+10  4.06533e+10  -2.28969e+10  4.64578e+09  1.38267e+10  
-1.40383e+10  -4.71382e+09  2.32597e+10  -4.12857e+10  5.8499e+10  -7.46353e+10  8.94675e+10  -1.02815e+11  1.14553e+11  -1.2461e+11  1.32973e+11  -1.39673e+11  1.44769e+11  -1.48338e+11  1.50447e+11  -1.51146e+11  1.50452e+11  -1.48348e+11  1.44784e+11  -1.39691e+11  1.32994e+11  -1.24633e+11  1.14576e+11  -1.02838e+11  8.94891e+10  -7.46544e+10  5.85146e+10  -4.1297e+10  2.32662e+10  -4.71516e+09  -1.40423e+10  
1.40402e+10  4.71111e+09  -2.32761e+10  4.13058e+10  -5.84791e+10  7.45124e+10  -8.91701e+10  1.02274e+11  -1.1371e+11  1.23429e+11  -1.31441e+11  1.37803e+11  -1.42605e+11  1.45944e+11  -1.47908e+11  1.48557e+11  -1.47913e+11  1.45954e+11  -1.4262e+11  1.37822e+11  -1.31462e+11  1.23453e+11  -1.13735e+11  1.02298e+11  -8.91925e+10  7.45322e+10  -5.84953e+10  4.13176e+10  -2.32828e+10  4.71249e+09  1.40443e+10  
-1.38476e+10  -4.64295e+09  2.2971e+10  -4.07589e+10  5.76631e+10  -7.33855e+10  8.7686e+10  -1.00391e+11  1.11398e+11  -1.20678e+11  1.28263e+11  -1.34234e+11  1.38704e+11  -1.4179e+11  1.43596e+11  -1.44192e+11  1.43602e+11  -1.41801e+11  1.38719e+11  -1.34253e+11  1.28285e+11  -1.20702e+11  1.11423e+11  -1.00415e+11  8.77088e+10  -7.34057e+10  5.76796e+10  -4.07709e+10  2.29778e+10  -4.64435e+09  -1.38517e+10  
1.34827e+10  4.51694e+09  -2.23803e+10  3.97093e+10  -5.61443e+10  7.13787e+10  -8.51707e+10  9.73531e+10  -1.07837e+11  1.16607e+11  -1.23718e+11  1.29269e+11  -1.33391e+11  1.36217e+11  -1.37862e+11  1.38403e+11  -1.37867e+11  1.36228e+11  -1.33406e+11  1.29288e+11  -1.2374e+11  1.16632e+11  -1.07862e+11  9.73778e+10  -8.51938e+10  7.1399e+10  -5.6161e+10  3.97214e+10  -2.23872e+10  4.51835e+09  1.34869e+10  
-1.29694e+10  -4.34127e+09  2.15431e+10  -3.8226e+10  5.4022e+10  -6.8621e+10  8.17836e+10  -9.33497e+10  1.03242e+11  -1.1146e+11  1.18071e+11  -1.23192e+11  1.26965e+11  -1.29533e+11  1.3102e+11  -1.31508e+11  1.31026e+11  -1.29544e+11  1.2698e+11  -1.23211e+11  1.18093e+11  -1.11484e+11  1.03267e+11  -9.33743e+10  8.18066e+10  -6.86413e+10  5.40386e+10  -3.8238e+10  2.155e+10  -4.34267e+09  -1.29736e+10  
1.23322e+10  4.12433e+09  -2.04993e+10  3.63796e+10  -5.13963e+10  6.52411e+10  -7.768e+10  8.85611e+10  -9.78168e+10  1.05458e+11  -1.11563e+11  1.16257e+11  -1.1969e+11  1.22012e+11  -1.23349e+11  1.23787e+11  -1.23354e+11  1.22022e+11  -1.19705e+11  1.16276e+11  -1.11585e+11  1.05482e+11  -9.78415e+10  8.85854e+10  -7.77027e+10  6.52612e+10  -5.14127e+10  3.63915e+10  -2.05061e+10  4.12571e+09  1.23363e+10  
-1.15953e+10  -3.87434e+09  1.92884e+10  -3.42395e+10  4.83645e+10  -6.13623e+10  7.30069e+10  -8.31551e+10  9.17478e+10  -9.88036e+10  1.04406e+11  -1.08686e+11  1.11794e+11  -1.13884e+11  1.15082e+11  -1.15474e+11  1.15088e+11  -1.13894e+11  1.11809e+11  -1.08704e+11  1.04428e+11  -9.8827e+10  9.17719e+10  -8.31789e+10  7.30291e+10  -6.13818e+10  4.83804e+10  -3.4251e+10  1.9295e+10  -3.87568e+09  -1.15992e+10  
1.07815e+10  3.59911e+09  -1.7948e+10  3.18711e+10  -4.50179e+10  5.70989e+10  -6.78985e+10  7.72825e+10  -8.51985e+10  9.16696e+10  -9.67815e+10  1.00664e+11  -1.03467e+11  1.05342e+11  -1.06412e+11  1.06761e+11  -1.06417e+11  1.05352e+11  -1.03482e+11  1.00682e+11  -9.68023e+10  9.16922e+10  -8.52218e+10  7.73054e+10  -6.792e+10  5.71178e+10  -4.50333e+10  3.18822e+10  -1.79543e+10  3.60039e+09  1.07853e+10  
-9.91183e+09  -3.30575e+09  1.65125e+10  -2.93347e+10  4.14399e+10  -5.2554e+10  6.24742e+10  -7.10751e+10  7.83099e+10  -8.42032e+10  8.88393e+10  -9.23435e+10  9.48615e+10  -9.65369e+10  9.74898e+10  -9.77998e+10  9.74947e+10  -9.65464e+10  9.48752e+10  -9.23607e+10  8.88591e+10  -8.42248e+10  7.83321e+10  -7.1097e+10  6.24946e+10  -5.2572e+10  4.14545e+10  -2.93453e+10  1.65185e+10  -3.30697e+09  -9.91547e+09  
9.00499e+09  3.00057e+09  -1.50127e+10  2.66836e+10  -3.77035e+10  4.78174e+10  -5.68365e+10  6.46449e+10  -7.11998e+10  7.65253e+10  -8.07012e+10  8.38458e+10  -8.60962e+10  8.75876e+10  -8.84331e+10  8.87077e+10  -8.84377e+10  8.75965e+10  -8.61091e+10  8.3862e+10  -8.07199e+10  7.65456e+10  -7.12207e+10  6.46655e+10  -5.68558e+10  4.78343e+10  -3.77173e+10  2.66935e+10  -1.50184e+10  3.00171e+09  9.0084e+09  
-8.07682e+09  -2.68891e+09  1.34748e+10  -2.39633e+10  3.38713e+10  -4.29649e+10  5.10713e+10  -5.8084e+10  6.39634e+10  -6.87318e+10  7.24622e+10  -7.52633e+10  7.72617e+10  -7.85818e+10  7.93283e+10  -7.95704e+10  7.93325e+10  -7.85901e+10  7.72736e+10  -7.52784e+10  7.24796e+10  -6.87507e+10  6.39829e+10  -5.81031e+10  5.10891e+10  -4.29806e+10  3.3884e+10  -2.39725e+10  1.34801e+10  -2.68996e+09  -8.07997e+09  
7.14031e+09  2.37512e+09  -1.19204e+10  2.12114e+10  -2.9994e+10  3.8058e+10  -4.52472e+10  5.14651e+10  -5.66751e+10  6.08962e+10  -6.41934e+10  6.66645e+10  -6.84232e+10  6.95822e+10  -7.02363e+10  7.04483e+10  -7.02402e+10  6.95899e+10  -6.84342e+10  6.66783e+10  -6.42094e+10  6.09135e+10  -5.66929e+10  5.14826e+10  -4.52635e+10  3.80723e+10  -3.00056e+10  2.12198e+10  -1.19252e+10  2.37608e+09  7.14318e+09  
-6.2055e+09  -2.06254e+09  1.03663e+10  -1.8457e+10  2.61113e+10  -3.3144e+10  3.94167e+10  -4.48432e+10  4.93898e+10  -5.30719e+10  5.59456e+10  -5.80966e+10  5.96251e+10  -6.06307e+10  6.11973e+10  -6.13808e+10  6.12008e+10  -6.06375e+10  5.96349e+10  -5.8109e+10  5.59599e+10  -5.30873e+10  4.94058e+10  -4.48589e+10  3.94313e+10  -3.31567e+10  2.61216e+10  -1.84645e+10  1.03706e+10  -2.0634e+09  -6.20806e+09  
5.27951e+09  1.7535e+09  -8.82453e+09  1.57209e+10  -2.22515e+10  2.82568e+10  -3.3617e+10  3.82566e+10  -4.21452e+10  4.52945e+10  -4.77517e+10  4.95896e+10  -5.08944e+10  5.17517e+10  -5.22343e+10  5.23905e+10  -5.22374e+10  5.17577e+10  -5.0903e+10  4.96005e+10  -4.77642e+10  4.5308e+10  -4.21592e+10  3.82703e+10  -3.36297e+10  2.82679e+10  -2.22605e+10  1.57275e+10  -8.82825e+09  1.75425e+09  5.28175e+09  
-4.36676e+09  -1.44942e+09  7.30258e+09  -1.30166e+10  1.84327e+10  -2.34178e+10  2.78712e+10  -3.17288e+10  3.49638e+10  -3.75847e+10  3.96297e+10  -4.1159e+10  4.2244e+10  -4.29564e+10  4.33572e+10  -4.34869e+10  4.33598e+10  -4.29615e+10  4.22513e+10  -4.11681e+10  3.96403e+10  -3.75962e+10  3.49756e+10  -3.17404e+10  2.78819e+10  -2.34272e+10  1.84404e+10  -1.30222e+10  7.30573e+09  -1.45005e+09  -4.36864e+09  
3.46913e+09  1.15086e+09  -5.80397e+09  1.03504e+10  -1.46636e+10  1.86372e+10  -2.21901e+10  2.52703e+10  -2.78551e+10  2.99502e+10  -3.15855e+10  3.28084e+10  -3.36758e+10  3.42451e+10  -3.45652e+10  3.46688e+10  -3.45673e+10  3.42492e+10  -3.36817e+10  3.28158e+10  -3.15941e+10  2.99595e+10  -2.78646e+10  2.52796e+10  -2.21988e+10  1.86448e+10  -1.46698e+10  1.03549e+10  -5.80651e+09  1.15136e+09  3.47065e+09  
-2.58637e+09  -8.57635e+08  4.32858e+09  -7.72238e+09  1.09446e+10  -1.39155e+10  1.65741e+10  -1.88806e+10  2.08175e+10  -2.23884e+10  2.36149e+10  -2.45322e+10  2.51829e+10  -2.56099e+10  2.58499e+10  -2.59275e+10  2.58515e+10  -2.5613e+10  2.51874e+10  -2.45378e+10  2.36214e+10  -2.23954e+10  2.08248e+10  -1.88877e+10  1.65807e+10  -1.39213e+10  1.09493e+10  -7.72576e+09  4.3305e+09  -8.58018e+08  -2.58752e+09  
1.7164e+09  5.68974e+08  -2.87331e+09  5.12766e+09  -7.26931e+09  9.24518e+09  -1.10145e+10  1.25505e+10  -1.3841e+10  1.48882e+10  -1.5706e+10  1.63179e+10  -1.67519e+10  1.70366e+10  -1.71967e+10  1.72485e+10  -1.71978e+10  1.70387e+10  -1.67549e+10  1.63217e+10  -1.57104e+10  1.48929e+10  -1.38459e+10  1.25552e+10  -1.10189e+10  9.24907e+09  -7.27246e+09  5.12993e+09  -2.8746e+09  5.69231e+08  1.71718e+09  
-8.55752e+08  -2.8362e+08  1.43278e+09  -2.55738e+09  3.62617e+09  -4.61263e+09  5.49633e+09  -6.26379e+09  6.90888e+09  -7.43245e+09  7.84149e+09  -8.14752e+09  8.36461e+09  -8.50707e+09  8.58713e+09  -8.61303e+09  8.58767e+09  -8.50812e+09  8.36613e+09  -8.14942e+09  7.84368e+09  -7.43483e+09  6.91132e+09  -6.26618e+09  5.49855e+09  -4.61458e+09  3.62775e+09  -2.55852e+09  1.43342e+09  -2.83749e+08  -8.5614e+08  
0  0  0  0  0  0  0  0  0  0  0  0  0  0  0  0  0  0  0  0  0  0  0  0  0  0  0  0  0  0  0  
