1  1  1  1  1  1  1  1  1  1  1  1  1  1  1  1  1  1  1  1  1  1  1  1  1  1  1  1  1  1  1  
6.15034e+18  2.07274e+18  -1.01601e+19  1.80909e+19  -2.58312e+19  3.33306e+19  -4.05213e+19  4.73208e+19  -5.36355e+19  5.93662e+19  -6.44141e+19  6.86865e+19  -7.21011e+19  7.45906e+19  -7.61048e+19  7.66131e+19  -7.6105e+19  7.45909e+19  -7.21016e+19  6.86871e+19  -6.44149e+19  5.9367e+19  -5.36363e+19  4.73217e+19  -4.05221e+19  3.33313e+19  -2.58318e+19  1.80913e+19  -1.01603e+19  2.07279e+18  6.15048e+18  
-1.2155e+19  -4.09603e+18  2.00809e+19  -3.57513e+19  5.10336e+19  -6.58238e+19  7.99858e+19  -9.33563e+19  1.05752e+20  -1.16983e+20  1.26859e+20  -1.35204e+20  1.41865e+20  -1.46716e+20  1.49665e+20  -1.50654e+20  1.49665e+20  -1.46717e+20  1.41866e+20  -1.35205e+20  1.2686e+20  -1.16984e+20  1.05754e+20  -9.33579e+19  7.99874e+19  -6.58251e+19  5.10347e+19  -3.57521e+19  2.00814e+19  -4.09613e+18  -1.21553e+19  
1.78748e+19  6.02262e+18  -2.9534e+19  5.257e+19  -7.50081e+19  9.66843e+19  -1.17393e+20  1.36894e+20  -1.54924e+20  1.71212e+20  -1.85496e+20  1.97535e+20  -2.07123e+20  2.14093e+20  -2.18324e+20  2.19743e+20  -2.18325e+20  2.14094e+20  -2.07125e+20  1.97537e+20  -1.85498e+20  1.71214e+20  -1.54926e+20  1.36897e+20  -1.17395e+20  9.66863e+19  -7.50097e+19  5.25712e+19  -2.95347e+19  6.02276e+18  1.78753e+19  
-2.3183e+19  -7.80949e+18  3.8311e+19  -6.81738e+19  9.72129e+19  -1.25197e+20  1.51851e+20  -1.76861e+20  1.99897e+20  -2.20627e+20  2.38736e+20  -2.53946e+20  2.66021e+20  -2.74777e+20  2.80083e+20  -2.8186e+20  2.80083e+20  -2.74778e+20  2.66023e+20  -2.53948e+20  2.38739e+20  -2.2063e+20  1.99901e+20  -1.76865e+20  1.51854e+20  -1.252e+20  9.72151e+19  -6.81754e+19  3.83119e+19  -7.80968e+18  -2.31835e+19  
2.79702e+19  9.41957e+18  -4.62322e+19  8.22417e+19  -1.17186e+20  1.5076e+20  -1.82616e+20  2.12377e+20  -2.39658e+20  2.64087e+20  -2.85326e+20  3.03084e+20  -3.17127e+20  3.27277e+20  -3.33414e+20  3.35467e+20  -3.33415e+20  3.27279e+20  -3.17129e+20  3.03087e+20  -2.8533e+20  2.64091e+20  -2.39662e+20  2.1238e+20  -1.82619e+20  1.50764e+20  -1.17189e+20  8.22437e+19  -4.62333e+19  9.4198e+18  2.79708e+19  
-3.21484e+19  -1.08231e+19  5.31529e+19  -9.45174e+19  1.34564e+20  -1.72905e+20  2.09122e+20  -2.42784e+20  2.73468e+20  -3.00786e+20  3.244e+20  -3.44038e+20  3.59493e+20  -3.70621e+20  3.7733e+20  -3.79572e+20  3.77331e+20  -3.70623e+20  3.59495e+20  -3.44042e+20  3.24405e+20  -3.00791e+20  2.73473e+20  -2.42788e+20  2.09126e+20  -1.72909e+20  1.34567e+20  -9.45197e+19  5.31542e+19  -1.08234e+19  -3.21492e+19  
3.56537e+19  1.19985e+19  -5.89674e+19  1.04815e+20  -1.49087e+20  1.91309e+20  -2.30994e+20  2.67667e+20  -3.00885e+20  3.30264e+20  -3.55493e+20  3.76343e+20  -3.92662e+20  4.04359e+20  -4.11389e+20  4.13734e+20  -4.1139e+20  4.04361e+20  -3.92665e+20  3.76347e+20  -3.55498e+20  3.30269e+20  -3.00891e+20  2.67672e+20  -2.30999e+20  1.91313e+20  -1.49091e+20  1.04818e+20  -5.89689e+19  1.19988e+19  3.56547e+19  
-3.84468e+19  -1.29325e+19  6.36106e+19  -1.13024e+20  1.60607e+20  -2.05798e+20  2.48048e+20  -2.86847e+20  3.21749e+20  -3.52393e+20  3.78517e+20  -3.99957e+20  4.16633e+20  -4.28525e+20  4.35646e+20  -4.38017e+20  4.35647e+20  -4.28527e+20  4.16636e+20  -3.99962e+20  3.78522e+20  -3.52399e+20  3.21755e+20  -2.86853e+20  2.48053e+20  -2.05803e+20  1.60611e+20  -1.13027e+20  6.36122e+19  -1.29328e+19  -3.84478e+19  
4.05128e+19  1.36203e+19  -6.70573e+19  1.19103e+20  -1.6908e+20  2.16339e+20  -2.60277e+20  3.00361e+20  -3.36155e+20  3.67338e+20  -3.93713e+20  4.15195e+20  -4.31789e+20  4.43556e+20  -4.50574e+20  4.52905e+20  -4.50575e+20  4.43558e+20  -4.31793e+20  4.152e+20  -3.93719e+20  3.67345e+20  -3.36161e+20  3.00367e+20  -2.60283e+20  2.16344e+20  -1.69084e+20  1.19106e+20  -6.70591e+19  1.36206e+19  4.05139e+19  
-4.18596e+19  -1.40648e+19  6.93196e+19  -1.23079e+20  1.74557e+20  -2.23024e+20  2.6783e+20  -3.08431e+20  3.44412e+20  -3.75504e+20  4.01584e+20  -4.22654e+20  4.3881e+20  -4.50195e+20  4.56956e+20  -4.59197e+20  4.56957e+20  -4.50198e+20  4.38814e+20  -4.22659e+20  4.0159e+20  -3.7551e+20  3.44418e+20  -3.08438e+20  2.67837e+20  -2.2303e+20  1.74561e+20  -1.23082e+20  6.93215e+19  -1.40652e+19  -4.18607e+19  
4.25151e+19  1.42758e+19  -7.04423e+19  1.25036e+20  -1.77173e+20  2.26051e+20  -2.70983e+20  3.11424e+20  -3.46989e+20  3.77469e+20  -4.02817e+20  4.23123e+20  -4.38572e+20  4.49388e+20  -4.55779e+20  4.57893e+20  -4.55781e+20  4.49391e+20  -4.38576e+20  4.23128e+20  -4.02823e+20  3.77476e+20  -3.46996e+20  3.11431e+20  -2.7099e+20  2.26056e+20  -1.77177e+20  1.2504e+20  -7.04443e+19  1.42762e+19  4.25163e+19  
-4.25242e+19  -1.42687e+19  7.04978e+19  -1.25108e+20  1.77127e+20  -2.25698e+20  2.70106e+20  -3.09813e+20  3.4447e+20  -3.73927e+20  3.98213e+20  -4.17502e+20  4.3206e+20  -4.42181e+20  4.48132e+20  -4.50095e+20  4.48134e+20  -4.42184e+20  4.32064e+20  -4.17508e+20  3.9822e+20  -3.73934e+20  3.44477e+20  -3.0982e+20  2.70113e+20  -2.25704e+20  1.77132e+20  -1.25112e+20  7.04998e+19  -1.42692e+19  -4.25255e+19  
4.19446e+19  1.40635e+19  -6.95798e+19  1.23462e+20  -1.74671e+20  2.22305e+20  -2.65635e+20  3.04136e+20  -3.37498e+20  3.65628e+20  -3.88624e+20  4.06731e+20  -4.20285e+20  4.29643e+20  -4.35116e+20  4.36916e+20  -4.35118e+20  4.29646e+20  -4.2029e+20  4.06737e+20  -3.8863e+20  3.65636e+20  -3.37506e+20  3.04143e+20  -2.65642e+20  2.22311e+20  -1.74676e+20  1.23466e+20  -6.95818e+19  1.40639e+19  4.19459e+19  
-4.08431e+19  -1.36831e+19  6.77969e+19  -1.20294e+20  1.70087e+20  -2.16246e+20  2.5804e+20  -2.94962e+20  3.2674e+20  -3.53332e+20  3.74892e+20  -3.91728e+20  4.04229e+20  -4.12798e+20  4.17784e+20  -4.19419e+20  4.17786e+20  -4.12802e+20  4.04234e+20  -3.91734e+20  3.74899e+20  -3.53339e+20  3.26748e+20  -2.9497e+20  2.58047e+20  -2.16252e+20  1.70092e+20  -1.20298e+20  6.7799e+19  -1.36835e+19  -4.08443e+19  
3.92919e+19  1.31522e+19  -6.52669e+19  1.15812e+20  -1.63673e+20  2.07912e+20  -2.47803e+20  2.82861e+20  -3.1285e+20  3.37768e+20  -3.57819e+20  3.73351e+20  -3.84795e+20  3.92585e+20  -3.97093e+20  3.98568e+20  -3.97095e+20  3.92588e+20  -3.84799e+20  3.73357e+20  -3.57826e+20  3.37776e+20  -3.12857e+20  2.82868e+20  -2.4781e+20  2.07918e+20  -1.63678e+20  1.15815e+20  -6.5269e+19  1.31526e+19  3.92932e+19  
-3.73652e+19  -1.24962e+19  6.21108e+19  -1.10229e+20  1.55733e+20  -1.97691e+20  2.35393e+20  -2.68378e+20  2.96441e+20  -3.19615e+20  3.38132e+20  -3.52371e+20  3.62785e+20  -3.69828e+20  3.73883e+20  -3.75205e+20  3.73884e+20  -3.69831e+20  3.6279e+20  -3.52377e+20  3.38138e+20  -3.19622e+20  2.96449e+20  -2.68386e+20  2.354e+20  -1.97697e+20  1.55738e+20  -1.10232e+20  6.21128e+19  -1.24966e+19  -3.73664e+19  
3.51359e+19  1.17399e+19  -5.84479e+19  1.03755e+20  -1.46562e+20  1.85956e+20  -2.21254e+20  2.52021e+20  -2.78077e+20  2.99477e+20  -3.16472e+20  3.29456e+20  -3.38888e+20  3.45228e+20  -3.48861e+20  3.50042e+20  -3.48862e+20  3.45231e+20  -3.38893e+20  3.29461e+20  -3.16479e+20  2.99484e+20  -2.78084e+20  2.52029e+20  -2.21261e+20  1.85962e+20  -1.46566e+20  1.03758e+20  -5.84499e+19  1.17404e+19  3.51371e+19  
-3.26733e+19  -1.09071e+19  5.43917e+19  -9.65879e+19  1.36434e+20  -1.73054e+20  2.05794e+20  -2.34247e+20  2.58253e+20  -2.77881e+20  2.9339e+20  -3.05169e+20  3.13677e+20  -3.19364e+20  3.22608e+20  -3.23661e+20  3.2261e+20  -3.19367e+20  3.13682e+20  -3.05175e+20  2.93396e+20  -2.77888e+20  2.5826e+20  -2.34254e+20  2.05801e+20  -1.7306e+20  1.36439e+20  -9.65913e+19  5.43936e+19  -1.09075e+19  -3.26745e+19  
3.0041e+19  1.00191e+19  -5.00467e+19  8.89104e+19  -1.25603e+20  1.59296e+20  -1.89373e+20  2.15454e+20  -2.37396e+20  2.55273e+20  -2.69339e+20  2.79973e+20  -2.87614e+20  2.92698e+20  -2.95587e+20  2.96522e+20  -2.95588e+20  2.92701e+20  -2.87618e+20  2.79978e+20  -2.69345e+20  2.5528e+20  -2.37403e+20  2.1546e+20  -1.89379e+20  1.59301e+20  -1.25608e+20  8.89136e+19  -5.00485e+19  1.00195e+19  3.00421e+19  
-2.72954e+19  -9.09508e+18  4.55057e+19  -8.08834e+19  1.1429e+20  -1.44953e+20  1.72301e+20  -1.9598e+20  2.15862e+20  -2.32018e+20  2.44689e+20  -2.54232e+20  2.61062e+20  -2.65587e+20  2.6815e+20  -2.68979e+20  2.68152e+20  -2.6559e+20  2.61066e+20  -2.54237e+20  2.44695e+20  -2.32024e+20  2.15868e+20  -1.95987e+20  1.72306e+20  -1.44958e+20  1.14294e+20  -8.08864e+19  4.55074e+19  -9.09543e+18  -2.72964e+19  
2.44844e+19  8.15124e+18  -4.08483e+19  7.2645e+19  -1.02684e+20  1.30256e+20  -1.54838e+20  1.76106e+20  -1.93941e+20  2.08408e+20  -2.19727e+20  2.28228e+20  -2.34293e+20  2.38299e+20  -2.40562e+20  2.41292e+20  -2.40563e+20  2.38301e+20  -2.34297e+20  2.28233e+20  -2.19732e+20  2.08413e+20  -1.93947e+20  1.76112e+20  -1.54843e+20  1.30261e+20  -1.02687e+20  7.26478e+19  -4.08499e+19  8.15155e+18  2.44854e+19  
-2.16476e+19  -7.20072e+18  3.61398e+19  -6.43088e+19  9.0938e+19  -1.15391e+20  1.37193e+20  -1.56052e+20  1.71857e+20  -1.84664e+20  1.94669e+20  -2.02169e+20  2.07507e+20  -2.11023e+20  2.13006e+20  -2.13645e+20  2.13007e+20  -2.11026e+20  2.0751e+20  -2.02173e+20  1.94674e+20  -1.84669e+20  1.71862e+20  -1.56058e+20  1.37198e+20  -1.15395e+20  9.09415e+19  -6.43113e+19  3.61413e+19  -7.20101e+18  -2.16484e+19  
1.88152e+19  6.25363e+18  -3.1431e+19  5.59629e+19  -7.9173e+19  1.005e+20  -1.19525e+20  1.35985e+20  -1.49777e+20  1.60949e+20  -1.6967e+20  1.76198e+20  -1.80837e+20  1.83888e+20  -1.85605e+20  1.86158e+20  -1.85607e+20  1.8389e+20  -1.8084e+20  1.76202e+20  -1.69674e+20  1.60954e+20  -1.49782e+20  1.35989e+20  -1.19529e+20  1.00504e+20  -7.91762e+19  5.59651e+19  -3.14323e+19  6.25389e+18  1.8816e+19  
-1.60089e+19  -5.31708e+18  2.67585e+19  -4.7671e+19  6.74751e+19  -8.56878e+19  1.01946e+20  -1.1602e+20  1.27817e+20  -1.37373e+20  1.44829e+20  -1.50407e+20  1.54367e+20  -1.56968e+20  1.58431e+20  -1.58901e+20  1.58432e+20  -1.5697e+20  1.5437e+20  -1.50411e+20  1.44833e+20  -1.37377e+20  1.27821e+20  -1.16024e+20  1.0195e+20  -8.56911e+19  6.74779e+19  -4.7673e+19  2.67596e+19  -5.31731e+18  -1.60096e+19  
1.32422e+19  4.39536e+18  -2.21452e+19  3.94736e+19  -5.58992e+19  7.10186e+19  -8.45268e+19  9.62291e+19  -1.06044e+20  1.13996e+20  -1.20203e+20  1.24844e+20  -1.28136e+20  1.30298e+20  -1.31512e+20  1.31903e+20  -1.31513e+20  1.30299e+20  -1.28139e+20  1.24846e+20  -1.20206e+20  1.14e+20  -1.06047e+20  9.62326e+19  -8.45301e+19  7.10215e+19  -5.59015e+19  3.94753e+19  -2.21461e+19  4.39555e+18  1.32428e+19  
-1.05208e+19  -3.49019e+18  1.76018e+19  -3.13901e+19  4.44717e+19  -5.6524e+19  6.73014e+19  -7.66455e+19  8.44877e+19  -9.08452e+19  9.58078e+19  -9.9519e+19  1.02151e+20  -1.03879e+20  1.04849e+20  -1.05161e+20  1.04849e+20  -1.0388e+20  1.02153e+20  -9.95212e+19  9.58104e+19  -9.0848e+19  8.44906e+19  -7.66483e+19  6.7304e+19  -5.65263e+19  4.44736e+19  -3.13915e+19  1.76025e+19  -3.49034e+18  -1.05213e+19  
7.84411e+18  2.60108e+18  -1.3128e+19  2.34212e+19  -3.31944e+19  4.22058e+19  -5.02705e+19  5.72679e+19  -6.31447e+19  6.79113e+19  -7.16333e+19  7.44173e+19  -7.63918e+19  7.76871e+19  -7.84144e+19  7.86482e+19  -7.84148e+19  7.7688e+19  -7.63931e+19  7.4419e+19  -7.16353e+19  6.79134e+19  -6.31469e+19  5.72701e+19  -5.02725e+19  4.22075e+19  -3.31958e+19  2.34222e+19  -1.31286e+19  2.6012e+18  7.84446e+18  
-5.20581e+18  -1.72568e+18  8.71471e+18  -1.55523e+19  2.20483e+19  -2.80417e+19  3.3409e+19  -3.80688e+19  4.19845e+19  -4.5162e+19  4.7644e+19  -4.95007e+19  5.08177e+19  -5.16816e+19  5.21666e+19  -5.23225e+19  5.21669e+19  -5.16822e+19  5.08186e+19  -4.95019e+19  4.76453e+19  -4.51634e+19  4.1986e+19  -3.80703e+19  3.34103e+19  -2.80429e+19  2.20492e+19  -1.55529e+19  8.7151e+18  -1.72576e+18  -5.20605e+18  
2.59554e+18  8.60232e+17  -4.34569e+18  7.75675e+18  -1.09986e+19  1.3991e+19  -1.66717e+19  1.90001e+19  -2.09574e+19  2.25461e+19  -2.37874e+19  2.47161e+19  -2.53749e+19  2.5807e+19  -2.60496e+19  2.61276e+19  -2.60498e+19  2.58074e+19  -2.53754e+19  2.47167e+19  -2.37881e+19  2.25468e+19  -2.09581e+19  1.90008e+19  -1.66724e+19  1.39915e+19  -1.09991e+19  7.75709e+18  -4.34588e+18  8.60271e+17  2.59566e+18  
0  0  0  0  0  0  0  0  0  0  0  0  0  0  0  0  0  0  0  0  0  0  0  0  0  0  0  0  0  0  0  
