1  1  1  1  1  1  1  1  1  1  1  1  1  1  1  1  1  1  1  1  1  1  1  1  1  1  1  1  1  1  1  
1.47145e+21  4.95896e+20  -2.43076e+21  4.32819e+21  -6.18005e+21  7.97425e+21  -9.69463e+21  1.13214e+22  -1.28322e+22  1.42032e+22  -1.5411e+22  1.64331e+22  -1.72501e+22  1.78457e+22  -1.82079e+22  1.83295e+22  -1.8208e+22  1.78457e+22  -1.72501e+22  1.64332e+22  -1.54111e+22  1.42034e+22  -1.28323e+22  1.13215e+22  -9.69473e+21  7.97435e+21  -6.18013e+21  4.32825e+21  -2.4308e+21  4.95903e+20  1.47147e+21  
-2.90805e+21  -9.79963e+20  4.80431e+21  -8.55339e+21  1.22097e+22  -1.57482e+22  1.91364e+22  -2.23353e+22  2.5301e+22  -2.79879e+22  3.03507e+22  -3.23474e+22  3.3941e+22  -3.51016e+22  3.5807e+22  -3.60437e+22  3.58071e+22  -3.51017e+22  3.39412e+22  -3.23475e+22  3.03509e+22  -2.79881e+22  2.53013e+22  -2.23355e+22  1.91366e+22  -1.57484e+22  1.22098e+22  -8.5535e+21  4.80437e+21  -9.79976e+20  -2.90809e+21  
4.27651e+21  1.4409e+21  -7.06594e+21  1.25772e+22  -1.79455e+22  2.31315e+22  -2.80861e+22  3.27517e+22  -3.70653e+22  4.09622e+22  -4.43796e+22  4.726e+22  -4.9554e+22  5.12215e+22  -5.22338e+22  5.25732e+22  -5.22339e+22  5.12217e+22  -4.95542e+22  4.72603e+22  -4.43799e+22  4.09625e+22  -3.70656e+22  3.2752e+22  -2.80864e+22  2.31318e+22  -1.79457e+22  1.25774e+22  -7.06603e+21  1.44091e+21  4.27656e+21  
-5.54647e+21  -1.8684e+21  9.16582e+21  -1.63104e+22  2.3258e+22  -2.99532e+22  3.63301e+22  -4.23138e+22  4.78252e+22  -5.27847e+22  5.71174e+22  -6.07563e+22  6.36452e+22  -6.57401e+22  6.70095e+22  -6.74348e+22  6.70096e+22  -6.57403e+22  6.36455e+22  -6.07566e+22  5.71178e+22  -5.27851e+22  4.78256e+22  -4.23143e+22  3.63305e+22  -2.99536e+22  2.32583e+22  -1.63106e+22  9.16594e+21  -1.86843e+21  -5.54655e+21  
6.6918e+21  2.25361e+21  -1.1061e+22  1.96762e+22  -2.80367e+22  3.60692e+22  -4.36906e+22  5.08109e+22  -5.73379e+22  6.31827e+22  -6.82642e+22  7.25128e+22  -7.58725e+22  7.83009e+22  -7.97692e+22  8.02604e+22  -7.97693e+22  7.83011e+22  -7.58728e+22  7.25132e+22  -6.82646e+22  6.31832e+22  -5.73384e+22  5.08114e+22  -4.36911e+22  3.60696e+22  -2.8037e+22  1.96764e+22  -1.10611e+22  2.25364e+21  6.69189e+21  
-7.69146e+21  -2.58941e+21  1.27167e+22  -2.26131e+22  3.21943e+22  -4.13673e+22  5.00322e+22  -5.80858e+22  6.54272e+22  -7.19631e+22  7.76129e+22  -8.23112e+22  8.60088e+22  -8.86712e+22  9.02764e+22  -9.08128e+22  9.02766e+22  -8.86714e+22  8.60092e+22  -8.23117e+22  7.76134e+22  -7.19637e+22  6.54278e+22  -5.80865e+22  5.00328e+22  -4.13678e+22  3.21947e+22  -2.26135e+22  1.27169e+22  -2.58945e+21  -7.69157e+21  
8.53012e+21  2.87062e+21  -1.41079e+22  2.5077e+22  -3.5669e+22  4.57705e+22  -5.52652e+22  6.40393e+22  -7.19869e+22  7.90159e+22  -8.50521e+22  9.00406e+22  -9.39448e+22  9.67434e+22  -9.84254e+22  9.89864e+22  -9.84255e+22  9.67437e+22  -9.39453e+22  9.00411e+22  -8.50527e+22  7.90166e+22  -7.19876e+22  6.404e+22  -5.52659e+22  4.57711e+22  -3.56695e+22  2.50773e+22  -1.41081e+22  2.87066e+21  8.53024e+21  
-9.19838e+21  -3.09409e+21  1.52188e+22  -2.70409e+22  3.84253e+22  -4.92372e+22  5.93456e+22  -6.86284e+22  7.69788e+22  -8.43106e+22  9.05609e+22  -9.56905e+22  9.96803e+22  -1.02525e+23  1.04229e+23  -1.04797e+23  1.04229e+23  -1.02526e+23  9.96808e+22  -9.56911e+22  9.05616e+22  -8.43113e+22  7.69796e+22  -6.86292e+22  5.93463e+22  -4.92378e+22  3.84258e+22  -2.70413e+22  1.5219e+22  -3.09413e+21  -9.19852e+21  
9.6927e+21  3.25865e+21  -1.60435e+22  2.84954e+22  -4.04525e+22  5.17593e+22  -6.22716e+22  7.18619e+22  -8.04258e+22  8.78866e+22  -9.4197e+22  9.93367e+22  -1.03307e+23  1.06122e+23  -1.07801e+23  1.08359e+23  -1.07801e+23  1.06122e+23  -1.03307e+23  9.93373e+22  -9.41977e+22  8.78874e+22  -8.04266e+22  7.18627e+22  -6.22724e+22  5.176e+22  -4.0453e+22  2.84958e+22  -1.60437e+22  3.2587e+21  9.69284e+21  
-1.00149e+22  -3.36501e+21  1.65848e+22  -2.94468e+22  4.1763e+22  -5.33589e+22  6.4079e+22  -7.37929e+22  8.24015e+22  -8.98405e+22  9.60804e+22  -1.01122e+23  1.04987e+23  -1.07711e+23  1.09329e+23  -1.09865e+23  1.09329e+23  -1.07712e+23  1.04988e+23  -1.01122e+23  9.60812e+22  -8.98414e+22  8.24024e+22  -7.37938e+22  6.40798e+22  -5.33597e+22  4.17636e+22  -2.94472e+22  1.6585e+22  -3.36506e+21  -1.00151e+22  
1.01718e+22  3.41551e+21  -1.68535e+22  2.99152e+22  -4.23889e+22  5.40832e+22  -6.48335e+22  7.45092e+22  -8.30185e+22  9.0311e+22  -9.63757e+22  1.01234e+23  -1.04931e+23  1.07518e+23  -1.09048e+23  1.09553e+23  -1.09048e+23  1.07519e+23  -1.04931e+23  1.01235e+23  -9.63766e+22  9.0312e+22  -8.30195e+22  7.45101e+22  -6.48344e+22  5.4084e+22  -4.23896e+22  2.99157e+22  -1.68537e+22  3.41556e+21  1.0172e+22  
-1.0174e+22  -3.41383e+21  1.68668e+22  -2.99324e+22  4.23783e+22  -5.3999e+22  6.4624e+22  -7.4124e+22  8.24161e+22  -8.9464e+22  9.52748e+22  -9.989e+22  1.03373e+23  -1.05795e+23  1.07218e+23  -1.07688e+23  1.07219e+23  -1.05795e+23  1.03374e+23  -9.98907e+22  9.52757e+22  -8.9465e+22  8.24171e+22  -7.4125e+22  6.46249e+22  -5.39998e+22  4.23789e+22  -2.99329e+22  1.68671e+22  -3.41389e+21  -1.01742e+22  
1.00354e+22  3.36475e+21  -1.66472e+22  2.95389e+22  -4.17908e+22  5.31874e+22  -6.35545e+22  7.27662e+22  -8.07485e+22  8.74789e+22  -9.29809e+22  9.73133e+22  -1.00556e+23  1.02795e+23  -1.04105e+23  1.04535e+23  -1.04105e+23  1.02796e+23  -1.00557e+23  9.73141e+22  -9.29818e+22  8.74799e+22  -8.07495e+22  7.27672e+22  -6.35554e+22  5.31882e+22  -4.17915e+22  2.95393e+22  -1.66475e+22  3.3648e+21  1.00356e+22  
-9.7719e+21  -3.27374e+21  1.62207e+22  -2.87809e+22  4.06941e+22  -5.1738e+22  6.17377e+22  -7.05717e+22  7.81749e+22  -8.45373e+22  8.9696e+22  -9.37242e+22  9.67152e+22  -9.87656e+22  9.99584e+22  -1.0035e+23  9.99586e+22  -9.8766e+22  9.67158e+22  -9.37249e+22  8.96969e+22  -8.45382e+22  7.8176e+22  -7.05727e+22  6.17386e+22  -5.17388e+22  4.06948e+22  -2.87814e+22  1.6221e+22  -3.2738e+21  -9.77207e+21  
9.40081e+21  3.14674e+21  -1.56155e+22  2.77086e+22  -3.91598e+22  4.97442e+22  -5.92886e+22  6.76766e+22  -7.48518e+22  8.0814e+22  -8.56114e+22  8.93278e+22  -9.20658e+22  9.39298e+22  -9.50085e+22  9.53611e+22  -9.50087e+22  9.39302e+22  -9.20665e+22  8.93285e+22  -8.56123e+22  8.08149e+22  -7.48528e+22  6.76776e+22  -5.92895e+22  4.97451e+22  -3.91604e+22  2.77091e+22  -1.56158e+22  3.14679e+21  9.40098e+21  
-8.93987e+21  -2.9898e+21  1.48604e+22  -2.6373e+22  3.72603e+22  -4.72991e+22  5.63196e+22  -6.42118e+22  7.09263e+22  -7.64709e+22  8.09015e+22  -8.43084e+22  8.68002e+22  -8.84853e+22  8.94555e+22  -8.97718e+22  8.94557e+22  -8.84858e+22  8.68008e+22  -8.43092e+22  8.09023e+22  -7.64719e+22  7.09273e+22  -6.42128e+22  5.63206e+22  -4.72999e+22  3.7261e+22  -2.63735e+22  1.48607e+22  -2.98985e+21  -8.94004e+21  
8.40654e+21  2.80887e+21  -1.39841e+22  2.48242e+22  -3.50661e+22  4.44917e+22  -5.29372e+22  6.02986e+22  -6.65328e+22  7.1653e+22  -7.57196e+22  7.88261e+22  -8.10831e+22  8.26e+22  -8.34691e+22  8.37518e+22  -8.34693e+22  8.26004e+22  -8.10837e+22  7.88269e+22  -7.57205e+22  7.1654e+22  -6.65338e+22  6.02996e+22  -5.29381e+22  4.44925e+22  -3.50667e+22  2.48246e+22  -1.39844e+22  2.80893e+21  8.4067e+21  
-7.81739e+21  -2.60961e+21  1.30137e+22  -2.31096e+22  3.26432e+22  -4.14049e+22  4.92384e+22  -5.60461e+22  6.179e+22  -6.64864e+22  7.01971e+22  -7.30157e+22  7.50514e+22  -7.64121e+22  7.71883e+22  -7.74401e+22  7.71885e+22  -7.64125e+22  7.50519e+22  -7.30164e+22  7.01979e+22  -6.64873e+22  6.17909e+22  -5.60471e+22  4.92392e+22  -4.14057e+22  3.26439e+22  -2.311e+22  1.3014e+22  -2.60966e+21  -7.81754e+21  
7.18762e+21  2.39717e+21  -1.19742e+22  2.12727e+22  -3.00519e+22  3.81133e+22  -4.53095e+22  5.15498e+22  -5.67999e+22  6.10774e+22  -6.4443e+22  6.69873e+22  -6.88158e+22  7.00321e+22  -7.07233e+22  7.0947e+22  -7.07235e+22  7.00325e+22  -6.88163e+22  6.6988e+22  -6.44438e+22  6.10783e+22  -5.68008e+22  5.15507e+22  -4.53104e+22  3.8114e+22  -3.00525e+22  2.12732e+22  -1.19744e+22  2.39722e+21  7.18777e+21  
-6.53072e+21  -2.1761e+21  1.08878e+22  -1.93523e+22  2.73453e+22  -3.46818e+22  4.12251e+22  -4.68909e+22  5.16479e+22  -5.55136e+22  5.85454e+22  -6.08287e+22  6.24629e+22  -6.35457e+22  6.4159e+22  -6.43571e+22  6.41591e+22  -6.3546e+22  6.24634e+22  -6.08294e+22  5.85461e+22  -5.55144e+22  5.16488e+22  -4.68917e+22  4.12259e+22  -3.46825e+22  2.73458e+22  -1.93527e+22  1.0888e+22  -2.17615e+21  -6.53086e+21  
5.8582e+21  1.95028e+21  -9.77346e+21  1.73812e+22  -2.45684e+22  3.11655e+22  -3.70471e+22  4.21359e+22  -4.64031e+22  4.98646e+22  -5.25731e+22  5.46071e+22  -5.60583e+22  5.70167e+22  -5.75582e+22  5.77328e+22  -5.75583e+22  5.70171e+22  -5.60588e+22  5.46078e+22  -5.25738e+22  4.98654e+22  -4.64039e+22  4.21367e+22  -3.70478e+22  3.11661e+22  -2.45689e+22  1.73816e+22  -9.77368e+21  1.95033e+21  5.85833e+21  
-5.17947e+21  -1.72287e+21  8.64694e+21  -1.53868e+22  2.17582e+22  -2.76088e+22  3.28254e+22  -3.73378e+22  4.11194e+22  -4.41838e+22  4.65778e+22  -4.83722e+22  4.96494e+22  -5.04909e+22  5.09652e+22  -5.11181e+22  5.09654e+22  -5.04912e+22  4.96498e+22  -4.83728e+22  4.65785e+22  -4.41845e+22  4.11201e+22  -3.73385e+22  3.28261e+22  -2.76094e+22  2.17586e+22  -1.53871e+22  8.64713e+21  -1.72291e+21  -5.17959e+21  
4.5018e+21  1.49627e+21  -7.52033e+21  1.33899e+22  -1.89433e+22  2.40462e+22  -2.85981e+22  3.25364e+22  -3.58367e+22  3.85098e+22  -4.05965e+22  4.21585e+22  -4.32684e+22  4.39984e+22  -4.44093e+22  4.45416e+22  -4.44095e+22  4.39987e+22  -4.32688e+22  4.2159e+22  -4.0597e+22  3.85104e+22  -3.58373e+22  3.25371e+22  -2.85987e+22  2.40467e+22  -1.89437e+22  1.33902e+22  -7.5205e+21  1.49631e+21  4.50191e+21  
-3.83038e+21  -1.27219e+21  6.40238e+21  -1.1406e+22  1.61445e+22  -2.05022e+22  2.43922e+22  -2.77596e+22  3.05824e+22  -3.28688e+22  3.4653e+22  -3.59877e+22  3.69351e+22  -3.75575e+22  3.79074e+22  -3.802e+22  3.79075e+22  -3.75577e+22  3.69355e+22  -3.59881e+22  3.46535e+22  -3.28693e+22  3.05829e+22  -2.77602e+22  2.43927e+22  -2.05026e+22  1.61449e+22  -1.14063e+22  6.40253e+21  -1.27222e+21  -3.83048e+21  
3.16841e+21  1.05166e+21  -5.29859e+21  9.44471e+21  -1.33748e+22  1.69924e+22  -2.02245e+22  2.30245e+22  -2.53729e+22  2.72757e+22  -2.87606e+22  2.98712e+22  -3.0659e+22  3.11762e+22  -3.14667e+22  3.15602e+22  -3.14669e+22  3.11764e+22  -3.06593e+22  2.98715e+22  -2.87611e+22  2.72762e+22  -2.53734e+22  2.3025e+22  -2.02249e+22  1.69928e+22  -1.33751e+22  9.44493e+21  -5.29872e+21  1.05169e+21  3.16849e+21  
-2.51729e+21  -8.35087e+20  4.21152e+21  -7.51062e+21  1.06406e+22  -1.35243e+22  1.6103e+22  -1.83388e+22  2.02152e+22  -2.17364e+22  2.29238e+22  -2.38118e+22  2.44417e+22  -2.48549e+22  2.5087e+22  -2.51616e+22  2.50871e+22  -2.48551e+22  2.44419e+22  -2.38121e+22  2.29242e+22  -2.17368e+22  2.02156e+22  -1.83392e+22  1.61034e+22  -1.35247e+22  1.06409e+22  -7.5108e+21  4.21162e+21  -8.35107e+20  -2.51735e+21  
1.87684e+21  6.22354e+20  -3.1411e+21  5.60393e+21  -7.94234e+21  1.00985e+22  -1.20281e+22  1.37024e+22  -1.51085e+22  1.62491e+22  -1.71396e+22  1.78058e+22  -1.82782e+22  1.85881e+22  -1.87621e+22  1.88181e+22  -1.87622e+22  1.85883e+22  -1.82784e+22  1.7806e+22  -1.71399e+22  1.62493e+22  -1.51088e+22  1.37027e+22  -1.20284e+22  1.00987e+22  -7.94253e+21  5.60407e+21  -3.14118e+21  6.22369e+20  1.87689e+21  
-1.24558e+21  -4.129e+20  2.08515e+21  -3.72116e+21  5.27544e+21  -6.7095e+21  7.99372e+21  -9.10868e+21  1.00456e+22  -1.08059e+22  1.13998e+22  -1.1844e+22  1.21591e+22  -1.23658e+22  1.24819e+22  -1.25192e+22  1.24819e+22  -1.23659e+22  1.21593e+22  -1.18442e+22  1.13999e+22  -1.08061e+22  1.00458e+22  -9.10887e+21  7.9939e+21  -6.70965e+21  5.27557e+21  -3.72125e+21  2.0852e+21  -4.12911e+20  -1.24562e+21  
6.2103e+20  2.05826e+20  -1.03978e+21  1.85594e+21  -2.63163e+21  3.34759e+21  -3.98902e+21  4.54613e+21  -5.01445e+21  5.3946e+21  -5.69161e+21  5.91383e+21  -6.07145e+21  6.17484e+21  -6.23288e+21  6.25153e+21  -6.2329e+21  6.17489e+21  -6.07151e+21  5.91391e+21  -5.69169e+21  5.39469e+21  -5.01455e+21  4.54623e+21  -3.98911e+21  3.34767e+21  -2.63169e+21  1.85599e+21  -1.03981e+21  2.05831e+20  6.21045e+20  
0  0  0  0  0  0  0  0  0  0  0  0  0  0  0  0  0  0  0  0  0  0  0  0  0  0  0  0  0  0  0  
