1  1  1  1  1  1  1  1  1  1  1  1  1  1  1  1  1  1  1  1  1  1  1  1  1  1  1  1  1  1  1  
-5.22199e+37  -1.75987e+37  8.62647e+37  -1.53602e+38  2.19322e+38  -2.82996e+38  3.44051e+38  -4.01783e+38  4.55399e+38  -5.04057e+38  5.46918e+38  -5.83194e+38  6.12187e+38  -6.33324e+38  6.4618e+38  -6.50495e+38  6.4618e+38  -6.33324e+38  6.12187e+38  -5.83194e+38  5.46918e+38  -5.04057e+38  4.55399e+38  -4.01783e+38  3.44051e+38  -2.82997e+38  2.19322e+38  -1.53602e+38  8.62647e+37  -1.75987e+37  -5.22199e+37  
1.03203e+38  3.47776e+37  -1.70499e+38  3.03549e+38  -4.33306e+38  5.58884e+38  -6.79129e+38  7.92654e+38  -8.97906e+38  9.93261e+38  -1.07711e+39  1.14797e+39  -1.20453e+39  1.24572e+39  -1.27075e+39  1.27915e+39  -1.27075e+39  1.24572e+39  -1.20453e+39  1.14797e+39  -1.07711e+39  9.93261e+38  -8.97906e+38  7.92654e+38  -6.79129e+38  5.58884e+38  -4.33306e+38  3.03549e+38  -1.70499e+38  3.47776e+37  1.03203e+38  
-1.51768e+38  -5.11356e+37  2.50761e+38  -4.46351e+38  6.36864e+38  -8.2091e+38  9.96743e+38  -1.16232e+39  1.31541e+39  -1.45371e+39  1.57499e+39  -1.67721e+39  1.75862e+39  -1.8178e+39  1.85373e+39  -1.86577e+39  1.85373e+39  -1.8178e+39  1.75862e+39  -1.67721e+39  1.57499e+39  -1.45371e+39  1.31541e+39  -1.16232e+39  9.96743e+38  -8.2091e+38  6.36864e+38  -4.46351e+38  2.50762e+38  -5.11356e+37  -1.51768e+38  
1.96838e+38  6.63073e+37  -3.25284e+38  5.78838e+38  -8.25399e+38  1.06301e+39  -1.28932e+39  1.50167e+39  -1.69727e+39  1.87328e+39  -2.02704e+39  2.15619e+39  -2.25871e+39  2.33306e+39  -2.37811e+39  2.3932e+39  -2.37811e+39  2.33306e+39  -2.25871e+39  2.15619e+39  -2.02704e+39  1.87328e+39  -1.69727e+39  1.50167e+39  -1.28932e+39  1.06301e+39  -8.25399e+38  5.78838e+38  -3.25284e+38  6.63073e+37  1.96838e+38  
-2.37485e+38  -7.99782e+37  3.92541e+38  -6.98286e+38  9.94991e+38  -1.28006e+39  1.55054e+39  -1.80323e+39  2.03487e+39  -2.2423e+39  2.42264e+39  -2.57342e+39  2.69265e+39  -2.77884e+39  2.83094e+39  -2.84838e+39  2.83094e+39  -2.77884e+39  2.69265e+39  -2.57342e+39  2.42264e+39  -2.2423e+39  2.03487e+39  -1.80323e+39  1.55054e+39  -1.28006e+39  9.94991e+38  -6.98286e+38  3.92541e+38  -7.99782e+37  -2.37485e+38  
2.72962e+38  9.18956e+37  -4.51304e+38  8.02518e+38  -1.14254e+39  1.46809e+39  -1.7756e+39  2.06142e+39  -2.32196e+39  2.55392e+39  -2.75442e+39  2.92117e+39  -3.05239e+39  3.14688e+39  -3.20385e+39  3.22288e+39  -3.20385e+39  3.14688e+39  -3.05239e+39  2.92117e+39  -2.75442e+39  2.55392e+39  -2.32196e+39  2.06142e+39  -1.7756e+39  1.46809e+39  -1.14254e+39  8.02518e+38  -4.51304e+38  9.18956e+37  2.72962e+38  
-3.02726e+38  -1.01876e+38  5.00676e+38  -8.89959e+38  1.26586e+39  -1.62436e+39  1.96132e+39  -2.27271e+39  2.55477e+39  -2.80422e+39  3.01845e+39  -3.19549e+39  3.33405e+39  -3.43337e+39  3.49306e+39  -3.51297e+39  3.49306e+39  -3.43337e+39  3.33405e+39  -3.19549e+39  3.01845e+39  -2.80422e+39  2.55477e+39  -2.27271e+39  1.96132e+39  -1.62436e+39  1.26586e+39  -8.89959e+38  5.00676e+38  -1.01876e+38  -3.02726e+38  
3.26443e+38  1.09807e+38  -5.40103e+38  9.5966e+38  -1.36368e+39  1.74739e+39  -2.10614e+39  2.43558e+39  -2.73194e+39  2.99214e+39  -3.21397e+39  3.39602e+39  -3.53761e+39  3.63859e+39  -3.69906e+39  3.71919e+39  -3.69906e+39  3.63859e+39  -3.53761e+39  3.39602e+39  -3.21397e+39  2.99214e+39  -2.73194e+39  2.43558e+39  -2.10614e+39  1.74739e+39  -1.36368e+39  9.5966e+38  -5.40103e+38  1.09807e+38  3.26443e+38  
-3.43987e+38  -1.15647e+38  5.69372e+38  -1.01128e+39  1.43563e+39  -1.83691e+39  2.20999e+39  -2.55035e+39  2.85428e+39  -3.11906e+39  3.34302e+39  -3.52543e+39  3.66634e+39  -3.76625e+39  3.82584e+39  -3.84564e+39  3.82584e+39  -3.76625e+39  3.66634e+39  -3.52543e+39  3.34302e+39  -3.11907e+39  2.85428e+39  -2.55035e+39  2.20999e+39  -1.83691e+39  1.43563e+39  -1.01128e+39  5.69372e+38  -1.15647e+38  -3.43987e+38  
3.55425e+38  1.19422e+38  -5.88585e+38  1.04505e+39  -1.48215e+39  1.89369e+39  -2.27414e+39  2.61889e+39  -2.92441e+39  3.18842e+39  -3.40988e+39  3.5888e+39  -3.72599e+39  3.82267e+39  -3.88007e+39  3.89909e+39  -3.88007e+39  3.82267e+39  -3.72599e+39  3.5888e+39  -3.40988e+39  3.18842e+39  -2.92441e+39  2.61889e+39  -2.27414e+39  1.89369e+39  -1.48215e+39  1.04505e+39  -5.88585e+38  1.19422e+38  3.55425e+38  
-3.60994e+38  -1.21215e+38  5.98122e+38  -1.06168e+39  1.50437e+39  -1.9194e+39  2.30093e+39  -2.64432e+39  2.94632e+39  -3.20514e+39  3.42038e+39  -3.59281e+39  3.724e+39  -3.81585e+39  3.87012e+39  -3.88806e+39  3.87012e+39  -3.81585e+39  3.724e+39  -3.59281e+39  3.42038e+39  -3.20514e+39  2.94632e+39  -2.64432e+39  2.30093e+39  -1.9194e+39  1.50437e+39  -1.06168e+39  5.98122e+38  -1.21215e+38  -3.60994e+38  
3.61074e+38  1.21156e+38  -5.98598e+38  1.0623e+39  -1.504e+39  1.91642e+39  -2.2935e+39  2.63066e+39  -2.92496e+39  3.17509e+39  -3.38133e+39  3.54512e+39  -3.66874e+39  3.75469e+39  -3.80522e+39  3.82188e+39  -3.80522e+39  3.75469e+39  -3.66874e+39  3.54513e+39  -3.38133e+39  3.17509e+39  -2.92496e+39  2.63066e+39  -2.2935e+39  1.91642e+39  -1.504e+39  1.0623e+39  -5.98598e+38  1.21156e+38  3.61074e+38  
-3.56155e+38  -1.19414e+38  5.90808e+38  -1.04833e+39  1.48316e+39  -1.88762e+39  2.25556e+39  -2.58249e+39  2.86579e+39  -3.10466e+39  3.29993e+39  -3.4537e+39  3.5688e+39  -3.64826e+39  3.69474e+39  -3.71002e+39  3.69474e+39  -3.64826e+39  3.5688e+39  -3.4537e+39  3.29993e+39  -3.10466e+39  2.86579e+39  -2.58249e+39  2.25556e+39  -1.88762e+39  1.48316e+39  -1.04833e+39  5.90808e+38  -1.19415e+38  -3.56155e+38  
3.46805e+38  1.16185e+38  -5.75675e+38  1.02144e+39  -1.44424e+39  1.83619e+39  -2.19109e+39  2.50462e+39  -2.77447e+39  3.00027e+39  -3.18337e+39  3.32634e+39  -3.43249e+39  3.50527e+39  -3.5476e+39  3.56148e+39  -3.5476e+39  3.50527e+39  -3.43249e+39  3.32634e+39  -3.18337e+39  3.00028e+39  -2.77447e+39  2.50462e+39  -2.19109e+39  1.83619e+39  -1.44424e+39  1.02144e+39  -5.75675e+38  1.16185e+38  3.46805e+38  
-3.33637e+38  -1.11678e+38  5.54198e+38  -9.83388e+38  1.38979e+39  -1.76544e+39  2.10418e+39  -2.40188e+39  2.65654e+39  -2.86815e+39  3.03842e+39  -3.17032e+39  3.2675e+39  -3.33366e+39  3.37194e+39  -3.38446e+39  3.37194e+39  -3.33366e+39  3.2675e+39  -3.17032e+39  3.03842e+39  -2.86815e+39  2.65654e+39  -2.40188e+39  2.10418e+39  -1.76544e+39  1.38979e+39  -9.83388e+38  5.54198e+38  -1.11678e+38  -3.33637e+38  
3.1728e+38  1.06109e+38  -5.27403e+38  9.35991e+38  -1.32239e+39  1.67867e+39  -1.99882e+39  2.27893e+39  -2.51724e+39  2.71403e+39  -2.87128e+39  2.9922e+39  -3.08064e+39  3.14045e+39  -3.17488e+39  3.1861e+39  -3.17488e+39  3.14045e+39  -3.08064e+39  2.9922e+39  -2.87128e+39  2.71403e+39  -2.51724e+39  2.27893e+39  -1.99882e+39  1.67867e+39  -1.32239e+39  9.35992e+38  -5.27404e+38  1.06109e+38  3.1728e+38  
-2.98353e+38  -9.96887e+37  4.96305e+38  -8.81027e+38  1.24452e+39  -1.57905e+39  1.87879e+39  -2.14006e+39  2.36132e+39  -2.54305e+39  2.68738e+39  -2.79764e+39  2.87775e+39  -2.93159e+39  2.96243e+39  -2.97246e+39  2.96243e+39  -2.93159e+39  2.87775e+39  -2.79764e+39  2.68738e+39  -2.54305e+39  2.36132e+39  -2.14006e+39  1.87879e+39  -1.57905e+39  1.24452e+39  -8.81027e+38  4.96306e+38  -9.96888e+37  -2.98354e+38  
2.77446e+38  9.26173e+37  -4.61868e+38  8.20179e+38  -1.15854e+39  1.4695e+39  -1.74752e+39  1.98914e+39  -2.193e+39  2.35969e+39  -2.49139e+39  2.59143e+39  -2.66369e+39  2.71198e+39  -2.73953e+39  2.74847e+39  -2.73953e+39  2.71198e+39  -2.66369e+39  2.59143e+39  -2.49139e+39  2.35969e+39  -2.193e+39  1.98914e+39  -1.74752e+39  1.4695e+39  -1.15854e+39  8.20179e+38  -4.61868e+38  9.26173e+37  2.77446e+38  
-2.55096e+38  -8.5078e+37  4.24976e+38  -7.54992e+38  1.06658e+39  -1.35269e+39  1.60809e+39  -1.82957e+39  2.01591e+39  -2.16773e+39  2.28718e+39  -2.37749e+39  2.44239e+39  -2.48556e+39  2.51009e+39  -2.51803e+39  2.51009e+39  -2.48556e+39  2.44239e+39  -2.37749e+39  2.28719e+39  -2.16773e+39  2.01591e+39  -1.82957e+39  1.60809e+39  -1.35269e+39  1.06658e+39  -7.54992e+38  4.24976e+38  -8.5078e+37  -2.55096e+38  
2.31783e+38  7.72325e+37  -3.8642e+38  6.86837e+38  -9.7052e+38  1.23091e+39  -1.46314e+39  1.66423e+39  -1.83307e+39  1.97027e+39  -2.07788e+39  2.15892e+39  -2.21693e+39  2.25536e+39  -2.27712e+39  2.28415e+39  -2.27712e+39  2.25536e+39  -2.21693e+39  2.15892e+39  -2.07788e+39  1.97027e+39  -1.83307e+39  1.66423e+39  -1.46314e+39  1.23091e+39  -9.7052e+38  6.86837e+38  -3.8642e+38  7.72325e+37  2.31783e+38  
-2.07916e+38  -6.92183e+37  3.46874e+38  -6.16886e+38  8.71969e+38  -1.10611e+39  1.31486e+39  -1.49548e+39  1.64693e+39  -1.76979e+39  1.86592e+39  -1.93812e+39  1.98962e+39  -2.02364e+39  2.04286e+39  -2.04905e+39  2.04286e+39  -2.02364e+39  1.98962e+39  -1.93812e+39  1.86592e+39  -1.76979e+39  1.64693e+39  -1.49548e+39  1.31486e+39  -1.10611e+39  8.71969e+38  -6.16886e+38  3.46874e+38  -6.92183e+37  -2.07916e+38  
1.83828e+38  6.11474e+37  -3.06894e+38  5.46101e+38  -7.72234e+38  9.79885e+38  -1.16503e+39  1.32519e+39  -1.45941e+39  1.56817e+39  -1.65314e+39  1.71683e+39  -1.76217e+39  1.79203e+39  -1.80887e+39  1.81429e+39  -1.80887e+39  1.79203e+39  -1.76217e+39  1.71683e+39  -1.65315e+39  1.56817e+39  -1.45941e+39  1.32519e+39  -1.16503e+39  9.79886e+38  -7.72235e+38  5.46101e+38  -3.06894e+38  6.11474e+37  1.83828e+38  
-1.59777e+38  -5.31053e+37  2.6691e+38  -4.75233e+38  6.72334e+38  -8.53445e+38  1.015e+39  -1.15479e+39  1.27192e+39  -1.3668e+39  1.44086e+39  -1.4963e+39  1.5357e+39  -1.56161e+39  1.57619e+39  -1.58088e+39  1.57619e+39  -1.56161e+39  1.5357e+39  -1.4963e+39  1.44086e+39  -1.3668e+39  1.27192e+39  -1.15479e+39  1.015e+39  -8.53445e+38  6.72334e+38  -4.75233e+38  2.6691e+38  -5.31054e+37  -1.59777e+38  
1.35948e+38  4.51526e+37  -2.27233e+38  4.04822e+38  -5.73e+38  7.27664e+38  -8.6573e+38  9.8525e+38  -1.08544e+39  1.16659e+39  -1.22992e+39  1.27729e+39  -1.31092e+39  1.33301e+39  -1.34543e+39  1.34942e+39  -1.34543e+39  1.33301e+39  -1.31092e+39  1.27729e+39  -1.22992e+39  1.16659e+39  -1.08544e+39  9.8525e+38  -8.6573e+38  7.27665e+38  -5.73001e+38  4.04823e+38  -2.27233e+38  4.51526e+37  1.35948e+38  
-1.12454e+38  -3.73256e+37  1.88058e+38  -3.35213e+38  4.74701e+38  -6.03098e+38  7.17813e+38  -8.17192e+38  9.00544e+38  -9.68081e+38  1.02079e+39  -1.0602e+39  1.08817e+39  -1.10652e+39  1.11683e+39  -1.12015e+39  1.11683e+39  -1.10652e+39  1.08817e+39  -1.0602e+39  1.02079e+39  -9.68081e+38  9.00544e+38  -8.17192e+38  7.17813e+38  -6.03098e+38  4.74701e+38  -3.35213e+38  1.88058e+38  -3.73256e+37  -1.12454e+38  
8.93442e+37  2.96391e+37  -1.49476e+38  2.66569e+38  -3.7766e+38  4.80011e+38  -5.71535e+38  6.50888e+38  -7.17489e+38  7.7148e+38  -8.13625e+38  8.45143e+38  -8.67498e+38  8.82166e+38  -8.90403e+38  8.9305e+38  -8.90403e+38  8.82166e+38  -8.67499e+38  8.45143e+38  -8.13625e+38  7.7148e+38  -7.17489e+38  6.50889e+38  -5.71536e+38  4.80011e+38  -3.7766e+38  2.66569e+38  -1.49476e+38  2.96391e+37  8.93442e+37  
-6.66134e+37  -2.20888e+37  1.11485e+38  -1.98897e+38  2.81892e+38  -3.5842e+38  4.26908e+38  -4.86333e+38  5.36241e+38  -5.76721e+38  6.08331e+38  -6.31974e+38  6.48743e+38  -6.59743e+38  6.65918e+38  -6.67902e+38  6.65918e+38  -6.59743e+38  6.48743e+38  -6.31975e+38  6.08332e+38  -5.76722e+38  5.36241e+38  -4.86333e+38  4.26908e+38  -3.5842e+38  2.81893e+38  -1.98897e+38  1.11485e+38  -2.20888e+37  -6.66134e+37  
4.42088e+37  1.46548e+37  -7.4007e+37  1.32073e+38  -1.87238e+38  2.38137e+38  -2.83717e+38  3.2329e+38  -3.56544e+38  3.83529e+38  -4.04608e+38  4.20377e+38  -4.31561e+38  4.38897e+38  -4.43015e+38  4.44338e+38  -4.43015e+38  4.38897e+38  -4.31561e+38  4.20377e+38  -4.04608e+38  3.83529e+38  -3.56545e+38  3.23291e+38  -2.83717e+38  2.38137e+38  -1.87238e+38  1.32073e+38  -7.4007e+37  1.46548e+37  4.42088e+37  
-2.20419e+37  -7.30527e+36  3.69045e+37  -6.5872e+37  9.34029e+37  -1.18815e+38  1.41581e+38  -1.61354e+38  1.77976e+38  -1.91469e+38  2.02011e+38  -2.09898e+38  2.15493e+38  -2.19162e+38  2.21222e+38  -2.21884e+38  2.21222e+38  -2.19162e+38  2.15493e+38  -2.09898e+38  2.02011e+38  -1.91469e+38  1.77976e+38  -1.61354e+38  1.41581e+38  -1.18815e+38  9.3403e+37  -6.5872e+37  3.69045e+37  -7.30527e+36  -2.20419e+37  
0  0  0  0  0  0  0  0  0  0  0  0  0  0  0  0  0  0  0  0  0  0  0  0  0  0  0  0  0  0  0  
