1  1  1  1  1  1  1  1  1  1  1  1  1  1  1  1  1  1  1  1  1  1  1  1  1  1  1  1  1  1  1  
-1.2494e+40  -4.21063e+39  2.06395e+40  -3.67505e+40  5.24746e+40  -6.77091e+40  8.23169e+40  -9.61298e+40  1.08958e+41  -1.206e+41  1.30855e+41  -1.39534e+41  1.4647e+41  -1.51528e+41  1.54604e+41  -1.55636e+41  1.54604e+41  -1.51528e+41  1.4647e+41  -1.39534e+41  1.30855e+41  -1.206e+41  1.08958e+41  -9.61299e+40  8.23169e+40  -6.77092e+40  5.24746e+40  -3.67505e+40  2.06395e+40  -4.21063e+39  -1.2494e+40  
2.46922e+40  8.32083e+39  -4.07932e+40  7.26265e+40  -1.03672e+41  1.33717e+41  -1.62487e+41  1.89649e+41  -2.14831e+41  2.37646e+41  -2.57708e+41  2.74662e+41  -2.88194e+41  2.98048e+41  -3.04038e+41  3.06047e+41  -3.04038e+41  2.98048e+41  -2.88194e+41  2.74662e+41  -2.57708e+41  2.37646e+41  -2.14831e+41  1.89649e+41  -1.62487e+41  1.33717e+41  -1.03672e+41  7.26265e+40  -4.07932e+40  8.32083e+39  2.46922e+40  
-3.63117e+40  -1.22346e+40  5.99967e+40  -1.06793e+41  1.52375e+41  -1.96409e+41  2.38479e+41  -2.78094e+41  3.14722e+41  -3.47811e+41  3.76828e+41  -4.01286e+41  4.20764e+41  -4.34923e+41  4.43518e+41  -4.464e+41  4.43518e+41  -4.34923e+41  4.20764e+41  -4.01286e+41  3.76828e+41  -3.47811e+41  3.14722e+41  -2.78094e+41  2.38479e+41  -1.96409e+41  1.52375e+41  -1.06793e+41  5.99967e+40  -1.22346e+40  -3.63117e+40  
4.7095e+40  1.58646e+40  -7.78268e+40  1.38492e+41  -1.97483e+41  2.54333e+41  -3.08479e+41  3.59287e+41  -4.06085e+41  4.48197e+41  -4.84986e+41  5.15884e+41  -5.40415e+41  5.58203e+41  -5.68981e+41  5.72591e+41  -5.68981e+41  5.58203e+41  -5.40415e+41  5.15884e+41  -4.84986e+41  4.48197e+41  -4.06085e+41  3.59287e+41  -3.08479e+41  2.54333e+41  -1.97483e+41  1.38492e+41  -7.78268e+40  1.58646e+40  4.7095e+40  
-5.68201e+40  -1.91354e+40  9.39186e+40  -1.67071e+41  2.38059e+41  -3.06264e+41  3.70978e+41  -4.31437e+41  4.86859e+41  -5.36488e+41  5.79635e+41  -6.15711e+41  6.44239e+41  -6.64859e+41  6.77326e+41  -6.81497e+41  6.77326e+41  -6.64859e+41  6.44239e+41  -6.15711e+41  5.79635e+41  -5.36488e+41  4.86859e+41  -4.31437e+41  3.70978e+41  -3.06264e+41  2.3806e+41  -1.67071e+41  9.39186e+40  -1.91354e+40  -5.68201e+40  
6.53084e+40  2.19867e+40  -1.07978e+41  1.92009e+41  -2.73363e+41  3.51251e+41  -4.24826e+41  4.9321e+41  -5.55547e+41  6.11044e+41  -6.59018e+41  6.98912e+41  -7.30309e+41  7.52916e+41  -7.66546e+41  7.71101e+41  -7.66547e+41  7.52916e+41  -7.30309e+41  6.98912e+41  -6.59018e+41  6.11045e+41  -5.55547e+41  4.9321e+41  -4.24826e+41  3.51251e+41  -2.73363e+41  1.92009e+41  -1.07978e+41  2.19867e+40  6.53084e+40  
-7.24296e+40  -2.43745e+40  1.19791e+41  -2.1293e+41  3.02868e+41  -3.8864e+41  4.69261e+41  -5.43764e+41  6.11248e+41  -6.70933e+41  7.22188e+41  -7.64546e+41  7.97698e+41  -8.21461e+41  8.35743e+41  -8.40507e+41  8.35743e+41  -8.21461e+41  7.97698e+41  -7.64546e+41  7.22188e+41  -6.70933e+41  6.11248e+41  -5.43764e+41  4.69261e+41  -3.8864e+41  3.02868e+41  -2.1293e+41  1.19791e+41  -2.43745e+40  -7.24296e+40  
7.81041e+40  2.62721e+40  -1.29224e+41  2.29606e+41  -3.26272e+41  4.18078e+41  -5.0391e+41  5.82732e+41  -6.53637e+41  7.15893e+41  -7.68967e+41  8.12524e+41  -8.46402e+41  8.70562e+41  -8.85029e+41  8.89845e+41  -8.85029e+41  8.70562e+41  -8.46402e+41  8.12524e+41  -7.68967e+41  7.15893e+41  -6.53637e+41  5.82732e+41  -5.0391e+41  4.18078e+41  -3.26272e+41  2.29606e+41  -1.29224e+41  2.62721e+40  7.81041e+40  
-8.23016e+40  -2.76695e+40  1.36227e+41  -2.41957e+41  3.43486e+41  -4.39495e+41  5.28757e+41  -6.1019e+41  6.82909e+41  -7.46261e+41  7.99845e+41  -8.43488e+41  8.77201e+41  -9.01106e+41  9.15363e+41  -9.20099e+41  9.15363e+41  -9.01106e+41  8.77201e+41  -8.43488e+41  7.99845e+41  -7.46261e+41  6.82909e+41  -6.10191e+41  5.28757e+41  -4.39495e+41  3.43486e+41  -2.41957e+41  1.36227e+41  -2.76695e+40  -8.23016e+40  
8.50382e+40  2.85727e+40  -1.40824e+41  2.50037e+41  -3.54616e+41  4.53079e+41  -5.44106e+41  6.26589e+41  -6.99688e+41  7.62856e+41  -8.15841e+41  8.58649e+41  -8.91472e+41  9.14603e+41  -9.28337e+41  9.32889e+41  -9.28337e+41  9.14603e+41  -8.91472e+41  8.58649e+41  -8.15841e+41  7.62856e+41  -6.99688e+41  6.26589e+41  -5.44106e+41  4.53079e+41  -3.54616e+41  2.50037e+41  -1.40824e+41  2.85727e+40  8.50382e+40  
-8.63706e+40  -2.90016e+40  1.43105e+41  -2.54015e+41  3.59932e+41  -4.59231e+41  5.50515e+41  -6.32675e+41  7.04931e+41  -7.66855e+41  8.18353e+41  -8.59609e+41  8.90997e+41  -9.12972e+41  9.25957e+41  -9.30249e+41  9.25957e+41  -9.12972e+41  8.90997e+41  -8.59609e+41  8.18353e+41  -7.66855e+41  7.04931e+41  -6.32675e+41  5.50515e+41  -4.59231e+41  3.59932e+41  -2.54015e+41  1.43105e+41  -2.90016e+40  -8.63707e+40  
8.63898e+40  2.89875e+40  -1.43219e+41  2.54163e+41  -3.59843e+41  4.58518e+41  -5.48739e+41  6.29407e+41  -6.99819e+41  7.59667e+41  -8.09009e+41  8.48199e+41  -8.77776e+41  8.9834e+41  -9.1043e+41  9.14416e+41  -9.1043e+41  8.9834e+41  -8.77776e+41  8.48199e+41  -8.09009e+41  7.59667e+41  -6.99819e+41  6.29407e+41  -5.48739e+41  4.58518e+41  -3.59843e+41  2.54163e+41  -1.43219e+41  2.89875e+40  8.63898e+40  
-8.5213e+40  -2.85709e+40  1.41356e+41  -2.50822e+41  3.54857e+41  -4.51629e+41  5.3966e+41  -6.17881e+41  6.85662e+41  -7.42814e+41  7.89535e+41  -8.26325e+41  8.53864e+41  -8.72876e+41  8.83996e+41  -8.87652e+41  8.83996e+41  -8.72877e+41  8.53864e+41  -8.26325e+41  7.89535e+41  -7.42814e+41  6.85663e+41  -6.17881e+41  5.3966e+41  -4.51629e+41  3.54857e+41  -2.50822e+41  1.41356e+41  -2.85709e+40  -8.5213e+40  
8.29759e+40  2.77983e+40  -1.37735e+41  2.44387e+41  -3.45546e+41  4.39324e+41  -5.24236e+41  5.99249e+41  -6.63813e+41  7.1784e+41  -7.61646e+41  7.95852e+41  -8.21252e+41  8.38663e+41  -8.48792e+41  8.52113e+41  -8.48792e+41  8.38663e+41  -8.21252e+41  7.95853e+41  -7.61646e+41  7.1784e+41  -6.63813e+41  5.99249e+41  -5.24236e+41  4.39324e+41  -3.45546e+41  2.44387e+41  -1.37735e+41  2.77983e+40  8.2976e+40  
-7.98254e+40  -2.672e+40  1.32596e+41  -2.35283e+41  3.32519e+41  -4.22397e+41  5.03442e+41  -5.7467e+41  6.35598e+41  -6.86228e+41  7.26966e+41  -7.58525e+41  7.81776e+41  -7.97605e+41  8.06764e+41  -8.09758e+41  8.06764e+41  -7.97605e+41  7.81776e+41  -7.58525e+41  7.26967e+41  -6.86228e+41  6.35599e+41  -5.7467e+41  5.03442e+41  -4.22397e+41  3.32519e+41  -2.35284e+41  1.32596e+41  -2.672e+40  -7.98254e+40  
7.59118e+40  2.53875e+40  -1.26185e+41  2.23943e+41  -3.16392e+41  4.01636e+41  -4.78234e+41  5.45252e+41  -6.02269e+41  6.49352e+41  -6.86976e+41  7.15908e+41  -7.37068e+41  7.51377e+41  -7.59616e+41  7.62301e+41  -7.59616e+41  7.51377e+41  -7.37068e+41  7.15908e+41  -6.86976e+41  6.49352e+41  -6.02269e+41  5.45252e+41  -4.78234e+41  4.01636e+41  -3.16392e+41  2.23943e+41  -1.26186e+41  2.53875e+40  7.59118e+40  
-7.13834e+40  -2.38513e+40  1.18745e+41  -2.10793e+41  2.97762e+41  -3.778e+41  4.49515e+41  -5.12026e+41  5.64965e+41  -6.08445e+41  6.42978e+41  -6.69358e+41  6.88524e+41  -7.01406e+41  7.08786e+41  -7.11185e+41  7.08786e+41  -7.01406e+41  6.88524e+41  -6.69358e+41  6.42978e+41  -6.08445e+41  5.64965e+41  -5.12026e+41  4.49515e+41  -3.778e+41  2.97762e+41  -2.10793e+41  1.18745e+41  -2.38513e+40  -7.13835e+40  
6.63811e+40  2.21594e+40  -1.10506e+41  1.96234e+41  -2.7719e+41  3.5159e+41  -4.18109e+41  4.75918e+41  -5.24694e+41  5.64575e+41  -5.96086e+41  6.20022e+41  -6.37309e+41  6.48864e+41  -6.55455e+41  6.57593e+41  -6.55455e+41  6.48864e+41  -6.37309e+41  6.20022e+41  -5.96086e+41  5.64575e+41  -5.24694e+41  4.75918e+41  -4.18109e+41  3.5159e+41  -2.7719e+41  1.96234e+41  -1.10506e+41  2.21594e+40  6.63811e+40  
-6.10338e+40  -2.03556e+40  1.01679e+41  -1.80638e+41  2.55187e+41  -3.23641e+41  3.84749e+41  -4.3774e+41  4.82323e+41  -5.18647e+41  5.47227e+41  -5.68834e+41  5.84361e+41  -5.9469e+41  6.00559e+41  -6.02459e+41  6.0056e+41  -5.9469e+41  5.84361e+41  -5.68834e+41  5.47227e+41  -5.18647e+41  4.82323e+41  -4.3774e+41  3.84749e+41  -3.23641e+41  2.55187e+41  -1.80638e+41  1.01679e+41  -2.03556e+40  -6.10338e+40  
5.5456e+40  1.84785e+40  -9.24541e+40  1.64331e+41  -2.32205e+41  2.94504e+41  -3.50068e+41  3.9818e+41  -4.38577e+41  4.71404e+41  -4.97149e+41  5.1654e+41  -5.30417e+41  5.39612e+41  -5.4482e+41  5.46502e+41  -5.4482e+41  5.39612e+41  -5.30417e+41  5.1654e+41  -4.97149e+41  4.71404e+41  -4.38577e+41  3.9818e+41  -3.50068e+41  2.94504e+41  -2.32205e+41  1.64331e+41  -9.24541e+40  1.84785e+40  5.5456e+40  
-4.97455e+40  -1.6561e+40  8.29925e+40  -1.47595e+41  2.08626e+41  -2.64646e+41  3.14591e+41  -3.57805e+41  3.94042e+41  -4.23436e+41  4.46436e+41  -4.6371e+41  4.76033e+41  -4.84172e+41  4.8877e+41  -4.90253e+41  4.8877e+41  -4.84172e+41  4.76033e+41  -4.6371e+41  4.46437e+41  -4.23436e+41  3.94042e+41  -3.57805e+41  3.14592e+41  -2.64646e+41  2.08626e+41  -1.47595e+41  8.29925e+40  -1.6561e+40  -4.97456e+40  
4.39823e+40  1.463e+40  -7.34268e+40  1.30659e+41  -1.84763e+41  2.34445e+41  -2.78744e+41  3.17063e+41  -3.49175e+41  3.75198e+41  -3.95528e+41  4.10767e+41  -4.21612e+41  4.28758e+41  -4.32786e+41  4.34083e+41  -4.32786e+41  4.28758e+41  -4.21612e+41  4.10767e+41  -3.95528e+41  3.75198e+41  -3.49175e+41  3.17063e+41  -2.78744e+41  2.34446e+41  -1.84763e+41  1.30659e+41  -7.34268e+40  1.463e+40  4.39823e+40  
-3.8228e+40  -1.27059e+40  6.38604e+40  -1.13703e+41  1.60861e+41  -2.04194e+41  2.42848e+41  -2.76292e+41  3.04317e+41  -3.27017e+41  3.44737e+41  -3.58002e+41  3.67428e+41  -3.73627e+41  3.77116e+41  -3.78239e+41  3.77116e+41  -3.73627e+41  3.67428e+41  -3.58002e+41  3.44737e+41  -3.27017e+41  3.04317e+41  -2.76292e+41  2.42848e+41  -2.04194e+41  1.60861e+41  -1.13703e+41  6.38604e+40  -1.27059e+40  -3.8228e+40  
3.25266e+40  1.08031e+40  -5.43673e+40  9.6857e+40  -1.37095e+41  1.741e+41  -2.07133e+41  2.35729e+41  -2.597e+41  2.79116e+41  -2.94267e+41  3.05602e+41  -3.13647e+41  3.18933e+41  -3.21904e+41  3.2286e+41  -3.21904e+41  3.18933e+41  -3.13647e+41  3.05602e+41  -2.94267e+41  2.79116e+41  -2.597e+41  2.35729e+41  -2.07133e+41  1.741e+41  -1.37095e+41  9.68571e+40  -5.43673e+40  1.08031e+40  3.25266e+40  
-2.69054e+40  -8.93046e+39  4.49945e+40  -8.02024e+40  1.13576e+41  -1.44296e+41  1.71743e+41  -1.9552e+41  2.15462e+41  -2.31621e+41  2.44231e+41  -2.53662e+41  2.60353e+41  -2.64744e+41  2.67212e+41  -2.68005e+41  2.67212e+41  -2.64744e+41  2.60353e+41  -2.53662e+41  2.44231e+41  -2.31621e+41  2.15462e+41  -1.9552e+41  1.71743e+41  -1.44296e+41  1.13576e+41  -8.02024e+40  4.49945e+40  -8.93046e+39  -2.69054e+40  
2.13763e+40  7.09139e+39  -3.57634e+40  6.37787e+40  -9.03582e+40  1.14846e+41  -1.36744e+41  1.5573e+41  -1.71665e+41  1.84583e+41  -1.94666e+41  2.02207e+41  -2.07556e+41  2.11065e+41  -2.13036e+41  2.13669e+41  -2.13036e+41  2.11065e+41  -2.07556e+41  2.02207e+41  -1.94666e+41  1.84583e+41  -1.71665e+41  1.5573e+41  -1.36744e+41  1.14846e+41  -9.03582e+40  6.37787e+40  -3.57634e+40  7.09139e+39  2.13763e+40  
-1.59378e+40  -5.28492e+39  2.66737e+40  -4.75876e+40  6.74451e+40  -8.57548e+40  1.02141e+41  -1.16359e+41  1.283e+41  -1.37985e+41  1.45548e+41  -1.51205e+41  1.55217e+41  -1.57849e+41  1.59326e+41  -1.59801e+41  1.59326e+41  -1.57849e+41  1.55217e+41  -1.51205e+41  1.45548e+41  -1.37985e+41  1.283e+41  -1.16359e+41  1.02141e+41  -8.57549e+40  6.74451e+40  -4.75877e+40  2.66737e+40  -5.28492e+39  -1.59378e+40  
1.05773e+40  3.50628e+39  -1.77068e+40  3.15995e+40  -4.47983e+40  5.69761e+40  -6.78816e+40  7.73498e+40  -8.53061e+40  9.17625e+40  -9.68057e+40  1.00579e+41  -1.03254e+41  1.0501e+41  -1.05995e+41  1.06311e+41  -1.05995e+41  1.0501e+41  -1.03254e+41  1.00579e+41  -9.68057e+40  9.17625e+40  -8.53062e+40  7.73499e+40  -6.78817e+40  5.69761e+40  -4.47983e+40  3.15995e+40  -1.77068e+40  3.50628e+39  1.05773e+40  
-5.27369e+39  -1.74785e+39  8.8297e+39  -1.57604e+40  2.23474e+40  -2.84274e+40  3.38743e+40  -3.86053e+40  4.25822e+40  -4.58104e+40  4.83327e+40  -5.02198e+40  5.15584e+40  -5.24363e+40  5.29291e+40  -5.30874e+40  5.29291e+40  -5.24363e+40  5.15584e+40  -5.02198e+40  4.83327e+40  -4.58104e+40  4.25822e+40  -3.86053e+40  3.38743e+40  -2.84274e+40  2.23474e+40  -1.57604e+40  8.8297e+39  -1.74785e+39  -5.27369e+39  
0  0  0  0  0  0  0  0  0  0  0  0  0  0  0  0  0  0  0  0  0  0  0  0  0  0  0  0  0  0  0  
