1  1  1  1  1  1  1  1  1  1  1  1  1  1  1  1  1  1  1  1  1  1  1  1  1  1  1  1  1  1  1  
6.6138e+44  2.22893e+44  -1.09257e+45  1.94542e+45  -2.77778e+45  3.58423e+45  -4.35751e+45  5.08871e+45  -5.76777e+45  6.38404e+45  -6.92688e+45  7.38632e+45  -7.75352e+45  8.02123e+45  -8.18406e+45  8.23871e+45  -8.18406e+45  8.02123e+45  -7.75352e+45  7.38632e+45  -6.92688e+45  6.38404e+45  -5.76777e+45  5.08871e+45  -4.35751e+45  3.58423e+45  -2.77778e+45  1.94542e+45  -1.09257e+45  2.22893e+44  6.6138e+44  
-1.3071e+45  -4.40469e+44  2.15942e+45  -3.84454e+45  5.48794e+45  -7.07843e+45  8.60137e+45  -1.00392e+46  1.13722e+46  -1.25799e+46  1.3642e+46  -1.45394e+46  1.52558e+46  -1.57774e+46  1.60945e+46  -1.62008e+46  1.60945e+46  -1.57774e+46  1.52558e+46  -1.45394e+46  1.3642e+46  -1.25799e+46  1.13722e+46  -1.00392e+46  8.60137e+45  -7.07843e+45  5.48794e+45  -3.84454e+45  2.15942e+45  -4.40469e+44  -1.3071e+45  
1.92219e+45  6.47647e+44  -3.17597e+45  5.65317e+45  -8.06607e+45  1.03971e+46  -1.2624e+46  1.47211e+46  -1.666e+46  1.84116e+46  -1.99477e+46  2.12424e+46  -2.22735e+46  2.3023e+46  -2.3478e+46  2.36305e+46  -2.3478e+46  2.3023e+46  -2.22735e+46  2.12424e+46  -1.99477e+46  1.84116e+46  -1.666e+46  1.47211e+46  -1.2624e+46  1.03971e+46  -8.06607e+45  5.65317e+45  -3.17597e+45  6.47647e+44  1.92219e+45  
-2.49301e+45  -8.39802e+44  4.11982e+45  -7.33115e+45  1.04539e+46  -1.34633e+46  1.63296e+46  -1.90191e+46  2.14964e+46  -2.37256e+46  2.56731e+46  -2.73087e+46  2.86073e+46  -2.95489e+46  3.01194e+46  -3.03106e+46  3.01194e+46  -2.95489e+46  2.86073e+46  -2.73087e+46  2.56731e+46  -2.37256e+46  2.14964e+46  -1.90191e+46  1.63296e+46  -1.34633e+46  1.04539e+46  -7.33115e+45  4.11982e+45  -8.39802e+44  -2.49301e+45  
3.00781e+45  1.01295e+45  -4.97165e+45  8.844e+45  -1.26019e+46  1.62123e+46  -1.9638e+46  2.28384e+46  -2.57722e+46  2.83994e+46  -3.06834e+46  3.25931e+46  -3.41033e+46  3.51948e+46  -3.58547e+46  3.60755e+46  -3.58547e+46  3.51948e+46  -3.41033e+46  3.25931e+46  -3.06834e+46  2.83994e+46  -2.57722e+46  2.28384e+46  -1.9638e+46  1.62123e+46  -1.26019e+46  8.844e+45  -4.97165e+45  1.01295e+45  3.00781e+45  
-3.45715e+45  -1.16388e+45  5.7159e+45  -1.01641e+46  1.44706e+46  -1.85937e+46  2.24885e+46  -2.61085e+46  2.94083e+46  -3.23461e+46  3.48856e+46  -3.69975e+46  3.86595e+46  -3.98562e+46  4.05777e+46  -4.08188e+46  4.05777e+46  -3.98562e+46  3.86595e+46  -3.69975e+46  3.48856e+46  -3.23461e+46  2.94083e+46  -2.61085e+46  2.24885e+46  -1.85937e+46  1.44706e+46  -1.01641e+46  5.7159e+45  -1.16388e+45  -3.45715e+45  
3.83412e+45  1.29028e+45  -6.34121e+45  1.12716e+46  -1.60325e+46  2.0573e+46  -2.48407e+46  2.87845e+46  -3.23569e+46  3.55163e+46  -3.82295e+46  4.04718e+46  -4.22268e+46  4.34847e+46  -4.42407e+46  4.44929e+46  -4.42407e+46  4.34847e+46  -4.22268e+46  4.04718e+46  -3.82295e+46  3.55163e+46  -3.23569e+46  2.87845e+46  -2.48407e+46  2.0573e+46  -1.60325e+46  1.12716e+46  -6.34121e+45  1.29028e+45  3.83412e+45  
-4.1345e+45  -1.39073e+45  6.84057e+45  -1.21544e+46  1.72715e+46  -2.21312e+46  2.66748e+46  -3.08474e+46  3.46008e+46  -3.78963e+46  4.07058e+46  -4.30116e+46  4.48049e+46  -4.60838e+46  4.68497e+46  -4.71046e+46  4.68497e+46  -4.60838e+46  4.48049e+46  -4.30116e+46  4.07058e+46  -3.78964e+46  3.46008e+46  -3.08474e+46  2.66748e+46  -2.21312e+46  1.72715e+46  -1.21544e+46  6.84057e+45  -1.39073e+45  -4.1345e+45  
4.3567e+45  1.46471e+45  -7.21127e+45  1.28082e+46  -1.81827e+46  2.3265e+46  -2.79902e+46  3.23009e+46  -3.61503e+46  3.95039e+46  -4.23404e+46  4.46507e+46  -4.64353e+46  4.77007e+46  -4.84554e+46  4.87061e+46  -4.84554e+46  4.77007e+46  -4.64353e+46  4.46507e+46  -4.23404e+46  3.95039e+46  -3.61503e+46  3.23009e+46  -2.79902e+46  2.3265e+46  -1.81827e+46  1.28082e+46  -7.21127e+45  1.46471e+45  4.3567e+45  
-4.50156e+45  -1.51252e+45  7.4546e+45  -1.32359e+46  1.87718e+46  -2.39841e+46  2.88027e+46  -3.3169e+46  3.70385e+46  -4.03823e+46  4.31872e+46  -4.54532e+46  4.71907e+46  -4.84152e+46  4.91422e+46  -4.93832e+46  4.91422e+46  -4.84152e+46  4.71907e+46  -4.54532e+46  4.31872e+46  -4.03823e+46  3.70385e+46  -3.3169e+46  2.88027e+46  -2.39841e+46  1.87718e+46  -1.32359e+46  7.4546e+45  -1.51252e+45  -4.50156e+45  
4.57209e+45  1.53522e+45  -7.5754e+45  1.34465e+46  -1.90533e+46  2.43097e+46  -2.91419e+46  3.34911e+46  -3.7316e+46  4.0594e+46  -4.33201e+46  4.55041e+46  -4.71656e+46  4.83289e+46  -4.90162e+46  4.92434e+46  -4.90162e+46  4.83289e+46  -4.71656e+46  4.55041e+46  -4.33201e+46  4.0594e+46  -3.7316e+46  3.34911e+46  -2.91419e+46  2.43097e+46  -1.90533e+46  1.34465e+46  -7.5754e+45  1.53522e+45  4.5721e+45  
-4.57311e+45  -1.53448e+45  7.58142e+45  -1.34543e+46  1.90486e+46  -2.4272e+46  2.90479e+46  -3.33182e+46  3.70455e+46  -4.02135e+46  4.28255e+46  -4.49001e+46  4.64657e+46  -4.75543e+46  4.81943e+46  -4.84053e+46  4.81943e+46  -4.75543e+46  4.64657e+46  -4.49001e+46  4.28255e+46  -4.02135e+46  3.70455e+46  -3.33182e+46  2.90479e+46  -2.4272e+46  1.90486e+46  -1.34543e+46  7.58143e+45  -1.53448e+45  -4.57311e+45  
4.51081e+45  1.51242e+45  -7.48276e+45  1.32774e+46  -1.87846e+46  2.39073e+46  -2.85673e+46  3.2708e+46  -3.62961e+46  3.93214e+46  -4.17946e+46  4.37421e+46  -4.51999e+46  4.62064e+46  -4.6795e+46  4.69885e+46  -4.6795e+46  4.62064e+46  -4.51999e+46  4.37421e+46  -4.17946e+46  3.93214e+46  -3.62961e+46  3.2708e+46  -2.85673e+46  2.39073e+46  -1.87846e+46  1.32774e+46  -7.48276e+45  1.51242e+45  4.51081e+45  
-4.39239e+45  -1.47152e+45  7.2911e+45  -1.29368e+46  1.82917e+46  -2.3256e+46  2.77508e+46  -3.17217e+46  3.51395e+46  -3.79994e+46  4.03183e+46  -4.21291e+46  4.34736e+46  -4.43953e+46  4.49314e+46  -4.51072e+46  4.49314e+46  -4.43953e+46  4.34736e+46  -4.21291e+46  4.03183e+46  -3.79994e+46  3.51395e+46  -3.17217e+46  2.77508e+46  -2.3256e+46  1.82917e+46  -1.29368e+46  7.2911e+45  -1.47152e+45  -4.39239e+45  
4.22562e+45  1.41444e+45  -7.01908e+45  1.24549e+46  -1.76022e+46  2.23599e+46  -2.66501e+46  3.04206e+46  -3.36459e+46  3.6326e+46  -3.84825e+46  4.01531e+46  -4.13839e+46  4.22218e+46  -4.27067e+46  4.28652e+46  -4.27067e+46  4.22218e+46  -4.13839e+46  4.01531e+46  -3.84825e+46  3.6326e+46  -3.36459e+46  3.04206e+46  -2.66501e+46  2.23599e+46  -1.76022e+46  1.24549e+46  -7.01908e+45  1.41444e+45  4.22562e+45  
-4.01845e+45  -1.3439e+45  6.67972e+45  -1.18546e+46  1.67485e+46  -2.12609e+46  2.53157e+46  -2.88633e+46  3.18816e+46  -3.4374e+46  3.63656e+46  -3.78971e+46  3.90172e+46  -3.97747e+46  4.02108e+46  -4.0353e+46  4.02108e+46  -3.97747e+46  3.90172e+46  -3.78971e+46  3.63656e+46  -3.4374e+46  3.18816e+46  -2.88633e+46  2.53157e+46  -2.12609e+46  1.67485e+46  -1.18546e+46  6.67973e+45  -1.3439e+45  -4.01845e+45  
3.77874e+45  1.26259e+45  -6.28586e+45  1.11585e+46  -1.57622e+46  1.99991e+46  -2.37954e+46  2.71045e+46  -2.99068e+46  3.22085e+46  -3.40365e+46  3.5433e+46  -3.64475e+46  3.71294e+46  -3.75201e+46  3.76471e+46  -3.75201e+46  3.71294e+46  -3.64475e+46  3.5433e+46  -3.40365e+46  3.22085e+46  -2.99068e+46  2.71045e+46  -2.37954e+46  1.99991e+46  -1.57622e+46  1.11585e+46  -6.28586e+45  1.26259e+45  3.77874e+45  
-3.51393e+45  -1.17303e+45  5.84969e+45  -1.03878e+46  1.46732e+46  -1.86117e+46  2.21329e+46  -2.51931e+46  2.77751e+46  -2.98862e+46  3.15543e+46  -3.28213e+46  3.37364e+46  -3.43481e+46  3.4697e+46  -3.48102e+46  3.4697e+46  -3.43481e+46  3.37364e+46  -3.28213e+46  3.15543e+46  -2.98862e+46  2.77751e+46  -2.51931e+46  2.21329e+46  -1.86117e+46  1.46732e+46  -1.03878e+46  5.84969e+45  -1.17303e+45  -3.51393e+45  
3.23087e+45  1.07754e+45  -5.38246e+45  9.56221e+45  -1.35085e+46  1.71322e+46  -2.0367e+46  2.31721e+46  -2.55321e+46  2.7455e+46  -2.89679e+46  3.01117e+46  -3.09336e+46  3.14804e+46  -3.17911e+46  3.18916e+46  -3.17911e+46  3.14804e+46  -3.09336e+46  3.01117e+46  -2.89679e+46  2.7455e+46  -2.55321e+46  2.31721e+46  -2.0367e+46  1.71322e+46  -1.35085e+46  9.56221e+45  -5.38246e+45  1.07754e+45  3.23087e+45  
-2.93561e+45  -9.78173e+44  4.89413e+45  -8.699e+45  1.22919e+46  -1.55898e+46  1.85311e+46  -2.1078e+46  2.32164e+46  -2.49541e+46  2.6317e+46  -2.73434e+46  2.8078e+46  -2.85648e+46  2.88405e+46  -2.89295e+46  2.88405e+46  -2.85648e+46  2.80781e+46  -2.73434e+46  2.6317e+46  -2.49541e+46  2.32164e+46  -2.1078e+46  1.85311e+46  -1.55898e+46  1.22919e+46  -8.699e+45  4.89413e+45  -9.78173e+44  -2.93561e+45  
2.63332e+45  8.76671e+44  -4.39327e+45  7.81305e+45  -1.10438e+46  1.40093e+46  -1.66531e+46  1.89407e+46  -2.08589e+46  2.24149e+46  -2.36325e+46  2.45469e+46  -2.51992e+46  2.563e+46  -2.58734e+46  2.59519e+46  -2.58734e+46  2.563e+46  -2.51992e+46  2.45469e+46  -2.36325e+46  2.24149e+46  -2.08589e+46  1.89407e+46  -1.66531e+46  1.40093e+46  -1.10438e+46  7.81305e+45  -4.39327e+45  8.76671e+44  2.63332e+45  
-2.32824e+45  -7.7445e+44  3.8869e+45  -6.91654e+45  9.78059e+45  -1.24106e+46  1.47555e+46  -1.67839e+46  1.84839e+46  -1.98614e+46  2.09376e+46  -2.17442e+46  2.23184e+46  -2.26966e+46  2.29099e+46  -2.29785e+46  2.29099e+46  -2.26966e+46  2.23184e+46  -2.17442e+46  2.09376e+46  -1.98614e+46  1.84839e+46  -1.6784e+46  1.47555e+46  -1.24106e+46  9.78059e+45  -6.91654e+45  3.8869e+45  -7.7445e+44  -2.32824e+45  
2.02363e+45  6.72596e+44  -3.3805e+45  6.01898e+45  -8.51532e+45  1.08091e+46  -1.28553e+46  1.46257e+46  -1.61093e+46  1.73109e+46  -1.82489e+46  1.89511e+46  -1.94501e+46  1.97782e+46  -1.99629e+46  2.00224e+46  -1.99629e+46  1.97782e+46  -1.94501e+46  1.89511e+46  -1.82489e+46  1.73109e+46  -1.61093e+46  1.46257e+46  -1.28553e+46  1.08091e+46  -8.51532e+45  6.01898e+45  -3.3805e+45  6.72596e+44  2.02363e+45  
-1.72182e+45  -5.71872e+44  2.87798e+45  -5.1272e+45  7.25723e+45  -9.21609e+45  1.09647e+46  -1.24785e+46  1.37474e+46  -1.47752e+46  1.55773e+46  -1.61773e+46  1.66032e+46  -1.68829e+46  1.70402e+46  -1.70908e+46  1.70402e+46  -1.68829e+46  1.66032e+46  -1.61773e+46  1.55773e+46  -1.47752e+46  1.37474e+46  -1.24785e+46  1.09647e+46  -9.21609e+45  7.25723e+45  -5.1272e+45  2.87798e+45  -5.71872e+44  -1.72182e+45  
1.42426e+45  4.72741e+44  -2.38182e+45  4.24558e+45  -6.01223e+45  7.63842e+45  -9.09132e+45  1.035e+46  -1.14057e+46  1.2261e+46  -1.29286e+46  1.34278e+46  -1.3782e+46  1.40144e+46  -1.41451e+46  1.4187e+46  -1.41451e+46  1.40144e+46  -1.3782e+46  1.34278e+46  -1.29286e+46  1.2261e+46  -1.14057e+46  1.035e+46  -9.09132e+45  7.63842e+45  -6.01223e+45  4.24558e+45  -2.38182e+45  4.72741e+44  1.42426e+45  
-1.13157e+45  -3.75388e+44  1.89316e+45  -3.37618e+45  4.78318e+45  -6.07948e+45  7.23867e+45  -8.24371e+45  9.08722e+45  -9.77103e+45  1.03048e+46  -1.0704e+46  1.09871e+46  -1.11729e+46  1.12772e+46  -1.13108e+46  1.12772e+46  -1.11729e+46  1.09871e+46  -1.0704e+46  1.03048e+46  -9.77103e+45  9.08722e+45  -8.24371e+45  7.23867e+45  -6.07948e+45  4.78318e+45  -3.37618e+45  1.89316e+45  -3.75388e+44  -1.13157e+45  
8.43679e+44  2.79761e+44  -1.41199e+45  2.51909e+45  -3.57026e+45  4.5395e+45  -5.40692e+45  6.15956e+45  -6.79166e+45  7.30436e+45  -7.70471e+45  8.00415e+45  -8.21653e+45  8.35585e+45  -8.43406e+45  8.45919e+45  -8.43406e+45  8.35585e+45  -8.21653e+45  8.00415e+45  -7.70471e+45  7.30436e+45  -6.79166e+45  6.15956e+45  -5.40692e+45  4.5395e+45  -3.57026e+45  2.51909e+45  -1.41199e+45  2.79761e+44  8.4368e+44  
-5.59918e+44  -1.85608e+44  9.37322e+44  -1.67274e+45  2.37143e+45  -3.01608e+45  3.59337e+45  -4.09457e+45  4.51575e+45  -4.85752e+45  5.12449e+45  -5.3242e+45  5.46586e+45  -5.55877e+45  5.61093e+45  -5.62768e+45  5.61093e+45  -5.55877e+45  5.46586e+45  -5.3242e+45  5.12449e+45  -4.85752e+45  4.51575e+45  -4.09457e+45  3.59337e+45  -3.01608e+45  2.37143e+45  -1.67274e+45  9.37322e+44  -1.85608e+44  -5.59918e+44  
2.79167e+44  9.25235e+43  -4.67407e+44  8.34289e+44  -1.18298e+45  1.50482e+45  -1.79316e+45  2.0436e+45  -2.25412e+45  2.42501e+45  -2.55853e+45  2.65842e+45  -2.72928e+45  2.77576e+45  -2.80184e+45  2.81023e+45  -2.80184e+45  2.77576e+45  -2.72928e+45  2.65842e+45  -2.55853e+45  2.42501e+45  -2.25412e+45  2.0436e+45  -1.79316e+45  1.50482e+45  -1.18298e+45  8.34289e+44  -4.67407e+44  9.25235e+43  2.79167e+44  
0  0  0  0  0  0  0  0  0  0  0  0  0  0  0  0  0  0  0  0  0  0  0  0  0  0  0  0  0  0  0  
