1  1  1  1  1  1  1  1  1  1  1  1  1  1  1  1  1  1  1  1  1  1  1  1  1  1  1  1  1  1  1  
1.5824e+47  5.33289e+46  -2.61406e+47  4.65456e+47  -6.64606e+47  8.57557e+47  -1.04257e+48  1.21751e+48  -1.37998e+48  1.52743e+48  -1.65731e+48  1.76724e+48  -1.85509e+48  1.91914e+48  -1.9581e+48  1.97118e+48  -1.9581e+48  1.91914e+48  -1.85509e+48  1.76724e+48  -1.65731e+48  1.52743e+48  -1.37998e+48  1.21751e+48  -1.04257e+48  8.57557e+47  -6.64606e+47  4.65456e+47  -2.61406e+47  5.33289e+46  1.5824e+47  
-3.12734e+47  -1.05386e+47  5.16658e+47  -9.19836e+47  1.31303e+48  -1.69357e+48  2.05795e+48  -2.40196e+48  2.7209e+48  -3.00985e+48  3.26395e+48  -3.47868e+48  3.65006e+48  -3.77487e+48  3.85073e+48  -3.87618e+48  3.85073e+48  -3.77487e+48  3.65006e+48  -3.47868e+48  3.26395e+48  -3.00985e+48  2.7209e+48  -2.40196e+48  2.05795e+48  -1.69357e+48  1.31303e+48  -9.19836e+47  5.16658e+47  -1.05386e+47  -3.12734e+47  
4.59898e+47  1.54955e+47  -7.59876e+47  1.35257e+48  -1.92987e+48  2.48758e+48  -3.0204e+48  3.52215e+48  -3.98604e+48  4.40513e+48  -4.77264e+48  5.08241e+48  -5.3291e+48  5.50844e+48  -5.61729e+48  5.65379e+48  -5.61729e+48  5.50844e+48  -5.3291e+48  5.08241e+48  -4.77264e+48  4.40513e+48  -3.98604e+48  3.52215e+48  -3.0204e+48  2.48758e+48  -1.92987e+48  1.35257e+48  -7.59876e+47  1.54955e+47  4.59898e+47  
-5.96472e+47  -2.00929e+47  9.85699e+47  -1.75404e+48  2.50118e+48  -3.2212e+48  3.90698e+48  -4.55048e+48  5.14319e+48  -5.67654e+48  6.14249e+48  -6.53383e+48  6.84452e+48  -7.0698e+48  7.20632e+48  -7.25204e+48  7.20632e+48  -7.0698e+48  6.84452e+48  -6.53383e+48  6.14249e+48  -5.67654e+48  5.14319e+48  -4.55048e+48  3.90698e+48  -3.2212e+48  2.50118e+48  -1.75404e+48  9.857e+47  -2.00929e+47  -5.96472e+47  
7.19643e+47  2.42356e+47  -1.18951e+48  2.116e+48  -3.0151e+48  3.87892e+48  -4.69855e+48  5.46428e+48  -6.16621e+48  6.79478e+48  -7.34126e+48  7.79817e+48  -8.15948e+48  8.42064e+48  -8.57853e+48  8.63136e+48  -8.57853e+48  8.42064e+48  -8.15948e+48  7.79817e+48  -7.34126e+48  6.79478e+48  -6.16621e+48  5.46428e+48  -4.69855e+48  3.87892e+48  -3.0151e+48  2.116e+48  -1.18951e+48  2.42356e+47  7.19644e+47  
-8.2715e+47  -2.78469e+47  1.36758e+48  -2.43185e+48  3.46222e+48  -4.4487e+48  5.38055e+48  -6.24666e+48  7.03617e+48  -7.73906e+48  8.34666e+48  -8.85194e+48  9.24959e+48  -9.53591e+48  9.70854e+48  -9.76622e+48  9.70854e+48  -9.53591e+48  9.24959e+48  -8.85194e+48  8.34666e+48  -7.73906e+48  7.03617e+48  -6.24666e+48  5.38055e+48  -4.4487e+48  3.46222e+48  -2.43185e+48  1.36758e+48  -2.78469e+47  -8.2715e+47  
9.17343e+47  3.08711e+47  -1.51718e+48  2.69682e+48  -3.83591e+48  4.92224e+48  -5.94334e+48  6.88693e+48  -7.74164e+48  8.49757e+48  -9.14672e+48  9.68321e+48  -1.01031e+49  1.04041e+49  -1.05849e+49  1.06453e+49  -1.05849e+49  1.04041e+49  -1.01031e+49  9.68321e+48  -9.14672e+48  8.49757e+48  -7.74164e+48  6.88693e+48  -5.94334e+48  4.92224e+48  -3.83591e+48  2.69682e+48  -1.51718e+48  3.08711e+47  9.17343e+47  
-9.89212e+47  -3.32744e+47  1.63666e+48  -2.90803e+48  4.13233e+48  -5.29508e+48  6.38217e+48  -7.38048e+48  8.27851e+48  -9.067e+48  9.7392e+48  -1.02909e+49  1.07199e+49  -1.10259e+49  1.12092e+49  -1.12702e+49  1.12092e+49  -1.10259e+49  1.07199e+49  -1.02909e+49  9.7392e+48  -9.067e+48  8.27851e+48  -7.38048e+48  6.38217e+48  -5.29508e+48  4.13233e+48  -2.90803e+48  1.63666e+48  -3.32744e+47  -9.89212e+47  
1.04237e+48  3.50443e+47  -1.72535e+48  3.06446e+48  -4.35036e+48  5.56634e+48  -6.69687e+48  7.72825e+48  -8.64925e+48  9.45162e+48  -1.01303e+49  1.0683e+49  -1.111e+49  1.14128e+49  -1.15933e+49  1.16533e+49  -1.15933e+49  1.14128e+49  -1.111e+49  1.0683e+49  -1.01303e+49  9.45162e+48  -8.64925e+48  7.72825e+48  -6.69687e+48  5.56634e+48  -4.35036e+48  3.06446e+48  -1.72535e+48  3.50443e+47  1.04237e+48  
-1.07703e+48  -3.61882e+47  1.78357e+48  -3.16679e+48  4.49131e+48  -5.73839e+48  6.89127e+48  -7.93594e+48  8.86176e+48  -9.6618e+48  1.03329e+49  -1.0875e+49  1.12908e+49  -1.15837e+49  1.17577e+49  -1.18153e+49  1.17577e+49  -1.15837e+49  1.12908e+49  -1.0875e+49  1.03329e+49  -9.6618e+48  8.86176e+48  -7.93594e+48  6.89127e+48  -5.73839e+48  4.49131e+48  -3.16679e+48  1.78357e+48  -3.61882e+47  -1.07703e+48  
1.09391e+48  3.67314e+47  -1.81247e+48  3.21718e+48  -4.55865e+48  5.8163e+48  -6.97244e+48  8.01302e+48  -8.92816e+48  9.71245e+48  -1.03647e+49  1.08872e+49  -1.12848e+49  1.15631e+49  -1.17275e+49  1.17819e+49  -1.17275e+49  1.15631e+49  -1.12848e+49  1.08872e+49  -1.03647e+49  9.71245e+48  -8.92816e+48  8.01302e+48  -6.97244e+48  5.8163e+48  -4.55865e+48  3.21718e+48  -1.81247e+48  3.67314e+47  1.09391e+48  
-1.09415e+48  -3.67136e+47  1.81392e+48  -3.21905e+48  4.55753e+48  -5.80727e+48  6.94994e+48  -7.97164e+48  8.86342e+48  -9.62141e+48  1.02463e+49  -1.07427e+49  1.11173e+49  -1.13777e+49  1.15309e+49  -1.15814e+49  1.15309e+49  -1.13777e+49  1.11173e+49  -1.07427e+49  1.02463e+49  -9.62141e+48  8.86342e+48  -7.97164e+48  6.94994e+48  -5.80727e+48  4.55753e+48  -3.21905e+48  1.81392e+48  -3.67136e+47  -1.09415e+48  
1.07925e+48  3.61859e+47  -1.79031e+48  3.17673e+48  -4.49437e+48  5.72002e+48  -6.83496e+48  7.82565e+48  -8.68412e+48  9.40797e+48  -9.9997e+48  1.04657e+49  -1.08144e+49  1.10552e+49  -1.11961e+49  1.12424e+49  -1.11961e+49  1.10552e+49  -1.08144e+49  1.04657e+49  -9.9997e+48  9.40797e+48  -8.68412e+48  7.82565e+48  -6.83496e+48  5.72002e+48  -4.49437e+48  3.17673e+48  -1.79031e+48  3.61859e+47  1.07925e+48  
-1.05092e+48  -3.52073e+47  1.74445e+48  -3.09524e+48  4.37644e+48  -5.56417e+48  6.63961e+48  -7.58968e+48  8.4074e+48  -9.09166e+48  9.64648e+48  -1.00797e+49  1.04014e+49  -1.06219e+49  1.07502e+49  -1.07923e+49  1.07502e+49  -1.06219e+49  1.04014e+49  -1.00797e+49  9.64648e+48  -9.09166e+48  8.4074e+48  -7.58968e+48  6.63961e+48  -5.56417e+48  4.37644e+48  -3.09524e+48  1.74445e+48  -3.52073e+47  -1.05092e+48  
1.01101e+48  3.38416e+47  -1.67937e+48  2.97994e+48  -4.21146e+48  5.34978e+48  -6.37625e+48  7.27837e+48  -8.05005e+48  8.69128e+48  -9.20725e+48  9.60695e+48  -9.90144e+48  1.01019e+49  -1.02179e+49  1.02558e+49  -1.02179e+49  1.01019e+49  -9.90144e+48  9.60695e+48  -9.20725e+48  8.69128e+48  -8.05005e+48  7.27837e+48  -6.37625e+48  5.34978e+48  -4.21146e+48  2.97994e+48  -1.67937e+48  3.38416e+47  1.01101e+48  
-9.61446e+47  -3.2154e+47  1.59818e+48  -2.83631e+48  4.0072e+48  -5.08684e+48  6.05698e+48  -6.90578e+48  7.62792e+48  -8.22425e+48  8.70076e+48  -9.06719e+48  9.33519e+48  -9.51642e+48  9.62076e+48  -9.65478e+48  9.62076e+48  -9.51642e+48  9.33519e+48  -9.06719e+48  8.70076e+48  -8.22425e+48  7.62792e+48  -6.90578e+48  6.05698e+48  -5.08684e+48  4.0072e+48  -2.83631e+48  1.59818e+48  -3.2154e+47  -9.61446e+47  
9.04093e+47  3.02084e+47  -1.50394e+48  2.66975e+48  -3.77124e+48  4.78495e+48  -5.69324e+48  6.48496e+48  -7.15545e+48  7.70614e+48  -8.14351e+48  8.47763e+48  -8.72037e+48  8.88352e+48  -8.97699e+48  9.00738e+48  -8.97699e+48  8.88352e+48  -8.72037e+48  8.47763e+48  -8.14351e+48  7.70614e+48  -7.15545e+48  6.48496e+48  -5.69324e+48  4.78495e+48  -3.77124e+48  2.66975e+48  -1.50394e+48  3.02084e+47  9.04093e+47  
-8.40737e+47  -2.80656e+47  1.39959e+48  -2.48537e+48  3.51069e+48  -4.453e+48  5.29548e+48  -6.02765e+48  6.64541e+48  -7.15051e+48  7.54961e+48  -7.85276e+48  8.07171e+48  -8.21806e+48  8.30154e+48  -8.32861e+48  8.30154e+48  -8.21806e+48  8.07171e+48  -7.85276e+48  7.54961e+48  -7.15051e+48  6.64541e+48  -6.02765e+48  5.29548e+48  -4.453e+48  3.51069e+48  -2.48537e+48  1.39959e+48  -2.80656e+47  -8.40737e+47  
7.73012e+47  2.5781e+47  -1.2878e+48  2.28783e+48  -3.23202e+48  4.09901e+48  -4.87297e+48  5.54412e+48  -6.10877e+48  6.56882e+48  -6.9308e+48  7.20446e+48  -7.40111e+48  7.53193e+48  -7.60627e+48  7.63033e+48  -7.60627e+48  7.53193e+48  -7.40111e+48  7.20446e+48  -6.9308e+48  6.56882e+48  -6.10877e+48  5.54412e+48  -4.87297e+48  4.09901e+48  -3.23202e+48  2.28783e+48  -1.2878e+48  2.5781e+47  7.73012e+47  
-7.02367e+47  -2.34036e+47  1.17096e+48  -2.08131e+48  2.94094e+48  -3.72999e+48  4.43372e+48  -5.04308e+48  5.55471e+48  -5.97047e+48  6.29655e+48  -6.54213e+48  6.7179e+48  -6.83435e+48  6.90031e+48  -6.92162e+48  6.90031e+48  -6.83435e+48  6.7179e+48  -6.54213e+48  6.29655e+48  -5.97047e+48  5.55471e+48  -5.04308e+48  4.43372e+48  -3.72999e+48  2.94094e+48  -2.08131e+48  1.17096e+48  -2.34036e+47  -7.02367e+47  
6.30043e+47  2.09751e+47  -1.05112e+48  1.86933e+48  -2.64231e+48  3.35183e+48  -3.9844e+48  4.53171e+48  -4.99066e+48  5.36295e+48  -5.65426e+48  5.87303e+48  -6.02911e+48  6.13219e+48  -6.19042e+48  6.2092e+48  -6.19042e+48  6.13219e+48  -6.02911e+48  5.87303e+48  -5.65426e+48  5.36295e+48  -4.99066e+48  4.53171e+48  -3.9844e+48  3.35183e+48  -2.64231e+48  1.86933e+48  -1.05113e+48  2.09751e+47  6.30043e+47  
-5.57049e+47  -1.85293e+47  9.29973e+47  -1.65484e+48  2.34008e+48  -2.96932e+48  3.53038e+48  -4.01569e+48  4.42241e+48  -4.75199e+48  5.00949e+48  -5.20248e+48  5.33985e+48  -5.43035e+48  5.48137e+48  -5.4978e+48  5.48137e+48  -5.43035e+48  5.33985e+48  -5.20249e+48  5.00949e+48  -4.75199e+48  4.42241e+48  -4.01569e+48  3.53038e+48  -2.96932e+48  2.34008e+48  -1.65484e+48  9.29973e+47  -1.85293e+47  -5.57049e+47  
4.84169e+47  1.60924e+47  -8.08811e+47  1.44009e+48  -2.03736e+48  2.58617e+48  -3.07574e+48  3.49932e+48  -3.85427e+48  4.14177e+48  -4.3662e+48  4.53421e+48  -4.65359e+48  4.7321e+48  -4.77629e+48  4.79051e+48  -4.77629e+48  4.7321e+48  -4.65359e+48  4.53421e+48  -4.3662e+48  4.14177e+48  -3.85427e+48  3.49932e+48  -3.07574e+48  2.58617e+48  -2.03736e+48  1.44009e+48  -8.08811e+47  1.60924e+47  4.84169e+47  
-4.1196e+47  -1.36825e+47  6.88579e+47  -1.22672e+48  1.73635e+48  -2.20502e+48  2.6234e+48  -2.98558e+48  3.28917e+48  -3.53509e+48  3.72699e+48  -3.87054e+48  3.97244e+48  -4.03938e+48  4.07701e+48  -4.08912e+48  4.07701e+48  -4.03938e+48  3.97244e+48  -3.87054e+48  3.72699e+48  -3.53509e+48  3.28917e+48  -2.98558e+48  2.6234e+48  -2.20502e+48  1.73635e+48  -1.22672e+48  6.88579e+47  -1.36825e+47  -4.1196e+47  
3.40766e+47  1.13107e+47  -5.69869e+47  1.01579e+48  -1.43847e+48  1.82755e+48  -2.17517e+48  2.47632e+48  -2.7289e+48  2.93355e+48  -3.09327e+48  3.21271e+48  -3.29745e+48  3.35307e+48  -3.38432e+48  3.39436e+48  -3.38432e+48  3.35307e+48  -3.29745e+48  3.21271e+48  -3.09327e+48  2.93355e+48  -2.7289e+48  2.47632e+48  -2.17517e+48  1.82755e+48  -1.43848e+48  1.01579e+48  -5.69869e+47  1.13107e+47  3.40766e+47  
-2.70738e+47  -8.98146e+46  4.52954e+47  -8.07777e+47  1.14441e+48  -1.45457e+48  1.73191e+48  -1.97237e+48  2.17419e+48  -2.3378e+48  2.46551e+48  -2.56102e+48  2.62876e+48  -2.67321e+48  2.69817e+48  -2.70619e+48  2.69817e+48  -2.67321e+48  2.62876e+48  -2.56102e+48  2.46551e+48  -2.3378e+48  2.17419e+48  -1.97237e+48  1.73191e+48  -1.45457e+48  1.14441e+48  -8.07777e+47  4.52954e+47  -8.98146e+46  -2.70738e+47  
2.01857e+47  6.69351e+46  -3.37831e+47  6.02712e+47  -8.54212e+47  1.08611e+48  -1.29365e+48  1.47372e+48  -1.62496e+48  1.74763e+48  -1.84341e+48  1.91506e+48  -1.96587e+48  1.9992e+48  -2.01792e+48  2.02393e+48  -2.01792e+48  1.9992e+48  -1.96587e+48  1.91506e+48  -1.84341e+48  1.74763e+48  -1.62496e+48  1.47372e+48  -1.29365e+48  1.08611e+48  -8.54212e+47  6.02712e+47  -3.37831e+47  6.69351e+46  2.01857e+47  
-1.33965e+47  -4.44082e+46  2.24262e+47  -4.00217e+47  5.67384e+47  -7.2162e+47  8.59742e+47  -9.7966e+47  1.08043e+48  -1.1622e+48  1.22607e+48  -1.27386e+48  1.30775e+48  -1.32998e+48  1.34246e+48  -1.34647e+48  1.34246e+48  -1.32998e+48  1.30775e+48  -1.27386e+48  1.22607e+48  -1.1622e+48  1.08043e+48  -9.7966e+47  8.59742e+47  -7.2162e+47  5.67384e+47  -4.00217e+47  2.24262e+47  -4.44082e+46  -1.33965e+47  
6.6793e+46  2.2137e+46  -1.11831e+47  1.9961e+47  -2.83037e+47  3.60041e+47  -4.29029e+47  4.88948e+47  -5.39317e+47  5.80203e+47  -6.12148e+47  6.36049e+47  -6.53003e+47  6.64122e+47  -6.70364e+47  6.72369e+47  -6.70364e+47  6.64122e+47  -6.53003e+47  6.36049e+47  -6.12148e+47  5.80203e+47  -5.39317e+47  4.88948e+47  -4.29029e+47  3.60041e+47  -2.83037e+47  1.9961e+47  -1.11831e+47  2.2137e+46  6.6793e+46  
0  0  0  0  0  0  0  0  0  0  0  0  0  0  0  0  0  0  0  0  0  0  0  0  0  0  0  0  0  0  0  
