1  1  1  1  1  1  1  1  1  1  1  1  1  1  1  1  1  1  1  1  1  1  1  1  1  1  1  1  1  1  1  
-2.44766e+48  -8.2489e+47  4.04341e+48  -7.19966e+48  1.02801e+49  -1.32647e+49  1.61264e+49  -1.88325e+49  2.13456e+49  -2.36263e+49  2.56352e+49  -2.73356e+49  2.86945e+49  -2.96853e+49  3.02879e+49  -3.04901e+49  3.02879e+49  -2.96853e+49  2.86945e+49  -2.73356e+49  2.56352e+49  -2.36263e+49  2.13456e+49  -1.88325e+49  1.61264e+49  -1.32647e+49  1.02801e+49  -7.19966e+48  4.04341e+48  -8.2489e+47  -2.44766e+48  
4.83735e+48  1.6301e+48  -7.99165e+48  1.4228e+49  -2.031e+49  2.61961e+49  -3.18323e+49  3.71534e+49  -4.20868e+49  4.65563e+49  -5.04867e+49  5.3808e+49  -5.6459e+49  5.83896e+49  -5.9563e+49  5.99566e+49  -5.9563e+49  5.83896e+49  -5.6459e+49  5.3808e+49  -5.04867e+49  4.65563e+49  -4.20868e+49  3.71534e+49  -3.18323e+49  2.61961e+49  -2.031e+49  1.4228e+49  -7.99165e+48  1.6301e+48  4.83735e+48  
-7.11369e+48  -2.39684e+48  1.17537e+49  -2.09214e+49  2.98512e+49  -3.84778e+49  4.67195e+49  -5.44805e+49  6.1656e+49  -6.81383e+49  7.38231e+49  -7.86146e+49  8.24304e+49  -8.52043e+49  8.68881e+49  -8.74527e+49  8.68881e+49  -8.52043e+49  8.24304e+49  -7.86146e+49  7.38231e+49  -6.81383e+49  6.1656e+49  -5.44805e+49  4.67195e+49  -3.84778e+49  2.98512e+49  -2.09214e+49  1.17537e+49  -2.39684e+48  -7.11369e+48  
9.22621e+48  3.10797e+48  -1.52468e+49  2.71314e+49  -3.86882e+49  4.98254e+49  -6.0433e+49  7.03867e+49  -7.95546e+49  8.78046e+49  -9.50119e+49  1.01065e+50  -1.05871e+50  1.09355e+50  -1.11467e+50  1.12174e+50  -1.11467e+50  1.09355e+50  -1.05871e+50  1.01065e+50  -9.50119e+49  8.78046e+49  -7.95546e+49  7.03867e+49  -6.0433e+49  4.98254e+49  -3.86882e+49  2.71314e+49  -1.52468e+49  3.10797e+48  9.22621e+48  
-1.11314e+49  -3.74875e+48  1.83993e+49  -3.27302e+49  4.66374e+49  -5.99991e+49  7.2677e+49  -8.45213e+49  9.53788e+49  -1.05101e+50  1.13554e+50  -1.20622e+50  1.26211e+50  -1.3025e+50  1.32692e+50  -1.3351e+50  1.32692e+50  -1.3025e+50  1.26211e+50  -1.20622e+50  1.13554e+50  -1.05101e+50  9.53788e+49  -8.45213e+49  7.2677e+49  -5.99991e+49  4.66374e+49  -3.27302e+49  1.83993e+49  -3.74875e+48  -1.11314e+49  
1.27943e+49  4.30734e+48  -2.11536e+49  3.76158e+49  -5.35535e+49  6.88124e+49  -8.32261e+49  9.66231e+49  -1.08835e+50  1.19708e+50  -1.29106e+50  1.36921e+50  -1.43072e+50  1.47501e+50  -1.50171e+50  1.51064e+50  -1.50171e+50  1.47501e+50  -1.43072e+50  1.36921e+50  -1.29106e+50  1.19708e+50  -1.08835e+50  9.66231e+49  -8.32261e+49  6.88124e+49  -5.35535e+49  3.76158e+49  -2.11536e+49  4.30734e+48  1.27943e+49  
-1.41894e+49  -4.77513e+48  2.34678e+49  -4.17143e+49  5.93337e+49  -7.61371e+49  9.19313e+49  -1.06527e+50  1.19747e+50  -1.3144e+50  1.41481e+50  -1.4978e+50  1.56274e+50  -1.6093e+50  1.63727e+50  -1.64661e+50  1.63727e+50  -1.6093e+50  1.56274e+50  -1.4978e+50  1.41481e+50  -1.3144e+50  1.19747e+50  -1.06527e+50  9.19313e+49  -7.61371e+49  5.93337e+49  -4.17143e+49  2.34678e+49  -4.77513e+48  -1.41894e+49  
1.53011e+49  5.14687e+48  -2.53158e+49  4.49814e+49  -6.39188e+49  8.19041e+49  -9.87192e+49  1.14161e+50  -1.28052e+50  1.40248e+50  -1.50646e+50  1.59179e+50  -1.65816e+50  1.70549e+50  -1.73383e+50  1.74326e+50  -1.73383e+50  1.70549e+50  -1.65816e+50  1.59179e+50  -1.50646e+50  1.40248e+50  -1.28052e+50  1.14161e+50  -9.87192e+49  8.19041e+49  -6.39188e+49  4.49814e+49  -2.53158e+49  5.14687e+48  1.53011e+49  
-1.61234e+49  -5.42064e+48  2.66877e+49  -4.7401e+49  6.72912e+49  -8.60999e+49  1.03587e+50  -1.1954e+50  1.33786e+50  -1.46197e+50  1.56695e+50  -1.65245e+50  1.71849e+50  -1.76532e+50  1.79325e+50  -1.80253e+50  1.79325e+50  -1.76532e+50  1.71849e+50  -1.65245e+50  1.56695e+50  -1.46197e+50  1.33786e+50  -1.1954e+50  1.03587e+50  -8.60999e+49  6.72912e+49  -4.7401e+49  2.66877e+49  -5.42064e+48  -1.61234e+49  
1.66595e+49  5.59759e+48  -2.75883e+49  4.89838e+49  -6.94715e+49  8.87612e+49  -1.06594e+50  1.22753e+50  -1.37073e+50  1.49448e+50  -1.59829e+50  1.68215e+50  -1.74645e+50  1.79177e+50  -1.81867e+50  1.82759e+50  -1.81867e+50  1.79177e+50  -1.74645e+50  1.68215e+50  -1.59829e+50  1.49448e+50  -1.37073e+50  1.22753e+50  -1.06594e+50  8.87612e+49  -6.94715e+49  4.89838e+49  -2.75883e+49  5.59759e+48  1.66595e+49  
-1.69206e+49  -5.6816e+48  2.80353e+49  -4.97633e+49  7.05131e+49  -8.99663e+49  1.07849e+50  -1.23945e+50  1.38101e+50  -1.50232e+50  1.60321e+50  -1.68403e+50  1.74552e+50  -1.78857e+50  1.81401e+50  -1.82242e+50  1.81401e+50  -1.78857e+50  1.74552e+50  -1.68403e+50  1.60321e+50  -1.50232e+50  1.38101e+50  -1.23945e+50  1.07849e+50  -8.99663e+49  7.05131e+49  -4.97633e+49  2.80353e+49  -5.6816e+48  -1.69206e+49  
1.69243e+49  5.67884e+48  -2.80576e+49  4.97921e+49  -7.04957e+49  8.98267e+49  -1.07501e+50  1.23305e+50  -1.37099e+50  1.48824e+50  -1.5849e+50  1.66168e+50  -1.71962e+50  1.75991e+50  -1.78359e+50  1.7914e+50  -1.78359e+50  1.75991e+50  -1.71962e+50  1.66168e+50  -1.5849e+50  1.48824e+50  -1.37099e+50  1.23305e+50  -1.07501e+50  8.98267e+49  -7.04957e+49  4.97921e+49  -2.80576e+49  5.67884e+48  1.69243e+49  
-1.66938e+49  -5.59722e+48  2.76925e+49  -4.91376e+49  6.95187e+49  -8.84771e+49  1.05723e+50  -1.21047e+50  1.34326e+50  -1.45522e+50  1.54675e+50  -1.61882e+50  1.67277e+50  -1.71002e+50  1.73181e+50  -1.73897e+50  1.73181e+50  -1.71002e+50  1.67277e+50  -1.61882e+50  1.54675e+50  -1.45522e+50  1.34326e+50  -1.21047e+50  1.05723e+50  -8.84771e+49  6.95187e+49  -4.91376e+49  2.76925e+49  -5.59722e+48  -1.66938e+49  
1.62555e+49  5.44586e+48  -2.69831e+49  4.78771e+49  -6.76947e+49  8.60665e+49  -1.02701e+50  1.17397e+50  -1.30045e+50  1.40629e+50  -1.49211e+50  1.55913e+50  -1.60889e+50  1.643e+50  -1.66284e+50  1.66934e+50  -1.66284e+50  1.643e+50  -1.60889e+50  1.55913e+50  -1.49211e+50  1.40629e+50  -1.30045e+50  1.17397e+50  -1.02701e+50  8.60665e+49  -6.76947e+49  4.78771e+49  -2.69831e+49  5.44586e+48  1.62555e+49  
-1.56383e+49  -5.23461e+48  2.59765e+49  -4.60936e+49  6.51427e+49  -8.27502e+49  9.86276e+49  -1.12582e+50  1.24518e+50  -1.34436e+50  1.42417e+50  -1.486e+50  1.53155e+50  -1.56256e+50  1.5805e+50  -1.58637e+50  1.5805e+50  -1.56256e+50  1.53155e+50  -1.486e+50  1.42417e+50  -1.34436e+50  1.24518e+50  -1.12582e+50  9.86276e+49  -8.27502e+49  6.51427e+49  -4.60936e+49  2.59765e+49  -5.23461e+48  -1.56383e+49  
1.48716e+49  4.97357e+48  -2.47206e+49  4.3872e+49  -6.19833e+49  7.86831e+49  -9.36892e+49  1.06818e+50  -1.17988e+50  1.27212e+50  -1.34583e+50  1.40251e+50  -1.44396e+50  1.472e+50  -1.48814e+50  1.4934e+50  -1.48814e+50  1.472e+50  -1.44396e+50  1.40251e+50  -1.34583e+50  1.27212e+50  -1.17988e+50  1.06818e+50  -9.36892e+49  7.86831e+49  -6.19833e+49  4.3872e+49  -2.47206e+49  4.97357e+48  1.48716e+49  
-1.39845e+49  -4.67263e+48  2.32629e+49  -4.12957e+49  5.83335e+49  -7.40134e+49  8.80629e+49  -1.00309e+50  1.1068e+50  -1.19198e+50  1.25964e+50  -1.31132e+50  1.34886e+50  -1.3741e+50  1.38856e+50  -1.39326e+50  1.38856e+50  -1.3741e+50  1.34886e+50  -1.31132e+50  1.25964e+50  -1.19198e+50  1.1068e+50  -1.00309e+50  8.80629e+49  -7.40134e+49  5.83335e+49  -4.12957e+49  2.32629e+49  -4.67263e+48  -1.39845e+49  
1.30045e+49  4.34118e+48  -2.16487e+49  3.84436e+49  -5.43033e+49  6.88788e+49  -8.19103e+49  9.32355e+49  -1.02791e+50  1.10604e+50  -1.16777e+50  1.21466e+50  -1.24853e+50  1.27117e+50  -1.28408e+50  1.28827e+50  -1.28408e+50  1.27117e+50  -1.24853e+50  1.21466e+50  -1.16777e+50  1.10604e+50  -1.02791e+50  9.32355e+49  -8.19103e+49  6.88788e+49  -5.43033e+49  3.84436e+49  -2.16488e+49  4.34118e+48  1.30045e+49  
-1.19569e+49  -3.98779e+48  1.99196e+49  -3.53881e+49  4.99928e+49  -6.34034e+49  7.53749e+49  -8.57562e+49  9.44902e+49  -1.01606e+50  1.07205e+50  -1.11438e+50  1.1448e+50  -1.16504e+50  1.17654e+50  -1.18026e+50  1.17654e+50  -1.16504e+50  1.1448e+50  -1.11438e+50  1.07205e+50  -1.01606e+50  9.44902e+49  -8.57562e+49  7.53749e+49  -6.34034e+49  4.99928e+49  -3.53881e+49  1.99196e+49  -3.98779e+48  -1.19569e+49  
1.08642e+49  3.62006e+48  -1.81124e+49  3.21936e+49  -4.54904e+49  5.76953e+49  -6.85806e+49  7.80061e+49  -8.592e+49  9.23511e+49  -9.73948e+49  1.01194e+50  -1.03912e+50  1.05714e+50  -1.06734e+50  1.07063e+50  -1.06734e+50  1.05714e+50  -1.03912e+50  1.01194e+50  -9.73948e+49  9.23511e+49  -8.592e+49  7.80061e+49  -6.85806e+49  5.76953e+49  -4.54904e+49  3.21936e+49  -1.81124e+49  3.62006e+48  1.08642e+49  
-9.74548e+48  -3.24442e+48  1.62588e+49  -2.89148e+49  4.08711e+49  -5.18459e+49  6.16305e+49  -7.00963e+49  7.71953e+49  -8.29539e+49  8.74598e+49  -9.08439e+49  9.32581e+49  -9.48526e+49  9.57532e+49  -9.60437e+49  9.57532e+49  -9.48526e+49  9.32581e+49  -9.08439e+49  8.74598e+49  -8.29539e+49  7.71953e+49  -7.00963e+49  6.16305e+49  -5.18459e+49  4.08711e+49  -2.89148e+49  1.62588e+49  -3.24442e+48  -9.74548e+48  
8.61641e+48  2.86611e+48  -1.43848e+49  2.5597e+49  -3.61963e+49  4.59294e+49  -5.46077e+49  6.21146e+49  -6.84058e+49  7.35037e+49  -7.74866e+49  8.04719e+49  -8.25966e+49  8.39965e+49  -8.47856e+49  8.50398e+49  -8.47856e+49  8.39965e+49  -8.25966e+49  8.04719e+49  -7.74866e+49  7.35037e+49  -6.84058e+49  6.21146e+49  -5.46077e+49  4.59294e+49  -3.61963e+49  2.5597e+49  -1.43848e+49  2.86611e+48  8.61641e+48  
-7.48911e+48  -2.48917e+48  1.25107e+49  -2.22752e+49  3.15138e+49  -4.00029e+49  4.75755e+49  -5.41274e+49  5.96177e+49  -6.40648e+49  6.75363e+49  -7.01349e+49  7.19815e+49  -7.3196e+49  7.38795e+49  -7.40995e+49  7.38795e+49  -7.3196e+49  7.19815e+49  -7.01349e+49  6.75363e+49  -6.40648e+49  5.96177e+49  -5.41274e+49  4.75755e+49  -4.00029e+49  3.15138e+49  -2.22752e+49  1.25107e+49  -2.48917e+48  -7.48911e+48  
6.37218e+48  2.1164e+48  -1.06509e+49  1.89749e+49  -2.68578e+49  3.41072e+49  -4.05787e+49  4.61809e+49  -5.08768e+49  5.46806e+49  -5.76489e+49  5.98694e+49  -6.14456e+49  6.2481e+49  -6.30631e+49  6.32503e+49  -6.30631e+49  6.2481e+49  -6.14456e+49  5.98694e+49  -5.76489e+49  5.46806e+49  -5.08768e+49  4.61809e+49  -4.05787e+49  3.41072e+49  -2.68578e+49  1.89749e+49  -1.06509e+49  2.1164e+48  6.37218e+48  
-5.27095e+48  -1.74954e+48  8.81471e+48  -1.57122e+49  2.22503e+49  -2.82685e+49  3.36455e+49  -3.83036e+49  4.22105e+49  -4.53761e+49  4.78466e+49  -4.96941e+49  5.10048e+49  -5.18652e+49  5.23485e+49  -5.25039e+49  5.23485e+49  -5.18652e+49  5.10048e+49  -4.96941e+49  4.78466e+49  -4.53761e+49  4.22105e+49  -3.83036e+49  3.36455e+49  -2.82685e+49  2.22503e+49  -1.57122e+49  8.81471e+48  -1.74954e+48  -5.27095e+48  
4.18776e+48  1.38925e+48  -7.00628e+48  1.24947e+49  -1.77018e+49  2.24992e+49  -2.67891e+49  3.05086e+49  -3.36303e+49  3.6161e+49  -3.81364e+49  3.96137e+49  -4.06616e+49  4.13491e+49  -4.17352e+49  4.18592e+49  -4.17352e+49  4.13491e+49  -4.06616e+49  3.96137e+49  -3.81364e+49  3.6161e+49  -3.36303e+49  3.05086e+49  -2.67891e+49  2.24992e+49  -1.77018e+49  1.24947e+49  -7.00628e+48  1.38925e+48  4.18776e+48  
-3.12232e+48  -1.03535e+48  5.22556e+48  -9.32273e+48  1.32129e+49  -1.67999e+49  2.00101e+49  -2.27955e+49  2.51348e+49  -2.70322e+49  2.85139e+49  -2.96221e+49  3.0408e+49  -3.09236e+49  3.12131e+49  -3.13061e+49  3.12131e+49  -3.09236e+49  3.0408e+49  -2.96221e+49  2.85139e+49  -2.70322e+49  2.51348e+49  -2.27955e+49  2.00101e+49  -1.67999e+49  1.32129e+49  -9.32273e+48  5.22556e+48  -1.03535e+48  -3.12232e+48  
2.07216e+48  6.86904e+47  -3.46887e+48  6.19055e+48  -8.77628e+48  1.1162e+49  -1.32985e+49  1.51533e+49  -1.6712e+49  1.79769e+49  -1.89649e+49  1.9704e+49  -2.02282e+49  2.05721e+49  -2.07651e+49  2.08271e+49  -2.07651e+49  2.05721e+49  -2.02282e+49  1.9704e+49  -1.89649e+49  1.79769e+49  -1.6712e+49  1.51533e+49  -1.32985e+49  1.1162e+49  -8.77628e+48  6.19055e+48  -3.46887e+48  6.86904e+47  2.07216e+48  
-1.03315e+48  -3.42414e+47  1.7298e+48  -3.08757e+48  4.37801e+48  -5.56911e+48  6.6362e+48  -7.56303e+48  8.34214e+48  -8.97457e+48  9.46869e+48  -9.83839e+48  1.01006e+49  -1.02726e+49  1.03692e+49  -1.04002e+49  1.03692e+49  -1.02726e+49  1.01006e+49  -9.83839e+48  9.46869e+48  -8.97457e+48  8.34214e+48  -7.56303e+48  6.6362e+48  -5.56911e+48  4.37801e+48  -3.08757e+48  1.7298e+48  -3.42414e+47  -1.03315e+48  
0  0  0  0  0  0  0  0  0  0  0  0  0  0  0  0  0  0  0  0  0  0  0  0  0  0  0  0  0  0  0  
