1  1  1  1  1  1  1  1  1  1  1  1  1  1  1  1  1  1  1  1  1  1  1  1  1  1  1  1  1  1  1  
-5.85622e+50  -1.97362e+50  9.67419e+50  -1.72258e+51  2.4596e+51  -3.17368e+51  3.85837e+51  -4.50582e+51  5.1071e+51  -5.65277e+51  6.13344e+51  -6.54025e+51  6.86539e+51  -7.10243e+51  7.24661e+51  -7.295e+51  7.24661e+51  -7.10243e+51  6.86539e+51  -6.54025e+51  6.13344e+51  -5.65277e+51  5.1071e+51  -4.50582e+51  3.85837e+51  -3.17368e+51  2.4596e+51  -1.72258e+51  9.67419e+50  -1.97362e+50  -5.85622e+50  
1.15738e+51  3.90015e+50  -1.91207e+51  3.40416e+51  -4.85932e+51  6.26762e+51  -7.61612e+51  8.88925e+51  -1.00696e+52  1.1139e+52  -1.20793e+52  1.2874e+52  -1.35083e+52  1.39702e+52  -1.42509e+52  1.43451e+52  -1.42509e+52  1.39702e+52  -1.35083e+52  1.2874e+52  -1.20793e+52  1.1139e+52  -1.00696e+52  8.88925e+51  -7.61612e+51  6.26762e+51  -4.85932e+51  3.40416e+51  -1.91207e+51  3.90015e+50  1.15738e+51  
-1.70201e+51  -5.73462e+50  2.81217e+51  -5.00562e+51  7.14214e+51  -9.20613e+51  1.1178e+52  -1.30349e+52  1.47517e+52  -1.63026e+52  1.76628e+52  -1.88092e+52  1.97221e+52  -2.03858e+52  2.07887e+52  -2.09237e+52  2.07887e+52  -2.03858e+52  1.97221e+52  -1.88092e+52  1.76628e+52  -1.63026e+52  1.47517e+52  -1.30349e+52  1.1178e+52  -9.20613e+51  7.14214e+51  -5.00562e+51  2.81217e+51  -5.73462e+50  -1.70201e+51  
2.20745e+51  7.43606e+50  -3.64791e+51  6.4914e+51  -9.25647e+51  1.19211e+52  -1.44591e+52  1.68406e+52  -1.90341e+52  2.1008e+52  -2.27323e+52  2.41806e+52  -2.53304e+52  2.61642e+52  -2.66694e+52  2.68386e+52  -2.66694e+52  2.61642e+52  -2.53304e+52  2.41806e+52  -2.27323e+52  2.1008e+52  -1.90341e+52  1.68406e+52  -1.44591e+52  1.19211e+52  -9.25647e+51  6.4914e+51  -3.64791e+51  7.43606e+50  2.20745e+51  
-2.66328e+51  -8.96919e+50  4.40217e+51  -7.83096e+51  1.11584e+52  -1.43553e+52  1.73885e+52  -2.02224e+52  2.28201e+52  -2.51463e+52  2.71688e+52  -2.88597e+52  3.01969e+52  -3.11634e+52  3.17477e+52  -3.19432e+52  3.17477e+52  -3.11634e+52  3.01969e+52  -2.88597e+52  2.71688e+52  -2.51463e+52  2.28201e+52  -2.02224e+52  1.73885e+52  -1.43553e+52  1.11584e+52  -7.83096e+51  4.40217e+51  -8.96919e+50  -2.66328e+51  
3.06115e+51  1.03057e+51  -5.06117e+51  8.99987e+51  -1.28131e+52  1.64639e+52  -1.99125e+52  2.31179e+52  -2.60397e+52  2.8641e+52  -3.08896e+52  3.27596e+52  -3.42312e+52  3.52908e+52  -3.59297e+52  3.61432e+52  -3.59297e+52  3.52908e+52  -3.42312e+52  3.27596e+52  -3.08896e+52  2.8641e+52  -2.60397e+52  2.31179e+52  -1.99125e+52  1.64639e+52  -1.28131e+52  8.99987e+51  -5.06117e+51  1.03057e+51  3.06115e+51  
-3.39493e+51  -1.14249e+51  5.61485e+51  -9.98048e+51  1.41961e+52  -1.82164e+52  2.19953e+52  -2.54874e+52  2.86505e+52  -3.14481e+52  3.38505e+52  -3.5836e+52  3.73899e+52  -3.85037e+52  3.91731e+52  -3.93964e+52  3.91731e+52  -3.85037e+52  3.73899e+52  -3.5836e+52  3.38505e+52  -3.14481e+52  2.86505e+52  -2.54874e+52  2.19953e+52  -1.82164e+52  1.41961e+52  -9.98048e+51  5.61485e+51  -1.14249e+51  -3.39493e+51  
3.66091e+51  1.23143e+51  -6.05701e+51  1.07622e+52  -1.52931e+52  1.95962e+52  -2.36193e+52  2.73139e+52  -3.06374e+52  3.35555e+52  -3.60432e+52  3.80848e+52  -3.96727e+52  4.08051e+52  -4.14832e+52  4.1709e+52  -4.14832e+52  4.08051e+52  -3.96727e+52  3.80848e+52  -3.60432e+52  3.35555e+52  -3.06374e+52  2.73139e+52  -2.36193e+52  1.95962e+52  -1.52931e+52  1.07622e+52  -6.05701e+51  1.23143e+51  3.66091e+51  
-3.85766e+51  -1.29693e+51  6.38525e+51  -1.13411e+52  1.61e+52  -2.06001e+52  2.4784e+52  -2.8601e+52  3.20094e+52  -3.49789e+52  3.74905e+52  -3.95361e+52  4.11163e+52  -4.22368e+52  4.29051e+52  -4.31271e+52  4.29051e+52  -4.22368e+52  4.11163e+52  -3.95361e+52  3.74905e+52  -3.49789e+52  3.20094e+52  -2.8601e+52  2.4784e+52  -2.06001e+52  1.61e+52  -1.13411e+52  6.38525e+51  -1.29693e+51  -3.85766e+51  
3.98593e+51  1.33927e+51  -6.60071e+51  1.17198e+52  -1.66216e+52  2.12368e+52  -2.55034e+52  2.93696e+52  -3.27959e+52  3.57567e+52  -3.82403e+52  4.02467e+52  -4.17852e+52  4.28695e+52  -4.35132e+52  4.37266e+52  -4.35132e+52  4.28695e+52  -4.17852e+52  4.02467e+52  -3.82403e+52  3.57567e+52  -3.27959e+52  2.93696e+52  -2.55034e+52  2.12368e+52  -1.66216e+52  1.17198e+52  -6.60071e+51  1.33927e+51  3.98593e+51  
-4.04838e+51  -1.35937e+51  6.70767e+51  -1.19063e+52  1.68708e+52  -2.15252e+52  2.58039e+52  -2.96549e+52  3.30417e+52  -3.59442e+52  3.8358e+52  -4.02918e+52  4.1763e+52  -4.2793e+52  4.34016e+52  -4.36028e+52  4.34016e+52  -4.2793e+52  4.1763e+52  -4.02918e+52  3.8358e+52  -3.59442e+52  3.30417e+52  -2.96549e+52  2.58039e+52  -2.15252e+52  1.68708e+52  -1.19063e+52  6.70767e+51  -1.35937e+51  -4.04838e+51  
4.04928e+51  1.35871e+51  -6.71301e+51  1.19132e+52  -1.68667e+52  2.14918e+52  -2.57206e+52  2.95017e+52  -3.28021e+52  3.56072e+52  -3.792e+52  3.9757e+52  -4.11433e+52  4.21072e+52  -4.26738e+52  4.28607e+52  -4.26738e+52  4.21072e+52  -4.11433e+52  3.9757e+52  -3.792e+52  3.56072e+52  -3.28021e+52  2.95017e+52  -2.57206e+52  2.14918e+52  -1.68667e+52  1.19132e+52  -6.71301e+51  1.35871e+51  4.04928e+51  
-3.99412e+51  -1.33918e+51  6.62564e+51  -1.17566e+52  1.66329e+52  -2.11688e+52  2.52951e+52  -2.89614e+52  3.21385e+52  -3.48173e+52  3.70072e+52  -3.87317e+52  4.00225e+52  -4.09136e+52  4.14348e+52  -4.16062e+52  4.14348e+52  -4.09136e+52  4.00225e+52  -3.87317e+52  3.70072e+52  -3.48173e+52  3.21385e+52  -2.89614e+52  2.52951e+52  -2.11688e+52  1.66329e+52  -1.17566e+52  6.62564e+51  -1.33918e+51  -3.99412e+51  
3.88926e+51  1.30297e+51  -6.45593e+51  1.1455e+52  -1.61965e+52  2.05921e+52  -2.45721e+52  2.80881e+52  -3.11144e+52  3.36467e+52  -3.57e+52  3.73034e+52  -3.84939e+52  3.931e+52  -3.97848e+52  3.99404e+52  -3.97848e+52  3.931e+52  -3.84939e+52  3.73034e+52  -3.57e+52  3.36467e+52  -3.11144e+52  2.80881e+52  -2.45721e+52  2.05921e+52  -1.61965e+52  1.1455e+52  -6.45593e+51  1.30297e+51  3.88926e+51  
-3.74159e+51  -1.25242e+51  6.21508e+51  -1.10283e+52  1.55859e+52  -1.97987e+52  2.35974e+52  -2.6936e+52  2.97919e+52  -3.2165e+52  3.40745e+52  -3.55537e+52  3.66436e+52  -3.73855e+52  3.78148e+52  -3.79552e+52  3.78148e+52  -3.73855e+52  3.66436e+52  -3.55537e+52  3.40745e+52  -3.2165e+52  2.97919e+52  -2.6936e+52  2.35974e+52  -1.97987e+52  1.55859e+52  -1.10283e+52  6.21508e+51  -1.25242e+51  -3.74159e+51  
3.55815e+51  1.18997e+51  -5.91459e+51  1.04967e+52  -1.483e+52  1.88256e+52  -2.24159e+52  2.55571e+52  -2.82297e+52  3.04366e+52  -3.22001e+52  3.35562e+52  -3.4548e+52  3.52187e+52  -3.56049e+52  3.57307e+52  -3.56049e+52  3.52187e+52  -3.4548e+52  3.35562e+52  -3.22001e+52  3.04366e+52  -2.82297e+52  2.55571e+52  -2.24159e+52  1.88256e+52  -1.483e+52  1.04967e+52  -5.91459e+51  1.18997e+51  3.55815e+51  
-3.3459e+51  -1.11796e+51  5.56584e+51  -9.88032e+51  1.39567e+52  -1.77083e+52  2.10698e+52  -2.39998e+52  2.64811e+52  -2.85192e+52  3.01378e+52  -3.13743e+52  3.22726e+52  -3.28764e+52  3.32224e+52  -3.33348e+52  3.32224e+52  -3.28764e+52  3.22726e+52  -3.13743e+52  3.01378e+52  -2.85192e+52  2.64811e+52  -2.39998e+52  2.10698e+52  -1.77083e+52  1.39567e+52  -9.88032e+51  5.56584e+51  -1.11796e+51  -3.3459e+51  
3.11143e+51  1.03866e+51  -5.17964e+51  9.19794e+51  -1.29925e+52  1.64798e+52  -1.95977e+52  2.23073e+52  -2.45936e+52  2.64629e+52  -2.79399e+52  2.90618e+52  -2.98721e+52  3.04137e+52  -3.07226e+52  3.08228e+52  -3.07226e+52  3.04137e+52  -2.98721e+52  2.90618e+52  -2.79399e+52  2.64629e+52  -2.45936e+52  2.23073e+52  -1.95977e+52  1.64798e+52  -1.29925e+52  9.19794e+51  -5.17964e+51  1.03866e+51  3.11143e+51  
-2.86079e+51  -9.54111e+50  4.76592e+51  -8.4669e+51  1.19612e+52  -1.51698e+52  1.80341e+52  -2.05179e+52  2.26075e+52  -2.43101e+52  2.56498e+52  -2.66625e+52  2.73903e+52  -2.78744e+52  2.81496e+52  -2.82386e+52  2.81496e+52  -2.78744e+52  2.73903e+52  -2.66625e+52  2.56498e+52  -2.43101e+52  2.26075e+52  -2.05179e+52  1.80341e+52  -1.51698e+52  1.19612e+52  -8.4669e+51  4.76592e+51  -9.54111e+50  -2.86079e+51  
2.59935e+51  8.66128e+50  -4.33353e+51  7.70257e+51  -1.08839e+52  1.38041e+52  -1.64084e+52  1.86636e+52  -2.05571e+52  2.20957e+52  -2.33025e+52  2.42114e+52  -2.48618e+52  2.52928e+52  -2.55369e+52  2.56158e+52  -2.55369e+52  2.52928e+52  -2.48618e+52  2.42114e+52  -2.33025e+52  2.20957e+52  -2.05571e+52  1.86636e+52  -1.64084e+52  1.38041e+52  -1.08839e+52  7.70257e+51  -4.33353e+51  8.66128e+50  2.59935e+51  
-2.33168e+51  -7.76253e+50  3.89004e+51  -6.9181e+51  9.77874e+51  -1.24046e+52  1.47456e+52  -1.67711e+52  1.84696e+52  -1.98474e+52  2.09255e+52  -2.17351e+52  2.23127e+52  -2.26942e+52  2.29097e+52  -2.29792e+52  2.29097e+52  -2.26942e+52  2.23127e+52  -2.17351e+52  2.09255e+52  -1.98474e+52  1.84696e+52  -1.67711e+52  1.47456e+52  -1.24046e+52  9.77874e+51  -6.9181e+51  3.89004e+51  -7.76253e+50  -2.33168e+51  
2.06155e+51  6.8574e+50  -3.44168e+51  6.12428e+51  -8.66026e+51  1.0989e+52  -1.30653e+52  1.48614e+52  -1.63666e+52  1.75863e+52  -1.85393e+52  1.92535e+52  -1.97619e+52  2.00968e+52  -2.02856e+52  2.03465e+52  -2.02856e+52  2.00968e+52  -1.97619e+52  1.92535e+52  -1.85393e+52  1.75863e+52  -1.63666e+52  1.48614e+52  -1.30653e+52  1.0989e+52  -8.66026e+51  6.12428e+51  -3.44168e+51  6.8574e+50  2.06155e+51  
-1.79183e+51  -5.95553e+50  2.99328e+51  -5.32953e+51  7.53993e+51  -9.571e+51  1.13828e+52  -1.29504e+52  1.4264e+52  -1.5328e+52  1.61586e+52  -1.67803e+52  1.72222e+52  -1.75127e+52  1.76763e+52  -1.77289e+52  1.76763e+52  -1.75127e+52  1.72222e+52  -1.67803e+52  1.61586e+52  -1.5328e+52  1.4264e+52  -1.29504e+52  1.13828e+52  -9.571e+51  7.53993e+51  -5.32953e+51  2.99328e+51  -5.95553e+50  -1.79183e+51  
1.52459e+51  5.06367e+50  -2.54832e+51  4.5399e+51  -6.42595e+51  8.16043e+51  -9.70878e+51  1.10491e+52  -1.21727e+52  1.30828e+52  -1.3793e+52  1.43242e+52  -1.47014e+52  1.49491e+52  -1.50884e+52  1.51331e+52  -1.50884e+52  1.49491e+52  -1.47014e+52  1.43242e+52  -1.3793e+52  1.30828e+52  -1.21727e+52  1.10491e+52  -9.70878e+51  8.16043e+51  -6.42595e+51  4.5399e+51  -2.54832e+51  5.06367e+50  1.52459e+51  
-1.26112e+51  -4.1859e+50  2.10899e+51  -3.75926e+51  5.32356e+51  -6.76347e+51  8.04995e+51  -9.16445e+51  1.00992e+52  -1.08566e+52  1.14477e+52  -1.18897e+52  1.22033e+52  -1.24092e+52  1.25248e+52  -1.2562e+52  1.25248e+52  -1.24092e+52  1.22033e+52  -1.18897e+52  1.14477e+52  -1.08566e+52  1.00992e+52  -9.16445e+51  8.04995e+51  -6.76347e+51  5.32356e+51  -3.75926e+51  2.10899e+51  -4.1859e+50  -1.26112e+51  
1.00196e+51  3.32389e+50  -1.67631e+51  2.98945e+51  -4.23529e+51  5.38311e+51  -6.40952e+51  7.29943e+51  -8.04632e+51  8.6518e+51  -9.12444e+51  9.47791e+51  -9.72861e+51  9.89311e+51  -9.98547e+51  1.00152e+52  -9.98547e+51  9.89311e+51  -9.72861e+51  9.47791e+51  -9.12444e+51  8.6518e+51  -8.04632e+51  7.29943e+51  -6.40952e+51  5.38311e+51  -4.23529e+51  2.98945e+51  -1.67631e+51  3.32389e+50  1.00196e+51  
-7.4704e+50  -2.47716e+50  1.25026e+51  -2.23054e+51  3.1613e+51  -4.01952e+51  4.78758e+51  -5.45401e+51  6.0137e+51  -6.46768e+51  6.82217e+51  -7.08731e+51  7.27537e+51  -7.39873e+51  7.46798e+51  -7.49023e+51  7.46798e+51  -7.39873e+51  7.27537e+51  -7.08731e+51  6.82217e+51  -6.46768e+51  6.0137e+51  -5.45401e+51  4.78758e+51  -4.01952e+51  3.1613e+51  -2.23054e+51  1.25026e+51  -2.47716e+50  -7.4704e+50  
4.95782e+50  1.64347e+50  -8.29956e+50  1.48114e+51  -2.0998e+51  2.6706e+51  -3.18176e+51  3.62556e+51  -3.99849e+51  4.30111e+51  -4.5375e+51  4.71434e+51  -4.83977e+51  4.92204e+51  -4.96822e+51  4.98306e+51  -4.96822e+51  4.92204e+51  -4.83977e+51  4.71434e+51  -4.5375e+51  4.30111e+51  -3.99849e+51  3.62556e+51  -3.18176e+51  2.6706e+51  -2.0998e+51  1.48114e+51  -8.29956e+50  1.64347e+50  4.95782e+50  
-2.4719e+50  -8.19254e+49  4.13868e+50  -7.38725e+50  1.04747e+51  -1.33245e+51  1.58776e+51  -1.80952e+51  1.99592e+51  -2.14724e+51  2.26546e+51  -2.35391e+51  2.41665e+51  -2.45781e+51  2.48091e+51  -2.48833e+51  2.48091e+51  -2.45781e+51  2.41665e+51  -2.35391e+51  2.26546e+51  -2.14724e+51  1.99592e+51  -1.80952e+51  1.58776e+51  -1.33245e+51  1.04747e+51  -7.38725e+50  4.13868e+50  -8.19254e+49  -2.4719e+50  
0  0  0  0  0  0  0  0  0  0  0  0  0  0  0  0  0  0  0  0  0  0  0  0  0  0  0  0  0  0  0  
