1  1  1  1  1  1  1  1  1  1  1  1  1  1  1  1  1  1  1  1  1  1  1  1  1  1  1  1  1  1  1  
-2.00416e+54  -6.75427e+53  3.31078e+54  -5.89515e+54  8.41744e+54  -1.08612e+55  1.32044e+55  -1.54202e+55  1.74779e+55  -1.93454e+55  2.09904e+55  -2.23826e+55  2.34953e+55  -2.43065e+55  2.48e+55  -2.49656e+55  2.48e+55  -2.43065e+55  2.34953e+55  -2.23826e+55  2.09904e+55  -1.93454e+55  1.74779e+55  -1.54202e+55  1.32044e+55  -1.08612e+55  8.41744e+54  -5.89515e+54  3.31078e+54  -6.75427e+53  -2.00416e+54  
3.96087e+54  1.33474e+54  -6.54363e+54  1.165e+55  -1.663e+55  2.14496e+55  -2.60645e+55  3.04215e+55  -3.4461e+55  3.81207e+55  -4.13389e+55  4.40585e+55  -4.62291e+55  4.78099e+55  -4.87707e+55  4.9093e+55  -4.87707e+55  4.78099e+55  -4.62291e+55  4.40585e+55  -4.13389e+55  3.81207e+55  -3.4461e+55  3.04215e+55  -2.60645e+55  2.14496e+55  -1.663e+55  1.165e+55  -6.54363e+54  1.33474e+54  3.96087e+54  
-5.82475e+54  -1.96255e+54  9.62406e+54  -1.71307e+55  2.44424e+55  -3.1506e+55  3.82543e+55  -4.46091e+55  5.04845e+55  -5.57923e+55  6.0447e+55  -6.43703e+55  6.74947e+55  -6.9766e+55  7.11447e+55  -7.1607e+55  7.11447e+55  -6.9766e+55  6.74947e+55  -6.43703e+55  6.0447e+55  -5.57923e+55  5.04845e+55  -4.46091e+55  3.82543e+55  -3.1506e+55  2.44424e+55  -1.71307e+55  9.62406e+54  -1.96255e+54  -5.82475e+54  
7.5545e+54  2.54483e+54  -1.24842e+55  2.22154e+55  -3.16783e+55  4.07975e+55  -4.94831e+55  5.76333e+55  -6.514e+55  7.18952e+55  -7.77965e+55  8.2753e+55  -8.66879e+55  8.95412e+55  -9.12702e+55  9.18493e+55  -9.12702e+55  8.95412e+55  -8.66879e+55  8.2753e+55  -7.77965e+55  7.18952e+55  -6.514e+55  5.76333e+55  -4.94831e+55  4.07975e+55  -3.16783e+55  2.22154e+55  -1.24842e+55  2.54483e+54  7.5545e+54  
-9.1145e+54  -3.06951e+54  1.50655e+55  -2.67998e+55  3.81871e+55  -4.91278e+55  5.95085e+55  -6.92067e+55  7.8097e+55  -8.60579e+55  9.29792e+55  -9.87662e+55  1.03342e+56  -1.0665e+56  1.0865e+56  -1.09319e+56  1.0865e+56  -1.0665e+56  1.03342e+56  -9.87662e+55  9.29792e+55  -8.60579e+55  7.8097e+55  -6.92067e+55  5.95085e+55  -4.91278e+55  3.81871e+55  -2.67998e+55  1.50655e+55  -3.06951e+54  -9.1145e+54  
1.04761e+55  3.52689e+54  -1.73208e+55  3.08001e+55  -4.385e+55  5.63441e+55  -6.81463e+55  7.91158e+55  -8.91152e+55  9.80176e+55  -1.05713e+56  1.12112e+56  -1.17149e+56  1.20775e+56  -1.22962e+56  1.23692e+56  -1.22962e+56  1.20775e+56  -1.17149e+56  1.12112e+56  -1.05713e+56  9.80176e+55  -8.91152e+55  7.91158e+55  -6.81463e+55  5.63441e+55  -4.385e+55  3.08001e+55  -1.73208e+55  3.52689e+54  1.04761e+55  
-1.16184e+55  -3.90992e+54  1.92156e+55  -3.4156e+55  4.8583e+55  -6.23417e+55  7.52742e+55  -8.72251e+55  9.80502e+55  -1.07624e+56  1.15846e+56  -1.22641e+56  1.27959e+56  -1.3177e+56  1.34061e+56  -1.34826e+56  1.34061e+56  -1.3177e+56  1.27959e+56  -1.22641e+56  1.15846e+56  -1.07624e+56  9.80502e+55  -8.72251e+55  7.52742e+55  -6.23417e+55  4.8583e+55  -3.4156e+55  1.92156e+55  -3.90992e+54  -1.16184e+55  
1.25287e+55  4.2143e+54  -2.07288e+55  3.68311e+55  -5.23373e+55  6.70638e+55  -8.08321e+55  9.3476e+55  -1.0485e+56  1.14836e+56  -1.2335e+56  1.30337e+56  -1.35771e+56  1.39647e+56  -1.41967e+56  1.4274e+56  -1.41967e+56  1.39647e+56  -1.35771e+56  1.30337e+56  -1.2335e+56  1.14836e+56  -1.0485e+56  9.3476e+55  -8.08321e+55  6.70638e+55  -5.23373e+55  3.68311e+55  -2.07288e+55  4.2143e+54  1.25287e+55  
-1.3202e+55  -4.43846e+54  2.18521e+55  -3.88124e+55  5.50986e+55  -7.04994e+55  8.48179e+55  -9.78806e+55  1.09545e+56  -1.19708e+56  1.28303e+56  -1.35304e+56  1.40712e+56  -1.44546e+56  1.46833e+56  -1.47593e+56  1.46833e+56  -1.44546e+56  1.40712e+56  -1.35304e+56  1.28303e+56  -1.19708e+56  1.09545e+56  -9.78806e+55  8.48179e+55  -7.04994e+55  5.50986e+55  -3.88124e+55  2.18521e+55  -4.43846e+54  -1.3202e+55  
1.3641e+55  4.58335e+54  -2.25895e+55  4.01083e+55  -5.68839e+55  7.26784e+55  -8.728e+55  1.00511e+56  -1.12237e+56  1.2237e+56  -1.30869e+56  1.37736e+56  -1.43001e+56  1.46711e+56  -1.48914e+56  1.49645e+56  -1.48914e+56  1.46711e+56  -1.43001e+56  1.37736e+56  -1.30869e+56  1.2237e+56  -1.12237e+56  1.00511e+56  -8.728e+55  7.26784e+55  -5.68839e+55  4.01083e+55  -2.25895e+55  4.58335e+54  1.3641e+55  
-1.38547e+55  -4.65215e+54  2.29555e+55  -4.07466e+55  5.77367e+55  -7.36652e+55  8.83081e+55  -1.01487e+56  1.13078e+56  -1.23011e+56  1.31272e+56  -1.3789e+56  1.42925e+56  -1.4645e+56  1.48533e+56  -1.49221e+56  1.48533e+56  -1.4645e+56  1.42925e+56  -1.3789e+56  1.31272e+56  -1.23011e+56  1.13078e+56  -1.01487e+56  8.83081e+55  -7.36652e+55  5.77367e+55  -4.07466e+55  2.29555e+55  -4.65215e+54  -1.38547e+55  
1.38578e+55  4.64989e+54  -2.29738e+55  4.07702e+55  -5.77225e+55  7.35509e+55  -8.80231e+55  1.00963e+56  -1.12258e+56  1.21858e+56  -1.29773e+56  1.3606e+56  -1.40804e+56  1.44103e+56  -1.46042e+56  1.46681e+56  -1.46042e+56  1.44103e+56  -1.40804e+56  1.3606e+56  -1.29773e+56  1.21858e+56  -1.12258e+56  1.00963e+56  -8.80231e+55  7.35509e+55  -5.77225e+55  4.07702e+55  -2.29738e+55  4.64989e+54  1.38578e+55  
-1.3669e+55  -4.58305e+54  2.26748e+55  -4.02343e+55  5.69225e+55  -7.24458e+55  8.65668e+55  -9.91142e+55  1.09987e+56  -1.19155e+56  1.26649e+56  -1.32551e+56  1.36968e+56  -1.40018e+56  1.41802e+56  -1.42388e+56  1.41802e+56  -1.40018e+56  1.36968e+56  -1.32551e+56  1.26649e+56  -1.19155e+56  1.09987e+56  -9.91142e+55  8.65668e+55  -7.24458e+55  5.69225e+55  -4.02343e+55  2.26748e+55  -4.58305e+54  -1.3669e+55  
1.33102e+55  4.45912e+54  -2.2094e+55  3.92022e+55  -5.5429e+55  7.0472e+55  -8.40926e+55  9.61255e+55  -1.06482e+56  1.15149e+56  -1.22176e+56  1.27663e+56  -1.31737e+56  1.3453e+56  -1.36155e+56  1.36687e+56  -1.36155e+56  1.3453e+56  -1.31737e+56  1.27663e+56  -1.22176e+56  1.15149e+56  -1.06482e+56  9.61256e+55  -8.40926e+55  7.0472e+55  -5.5429e+55  3.92022e+55  -2.2094e+55  4.45912e+54  1.33102e+55  
-1.28048e+55  -4.28615e+54  2.12697e+55  -3.77418e+55  5.33394e+55  -6.77566e+55  8.07571e+55  -9.21827e+55  1.01956e+56  -1.10078e+56  1.16613e+56  -1.21675e+56  1.25405e+56  -1.27944e+56  1.29413e+56  -1.29893e+56  1.29413e+56  -1.27944e+56  1.25405e+56  -1.21675e+56  1.16613e+56  -1.10078e+56  1.01956e+56  -9.21827e+55  8.07571e+55  -6.77566e+55  5.33394e+55  -3.77418e+55  2.12697e+55  -4.28615e+54  -1.28048e+55  
1.2177e+55  4.0724e+54  -2.02414e+55  3.59228e+55  -5.07524e+55  6.44264e+55  -7.67136e+55  8.74638e+55  -9.66099e+55  1.04163e+56  -1.10198e+56  1.14839e+56  -1.18233e+56  1.20528e+56  -1.2185e+56  1.22281e+56  -1.2185e+56  1.20528e+56  -1.18233e+56  1.14839e+56  -1.10198e+56  1.04163e+56  -9.66099e+55  8.74638e+55  -7.67136e+55  6.44264e+55  -5.07524e+55  3.59228e+55  -2.02414e+55  4.0724e+54  1.2177e+55  
-1.14506e+55  -3.82599e+54  1.90479e+55  -3.38132e+55  4.77639e+55  -6.06028e+55  7.21067e+55  -8.2134e+55  9.0626e+55  -9.76006e+55  1.0314e+56  -1.07372e+56  1.10446e+56  -1.12512e+56  1.13696e+56  -1.14081e+56  1.13696e+56  -1.12512e+56  1.10446e+56  -1.07372e+56  1.0314e+56  -9.76006e+55  9.0626e+55  -8.2134e+55  7.21067e+55  -6.06028e+55  4.77639e+55  -3.38132e+55  1.90479e+55  -3.82599e+54  -1.14506e+55  
1.06482e+55  3.55459e+54  -1.77262e+55  3.14779e+55  -4.4464e+55  5.63986e+55  -6.70688e+55  7.6342e+55  -8.41661e+55  9.05634e+55  -9.56182e+55  9.94576e+55  -1.02231e+56  1.04084e+56  -1.05142e+56  1.05484e+56  -1.05142e+56  1.04084e+56  -1.02231e+56  9.94576e+55  -9.56182e+55  9.05634e+55  -8.41661e+55  7.6342e+55  -6.70688e+55  5.63986e+55  -4.4464e+55  3.14779e+55  -1.77262e+55  3.55459e+54  1.06482e+55  
-9.79043e+54  -3.26524e+54  1.63103e+55  -2.89761e+55  4.09346e+55  -5.19152e+55  6.17176e+55  -7.02179e+55  7.73694e+55  -8.31961e+55  8.77807e+55  -9.12466e+55  9.37374e+55  -9.53942e+55  9.63357e+55  -9.66404e+55  9.63357e+55  -9.53942e+55  9.37374e+55  -9.12466e+55  8.77807e+55  -8.31961e+55  7.73694e+55  -7.02179e+55  6.17176e+55  -5.19152e+55  4.09346e+55  -2.89761e+55  1.63103e+55  -3.26524e+54  -9.79043e+54  
8.8957e+54  2.96413e+54  -1.48306e+55  2.63604e+55  -3.72479e+55  4.72414e+55  -5.61544e+55  6.38721e+55  -7.0352e+55  7.56178e+55  -7.97477e+55  8.28581e+55  -8.50842e+55  8.65592e+55  -8.73946e+55  8.76644e+55  -8.73946e+55  8.65592e+55  -8.50842e+55  8.28581e+55  -7.97477e+55  7.56178e+55  -7.0352e+55  6.38721e+55  -5.61544e+55  4.72414e+55  -3.72479e+55  2.63604e+55  -1.48306e+55  2.96413e+54  8.8957e+54  
-7.97968e+54  -2.65656e+54  1.33128e+55  -2.36757e+55  3.34656e+55  -4.24519e+55  5.04636e+55  -5.73955e+55  6.32082e+55  -6.79234e+55  7.16129e+55  -7.43837e+55  7.63605e+55  -7.76661e+55  7.84036e+55  -7.86414e+55  7.84036e+55  -7.76661e+55  7.63605e+55  -7.43837e+55  7.16129e+55  -6.79234e+55  6.32082e+55  -5.73955e+55  5.04636e+55  -4.24519e+55  3.34656e+55  -2.36757e+55  1.33128e+55  -2.65656e+54  -7.97968e+54  
7.05519e+54  2.3468e+54  -1.17784e+55  2.0959e+55  -2.96379e+55  3.76074e+55  -4.47133e+55  5.086e+55  -5.60112e+55  6.01855e+55  -6.34467e+55  6.58911e+55  -6.76308e+55  6.87771e+55  -6.94232e+55  6.96313e+55  -6.94232e+55  6.87771e+55  -6.76308e+55  6.58911e+55  -6.34467e+55  6.01855e+55  -5.60112e+55  5.086e+55  -4.47133e+55  3.76074e+55  -2.96379e+55  2.0959e+55  -1.17784e+55  2.3468e+54  7.05519e+54  
-6.13215e+54  -2.03815e+54  1.02438e+55  -1.82392e+55  2.58038e+55  -3.27547e+55  3.89552e+55  -4.43199e+55  4.88155e+55  -5.24568e+55  5.52993e+55  -5.74271e+55  5.89391e+55  -5.99335e+55  6.04932e+55  -6.06733e+55  6.04932e+55  -5.99335e+55  5.89391e+55  -5.74271e+55  5.52993e+55  -5.24568e+55  4.88155e+55  -4.43199e+55  3.89552e+55  -3.27547e+55  2.58038e+55  -1.82392e+55  1.02438e+55  -2.03815e+54  -6.13215e+54  
5.21759e+54  1.73293e+54  -8.72106e+54  1.55368e+55  -2.19914e+55  2.79273e+55  -3.32262e+55  3.78133e+55  -4.16584e+55  4.4773e+55  -4.72034e+55  4.90216e+55  -5.03122e+55  5.116e+55  -5.16366e+55  5.17899e+55  -5.16366e+55  5.116e+55  -5.03122e+55  4.90216e+55  -4.72034e+55  4.4773e+55  -4.16584e+55  3.78133e+55  -3.32262e+55  2.79273e+55  -2.19914e+55  1.55368e+55  -8.72106e+54  1.73293e+54  5.21759e+54  
-4.3159e+54  -1.43253e+54  7.21756e+54  -1.28653e+55  1.82187e+55  -2.31465e+55  2.75492e+55  -3.13633e+55  3.45623e+55  -3.71544e+55  3.91772e+55  -4.06899e+55  4.17632e+55  -4.24676e+55  4.28634e+55  -4.29906e+55  4.28634e+55  -4.24676e+55  4.17632e+55  -4.06899e+55  3.91772e+55  -3.71544e+55  3.45623e+55  -3.13633e+55  2.75492e+55  -2.31465e+55  1.82187e+55  -1.28653e+55  7.21756e+54  -1.43253e+54  -4.3159e+54  
3.42897e+54  1.13753e+54  -5.7368e+54  1.02307e+55  -1.44944e+55  1.84225e+55  -2.19352e+55  2.49807e+55  -2.75368e+55  2.96089e+55  -3.12264e+55  3.24361e+55  -3.32941e+55  3.3857e+55  -3.41731e+55  3.42747e+55  -3.41731e+55  3.3857e+55  -3.32941e+55  3.24361e+55  -3.12264e+55  2.96089e+55  -2.75368e+55  2.49807e+55  -2.19352e+55  1.84225e+55  -1.44944e+55  1.02307e+55  -5.7368e+54  1.13753e+54  3.42897e+54  
-2.55658e+54  -8.47754e+53  4.27873e+54  -7.63353e+54  1.08189e+55  -1.37559e+55  1.63845e+55  -1.86652e+55  2.05806e+55  -2.21342e+55  2.33474e+55  -2.42548e+55  2.48984e+55  -2.53205e+55  2.55575e+55  -2.56337e+55  2.55575e+55  -2.53205e+55  2.48984e+55  -2.42548e+55  2.33474e+55  -2.21342e+55  2.05806e+55  -1.86652e+55  1.63845e+55  -1.37559e+55  1.08189e+55  -7.63353e+54  4.27873e+54  -8.47754e+53  -2.55658e+54  
1.6967e+54  5.62443e+53  -2.84034e+54  5.06888e+54  -7.18609e+54  9.13954e+54  -1.08889e+55  1.24077e+55  -1.3684e+55  1.47196e+55  -1.55286e+55  1.61338e+55  -1.65631e+55  1.68446e+55  -1.70027e+55  1.70534e+55  -1.70027e+55  1.68446e+55  -1.65631e+55  1.61338e+55  -1.55286e+55  1.47196e+55  -1.3684e+55  1.24077e+55  -1.08889e+55  9.13954e+54  -7.18609e+54  5.06888e+54  -2.84034e+54  5.62443e+53  1.6967e+54  
-8.45953e+53  -2.80372e+53  1.41637e+54  -2.52813e+54  3.58475e+54  -4.56003e+54  5.43378e+54  -6.19267e+54  6.83062e+54  -7.34845e+54  7.75304e+54  -8.05576e+54  8.27048e+54  -8.41131e+54  8.49036e+54  -8.51576e+54  8.49036e+54  -8.41131e+54  8.27048e+54  -8.05576e+54  7.75304e+54  -7.34845e+54  6.83062e+54  -6.19267e+54  5.43378e+54  -4.56003e+54  3.58475e+54  -2.52813e+54  1.41637e+54  -2.80372e+53  -8.45953e+53  
0  0  0  0  0  0  0  0  0  0  0  0  0  0  0  0  0  0  0  0  0  0  0  0  0  0  0  0  0  0  0  
