1  1  1  1  1  1  1  1  1  1  1  1  1  1  1  1  1  1  1  1  1  1  1  1  1  1  1  1  1  1  1  
-4.79512e+56  -1.61601e+56  7.92131e+56  -1.41046e+57  2.01394e+57  -2.59863e+57  3.15927e+57  -3.6894e+57  4.18173e+57  -4.62854e+57  5.02211e+57  -5.35521e+57  5.62144e+57  -5.81553e+57  5.93359e+57  -5.97321e+57  5.93359e+57  -5.81553e+57  5.62144e+57  -5.35521e+57  5.02211e+57  -4.62854e+57  4.18173e+57  -3.6894e+57  3.15927e+57  -2.59863e+57  2.01394e+57  -1.41046e+57  7.92131e+56  -1.61601e+56  -4.79512e+56  
9.47669e+56  3.19348e+56  -1.56562e+57  2.78736e+57  -3.97886e+57  5.13198e+57  -6.23615e+57  7.27859e+57  -8.24508e+57  9.12068e+57  -9.89067e+57  1.05413e+58  -1.10607e+58  1.14389e+58  -1.16688e+58  1.17459e+58  -1.16688e+58  1.14389e+58  -1.10607e+58  1.05413e+58  -9.89067e+57  9.12068e+57  -8.24508e+57  7.27859e+57  -6.23615e+57  5.13198e+57  -3.97886e+57  2.78736e+57  -1.56562e+57  3.19348e+56  9.47669e+56  
-1.39362e+57  -4.69556e+56  2.30263e+57  -4.09865e+57  5.84805e+57  -7.53806e+57  9.15265e+57  -1.06731e+58  1.20788e+58  -1.33487e+58  1.44624e+58  -1.54011e+58  1.61487e+58  -1.66921e+58  1.70219e+58  -1.71325e+58  1.70219e+58  -1.66921e+58  1.61487e+58  -1.54011e+58  1.44624e+58  -1.33487e+58  1.20788e+58  -1.06731e+58  9.15265e+57  -7.53806e+57  5.84805e+57  -4.09865e+57  2.30263e+57  -4.69556e+56  -1.39362e+57  
1.80748e+57  6.08871e+56  -2.98694e+57  5.31522e+57  -7.57928e+57  9.76113e+57  -1.18392e+58  1.37892e+58  -1.55853e+58  1.72015e+58  -1.86134e+58  1.97993e+58  -2.07408e+58  2.14234e+58  -2.18371e+58  2.19757e+58  -2.18371e+58  2.14234e+58  -2.07408e+58  1.97993e+58  -1.86134e+58  1.72015e+58  -1.55853e+58  1.37892e+58  -1.18392e+58  9.76113e+57  -7.57928e+57  5.31522e+57  -2.98694e+57  6.08871e+56  1.80748e+57  
-2.18072e+57  -7.34405e+56  3.60453e+57  -6.41206e+57  9.13657e+57  -1.17542e+58  1.42379e+58  -1.65583e+58  1.86853e+58  -2.059e+58  2.2246e+58  -2.36306e+58  2.47255e+58  -2.55169e+58  2.59953e+58  -2.61554e+58  2.59953e+58  -2.55169e+58  2.47255e+58  -2.36306e+58  2.2246e+58  -2.059e+58  1.86853e+58  -1.65583e+58  1.42379e+58  -1.17542e+58  9.13657e+57  -6.41206e+57  3.60453e+57  -7.34405e+56  -2.18072e+57  
2.50649e+57  8.43837e+56  -4.14413e+57  7.36917e+57  -1.04915e+58  1.34808e+58  -1.63045e+58  1.89291e+58  -2.13215e+58  2.34515e+58  -2.52927e+58  2.68238e+58  -2.80288e+58  2.88964e+58  -2.94196e+58  2.95943e+58  -2.94196e+58  2.88964e+58  -2.80288e+58  2.68238e+58  -2.52927e+58  2.34515e+58  -2.13215e+58  1.89291e+58  -1.63045e+58  1.34808e+58  -1.04915e+58  7.36917e+57  -4.14413e+57  8.43837e+56  2.50649e+57  
-2.7798e+57  -9.35479e+56  4.59749e+57  -8.1721e+57  1.16239e+58  -1.49158e+58  1.80099e+58  -2.08693e+58  2.34593e+58  -2.575e+58  2.77171e+58  -2.93428e+58  3.06151e+58  -3.15271e+58  3.20753e+58  -3.22581e+58  3.20753e+58  -3.15271e+58  3.06151e+58  -2.93428e+58  2.77171e+58  -2.575e+58  2.34593e+58  -2.08693e+58  1.80099e+58  -1.49158e+58  1.16239e+58  -8.1721e+57  4.59749e+57  -9.35479e+56  -2.7798e+57  
2.99758e+57  1.00831e+57  -4.95953e+57  8.81214e+57  -1.25221e+58  1.60455e+58  -1.93397e+58  2.23649e+58  -2.50862e+58  2.74755e+58  -2.95125e+58  3.11842e+58  -3.24844e+58  3.34116e+58  -3.39668e+58  3.41517e+58  -3.39668e+58  3.34116e+58  -3.24844e+58  3.11842e+58  -2.95125e+58  2.74755e+58  -2.50862e+58  2.23649e+58  -1.93397e+58  1.60455e+58  -1.25221e+58  8.81214e+57  -4.95953e+57  1.00831e+57  2.99758e+57  
-3.15868e+57  -1.06194e+57  5.2283e+57  -9.28617e+57  1.31828e+58  -1.68675e+58  2.02934e+58  -2.34187e+58  2.62096e+58  -2.8641e+58  3.06975e+58  -3.23725e+58  3.36664e+58  -3.45839e+58  3.5131e+58  -3.53128e+58  3.5131e+58  -3.45839e+58  3.36664e+58  -3.23725e+58  3.06975e+58  -2.8641e+58  2.62096e+58  -2.34187e+58  2.02934e+58  -1.68675e+58  1.31828e+58  -9.28617e+57  5.2283e+57  -1.06194e+57  -3.15868e+57  
3.26371e+57  1.0966e+57  -5.40472e+57  9.59624e+57  -1.36099e+58  1.73889e+58  -2.08824e+58  2.40481e+58  -2.68536e+58  2.92779e+58  -3.13115e+58  3.29544e+58  -3.42141e+58  3.51019e+58  -3.5629e+58  3.58037e+58  -3.5629e+58  3.51019e+58  -3.42141e+58  3.29544e+58  -3.13115e+58  2.92779e+58  -2.68536e+58  2.40481e+58  -2.08824e+58  1.73889e+58  -1.36099e+58  9.59624e+57  -5.40472e+57  1.0966e+57  3.26371e+57  
-3.31485e+57  -1.11306e+57  5.4923e+57  -9.74894e+57  1.3814e+58  -1.7625e+58  2.11284e+58  -2.42816e+58  2.70548e+58  -2.94314e+58  3.14079e+58  -3.29913e+58  3.41959e+58  -3.50393e+58  3.55376e+58  -3.57024e+58  3.55376e+58  -3.50393e+58  3.41959e+58  -3.29913e+58  3.14079e+58  -2.94314e+58  2.70548e+58  -2.42816e+58  2.11284e+58  -1.7625e+58  1.3814e+58  -9.74894e+57  5.4923e+57  -1.11306e+57  -3.31485e+57  
3.31559e+57  1.11252e+57  -5.49667e+57  9.7546e+57  -1.38106e+58  1.75976e+58  -2.10602e+58  2.41563e+58  -2.68586e+58  2.91555e+58  -3.10493e+58  3.25533e+58  -3.36885e+58  3.44777e+58  -3.49417e+58  3.50947e+58  -3.49417e+58  3.44777e+58  -3.36885e+58  3.25533e+58  -3.10493e+58  2.91555e+58  -2.68586e+58  2.41563e+58  -2.10602e+58  1.75976e+58  -1.38106e+58  9.7546e+57  -5.49667e+57  1.11252e+57  3.31559e+57  
-3.27042e+57  -1.09653e+57  5.42513e+57  -9.62638e+57  1.36192e+58  -1.73332e+58  2.07118e+58  -2.37139e+58  2.63153e+58  -2.85087e+58  3.03019e+58  -3.17138e+58  3.27708e+58  -3.35004e+58  3.39272e+58  -3.40675e+58  3.39272e+58  -3.35004e+58  3.27708e+58  -3.17138e+58  3.03019e+58  -2.85087e+58  2.63153e+58  -2.37139e+58  2.07118e+58  -1.73332e+58  1.36192e+58  -9.62638e+57  5.42513e+57  -1.09653e+57  -3.27042e+57  
3.18456e+57  1.06688e+57  -5.28617e+57  9.37943e+57  -1.32618e+58  1.6861e+58  -2.01198e+58  2.29988e+58  -2.54767e+58  2.75502e+58  -2.92315e+58  3.05443e+58  -3.15191e+58  3.21874e+58  -3.25761e+58  3.27035e+58  -3.25761e+58  3.21874e+58  -3.15191e+58  3.05443e+58  -2.92315e+58  2.75502e+58  -2.54767e+58  2.29988e+58  -2.01198e+58  1.6861e+58  -1.32618e+58  9.37943e+57  -5.28617e+57  1.06688e+57  3.18456e+57  
-3.06365e+57  -1.0255e+57  5.08896e+57  -9.03003e+57  1.27619e+58  -1.62113e+58  1.93218e+58  -2.20555e+58  2.43939e+58  -2.6337e+58  2.79005e+58  -2.91117e+58  3.00041e+58  -3.06116e+58  3.09631e+58  -3.1078e+58  3.09631e+58  -3.06116e+58  3.00041e+58  -2.91117e+58  2.79005e+58  -2.6337e+58  2.43939e+58  -2.20555e+58  1.93218e+58  -1.62113e+58  1.27619e+58  -9.03003e+57  5.08896e+57  -1.0255e+57  -3.06365e+57  
2.91345e+57  9.74355e+56  -4.84292e+57  8.59481e+57  -1.21429e+58  1.54145e+58  -1.83543e+58  2.09264e+58  -2.31147e+58  2.49217e+58  -2.63657e+58  2.74761e+58  -2.82882e+58  2.88374e+58  -2.91536e+58  2.92566e+58  -2.91536e+58  2.88374e+58  -2.82882e+58  2.74761e+58  -2.63657e+58  2.49217e+58  -2.31147e+58  2.09264e+58  -1.83543e+58  1.54145e+58  -1.21429e+58  8.59481e+57  -4.84292e+57  9.74355e+56  2.91345e+57  
-2.73965e+57  -9.15399e+56  4.55736e+57  -8.09009e+57  1.14279e+58  -1.44997e+58  1.72521e+58  -1.96512e+58  2.1683e+58  -2.33517e+58  2.46771e+58  -2.56895e+58  2.64251e+58  -2.69195e+58  2.72028e+58  -2.72948e+58  2.72028e+58  -2.69195e+58  2.64251e+58  -2.56895e+58  2.46771e+58  -2.33517e+58  2.1683e+58  -1.96512e+58  1.72521e+58  -1.44997e+58  1.14279e+58  -8.09009e+57  4.55736e+57  -9.15399e+56  -2.73965e+57  
2.54766e+57  8.50465e+56  -4.24113e+57  7.53135e+57  -1.06384e+58  1.34938e+58  -1.60468e+58  1.82654e+58  -2.01374e+58  2.1668e+58  -2.28774e+58  2.3796e+58  -2.44595e+58  2.4903e+58  -2.51559e+58  2.5238e+58  -2.51559e+58  2.4903e+58  -2.44595e+58  2.3796e+58  -2.28774e+58  2.1668e+58  -2.01374e+58  1.82654e+58  -1.60468e+58  1.34938e+58  -1.06384e+58  7.53135e+57  -4.24113e+57  8.50465e+56  2.54766e+57  
-2.34244e+57  -7.81235e+56  3.90238e+57  -6.93277e+57  9.79392e+57  -1.24211e+58  1.47664e+58  -1.68002e+58  1.85112e+58  -1.99053e+58  2.10022e+58  -2.18315e+58  2.24274e+58  -2.28238e+58  2.30491e+58  -2.3122e+58  2.30491e+58  -2.28238e+58  2.24274e+58  -2.18315e+58  2.10022e+58  -1.99053e+58  1.85112e+58  -1.68002e+58  1.47664e+58  -1.24211e+58  9.79392e+57  -6.93277e+57  3.90238e+57  -7.81235e+56  -2.34244e+57  
2.12837e+57  7.09193e+56  -3.54833e+57  6.30693e+57  -8.91187e+57  1.13029e+58  -1.34354e+58  1.52819e+58  -1.68323e+58  1.80922e+58  -1.90803e+58  1.98245e+58  -2.03571e+58  2.071e+58  -2.09098e+58  2.09744e+58  -2.09098e+58  2.071e+58  -2.03571e+58  1.98245e+58  -1.90803e+58  1.80922e+58  -1.68323e+58  1.52819e+58  -1.34354e+58  1.13029e+58  -8.91187e+57  6.30693e+57  -3.54833e+57  7.09193e+56  2.12837e+57  
-1.9092e+57  -6.35602e+56  3.1852e+57  -5.6646e+57  8.00692e+57  -1.0157e+58  1.20738e+58  -1.37323e+58  1.51231e+58  -1.62512e+58  1.7134e+58  -1.77969e+58  1.82699e+58  -1.85822e+58  1.87587e+58  -1.88156e+58  1.87587e+58  -1.85822e+58  1.82699e+58  -1.77969e+58  1.7134e+58  -1.62512e+58  1.51231e+58  -1.37323e+58  1.20738e+58  -1.0157e+58  8.00692e+57  -5.6646e+57  3.1852e+57  -6.35602e+56  -1.9092e+57  
1.68801e+57  5.6149e+56  -2.81807e+57  5.01462e+57  -7.0911e+57  8.99787e+57  -1.0698e+58  1.21687e+58  -1.34011e+58  1.43999e+58  -1.51801e+58  1.5765e+58  -1.61812e+58  1.64555e+58  -1.66101e+58  1.66599e+58  -1.66101e+58  1.64555e+58  -1.61812e+58  1.5765e+58  -1.51801e+58  1.43999e+58  -1.34011e+58  1.21687e+58  -1.0698e+58  8.99787e+57  -7.0911e+57  5.01462e+57  -2.81807e+57  5.6149e+56  1.68801e+57  
-1.46717e+57  -4.87644e+56  2.45092e+57  -4.36386e+57  6.17376e+57  -7.83682e+57  9.32035e+57  -1.06039e+58  1.16795e+58  -1.25507e+58  1.32308e+58  -1.37399e+58  1.41017e+58  -1.43396e+58  1.44735e+58  -1.45166e+58  1.44735e+58  -1.43396e+58  1.41017e+58  -1.37399e+58  1.32308e+58  -1.25507e+58  1.16795e+58  -1.06039e+58  9.32035e+57  -7.83682e+57  6.17376e+57  -4.36386e+57  2.45092e+57  -4.87644e+56  -1.46717e+57  
1.24835e+57  4.14617e+56  -2.08658e+57  3.71731e+57  -5.26162e+57  6.68183e+57  -7.94963e+57  9.04713e+57  -9.96711e+57  1.07123e+58  -1.12938e+58  1.17288e+58  -1.20376e+58  1.22404e+58  -1.23545e+58  1.23912e+58  -1.23545e+58  1.22404e+58  -1.20376e+58  1.17288e+58  -1.12938e+58  1.07123e+58  -9.96711e+57  9.04713e+57  -7.94963e+57  6.68183e+57  -5.26162e+57  3.71731e+57  -2.08658e+57  4.14617e+56  1.24835e+57  
-1.03261e+57  -3.42745e+56  1.72686e+57  -3.07812e+57  4.35898e+57  -5.53799e+57  6.59137e+57  -7.50393e+57  8.26931e+57  -8.88948e+57  9.37345e+57  -9.73539e+57  9.99217e+57  -1.01607e+58  1.02554e+58  -1.02859e+58  1.02554e+58  -1.01607e+58  9.99217e+57  -9.73539e+57  9.37345e+57  -8.88948e+57  8.26931e+57  -7.50393e+57  6.59137e+57  -5.53799e+57  4.35898e+57  -3.07812e+57  1.72686e+57  -3.42745e+56  -1.03261e+57  
8.2041e+56  2.72163e+56  -1.37258e+57  2.44779e+57  -3.46789e+57  4.40773e+57  -5.24817e+57  5.97683e+57  -6.5884e+57  7.08417e+57  -7.47117e+57  7.76059e+57  -7.96587e+57  8.10056e+57  -8.17619e+57  8.2005e+57  -8.17619e+57  8.10056e+57  -7.96587e+57  7.76059e+57  -7.47117e+57  7.08417e+57  -6.5884e+57  5.97683e+57  -5.24817e+57  4.40773e+57  -3.46789e+57  2.44779e+57  -1.37258e+57  2.72163e+56  8.2041e+56  
-6.11683e+56  -2.02832e+56  1.02372e+57  -1.82638e+57  2.5885e+57  -3.29122e+57  3.92011e+57  -4.46579e+57  4.92407e+57  -5.29579e+57  5.58605e+57  -5.80315e+57  5.95713e+57  -6.05814e+57  6.11485e+57  -6.13307e+57  6.11485e+57  -6.05814e+57  5.95713e+57  -5.80315e+57  5.58605e+57  -5.29579e+57  4.92407e+57  -4.46579e+57  3.92011e+57  -3.29122e+57  2.5885e+57  -1.82638e+57  1.02372e+57  -2.02832e+56  -6.11683e+56  
4.0595e+56  1.34569e+56  -6.79575e+56  1.21277e+57  -1.71933e+57  2.18671e+57  -2.60526e+57  2.96864e+57  -3.274e+57  3.52179e+57  -3.71534e+57  3.86014e+57  -3.96284e+57  4.03021e+57  -4.06802e+57  4.08017e+57  -4.06802e+57  4.03021e+57  -3.96284e+57  3.86014e+57  -3.71534e+57  3.52179e+57  -3.274e+57  2.96864e+57  -2.60526e+57  2.18671e+57  -1.71933e+57  1.21277e+57  -6.79575e+56  1.34569e+56  4.0595e+56  
-2.02401e+56  -6.70812e+55  3.38878e+56  -6.04875e+56  8.5768e+56  -1.09102e+57  1.30008e+57  -1.48165e+57  1.63428e+57  -1.75818e+57  1.85498e+57  -1.9274e+57  1.97878e+57  -2.01247e+57  2.03139e+57  -2.03746e+57  2.03139e+57  -2.01247e+57  1.97878e+57  -1.9274e+57  1.85498e+57  -1.75818e+57  1.63428e+57  -1.48165e+57  1.30008e+57  -1.09102e+57  8.5768e+56  -6.04875e+56  3.38878e+56  -6.70812e+55  -2.02401e+56  
0  0  0  0  0  0  0  0  0  0  0  0  0  0  0  0  0  0  0  0  0  0  0  0  0  0  0  0  0  0  0  
