1  1  1  1  1  1  1  1  1  1  1  1  1  1  1  1  1  1  1  1  1  1  1  1  1  1  1  1  1  1  1  
-3.21488e+68  -1.08345e+68  5.31082e+68  -9.4564e+68  1.35024e+69  -1.74225e+69  2.11812e+69  -2.47355e+69  2.80363e+69  -3.10319e+69  3.36706e+69  -3.59039e+69  3.76888e+69  -3.89901e+69  3.97816e+69  -4.00472e+69  3.97816e+69  -3.89901e+69  3.76888e+69  -3.59039e+69  3.36706e+69  -3.10319e+69  2.80363e+69  -2.47355e+69  2.11812e+69  -1.74225e+69  1.35024e+69  -9.4564e+68  5.31082e+68  -1.08345e+68  -3.21488e+68  
6.35362e+68  2.14106e+68  -1.04966e+69  1.86878e+69  -2.66761e+69  3.44073e+69  -4.18101e+69  4.87991e+69  -5.52789e+69  6.11494e+69  -6.63118e+69  7.06742e+69  -7.41561e+69  7.66919e+69  -7.8233e+69  7.87501e+69  -7.8233e+69  7.66919e+69  -7.41561e+69  7.06742e+69  -6.63118e+69  6.11494e+69  -5.52789e+69  4.87991e+69  -4.18101e+69  3.44073e+69  -2.66761e+69  1.86878e+69  -1.04966e+69  2.14106e+68  6.35362e+68  
-9.34348e+68  -3.14812e+68  1.54379e+69  -2.74793e+69  3.92081e+69  -5.05387e+69  6.13637e+69  -7.15574e+69  8.09821e+69  -8.94963e+69  9.69629e+69  -1.03256e+70  1.08268e+70  -1.11912e+70  1.14123e+70  -1.14865e+70  1.14123e+70  -1.11912e+70  1.08268e+70  -1.03256e+70  9.69629e+69  -8.94963e+69  8.09821e+69  -7.15574e+69  6.13637e+69  -5.05387e+69  3.92081e+69  -2.74793e+69  1.54379e+69  -3.14812e+68  -9.34348e+68  
1.21182e+69  4.08216e+68  -2.00259e+69  3.56357e+69  -5.08151e+69  6.54432e+69  -7.93757e+69  9.24495e+69  -1.04491e+70  1.15327e+70  -1.24793e+70  1.32744e+70  -1.39056e+70  1.43633e+70  -1.46406e+70  1.47335e+70  -1.46406e+70  1.43633e+70  -1.39056e+70  1.32744e+70  -1.24793e+70  1.15327e+70  -1.04491e+70  9.24495e+69  -7.93757e+69  6.54432e+69  -5.08151e+69  3.56357e+69  -2.00259e+69  4.08216e+68  1.21182e+69  
-1.46206e+69  -4.9238e+68  2.41665e+69  -4.29895e+69  6.12559e+69  -7.88058e+69  9.54576e+69  -1.11015e+70  1.25275e+70  -1.38045e+70  1.49148e+70  -1.58431e+70  1.65771e+70  -1.71077e+70  1.74285e+70  -1.75358e+70  1.74285e+70  -1.71077e+70  1.65771e+70  -1.58431e+70  1.49148e+70  -1.38045e+70  1.25275e+70  -1.11015e+70  9.54576e+69  -7.88058e+69  6.12559e+69  -4.29895e+69  2.41665e+69  -4.9238e+68  -1.46206e+69  
1.68047e+69  5.65748e+68  -2.77842e+69  4.94064e+69  -7.03398e+69  9.03816e+69  -1.09313e+70  1.2691e+70  -1.4295e+70  1.5723e+70  -1.69574e+70  1.7984e+70  -1.87918e+70  1.93735e+70  -1.97243e+70  1.98414e+70  -1.97243e+70  1.93735e+70  -1.87918e+70  1.7984e+70  -1.69574e+70  1.5723e+70  -1.4295e+70  1.2691e+70  -1.09313e+70  9.03816e+69  -7.03398e+69  4.94064e+69  -2.77842e+69  5.65748e+68  1.68047e+69  
-1.86371e+69  -6.2719e+68  3.08237e+69  -5.47897e+69  7.79319e+69  -1.00002e+70  1.20747e+70  -1.39918e+70  1.57282e+70  -1.7264e+70  1.85829e+70  -1.96728e+70  2.05258e+70  -2.11373e+70  2.15048e+70  -2.16274e+70  2.15048e+70  -2.11373e+70  2.05258e+70  -1.96728e+70  1.85829e+70  -1.7264e+70  1.57282e+70  -1.39918e+70  1.20747e+70  -1.00002e+70  7.79319e+69  -5.47897e+69  3.08237e+69  -6.2719e+68  -1.86371e+69  
2.00972e+69  6.76016e+68  -3.32511e+69  5.90808e+69  -8.39542e+69  1.07577e+70  -1.29663e+70  1.49945e+70  -1.6819e+70  1.84209e+70  -1.97866e+70  2.09073e+70  -2.17791e+70  2.24007e+70  -2.2773e+70  2.28969e+70  -2.2773e+70  2.24007e+70  -2.17791e+70  2.09073e+70  -1.97866e+70  1.84209e+70  -1.6819e+70  1.49945e+70  -1.29663e+70  1.07577e+70  -8.39542e+69  5.90808e+69  -3.32511e+69  6.76016e+68  2.00972e+69  
-2.11773e+69  -7.11974e+68  3.5053e+69  -6.22589e+69  8.83837e+69  -1.13088e+70  1.36056e+70  -1.5701e+70  1.75722e+70  -1.92023e+70  2.05811e+70  -2.17041e+70  2.25716e+70  -2.31867e+70  2.35535e+70  -2.36754e+70  2.35535e+70  -2.31867e+70  2.25716e+70  -2.17041e+70  2.05811e+70  -1.92023e+70  1.75722e+70  -1.5701e+70  1.36056e+70  -1.13088e+70  8.83837e+69  -6.22589e+69  3.5053e+69  -7.11974e+68  -2.11773e+69  
2.18815e+69  7.35215e+68  -3.62358e+69  6.43377e+69  -9.12474e+69  1.16583e+70  -1.40006e+70  1.6123e+70  -1.80039e+70  1.96293e+70  -2.09927e+70  2.20942e+70  -2.29388e+70  2.3534e+70  -2.38874e+70  2.40045e+70  -2.38874e+70  2.3534e+70  -2.29388e+70  2.20942e+70  -2.09927e+70  1.96293e+70  -1.80039e+70  1.6123e+70  -1.40006e+70  1.16583e+70  -9.12474e+69  6.43377e+69  -3.62358e+69  7.35215e+68  2.18815e+69  
-2.22243e+69  -7.4625e+68  3.6823e+69  -6.53616e+69  9.26154e+69  -1.18166e+70  1.41655e+70  -1.62796e+70  1.81388e+70  -1.97322e+70  2.10573e+70  -2.21189e+70  2.29266e+70  -2.3492e+70  2.38261e+70  -2.39366e+70  2.38261e+70  -2.3492e+70  2.29266e+70  -2.21189e+70  2.10573e+70  -1.97322e+70  1.81388e+70  -1.62796e+70  1.41655e+70  -1.18166e+70  9.26154e+69  -6.53616e+69  3.6823e+69  -7.4625e+68  -2.22243e+69  
2.22293e+69  7.45888e+68  -3.68523e+69  6.53995e+69  -9.25926e+69  1.17983e+70  -1.41198e+70  1.61955e+70  -1.80073e+70  1.95472e+70  -2.08169e+70  2.18253e+70  -2.25864e+70  2.31155e+70  -2.34266e+70  2.35291e+70  -2.34266e+70  2.31155e+70  -2.25864e+70  2.18253e+70  -2.08169e+70  1.95472e+70  -1.80073e+70  1.61955e+70  -1.41198e+70  1.17983e+70  -9.25926e+69  6.53995e+69  -3.68523e+69  7.45888e+68  2.22293e+69  
-2.19264e+69  -7.35167e+68  3.63727e+69  -6.45398e+69  9.13094e+69  -1.1621e+70  1.38862e+70  -1.58989e+70  1.7643e+70  -1.91136e+70  2.03158e+70  -2.12625e+70  2.19711e+70  -2.24603e+70  2.27464e+70  -2.28405e+70  2.27464e+70  -2.24603e+70  2.19711e+70  -2.12625e+70  2.03158e+70  -1.91136e+70  1.7643e+70  -1.58989e+70  1.38862e+70  -1.1621e+70  9.13094e+69  -6.45398e+69  3.63727e+69  -7.35167e+68  -2.19264e+69  
2.13508e+69  7.15286e+68  -3.5441e+69  6.28842e+69  -8.89136e+69  1.13044e+70  -1.34893e+70  1.54195e+70  -1.70808e+70  1.8471e+70  -1.95982e+70  2.04784e+70  -2.11319e+70  2.15799e+70  -2.18406e+70  2.1926e+70  -2.18406e+70  2.15799e+70  -2.11319e+70  2.04784e+70  -1.95982e+70  1.8471e+70  -1.70808e+70  1.54195e+70  -1.34893e+70  1.13044e+70  -8.89136e+69  6.28842e+69  -3.5441e+69  7.15286e+68  2.13508e+69  
-2.05401e+69  -6.87541e+68  3.41188e+69  -6.05416e+69  8.55617e+69  -1.08688e+70  1.29542e+70  -1.4787e+70  1.63548e+70  -1.76576e+70  1.87058e+70  -1.95179e+70  2.01162e+70  -2.05235e+70  2.07591e+70  -2.08362e+70  2.07591e+70  -2.05235e+70  2.01162e+70  -1.95179e+70  1.87058e+70  -1.76576e+70  1.63548e+70  -1.4787e+70  1.29542e+70  -1.08688e+70  8.55617e+69  -6.05416e+69  3.41188e+69  -6.87541e+68  -2.05401e+69  
1.95331e+69  6.53254e+68  -3.24692e+69  5.76237e+69  -8.1412e+69  1.03346e+70  -1.23056e+70  1.40301e+70  -1.54972e+70  1.67087e+70  -1.76768e+70  1.84213e+70  -1.89657e+70  1.9334e+70  -1.95459e+70  1.9615e+70  -1.95459e+70  1.9334e+70  -1.89657e+70  1.84213e+70  -1.76768e+70  1.67087e+70  -1.54972e+70  1.40301e+70  -1.23056e+70  1.03346e+70  -8.1412e+69  5.76237e+69  -3.24692e+69  6.53254e+68  1.95331e+69  
-1.83679e+69  -6.13727e+68  3.05547e+69  -5.42398e+69  7.66181e+69  -9.72129e+69  1.15666e+70  -1.31751e+70  1.45373e+70  -1.56561e+70  1.65447e+70  -1.72235e+70  1.77167e+70  -1.80481e+70  1.8238e+70  -1.82998e+70  1.8238e+70  -1.80481e+70  1.77167e+70  -1.72235e+70  1.65447e+70  -1.56561e+70  1.45373e+70  -1.31751e+70  1.15666e+70  -9.72129e+69  7.66181e+69  -5.42398e+69  3.05547e+69  -6.13727e+68  -1.83679e+69  
1.70807e+69  5.70192e+68  -2.84346e+69  5.04937e+69  -7.13247e+69  9.04689e+69  -1.07585e+70  1.2246e+70  -1.35011e+70  1.45273e+70  -1.53381e+70  1.5954e+70  -1.63988e+70  1.66961e+70  -1.68657e+70  1.69207e+70  -1.68657e+70  1.66961e+70  -1.63988e+70  1.5954e+70  -1.53381e+70  1.45273e+70  -1.35011e+70  1.2246e+70  -1.07585e+70  9.04689e+69  -7.13247e+69  5.04937e+69  -2.84346e+69  5.70192e+68  1.70807e+69  
-1.57048e+69  -5.23777e+68  2.61634e+69  -4.64806e+69  6.56631e+69  -8.32772e+69  9.90012e+69  -1.12637e+70  1.24108e+70  -1.33455e+70  1.40809e+70  -1.46369e+70  1.50364e+70  -1.53022e+70  1.54532e+70  -1.55021e+70  1.54532e+70  -1.53022e+70  1.50364e+70  -1.46369e+70  1.40809e+70  -1.33455e+70  1.24108e+70  -1.12637e+70  9.90012e+69  -8.32772e+69  6.56631e+69  -4.64806e+69  2.61634e+69  -5.23777e+68  -1.57048e+69  
1.42696e+69  4.75476e+68  -2.37897e+69  4.22846e+69  -5.97494e+69  7.57799e+69  -9.00772e+69  1.02457e+70  -1.12852e+70  1.21299e+70  -1.27923e+70  1.32913e+70  -1.36484e+70  1.3885e+70  -1.4019e+70  1.40622e+70  -1.4019e+70  1.3885e+70  -1.36484e+70  1.32913e+70  -1.27923e+70  1.21299e+70  -1.12852e+70  1.02457e+70  -9.00772e+69  7.57799e+69  -5.97494e+69  4.22846e+69  -2.37897e+69  4.75476e+68  1.42696e+69  
-1.28002e+69  -4.26138e+68  2.13551e+69  -3.79782e+69  5.36822e+69  -6.80971e+69  8.09487e+69  -9.2068e+69  1.01392e+70  -1.08956e+70  1.14874e+70  -1.19319e+70  1.2249e+70  -1.24584e+70  1.25767e+70  -1.26149e+70  1.25767e+70  -1.24584e+70  1.2249e+70  -1.19319e+70  1.14874e+70  -1.08956e+70  1.01392e+70  -9.2068e+69  8.09487e+69  -6.80971e+69  5.36822e+69  -3.79782e+69  2.13551e+69  -4.26138e+68  -1.28002e+69  
1.13172e+69  3.7645e+68  -1.88937e+69  3.36204e+69  -4.75421e+69  6.0326e+69  -7.17246e+69  8.15845e+69  -8.98476e+69  9.65435e+69  -1.01775e+70  1.05696e+70  -1.08487e+70  1.10325e+70  -1.11362e+70  1.11696e+70  -1.11362e+70  1.10325e+70  -1.08487e+70  1.05696e+70  -1.01775e+70  9.65435e+69  -8.98476e+69  8.15845e+69  -7.17246e+69  6.0326e+69  -4.75421e+69  3.36204e+69  -1.88937e+69  3.7645e+68  1.13172e+69  
-9.83657e+68  -3.2694e+68  1.64321e+69  -2.92574e+69  4.13918e+69  -5.25418e+69  6.2488e+69  -7.10936e+69  7.83049e+69  -8.4146e+69  8.87056e+69  -9.21188e+69  9.45442e+69  -9.61393e+69  9.70371e+69  -9.7326e+69  9.70371e+69  -9.61393e+69  9.45442e+69  -9.21188e+69  8.87056e+69  -8.4146e+69  7.83049e+69  -7.10936e+69  6.2488e+69  -5.25418e+69  4.13918e+69  -2.92574e+69  1.64321e+69  -3.2694e+68  -9.83657e+68  
8.36954e+68  2.77979e+68  -1.39895e+69  2.49226e+69  -3.52764e+69  4.47982e+69  -5.32981e+69  6.06563e+69  -6.68242e+69  7.18203e+69  -7.5719e+69  7.86355e+69  -8.07057e+69  8.20657e+69  -8.28303e+69  8.30762e+69  -8.28303e+69  8.20657e+69  -8.07057e+69  7.86355e+69  -7.5719e+69  7.18203e+69  -6.68242e+69  6.06563e+69  -5.32981e+69  4.47982e+69  -3.52764e+69  2.49226e+69  -1.39895e+69  2.77979e+68  8.36954e+68  
-6.92313e+68  -2.29793e+68  1.15777e+69  -2.06372e+69  2.92246e+69  -3.71293e+69  4.41917e+69  -5.03099e+69  5.54414e+69  -5.95993e+69  6.28441e+69  -6.52707e+69  6.69923e+69  -6.81223e+69  6.87572e+69  -6.89612e+69  6.87572e+69  -6.81223e+69  6.69923e+69  -6.52707e+69  6.28441e+69  -5.95993e+69  5.54414e+69  -5.03099e+69  4.41917e+69  -3.71293e+69  2.92246e+69  -2.06372e+69  1.15777e+69  -2.29793e+68  -6.92313e+68  
5.50042e+68  1.82471e+68  -9.2024e+68  1.64111e+69  -2.32504e+69  2.95515e+69  -3.51862e+69  4.00715e+69  -4.41717e+69  4.74957e+69  -5.00903e+69  5.20307e+69  -5.3407e+69  5.431e+69  -5.48171e+69  5.498e+69  -5.48171e+69  5.431e+69  -5.3407e+69  5.20307e+69  -5.00903e+69  4.74957e+69  -4.41717e+69  4.00715e+69  -3.51862e+69  2.95515e+69  -2.32504e+69  1.64111e+69  -9.2024e+68  1.82471e+68  5.50042e+68  
-4.10101e+68  -1.35988e+68  6.86351e+68  -1.22449e+69  1.73545e+69  -2.20659e+69  2.62823e+69  -2.99408e+69  3.30133e+69  -3.55055e+69  3.74515e+69  -3.89071e+69  3.99395e+69  -4.06167e+69  4.09968e+69  -4.1119e+69  4.09968e+69  -4.06167e+69  3.99395e+69  -3.89071e+69  3.74515e+69  -3.55055e+69  3.30133e+69  -2.99408e+69  2.62823e+69  -2.20659e+69  1.73545e+69  -1.22449e+69  6.86351e+68  -1.35988e+68  -4.10101e+68  
2.72168e+68  9.02214e+67  -4.55619e+68  8.13098e+68  -1.15272e+69  1.46607e+69  -1.74669e+69  1.99032e+69  -2.19504e+69  2.36117e+69  -2.49094e+69  2.58802e+69  -2.65688e+69  2.70204e+69  -2.72739e+69  2.73554e+69  -2.72739e+69  2.70204e+69  -2.65688e+69  2.58802e+69  -2.49094e+69  2.36117e+69  -2.19504e+69  1.99032e+69  -1.74669e+69  1.46607e+69  -1.15272e+69  8.13098e+68  -4.55619e+68  9.02214e+67  2.72168e+68  
-1.35699e+68  -4.49744e+67  2.272e+68  -4.05537e+68  5.75029e+68  -7.31474e+68  8.71632e+68  -9.93366e+68  1.0957e+69  -1.17876e+69  1.24367e+69  -1.29222e+69  1.32667e+69  -1.34926e+69  1.36194e+69  -1.36601e+69  1.36194e+69  -1.34926e+69  1.32667e+69  -1.29222e+69  1.24367e+69  -1.17876e+69  1.0957e+69  -9.93366e+68  8.71632e+68  -7.31474e+68  5.75029e+68  -4.05537e+68  2.272e+68  -4.49744e+67  -1.35699e+68  
0  0  0  0  0  0  0  0  0  0  0  0  0  0  0  0  0  0  0  0  0  0  0  0  0  0  0  0  0  0  0  
