1  1  1  1  1  1  1  1  1  1  1  1  1  1  1  1  1  1  1  1  1  1  1  1  1  1  1  1  1  1  1  
4.97276e+69  1.67588e+69  -8.21476e+69  1.46271e+70  -2.08855e+70  2.6949e+70  -3.27631e+70  3.82608e+70  -4.33665e+70  4.80001e+70  -5.20816e+70  5.5536e+70  -5.82969e+70  6.03098e+70  -6.15341e+70  6.19449e+70  -6.15341e+70  6.03098e+70  -5.82969e+70  5.5536e+70  -5.20816e+70  4.80001e+70  -4.33665e+70  3.82608e+70  -3.27631e+70  2.6949e+70  -2.08855e+70  1.46271e+70  -8.21476e+69  1.67588e+69  4.97276e+69  
-9.82777e+69  -3.31178e+69  1.62362e+70  -2.89062e+70  4.12626e+70  -5.3221e+70  6.46717e+70  -7.54824e+70  8.55053e+70  -9.45856e+70  1.02571e+71  -1.09319e+71  1.14704e+71  -1.18627e+71  1.21011e+71  -1.2181e+71  1.21011e+71  -1.18627e+71  1.14704e+71  -1.09319e+71  1.02571e+71  -9.45856e+70  8.55053e+70  -7.54824e+70  6.46717e+70  -5.3221e+70  4.12626e+70  -2.89062e+70  1.62362e+70  -3.31178e+69  -9.82777e+69  
1.44525e+70  4.86951e+69  -2.38794e+70  4.25049e+70  -6.06469e+70  7.81731e+70  -9.49172e+70  1.10685e+71  -1.25263e+71  1.38433e+71  -1.49982e+71  1.59717e+71  -1.67469e+71  1.73105e+71  -1.76525e+71  1.77672e+71  -1.76525e+71  1.73105e+71  -1.67469e+71  1.59717e+71  -1.49982e+71  1.38433e+71  -1.25263e+71  1.10685e+71  -9.49172e+70  7.81731e+70  -6.06469e+70  4.25049e+70  -2.38794e+70  4.86951e+69  1.44525e+70  
-1.87443e+70  -6.31427e+69  3.0976e+70  -5.51212e+70  7.86006e+70  -1.01227e+71  1.22778e+71  -1.43001e+71  1.61626e+71  -1.78387e+71  1.9303e+71  -2.05328e+71  2.15091e+71  -2.22171e+71  2.26461e+71  -2.27898e+71  2.26461e+71  -2.22171e+71  2.15091e+71  -2.05328e+71  1.9303e+71  -1.78387e+71  1.61626e+71  -1.43001e+71  1.22778e+71  -1.01227e+71  7.86006e+70  -5.51212e+70  3.0976e+70  -6.31427e+69  -1.87443e+70  
2.2615e+70  7.61612e+69  -3.73807e+70  6.6496e+70  -9.47504e+70  1.21897e+71  -1.47653e+71  1.71717e+71  -1.93775e+71  2.13528e+71  -2.30702e+71  2.4506e+71  -2.56414e+71  2.64622e+71  -2.69583e+71  2.71244e+71  -2.69583e+71  2.64622e+71  -2.56414e+71  2.4506e+71  -2.30702e+71  2.13528e+71  -1.93775e+71  1.71717e+71  -1.47653e+71  1.21897e+71  -9.47504e+70  6.6496e+70  -3.73807e+70  7.61612e+69  2.2615e+70  
-2.59935e+70  -8.75098e+69  4.29765e+70  -7.64217e+70  1.08801e+71  -1.39802e+71  1.69086e+71  -1.96303e+71  2.21114e+71  -2.43203e+71  2.62297e+71  -2.78175e+71  2.90672e+71  -2.99669e+71  3.05094e+71  -3.06907e+71  3.05094e+71  -2.99669e+71  2.90672e+71  -2.78175e+71  2.62297e+71  -2.43203e+71  2.21114e+71  -1.96303e+71  1.69086e+71  -1.39802e+71  1.08801e+71  -7.64217e+70  4.29765e+70  -8.75098e+69  -2.59935e+70  
2.88278e+70  9.70135e+69  -4.76781e+70  8.47485e+70  -1.20545e+71  1.54683e+71  -1.86771e+71  2.16424e+71  -2.43284e+71  2.67039e+71  -2.87439e+71  3.04298e+71  -3.17493e+71  3.26951e+71  -3.32635e+71  3.34531e+71  -3.32635e+71  3.26951e+71  -3.17493e+71  3.04298e+71  -2.87439e+71  2.67039e+71  -2.43284e+71  2.16424e+71  -1.86771e+71  1.54683e+71  -1.20545e+71  8.47485e+70  -4.76781e+70  9.70135e+69  2.88278e+70  
-3.10863e+70  -1.04566e+70  5.14326e+70  -9.1386e+70  1.2986e+71  -1.664e+71  2.00562e+71  -2.31934e+71  2.60155e+71  -2.84934e+71  3.06058e+71  -3.23394e+71  3.36878e+71  -3.46494e+71  3.52252e+71  -3.54169e+71  3.52252e+71  -3.46494e+71  3.36878e+71  -3.23394e+71  3.06058e+71  -2.84934e+71  2.60155e+71  -2.31934e+71  2.00562e+71  -1.664e+71  1.2986e+71  -9.1386e+70  5.14326e+70  -1.04566e+70  -3.10863e+70  
3.2757e+70  1.10128e+70  -5.42198e+70  9.63018e+70  -1.36712e+71  1.74924e+71  -2.10451e+71  2.42863e+71  -2.71806e+71  2.97021e+71  -3.18348e+71  3.35718e+71  -3.49136e+71  3.58651e+71  -3.64325e+71  3.6621e+71  -3.64325e+71  3.58651e+71  -3.49136e+71  3.35718e+71  -3.18348e+71  2.97021e+71  -2.71806e+71  2.42863e+71  -2.10451e+71  1.74924e+71  -1.36712e+71  9.63018e+70  -5.42198e+70  1.10128e+70  3.2757e+70  
-3.38462e+70  -1.13723e+70  5.60494e+70  -9.95174e+70  1.41141e+71  -1.80331e+71  2.1656e+71  -2.4939e+71  2.78484e+71  -3.03625e+71  3.24714e+71  -3.41752e+71  3.54816e+71  -3.64023e+71  3.69489e+71  -3.71301e+71  3.69489e+71  -3.64023e+71  3.54816e+71  -3.41752e+71  3.24714e+71  -3.03625e+71  2.78484e+71  -2.4939e+71  2.1656e+71  -1.80331e+71  1.41141e+71  -9.95174e+70  5.60494e+70  -1.13723e+70  -3.38462e+70  
3.43765e+70  1.1543e+70  -5.69576e+70  1.01101e+71  -1.43257e+71  1.82779e+71  -2.19111e+71  2.51812e+71  -2.80571e+71  3.05217e+71  -3.25714e+71  3.42135e+71  -3.54627e+71  3.63373e+71  -3.68541e+71  3.7025e+71  -3.68541e+71  3.63373e+71  -3.54627e+71  3.42135e+71  -3.25714e+71  3.05217e+71  -2.80571e+71  2.51812e+71  -2.19111e+71  1.82779e+71  -1.43257e+71  1.01101e+71  -5.69576e+70  1.1543e+70  3.43765e+70  
-3.43842e+70  -1.15374e+70  5.7003e+70  -1.0116e+71  1.43222e+71  -1.82496e+71  2.18404e+71  -2.50511e+71  2.78536e+71  -3.02356e+71  3.21995e+71  -3.37593e+71  3.49365e+71  -3.5755e+71  3.62362e+71  -3.63948e+71  3.62362e+71  -3.5755e+71  3.49365e+71  -3.37593e+71  3.21995e+71  -3.02356e+71  2.78536e+71  -2.50511e+71  2.18404e+71  -1.82496e+71  1.43222e+71  -1.0116e+71  5.7003e+70  -1.15374e+70  -3.43842e+70  
3.39158e+70  1.13715e+70  -5.62611e+70  9.983e+70  -1.41237e+71  1.79754e+71  -2.14791e+71  2.45924e+71  -2.72902e+71  2.95649e+71  -3.14244e+71  3.28887e+71  -3.39848e+71  3.47415e+71  -3.51841e+71  3.53296e+71  -3.51841e+71  3.47415e+71  -3.39848e+71  3.28887e+71  -3.14244e+71  2.95649e+71  -2.72902e+71  2.45924e+71  -2.14791e+71  1.79754e+71  -1.41237e+71  9.983e+70  -5.62611e+70  1.13715e+70  3.39158e+70  
-3.30254e+70  -1.1064e+70  5.48201e+70  -9.7269e+70  1.37531e+71  -1.74856e+71  2.08652e+71  -2.38508e+71  2.64205e+71  -2.85709e+71  3.03144e+71  -3.16759e+71  3.26868e+71  -3.33798e+71  3.37829e+71  -3.39151e+71  3.37829e+71  -3.33798e+71  3.26868e+71  -3.16759e+71  3.03144e+71  -2.85709e+71  2.64205e+71  -2.38508e+71  2.08652e+71  -1.74856e+71  1.37531e+71  -9.7269e+70  5.48201e+70  -1.1064e+70  -3.30254e+70  
3.17714e+70  1.06349e+70  -5.27748e+70  9.36456e+70  -1.32347e+71  1.68119e+71  -2.00376e+71  2.28725e+71  -2.52976e+71  2.73127e+71  -2.89341e+71  3.01902e+71  -3.11156e+71  3.17456e+71  -3.21102e+71  3.22293e+71  -3.21102e+71  3.17456e+71  -3.11156e+71  3.01902e+71  -2.89341e+71  2.73127e+71  -2.52976e+71  2.28725e+71  -2.00376e+71  1.68119e+71  -1.32347e+71  9.36456e+70  -5.27748e+70  1.06349e+70  3.17714e+70  
-3.02138e+70  -1.01045e+70  5.02233e+70  -8.91321e+70  1.25928e+71  -1.59856e+71  1.90343e+71  -2.17017e+71  2.3971e+71  -2.5845e+71  2.73424e+71  -2.8494e+71  2.93362e+71  -2.99057e+71  3.02336e+71  -3.03405e+71  3.02336e+71  -2.99057e+71  2.93362e+71  -2.8494e+71  2.73424e+71  -2.5845e+71  2.3971e+71  -2.17017e+71  1.90343e+71  -1.59856e+71  1.25928e+71  -8.91321e+70  5.02233e+70  -1.01045e+70  -3.02138e+70  
2.84114e+70  9.49311e+69  -4.72619e+70  8.38979e+70  -1.18513e+71  1.50369e+71  -1.78912e+71  2.03792e+71  -2.24863e+71  2.42168e+71  -2.55913e+71  2.66412e+71  -2.74041e+71  2.79168e+71  -2.82105e+71  2.8306e+71  -2.82105e+71  2.79168e+71  -2.74041e+71  2.66412e+71  -2.55913e+71  2.42168e+71  -2.24863e+71  2.03792e+71  -1.78912e+71  1.50369e+71  -1.18513e+71  8.38979e+70  -4.72619e+70  9.49311e+69  2.84114e+70  
-2.64204e+70  -8.81971e+69  4.39825e+70  -7.81035e+70  1.10325e+71  -1.39937e+71  1.66412e+71  -1.89421e+71  2.08834e+71  -2.24707e+71  2.37249e+71  -2.46776e+71  2.53656e+71  -2.58255e+71  2.60879e+71  -2.6173e+71  2.60879e+71  -2.58255e+71  2.53656e+71  -2.46776e+71  2.37249e+71  -2.24707e+71  2.08834e+71  -1.89421e+71  1.66412e+71  -1.39937e+71  1.10325e+71  -7.81035e+70  4.39825e+70  -8.81971e+69  -2.64204e+70  
2.42922e+70  8.10176e+69  -4.04694e+70  7.1896e+70  -1.01567e+71  1.28813e+71  -1.53135e+71  1.74226e+71  -1.9197e+71  2.06428e+71  -2.17803e+71  2.26403e+71  -2.32583e+71  2.36694e+71  -2.3903e+71  2.39786e+71  -2.3903e+71  2.36694e+71  -2.32583e+71  2.26403e+71  -2.17803e+71  2.06428e+71  -1.9197e+71  1.74226e+71  -1.53135e+71  1.28813e+71  -1.01567e+71  7.1896e+70  -4.04694e+70  8.10176e+69  2.42922e+70  
-2.20721e+70  -7.35465e+69  3.67978e+70  -6.54057e+70  9.24202e+70  -1.17216e+71  1.39331e+71  -1.5848e+71  1.74559e+71  -1.87624e+71  1.97871e+71  -2.05589e+71  2.11112e+71  -2.14772e+71  2.16845e+71  -2.17514e+71  2.16845e+71  -2.14772e+71  2.11112e+71  -2.05589e+71  1.97871e+71  -1.87624e+71  1.74559e+71  -1.5848e+71  1.39331e+71  -1.17216e+71  9.24202e+70  -6.54057e+70  3.67978e+70  -7.35465e+69  -2.20721e+70  
1.97993e+70  6.59149e+69  -3.3032e+70  5.87445e+70  -8.30354e+70  1.05332e+71  -1.25211e+71  1.42411e+71  -1.56833e+71  1.68533e+71  -1.77687e+71  1.84562e+71  -1.89467e+71  1.92706e+71  -1.94536e+71  1.95126e+71  -1.94536e+71  1.92706e+71  -1.89467e+71  1.84562e+71  -1.77687e+71  1.68533e+71  -1.56833e+71  1.42411e+71  -1.25211e+71  1.05332e+71  -8.30354e+70  5.87445e+70  -3.3032e+70  6.59149e+69  1.97993e+70  
-1.75055e+70  -5.82291e+69  2.92247e+70  -5.20039e+70  7.3538e+70  -9.33121e+70  1.10943e+71  -1.26195e+71  1.38976e+71  -1.49333e+71  1.57425e+71  -1.6349e+71  1.67807e+71  -1.70651e+71  1.72254e+71  -1.7277e+71  1.72254e+71  -1.70651e+71  1.67807e+71  -1.6349e+71  1.57425e+71  -1.49333e+71  1.38976e+71  -1.26195e+71  1.10943e+71  -9.33121e+70  7.3538e+70  -5.20039e+70  2.92247e+70  -5.82291e+69  -1.75055e+70  
1.52152e+70  5.05709e+69  -2.54172e+70  4.52553e+70  -6.40247e+70  8.12714e+70  -9.66563e+70  1.09967e+71  -1.21122e+71  1.30157e+71  -1.37209e+71  1.42489e+71  -1.46241e+71  1.48708e+71  -1.50097e+71  1.50544e+71  -1.50097e+71  1.48708e+71  -1.46241e+71  1.42489e+71  -1.37209e+71  1.30157e+71  -1.21122e+71  1.09967e+71  -9.66563e+70  8.12714e+70  -6.40247e+70  4.52553e+70  -2.54172e+70  5.05709e+69  1.52152e+70  
-1.2946e+70  -4.29977e+69  2.16388e+70  -3.85502e+70  5.45654e+70  -6.92937e+70  8.24413e+70  -9.38229e+70  1.03363e+71  -1.11091e+71  1.17122e+71  -1.21633e+71  1.24835e+71  -1.26939e+71  1.28122e+71  -1.28502e+71  1.28122e+71  -1.26939e+71  1.24835e+71  -1.21633e+71  1.17122e+71  -1.11091e+71  1.03363e+71  -9.38229e+70  8.24413e+70  -6.92937e+70  5.45654e+70  -3.85502e+70  2.16388e+70  -4.29977e+69  -1.2946e+70  
1.07087e+70  3.55443e+69  -1.79083e+70  3.19215e+70  -4.52046e+70  5.74315e+70  -6.83555e+70  7.78192e+70  -8.57566e+70  9.2188e+70  -9.7207e+70  1.0096e+71  -1.03623e+71  1.05371e+71  -1.06353e+71  1.06669e+71  -1.06353e+71  1.05371e+71  -1.03623e+71  1.0096e+71  -9.7207e+70  9.2188e+70  -8.57566e+70  7.78192e+70  -6.83555e+70  5.74315e+70  -4.52046e+70  3.19215e+70  -1.79083e+70  3.55443e+69  1.07087e+70  
-8.50802e+69  -2.82246e+69  1.42342e+70  -2.53847e+70  3.59636e+70  -4.57102e+70  5.44259e+70  -6.19825e+70  6.83247e+70  -7.34661e+70  7.74795e+70  -8.04809e+70  8.26097e+70  -8.40065e+70  8.47909e+70  -8.50429e+70  8.47909e+70  -8.40065e+70  8.26097e+70  -8.04809e+70  7.74795e+70  -7.34661e+70  6.83247e+70  -6.19825e+70  5.44259e+70  -4.57102e+70  3.59636e+70  -2.53847e+70  1.42342e+70  -2.82246e+69  -8.50802e+69  
6.34343e+69  2.10346e+69  -1.06165e+70  1.89404e+70  -2.68439e+70  3.41314e+70  -4.06534e+70  4.63123e+70  -5.10649e+70  5.49198e+70  -5.79299e+70  6.01814e+70  -6.17782e+70  6.28257e+70  -6.34138e+70  6.36027e+70  -6.34138e+70  6.28257e+70  -6.17782e+70  6.01814e+70  -5.79299e+70  5.49198e+70  -5.10649e+70  4.63123e+70  -4.06534e+70  3.41314e+70  -2.68439e+70  1.89404e+70  -1.06165e+70  2.10346e+69  6.34343e+69  
-4.20989e+69  -1.39554e+69  7.0475e+69  -1.2577e+70  1.78303e+70  -2.26772e+70  2.70177e+70  -3.07862e+70  3.39529e+70  -3.65226e+70  3.85298e+70  -4.00314e+70  4.10965e+70  -4.17951e+70  4.21872e+70  -4.23132e+70  4.21872e+70  -4.17951e+70  4.10965e+70  -4.00314e+70  3.85298e+70  -3.65226e+70  3.39529e+70  -3.07862e+70  2.70177e+70  -2.26772e+70  1.78303e+70  -1.2577e+70  7.0475e+69  -1.39554e+69  -4.20989e+69  
2.09899e+69  6.95663e+68  -3.51432e+69  6.27283e+69  -8.89453e+69  1.13144e+70  -1.34824e+70  1.53654e+70  -1.69482e+70  1.82331e+70  -1.9237e+70  1.99881e+70  -2.05208e+70  2.08703e+70  -2.10664e+70  2.11294e+70  -2.10664e+70  2.08703e+70  -2.05208e+70  1.99881e+70  -1.9237e+70  1.82331e+70  -1.69482e+70  1.53654e+70  -1.34824e+70  1.13144e+70  -8.89453e+69  6.27283e+69  -3.51432e+69  6.95663e+68  2.09899e+69  
0  0  0  0  0  0  0  0  0  0  0  0  0  0  0  0  0  0  0  0  0  0  0  0  0  0  0  0  0  0  0  
