1  1  1  1  1  1  1  1  1  1  1  1  1  1  1  1  1  1  1  1  1  1  1  1  1  1  1  1  1  1  1  
1.39346e+79  4.69614e+78  -2.30194e+79  4.09881e+79  -5.85252e+79  7.55164e+79  -9.18085e+79  1.07214e+80  -1.21521e+80  1.34506e+80  -1.45943e+80  1.55623e+80  -1.63359e+80  1.69e+80  -1.7243e+80  1.73582e+80  -1.7243e+80  1.69e+80  -1.63359e+80  1.55623e+80  -1.45943e+80  1.34506e+80  -1.21521e+80  1.07214e+80  -9.18085e+79  7.55164e+79  -5.85252e+79  4.09881e+79  -2.30194e+79  4.69614e+78  1.39346e+79  
-2.75393e+79  -9.28026e+78  4.54969e+79  -8.10007e+79  1.15626e+80  -1.49136e+80  1.81223e+80  -2.11516e+80  2.39602e+80  -2.65047e+80  2.87423e+80  -3.06332e+80  3.21424e+80  -3.32415e+80  3.39095e+80  -3.41336e+80  3.39095e+80  -3.32415e+80  3.21424e+80  -3.06332e+80  2.87423e+80  -2.65047e+80  2.39602e+80  -2.11516e+80  1.81223e+80  -1.49136e+80  1.15626e+80  -8.10007e+79  4.54969e+79  -9.28026e+78  -2.75393e+79  
4.04986e+79  1.36453e+79  -6.69146e+79  1.19107e+80  -1.69944e+80  2.19056e+80  -2.65977e+80  3.1016e+80  -3.51011e+80  3.87915e+80  -4.20279e+80  4.47557e+80  -4.69281e+80  4.85073e+80  -4.94659e+80  4.97873e+80  -4.94659e+80  4.85073e+80  -4.69281e+80  4.47557e+80  -4.20279e+80  3.87915e+80  -3.51011e+80  3.1016e+80  -2.65977e+80  2.19056e+80  -1.69944e+80  1.19107e+80  -6.69146e+79  1.36453e+79  4.04986e+79  
-5.25253e+79  -1.76938e+79  8.68006e+79  -1.5446e+80  2.20254e+80  -2.83659e+80  3.44048e+80  -4.00715e+80  4.52909e+80  -4.99876e+80  5.40908e+80  -5.75369e+80  6.02728e+80  -6.22566e+80  6.34588e+80  -6.38615e+80  6.34588e+80  -6.22566e+80  6.02728e+80  -5.75369e+80  5.40908e+80  -4.99876e+80  4.52909e+80  -4.00715e+80  3.44048e+80  -2.83659e+80  2.20254e+80  -1.5446e+80  8.68006e+79  -1.76938e+79  -5.25253e+79  
6.33718e+79  2.13418e+79  -1.04748e+80  1.86335e+80  -2.65509e+80  3.41578e+80  -4.13754e+80  4.81184e+80  -5.42996e+80  5.98348e+80  -6.46471e+80  6.86706e+80  -7.18523e+80  7.41521e+80  -7.55425e+80  7.60077e+80  -7.55425e+80  7.41521e+80  -7.18523e+80  6.86706e+80  -6.46471e+80  5.98348e+80  -5.42996e+80  4.81184e+80  -4.13754e+80  3.41578e+80  -2.65509e+80  1.86335e+80  -1.04748e+80  2.13418e+79  6.33718e+79  
-7.28388e+79  -2.45219e+79  1.20429e+80  -2.14148e+80  3.04883e+80  -3.91752e+80  4.73811e+80  -5.5008e+80  6.19605e+80  -6.81501e+80  7.35006e+80  -7.79501e+80  8.14518e+80  -8.39732e+80  8.54934e+80  -8.60013e+80  8.54934e+80  -8.39732e+80  8.14518e+80  -7.79501e+80  7.35006e+80  -6.81501e+80  6.19605e+80  -5.5008e+80  4.73811e+80  -3.91752e+80  3.04883e+80  -2.14148e+80  1.20429e+80  -2.45219e+79  -7.28388e+79  
8.07812e+79  2.71851e+79  -1.33603e+80  2.37482e+80  -3.3779e+80  4.33453e+80  -5.2337e+80  6.06463e+80  -6.81729e+80  7.48295e+80  -8.0546e+80  8.52703e+80  -8.89678e+80  9.1618e+80  -9.32109e+80  9.37422e+80  -9.32109e+80  9.1618e+80  -8.89678e+80  8.52703e+80  -8.0546e+80  7.48295e+80  -6.81729e+80  6.06463e+80  -5.2337e+80  4.33453e+80  -3.3779e+80  2.37482e+80  -1.33603e+80  2.71851e+79  8.07812e+79  
-8.71099e+79  -2.93014e+79  1.44124e+80  -2.56081e+80  3.63893e+80  -4.66284e+80  5.62013e+80  -6.49924e+80  7.29006e+80  -7.9844e+80  8.57633e+80  -9.06213e+80  9.43997e+80  -9.70942e+80  9.87078e+80  -9.9245e+80  9.87078e+80  -9.70942e+80  9.43997e+80  -9.06213e+80  8.57633e+80  -7.9844e+80  7.29006e+80  -6.49924e+80  5.62013e+80  -4.66284e+80  3.63893e+80  -2.56081e+80  1.44124e+80  -2.93014e+79  -8.71099e+79  
9.17915e+79  3.086e+79  -1.51935e+80  2.69856e+80  -3.83092e+80  4.90171e+80  -5.89726e+80  6.80549e+80  -7.61652e+80  8.32309e+80  -8.92072e+80  9.40747e+80  -9.78347e+80  1.00501e+81  -1.02091e+81  1.02619e+81  -1.02091e+81  1.00501e+81  -9.78347e+80  9.40747e+80  -8.92072e+80  8.32309e+80  -7.61652e+80  6.80549e+80  -5.89726e+80  4.90171e+80  -3.83092e+80  2.69856e+80  -1.51935e+80  3.086e+79  9.17915e+79  
-9.48436e+79  -3.18673e+79  1.57061e+80  -2.78867e+80  3.95505e+80  -5.05322e+80  6.06844e+80  -6.98839e+80  7.80366e+80  -8.50818e+80  9.09912e+80  -9.57656e+80  9.94264e+80  -1.02006e+81  1.03538e+81  -1.04046e+81  1.03538e+81  -1.02006e+81  9.94264e+80  -9.57656e+80  9.09912e+80  -8.50818e+80  7.80366e+80  -6.98839e+80  6.06844e+80  -5.05322e+80  3.95505e+80  -2.78867e+80  1.57061e+80  -3.18673e+79  -9.48436e+79  
9.63297e+79  3.23457e+79  -1.59606e+80  2.83305e+80  -4.01435e+80  5.12183e+80  -6.13993e+80  7.05626e+80  -7.86213e+80  8.55278e+80  -9.12714e+80  9.58728e+80  -9.93735e+80  1.01824e+81  -1.03272e+81  1.03751e+81  -1.03272e+81  1.01824e+81  -9.93735e+80  9.58728e+80  -9.12714e+80  8.55278e+80  -7.86213e+80  7.05626e+80  -6.13993e+80  5.12183e+80  -4.01435e+80  2.83305e+80  -1.59606e+80  3.23457e+79  9.63297e+79  
-9.63511e+79  -3.233e+79  1.59733e+80  -2.83469e+80  4.01336e+80  -5.11388e+80  6.12011e+80  -7.01982e+80  7.80512e+80  -8.47261e+80  9.02293e+80  -9.46002e+80  9.78989e+80  -1.00192e+81  1.01541e+81  -1.01985e+81  1.01541e+81  -1.00192e+81  9.78989e+80  -9.46002e+80  9.02293e+80  -8.47261e+80  7.80512e+80  -7.01982e+80  6.12011e+80  -5.11388e+80  4.01336e+80  -2.83469e+80  1.59733e+80  -3.233e+79  -9.63511e+79  
9.50386e+79  3.18653e+79  -1.57655e+80  2.79743e+80  -3.95774e+80  5.03705e+80  -6.01886e+80  6.89126e+80  -7.64723e+80  8.28465e+80  -8.80573e+80  9.21605e+80  -9.5232e+80  9.73524e+80  -9.85926e+80  9.90003e+80  -9.85926e+80  9.73524e+80  -9.5232e+80  9.21605e+80  -8.80573e+80  8.28465e+80  -7.64723e+80  6.89126e+80  -6.01886e+80  5.03705e+80  -3.95774e+80  2.79743e+80  -1.57655e+80  3.18653e+79  9.50386e+79  
-9.25436e+79  -3.10036e+79  1.53616e+80  -2.72567e+80  3.85389e+80  -4.89981e+80  5.84683e+80  -6.68346e+80  7.40355e+80  -8.00611e+80  8.49468e+80  -8.87619e+80  9.15947e+80  -9.35366e+80  9.46663e+80  -9.50366e+80  9.46663e+80  -9.35366e+80  9.15947e+80  -8.87619e+80  8.49468e+80  -8.00611e+80  7.40355e+80  -6.68346e+80  5.84683e+80  -4.89981e+80  3.85389e+80  -2.72567e+80  1.53616e+80  -3.10036e+79  -9.25436e+79  
8.90297e+79  2.98009e+79  -1.47885e+80  2.62413e+80  -3.70861e+80  4.71102e+80  -5.61492e+80  6.40933e+80  -7.08887e+80  7.65354e+80  -8.1079e+80  8.45988e+80  -8.7192e+80  8.89574e+80  -8.99789e+80  9.03129e+80  -8.99789e+80  8.89574e+80  -8.7192e+80  8.45988e+80  -8.1079e+80  7.65354e+80  -7.08887e+80  6.40933e+80  -5.61492e+80  4.71102e+80  -3.70861e+80  2.62413e+80  -1.47885e+80  2.98009e+79  8.90297e+79  
-8.46649e+79  -2.83148e+79  1.40735e+80  -2.49765e+80  3.52874e+80  -4.47947e+80  5.33378e+80  -6.08123e+80  6.71714e+80  -7.24227e+80  7.66189e+80  -7.98456e+80  8.22056e+80  -8.38016e+80  8.47204e+80  -8.50199e+80  8.47204e+80  -8.38016e+80  8.22056e+80  -7.98456e+80  7.66189e+80  -7.24227e+80  6.71714e+80  -6.08123e+80  5.33378e+80  -4.47947e+80  3.52874e+80  -2.49765e+80  1.40735e+80  -2.83148e+79  -8.46649e+79  
7.96144e+79  2.66015e+79  -1.32437e+80  2.35098e+80  -3.32095e+80  4.21362e+80  -5.01347e+80  5.71065e+80  -6.30109e+80  6.78602e+80  -7.17117e+80  7.46539e+80  -7.67915e+80  7.82282e+80  -7.90513e+80  7.9319e+80  -7.90513e+80  7.82282e+80  -7.67915e+80  7.46539e+80  -7.17117e+80  6.78602e+80  -6.30109e+80  5.71065e+80  -5.01347e+80  4.21362e+80  -3.32095e+80  2.35098e+80  -1.32437e+80  2.66015e+79  7.96144e+79  
-7.40352e+79  -2.47146e+79  1.23247e+80  -2.18861e+80  3.09151e+80  -3.92131e+80  4.6632e+80  -5.30795e+80  5.85194e+80  -6.29674e+80  6.64819e+80  -6.91514e+80  7.10794e+80  -7.23682e+80  7.31033e+80  -7.33417e+80  7.31033e+80  -7.23682e+80  7.10794e+80  -6.91514e+80  6.64819e+80  -6.29674e+80  5.85194e+80  -5.30795e+80  4.6632e+80  -3.92131e+80  3.09151e+80  -2.18861e+80  1.23247e+80  -2.47146e+79  -7.40352e+79  
6.80714e+79  2.27027e+79  -1.13403e+80  2.01467e+80  -2.84612e+80  3.60959e+80  -4.29113e+80  4.88215e+80  -5.37938e+80  5.7845e+80  -6.10326e+80  6.34424e+80  -6.51742e+80  6.63262e+80  -6.69808e+80  6.71926e+80  -6.69808e+80  6.63262e+80  -6.51742e+80  6.34424e+80  -6.10326e+80  5.7845e+80  -5.37938e+80  4.88215e+80  -4.29113e+80  3.60959e+80  -2.84612e+80  2.01467e+80  -1.13403e+80  2.27027e+79  6.80714e+79  
-6.18504e+79  -2.06092e+79  1.03115e+80  -1.8328e+80  2.58979e+80  -3.28462e+80  3.90433e+80  -4.44093e+80  4.89147e+80  -5.25759e+80  5.54474e+80  -5.761e+80  5.91578e+80  -6.01833e+80  6.07641e+80  -6.09517e+80  6.07641e+80  -6.01833e+80  5.91578e+80  -5.761e+80  5.54474e+80  -5.25759e+80  4.89147e+80  -4.44093e+80  3.90433e+80  -3.28462e+80  2.58979e+80  -1.8328e+80  1.03115e+80  -2.06092e+79  -6.18504e+79  
5.54815e+79  1.84706e+79  -9.2562e+79  1.64613e+80  -2.32681e+80  2.95162e+80  -3.50866e+80  3.99062e+80  -4.39477e+80  4.72261e+80  -4.97913e+80  5.17179e+80  -5.30923e+80  5.40001e+80  -5.45128e+80  5.46782e+80  -5.45128e+80  5.40001e+80  -5.30923e+80  5.17179e+80  -4.97913e+80  4.72261e+80  -4.39477e+80  3.99062e+80  -3.50866e+80  2.95162e+80  -2.32681e+80  1.64613e+80  -9.2562e+79  1.84706e+79  5.54815e+79  
-4.90537e+79  -1.63169e+79  8.18934e+79  -1.45725e+80  2.06068e+80  -2.61479e+80  3.10885e+80  -3.53622e+80  3.89438e+80  -4.1846e+80  4.41135e+80  -4.58131e+80  4.70227e+80  -4.78197e+80  4.82689e+80  -4.84136e+80  4.82689e+80  -4.78197e+80  4.70227e+80  -4.58131e+80  4.41135e+80  -4.1846e+80  3.89438e+80  -3.53622e+80  3.10885e+80  -2.61479e+80  2.06068e+80  -1.45725e+80  8.18934e+79  -1.63169e+79  -4.90537e+79  
4.26359e+79  1.4171e+79  -7.12239e+79  1.26814e+80  -1.7941e+80  2.27738e+80  -2.7085e+80  3.0815e+80  -3.39407e+80  3.64724e+80  -3.84488e+80  3.99282e+80  -4.09795e+80  4.16709e+80  -4.206e+80  4.21852e+80  -4.206e+80  4.16709e+80  -4.09795e+80  3.99282e+80  -3.84488e+80  3.64724e+80  -3.39407e+80  3.0815e+80  -2.7085e+80  2.27738e+80  -1.7941e+80  1.26814e+80  -7.12239e+79  1.4171e+79  4.26359e+79  
-3.62771e+79  -1.20488e+79  6.06362e+79  -1.08025e+80  1.52903e+80  -1.94174e+80  2.31017e+80  -2.6291e+80  2.89645e+80  -3.113e+80  3.28198e+80  -3.4084e+80  3.49813e+80  -3.55708e+80  3.59022e+80  -3.60087e+80  3.59022e+80  -3.55708e+80  3.49813e+80  -3.4084e+80  3.28198e+80  -3.113e+80  2.89645e+80  -2.6291e+80  2.31017e+80  -1.94174e+80  1.52903e+80  -1.08025e+80  6.06362e+79  -1.20488e+79  -3.62771e+79  
3.00078e+79  9.9602e+78  -5.01826e+79  8.94502e+79  -1.26672e+80  1.60934e+80  -1.91546e+80  2.18065e+80  -2.40307e+80  2.58329e+80  -2.72393e+80  2.82911e+80  -2.90373e+80  2.95271e+80  -2.98023e+80  2.98907e+80  -2.98023e+80  2.95271e+80  -2.90373e+80  2.82911e+80  -2.72393e+80  2.58329e+80  -2.40307e+80  2.18065e+80  -1.91546e+80  1.60934e+80  -1.26672e+80  8.94502e+79  -5.01826e+79  9.9602e+78  3.00078e+79  
-2.38411e+79  -7.90907e+78  3.98871e+79  -7.11328e+79  1.00777e+80  -1.28089e+80  1.52512e+80  -1.73687e+80  1.91459e+80  -2.05866e+80  2.17113e+80  -2.25523e+80  2.31489e+80  -2.35403e+80  2.37601e+80  -2.38307e+80  2.37601e+80  -2.35403e+80  2.31489e+80  -2.25523e+80  2.17113e+80  -2.05866e+80  1.91459e+80  -1.73687e+80  1.52512e+80  -1.28089e+80  1.00777e+80  -7.11328e+79  3.98871e+79  -7.90907e+78  -2.38411e+79  
1.77755e+79  5.8943e+78  -2.97494e+79  5.30748e+79  -7.52219e+79  9.56429e+79  -1.13919e+80  1.29776e+80  -1.43094e+80  1.53896e+80  -1.62331e+80  1.6864e+80  -1.73115e+80  1.7605e+80  -1.77698e+80  1.78227e+80  -1.77698e+80  1.7605e+80  -1.73115e+80  1.6864e+80  -1.62331e+80  1.53896e+80  -1.43094e+80  1.29776e+80  -1.13919e+80  9.56429e+79  -7.52219e+79  5.30748e+79  -2.97494e+79  5.8943e+78  1.77755e+79  
-1.17969e+79  -3.91058e+78  1.97485e+79  -3.52431e+79  4.99638e+79  -6.35459e+79  7.57088e+79  -8.62688e+79  9.51425e+79  -1.02343e+80  1.07968e+80  -1.12176e+80  1.1516e+80  -1.17118e+80  1.18217e+80  -1.1857e+80  1.18217e+80  -1.17118e+80  1.1516e+80  -1.12176e+80  1.07968e+80  -1.02343e+80  9.51425e+79  -8.62688e+79  7.57088e+79  -6.35459e+79  4.99638e+79  -3.52431e+79  1.97485e+79  -3.91058e+78  -1.17969e+79  
5.88178e+78  1.94938e+78  -9.84782e+78  1.75777e+79  -2.49242e+79  3.17052e+79  -3.77802e+79  4.30567e+79  -4.74923e+79  5.10927e+79  -5.39057e+79  5.60105e+79  -5.75034e+79  5.84826e+79  -5.90322e+79  5.92088e+79  -5.90322e+79  5.84826e+79  -5.75034e+79  5.60105e+79  -5.39057e+79  5.10927e+79  -4.74923e+79  4.30567e+79  -3.77802e+79  3.17052e+79  -2.49242e+79  1.75777e+79  -9.84782e+78  1.94938e+78  5.88178e+78  
0  0  0  0  0  0  0  0  0  0  0  0  0  0  0  0  0  0  0  0  0  0  0  0  0  0  0  0  0  0  0  
