1  1  1  1  1  1  1  1  1  1  1  1  1  1  1  1  1  1  1  1  1  1  1  1  1  1  1  1  1  1  1  
2.72989e+87  9.20005e+86  -4.50964e+87  8.02983e+87  -1.14655e+88  1.47942e+88  -1.79859e+88  2.1004e+88  -2.38068e+88  2.63505e+88  -2.85911e+88  3.04875e+88  -3.20032e+88  3.31081e+88  -3.37802e+88  3.40058e+88  -3.37802e+88  3.31081e+88  -3.20032e+88  3.04875e+88  -2.85911e+88  2.63505e+88  -2.38068e+88  2.1004e+88  -1.79859e+88  1.47942e+88  -1.14655e+88  8.02983e+87  -4.50964e+87  9.20005e+86  2.72989e+87  
-5.39513e+87  -1.81806e+87  8.91314e+87  -1.58686e+88  2.26518e+88  -2.92167e+88  3.55027e+88  -4.14374e+88  4.69397e+88  -5.19245e+88  5.63081e+88  -6.00124e+88  6.29691e+88  -6.51223e+88  6.6431e+88  -6.687e+88  6.6431e+88  -6.51223e+88  6.29691e+88  -6.00124e+88  5.63081e+88  -5.19245e+88  4.69397e+88  -4.14374e+88  3.55027e+88  -2.92167e+88  2.26518e+88  -1.58686e+88  8.91314e+87  -1.81806e+87  -5.39513e+87  
7.93394e+87  2.67321e+87  -1.3109e+88  2.33338e+88  -3.32932e+88  4.29146e+88  -5.21065e+88  6.07624e+88  -6.87653e+88  7.59951e+88  -8.23353e+88  8.76793e+88  -9.19351e+88  9.50289e+88  -9.69069e+88  9.75365e+88  -9.69069e+88  9.50289e+88  -9.19351e+88  8.76793e+88  -8.23353e+88  7.59951e+88  -6.87653e+88  6.07624e+88  -5.21065e+88  4.29146e+88  -3.32932e+88  2.33338e+88  -1.3109e+88  2.67321e+87  7.93394e+87  
-1.02901e+88  -3.46634e+87  1.70048e+88  -3.02598e+88  4.31492e+88  -5.55706e+88  6.74013e+88  -7.85027e+88  8.87278e+88  -9.7929e+88  1.05967e+89  -1.12719e+89  1.18078e+89  -1.21965e+89  1.2432e+89  -1.25109e+89  1.2432e+89  -1.21965e+89  1.18078e+89  -1.12719e+89  1.05967e+89  -9.7929e+88  8.87278e+88  -7.85027e+88  6.74013e+88  -5.55706e+88  4.31492e+88  -3.02598e+88  1.70048e+88  -3.46634e+87  -1.02901e+88  
1.24149e+88  4.18101e+87  -2.05208e+88  3.65042e+88  -5.2015e+88  6.69173e+88  -8.1057e+88  9.42671e+88  -1.06377e+89  1.1722e+89  -1.26648e+89  1.3453e+89  -1.40763e+89  1.45269e+89  -1.47993e+89  1.48904e+89  -1.47993e+89  1.45269e+89  -1.40763e+89  1.3453e+89  -1.26648e+89  1.1722e+89  -1.06377e+89  9.42671e+88  -8.1057e+88  6.69173e+88  -5.2015e+88  3.65042e+88  -2.05208e+88  4.18101e+87  1.24149e+88  
-1.42696e+88  -4.80401e+87  2.35927e+88  -4.19531e+88  5.97285e+88  -7.67468e+88  9.28226e+88  -1.07764e+89  1.21385e+89  -1.33511e+89  1.43993e+89  -1.52709e+89  1.59569e+89  -1.64509e+89  1.67487e+89  -1.68482e+89  1.67487e+89  -1.64509e+89  1.59569e+89  -1.52709e+89  1.43993e+89  -1.33511e+89  1.21385e+89  -1.07764e+89  9.28226e+88  -7.67468e+88  5.97285e+88  -4.19531e+88  2.35927e+88  -4.80401e+87  -1.42696e+88  
1.58256e+88  5.32573e+87  -2.61737e+88  4.65242e+88  -6.61753e+88  8.49162e+88  -1.02532e+89  1.1881e+89  -1.33555e+89  1.46596e+89  -1.57795e+89  1.6705e+89  -1.74294e+89  1.79486e+89  -1.82606e+89  1.83647e+89  -1.82606e+89  1.79486e+89  -1.74294e+89  1.6705e+89  -1.57795e+89  1.46596e+89  -1.33555e+89  1.1881e+89  -1.02532e+89  8.49162e+88  -6.61753e+88  4.65242e+88  -2.61737e+88  5.32573e+87  1.58256e+88  
-1.70654e+88  -5.74034e+87  2.82349e+88  -5.0168e+88  7.1289e+88  -9.13481e+88  1.10102e+89  -1.27324e+89  1.42817e+89  -1.5642e+89  1.68016e+89  -1.77533e+89  1.84935e+89  -1.90214e+89  1.93375e+89  -1.94427e+89  1.93375e+89  -1.90214e+89  1.84935e+89  -1.77533e+89  1.68016e+89  -1.5642e+89  1.42817e+89  -1.27324e+89  1.10102e+89  -9.13481e+88  7.1289e+88  -5.0168e+88  2.82349e+88  -5.74034e+87  -1.70654e+88  
1.79825e+88  6.04567e+87  -2.9765e+88  5.28666e+88  -7.50503e+88  9.60278e+88  -1.15531e+89  1.33324e+89  -1.49213e+89  1.63055e+89  -1.74763e+89  1.84299e+89  -1.91665e+89  1.96888e+89  -2.00003e+89  2.01038e+89  -2.00003e+89  1.96888e+89  -1.91665e+89  1.84299e+89  -1.74763e+89  1.63055e+89  -1.49213e+89  1.33324e+89  -1.15531e+89  9.60278e+88  -7.50503e+88  5.28666e+88  -2.9765e+88  6.04567e+87  1.79825e+88  
-1.85805e+88  -6.24302e+87  3.07693e+88  -5.46319e+88  7.7482e+88  -9.89959e+88  1.18885e+89  -1.36907e+89  1.52879e+89  -1.66681e+89  1.78258e+89  -1.87611e+89  1.94783e+89  -1.99837e+89  2.02838e+89  -2.03832e+89  2.02838e+89  -1.99837e+89  1.94783e+89  -1.87611e+89  1.78258e+89  -1.66681e+89  1.52879e+89  -1.36907e+89  1.18885e+89  -9.89959e+88  7.7482e+88  -5.46319e+88  3.07693e+88  -6.24302e+87  -1.85805e+88  
1.88716e+88  6.33673e+87  -3.12679e+88  5.55013e+88  -7.86437e+88  1.0034e+89  -1.20285e+89  1.38237e+89  -1.54024e+89  1.67555e+89  -1.78807e+89  1.87821e+89  -1.94679e+89  1.9948e+89  -2.02318e+89  2.03255e+89  -2.02318e+89  1.9948e+89  -1.94679e+89  1.87821e+89  -1.78807e+89  1.67555e+89  -1.54024e+89  1.38237e+89  -1.20285e+89  1.0034e+89  -7.86437e+88  5.55013e+88  -3.12679e+88  6.33673e+87  1.88716e+88  
-1.88758e+88  -6.33365e+87  3.12928e+88  -5.55335e+88  7.86242e+88  -1.00184e+89  1.19897e+89  -1.37523e+89  1.52907e+89  -1.65984e+89  1.76765e+89  -1.85328e+89  1.9179e+89  -1.96283e+89  1.98925e+89  -1.99796e+89  1.98925e+89  -1.96283e+89  1.9179e+89  -1.85328e+89  1.76765e+89  -1.65984e+89  1.52907e+89  -1.37523e+89  1.19897e+89  -1.00184e+89  7.86242e+88  -5.55335e+88  3.12928e+88  -6.33365e+87  -1.88758e+88  
1.86187e+88  6.24261e+87  -3.08856e+88  5.48035e+88  -7.75347e+88  9.8679e+88  -1.17913e+89  1.35004e+89  -1.49814e+89  1.62302e+89  -1.7251e+89  1.80548e+89  -1.86566e+89  1.9072e+89  -1.93149e+89  1.93948e+89  -1.93149e+89  1.9072e+89  -1.86566e+89  1.80548e+89  -1.7251e+89  1.62302e+89  -1.49814e+89  1.35004e+89  -1.17913e+89  9.8679e+88  -7.75347e+88  5.48035e+88  -3.08856e+88  6.24261e+87  1.86187e+88  
-1.81299e+88  -6.0738e+87  3.00945e+88  -5.33976e+88  7.55003e+88  -9.59904e+88  1.14543e+89  -1.30933e+89  1.4504e+89  -1.56845e+89  1.66416e+89  -1.7389e+89  1.7944e+89  -1.83244e+89  1.85457e+89  -1.86183e+89  1.85457e+89  -1.83244e+89  1.7944e+89  -1.7389e+89  1.66416e+89  -1.56845e+89  1.4504e+89  -1.30933e+89  1.14543e+89  -9.59904e+88  7.55003e+88  -5.33976e+88  3.00945e+88  -6.0738e+87  -1.81299e+88  
1.74415e+88  5.8382e+87  -2.89717e+88  5.14084e+88  -7.26541e+88  9.22919e+88  -1.1e+89  1.25563e+89  -1.38876e+89  1.49938e+89  -1.58839e+89  1.65735e+89  -1.70815e+89  1.74273e+89  -1.76275e+89  1.76929e+89  -1.76275e+89  1.74273e+89  -1.70815e+89  1.65735e+89  -1.58839e+89  1.49938e+89  -1.38876e+89  1.25563e+89  -1.1e+89  9.22919e+88  -7.26541e+88  5.14084e+88  -2.89717e+88  5.8382e+87  1.74415e+88  
-1.65864e+88  -5.54705e+87  2.7571e+88  -4.89307e+88  6.91303e+88  -8.77558e+88  1.04492e+89  -1.19135e+89  1.31593e+89  -1.41881e+89  1.50101e+89  -1.56423e+89  1.61046e+89  -1.64173e+89  1.65973e+89  -1.6656e+89  1.65973e+89  -1.64173e+89  1.61046e+89  -1.56423e+89  1.50101e+89  -1.41881e+89  1.31593e+89  -1.19135e+89  1.04492e+89  -8.77558e+88  6.91303e+88  -4.89307e+88  2.7571e+88  -5.54705e+87  -1.65864e+88  
1.5597e+88  5.21141e+87  -2.59453e+88  4.60573e+88  -6.50597e+88  8.25476e+88  -9.82171e+88  1.11875e+89  -1.23442e+89  1.32943e+89  -1.40488e+89  1.46252e+89  -1.5044e+89  1.53254e+89  -1.54867e+89  1.55391e+89  -1.54867e+89  1.53254e+89  -1.5044e+89  1.46252e+89  -1.40488e+89  1.32943e+89  -1.23442e+89  1.11875e+89  -9.82171e+88  8.25476e+88  -6.50597e+88  4.60573e+88  -2.59453e+88  5.21141e+87  1.5597e+88  
-1.4504e+88  -4.84174e+87  2.4145e+88  -4.28764e+88  6.05648e+88  -7.6821e+88  9.1355e+88  -1.03986e+89  1.14643e+89  -1.23357e+89  1.30242e+89  -1.35472e+89  1.39249e+89  -1.41774e+89  1.43214e+89  -1.43681e+89  1.43214e+89  -1.41774e+89  1.39249e+89  -1.35472e+89  1.30242e+89  -1.23357e+89  1.14643e+89  -1.03986e+89  9.1355e+88  -7.6821e+88  6.05648e+88  -4.28764e+88  2.4145e+88  -4.84174e+87  -1.4504e+88  
1.33356e+88  4.44761e+87  -2.22164e+88  3.94686e+88  -5.57573e+88  7.07142e+88  -8.40661e+88  9.56444e+88  -1.05385e+89  1.13322e+89  -1.19567e+89  1.24288e+89  -1.2768e+89  1.29937e+89  -1.3122e+89  1.31635e+89  -1.3122e+89  1.29937e+89  -1.2768e+89  1.24288e+89  -1.19567e+89  1.13322e+89  -1.05385e+89  9.56444e+88  -8.40661e+88  7.07142e+88  -5.57573e+88  3.94686e+88  -2.22164e+88  4.44761e+87  1.33356e+88  
-1.21169e+88  -4.03747e+87  2.02008e+88  -3.59057e+88  5.07357e+88  -6.43479e+88  7.64883e+88  -8.70007e+88  9.58271e+88  -1.03e+89  1.08625e+89  -1.12862e+89  1.15894e+89  -1.17903e+89  1.19041e+89  -1.19408e+89  1.19041e+89  -1.17903e+89  1.15894e+89  -1.12862e+89  1.08625e+89  -1.03e+89  9.58271e+88  -8.70007e+88  7.64883e+88  -6.43479e+88  5.07357e+88  -3.59057e+88  2.02008e+88  -4.03747e+87  -1.21169e+88  
1.08692e+88  3.61852e+87  -1.81335e+88  3.22489e+88  -4.55838e+88  5.78241e+88  -6.87369e+88  7.81788e+88  -8.60964e+88  9.2519e+88  -9.75445e+88  1.01319e+89  -1.04011e+89  1.0579e+89  -1.06794e+89  1.07118e+89  -1.06794e+89  1.0579e+89  -1.04011e+89  1.01319e+89  -9.75445e+88  9.2519e+88  -8.60964e+88  7.81788e+88  -6.87369e+88  5.78241e+88  -4.55838e+88  3.22489e+88  -1.81335e+88  3.61852e+87  1.08692e+88  
-9.60994e+87  -3.19659e+87  1.60434e+88  -2.85485e+88  4.037e+88  -5.12253e+88  6.09044e+88  -6.92768e+88  7.62934e+88  -8.19791e+88  8.64213e+88  -8.97508e+88  9.21205e+88  -9.36818e+88  9.45619e+88  -9.48454e+88  9.45619e+88  -9.36818e+88  9.21205e+88  -8.97508e+88  8.64213e+88  -8.19791e+88  7.62934e+88  -6.92768e+88  6.09044e+88  -5.12253e+88  4.037e+88  -2.85485e+88  1.60434e+88  -3.19659e+87  -9.60994e+87  
8.35265e+87  2.77618e+87  -1.39532e+88  2.48437e+88  -3.51475e+88  4.46154e+88  -5.30612e+88  6.03686e+88  -6.6492e+88  7.14519e+88  -7.53236e+88  7.82219e+88  -8.02814e+88  8.16359e+88  -8.23983e+88  8.26436e+88  -8.23983e+88  8.16359e+88  -8.02814e+88  7.82219e+88  -7.53236e+88  7.14519e+88  -6.6492e+88  6.03686e+88  -5.30612e+88  4.46154e+88  -3.51475e+88  2.48437e+88  -1.39532e+88  2.77618e+87  8.35265e+87  
-7.10693e+87  -2.36044e+87  1.1879e+88  -2.11629e+88  2.99547e+88  -3.804e+88  4.52577e+88  -5.15058e+88  5.67433e+88  -6.09856e+88  6.42962e+88  -6.67727e+88  6.85307e+88  -6.96855e+88  7.03347e+88  -7.05435e+88  7.03347e+88  -6.96855e+88  6.85307e+88  -6.67727e+88  6.42962e+88  -6.09856e+88  5.67433e+88  -5.15058e+88  4.52577e+88  -3.804e+88  2.99547e+88  -2.11629e+88  1.1879e+88  -2.36044e+87  -7.10693e+87  
5.87872e+87  1.95127e+87  -9.8311e+87  1.75239e+88  -2.48159e+88  3.15281e+88  -3.7525e+88  4.27203e+88  -4.70776e+88  5.06083e+88  -5.33636e+88  5.54241e+88  -5.6886e+88  5.78455e+88  -5.83846e+88  5.85579e+88  -5.83846e+88  5.78455e+88  -5.6886e+88  5.54241e+88  -5.33636e+88  5.06083e+88  -4.70776e+88  4.27203e+88  -3.7525e+88  3.15281e+88  -2.48159e+88  1.75239e+88  -9.8311e+87  1.95127e+87  5.87872e+87  
-4.67063e+87  -1.54944e+87  7.81415e+87  -1.39354e+88  1.97429e+88  -2.50935e+88  2.98781e+88  -3.40264e+88  3.75081e+88  -4.03306e+88  4.25338e+88  -4.41815e+88  4.53501e+88  -4.61169e+88  4.65475e+88  -4.66859e+88  4.65475e+88  -4.61169e+88  4.53501e+88  -4.41815e+88  4.25338e+88  -4.03306e+88  3.75081e+88  -3.40264e+88  2.98781e+88  -2.50935e+88  1.97429e+88  -1.39354e+88  7.81415e+87  -1.54944e+87  -4.67063e+87  
3.48234e+87  1.15473e+87  -5.82809e+87  1.03977e+88  -1.47365e+88  1.87371e+88  -2.23174e+88  2.5424e+88  -2.8033e+88  3.01492e+88  -3.18017e+88  3.30377e+88  -3.39143e+88  3.44893e+88  -3.48121e+88  3.49159e+88  -3.48121e+88  3.44893e+88  -3.39143e+88  3.30377e+88  -3.18017e+88  3.01492e+88  -2.8033e+88  2.5424e+88  -2.23174e+88  1.87371e+88  -1.47365e+88  1.03977e+88  -5.82809e+87  1.15473e+87  3.48234e+87  
-2.3111e+87  -7.66108e+86  3.86886e+87  -6.90436e+87  9.78824e+87  -1.2449e+88  1.48319e+88  -1.69006e+88  1.8639e+88  -2.00497e+88  2.11516e+88  -2.1976e+88  2.25607e+88  -2.29442e+88  2.31595e+88  -2.32286e+88  2.31595e+88  -2.29442e+88  2.25607e+88  -2.1976e+88  2.11516e+88  -2.00497e+88  1.8639e+88  -1.69006e+88  1.48319e+88  -1.2449e+88  9.78824e+87  -6.90436e+87  3.86886e+87  -7.66108e+86  -2.3111e+87  
1.15228e+87  3.81897e+86  -1.92925e+87  3.44358e+87  -4.88282e+87  6.21126e+87  -7.4014e+87  8.43509e+87  -9.30404e+87  1.00094e+88  -1.05605e+88  1.09728e+88  -1.12653e+88  1.14571e+88  -1.15648e+88  1.15994e+88  -1.15648e+88  1.14571e+88  -1.12653e+88  1.09728e+88  -1.05605e+88  1.00094e+88  -9.30404e+87  8.43509e+87  -7.4014e+87  6.21126e+87  -4.88282e+87  3.44358e+87  -1.92925e+87  3.81897e+86  1.15228e+87  
0  0  0  0  0  0  0  0  0  0  0  0  0  0  0  0  0  0  0  0  0  0  0  0  0  0  0  0  0  0  0  
