1  1  1  1  1  1  1  1  1  1  1  1  1  1  1  1  1  1  1  1  1  1  1  1  1  1  1  1  1  1  1  
2.23526e+93  7.53308e+92  -3.69253e+93  6.57489e+93  -9.38803e+93  1.21136e+94  -1.4727e+94  1.71982e+94  -1.94932e+94  2.1576e+94  -2.34107e+94  2.49634e+94  -2.62045e+94  2.71092e+94  -2.76595e+94  2.78442e+94  -2.76595e+94  2.71092e+94  -2.62045e+94  2.49634e+94  -2.34107e+94  2.1576e+94  -1.94932e+94  1.71982e+94  -1.4727e+94  1.21136e+94  -9.38803e+93  6.57489e+93  -3.69253e+93  7.53308e+92  2.23526e+93  
-4.41758e+93  -1.48865e+93  7.29815e+93  -1.29933e+94  1.85475e+94  -2.39229e+94  2.90699e+94  -3.39293e+94  3.84346e+94  -4.25162e+94  4.61056e+94  -4.91387e+94  5.15596e+94  -5.33227e+94  5.43943e+94  -5.47537e+94  5.43943e+94  -5.33227e+94  5.15596e+94  -4.91387e+94  4.61056e+94  -4.25162e+94  3.84346e+94  -3.39293e+94  2.90699e+94  -2.39229e+94  1.85475e+94  -1.29933e+94  7.29815e+93  -1.48865e+93  -4.41758e+93  
6.49638e+93  2.18884e+93  -1.07338e+94  1.91059e+94  -2.72608e+94  3.51388e+94  -4.26653e+94  4.97528e+94  -5.63056e+94  6.22254e+94  -6.74169e+94  7.17926e+94  -7.52773e+94  7.78105e+94  -7.93482e+94  7.98637e+94  -7.93482e+94  7.78105e+94  -7.52773e+94  7.17926e+94  -6.74169e+94  6.22254e+94  -5.63056e+94  4.97528e+94  -4.26653e+94  3.51388e+94  -2.72608e+94  1.91059e+94  -1.07338e+94  2.18884e+93  6.49638e+93  
-8.42558e+93  -2.83827e+93  1.39237e+94  -2.4777e+94  3.5331e+94  -4.55017e+94  5.51888e+94  -6.42787e+94  7.26511e+94  -8.01851e+94  8.67669e+94  -9.22949e+94  9.66835e+94  -9.98659e+94  1.01794e+95  -1.0244e+95  1.01794e+95  -9.98659e+94  9.66835e+94  -9.22949e+94  8.67669e+94  -8.01851e+94  7.26511e+94  -6.42787e+94  5.51888e+94  -4.55017e+94  3.5331e+94  -2.4777e+94  1.39237e+94  -2.83827e+93  -8.42558e+93  
1.01655e+94  3.42344e+93  -1.68026e+94  2.98899e+94  -4.25903e+94  5.47925e+94  -6.63702e+94  7.71867e+94  -8.7102e+94  9.59809e+94  -1.037e+95  1.10155e+95  -1.15258e+95  1.18947e+95  -1.21178e+95  1.21924e+95  -1.21178e+95  1.18947e+95  -1.15258e+95  1.10155e+95  -1.037e+95  9.59809e+94  -8.7102e+94  7.71867e+94  -6.63702e+94  5.47925e+94  -4.25903e+94  2.98899e+94  -1.68026e+94  3.42344e+93  1.01655e+94  
-1.16841e+94  -3.93356e+93  1.93179e+94  -3.43515e+94  4.89062e+94  -6.2841e+94  7.60039e+94  -8.82384e+94  9.93908e+94  -1.0932e+95  1.17902e+95  -1.2504e+95  1.30657e+95  -1.34701e+95  1.3714e+95  -1.37955e+95  1.3714e+95  -1.34701e+95  1.30657e+95  -1.2504e+95  1.17902e+95  -1.0932e+95  9.93908e+94  -8.82384e+94  7.60039e+94  -6.2841e+94  4.89062e+94  -3.43515e+94  1.93179e+94  -3.93356e+93  -1.16841e+94  
1.29581e+94  4.36076e+93  -2.14313e+94  3.80944e+94  -5.41849e+94  6.95301e+94  -8.39537e+94  9.72826e+94  -1.09356e+95  1.20034e+95  -1.29204e+95  1.36782e+95  -1.42713e+95  1.46964e+95  -1.4952e+95  1.50372e+95  -1.4952e+95  1.46964e+95  -1.42713e+95  1.36782e+95  -1.29204e+95  1.20034e+95  -1.09356e+95  9.72826e+94  -8.39537e+94  6.95301e+94  -5.41849e+94  3.80944e+94  -2.14313e+94  4.36076e+93  1.29581e+94  
-1.39733e+94  -4.70024e+93  2.3119e+94  -4.1078e+94  5.83721e+94  -7.47966e+94  9.01525e+94  -1.04254e+95  1.1694e+95  -1.28078e+95  1.37573e+95  -1.45366e+95  1.51427e+95  -1.55749e+95  1.58337e+95  -1.59199e+95  1.58337e+95  -1.55749e+95  1.51427e+95  -1.45366e+95  1.37573e+95  -1.28078e+95  1.1694e+95  -1.04254e+95  9.01525e+94  -7.47966e+94  5.83721e+94  -4.1078e+94  2.3119e+94  -4.70024e+93  -1.39733e+94  
1.47243e+94  4.95024e+93  -2.43718e+94  4.32877e+94  -6.14518e+94  7.86284e+94  -9.45979e+94  1.09167e+95  -1.22177e+95  1.33511e+95  -1.43097e+95  1.50905e+95  -1.56937e+95  1.61213e+95  -1.63764e+95  1.64611e+95  -1.63764e+95  1.61213e+95  -1.56937e+95  1.50905e+95  -1.43097e+95  1.33511e+95  -1.22177e+95  1.09167e+95  -9.45979e+94  7.86284e+94  -6.14518e+94  4.32877e+94  -2.43718e+94  4.95024e+93  1.47243e+94  
-1.52139e+94  -5.11184e+93  2.51942e+94  -4.47331e+94  6.34429e+94  -8.10587e+94  9.73439e+94  -1.12101e+95  1.25178e+95  -1.3648e+95  1.45959e+95  -1.53618e+95  1.5949e+95  -1.63628e+95  1.66085e+95  -1.669e+95  1.66085e+95  -1.63628e+95  1.5949e+95  -1.53618e+95  1.45959e+95  -1.3648e+95  1.25178e+95  -1.12101e+95  9.73439e+94  -8.10587e+94  6.34429e+94  -4.47331e+94  2.51942e+94  -5.11184e+93  -1.52139e+94  
1.54522e+94  5.18857e+93  -2.56024e+94  4.54449e+94  -6.43941e+94  8.21592e+94  -9.84906e+94  1.13189e+95  -1.26116e+95  1.37195e+95  -1.46408e+95  1.53789e+95  -1.59405e+95  1.63336e+95  -1.65659e+95  1.66427e+95  -1.65659e+95  1.63336e+95  -1.59405e+95  1.53789e+95  -1.46408e+95  1.37195e+95  -1.26116e+95  1.13189e+95  -9.84906e+94  8.21592e+94  -6.43941e+94  4.54449e+94  -2.56024e+94  5.18857e+93  1.54522e+94  
-1.54557e+94  -5.18605e+93  2.56228e+94  -4.54713e+94  6.43782e+94  -8.20318e+94  9.81727e+94  -1.12605e+95  1.25202e+95  -1.35909e+95  1.44737e+95  -1.51748e+95  1.5704e+95  -1.60719e+95  1.62882e+95  -1.63595e+95  1.62882e+95  -1.60719e+95  1.5704e+95  -1.51748e+95  1.44737e+95  -1.35909e+95  1.25202e+95  -1.12605e+95  9.81727e+94  -8.20318e+94  6.43782e+94  -4.54713e+94  2.56228e+94  -5.18605e+93  -1.54557e+94  
1.52451e+94  5.1115e+93  -2.52894e+94  4.48736e+94  -6.3486e+94  8.07992e+94  -9.65485e+94  1.10543e+95  -1.22669e+95  1.32894e+95  -1.41253e+95  1.47835e+95  -1.52762e+95  1.56163e+95  -1.58152e+95  1.58806e+95  -1.58152e+95  1.56163e+95  -1.52762e+95  1.47835e+95  -1.41253e+95  1.32894e+95  -1.22669e+95  1.10543e+95  -9.65485e+94  8.07992e+94  -6.3486e+94  4.48736e+94  -2.52894e+94  5.1115e+93  1.52451e+94  
-1.48449e+94  -4.97328e+93  2.46416e+94  -4.37224e+94  6.18203e+94  -7.85978e+94  9.3789e+94  -1.07209e+95  1.1876e+95  -1.28426e+95  1.36263e+95  -1.42383e+95  1.46927e+95  -1.50042e+95  1.51854e+95  -1.52448e+95  1.51854e+95  -1.50042e+95  1.46927e+95  -1.42383e+95  1.36263e+95  -1.28426e+95  1.1876e+95  -1.07209e+95  9.3789e+94  -7.85978e+94  6.18203e+94  -4.37224e+94  2.46416e+94  -4.97328e+93  -1.48449e+94  
1.42812e+94  4.78037e+93  -2.37223e+94  4.20937e+94  -5.94898e+94  7.55694e+94  -9.00689e+94  1.02812e+95  -1.13713e+95  1.2277e+95  -1.30059e+95  1.35705e+95  -1.39865e+95  1.42696e+95  -1.44335e+95  1.44871e+95  -1.44335e+95  1.42696e+95  -1.39865e+95  1.35705e+95  -1.30059e+95  1.2277e+95  -1.13713e+95  1.02812e+95  -9.00689e+94  7.55694e+94  -5.94898e+94  4.20937e+94  -2.37223e+94  4.78037e+93  1.42812e+94  
-1.35811e+94  -4.54197e+93  2.25754e+94  -4.00649e+94  5.66045e+94  -7.18552e+94  8.55591e+94  -9.75489e+94  1.0775e+95  -1.16173e+95  1.22904e+95  -1.2808e+95  1.31866e+95  -1.34426e+95  1.359e+95  -1.3638e+95  1.359e+95  -1.34426e+95  1.31866e+95  -1.2808e+95  1.22904e+95  -1.16173e+95  1.0775e+95  -9.75489e+94  8.55591e+94  -7.18552e+94  5.66045e+94  -4.00649e+94  2.25754e+94  -4.54197e+93  -1.35811e+94  
1.27709e+94  4.26715e+93  -2.12442e+94  3.77121e+94  -5.32714e+94  6.75907e+94  -8.0421e+94  9.16046e+94  -1.01076e+95  1.08855e+95  -1.15033e+95  1.19752e+95  -1.23181e+95  1.25486e+95  -1.26806e+95  1.27235e+95  -1.26806e+95  1.25486e+95  -1.23181e+95  1.19752e+95  -1.15033e+95  1.08855e+95  -1.01076e+95  9.16046e+94  -8.0421e+94  6.75907e+94  -5.32714e+94  3.77121e+94  -2.12442e+94  4.26715e+93  1.27709e+94  
-1.1876e+94  -3.96446e+93  1.97701e+94  -3.51075e+94  4.9591e+94  -6.29017e+94  7.48023e+94  -8.51447e+94  9.3871e+94  -1.01006e+95  1.06644e+95  -1.10926e+95  1.14018e+95  -1.16086e+95  1.17265e+95  -1.17647e+95  1.17265e+95  -1.16086e+95  1.14018e+95  -1.10926e+95  1.06644e+95  -1.01006e+95  9.3871e+94  -8.51447e+94  7.48023e+94  -6.29017e+94  4.9591e+94  -3.51075e+94  1.97701e+94  -3.96446e+93  -1.1876e+94  
1.09193e+94  3.64174e+93  -1.8191e+94  3.23172e+94  -4.56546e+94  5.79014e+94  -6.8834e+94  7.83145e+94  -8.62905e+94  9.27892e+94  -9.79024e+94  1.01768e+95  -1.04546e+95  1.06394e+95  -1.07444e+95  1.07784e+95  -1.07444e+95  1.06394e+95  -1.04546e+95  1.01768e+95  -9.79024e+94  9.27892e+94  -8.62905e+94  7.83145e+94  -6.8834e+94  5.79014e+94  -4.56546e+94  3.23172e+94  -1.8191e+94  3.64174e+93  1.09193e+94  
-9.92143e+93  -3.30592e+93  1.65406e+94  -2.93999e+94  4.15429e+94  -5.26886e+94  6.26293e+94  -7.12369e+94  7.84641e+94  -8.4337e+94  8.89431e+94  -9.24122e+94  9.4895e+94  -9.654e+94  9.74717e+94  -9.77726e+94  9.74717e+94  -9.654e+94  9.4895e+94  -9.24122e+94  8.89431e+94  -8.4337e+94  7.84641e+94  -7.12369e+94  6.26293e+94  -5.26886e+94  4.15429e+94  -2.93999e+94  1.65406e+94  -3.30592e+93  -9.92143e+93  
8.89979e+93  2.96287e+93  -1.48479e+94  2.64056e+94  -3.73244e+94  4.73469e+94  -5.62824e+94  6.40135e+94  -7.04965e+94  7.57554e+94  -7.98703e+94  8.29606e+94  -8.51654e+94  8.66215e+94  -8.7444e+94  8.77092e+94  -8.7444e+94  8.66215e+94  -8.51654e+94  8.29606e+94  -7.98703e+94  7.57554e+94  -7.04965e+94  6.40135e+94  -5.62824e+94  4.73469e+94  -3.73244e+94  2.64056e+94  -1.48479e+94  2.96287e+93  8.89979e+93  
-7.8687e+93  -2.6174e+93  1.31365e+94  -2.33757e+94  3.30553e+94  -4.19438e+94  4.9869e+94  -5.67245e+94  6.24697e+94  -6.71252e+94  7.07625e+94  -7.34887e+94  7.54291e+94  -7.67075e+94  7.74281e+94  -7.76602e+94  7.74281e+94  -7.67075e+94  7.54291e+94  -7.34887e+94  7.07625e+94  -6.71252e+94  6.24697e+94  -5.67245e+94  4.9869e+94  -4.19438e+94  3.30553e+94  -2.33757e+94  1.31365e+94  -2.6174e+93  -7.8687e+93  
6.83922e+93  2.27316e+93  -1.1425e+94  2.03422e+94  -2.87791e+94  3.65315e+94  -4.3447e+94  4.94303e+94  -5.44442e+94  5.85054e+94  -6.16756e+94  6.40488e+94  -6.57351e+94  6.68442e+94  -6.74684e+94  6.76693e+94  -6.74684e+94  6.68442e+94  -6.57351e+94  6.40488e+94  -6.16756e+94  5.85054e+94  -5.44442e+94  4.94303e+94  -4.3447e+94  3.65315e+94  -2.87791e+94  2.03422e+94  -1.1425e+94  2.27316e+93  6.83922e+93  
-5.81921e+93  -1.93275e+93  9.72665e+93  -1.73283e+94  2.45272e+94  -3.11475e+94  3.70574e+94  -4.21734e+94  4.64619e+94  -4.99356e+94  5.26463e+94  -5.46741e+94  5.61135e+94  -5.70591e+94  5.75907e+94  -5.77616e+94  5.75907e+94  -5.70591e+94  5.61135e+94  -5.46741e+94  5.26463e+94  -4.99356e+94  4.64619e+94  -4.21734e+94  3.70574e+94  -3.11475e+94  2.45272e+94  -1.73283e+94  9.72665e+93  -1.93275e+93  -5.81921e+93  
4.81355e+93  1.59771e+93  -8.04979e+93  1.43487e+94  -2.03195e+94  2.58155e+94  -3.07258e+94  3.49797e+94  -3.85476e+94  4.14385e+94  -4.36945e+94  4.53817e+94  -4.65787e+94  4.73644e+94  -4.78058e+94  4.79477e+94  -4.78058e+94  4.73644e+94  -4.65787e+94  4.53817e+94  -4.36945e+94  4.14385e+94  -3.85476e+94  3.49797e+94  -3.07258e+94  2.58155e+94  -2.03195e+94  1.43487e+94  -8.04979e+93  1.59771e+93  4.81355e+93  
-3.82436e+93  -1.26869e+93  6.39829e+93  -1.14104e+94  1.61656e+94  -2.05467e+94  2.44644e+94  -2.78611e+94  3.07119e+94  -3.3023e+94  3.4827e+94  -3.61762e+94  3.71331e+94  -3.77609e+94  3.81135e+94  -3.82268e+94  3.81135e+94  -3.77609e+94  3.71331e+94  -3.61762e+94  3.4827e+94  -3.3023e+94  3.07119e+94  -2.78611e+94  2.44644e+94  -2.05467e+94  1.61656e+94  -1.14104e+94  6.39829e+93  -1.26869e+93  -3.82436e+93  
2.85137e+93  9.45505e+92  -4.77209e+93  8.51373e+93  -1.20663e+94  1.53421e+94  -1.82737e+94  2.08174e+94  -2.29537e+94  2.46864e+94  -2.60395e+94  2.70515e+94  -2.77693e+94  2.82402e+94  -2.85045e+94  2.85894e+94  -2.85045e+94  2.82402e+94  -2.77693e+94  2.70515e+94  -2.60395e+94  2.46864e+94  -2.29537e+94  2.08174e+94  -1.82737e+94  1.53421e+94  -1.20663e+94  8.51373e+93  -4.77209e+93  9.45505e+92  2.85137e+93  
-1.89235e+93  -6.27296e+92  3.16785e+93  -5.65335e+93  8.0147e+93  -1.01934e+94  1.21445e+94  -1.38384e+94  1.52618e+94  -1.64169e+94  1.73192e+94  -1.79941e+94  1.84729e+94  -1.87869e+94  1.89632e+94  -1.90198e+94  1.89632e+94  -1.87869e+94  1.84729e+94  -1.79941e+94  1.73192e+94  -1.64169e+94  1.52618e+94  -1.38384e+94  1.21445e+94  -1.01934e+94  8.0147e+93  -5.65335e+93  3.16785e+93  -6.27296e+92  -1.89235e+93  
9.43497e+92  3.127e+92  -1.57969e+93  2.81964e+93  -3.99809e+93  5.08583e+93  -6.06033e+93  6.90673e+93  -7.61823e+93  8.19577e+93  -8.64702e+93  8.98464e+93  -9.22411e+93  9.38119e+93  -9.46935e+93  9.49768e+93  -9.46935e+93  9.38119e+93  -9.22411e+93  8.98464e+93  -8.64702e+93  8.19577e+93  -7.61823e+93  6.90673e+93  -6.06033e+93  5.08583e+93  -3.99809e+93  2.81964e+93  -1.57969e+93  3.127e+92  9.43497e+92  
0  0  0  0  0  0  0  0  0  0  0  0  0  0  0  0  0  0  0  0  0  0  0  0  0  0  0  0  0  0  0  
