1  1  1  1  1  1  1  1  1  1  1  1  1  1  1  1  1  1  1  1  1  1  1  1  1  1  1  1  1  1  1  
-3.45749e+94  -1.16521e+94  5.7116e+94  -1.017e+95  1.45214e+95  -1.87372e+95  2.27797e+95  -2.66021e+95  3.01521e+95  -3.33737e+95  3.62116e+95  -3.86134e+95  4.0533e+95  -4.19325e+95  4.27837e+95  -4.30694e+95  4.27837e+95  -4.19325e+95  4.0533e+95  -3.86134e+95  3.62116e+95  -3.33737e+95  3.01521e+95  -2.66021e+95  2.27797e+95  -1.87372e+95  1.45214e+95  -1.017e+95  5.7116e+94  -1.16521e+94  -3.45749e+94  
6.8331e+94  2.30263e+94  -1.12888e+95  2.0098e+95  -2.86892e+95  3.70038e+95  -4.49653e+95  5.24817e+95  -5.94505e+95  6.5764e+95  -7.13159e+95  7.60076e+95  -7.97523e+95  8.24794e+95  -8.41368e+95  8.46929e+95  -8.41368e+95  8.24794e+95  -7.97523e+95  7.60076e+95  -7.13159e+95  6.5764e+95  -5.94505e+95  5.24817e+95  -4.49653e+95  3.70038e+95  -2.86892e+95  2.0098e+95  -1.12888e+95  2.30263e+94  6.8331e+94  
-1.00486e+95  -3.3857e+94  1.6603e+95  -2.9553e+95  4.21669e+95  -5.43526e+95  6.59945e+95  -7.69574e+95  8.70934e+95  -9.62501e+95  1.0428e+96  -1.11049e+96  1.16439e+96  -1.20357e+96  1.22735e+96  -1.23533e+96  1.22735e+96  -1.20357e+96  1.16439e+96  -1.11049e+96  1.0428e+96  -9.62501e+95  8.70934e+95  -7.69574e+95  6.59945e+95  -5.43526e+95  4.21669e+95  -2.9553e+95  1.6603e+95  -3.3857e+94  -1.00486e+95  
1.30327e+95  4.39022e+94  -2.15371e+95  3.8325e+95  -5.46498e+95  7.03819e+95  -8.53658e+95  9.94261e+95  -1.12376e+96  1.2403e+96  -1.34211e+96  1.42761e+96  -1.4955e+96  1.54472e+96  -1.57455e+96  1.58454e+96  -1.57455e+96  1.54472e+96  -1.4955e+96  1.42761e+96  -1.34211e+96  1.2403e+96  -1.12376e+96  9.94261e+95  -8.53658e+95  7.03819e+95  -5.46498e+95  3.8325e+95  -2.15371e+95  4.39022e+94  1.30327e+95  
-1.57239e+95  -5.29537e+94  2.59902e+95  -4.62337e+95  6.58785e+95  -8.47528e+95  1.02661e+96  -1.19392e+96  1.34729e+96  -1.48463e+96  1.60403e+96  -1.70387e+96  1.78281e+96  -1.83987e+96  1.87437e+96  -1.88592e+96  1.87437e+96  -1.83987e+96  1.78281e+96  -1.70387e+96  1.60403e+96  -1.48463e+96  1.34729e+96  -1.19392e+96  1.02661e+96  -8.47528e+95  6.58785e+95  -4.62337e+95  2.59902e+95  -5.29537e+94  -1.57239e+95  
1.80729e+95  6.08442e+94  -2.98809e+95  5.31349e+95  -7.5648e+95  9.72022e+95  -1.17563e+96  1.36487e+96  -1.53737e+96  1.69095e+96  -1.82371e+96  1.93411e+96  -2.021e+96  2.08355e+96  -2.12127e+96  2.13388e+96  -2.12127e+96  2.08355e+96  -2.021e+96  1.93411e+96  -1.82371e+96  1.69095e+96  -1.53737e+96  1.36487e+96  -1.17563e+96  9.72022e+95  -7.5648e+95  5.31349e+95  -2.98809e+95  6.08442e+94  1.80729e+95  
-2.00435e+95  -6.7452e+94  3.31498e+95  -5.89243e+95  8.3813e+95  -1.07549e+96  1.29859e+96  -1.50476e+96  1.69152e+96  -1.85668e+96  1.99852e+96  -2.11574e+96  2.20748e+96  -2.27324e+96  2.31276e+96  -2.32595e+96  2.31276e+96  -2.27324e+96  2.20748e+96  -2.11574e+96  1.99852e+96  -1.85668e+96  1.69152e+96  -1.50476e+96  1.29859e+96  -1.07549e+96  8.3813e+95  -5.89243e+95  3.31498e+95  -6.7452e+94  -2.00435e+95  
2.16139e+95  7.27031e+94  -3.57603e+95  6.35393e+95  -9.02897e+95  1.15695e+96  -1.39448e+96  1.6126e+96  -1.80882e+96  1.9811e+96  -2.12797e+96  2.24851e+96  -2.34226e+96  2.40912e+96  -2.44915e+96  2.46248e+96  -2.44915e+96  2.40912e+96  -2.34226e+96  2.24851e+96  -2.12797e+96  1.9811e+96  -1.80882e+96  1.6126e+96  -1.39448e+96  1.15695e+96  -9.02897e+95  6.35393e+95  -3.57603e+95  7.27031e+94  2.16139e+95  
-2.27754e+95  -7.65702e+94  3.76982e+95  -6.69572e+95  9.50535e+95  -1.21622e+96  1.46324e+96  -1.68859e+96  1.88982e+96  -2.06514e+96  2.21342e+96  -2.3342e+96  2.42749e+96  -2.49364e+96  2.5331e+96  -2.5462e+96  2.5331e+96  -2.49364e+96  2.42749e+96  -2.3342e+96  2.21342e+96  -2.06514e+96  1.88982e+96  -1.68859e+96  1.46324e+96  -1.21622e+96  9.50535e+95  -6.69572e+95  3.76982e+95  -7.65702e+94  -2.27754e+95  
2.35327e+95  7.90698e+94  -3.89703e+95  6.9193e+95  -9.81333e+95  1.25381e+96  -1.50571e+96  1.73397e+96  -1.93626e+96  2.11106e+96  -2.25769e+96  2.37615e+96  -2.46698e+96  2.53099e+96  -2.569e+96  2.5816e+96  -2.569e+96  2.53099e+96  -2.46698e+96  2.37615e+96  -2.25769e+96  2.11106e+96  -1.93626e+96  1.73397e+96  -1.50571e+96  1.25381e+96  -9.81333e+95  6.9193e+95  -3.89703e+95  7.90698e+94  2.35327e+95  
-2.39015e+95  -8.02566e+94  3.96018e+95  -7.0294e+95  9.96046e+95  -1.27084e+96  1.52345e+96  -1.75081e+96  1.95077e+96  -2.12213e+96  2.26464e+96  -2.37881e+96  2.46567e+96  -2.52648e+96  2.56241e+96  -2.57429e+96  2.56241e+96  -2.52648e+96  2.46567e+96  -2.37881e+96  2.26464e+96  -2.12213e+96  1.95077e+96  -1.75081e+96  1.52345e+96  -1.27084e+96  9.96046e+95  -7.0294e+95  3.96018e+95  -8.02566e+94  -2.39015e+95  
2.39068e+95  8.02176e+94  -3.96333e+95  7.03348e+95  -9.958e+95  1.26886e+96  -1.51853e+96  1.74177e+96  -1.93662e+96  2.10224e+96  -2.23878e+96  2.34723e+96  -2.42908e+96  2.48599e+96  -2.51945e+96  2.53048e+96  -2.51945e+96  2.48599e+96  -2.42908e+96  2.34723e+96  -2.23878e+96  2.10224e+96  -1.93662e+96  1.74177e+96  -1.51853e+96  1.26886e+96  -9.958e+95  7.03348e+95  -3.96333e+95  8.02176e+94  2.39068e+95  
-2.35811e+95  -7.90646e+94  3.91175e+95  -6.94103e+95  9.82e+95  -1.2498e+96  1.49341e+96  -1.70987e+96  1.89744e+96  -2.0556e+96  2.18489e+96  -2.2867e+96  2.36291e+96  -2.41552e+96  2.44629e+96  -2.45641e+96  2.44629e+96  -2.41552e+96  2.36291e+96  -2.2867e+96  2.18489e+96  -2.0556e+96  1.89744e+96  -1.70987e+96  1.49341e+96  -1.2498e+96  9.82e+95  -6.94103e+95  3.91175e+95  -7.90646e+94  -2.35811e+95  
2.29621e+95  7.69265e+94  -3.81156e+95  6.76297e+95  -9.56234e+95  1.21575e+96  -1.45073e+96  1.65831e+96  -1.83698e+96  1.98649e+96  -2.10771e+96  2.20237e+96  -2.27266e+96  2.32085e+96  -2.34887e+96  2.35806e+96  -2.34887e+96  2.32085e+96  -2.27266e+96  2.20237e+96  -2.10771e+96  1.98649e+96  -1.83698e+96  1.65831e+96  -1.45073e+96  1.21575e+96  -9.56234e+95  6.76297e+95  -3.81156e+95  7.69265e+94  2.29621e+95  
-2.20902e+95  -7.39425e+94  3.66935e+95  -6.51103e+95  9.20186e+95  -1.1689e+96  1.39318e+96  -1.59029e+96  1.7589e+96  -1.89901e+96  2.01175e+96  -2.09908e+96  2.16342e+96  -2.20722e+96  2.23257e+96  -2.24086e+96  2.23257e+96  -2.20722e+96  2.16342e+96  -2.09908e+96  2.01175e+96  -1.89901e+96  1.7589e+96  -1.59029e+96  1.39318e+96  -1.1689e+96  9.20186e+95  -6.51103e+95  3.66935e+95  -7.39425e+94  -2.20902e+95  
2.10072e+95  7.02551e+94  -3.49195e+95  6.19722e+95  -8.75557e+95  1.11145e+96  -1.32343e+96  1.50888e+96  -1.66667e+96  1.79696e+96  -1.90108e+96  1.98114e+96  -2.0397e+96  2.0793e+96  -2.1021e+96  2.10953e+96  -2.1021e+96  2.0793e+96  -2.0397e+96  1.98114e+96  -1.90108e+96  1.79696e+96  -1.66667e+96  1.50888e+96  -1.32343e+96  1.11145e+96  -8.75557e+95  6.19722e+95  -3.49195e+95  7.02551e+94  2.10072e+95  
-1.9754e+95  -6.60041e+94  3.28605e+95  -5.8333e+95  8.24e+95  -1.04549e+96  1.24395e+96  -1.41694e+96  1.56344e+96  -1.68376e+96  1.77932e+96  -1.85233e+96  1.90536e+96  -1.94101e+96  1.96143e+96  -1.96807e+96  1.96143e+96  -1.94101e+96  1.90536e+96  -1.85233e+96  1.77932e+96  -1.68376e+96  1.56344e+96  -1.41694e+96  1.24395e+96  -1.04549e+96  8.24e+95  -5.8333e+95  3.28605e+95  -6.60041e+94  -1.9754e+95  
1.83697e+95  6.13221e+94  -3.05804e+95  5.43042e+95  -7.67071e+95  9.72961e+95  -1.15704e+96  1.31702e+96  -1.45199e+96  1.56236e+96  -1.64956e+96  1.7158e+96  -1.76363e+96  1.79561e+96  -1.81385e+96  1.81977e+96  -1.81385e+96  1.79561e+96  -1.76363e+96  1.7158e+96  -1.64956e+96  1.56236e+96  -1.45199e+96  1.31702e+96  -1.15704e+96  9.72961e+95  -7.67071e+95  5.43042e+95  -3.05804e+95  6.13221e+94  1.83697e+95  
-1.689e+95  -5.63303e+94  2.81378e+95  -4.99882e+95  7.06184e+95  -8.95617e+95  1.06472e+96  -1.21137e+96  1.33474e+96  -1.43526e+96  1.51435e+96  -1.57414e+96  1.61711e+96  -1.6457e+96  1.66194e+96  -1.66719e+96  1.66194e+96  -1.6457e+96  1.61711e+96  -1.57414e+96  1.51435e+96  -1.43526e+96  1.33474e+96  -1.21137e+96  1.06472e+96  -8.95617e+95  7.06184e+95  -4.99882e+95  2.81378e+95  -5.63303e+94  -1.689e+95  
1.53464e+95  5.11358e+94  -2.5585e+95  4.54756e+95  -6.42584e+95  8.14986e+95  -9.68748e+95  1.10189e+96  -1.21368e+96  1.30452e+96  -1.37577e+96  1.42943e+96  -1.46783e+96  1.49328e+96  -1.50769e+96  1.51234e+96  -1.50769e+96  1.49328e+96  -1.46783e+96  1.42943e+96  -1.37577e+96  1.30452e+96  -1.21368e+96  1.10189e+96  -9.68748e+95  8.14986e+95  -6.42584e+95  4.54756e+95  -2.5585e+95  5.11358e+94  1.53464e+95  
-1.37662e+95  -4.58296e+94  2.29666e+95  -4.08442e+95  5.77333e+95  -7.3236e+95  8.70574e+95  -9.90159e+95  1.09044e+96  -1.17178e+96  1.23543e+96  -1.28323e+96  1.31733e+96  -1.33986e+96  1.35258e+96  -1.35668e+96  1.35258e+96  -1.33986e+96  1.31733e+96  -1.28323e+96  1.23543e+96  -1.17178e+96  1.09044e+96  -9.90159e+95  8.70574e+95  -7.3236e+95  5.77333e+95  -4.08442e+95  2.29666e+95  -4.58296e+94  -1.37662e+95  
1.21713e+95  4.04858e+94  -2.03195e+95  3.61575e+95  -5.11298e+95  6.48785e+95  -7.71372e+95  8.77412e+95  -9.66279e+95  1.03829e+96  -1.09455e+96  1.13672e+96  -1.16673e+96  1.18651e+96  -1.19766e+96  1.20125e+96  -1.19766e+96  1.18651e+96  -1.16673e+96  1.13672e+96  -1.09455e+96  1.03829e+96  -9.66279e+95  8.77412e+95  -7.71372e+95  6.48785e+95  -5.11298e+95  3.61575e+95  -2.03195e+95  4.04858e+94  1.21713e+95  
-1.05789e+95  -3.51612e+94  1.76722e+95  -3.14653e+95  4.45154e+95  -5.65068e+95  6.72037e+95  -7.64586e+95  8.42142e+95  -9.0496e+95  9.53997e+95  -9.90705e+95  1.01679e+96  -1.03394e+96  1.0436e+96  -1.04671e+96  1.0436e+96  -1.03394e+96  1.01679e+96  -9.90705e+95  9.53997e+95  -9.0496e+95  8.42142e+95  -7.64586e+95  6.72037e+95  -5.65068e+95  4.45154e+95  -3.14653e+95  1.76722e+95  -3.51612e+94  -1.05789e+95  
9.00114e+94  2.98957e+94  -1.50452e+95  2.68034e+95  -3.79385e+95  4.81788e+95  -5.73202e+95  6.52336e+95  -7.18671e+95  7.72402e+95  -8.14331e+95  8.45696e+95  -8.67962e+95  8.82588e+95  -8.9081e+95  8.93455e+95  -8.9081e+95  8.82588e+95  -8.67962e+95  8.45696e+95  -8.14331e+95  7.72402e+95  -7.18671e+95  6.52336e+95  -5.73202e+95  4.81788e+95  -3.79385e+95  2.68034e+95  -1.50452e+95  2.98957e+94  9.00114e+94  
-7.44558e+94  -2.47134e+94  1.24514e+95  -2.21945e+95  3.14301e+95  -3.99313e+95  4.75266e+95  -5.41065e+95  5.96252e+95  -6.40969e+95  6.75866e+95  -7.01963e+95  7.20478e+95  -7.32631e+95  7.39459e+95  -7.41654e+95  7.39459e+95  -7.32631e+95  7.20478e+95  -7.01963e+95  6.75866e+95  -6.40969e+95  5.96252e+95  -5.41065e+95  4.75266e+95  -3.99313e+95  3.14301e+95  -2.21945e+95  1.24514e+95  -2.47134e+94  -7.44558e+94  
5.9155e+94  1.96241e+94  -9.89686e+94  1.76496e+95  -2.5005e+95  3.17816e+95  -3.78415e+95  4.30955e+95  -4.75051e+95  5.10799e+95  -5.38703e+95  5.59572e+95  -5.74373e+95  5.84085e+95  -5.89538e+95  5.91291e+95  -5.89538e+95  5.84085e+95  -5.74373e+95  5.59572e+95  -5.38703e+95  5.10799e+95  -4.75051e+95  4.30955e+95  -3.78415e+95  3.17816e+95  -2.5005e+95  1.76496e+95  -9.89686e+94  1.96241e+94  5.9155e+94  
-4.41049e+94  -1.4625e+94  7.38146e+94  -1.3169e+95  1.86642e+95  -2.37311e+95  2.82657e+95  -3.22002e+95  3.55047e+95  -3.81849e+95  4.02778e+95  -4.18432e+95  4.29535e+95  -4.36818e+95  4.40906e+95  -4.4222e+95  4.40906e+95  -4.36818e+95  4.29535e+95  -4.18432e+95  4.02778e+95  -3.81849e+95  3.55047e+95  -3.22002e+95  2.82657e+95  -2.37311e+95  1.86642e+95  -1.3169e+95  7.38146e+94  -1.4625e+94  -4.41049e+94  
2.92707e+94  9.70299e+93  -4.90002e+94  8.74458e+94  -1.23971e+95  1.57671e+95  -1.8785e+95  2.14051e+95  -2.36069e+95  2.53936e+95  -2.67892e+95  2.78333e+95  -2.85738e+95  2.90595e+95  -2.93322e+95  2.94198e+95  -2.93322e+95  2.90595e+95  -2.85738e+95  2.78333e+95  -2.67892e+95  2.53936e+95  -2.36069e+95  2.14051e+95  -1.8785e+95  1.57671e+95  -1.23971e+95  8.74458e+94  -4.90002e+94  9.70299e+93  2.92707e+94  
-1.4594e+94  -4.83684e+93  2.44346e+94  -4.3614e+94  6.18424e+94  -7.86675e+94  9.37409e+94  -1.06833e+95  1.17839e+95  -1.26772e+95  1.33752e+95  -1.38974e+95  1.42678e+95  -1.45108e+95  1.46472e+95  -1.4691e+95  1.46472e+95  -1.45108e+95  1.42678e+95  -1.38974e+95  1.33752e+95  -1.26772e+95  1.17839e+95  -1.06833e+95  9.37409e+94  -7.86675e+94  6.18424e+94  -4.3614e+94  2.44346e+94  -4.83684e+93  -1.4594e+94  
0  0  0  0  0  0  0  0  0  0  0  0  0  0  0  0  0  0  0  0  0  0  0  0  0  0  0  0  0  0  0  
