1  1  1  1  1  1  1  1  1  1  1  1  1  1  1  1  1  1  1  1  1  1  1  1  1  1  1  1  1  1  1  
1.27956e+98  4.31227e+97  -2.11377e+98  3.76376e+98  -5.37412e+98  6.93435e+98  -8.43038e+98  9.84502e+98  -1.11588e+99  1.23511e+99  -1.34013e+99  1.42902e+99  -1.50006e+99  1.55185e+99  -1.58335e+99  1.59393e+99  -1.58335e+99  1.55185e+99  -1.50006e+99  1.42902e+99  -1.34013e+99  1.23511e+99  -1.11588e+99  9.84502e+98  -8.43038e+98  6.93435e+98  -5.37412e+98  3.76376e+98  -2.11377e+98  4.31227e+97  1.27956e+98  
-2.52882e+98  -8.52167e+97  4.17778e+98  -7.43795e+98  1.06174e+99  -1.36945e+99  1.66409e+99  -1.94226e+99  2.20017e+99  -2.43382e+99  2.63929e+99  -2.81292e+99  2.9515e+99  -3.05243e+99  3.11377e+99  -3.13434e+99  3.11377e+99  -3.05243e+99  2.9515e+99  -2.81292e+99  2.63929e+99  -2.43382e+99  2.20017e+99  -1.94226e+99  1.66409e+99  -1.36945e+99  1.06174e+99  -7.43795e+98  4.17778e+98  -8.52167e+97  -2.52882e+98  
3.71881e+98  1.25299e+98  -6.14448e+98  1.09371e+99  -1.56053e+99  2.0115e+99  -2.44235e+99  2.84807e+99  -3.22318e+99  3.56206e+99  -3.85924e+99  4.10972e+99  -4.3092e+99  4.45421e+99  -4.54224e+99  4.57175e+99  -4.54224e+99  4.45421e+99  -4.3092e+99  4.10972e+99  -3.85924e+99  3.56206e+99  -3.22318e+99  2.84807e+99  -2.44235e+99  2.0115e+99  -1.56053e+99  1.09371e+99  -6.14448e+98  1.25299e+98  3.71881e+98  
-4.82317e+98  -1.62475e+98  7.97053e+98  -1.41834e+99  2.0225e+99  -2.60472e+99  3.15925e+99  -3.6796e+99  4.15887e+99  -4.59015e+99  4.96692e+99  -5.28336e+99  5.53459e+99  -5.71676e+99  5.82715e+99  -5.86412e+99  5.82715e+99  -5.71676e+99  5.53459e+99  -5.28336e+99  4.96692e+99  -4.59015e+99  4.15887e+99  -3.6796e+99  3.15925e+99  -2.60472e+99  2.0225e+99  -1.41834e+99  7.97053e+98  -1.62475e+98  -4.82317e+98  
5.81916e+98  1.95973e+98  -9.61855e+98  1.71103e+99  -2.43806e+99  3.13656e+99  -3.79932e+99  4.41851e+99  -4.9861e+99  5.49437e+99  -5.93626e+99  6.30573e+99  -6.59789e+99  6.80907e+99  -6.93675e+99  6.97946e+99  -6.93675e+99  6.80907e+99  -6.59789e+99  6.30573e+99  -5.93626e+99  5.49437e+99  -4.9861e+99  4.41851e+99  -3.79932e+99  3.13656e+99  -2.43806e+99  1.71103e+99  -9.61855e+98  1.95973e+98  5.81916e+98  
-6.68847e+98  -2.25174e+98  1.10584e+99  -1.96643e+99  2.79961e+99  -3.59729e+99  4.3508e+99  -5.05115e+99  5.68956e+99  -6.25793e+99  6.74925e+99  -7.15782e+99  7.47937e+99  -7.71089e+99  7.85049e+99  -7.89713e+99  7.85049e+99  -7.71089e+99  7.47937e+99  -7.15782e+99  6.74925e+99  -6.25793e+99  5.68956e+99  -5.05115e+99  4.3508e+99  -3.59729e+99  2.79961e+99  -1.96643e+99  1.10584e+99  -2.25174e+98  -6.68847e+98  
7.41779e+98  2.49629e+98  -1.22682e+99  2.18069e+99  -3.10178e+99  3.98021e+99  -4.80588e+99  5.56889e+99  -6.26002e+99  6.87127e+99  -7.39619e+99  7.83e+99  -8.16953e+99  8.41289e+99  -8.55916e+99  8.60794e+99  -8.55916e+99  8.41289e+99  -8.16953e+99  7.83e+99  -7.39619e+99  6.87127e+99  -6.26002e+99  5.56889e+99  -4.80588e+99  3.98021e+99  -3.10178e+99  2.18069e+99  -1.22682e+99  2.49629e+98  7.41779e+98  
-7.99893e+98  -2.69062e+98  1.32343e+99  -2.35148e+99  3.34147e+99  -4.28169e+99  5.16073e+99  -5.96798e+99  6.69414e+99  -7.33173e+99  7.87528e+99  -8.32136e+99  8.66832e+99  -8.91575e+99  9.06391e+99  -9.11324e+99  9.06391e+99  -8.91575e+99  8.66832e+99  -8.32136e+99  7.87528e+99  -7.33173e+99  6.69414e+99  -5.96798e+99  5.16073e+99  -4.28169e+99  3.34147e+99  -2.35148e+99  1.32343e+99  -2.69062e+98  -7.99893e+98  
8.42882e+98  2.83374e+98  -1.39515e+99  2.47798e+99  -3.51777e+99  4.50103e+99  -5.4152e+99  6.24919e+99  -6.99392e+99  7.64274e+99  -8.19151e+99  8.63848e+99  -8.98374e+99  9.22856e+99  -9.37457e+99  9.42308e+99  -9.37457e+99  9.22856e+99  -8.98374e+99  8.63848e+99  -8.19151e+99  7.64274e+99  -6.99392e+99  6.24919e+99  -5.4152e+99  4.50103e+99  -3.51777e+99  2.47798e+99  -1.39515e+99  2.83374e+98  8.42882e+98  
-8.70908e+98  -2.92624e+98  1.44223e+99  -2.56072e+99  3.63175e+99  -4.64015e+99  5.57239e+99  -6.41713e+99  7.16577e+99  -7.81269e+99  8.35533e+99  -8.79374e+99  9.1299e+99  -9.36679e+99  9.50745e+99  -9.55407e+99  9.50745e+99  -9.36679e+99  9.1299e+99  -8.79374e+99  8.35533e+99  -7.81269e+99  7.16577e+99  -6.41713e+99  5.57239e+99  -4.64015e+99  3.63175e+99  -2.56072e+99  1.44223e+99  -2.92624e+98  -8.70908e+98  
8.84554e+98  2.97016e+98  -1.4656e+99  2.60147e+99  -3.6862e+99  4.70316e+99  -5.63803e+99  6.47946e+99  -7.21946e+99  7.85365e+99  -8.38106e+99  8.80358e+99  -9.12504e+99  9.35009e+99  -9.48307e+99  9.52703e+99  -9.48307e+99  9.35009e+99  -9.12504e+99  8.80358e+99  -8.38106e+99  7.85365e+99  -7.21946e+99  6.47946e+99  -5.63803e+99  4.70316e+99  -3.6862e+99  2.60147e+99  -1.4656e+99  2.97016e+98  8.84554e+98  
-8.84751e+98  -2.96872e+98  1.46676e+99  -2.60298e+99  3.68529e+99  -4.69586e+99  5.61984e+99  -6.446e+99  7.16711e+99  -7.78003e+99  8.28537e+99  -8.68673e+99  8.98963e+99  -9.20024e+99  9.32405e+99  -9.36488e+99  9.32405e+99  -9.20024e+99  8.98963e+99  -8.68673e+99  8.28537e+99  -7.78003e+99  7.16711e+99  -6.446e+99  5.61984e+99  -4.69586e+99  3.68529e+99  -2.60298e+99  1.46676e+99  -2.96872e+98  -8.84751e+98  
8.72698e+98  2.92605e+98  -1.44767e+99  2.56876e+99  -3.63422e+99  4.6253e+99  -5.52686e+99  6.32795e+99  -7.02213e+99  7.60744e+99  -8.08593e+99  8.4627e+99  -8.74474e+99  8.93946e+99  -9.05333e+99  9.09077e+99  -9.05333e+99  8.93946e+99  -8.74474e+99  8.4627e+99  -8.08593e+99  7.60744e+99  -7.02213e+99  6.32795e+99  -5.52686e+99  4.6253e+99  -3.63422e+99  2.56876e+99  -1.44767e+99  2.92605e+98  8.72698e+98  
-8.49788e+98  -2.84692e+98  1.41059e+99  -2.50286e+99  3.53886e+99  -4.49928e+99  5.3689e+99  -6.13714e+99  6.79836e+99  -7.35167e+99  7.8003e+99  -8.15062e+99  8.41075e+99  -8.58907e+99  8.6928e+99  -8.72681e+99  8.6928e+99  -8.58907e+99  8.41075e+99  -8.15062e+99  7.8003e+99  -7.35167e+99  6.79836e+99  -6.13714e+99  5.3689e+99  -4.49928e+99  3.53886e+99  -2.50286e+99  1.41059e+99  -2.84692e+98  -8.49788e+98  
8.17521e+98  2.73649e+98  -1.35797e+99  2.40963e+99  -3.40546e+99  4.32592e+99  -5.15594e+99  5.88541e+99  -6.5094e+99  7.02792e+99  -7.44514e+99  7.76834e+99  -8.00647e+99  8.16857e+99  -8.26238e+99  8.29304e+99  -8.26238e+99  8.16857e+99  -8.00647e+99  7.76834e+99  -7.44514e+99  7.02792e+99  -6.5094e+99  5.88541e+99  -5.15594e+99  4.32592e+99  -3.40546e+99  2.40963e+99  -1.35797e+99  2.73649e+98  8.17521e+98  
-7.77441e+98  -2.60003e+98  1.29231e+99  -2.29349e+99  3.24029e+99  -4.11331e+99  4.89778e+99  -5.58413e+99  6.16806e+99  -6.65026e+99  7.03558e+99  -7.33188e+99  7.54859e+99  -7.69514e+99  7.77951e+99  -7.80701e+99  7.77951e+99  -7.69514e+99  7.54859e+99  -7.33188e+99  7.03558e+99  -6.65026e+99  6.16806e+99  -5.58413e+99  4.89778e+99  -4.11331e+99  3.24029e+99  -2.29349e+99  1.29231e+99  -2.60003e+98  -7.77441e+98  
7.31065e+98  2.4427e+98  -1.21611e+99  2.15881e+99  -3.04949e+99  3.86919e+99  -4.60365e+99  5.24385e+99  -5.78602e+99  6.23131e+99  -6.58498e+99  6.85515e+99  -7.05143e+99  7.18336e+99  -7.25894e+99  7.28352e+99  -7.25894e+99  7.18336e+99  -7.05143e+99  6.85515e+99  -6.58498e+99  6.23131e+99  -5.78602e+99  5.24385e+99  -4.60365e+99  3.86919e+99  -3.04949e+99  2.15881e+99  -1.21611e+99  2.4427e+98  7.31065e+98  
-6.79834e+98  -2.26943e+98  1.13173e+99  -2.00971e+99  2.8388e+99  -3.60077e+99  4.28201e+99  -4.87406e+99  5.37359e+99  -5.78202e+99  6.10474e+99  -6.34987e+99  6.52692e+99  -6.64526e+99  6.71276e+99  -6.73465e+99  6.71276e+99  -6.64526e+99  6.52692e+99  -6.34987e+99  6.10474e+99  -5.78202e+99  5.37359e+99  -4.87406e+99  4.28201e+99  -3.60077e+99  2.8388e+99  -2.00971e+99  1.13173e+99  -2.26943e+98  -6.79834e+98  
6.2507e+98  2.08469e+98  -1.04133e+99  1.84998e+99  -2.61347e+99  3.31453e+99  -3.94036e+99  4.48306e+99  -4.93965e+99  5.31166e+99  -5.60436e+99  5.82564e+99  -5.98466e+99  6.09045e+99  -6.15056e+99  6.17001e+99  -6.15056e+99  6.09045e+99  -5.98466e+99  5.82564e+99  -5.60436e+99  5.31166e+99  -4.93965e+99  4.48306e+99  -3.94036e+99  3.31453e+99  -2.61347e+99  1.84998e+99  -1.04133e+99  2.08469e+98  6.2507e+98  
-5.67946e+98  -1.89245e+98  9.46857e+98  -1.68298e+99  2.3781e+99  -3.01613e+99  3.58518e+99  -4.07792e+99  4.49163e+99  -4.82782e+99  5.09149e+99  -5.29008e+99  5.4322e+99  -5.52637e+99  5.57971e+99  -5.59693e+99  5.57971e+99  -5.52637e+99  5.4322e+99  -5.29008e+99  5.09149e+99  -4.82782e+99  4.49163e+99  -4.07792e+99  3.58518e+99  -3.01613e+99  2.3781e+99  -1.68298e+99  9.46857e+98  -1.89245e+98  -5.67946e+98  
5.09463e+98  1.69608e+98  -8.49957e+98  1.51157e+99  -2.13661e+99  2.71034e+99  -3.22185e+99  3.66441e+99  -4.03553e+99  4.33657e+99  -4.57213e+99  4.74903e+99  -4.87524e+99  4.95859e+99  -5.00568e+99  5.02086e+99  -5.00568e+99  4.95859e+99  -4.87524e+99  4.74903e+99  -4.57213e+99  4.33657e+99  -4.03553e+99  3.66441e+99  -3.22185e+99  2.71034e+99  -2.13661e+99  1.51157e+99  -8.49957e+98  1.69608e+98  5.09463e+98  
-4.50439e+98  -1.49831e+98  7.51992e+98  -1.33813e+99  1.89223e+99  -2.40104e+99  2.85472e+99  -3.24716e+99  3.57604e+99  -3.84254e+99  4.05076e+99  -4.20682e+99  4.31789e+99  -4.39107e+99  4.43233e+99  -4.44561e+99  4.43233e+99  -4.39107e+99  4.31789e+99  -4.20682e+99  4.05076e+99  -3.84254e+99  3.57604e+99  -3.24716e+99  2.85472e+99  -2.40104e+99  1.89223e+99  -1.33813e+99  7.51992e+98  -1.49831e+98  -4.50439e+98  
3.91507e+98  1.30126e+98  -6.54018e+98  1.16448e+99  -1.64744e+99  2.09122e+99  -2.4871e+99  2.82961e+99  -3.11663e+99  3.34911e+99  -3.53059e+99  3.66643e+99  -3.76297e+99  3.82646e+99  -3.86219e+99  3.87369e+99  -3.86219e+99  3.82646e+99  -3.76297e+99  3.66643e+99  -3.53059e+99  3.34911e+99  -3.11663e+99  2.82961e+99  -2.4871e+99  2.09122e+99  -1.64744e+99  1.16448e+99  -6.54018e+98  1.30126e+98  3.91507e+98  
-3.33117e+98  -1.10639e+98  5.56796e+98  -9.9195e+98  1.40404e+99  -1.78302e+99  2.12133e+99  -2.41419e+99  2.65968e+99  -2.85853e+99  3.0137e+99  -3.12978e+99  3.21218e+99  -3.26631e+99  3.29674e+99  -3.30653e+99  3.29674e+99  -3.26631e+99  3.21218e+99  -3.12978e+99  3.0137e+99  -2.85853e+99  2.65968e+99  -2.41419e+99  2.12133e+99  -1.78302e+99  1.40404e+99  -9.9195e+98  5.56796e+98  -1.10639e+98  -3.33117e+98  
2.75549e+98  9.14602e+97  -4.60805e+98  8.21383e+98  -1.16317e+99  1.47779e+99  -1.75888e+99  2.00239e+99  -2.20663e+99  2.37212e+99  -2.50127e+99  2.59785e+99  -2.66637e+99  2.71135e+99  -2.73662e+99  2.74474e+99  -2.73662e+99  2.71135e+99  -2.66637e+99  2.59785e+99  -2.50127e+99  2.37212e+99  -2.20663e+99  2.00239e+99  -1.75888e+99  1.47779e+99  -1.16317e+99  8.21383e+98  -4.60805e+98  9.14602e+97  2.75549e+98  
-2.18923e+98  -7.26256e+97  3.66266e+98  -6.53182e+98  9.25393e+98  -1.17619e+99  1.40045e+99  -1.59489e+99  1.75809e+99  -1.89038e+99  1.99365e+99  -2.07088e+99  2.12566e+99  -2.1616e+99  2.18178e+99  -2.18827e+99  2.18178e+99  -2.1616e+99  2.12566e+99  -2.07088e+99  1.99365e+99  -1.89038e+99  1.75809e+99  -1.59489e+99  1.40045e+99  -1.17619e+99  9.25393e+98  -6.53182e+98  3.66266e+98  -7.26256e+97  -2.18923e+98  
1.63225e+98  5.41248e+97  -2.73176e+98  4.87363e+98  -6.9073e+98  8.78248e+98  -1.04607e+99  1.19168e+99  -1.31397e+99  1.41316e+99  -1.49061e+99  1.54855e+99  -1.58964e+99  1.61659e+99  -1.63172e+99  1.63658e+99  -1.63172e+99  1.61659e+99  -1.58964e+99  1.54855e+99  -1.49061e+99  1.41316e+99  -1.31397e+99  1.19168e+99  -1.04607e+99  8.78248e+98  -6.9073e+98  4.87363e+98  -2.73176e+98  5.41248e+97  1.63225e+98  
-1.08326e+98  -3.59092e+97  1.81342e+98  -3.23623e+98  4.58796e+98  -5.83514e+98  6.95202e+98  -7.92169e+98  8.73653e+98  -9.39775e+98  9.91424e+98  -1.03006e+99  1.05747e+99  -1.07544e+99  1.08553e+99  -1.08878e+99  1.08553e+99  -1.07544e+99  1.05747e+99  -1.03006e+99  9.91424e+98  -9.39775e+98  8.73653e+98  -7.92169e+98  6.95202e+98  -5.83514e+98  4.58796e+98  -3.23623e+98  1.81342e+98  -3.59092e+97  -1.08326e+98  
5.40099e+97  1.79003e+97  -9.04283e+97  1.61408e+98  -2.28868e+98  2.91135e+98  -3.4692e+98  3.95371e+98  -4.36101e+98  4.69162e+98  -4.94993e+98  5.1432e+98  -5.28029e+98  5.37021e+98  -5.42067e+98  5.43689e+98  -5.42067e+98  5.37021e+98  -5.28029e+98  5.1432e+98  -4.94993e+98  4.69162e+98  -4.36101e+98  3.95371e+98  -3.4692e+98  2.91135e+98  -2.28868e+98  1.61408e+98  -9.04283e+97  1.79003e+97  5.40099e+97  
0  0  0  0  0  0  0  0  0  0  0  0  0  0  0  0  0  0  0  0  0  0  0  0  0  0  0  0  0  0  0  
