1  1  1  1  1  1  1  1  1  1  1  1  1  1  1  1  1  1  1  1  1  1  1  1  1  1  1  1  1  1  1  
0.941605  0.911931  0.82291  0.741235  0.66738  0.602338  0.545542  0.496447  0.454222  0.418214  0.387825  0.362704  0.342691  0.327908  0.318701  0.315543  0.318701  0.327908  0.342691  0.362704  0.387825  0.418214  0.454222  0.496447  0.545542  0.602338  0.66738  0.741235  0.82291  0.911931  0.941605  
0.884777  0.83437  0.683147  0.568931  0.489542  0.438572  0.407271  0.389008  0.378459  0.372014  0.367075  0.362125  0.356485  0.350499  0.345486  0.343425  0.345486  0.350499  0.356485  0.362125  0.367075  0.372014  0.378459  0.389008  0.407271  0.438572  0.489542  0.568931  0.683147  0.83437  0.884777  
0.831977  0.769957  0.583898  0.474161  0.422182  0.403063  0.398213  0.398204  0.397917  0.395199  0.388939  0.3789  0.365466  0.350349  0.337268  0.331784  0.337268  0.350349  0.365466  0.3789  0.388939  0.395199  0.397917  0.398204  0.398213  0.403063  0.422182  0.474161  0.583898  0.769957  0.831977  
0.784827  0.717968  0.51739  0.42925  0.407609  0.409397  0.415097  0.419351  0.420437  0.418204  0.41205  0.401224  0.384999  0.364334  0.344321  0.33533  0.344321  0.364334  0.384999  0.401224  0.41205  0.418204  0.420437  0.419351  0.415097  0.409397  0.407609  0.42925  0.51739  0.717968  0.784827  
0.743922  0.676571  0.474519  0.411899  0.412485  0.422824  0.430237  0.434248  0.435112  0.433204  0.427657  0.416861  0.39857  0.372106  0.34344  0.329706  0.34344  0.372106  0.39857  0.416861  0.427657  0.433204  0.435112  0.434248  0.430237  0.422824  0.412485  0.411899  0.474519  0.676571  0.743922  
0.709044  0.643757  0.447894  0.408427  0.422337  0.434119  0.440423  0.443411  0.444194  0.443308  0.439851  0.431583  0.414516  0.384975  0.348117  0.329116  0.348117  0.384975  0.414516  0.431583  0.439851  0.443308  0.444194  0.443411  0.440423  0.434119  0.422337  0.408427  0.447894  0.643757  0.709044  
0.679717  0.617831  0.432174  0.411082  0.431437  0.441281  0.445555  0.447062  0.447401  0.447058  0.445349  0.439901  0.425387  0.394362  0.349231  0.324225  0.349231  0.394362  0.425387  0.439901  0.445349  0.447058  0.447401  0.447062  0.445555  0.441281  0.431437  0.411082  0.432174  0.617831  0.679717  
0.655151  0.597266  0.423612  0.415818  0.438246  0.445205  0.447664  0.448066  0.448254  0.448484  0.448462  0.446236  0.435861  0.405696  0.353057  0.321643  0.353057  0.405696  0.435861  0.446236  0.448462  0.448484  0.448254  0.448066  0.447664  0.445205  0.438246  0.415818  0.423612  0.597266  0.655151  
0.634784  0.581041  0.41981  0.420702  0.442726  0.446922  0.447932  0.44752  0.447471  0.447742  0.448451  0.448529  0.442405  0.414473  0.354759  0.316479  0.354759  0.414473  0.442405  0.448529  0.448451  0.447742  0.447471  0.44752  0.447932  0.446922  0.442726  0.420702  0.41981  0.581041  0.634784  
0.617788  0.568097  0.419023  0.424852  0.445368  0.447472  0.447589  0.446894  0.446847  0.447137  0.448162  0.449916  0.44814  0.423888  0.357863  0.312466  0.357863  0.423888  0.44814  0.449916  0.448162  0.447137  0.446847  0.446894  0.447589  0.447472  0.445368  0.424852  0.419023  0.568097  0.617788  
0.60383  0.557962  0.42036  0.428119  0.446748  0.447496  0.447113  0.446382  0.446285  0.446345  0.447061  0.449416  0.451273  0.431347  0.359438  0.306661  0.359438  0.431347  0.451273  0.449416  0.447061  0.446345  0.446285  0.446382  0.447113  0.447496  0.446748  0.428119  0.42036  0.557962  0.60383  
0.592128  0.54983  0.422935  0.430408  0.447239  0.447361  0.446789  0.446226  0.446199  0.446151  0.446504  0.448936  0.45393  0.438919  0.361647  0.301374  0.361647  0.438919  0.45393  0.448936  0.446504  0.446151  0.446199  0.446226  0.446789  0.447361  0.447239  0.430408  0.422935  0.54983  0.592128  
0.582646  0.543639  0.426619  0.432081  0.447238  0.447254  0.446633  0.446238  0.446223  0.446013  0.445859  0.447781  0.455112  0.44502  0.36257  0.294694  0.36257  0.44502  0.455112  0.447781  0.445859  0.446013  0.446223  0.446238  0.446633  0.447254  0.447238  0.432081  0.426619  0.543639  0.582646  
0.574588  0.538642  0.430806  0.433099  0.446765  0.447141  0.446597  0.446355  0.446386  0.446139  0.445667  0.44699  0.456243  0.451033  0.363576  0.288109  0.363576  0.451033  0.456243  0.44699  0.445667  0.446139  0.446386  0.446355  0.446597  0.447141  0.446765  0.433099  0.430806  0.538642  0.574588  
0.568228  0.535126  0.435817  0.43404  0.44614  0.447092  0.446661  0.446492  0.446521  0.446192  0.445429  0.446037  0.456741  0.455943  0.363332  0.280314  0.363332  0.455943  0.456741  0.446037  0.445429  0.446192  0.446521  0.446492  0.446661  0.447092  0.44614  0.43404  0.435817  0.535126  0.568228  
0.562651  0.532245  0.441028  0.434714  0.445131  0.44686  0.4467  0.446609  0.446638  0.446244  0.445356  0.44548  0.457555  0.460645  0.362675  0.272274  0.362675  0.460645  0.457555  0.44548  0.445356  0.446244  0.446638  0.446609  0.4467  0.44686  0.445131  0.434714  0.441028  0.532245  0.562651  
0.558485  0.530644  0.447123  0.435944  0.44421  0.446598  0.446758  0.446709  0.446692  0.446153  0.44517  0.445009  0.458376  0.464434  0.360618  0.263063  0.360618  0.464434  0.458376  0.445009  0.44517  0.446153  0.446692  0.446709  0.446758  0.446598  0.44421  0.435944  0.447123  0.530644  0.558485  
0.554552  0.529226  0.45325  0.437311  0.442983  0.445885  0.44654  0.446642  0.446605  0.445905  0.44497  0.444988  0.459849  0.4678  0.357594  0.253279  0.357594  0.4678  0.459849  0.444988  0.44497  0.445905  0.446605  0.446642  0.44654  0.445885  0.442983  0.437311  0.45325  0.529226  0.554552  
0.551938  0.529078  0.4605  0.440012  0.442347  0.445161  0.446186  0.446405  0.446303  0.445449  0.444714  0.445391  0.461852  0.470132  0.352784  0.242239  0.352784  0.470132  0.461852  0.445391  0.444714  0.445449  0.446303  0.446405  0.446186  0.445161  0.442347  0.440012  0.4605  0.529078  0.551938  
0.548999  0.528641  0.467566  0.443277  0.441813  0.443947  0.445249  0.44568  0.44562  0.444807  0.444604  0.446618  0.464779  0.471471  0.346262  0.230264  0.346262  0.471471  0.464779  0.446618  0.444604  0.444807  0.44562  0.44568  0.445249  0.443947  0.441813  0.443277  0.467566  0.528641  0.548999  
0.547506  0.529654  0.476095  0.448848  0.443026  0.443432  0.4444  0.444816  0.444775  0.444262  0.445  0.448996  0.468509  0.471028  0.337225  0.216817  0.337225  0.471028  0.468509  0.448996  0.445  0.444262  0.444775  0.444816  0.4444  0.443432  0.443026  0.448848  0.476095  0.529654  0.547506  
0.545001  0.52974  0.483955  0.455264  0.445297  0.443332  0.443505  0.443838  0.444028  0.444318  0.446527  0.453056  0.472959  0.468157  0.325354  0.201998  0.325354  0.468157  0.472959  0.453056  0.446527  0.444318  0.444028  0.443838  0.443505  0.443332  0.445297  0.455264  0.483955  0.52974  0.545001  
0.544424  0.531743  0.4937  0.465005  0.45125  0.446147  0.444648  0.44441  0.444774  0.446154  0.450146  0.459225  0.477369  0.461393  0.309694  0.185348  0.309694  0.461393  0.477369  0.459225  0.450146  0.446154  0.444774  0.44441  0.444648  0.446147  0.45125  0.465005  0.4937  0.531743  0.544424  
0.541773  0.53174  0.501643  0.475099  0.459215  0.451438  0.448207  0.44739  0.448151  0.450909  0.456769  0.467457  0.480132  0.448805  0.289445  0.166778  0.289445  0.448805  0.480132  0.467457  0.456769  0.450909  0.448151  0.44739  0.448207  0.451438  0.459215  0.475099  0.501643  0.53174  0.541773  
0.542344  0.534796  0.512152  0.489169  0.472644  0.462714  0.457591  0.455824  0.456645  0.460301  0.467081  0.476409  0.477875  0.42731  0.263316  0.145868  0.263316  0.42731  0.477875  0.476409  0.467081  0.460301  0.456645  0.455824  0.457591  0.462714  0.472644  0.489169  0.512152  0.534796  0.542344  
0.538598  0.533512  0.518254  0.500955  0.486755  0.477043  0.471448  0.469365  0.470302  0.474056  0.479232  0.481242  0.464204  0.392553  0.229956  0.122401  0.229956  0.392553  0.464204  0.481242  0.479232  0.474056  0.470302  0.469365  0.471448  0.477043  0.486755  0.500955  0.518254  0.533512  0.538598  
0.542015  0.538799  0.52915  0.517028  0.505788  0.497172  0.491706  0.489268  0.488994  0.489076  0.485349  0.469978  0.427911  0.338506  0.187739  0.0960413  0.187739  0.338506  0.427911  0.469978  0.485349  0.489076  0.488994  0.489268  0.491706  0.497172  0.505788  0.517028  0.52915  0.538799  0.542015  
0.532968  0.53183  0.528415  0.523923  0.519441  0.515356  0.511225  0.505868  0.497219  0.482322  0.456873  0.41539  0.350851  0.257774  0.135232  0.0666593  0.135232  0.257774  0.350851  0.41539  0.456873  0.482322  0.497219  0.505868  0.511225  0.515356  0.519441  0.523923  0.528415  0.53183  0.532968  
0.555853  0.553452  0.546247  0.534472  0.518366  0.498032  0.473365  0.444091  0.409747  0.3698  0.323598  0.270663  0.210596  0.144065  0.0719108  0.0343794  0.0719108  0.144065  0.210596  0.270663  0.323598  0.3698  0.409747  0.444091  0.473365  0.498032  0.518366  0.534472  0.546247  0.553452  0.555853  
0  0  0  0  0  0  0  0  0  0  0  0  0  0  0  0  0  0  0  0  0  0  0  0  0  0  0  0  0  0  0  
