1  1  1  1  1  1  1  1  1  1  1  1  1  1  1  1  1  1  1  1  1  1  1  1  1  1  1  1  1  1  1  
0.941512  0.911792  0.822633  0.740833  0.666866  0.601728  0.544852  0.495692  0.453415  0.417368  0.386952  0.361815  0.341792  0.327005  0.317797  0.314638  0.317797  0.327005  0.341792  0.361815  0.386952  0.417368  0.453415  0.495692  0.544852  0.601728  0.666866  0.740833  0.822633  0.911792  0.941512  
0.884594  0.834106  0.682642  0.568239  0.488713  0.43765  0.406291  0.387997  0.37744  0.371005  0.366088  0.361171  0.355567  0.349615  0.344627  0.342576  0.344627  0.349615  0.355567  0.361171  0.366088  0.371005  0.37744  0.387997  0.406291  0.43765  0.488713  0.568239  0.682642  0.834106  0.884594  
0.831709  0.769586  0.583216  0.473275  0.421169  0.401976  0.397083  0.397056  0.396772  0.394074  0.387851  0.377863  0.364488  0.349431  0.336395  0.33093  0.336395  0.349431  0.364488  0.377863  0.387851  0.394074  0.396772  0.397056  0.397083  0.401976  0.421169  0.473275  0.583216  0.769586  0.831709  
0.784482  0.717505  0.516574  0.428228  0.406471  0.408186  0.413839  0.41807  0.419158  0.416952  0.41085  0.400098  0.383962  0.363389  0.343453  0.334494  0.343453  0.363389  0.383962  0.400098  0.41085  0.416952  0.419158  0.41807  0.413839  0.408186  0.406471  0.428228  0.516574  0.717505  0.784482  
0.743508  0.67603  0.473597  0.410776  0.411245  0.421498  0.428852  0.432833  0.433697  0.431822  0.426338  0.415633  0.397458  0.371119  0.342563  0.328876  0.342563  0.371119  0.397458  0.415633  0.426338  0.431822  0.433697  0.432833  0.428852  0.421498  0.411245  0.410776  0.473597  0.67603  0.743508  
0.70857  0.643149  0.446889  0.407221  0.421005  0.432685  0.438918  0.44187  0.442654  0.441805  0.438421  0.430261  0.413333  0.38395  0.347237  0.3283  0.347237  0.38395  0.413333  0.430261  0.438421  0.441805  0.442654  0.44187  0.438918  0.432685  0.421005  0.407221  0.446889  0.643149  0.70857  
0.679189  0.617167  0.4311  0.409805  0.43002  0.439747  0.443941  0.445407  0.445747  0.445444  0.443816  0.438487  0.424131  0.393292  0.348342  0.32342  0.348342  0.393292  0.424131  0.438487  0.443816  0.445444  0.445747  0.445407  0.443941  0.439747  0.43002  0.409805  0.4311  0.617167  0.679189  
0.654576  0.596553  0.422484  0.414479  0.436752  0.44358  0.445953  0.446311  0.446499  0.446773  0.446839  0.444743  0.43454  0.404585  0.352164  0.320855  0.352164  0.404585  0.43454  0.444743  0.446839  0.446773  0.446499  0.446311  0.445953  0.44358  0.436752  0.414479  0.422484  0.596553  0.654576  
0.634167  0.580285  0.418637  0.419309  0.441163  0.445218  0.446136  0.445677  0.445628  0.445947  0.446749  0.446965  0.441024  0.413321  0.353859  0.315704  0.353859  0.413321  0.441024  0.446965  0.446749  0.445947  0.445628  0.445677  0.446136  0.445218  0.441163  0.419309  0.418637  0.580285  0.634167  
0.617135  0.567304  0.417813  0.423412  0.443747  0.445701  0.445721  0.444976  0.444929  0.445269  0.446393  0.448293  0.446709  0.422701  0.356959  0.31171  0.356959  0.422701  0.446709  0.448293  0.446393  0.445269  0.444929  0.444976  0.445721  0.445701  0.443747  0.423412  0.417813  0.567304  0.617135  
0.603144  0.557138  0.419122  0.42664  0.445078  0.445671  0.445186  0.444402  0.444306  0.444418  0.445237  0.447743  0.449799  0.430127  0.35853  0.305922  0.35853  0.430127  0.449799  0.447743  0.445237  0.444418  0.444306  0.444402  0.445186  0.445671  0.445078  0.42664  0.419122  0.557138  0.603144  
0.591414  0.54898  0.421676  0.428899  0.445531  0.445492  0.444815  0.444198  0.444171  0.444177  0.444637  0.447227  0.452423  0.437672  0.360738  0.300656  0.360738  0.437672  0.452423  0.447227  0.444637  0.444177  0.444171  0.444198  0.444815  0.445492  0.445531  0.428899  0.421676  0.54898  0.591414  
0.581906  0.542766  0.425346  0.430551  0.445501  0.445355  0.444625  0.444175  0.44416  0.444006  0.443961  0.446044  0.453581  0.443752  0.361662  0.293996  0.361662  0.443752  0.453581  0.446044  0.443961  0.444006  0.44416  0.444175  0.444625  0.445355  0.445501  0.430551  0.425346  0.542766  0.581906  
0.573825  0.537751  0.429527  0.431555  0.445012  0.445224  0.444569  0.444272  0.444302  0.444111  0.44375  0.445237  0.454698  0.449751  0.362672  0.287433  0.362672  0.449751  0.454698  0.445237  0.44375  0.444111  0.444302  0.444272  0.444569  0.445224  0.445012  0.431555  0.429527  0.537751  0.573825  
0.567445  0.534219  0.434539  0.432493  0.444382  0.445168  0.444626  0.444401  0.44443  0.444158  0.443505  0.444279  0.45519  0.454652  0.362434  0.279662  0.362434  0.454652  0.45519  0.444279  0.443505  0.444158  0.44443  0.444401  0.444626  0.445168  0.444382  0.432493  0.434539  0.534219  0.567445  
0.56185  0.531327  0.439756  0.433172  0.443378  0.444943  0.444673  0.444525  0.444554  0.444216  0.443439  0.443728  0.456008  0.459353  0.361788  0.271648  0.361788  0.459353  0.456008  0.443728  0.443439  0.444216  0.444554  0.444525  0.444673  0.444943  0.443378  0.433172  0.439756  0.531327  0.56185  
0.557668  0.529717  0.445863  0.434417  0.442473  0.444699  0.444751  0.444646  0.44463  0.444145  0.443271  0.443274  0.456843  0.463147  0.359745  0.262463  0.359745  0.463147  0.456843  0.443274  0.443271  0.444145  0.44463  0.444646  0.444751  0.444699  0.442473  0.434417  0.445863  0.529717  0.557668  
0.553721  0.528293  0.452009  0.435808  0.441274  0.444018  0.444567  0.444614  0.444577  0.443931  0.443102  0.443281  0.458337  0.466525  0.356738  0.252708  0.356738  0.466525  0.458337  0.443281  0.443102  0.443931  0.444577  0.444614  0.444567  0.444018  0.441274  0.435808  0.452009  0.528293  0.553721  
0.551093  0.528141  0.459282  0.438542  0.440677  0.443337  0.444259  0.444426  0.444324  0.443521  0.442889  0.443722  0.460369  0.468876  0.351952  0.241698  0.351952  0.468876  0.460369  0.443722  0.442889  0.443521  0.444324  0.444426  0.444259  0.443337  0.440677  0.438542  0.459282  0.528141  0.551093  
0.548144  0.527702  0.466377  0.44185  0.440192  0.442179  0.443381  0.443763  0.443703  0.44294  0.442834  0.444998  0.463334  0.470242  0.345457  0.229755  0.345457  0.470242  0.463334  0.444998  0.442834  0.44294  0.443703  0.443763  0.443381  0.442179  0.440192  0.44185  0.466377  0.527702  0.548144  
0.54664  0.528714  0.474937  0.447469  0.441465  0.441731  0.442605  0.442974  0.442933  0.442467  0.443298  0.447434  0.467108  0.469833  0.336453  0.216343  0.336453  0.469833  0.467108  0.447434  0.443298  0.442467  0.442933  0.442974  0.442605  0.441731  0.441465  0.447469  0.474937  0.528714  0.54664  
0.544126  0.528803  0.482833  0.453943  0.443806  0.441712  0.441796  0.442084  0.442274  0.442609  0.444904  0.451561  0.47161  0.467006  0.324622  0.201561  0.324622  0.467006  0.47161  0.451561  0.444904  0.442609  0.442274  0.442084  0.441796  0.441712  0.443806  0.453943  0.482833  0.528803  0.544126  
0.543538  0.530807  0.492611  0.463745  0.449837  0.444616  0.443036  0.442758  0.443121  0.444541  0.448612  0.457805  0.476078  0.460294  0.309009  0.184951  0.309009  0.460294  0.476078  0.457805  0.448612  0.444541  0.443121  0.442758  0.443036  0.444616  0.449837  0.463745  0.492611  0.530807  0.543538  
0.540881  0.530809  0.500593  0.473906  0.457891  0.450008  0.446705  0.445851  0.446611  0.449405  0.455333  0.466118  0.478908  0.447773  0.288817  0.166425  0.288817  0.447773  0.478908  0.466118  0.455333  0.449405  0.446611  0.445851  0.446705  0.450008  0.457891  0.473906  0.500593  0.530809  0.540881  
0.541441  0.533863  0.511132  0.488039  0.471408  0.461391  0.456207  0.454408  0.455228  0.458913  0.465749  0.475156  0.476729  0.42636  0.262754  0.145561  0.262754  0.42636  0.476729  0.475156  0.465749  0.458913  0.455228  0.454408  0.456207  0.461391  0.471408  0.488039  0.511132  0.533863  0.541441  
0.537692  0.532586  0.517269  0.499891  0.485611  0.475832  0.470187  0.468079  0.469013  0.472787  0.478005  0.480083  0.463154  0.391707  0.229473  0.122147  0.229473  0.391707  0.463154  0.480083  0.478005  0.472787  0.469013  0.468079  0.470187  0.475832  0.485611  0.499891  0.517269  0.532586  0.537692  
0.541092  0.537864  0.528181  0.516012  0.504721  0.49606  0.49056  0.488103  0.487826  0.487923  0.484236  0.468935  0.426993  0.337798  0.18735  0.0958429  0.18735  0.337798  0.426993  0.468935  0.484236  0.487923  0.487826  0.488103  0.49056  0.49606  0.504721  0.516012  0.528181  0.537864  0.541092  
0.532053  0.530909  0.527474  0.522954  0.518442  0.514329  0.510178  0.504813  0.496173  0.481307  0.455916  0.414528  0.350129  0.257247  0.134955  0.0665224  0.134955  0.257247  0.350129  0.414528  0.455916  0.481307  0.496173  0.504813  0.510178  0.514329  0.518442  0.522954  0.527474  0.530909  0.532053  
0.55488  0.55248  0.54528  0.533512  0.51742  0.497108  0.472472  0.44324  0.408953  0.369076  0.322959  0.270125  0.210175  0.143775  0.0717649  0.0343091  0.0717649  0.143775  0.210175  0.270125  0.322959  0.369076  0.408953  0.44324  0.472472  0.497108  0.51742  0.533512  0.54528  0.55248  0.55488  
0  0  0  0  0  0  0  0  0  0  0  0  0  0  0  0  0  0  0  0  0  0  0  0  0  0  0  0  0  0  0  
