1  1  1  1  1  1  1  1  1  1  1  1  1  1  1  1  1  1  1  1  1  1  1  1  1  1  1  1  1  1  1  
0.941474  0.911735  0.822518  0.740666  0.666653  0.601475  0.544565  0.495378  0.45308  0.417017  0.38659  0.361445  0.341418  0.32663  0.317421  0.314263  0.317421  0.32663  0.341418  0.361445  0.38659  0.417017  0.45308  0.495378  0.544565  0.601475  0.666653  0.740666  0.822518  0.911735  0.941474  
0.884518  0.833997  0.682432  0.567952  0.488369  0.437267  0.405884  0.387578  0.377017  0.370586  0.365679  0.360775  0.355186  0.349248  0.344271  0.342224  0.344271  0.349248  0.355186  0.360775  0.365679  0.370586  0.377017  0.387578  0.405884  0.437267  0.488369  0.567952  0.682432  0.833997  0.884518  
0.831598  0.769432  0.582934  0.472907  0.420748  0.401524  0.396614  0.39658  0.396296  0.393607  0.3874  0.377433  0.364082  0.349049  0.336033  0.330575  0.336033  0.349049  0.364082  0.377433  0.3874  0.393607  0.396296  0.39658  0.396614  0.401524  0.420748  0.472907  0.582934  0.769432  0.831598  
0.784339  0.717313  0.516235  0.427804  0.405999  0.407684  0.413317  0.417538  0.418627  0.416433  0.410352  0.39963  0.383532  0.362997  0.343093  0.334147  0.343093  0.362997  0.383532  0.39963  0.410352  0.416433  0.418627  0.417538  0.413317  0.407684  0.405999  0.427804  0.516235  0.717313  0.784339  
0.743336  0.675806  0.473214  0.41031  0.41073  0.420948  0.428277  0.432245  0.43311  0.431248  0.42579  0.415123  0.396996  0.370709  0.342199  0.328531  0.342199  0.370709  0.396996  0.415123  0.42579  0.431248  0.43311  0.432245  0.428277  0.420948  0.41073  0.41031  0.473214  0.675806  0.743336  
0.708373  0.642897  0.446471  0.40672  0.420453  0.43209  0.438294  0.441231  0.442015  0.441181  0.437828  0.429713  0.412841  0.383524  0.346872  0.327962  0.346872  0.383524  0.412841  0.429713  0.437828  0.441181  0.442015  0.441231  0.438294  0.43209  0.420453  0.40672  0.446471  0.642897  0.708373  
0.67897  0.616891  0.430655  0.409275  0.429432  0.43911  0.443271  0.444721  0.44506  0.444774  0.44318  0.437901  0.423609  0.392847  0.347973  0.323086  0.347973  0.392847  0.423609  0.437901  0.44318  0.444774  0.44506  0.444721  0.443271  0.43911  0.429432  0.409275  0.430655  0.616891  0.67897  
0.654337  0.596257  0.422015  0.413923  0.436132  0.442906  0.445243  0.445583  0.445771  0.446063  0.446166  0.444124  0.433991  0.404124  0.351794  0.320528  0.351794  0.404124  0.433991  0.444124  0.446166  0.446063  0.445771  0.445583  0.445243  0.442906  0.436132  0.413923  0.422015  0.596257  0.654337  
0.633912  0.579971  0.41815  0.41873  0.440515  0.444512  0.445391  0.444912  0.444864  0.445201  0.446042  0.446316  0.440451  0.412843  0.353485  0.315383  0.353485  0.412843  0.440451  0.446316  0.446042  0.445201  0.444864  0.444912  0.445391  0.444512  0.440515  0.41873  0.41815  0.579971  0.633912  
0.616863  0.566975  0.417311  0.422814  0.443074  0.444967  0.444945  0.44418  0.444134  0.444494  0.445659  0.447619  0.446114  0.422208  0.356584  0.311396  0.356584  0.422208  0.446114  0.447619  0.445659  0.444494  0.444134  0.44418  0.444945  0.444967  0.443074  0.422814  0.417311  0.566975  0.616863  
0.602859  0.556796  0.418608  0.426026  0.444384  0.444913  0.444386  0.443581  0.443485  0.443619  0.44448  0.447049  0.449187  0.429621  0.358153  0.305615  0.358153  0.429621  0.449187  0.447049  0.44448  0.443619  0.443485  0.443581  0.444386  0.444913  0.444384  0.426026  0.418608  0.556796  0.602859  
0.591118  0.548627  0.421154  0.428272  0.444822  0.444717  0.443996  0.443356  0.44333  0.443358  0.443862  0.446517  0.451797  0.437155  0.360361  0.300358  0.360361  0.437155  0.451797  0.446517  0.443862  0.443358  0.44333  0.443356  0.443996  0.444717  0.444822  0.428272  0.421154  0.548627  0.591118  
0.581599  0.542404  0.424818  0.429915  0.444781  0.444566  0.443792  0.443319  0.443304  0.443173  0.443173  0.445323  0.452946  0.443226  0.361285  0.293706  0.361285  0.443226  0.452946  0.445323  0.443173  0.443173  0.443304  0.443319  0.443792  0.444566  0.444781  0.429915  0.424818  0.542404  0.581599  
0.573509  0.537381  0.428996  0.430915  0.444285  0.444428  0.443728  0.443407  0.443438  0.44327  0.442955  0.444509  0.454056  0.449219  0.362296  0.287153  0.362296  0.449219  0.454056  0.444509  0.442955  0.44327  0.443438  0.443407  0.443728  0.444428  0.444285  0.430915  0.428996  0.537381  0.573509  
0.56712  0.533842  0.434008  0.431851  0.443652  0.444369  0.443782  0.443534  0.443562  0.443313  0.442707  0.443549  0.454547  0.454116  0.362062  0.279392  0.362062  0.454116  0.454547  0.443549  0.442707  0.443313  0.443562  0.443534  0.443782  0.444369  0.443652  0.431851  0.434008  0.533842  0.56712  
0.561518  0.530946  0.439228  0.432533  0.44265  0.444147  0.443831  0.443661  0.443689  0.443375  0.442643  0.443001  0.455366  0.458817  0.36142  0.271388  0.36142  0.458817  0.455366  0.443001  0.442643  0.443375  0.443689  0.443661  0.443831  0.444147  0.44265  0.432533  0.439228  0.530946  0.561518  
0.557329  0.529332  0.445341  0.433783  0.441752  0.443911  0.443918  0.44379  0.443774  0.443312  0.442482  0.442554  0.456206  0.462613  0.359382  0.262214  0.359382  0.462613  0.456206  0.442554  0.442482  0.443312  0.443774  0.44379  0.443918  0.443911  0.441752  0.433783  0.445341  0.529332  0.557329  
0.553376  0.527906  0.451495  0.435184  0.440565  0.443244  0.443747  0.443773  0.443735  0.443112  0.442327  0.442572  0.457709  0.465996  0.356384  0.252471  0.356384  0.465996  0.457709  0.442572  0.442327  0.443112  0.443735  0.443773  0.443747  0.443244  0.440565  0.435184  0.451495  0.527906  0.553376  
0.550743  0.527752  0.458777  0.437932  0.439983  0.44258  0.443459  0.443604  0.443502  0.442722  0.442132  0.443029  0.459754  0.468354  0.351606  0.241473  0.351606  0.468354  0.459754  0.443029  0.442132  0.442722  0.443502  0.443604  0.443459  0.44258  0.439983  0.437932  0.458777  0.527752  0.550743  
0.547789  0.527313  0.465884  0.441257  0.43952  0.441446  0.442606  0.442967  0.442907  0.442164  0.4421  0.444325  0.462734  0.469732  0.345123  0.229544  0.345123  0.469732  0.462734  0.444325  0.4421  0.442164  0.442907  0.442967  0.442606  0.441446  0.43952  0.441257  0.465884  0.527313  0.547789  
0.54628  0.528324  0.474457  0.446897  0.440816  0.441026  0.441861  0.442209  0.442168  0.441722  0.442592  0.446786  0.466527  0.469337  0.336133  0.216146  0.336133  0.469337  0.466527  0.446786  0.442592  0.441722  0.442168  0.442209  0.441861  0.441026  0.440816  0.446897  0.474457  0.528324  0.54628  
0.543763  0.528414  0.482368  0.453395  0.443187  0.441039  0.441087  0.441356  0.441546  0.441899  0.44423  0.450941  0.47105  0.466528  0.324319  0.20138  0.324319  0.466528  0.47105  0.450941  0.44423  0.441899  0.441546  0.441356  0.441087  0.441039  0.443187  0.453395  0.482368  0.528414  0.543763  
0.543171  0.530418  0.49216  0.463222  0.449251  0.443981  0.442368  0.442072  0.442435  0.443872  0.447975  0.457215  0.475542  0.459839  0.308725  0.184786  0.308725  0.459839  0.475542  0.457215  0.447975  0.443872  0.442435  0.442072  0.442368  0.443981  0.449251  0.463222  0.49216  0.530418  0.543171  
0.540511  0.530422  0.500157  0.473411  0.457342  0.449415  0.446082  0.445212  0.445973  0.44878  0.454737  0.465562  0.4784  0.447344  0.288556  0.166278  0.288556  0.447344  0.4784  0.465562  0.454737  0.44878  0.445973  0.445212  0.446082  0.449415  0.457342  0.473411  0.500157  0.530422  0.540511  
0.541066  0.533476  0.510709  0.48757  0.470895  0.460841  0.455633  0.453821  0.45464  0.458336  0.465196  0.474635  0.476253  0.425966  0.262521  0.145434  0.262521  0.425966  0.476253  0.474635  0.465196  0.458336  0.45464  0.453821  0.455633  0.460841  0.470895  0.48757  0.510709  0.533476  0.541066  
0.537315  0.532202  0.51686  0.499449  0.485137  0.475329  0.469664  0.467544  0.468478  0.47226  0.477496  0.479601  0.462718  0.391356  0.229273  0.122041  0.229273  0.391356  0.462718  0.479601  0.477496  0.47226  0.468478  0.467544  0.469664  0.475329  0.485137  0.499449  0.51686  0.532202  0.537315  
0.540709  0.537476  0.527779  0.51559  0.504279  0.495599  0.490085  0.487619  0.487341  0.487445  0.483774  0.468503  0.426612  0.337504  0.187189  0.0957605  0.187189  0.337504  0.426612  0.468503  0.483774  0.487445  0.487341  0.487619  0.490085  0.495599  0.504279  0.51559  0.527779  0.537476  0.540709  
0.531674  0.530526  0.527084  0.522553  0.518027  0.513903  0.509743  0.504375  0.495739  0.480885  0.455519  0.41417  0.34983  0.257028  0.13484  0.0664656  0.13484  0.257028  0.34983  0.41417  0.455519  0.480885  0.495739  0.504375  0.509743  0.513903  0.518027  0.522553  0.527084  0.530526  0.531674  
0.554476  0.552076  0.544878  0.533114  0.517028  0.496725  0.472101  0.442888  0.408623  0.368775  0.322693  0.269901  0.21  0.143655  0.0717044  0.0342799  0.0717044  0.143655  0.21  0.269901  0.322693  0.368775  0.408623  0.442888  0.472101  0.496725  0.517028  0.533114  0.544878  0.552076  0.554476  
0  0  0  0  0  0  0  0  0  0  0  0  0  0  0  0  0  0  0  0  0  0  0  0  0  0  0  0  0  0  0  
