1  1  1  1  1  1  1  1  1  1  1  1  1  1  1  1  1  1  1  1  1  1  1  1  1  1  1  1  1  1  1  
-1.38865e+83  -2.27839e+82  3.25458e+83  -4.00043e+83  -9.71508e+84  8.43553e+83  1.11243e+86  4.74994e+85  -6.43372e+86  -4.92847e+86  1.92514e+87  2.04036e+87  -2.14484e+87  -3.12567e+87  -1.2109e+87  -9.21476e+86  -1.2109e+87  -3.12567e+87  -2.14484e+87  2.04036e+87  1.92514e+87  -4.92847e+86  -6.43372e+86  4.74994e+85  1.11243e+86  8.43553e+83  -9.71508e+84  -4.00043e+83  3.25458e+83  -2.27839e+82  -1.38865e+83  
4.313e+85  3.27182e+85  1.48287e+84  -7.19772e+84  2.08083e+83  1.15411e+86  5.80672e+85  -1.22193e+87  -1.04373e+87  6.55838e+87  7.43625e+87  -1.60826e+88  -2.32162e+88  5.12635e+87  1.5567e+88  1.39694e+88  1.5567e+88  5.12635e+87  -2.32162e+88  -1.60826e+88  7.43625e+87  6.55838e+87  -1.04373e+87  -1.22193e+87  5.80672e+85  1.15411e+86  2.08083e+83  -7.19772e+84  1.48287e+84  3.27182e+85  4.313e+85  
5.15328e+85  6.8607e+85  1.1983e+86  2.18754e+85  5.71146e+85  3.47448e+85  -1.21962e+87  -1.1306e+87  1.0996e+88  1.31901e+88  -4.89035e+88  -7.18953e+88  7.59393e+88  1.48016e+89  6.6134e+88  4.52472e+88  6.6134e+88  1.48016e+89  7.59393e+88  -7.18953e+88  -4.89035e+88  1.31901e+88  1.0996e+88  -1.1306e+87  -1.21962e+87  3.47448e+85  5.71146e+85  2.18754e+85  1.1983e+86  6.8607e+85  5.15328e+85  
-6.0507e+87  -4.68214e+87  -5.76478e+86  2.02363e+86  6.93457e+85  -6.81039e+86  -6.78538e+86  1.00872e+88  1.2846e+88  -7.59047e+88  -1.15189e+89  2.5483e+89  4.70117e+89  -9.73283e+88  -4.26514e+89  -4.0742e+89  -4.26514e+89  -9.73283e+88  4.70117e+89  2.5483e+89  -1.15189e+89  -7.59047e+88  1.2846e+88  1.00872e+88  -6.78538e+86  -6.81039e+86  6.93457e+85  2.02363e+86  -5.76478e+86  -4.68214e+87  -6.0507e+87  
1.94682e+87  7.17049e+86  -2.97226e+87  -1.19972e+87  -5.51316e+85  -1.61034e+86  5.23682e+87  7.18378e+87  -6.59105e+88  -1.04554e+89  4.02613e+89  7.44029e+89  -8.37664e+89  -2.02658e+90  -1.01722e+90  -6.27741e+89  -1.01722e+90  -2.02658e+90  -8.37664e+89  7.44029e+89  4.02613e+89  -1.04554e+89  -6.59105e+88  7.18378e+87  5.23682e+87  -1.61034e+86  -5.51316e+85  -1.19972e+87  -2.97226e+87  7.17049e+86  1.94682e+87  
1.48363e+89  1.16163e+89  1.95637e+88  -8.24225e+86  -1.03725e+87  1.58863e+87  2.34155e+87  -3.29164e+88  -5.55008e+88  3.47945e+89  6.60781e+89  -1.61032e+90  -3.61637e+90  8.05965e+89  4.46988e+90  4.5438e+90  4.46988e+90  8.05965e+89  -3.61637e+90  -1.61032e+90  6.60781e+89  3.47945e+89  -5.55008e+88  -3.29164e+88  2.34155e+87  1.58863e+87  -1.03725e+87  -8.24225e+86  1.95637e+88  1.16163e+89  1.48363e+89  
-9.01244e+88  -6.91411e+88  -6.19124e+87  1.24941e+88  2.35424e+86  -9.92895e+84  -9.24864e+87  -1.70474e+88  1.71595e+89  3.42225e+89  -1.49937e+90  -3.36299e+90  4.35738e+90  1.25407e+91  6.97928e+90  3.8896e+90  6.97928e+90  1.25407e+91  4.35738e+90  -3.36299e+90  -1.49937e+90  3.42225e+89  1.71595e+89  -1.70474e+88  -9.24864e+87  -9.92895e+84  2.35424e+86  1.24941e+88  -6.19124e+87  -6.91411e+88  -9.01244e+88  
-1.43446e+90  -1.12929e+90  -2.13776e+89  -8.63178e+87  3.39141e+87  -1.32203e+87  -2.96403e+87  4.75756e+88  1.02454e+89  -7.63049e+89  -1.76892e+90  5.15773e+90  1.37461e+91  -3.87186e+90  -2.37842e+91  -2.56969e+91  -2.37842e+91  -3.87186e+90  1.37461e+91  5.15773e+90  -1.76892e+90  -7.63049e+89  1.02454e+89  4.75756e+88  -2.96403e+87  -1.32203e+87  3.39141e+87  -8.63178e+87  -2.13776e+89  -1.12929e+90  -1.43446e+90  
1.02309e+90  8.70786e+89  4.13871e+89  -1.65958e+88  -1.53687e+87  1.86625e+86  6.89512e+87  1.67648e+88  -2.13987e+89  -5.29174e+89  2.9135e+90  7.81352e+90  -1.26945e+91  -4.21204e+91  -2.57183e+91  -1.28819e+91  -2.57183e+91  -4.21204e+91  -1.26945e+91  7.81352e+90  2.9135e+90  -5.29174e+89  -2.13987e+89  1.67648e+88  6.89512e+87  1.86625e+86  -1.53687e+87  -1.65958e+88  4.13871e+89  8.70786e+89  1.02309e+90  
7.13731e+90  5.61732e+90  1.05737e+90  -9.21797e+87  -2.11359e+86  3.49304e+86  1.35289e+87  -3.10074e+88  -8.55962e+88  8.61076e+89  2.42632e+90  -9.31065e+90  -2.90673e+91  1.19531e+91  7.3405e+91  8.4097e+91  7.3405e+91  1.19531e+91  -2.90673e+91  -9.31065e+90  2.42632e+90  8.61076e+89  -8.55962e+88  -3.10074e+88  1.35289e+87  3.49304e+86  -2.11359e+86  -9.21797e+87  1.05737e+90  5.61732e+90  7.13731e+90  
-5.40423e+90  -4.82291e+90  -3.07895e+90  -2.71191e+89  3.00327e+87  -7.02759e+85  -1.96323e+87  -6.59991e+87  1.28124e+89  3.97818e+89  -3.10946e+90  -9.97127e+90  2.24148e+91  8.40207e+91  5.57494e+91  2.4715e+91  5.57494e+91  8.40207e+91  2.24148e+91  -9.97127e+90  -3.10946e+90  3.97818e+89  1.28124e+89  -6.59991e+87  -1.96323e+87  -7.02759e+85  3.00327e+87  -2.71191e+89  -3.07895e+90  -4.82291e+90  -5.40423e+90  
-2.07421e+91  -1.62299e+91  -2.69358e+90  6.54744e+89  5.234e+88  -5.42258e+86  -1.80646e+86  8.19193e+87  3.05289e+88  -4.94264e+89  -1.72264e+90  9.82257e+90  3.59518e+91  -2.42239e+91  -1.40942e+92  -1.70744e+92  -1.40942e+92  -2.42239e+91  3.59518e+91  9.82257e+90  -1.72264e+90  -4.94264e+89  3.05289e+88  8.19193e+87  -1.80646e+86  -5.42258e+86  5.234e+88  6.54744e+89  -2.69358e+90  -1.62299e+91  -2.07421e+91  
1.59685e+91  1.46844e+91  1.08318e+91  1.47047e+90  -1.35041e+89  -1.13495e+88  2.62106e+86  8.19849e+86  -3.27588e+88  -1.35036e+89  1.78598e+90  6.99364e+90  -2.463e+91  -1.03814e+92  -7.41717e+91  -2.80568e+91  -7.41717e+91  -1.03814e+92  -2.463e+91  6.99364e+90  1.78598e+90  -1.35036e+89  -3.27588e+88  8.19849e+86  2.62106e+86  -1.13495e+88  -1.35041e+89  1.47047e+90  1.08318e+91  1.46844e+91  1.59685e+91  
3.76482e+91  2.91237e+91  3.54994e+90  -3.37693e+90  -4.52479e+89  2.97388e+88  2.66987e+87  -6.13991e+86  -3.59823e+87  1.27517e+89  5.83399e+89  -5.92265e+90  -2.60171e+91  3.20281e+91  1.74394e+92  2.22781e+92  1.74394e+92  3.20281e+91  -2.60171e+91  -5.92265e+90  5.83399e+89  1.27517e+89  -3.59823e+87  -6.13991e+86  2.66987e+87  2.97388e+88  -4.52479e+89  -3.37693e+90  3.54994e+90  2.91237e+91  3.76482e+91  
-2.8667e+91  -2.69693e+91  -2.18761e+91  -3.41971e+90  8.81802e+89  1.24618e+89  -6.89338e+87  -6.65156e+86  2.37223e+87  1.57959e+88  -4.87895e+89  -2.48953e+90  1.65625e+91  8.01017e+91  6.10424e+91  1.79639e+91  6.10424e+91  8.01017e+91  1.65625e+91  -2.48953e+90  -4.87895e+89  1.57959e+88  2.37223e+87  -6.65156e+86  -6.89338e+87  1.24618e+89  8.81802e+89  -3.41971e+90  -2.18761e+91  -2.69693e+91  -2.8667e+91  
-4.41456e+91  -3.35652e+91  -1.82389e+90  8.04084e+90  1.35727e+90  -2.2023e+89  -3.32031e+88  1.63717e+87  2.12708e+86  -9.71444e+87  -7.13912e+88  1.82538e+90  1.03481e+91  -2.71868e+91  -1.4061e+92  -1.88961e+92  -1.4061e+92  -2.71868e+91  1.03481e+91  1.82538e+90  -7.13912e+88  -9.71444e+87  2.12708e+86  1.63717e+87  -3.32031e+88  -2.2023e+89  1.35727e+90  8.04084e+90  -1.82389e+90  -3.35652e+91  -4.41456e+91  
3.2452e+91  3.11426e+91  2.72145e+91  4.44979e+90  -2.35047e+90  -4.30487e+89  5.38944e+88  8.65391e+87  -3.85925e+86  -2.5129e+86  4.1611e+88  3.43355e+89  -6.29936e+90  -3.75819e+91  -3.01831e+91  -4.96195e+90  -3.01831e+91  -3.75819e+91  -6.29936e+90  3.43355e+89  4.1611e+88  -2.5129e+86  -3.85925e+86  8.65391e+87  5.38944e+88  -4.30487e+89  -2.35047e+90  4.44979e+90  2.72145e+91  3.11426e+91  3.2452e+91  
3.3797e+91  2.51028e+91  -9.79858e+89  -1.07357e+91  -2.08959e+90  6.19724e+89  1.23028e+89  -1.28574e+88  -2.1906e+87  8.39296e+85  9.00222e+86  -1.93871e+89  -1.80637e+90  1.4403e+91  7.31346e+91  1.03224e+92  7.31346e+91  1.4403e+91  -1.80637e+90  -1.93871e+89  9.00222e+86  8.39296e+85  -2.1906e+87  -1.28574e+88  1.23028e+89  6.19724e+89  -2.08959e+90  -1.07357e+91  -9.79858e+89  2.51028e+91  3.3797e+91  
-2.33533e+91  -2.28493e+91  -2.13373e+91  -3.50544e+90  3.25364e+90  7.12469e+89  -1.52346e+89  -3.26704e+88  2.93949e+87  5.3461e+86  3.60857e+86  -5.74123e+87  1.0221e+90  9.85524e+90  8.14879e+90  -8.32437e+89  8.14879e+90  9.85524e+90  1.0221e+90  -5.74123e+87  3.60857e+86  5.3461e+86  2.93949e+87  -3.26704e+88  -1.52346e+89  7.12469e+89  3.25364e+90  -3.50544e+90  -2.13373e+91  -2.28493e+91  -2.33533e+91  
-1.67253e+91  -1.20605e+91  1.93407e+90  8.49511e+90  1.85167e+90  -8.52545e+89  -2.06676e+89  3.49405e+88  8.07103e+87  -7.24434e+86  1.05853e+86  1.36643e+87  -5.97644e+87  -4.52552e+90  -2.37239e+91  -3.51498e+91  -2.37239e+91  -4.52552e+90  -5.97644e+87  1.36643e+87  1.05853e+86  -7.24434e+86  8.07103e+87  3.49405e+88  -2.06676e+89  -8.52545e+89  1.85167e+90  8.49511e+90  1.93407e+90  -1.20605e+91  -1.67253e+91  
1.0498e+91  1.04863e+91  1.04513e+91  1.71829e+90  -2.51312e+90  -6.40885e+89  1.9961e+89  5.31827e+88  -7.33371e+87  -1.81882e+87  -1.31297e+87  3.58379e+87  6.81465e+88  -1.10426e+90  -8.45175e+89  9.74623e+89  -8.45175e+89  -1.10426e+90  6.81465e+88  3.58379e+87  -1.31297e+87  -1.81882e+87  -7.33371e+87  5.31827e+88  1.9961e+89  -6.40885e+89  -2.51312e+90  1.71829e+90  1.04513e+91  1.04863e+91  1.0498e+91  
5.17378e+90  3.60144e+90  -1.11556e+90  -3.97505e+90  -9.71617e+89  6.17698e+89  1.7855e+89  -4.17275e+88  -1.21953e+88  1.65299e+87  5.12786e+86  -1.13159e+88  1.56706e+88  7.67657e+89  4.48631e+90  6.98606e+90  4.48631e+90  7.67657e+89  1.56706e+88  -1.13159e+88  5.12786e+86  1.65299e+87  -1.21953e+88  -4.17275e+88  1.7855e+89  6.17698e+89  -9.71617e+89  -3.97505e+90  -1.11556e+90  3.60144e+90  5.17378e+90  
-2.81043e+90  -2.87503e+90  -3.06881e+90  -5.22511e+89  1.08017e+90  3.20993e+89  -1.29781e+89  -4.20594e+88  7.59295e+87  2.35343e+87  1.0457e+87  1.18256e+87  -4.08158e+88  -2.90915e+88  -6.64731e+88  -2.50534e+89  -6.64731e+88  -2.90915e+88  -4.08158e+88  1.18256e+87  1.0457e+87  2.35343e+87  7.59295e+87  -4.20594e+88  -1.29781e+89  3.20993e+89  1.08017e+90  -5.22511e+89  -3.06881e+90  -2.87503e+90  -2.81043e+90  
-9.34811e+89  -6.25771e+89  3.01348e+89  1.04621e+90  2.93351e+89  -2.32992e+89  -8.04746e+88  2.31478e+88  8.4136e+87  -1.27779e+87  -7.28214e+86  2.99581e+87  5.4936e+87  -5.8281e+88  -4.3531e+89  -7.15306e+89  -4.3531e+89  -5.8281e+88  5.4936e+87  2.99581e+87  -7.28214e+86  -1.27779e+87  8.4136e+87  2.31478e+88  -8.04746e+88  -2.32992e+89  2.93351e+89  1.04621e+90  3.01348e+89  -6.25771e+89  -9.34811e+89  
4.07551e+89  4.29284e+89  4.94484e+89  9.40467e+88  -2.41879e+89  -8.53851e+88  4.07131e+88  1.61612e+88  -3.39555e+87  -1.3573e+87  -3.30955e+85  -5.78019e+86  3.35457e+87  1.29597e+88  1.73694e+88  2.43959e+88  1.73694e+88  1.29597e+88  3.35457e+87  -5.78019e+86  -3.30955e+85  -1.3573e+87  -3.39555e+87  1.61612e+88  4.07131e+88  -8.53851e+88  -2.41879e+89  9.40467e+88  4.94484e+89  4.29284e+89  4.07551e+89  
8.65969e+88  5.5778e+88  -3.66786e+88  -1.37764e+89  -4.61542e+88  4.17601e+88  1.76447e+88  -5.66722e+87  -2.60622e+87  3.97821e+86  2.30605e+86  -1.56375e+86  -7.32809e+86  1.23029e+87  1.65775e+88  2.90195e+88  1.65775e+88  1.23029e+87  -7.32809e+86  -1.56375e+86  2.30605e+86  3.97821e+86  -2.60622e+87  -5.66722e+87  1.76447e+88  4.17601e+88  -4.61542e+88  -1.37764e+89  -3.66786e+88  5.5778e+88  8.65969e+88  
-2.6474e+88  -2.89812e+88  -3.65028e+88  -8.65293e+87  2.4045e+88  1.04991e+88  -5.42601e+87  -2.74383e+87  6.04055e+86  3.29872e+86  -3.0155e+85  1.16778e+85  -4.34327e+85  -4.40386e+86  -6.19834e+86  -6.64411e+86  -6.19834e+86  -4.40386e+86  -4.34327e+85  1.16778e+85  -3.0155e+85  3.29872e+86  6.04055e+86  -2.74383e+87  -5.42601e+87  1.04991e+88  2.4045e+88  -8.65293e+87  -3.65028e+88  -2.89812e+88  -2.6474e+88  
-3.10832e+87  -1.94475e+87  1.54598e+87  7.00107e+87  2.99529e+87  -2.84437e+87  -1.5644e+87  5.16099e+86  3.25198e+86  -4.67238e+85  -3.34524e+85  2.14566e+84  9.66391e+84  1.38605e+84  -1.09273e+86  -2.09672e+86  -1.09273e+86  1.38605e+84  9.66391e+84  2.14566e+84  -3.34524e+85  -4.67238e+85  3.25198e+86  5.16099e+86  -1.5644e+87  -2.84437e+87  2.99529e+87  7.00107e+87  1.54598e+87  -1.94475e+87  -3.10832e+87  
4.80563e+86  5.58781e+86  7.93433e+86  2.7122e+86  -7.19763e+86  -4.30543e+86  2.26666e+86  1.67379e+86  -3.50958e+85  -3.17048e+85  2.44875e+84  3.01028e+84  -3.70616e+82  -9.53344e+82  2.00806e+83  2.71322e+83  2.00806e+83  -9.53344e+82  -3.70616e+82  3.01028e+84  2.44875e+84  -3.17048e+85  -3.50958e+85  1.67379e+86  2.26666e+86  -4.30543e+86  -7.19763e+86  2.7122e+86  7.93433e+86  5.58781e+86  4.80563e+86  
0  0  0  0  0  0  0  0  0  0  0  0  0  0  0  0  0  0  0  0  0  0  0  0  0  0  0  0  0  0  0  
