1  1  1  1  1  1  1  1  1  1  1  1  1  1  1  1  1  1  1  1  1  1  1  1  1  1  1  1  1  1  1  
-7.78393e+206  -1.56483e+206  1.70925e+207  1.91702e+208  -3.49648e+208  -3.48776e+209  2.19396e+209  2.92446e+210  -4.02978e+208  -1.29936e+211  -5.27974e+210  2.8426e+211  2.18567e+211  -1.42627e+211  -1.86622e+211  -1.63731e+211  -1.86622e+211  -1.42627e+211  2.18567e+211  2.8426e+211  -5.27974e+210  -1.29936e+211  -4.02978e+208  2.92446e+210  2.19396e+209  -3.48776e+209  -3.49648e+208  1.91702e+208  1.70925e+207  -1.56483e+206  -7.78393e+206  
-1.85323e+208  -1.02428e+208  1.46256e+208  -1.41438e+208  -2.57368e+209  2.35265e+209  4.11915e+210  -5.34274e+209  -3.24061e+211  -1.13927e+211  1.2999e+212  9.45769e+211  -2.05587e+212  -2.30927e+212  -7.01843e+211  -3.7548e+211  -7.01843e+211  -2.30927e+212  -2.05587e+212  9.45769e+211  1.2999e+212  -1.13927e+211  -3.24061e+211  -5.34274e+209  4.11915e+210  2.35265e+209  -2.57368e+209  -1.41438e+208  1.46256e+208  -1.02428e+208  -1.85323e+208  
-8.02933e+209  -6.33408e+209  -1.24833e+209  -8.23361e+208  1.55993e+209  3.11954e+210  -9.63145e+209  -4.13975e+211  -1.08692e+211  2.79274e+212  1.86734e+212  -8.85991e+212  -9.22149e+212  6.01335e+212  1.04488e+213  9.58167e+212  1.04488e+213  6.01335e+212  -9.22149e+212  -8.85991e+212  1.86734e+212  2.79274e+212  -1.08692e+211  -4.13975e+211  -9.63145e+209  3.11954e+210  1.55993e+209  -8.23361e+208  -1.24833e+209  -6.33408e+209  -8.02933e+209  
3.27916e+210  2.31688e+210  -5.69939e+209  -2.84564e+209  1.30176e+210  -7.06845e+209  -2.91914e+211  -4.03689e+210  3.23753e+212  1.91929e+212  -1.80065e+213  -1.7477e+213  3.85751e+213  5.43351e+213  1.81652e+213  6.9793e+212  1.81652e+213  5.43351e+213  3.85751e+213  -1.7477e+213  -1.80065e+213  1.91929e+212  3.23753e+212  -4.03689e+210  -2.91914e+211  -7.06845e+209  1.30176e+210  -2.84564e+209  -5.69939e+209  2.31688e+210  3.27916e+210  
3.67733e+211  2.90883e+211  6.03303e+210  3.08668e+209  -6.72173e+209  -1.1534e+211  4.43266e+209  2.13938e+212  1.05819e+212  -1.99386e+213  -1.78803e+213  8.61721e+213  1.11321e+214  -7.7846e+213  -1.66822e+214  -1.60485e+214  -1.66822e+214  -7.7846e+213  1.11321e+214  8.61721e+213  -1.78803e+213  -1.99386e+213  1.05819e+212  2.13938e+212  4.43266e+209  -1.1534e+211  -6.72173e+209  3.08668e+209  6.03303e+210  2.90883e+211  3.67733e+211  
-1.00377e+212  -7.64024e+211  -4.47944e+210  5.45101e+210  -2.16175e+210  4.74273e+209  8.08693e+211  2.92994e+211  -1.26862e+213  -1.02812e+213  9.80955e+213  1.18197e+214  -2.87289e+214  -4.85828e+214  -1.75087e+214  -3.97157e+213  -1.75087e+214  -4.85828e+214  -2.87289e+214  1.18197e+214  9.80955e+213  -1.02812e+213  -1.26862e+213  2.92994e+211  8.08693e+211  4.74273e+209  -2.16175e+210  5.45101e+210  -4.47944e+210  -7.64024e+211  -1.00377e+212  
-5.0552e+212  -3.98103e+212  -7.58522e+211  -8.43134e+210  2.66481e+210  1.69003e+211  2.76167e+210  -4.64559e+212  -3.25401e+212  6.26561e+213  7.01197e+213  -3.82225e+214  -5.91555e+214  4.8136e+214  1.20628e+215  1.22266e+215  1.20628e+215  4.8136e+214  -5.91555e+214  -3.82225e+214  7.01197e+213  6.26561e+213  -3.25401e+212  -4.64559e+212  2.76167e+210  1.69003e+211  2.66481e+210  -8.43134e+210  -7.58522e+211  -3.98103e+212  -5.0552e+212  
1.15874e+213  9.23849e+212  2.19164e+212  -1.98762e+211  -9.99807e+209  3.38193e+209  -9.34361e+211  -5.10449e+211  2.27925e+213  2.32355e+213  -2.61233e+214  -3.77924e+214  1.09944e+215  2.17445e+215  8.27226e+214  3.72611e+213  8.27226e+214  2.17445e+215  1.09944e+215  -3.77924e+214  -2.61233e+214  2.32355e+213  2.27925e+213  -5.10449e+211  -9.34361e+211  3.38193e+209  -9.99807e+209  -1.98762e+211  2.19164e+212  9.23849e+212  1.15874e+213  
3.20639e+213  2.49013e+213  3.41362e+212  2.78744e+211  -2.03048e+210  -9.56467e+210  -2.65187e+210  4.53144e+212  4.01461e+212  -9.80254e+213  -1.32057e+214  9.06609e+214  1.64897e+215  -1.70208e+215  -4.77365e+215  -5.11194e+215  -4.77365e+215  -1.70208e+215  1.64897e+215  9.06609e+214  -1.32057e+214  -9.80254e+213  4.01461e+212  4.53144e+212  -2.65187e+210  -9.56467e+210  -2.03048e+210  2.78744e+211  3.41362e+212  2.49013e+213  3.20639e+213  
-6.69931e+213  -5.51631e+213  -1.9673e+213  -5.37077e+211  7.27371e+209  -5.77834e+208  4.39041e+211  2.9565e+211  -1.97268e+213  -2.41575e+213  3.72678e+214  6.36111e+214  -2.43256e+215  -5.5332e+215  -2.15971e+215  4.1672e+214  -2.15971e+215  -5.5332e+215  -2.43256e+215  6.36111e+214  3.72678e+214  -2.41575e+213  -1.97268e+213  2.9565e+211  4.39041e+211  -5.77834e+208  7.27371e+209  -5.37077e+211  -1.9673e+213  -5.51631e+213  -6.69931e+213  
-1.12041e+214  -8.48135e+213  -3.13023e+212  3.36647e+212  5.88924e+210  1.70101e+210  3.36895e+209  -1.91406e+212  -1.9824e+212  7.87049e+213  1.24995e+214  -1.23077e+215  -2.60817e+215  3.74754e+215  1.13812e+216  1.28979e+216  1.13812e+216  3.74754e+215  -2.60817e+215  -1.23077e+215  1.24995e+214  7.87049e+213  -1.9824e+212  -1.91406e+212  3.36895e+209  1.70101e+210  5.88924e+210  3.36647e+212  -3.13023e+212  -8.48135e+213  -1.12041e+214  
2.22236e+214  1.87422e+214  8.29806e+213  4.38476e+212  -6.14063e+211  -1.1334e+210  -6.86777e+210  -4.34108e+210  7.82594e+212  1.10814e+213  -2.89406e+214  -5.78915e+214  3.27848e+215  8.51801e+215  3.25887e+215  -1.81955e+215  3.25887e+215  8.51801e+215  3.27848e+215  -5.78915e+214  -2.89406e+214  1.10814e+213  7.82594e+212  -4.34108e+210  -6.86777e+210  -1.1334e+210  -6.14063e+211  4.38476e+212  8.29806e+213  1.87422e+214  2.22236e+214  
2.35911e+214  1.71335e+214  -2.23911e+213  -2.64204e+213  -1.2869e+212  1.27822e+211  3.03511e+209  2.83234e+211  2.97701e+211  -3.05565e+213  -5.63597e+213  9.64232e+214  2.3884e+215  -5.33324e+215  -1.71961e+216  -2.06463e+216  -1.71961e+216  -5.33324e+215  2.3884e+215  9.64232e+214  -5.63597e+213  -3.05565e+213  2.97701e+211  2.83234e+211  3.03511e+209  1.27822e+211  -1.2869e+212  -2.64204e+213  -2.23911e+213  1.71335e+214  2.35911e+214  
-4.54655e+214  -3.90718e+214  -1.98906e+214  -8.1169e+212  6.82599e+212  3.39404e+211  -2.7869e+210  -1.79977e+209  -1.14061e+212  -1.72857e+212  1.14812e+214  2.70187e+214  -2.71198e+215  -8.10883e+215  -2.77501e+215  3.52149e+215  -2.77501e+215  -8.10883e+215  -2.71198e+215  2.70187e+214  1.14812e+214  -1.72857e+212  -1.14061e+212  -1.79977e+209  -2.7869e+210  3.39404e+211  6.82599e+212  -8.1169e+212  -1.98906e+214  -3.90718e+214  -4.54655e+214  
-3.13492e+214  -2.13391e+214  8.69095e+213  8.04416e+213  4.61332e+212  -1.71202e+212  -8.86388e+210  9.46596e+208  1.49632e+209  4.57519e+212  9.49151e+212  -4.11097e+214  -1.2168e+215  4.9443e+215  1.68375e+216  2.14411e+216  1.68375e+216  4.9443e+215  -1.2168e+215  -4.11097e+214  9.49151e+212  4.57519e+212  1.49632e+209  9.46596e+208  -8.86388e+210  -1.71202e+212  4.61332e+212  8.04416e+213  8.69095e+213  -2.13391e+214  -3.13492e+214  
5.95017e+214  5.19508e+214  2.92982e+214  1.54535e+212  -2.4682e+213  -1.61311e+212  4.28416e+211  2.30884e+210  2.31165e+210  1.08943e+210  -1.86066e+213  -5.20958e+213  1.32148e+215  4.70618e+215  1.09827e+215  -3.88033e+215  1.09827e+215  4.70618e+215  1.32148e+215  -5.20958e+213  -1.86066e+213  1.08943e+210  2.31165e+210  2.30884e+210  4.28416e+211  -1.61311e+212  -2.4682e+213  1.54535e+212  2.92982e+214  5.19508e+214  5.95017e+214  
2.6802e+214  1.64668e+214  -1.45389e+214  -1.3309e+214  -6.95642e+212  6.82005e+212  4.88434e+211  -1.06357e+211  -5.89685e+209  -1.04407e+211  -1.36179e+211  7.77898e+213  2.9261e+214  -2.93977e+215  -1.06877e+216  -1.4457e+216  -1.06877e+216  -2.93977e+215  2.9261e+214  7.77898e+213  -1.36179e+211  -1.04407e+211  -5.89685e+209  -1.06357e+211  4.88434e+211  6.82005e+212  -6.95642e+212  -1.3309e+214  -1.45389e+214  1.64668e+214  2.6802e+214  
-5.04092e+214  -4.46545e+214  -2.73905e+214  1.29092e+213  4.40669e+213  3.17606e+212  -1.77547e+212  -1.36991e+211  2.58322e+210  1.38202e+209  4.57791e+211  1.28137e+212  -3.28228e+214  -1.55602e+215  8.69909e+213  2.57567e+215  8.69909e+213  -1.55602e+215  -3.28228e+214  1.28137e+212  4.57791e+211  1.38202e+209  2.58322e+210  -1.36991e+211  -1.77547e+212  3.17606e+212  4.40669e+213  1.29092e+213  -2.73905e+214  -4.46545e+214  -5.04092e+214  
-1.47173e+214  -7.63146e+213  1.3626e+214  1.30644e+214  5.16717e+212  -1.25382e+213  -1.07015e+212  4.38185e+211  3.59569e+210  -2.05992e+209  -1.00998e+209  -2.50531e+212  -1.19229e+213  1.07564e+215  4.30448e+215  6.2002e+215  4.30448e+215  1.07564e+215  -1.19229e+213  -2.50531e+212  -1.00998e+209  -2.05992e+209  3.59569e+210  4.38185e+211  -1.07015e+212  -1.25382e+213  5.16717e+212  1.30644e+214  1.3626e+214  -7.63146e+213  -1.47173e+214  
2.73729e+214  2.46043e+214  1.62987e+214  -1.80545e+213  -4.37544e+213  -3.28419e+212  3.21813e+212  3.09815e+211  -1.02502e+211  -1.04822e+210  6.52653e+210  -2.44149e+211  1.72386e+213  2.34034e+214  -2.64144e+214  -1.02494e+215  -2.64144e+214  2.34034e+214  1.72386e+213  -2.44149e+211  6.52653e+210  -1.04822e+210  -1.02502e+211  3.09815e+211  3.21813e+212  -3.28419e+212  -4.37544e+213  -1.80545e+213  1.62987e+214  2.46043e+214  2.73729e+214  
5.077e+213  1.93169e+213  -7.50425e+213  -7.74389e+213  -1.91198e+212  1.21045e+213  1.1844e+212  -7.51148e+211  -7.8657e+210  1.80598e+209  -1.78595e+210  9.86297e+211  -2.80187e+212  -2.23457e+214  -1.04724e+215  -1.61277e+215  -1.04724e+215  -2.23457e+214  -2.80187e+212  9.86297e+211  -1.78595e+210  1.80598e+209  -7.8657e+210  -7.51148e+211  1.1844e+212  1.21045e+213  -1.91198e+212  -7.74389e+213  -7.50425e+213  1.93169e+213  5.077e+213  
-9.20422e+213  -8.40859e+213  -6.02172e+213  1.07523e+213  2.47681e+213  1.96341e+212  -2.89981e+212  -3.36986e+211  1.61099e+211  3.05742e+210  -1.72544e+211  -2.25097e+211  8.06231e+212  3.42726e+212  9.92672e+213  2.32317e+214  9.92672e+213  3.42726e+212  8.06231e+212  -2.25097e+211  -1.72544e+211  3.05742e+210  1.61099e+211  -3.36986e+211  -2.89981e+212  1.96341e+212  2.47681e+213  1.07523e+213  -6.02172e+213  -8.40859e+213  -9.20422e+213  
-1.04959e+213  -1.92933e+212  2.37704e+213  2.69658e+213  3.69116e+211  -6.27812e+212  -7.15252e+211  6.04578e+211  7.77143e+210  -1.05304e+210  6.31779e+210  -6.67397e+211  -1.38626e+212  2.24294e+213  1.40216e+214  2.32405e+214  1.40216e+214  2.24294e+213  -1.38626e+212  -6.67397e+211  6.31779e+210  -1.05304e+210  7.77143e+210  6.04578e+211  -7.15252e+211  -6.27812e+212  3.69116e+211  2.69658e+213  2.37704e+213  -1.92933e+212  -1.04959e+213  
1.78744e+213  1.6655e+213  1.29968e+213  -3.12589e+212  -7.71738e+212  -6.96268e+211  1.31655e+212  1.86904e+211  -1.09367e+211  -2.52869e+210  5.37278e+210  1.96377e+211  -1.23396e+212  -4.5761e+212  -1.49583e+213  -2.67143e+213  -1.49583e+213  -4.5761e+212  -1.23396e+212  1.96377e+211  5.37278e+210  -2.52869e+210  -1.09367e+211  1.86904e+211  1.31655e+212  -6.96268e+211  -7.71738e+212  -3.12589e+212  1.29968e+213  1.6655e+213  1.78744e+213  
1.19262e+212  -1.0365e+211  -3.99245e+212  -5.09583e+212  -7.04554e+210  1.66365e+212  2.31865e+211  -2.28301e+211  -3.74219e+210  1.35925e+210  -1.61932e+210  6.40307e+210  3.29466e+211  -7.12003e+211  -8.61352e+212  -1.55401e+213  -8.61352e+212  -7.12003e+211  3.29466e+211  6.40307e+210  -1.61932e+210  1.35925e+210  -3.74219e+210  -2.28301e+211  2.31865e+211  1.66365e+212  -7.04554e+210  -5.09583e+212  -3.99245e+212  -1.0365e+211  1.19262e+212  
-1.7544e+212  -1.6779e+212  -1.44838e+212  4.09699e+211  1.19116e+212  1.37152e+211  -2.80043e+211  -5.05259e+210  3.20664e+210  7.27966e+209  -3.90598e+209  -2.11894e+210  3.34776e+210  3.15823e+211  7.98985e+211  1.20665e+212  7.98985e+211  3.15823e+211  3.34776e+210  -2.11894e+210  -3.90598e+209  7.27966e+209  3.20664e+210  -5.05259e+210  -2.80043e+211  1.37152e+211  1.19116e+212  4.09699e+211  -1.44838e+212  -1.6779e+212  -1.7544e+212  
-6.30153e+210  2.69585e+210  2.9688e+211  4.40528e+211  1.55087e+210  -1.95192e+211  -3.58601e+210  3.6574e+210  8.07081e+209  -3.51207e+209  -1.85038e+207  -3.87185e+208  -1.18503e+210  -4.27099e+209  1.57345e+211  3.15819e+211  1.57345e+211  -4.27099e+209  -1.18503e+210  -3.87185e+208  -1.85038e+207  -3.51207e+209  8.07081e+209  3.6574e+210  -3.58601e+210  -1.95192e+211  1.55087e+210  4.40528e+211  2.9688e+211  2.69585e+210  -6.30153e+210  
6.54071e+210  6.49864e+210  6.3724e+210  -1.82655e+210  -7.16079e+210  -1.20201e+210  2.30273e+210  5.72947e+209  -3.64082e+209  -9.91524e+208  2.89129e+208  2.72459e+208  8.52135e+207  -2.72757e+209  -7.02882e+209  -9.69536e+209  -7.02882e+209  -2.72757e+209  8.52135e+207  2.72459e+208  2.89129e+208  -9.91524e+208  -3.64082e+209  5.72947e+209  2.30273e+210  -1.20201e+210  -7.16079e+210  -1.82655e+210  6.3724e+210  6.49864e+210  6.54071e+210  
1.03339e+209  -7.80581e+208  -6.2225e+209  -1.1505e+210  -1.1534e+209  7.21981e+209  2.01408e+209  -1.9814e+209  -6.73991e+208  2.87623e+208  1.0526e+208  -1.98917e+207  -1.22754e+207  2.1168e+206  -3.00763e+207  -9.32241e+207  -3.00763e+207  2.1168e+206  -1.22754e+207  -1.98917e+207  1.0526e+208  2.87623e+208  -6.73991e+208  -1.9814e+209  2.01408e+209  7.21981e+209  -1.1534e+209  -1.1505e+210  -6.2225e+209  -7.80581e+208  1.03339e+209  
0  0  0  0  0  0  0  0  0  0  0  0  0  0  0  0  0  0  0  0  0  0  0  0  0  0  0  0  0  0  0  
