1  1  1  1  1  1  1  1  1  1  1  1  1  1  1  1  1  1  1  1  1  1  1  1  1  1  1  1  1  1  1  
0.942076  0.912636  0.824316  0.743277  0.669989  0.605435  0.549049  0.500287  0.458323  0.422509  0.392257  0.367224  0.347259  0.332498  0.323297  0.320139  0.323297  0.332498  0.347259  0.367224  0.392257  0.422509  0.458323  0.500287  0.549049  0.605435  0.669989  0.743277  0.824316  0.912636  0.942076  
0.885708  0.835709  0.685712  0.572448  0.493756  0.443258  0.412254  0.394145  0.383637  0.377144  0.372087  0.366974  0.36115  0.35499  0.34985  0.347741  0.34985  0.35499  0.36115  0.366974  0.372087  0.377144  0.383637  0.394145  0.412254  0.443258  0.493756  0.572448  0.685712  0.835709  0.885708  
0.833339  0.771844  0.587359  0.478666  0.427328  0.40859  0.403954  0.404036  0.403738  0.400913  0.394464  0.384167  0.370433  0.355018  0.341704  0.336128  0.341704  0.355018  0.370433  0.384167  0.394464  0.400913  0.403738  0.404036  0.403954  0.40859  0.427328  0.478666  0.587359  0.771844  0.833339  
0.78658  0.72032  0.521538  0.434439  0.413388  0.415549  0.42149  0.425859  0.426936  0.424564  0.418146  0.406947  0.390269  0.369131  0.34873  0.339582  0.34873  0.369131  0.390269  0.406947  0.418146  0.424564  0.426936  0.425859  0.42149  0.415549  0.413388  0.434439  0.521538  0.72032  0.78658  
0.746024  0.679318  0.479201  0.417606  0.418783  0.429556  0.437273  0.441438  0.442299  0.440228  0.434361  0.423098  0.404224  0.377119  0.347898  0.333928  0.347898  0.377119  0.404224  0.423098  0.434361  0.440228  0.442299  0.441438  0.437273  0.429556  0.418783  0.417606  0.479201  0.679318  0.746024  
0.711455  0.646842  0.453002  0.414554  0.429104  0.441401  0.448066  0.451236  0.452018  0.450942  0.447114  0.4383  0.42053  0.390185  0.352588  0.333259  0.352588  0.390185  0.42053  0.4383  0.447114  0.450942  0.452018  0.451236  0.448066  0.441401  0.429104  0.414554  0.453002  0.646842  0.711455  
0.6824  0.621207  0.437626  0.41757  0.438635  0.449074  0.453754  0.455466  0.455805  0.455255  0.453136  0.447081  0.431772  0.399801  0.353745  0.328313  0.353745  0.399801  0.431772  0.447081  0.453136  0.455255  0.455805  0.455466  0.453754  0.449074  0.438635  0.41757  0.437626  0.621207  0.6824  
0.658073  0.600891  0.429346  0.422623  0.445836  0.453456  0.456357  0.456982  0.457168  0.457172  0.456705  0.45382  0.442574  0.411339  0.357595  0.325649  0.357595  0.411339  0.442574  0.45382  0.456705  0.457172  0.457168  0.456982  0.456357  0.453456  0.445836  0.422623  0.429346  0.600891  0.658073  
0.637917  0.584881  0.425774  0.427782  0.450664  0.455574  0.457055  0.456882  0.456832  0.456863  0.457097  0.456474  0.449423  0.420325  0.359335  0.320413  0.359335  0.420325  0.449423  0.456474  0.457097  0.456863  0.456832  0.456882  0.457055  0.455574  0.450664  0.427782  0.425774  0.584881  0.637917  
0.621107  0.572123  0.425171  0.432168  0.453606  0.456466  0.457078  0.456635  0.456586  0.456622  0.457146  0.45816  0.455413  0.429922  0.362459  0.316309  0.362459  0.429922  0.455413  0.45816  0.457146  0.456622  0.456586  0.456635  0.457078  0.456466  0.453606  0.432168  0.425171  0.572123  0.621107  
0.607315  0.562149  0.426651  0.435631  0.455234  0.45677  0.456904  0.456437  0.45634  0.456135  0.456326  0.457911  0.458765  0.437546  0.36405  0.310411  0.36405  0.437546  0.458765  0.457911  0.456326  0.456135  0.45634  0.456437  0.456904  0.45677  0.455234  0.435631  0.426651  0.562149  0.607315  
0.595756  0.554149  0.429329  0.438074  0.455919  0.456853  0.456817  0.456526  0.456498  0.456176  0.455987  0.457622  0.461586  0.445247  0.36626  0.305021  0.36626  0.445247  0.461586  0.457622  0.455987  0.456176  0.456498  0.456526  0.456817  0.456853  0.455919  0.438074  0.429329  0.554149  0.595756  
0.586403  0.548073  0.433083  0.439859  0.456058  0.456903  0.45683  0.456715  0.456699  0.45621  0.455502  0.456604  0.46289  0.45146  0.367188  0.298245  0.367188  0.45146  0.46289  0.456604  0.455502  0.45621  0.456699  0.456715  0.45683  0.456903  0.456058  0.439859  0.433083  0.548073  0.586403  
0.578465  0.543175  0.437304  0.44094  0.455669  0.456883  0.456897  0.456938  0.456969  0.456438  0.455405  0.455893  0.464094  0.457549  0.368173  0.291543  0.368173  0.457549  0.464094  0.455893  0.455405  0.456438  0.456969  0.456938  0.456897  0.456883  0.455669  0.44094  0.437304  0.543175  0.578465  
0.572211  0.539737  0.442314  0.441901  0.455074  0.456864  0.456995  0.45711  0.457139  0.456526  0.4552  0.454967  0.464619  0.462501  0.367889  0.283622  0.367889  0.462501  0.464619  0.454967  0.4552  0.456526  0.457139  0.45711  0.456995  0.456864  0.455074  0.441901  0.442314  0.539737  0.572211  
0.566713  0.536906  0.447485  0.442546  0.454036  0.456599  0.457  0.457192  0.457221  0.456544  0.455096  0.454379  0.465411  0.467209  0.36718  0.275454  0.36718  0.467209  0.465411  0.454379  0.455096  0.456544  0.457221  0.457192  0.457  0.456599  0.454036  0.442546  0.447485  0.536906  0.566713  
0.562632  0.535354  0.453521  0.443704  0.453033  0.456242  0.456956  0.457186  0.45717  0.456351  0.454816  0.453823  0.466169  0.470975  0.365058  0.266115  0.365058  0.470975  0.466169  0.453823  0.454816  0.456351  0.45717  0.457186  0.456956  0.456242  0.453033  0.443704  0.453521  0.535354  0.562632  
0.558777  0.533971  0.459554  0.444945  0.451664  0.45537  0.456567  0.456942  0.456907  0.455933  0.45446  0.453661  0.467532  0.474279  0.36194  0.256184  0.36194  0.474279  0.467532  0.453661  0.45446  0.455933  0.456907  0.456942  0.456567  0.45537  0.451664  0.444945  0.459554  0.533971  0.558777  
0.55623  0.533844  0.466683  0.44748  0.450836  0.454426  0.455976  0.45646  0.45636  0.45524  0.453984  0.453869  0.469385  0.476512  0.357014  0.244987  0.357014  0.476512  0.469385  0.453869  0.453984  0.45524  0.45636  0.45646  0.455976  0.454426  0.450836  0.44748  0.466683  0.533844  0.55623  
0.553341  0.533406  0.473601  0.45053  0.450048  0.452928  0.454734  0.45542  0.455362  0.454294  0.453592  0.45485  0.472122  0.477716  0.350351  0.232848  0.350351  0.477716  0.472122  0.45485  0.453592  0.454294  0.455362  0.45542  0.454734  0.452928  0.450048  0.45053  0.473601  0.533406  0.553341  
0.551909  0.534426  0.481977  0.455853  0.450959  0.452073  0.453518  0.454175  0.454135  0.453381  0.453646  0.456932  0.475626  0.477097  0.341145  0.219227  0.341145  0.477097  0.475626  0.456932  0.453646  0.453381  0.454135  0.454175  0.453518  0.452073  0.450959  0.455853  0.481977  0.534426  0.551909  
0.549448  0.5345  0.489657  0.461975  0.452868  0.451566  0.452187  0.452746  0.452938  0.453004  0.454773  0.460651  0.479813  0.474007  0.329072  0.204219  0.329072  0.474007  0.479813  0.460651  0.454773  0.453004  0.452938  0.452746  0.452187  0.451566  0.452868  0.461975  0.489657  0.5345  0.549448  
0.548926  0.536501  0.499228  0.471407  0.458425  0.453925  0.452837  0.452806  0.453171  0.454346  0.457938  0.466441  0.483926  0.466972  0.313171  0.187365  0.313171  0.466972  0.483926  0.466441  0.457938  0.454346  0.453171  0.452806  0.452837  0.453925  0.458425  0.471407  0.499228  0.536501  0.548926  
0.546304  0.536473  0.506979  0.481159  0.465943  0.458699  0.455835  0.455206  0.455971  0.458551  0.464063  0.474263  0.486351  0.45405  0.292638  0.168575  0.292638  0.45405  0.486351  0.474263  0.464063  0.458551  0.455971  0.455206  0.455835  0.458699  0.465943  0.481159  0.506979  0.536473  0.546304  
0.546935  0.539535  0.517333  0.49491  0.478923  0.469436  0.464624  0.463018  0.463845  0.467355  0.473851  0.482778  0.483699  0.432138  0.266172  0.147425  0.266172  0.432138  0.483699  0.482778  0.473851  0.467355  0.463845  0.463018  0.464624  0.469436  0.478923  0.49491  0.517333  0.539535  0.546935  
0.543202  0.538217  0.52326  0.506361  0.492566  0.483198  0.477851  0.475903  0.476854  0.480504  0.485462  0.487131  0.469536  0.396847  0.23241  0.123696  0.23241  0.396847  0.469536  0.487131  0.485462  0.480504  0.476854  0.475903  0.477851  0.483198  0.492566  0.506361  0.52326  0.538217  0.543202  
0.546704  0.543546  0.534072  0.522193  0.511209  0.50282  0.497527  0.495188  0.49493  0.494932  0.491007  0.475273  0.432573  0.342105  0.189713  0.0970497  0.189713  0.342105  0.432573  0.475273  0.491007  0.494932  0.49493  0.495188  0.497527  0.50282  0.511209  0.522193  0.534072  0.543546  0.546704  
0.537617  0.536511  0.533193  0.528842  0.524515  0.520572  0.516544  0.511228  0.502534  0.487481  0.461733  0.419769  0.354517  0.260453  0.136637  0.0673548  0.136637  0.260453  0.354517  0.419769  0.461733  0.487481  0.502534  0.511228  0.516544  0.520572  0.524515  0.528842  0.533193  0.536511  0.537617  
0.560797  0.558389  0.551164  0.539348  0.523171  0.502728  0.477901  0.44841  0.413784  0.373482  0.326846  0.273398  0.212737  0.145539  0.072652  0.0347365  0.072652  0.145539  0.212737  0.273398  0.326846  0.373482  0.413784  0.44841  0.477901  0.502728  0.523171  0.539348  0.551164  0.558389  0.560797  
0  0  0  0  0  0  0  0  0  0  0  0  0  0  0  0  0  0  0  0  0  0  0  0  0  0  0  0  0  0  0  
