1  1  1  1  1  1  1  1  1  1  1  1  1  1  1  1  1  1  1  1  1  1  1  1  1  1  1  1  1  1  1  
0.941605  0.911931  0.822909  0.741234  0.66738  0.602337  0.545542  0.496447  0.454221  0.418213  0.387824  0.362704  0.34269  0.327908  0.318701  0.315543  0.318701  0.327908  0.34269  0.362704  0.387824  0.418213  0.454221  0.496447  0.545542  0.602337  0.66738  0.741234  0.822909  0.911931  0.941605  
0.884777  0.83437  0.683147  0.568931  0.489542  0.438572  0.407271  0.389008  0.378459  0.372014  0.367074  0.362125  0.356485  0.350498  0.345486  0.343425  0.345486  0.350498  0.356485  0.362125  0.367074  0.372014  0.378459  0.389008  0.407271  0.438572  0.489542  0.568931  0.683147  0.83437  0.884777  
0.831977  0.769957  0.583897  0.474161  0.422181  0.403063  0.398212  0.398204  0.397917  0.395198  0.388938  0.3789  0.365465  0.350349  0.337268  0.331784  0.337268  0.350349  0.365465  0.3789  0.388938  0.395198  0.397917  0.398204  0.398212  0.403063  0.422181  0.474161  0.583897  0.769957  0.831977  
0.784827  0.717968  0.51739  0.429249  0.407609  0.409397  0.415097  0.41935  0.420437  0.418204  0.41205  0.401224  0.384998  0.364333  0.344321  0.33533  0.344321  0.364333  0.384998  0.401224  0.41205  0.418204  0.420437  0.41935  0.415097  0.409397  0.407609  0.429249  0.51739  0.717968  0.784827  
0.743922  0.676571  0.474518  0.411899  0.412484  0.422823  0.430237  0.434247  0.435111  0.433204  0.427657  0.416859  0.398569  0.372107  0.343443  0.329708  0.343443  0.372107  0.398569  0.416859  0.427657  0.433204  0.435111  0.434247  0.430237  0.422823  0.412484  0.411899  0.474518  0.676571  0.743922  
0.709044  0.643756  0.447894  0.408426  0.422337  0.434118  0.440422  0.44341  0.444194  0.443307  0.439849  0.431582  0.414521  0.38498  0.348117  0.329114  0.348117  0.38498  0.414521  0.431582  0.439849  0.443307  0.444194  0.44341  0.440422  0.434118  0.422337  0.408426  0.447894  0.643756  0.709044  
0.679714  0.617829  0.432173  0.411082  0.431436  0.44128  0.445554  0.447061  0.4474  0.447056  0.445348  0.439906  0.425392  0.39435  0.349213  0.324209  0.349213  0.39435  0.425392  0.439906  0.445348  0.447056  0.4474  0.447061  0.445554  0.44128  0.431436  0.411082  0.432173  0.617829  0.679714  
0.655155  0.59727  0.423613  0.415818  0.438245  0.445204  0.447664  0.448066  0.448253  0.448483  0.448465  0.446237  0.435841  0.405672  0.35306  0.321655  0.35306  0.405672  0.435841  0.446237  0.448465  0.448483  0.448253  0.448066  0.447664  0.445204  0.438245  0.415818  0.423613  0.59727  0.655155  
0.634801  0.581054  0.419812  0.420702  0.442725  0.446921  0.447931  0.447519  0.44747  0.447743  0.44845  0.448514  0.442392  0.414513  0.354827  0.316542  0.354827  0.414513  0.442392  0.448514  0.44845  0.447743  0.44747  0.447519  0.447931  0.446921  0.442725  0.420702  0.419812  0.581054  0.634801  
0.617759  0.568073  0.419014  0.424851  0.445368  0.447471  0.447588  0.446893  0.446846  0.447136  0.448156  0.449912  0.448182  0.423946  0.35785  0.312419  0.35785  0.423946  0.448182  0.449912  0.448156  0.447136  0.446846  0.446893  0.447588  0.447471  0.445368  0.424851  0.419014  0.568073  0.617759  
0.603766  0.557914  0.420355  0.42812  0.446748  0.447496  0.447112  0.446381  0.446285  0.446344  0.44706  0.449434  0.451292  0.431262  0.359279  0.306502  0.359279  0.431262  0.451292  0.449434  0.44706  0.446344  0.446285  0.446381  0.447112  0.447496  0.446748  0.42812  0.420355  0.557914  0.603766  
0.592224  0.549911  0.422975  0.43041  0.447239  0.44736  0.446789  0.446225  0.446198  0.44615  0.446507  0.448937  0.453874  0.438832  0.361681  0.30148  0.361681  0.438832  0.453874  0.448937  0.446507  0.44615  0.446198  0.446225  0.446789  0.44736  0.447239  0.43041  0.422975  0.549911  0.592224  
0.582783  0.543741  0.426617  0.432069  0.447236  0.447254  0.446632  0.446237  0.446222  0.446013  0.445858  0.447766  0.455096  0.445132  0.362806  0.29494  0.362806  0.445132  0.455096  0.447766  0.445858  0.446013  0.446222  0.446237  0.446632  0.447254  0.447236  0.432069  0.426617  0.543741  0.582783  
0.574387  0.538467  0.430706  0.433091  0.446767  0.447141  0.446596  0.446354  0.446385  0.446138  0.445665  0.446989  0.456286  0.45111  0.363518  0.287956  0.363518  0.45111  0.456286  0.446989  0.445665  0.446138  0.446385  0.446354  0.446596  0.447141  0.446767  0.433091  0.430706  0.538467  0.574387  
0.568039  0.53499  0.435842  0.434078  0.446143  0.44709  0.44666  0.446491  0.44652  0.446191  0.445428  0.446042  0.456746  0.455846  0.363106  0.280063  0.363106  0.455846  0.456746  0.446042  0.445428  0.446191  0.44652  0.446491  0.44666  0.44709  0.446143  0.434078  0.435842  0.53499  0.568039  
0.562917  0.532482  0.441177  0.434722  0.445119  0.446858  0.4467  0.446608  0.446637  0.446243  0.445356  0.445479  0.457534  0.460604  0.362734  0.272413  0.362734  0.460604  0.457534  0.445479  0.445356  0.446243  0.446637  0.446608  0.4467  0.446858  0.445119  0.434722  0.441177  0.532482  0.562917  
0.558654  0.530758  0.447072  0.435879  0.444203  0.4466  0.446758  0.446708  0.446692  0.446152  0.445169  0.445008  0.458376  0.464486  0.360756  0.263229  0.360756  0.464486  0.458376  0.445008  0.445169  0.446152  0.446692  0.446708  0.446758  0.4466  0.444203  0.435879  0.447072  0.530758  0.558654  
0.554322  0.529018  0.453107  0.437307  0.443003  0.445887  0.446539  0.446641  0.446604  0.445904  0.444969  0.444987  0.459853  0.46781  0.357555  0.253198  0.357555  0.46781  0.459853  0.444987  0.444969  0.445904  0.446604  0.446641  0.446539  0.445887  0.443003  0.437307  0.453107  0.529018  0.554322  
0.55184  0.529017  0.46055  0.440076  0.442353  0.445154  0.446185  0.446405  0.446303  0.445448  0.444713  0.44539  0.461851  0.470114  0.35273  0.242169  0.35273  0.470114  0.461851  0.44539  0.444713  0.445448  0.446303  0.446405  0.446185  0.445154  0.442353  0.440076  0.46055  0.529017  0.55184  
0.549125  0.528756  0.467651  0.443275  0.441792  0.443944  0.445249  0.44568  0.445619  0.444806  0.444603  0.446617  0.464779  0.47147  0.346277  0.230293  0.346277  0.47147  0.464779  0.446617  0.444603  0.444806  0.445619  0.44568  0.445249  0.443944  0.441792  0.443275  0.467651  0.528756  0.549125  
0.547542  0.529673  0.476065  0.448809  0.443022  0.443437  0.4444  0.444815  0.444774  0.444261  0.444999  0.448995  0.468509  0.47103  0.337237  0.216835  0.337237  0.47103  0.468509  0.448995  0.444999  0.444261  0.444774  0.444815  0.4444  0.443437  0.443022  0.448809  0.476065  0.529673  0.547542  
0.544958  0.529699  0.483923  0.455265  0.445308  0.443333  0.443503  0.443837  0.444027  0.444318  0.446527  0.453055  0.472958  0.468156  0.32535  0.201992  0.32535  0.468156  0.472958  0.453055  0.446527  0.444318  0.444027  0.443837  0.443503  0.443333  0.445308  0.455265  0.483923  0.529699  0.544958  
0.544416  0.531739  0.493709  0.465018  0.45125  0.446144  0.444647  0.44441  0.444773  0.446153  0.450145  0.459224  0.477368  0.461392  0.309692  0.185345  0.309692  0.461392  0.477368  0.459224  0.450145  0.446153  0.444773  0.44441  0.444647  0.446144  0.45125  0.465018  0.493709  0.531739  0.544416  
0.541781  0.531748  0.50165  0.475098  0.459211  0.451437  0.448207  0.447389  0.44815  0.450908  0.456768  0.467457  0.480131  0.448805  0.289445  0.166779  0.289445  0.448805  0.480131  0.467457  0.456768  0.450908  0.44815  0.447389  0.448207  0.451437  0.459211  0.475098  0.50165  0.531748  0.541781  
0.542345  0.534796  0.51215  0.489166  0.472643  0.462714  0.457591  0.455824  0.456645  0.460301  0.467081  0.476409  0.477875  0.42731  0.263316  0.145868  0.263316  0.42731  0.477875  0.476409  0.467081  0.460301  0.456645  0.455824  0.457591  0.462714  0.472643  0.489166  0.51215  0.534796  0.542345  
0.538597  0.533511  0.518253  0.500955  0.486755  0.477043  0.471447  0.469365  0.470302  0.474056  0.479231  0.481241  0.464203  0.392552  0.229956  0.122401  0.229956  0.392552  0.464203  0.481241  0.479231  0.474056  0.470302  0.469365  0.471447  0.477043  0.486755  0.500955  0.518253  0.533511  0.538597  
0.542015  0.538798  0.529149  0.517028  0.505788  0.497171  0.491705  0.489267  0.488994  0.489075  0.485349  0.469977  0.42791  0.338506  0.187739  0.0960413  0.187739  0.338506  0.42791  0.469977  0.485349  0.489075  0.488994  0.489267  0.491705  0.497171  0.505788  0.517028  0.529149  0.538798  0.542015  
0.532968  0.53183  0.528414  0.523922  0.51944  0.515355  0.511224  0.505867  0.497219  0.482322  0.456873  0.415389  0.350851  0.257774  0.135232  0.0666593  0.135232  0.257774  0.350851  0.415389  0.456873  0.482322  0.497219  0.505867  0.511224  0.515355  0.51944  0.523922  0.528414  0.53183  0.532968  
0.555853  0.553451  0.546247  0.534472  0.518366  0.498032  0.473364  0.44409  0.409747  0.3698  0.323598  0.270663  0.210596  0.144065  0.0719107  0.0343794  0.0719107  0.144065  0.210596  0.270663  0.323598  0.3698  0.409747  0.44409  0.473364  0.498032  0.518366  0.534472  0.546247  0.553451  0.555853  
0  0  0  0  0  0  0  0  0  0  0  0  0  0  0  0  0  0  0  0  0  0  0  0  0  0  0  0  0  0  0  
