1  1  1  1  1  1  1  1  1  1  1  1  1  1  1  1  1  1  1  1  1  1  1  1  1  1  1  1  1  1  1  
0.941502  0.911777  0.822602  0.740788  0.66681  0.601661  0.544775  0.495608  0.453325  0.417275  0.386856  0.361716  0.341692  0.326905  0.317697  0.314538  0.317697  0.326905  0.341692  0.361716  0.386856  0.417275  0.453325  0.495608  0.544775  0.601661  0.66681  0.740788  0.822602  0.911777  0.941502  
0.884574  0.834077  0.682586  0.568162  0.488621  0.437548  0.406182  0.387886  0.377327  0.370893  0.365979  0.361066  0.355467  0.349516  0.344531  0.342481  0.344531  0.349516  0.355467  0.361066  0.365979  0.370893  0.377327  0.387886  0.406182  0.437548  0.488621  0.568162  0.682586  0.834077  0.884574  
0.83168  0.769545  0.583141  0.473177  0.421057  0.401855  0.396958  0.396929  0.396644  0.393949  0.387735  0.377752  0.364374  0.34932  0.336296  0.330833  0.336296  0.34932  0.364374  0.377752  0.387735  0.393949  0.396644  0.396929  0.396958  0.401855  0.421057  0.473177  0.583141  0.769545  0.83168  
0.784443  0.717454  0.516484  0.428115  0.406346  0.408052  0.4137  0.417928  0.419016  0.416819  0.410723  0.399954  0.383821  0.363298  0.343388  0.33443  0.343388  0.363298  0.383821  0.399954  0.410723  0.416819  0.419016  0.417928  0.4137  0.408052  0.406346  0.428115  0.516484  0.717454  0.784443  
0.743454  0.675964  0.473494  0.410652  0.411108  0.421352  0.428699  0.432676  0.433545  0.431673  0.426163  0.415458  0.397404  0.371135  0.342516  0.328807  0.342516  0.371135  0.397404  0.415458  0.426163  0.431673  0.433545  0.432676  0.428699  0.421352  0.411108  0.410652  0.473494  0.675964  0.743454  
0.70854  0.6431  0.446779  0.407086  0.420858  0.432527  0.438752  0.441702  0.442486  0.441614  0.43823  0.430238  0.413408  0.383726  0.346825  0.327897  0.346825  0.383726  0.413408  0.430238  0.43823  0.441614  0.442486  0.441702  0.438752  0.432527  0.420858  0.407086  0.446779  0.6431  0.70854  
0.679241  0.61718  0.430998  0.409666  0.429863  0.439577  0.443763  0.445225  0.445552  0.44525  0.443756  0.43851  0.423628  0.392399  0.347907  0.323212  0.347907  0.392399  0.423628  0.43851  0.443756  0.44525  0.445552  0.445225  0.443763  0.439577  0.429863  0.409666  0.430998  0.61718  0.679241  
0.654252  0.596266  0.42231  0.414335  0.436587  0.443401  0.445764  0.446114  0.446301  0.446639  0.446747  0.444184  0.433609  0.404973  0.353731  0.322518  0.353731  0.404973  0.433609  0.444184  0.446747  0.446639  0.446301  0.446114  0.445764  0.443401  0.436587  0.414335  0.42231  0.596266  0.654252  
0.633406  0.579663  0.418435  0.419149  0.440991  0.44503  0.445937  0.445472  0.44544  0.445772  0.446347  0.446378  0.441923  0.415785  0.354962  0.315894  0.354962  0.415785  0.441923  0.446378  0.446347  0.445772  0.44544  0.445472  0.445937  0.44503  0.440991  0.419149  0.418435  0.579663  0.633406  
0.618562  0.56845  0.418114  0.423265  0.443567  0.445506  0.445514  0.444766  0.444721  0.445001  0.44608  0.448819  0.448197  0.421125  0.351764  0.305959  0.351764  0.421125  0.448197  0.448819  0.44608  0.445001  0.444721  0.444766  0.445514  0.445506  0.443567  0.423265  0.418114  0.56845  0.618562  
0.605481  0.55887  0.419036  0.426401  0.444892  0.445469  0.444973  0.444184  0.444078  0.444188  0.445261  0.448079  0.447814  0.424861  0.35594  0.305662  0.35594  0.424861  0.447814  0.448079  0.445261  0.444188  0.444078  0.444184  0.444973  0.445469  0.444892  0.426401  0.419036  0.55887  0.605481  
0.586375  0.544709  0.419713  0.42864  0.445356  0.445286  0.444597  0.443973  0.443946  0.443994  0.444512  0.446304  0.45025  0.440154  0.370321  0.311973  0.370321  0.440154  0.45025  0.446304  0.444512  0.443994  0.443946  0.443973  0.444597  0.445286  0.445356  0.42864  0.419713  0.544709  0.586375  
0.576768  0.539015  0.425753  0.430966  0.445337  0.445142  0.444403  0.443947  0.443935  0.44379  0.443624  0.445498  0.455359  0.449872  0.364639  0.293444  0.364639  0.449872  0.455359  0.445498  0.443624  0.44379  0.443935  0.443947  0.444403  0.445142  0.445337  0.430966  0.425753  0.539015  0.576768  
0.583862  0.546332  0.433742  0.431543  0.444667  0.445004  0.444346  0.444041  0.444072  0.443878  0.443513  0.445477  0.45594  0.446506  0.350732  0.27262  0.350732  0.446506  0.45594  0.445477  0.443513  0.443878  0.444072  0.444041  0.444346  0.445004  0.444667  0.431543  0.433742  0.546332  0.583862  
0.574036  0.538622  0.432382  0.430549  0.444092  0.444993  0.444403  0.44417  0.444199  0.443932  0.443327  0.444203  0.453754  0.449773  0.360109  0.280821  0.360109  0.449773  0.453754  0.444203  0.443327  0.443932  0.444199  0.44417  0.444403  0.444993  0.444092  0.430549  0.432382  0.538622  0.574036  
0.548545  0.519713  0.433217  0.433013  0.44373  0.444765  0.444439  0.444295  0.444324  0.443993  0.44323  0.443405  0.455302  0.461596  0.371107  0.283977  0.371107  0.461596  0.455302  0.443405  0.44323  0.443993  0.444324  0.444295  0.444439  0.444765  0.44373  0.433013  0.433217  0.519713  0.548545  
0.551913  0.526196  0.449044  0.437174  0.442419  0.444338  0.444519  0.444421  0.444402  0.443923  0.443058  0.443069  0.457135  0.465157  0.360479  0.261094  0.360479  0.465157  0.457135  0.443069  0.443058  0.443923  0.444402  0.444421  0.444519  0.444338  0.442419  0.437174  0.449044  0.526196  0.551913  
0.564806  0.538065  0.457839  0.435301  0.440113  0.443746  0.444388  0.444393  0.444352  0.443713  0.442895  0.443105  0.458252  0.465227  0.35182  0.245924  0.35182  0.465227  0.458252  0.443105  0.442895  0.443713  0.444352  0.444393  0.444388  0.443746  0.440113  0.435301  0.457839  0.538065  0.564806  
0.55408  0.529575  0.456059  0.435512  0.440397  0.443413  0.444069  0.444197  0.444104  0.443308  0.442687  0.443537  0.460134  0.468207  0.351797  0.242392  0.351797  0.468207  0.460134  0.443537  0.442687  0.443308  0.444104  0.444197  0.444069  0.443413  0.440397  0.435512  0.456059  0.529575  0.55408  
0.541989  0.522168  0.462703  0.442132  0.440977  0.442051  0.443104  0.443544  0.443493  0.442733  0.442639  0.444818  0.463176  0.47044  0.346907  0.23197  0.346907  0.47044  0.463176  0.444818  0.442639  0.442733  0.443493  0.443544  0.443104  0.442051  0.440977  0.442132  0.462703  0.522168  0.541989  
0.545495  0.528247  0.476503  0.449015  0.44132  0.441276  0.442382  0.442787  0.442731  0.442268  0.44311  0.447261  0.466948  0.469749  0.336306  0.216044  0.336306  0.469749  0.466948  0.447261  0.44311  0.442268  0.442731  0.442787  0.442382  0.441276  0.44132  0.449015  0.476503  0.528247  0.545495  
0.546065  0.530553  0.484016  0.453541  0.443096  0.441493  0.441671  0.441897  0.442077  0.442419  0.444725  0.451396  0.47146  0.466827  0.324256  0.201065  0.324256  0.466827  0.47146  0.451396  0.444725  0.442419  0.442077  0.441897  0.441671  0.441493  0.443096  0.453541  0.484016  0.530553  0.546065  
0.543654  0.530729  0.491956  0.463014  0.449679  0.444586  0.442873  0.442561  0.442936  0.444363  0.448442  0.457647  0.475938  0.460177  0.308954  0.18495  0.308954  0.460177  0.475938  0.457647  0.448442  0.444363  0.442936  0.442561  0.442873  0.444586  0.449679  0.463014  0.491956  0.530729  0.543654  
0.540387  0.530339  0.500195  0.473848  0.457915  0.449864  0.44651  0.445677  0.446444  0.449239  0.455174  0.465969  0.478772  0.447662  0.288774  0.166431  0.288774  0.447662  0.478772  0.465969  0.455174  0.449239  0.446444  0.445677  0.44651  0.449864  0.457915  0.473848  0.500195  0.530339  0.540387  
0.541317  0.533765  0.511109  0.488026  0.471272  0.461208  0.456049  0.454257  0.455072  0.458759  0.465602  0.475017  0.476602  0.426254  0.26269  0.145524  0.26269  0.426254  0.476602  0.475017  0.465602  0.458759  0.455072  0.454257  0.456049  0.461208  0.471272  0.488026  0.511109  0.533765  0.541317  
0.53763  0.53252  0.517191  0.499763  0.485459  0.475695  0.470054  0.467937  0.46887  0.472647  0.47787  0.479954  0.463038  0.391614  0.229419  0.122117  0.229419  0.391614  0.463038  0.479954  0.47787  0.472647  0.46887  0.467937  0.470054  0.475695  0.485459  0.499763  0.517191  0.53252  0.53763  
0.540991  0.53776  0.528067  0.51589  0.504603  0.495941  0.490434  0.487973  0.487696  0.487796  0.484113  0.46882  0.426892  0.337719  0.187307  0.095821  0.187307  0.337719  0.426892  0.46882  0.484113  0.487796  0.487696  0.487973  0.490434  0.495941  0.504603  0.51589  0.528067  0.53776  0.540991  
0.531951  0.530805  0.527369  0.522848  0.518333  0.514216  0.510061  0.504696  0.496057  0.481195  0.455811  0.414432  0.35005  0.257189  0.134924  0.0665073  0.134924  0.257189  0.35005  0.414432  0.455811  0.481195  0.496057  0.504696  0.510061  0.514216  0.518333  0.522848  0.527369  0.530805  0.531951  
0.554772  0.552372  0.545173  0.533407  0.517316  0.497006  0.472373  0.443146  0.408865  0.368996  0.322888  0.270065  0.210128  0.143743  0.0717488  0.0343014  0.0717488  0.143743  0.210128  0.270065  0.322888  0.368996  0.408865  0.443146  0.472373  0.497006  0.517316  0.533407  0.545173  0.552372  0.554772  
0  0  0  0  0  0  0  0  0  0  0  0  0  0  0  0  0  0  0  0  0  0  0  0  0  0  0  0  0  0  0  
