1  1  1  1  1  1  1  1  1  1  1  1  1  1  1  1  1  1  1  1  1  1  1  1  1  1  1  1  1  1  1  
0.941474  0.911735  0.822519  0.740667  0.666653  0.601485  0.544601  0.495338  0.452871  0.417125  0.387341  0.36153  0.340264  0.325923  0.317408  0.314302  0.317408  0.325923  0.340264  0.36153  0.387341  0.417125  0.452871  0.495338  0.544601  0.601485  0.666653  0.740667  0.822519  0.911735  0.941474  
0.88457  0.834036  0.682437  0.567951  0.488378  0.437305  0.405824  0.387189  0.37734  0.372997  0.365447  0.353511  0.351905  0.35569  0.350658  0.347624  0.350658  0.35569  0.351905  0.353511  0.365447  0.372997  0.37734  0.387189  0.405824  0.437305  0.488378  0.567951  0.682437  0.834036  0.88457  
0.831666  0.769519  0.583079  0.472938  0.420762  0.401477  0.396236  0.397056  0.400168  0.392215  0.367373  0.372274  0.408169  0.384252  0.336493  0.325781  0.336493  0.384252  0.408169  0.372274  0.367373  0.392215  0.400168  0.397056  0.396236  0.401477  0.420762  0.472938  0.583079  0.769519  0.831666  
0.777244  0.711825  0.51557  0.428031  0.40605  0.407469  0.413691  0.42097  0.416232  0.387355  0.409742  0.519919  0.456199  0.219236  0.170363  0.184911  0.170363  0.219236  0.456199  0.519919  0.409742  0.387355  0.416232  0.42097  0.413691  0.407469  0.40605  0.428031  0.51557  0.711825  0.777244  
0.745322  0.676415  0.469693  0.408906  0.410849  0.421191  0.430003  0.430247  0.409111  0.437918  0.595863  0.479655  -0.108953  -0.120216  0.347739  0.450453  0.347739  -0.120216  -0.108953  0.479655  0.595863  0.437918  0.409111  0.430247  0.430003  0.421191  0.410849  0.408906  0.469693  0.676415  0.745322  
0.882553  0.779258  0.469376  0.405744  0.419329  0.432666  0.437457  0.42973  0.449782  0.577551  0.451813  -0.346288  -0.165096  1.64769  2.12643  1.91413  2.12643  1.64769  -0.165096  -0.346288  0.451813  0.577551  0.449782  0.42973  0.437457  0.432666  0.419329  0.405744  0.469376  0.779258  0.882553  
0.577673  0.539268  0.424054  0.423956  0.429497  0.438425  0.440171  0.448627  0.50859  0.42821  -0.197402  0.131646  3.08112  3.43151  0.183373  -0.890953  0.183373  3.43151  3.08112  0.131646  -0.197402  0.42821  0.50859  0.448627  0.440171  0.438425  0.429497  0.423956  0.424054  0.539268  0.577673  
-1.03121  -0.730798  0.170436  0.403995  0.44006  0.442511  0.446109  0.462401  0.432713  0.145615  0.406001  2.92828  2.61586  -5.34156  -8.90745  -8.26527  -8.90745  -5.34156  2.61586  2.92828  0.406001  0.145615  0.432713  0.462401  0.446109  0.442511  0.44006  0.403995  0.170436  -0.730798  -1.03121  
1.80396  1.5777  0.898928  0.39912  0.438818  0.445126  0.447744  0.441164  0.365747  0.47313  1.6822  1.12062  -7.14894  -9.62166  1.6344  6.47108  1.6344  -9.62166  -7.14894  1.12062  1.6822  0.47313  0.365747  0.441164  0.447744  0.445126  0.438818  0.39912  0.898928  1.5777  1.80396  
9.01095  7.1754  1.66875  0.412498  0.44284  0.445016  0.444528  0.433311  0.456436  0.779325  0.471919  -3.94208  -3.95126  15.7386  28.143  27.304  28.143  15.7386  -3.95126  -3.94208  0.471919  0.779325  0.456436  0.433311  0.444528  0.445016  0.44284  0.412498  1.66875  7.1754  9.01095  
-5.62315  -5.01145  -3.17634  0.106397  0.447847  0.444775  0.443735  0.445329  0.490007  0.412569  -0.842078  -0.26518  13.2271  19.7385  -4.53948  -17.7133  -4.53948  19.7385  13.2271  -0.26518  -0.842078  0.412569  0.490007  0.445329  0.443735  0.444775  0.447847  0.106397  -3.17634  -5.01145  -5.62315  
-23.8253  -18.5673  -2.79314  1.18969  0.506491  0.444131  0.444088  0.446169  0.437368  0.256892  0.475086  4.88843  5.34869  -25.07  -51.2073  -52.5048  -51.2073  -25.07  5.34869  4.88843  0.475086  0.256892  0.437368  0.446169  0.444088  0.444131  0.506491  1.18969  -2.79314  -18.5673  -23.8253  
19.0539  17.5653  13.0993  2.16959  0.288064  0.43121  0.443984  0.443022  0.431851  0.461443  1.15048  0.741962  -12.6076  -22.0021  11.0929  32.8126  11.0929  -22.0021  -12.6076  0.741962  1.15048  0.461443  0.431851  0.443022  0.443984  0.43121  0.288064  2.16959  13.0993  17.5653  19.0539  
44.9319  34.8832  4.73711  -3.50808  -0.0899804  0.478905  0.446876  0.443193  0.444591  0.48907  0.398638  -2.07192  -2.40761  27.7012  61.6433  66.8303  61.6433  27.7012  -2.40761  -2.07192  0.398638  0.48907  0.444591  0.443193  0.446876  0.478905  -0.0899804  -3.50808  4.73711  34.8832  44.9319  
-32.6821  -30.8109  -25.1973  -3.62914  1.47018  0.591391  0.435811  0.442784  0.444362  0.439177  0.261614  0.47431  8.4382  16.1067  -13.981  -37.0602  -13.981  16.1067  8.4382  0.47431  0.261614  0.439177  0.444362  0.442784  0.435811  0.591391  1.47018  -3.62914  -25.1973  -30.8109  -32.6821  
-51.5017  -39.1082  -1.9275  9.8263  2.04866  0.188163  0.404693  0.445566  0.443857  0.440143  0.457233  1.15461  1.10575  -18.2056  -46.7594  -54.3358  -46.7594  -18.2056  1.10575  1.15461  0.457233  0.440143  0.443857  0.445566  0.404693  0.188163  2.04866  9.8263  -1.9275  -39.1082  -51.5017  
38.2656  36.7896  32.3616  5.74091  -2.29886  -0.064652  0.506497  0.454  0.443335  0.443418  0.456557  0.395945  -2.23102  -5.63549  12.2994  27.7229  12.2994  -5.63549  -2.23102  0.395945  0.456557  0.443418  0.443335  0.454  0.506497  -0.064652  -2.29886  5.74091  32.3616  36.7896  38.2656  
40.4508  30.2198  -0.473311  -12.1191  -2.03684  1.16474  0.588963  0.428873  0.441165  0.443224  0.441712  0.375726  0.540188  8.43041  23.5427  29.1467  23.5427  8.43041  0.540188  0.375726  0.441712  0.443224  0.441165  0.428873  0.588963  1.16474  -2.03684  -12.1191  -0.473311  30.2198  40.4508  
-26.6214  -26.1118  -24.5829  -3.7637  4.23735  1.2853  0.266345  0.405081  0.44692  0.443349  0.442245  0.446235  0.822826  1.45522  -5.78427  -12.4813  -5.78427  1.45522  0.822826  0.446235  0.442245  0.443349  0.44692  0.405081  0.266345  1.2853  4.23735  -3.7637  -24.5829  -26.1118  -26.6214  
-19.2159  -13.7632  2.59481  10.3818  2.63867  -0.551976  0.198493  0.483546  0.452432  0.441416  0.441911  0.44529  0.426196  -1.50964  -6.70221  -9.30595  -6.70221  -1.50964  0.426196  0.44529  0.441911  0.441416  0.452432  0.483546  0.198493  -0.551976  2.63867  10.3818  2.59481  -13.7632  -19.2159  
12.7732  12.7667  12.7469  2.5173  -2.49397  -0.317681  0.674124  0.504977  0.43365  0.43962  0.442307  0.445977  0.494854  0.56558  2.20555  3.76771  2.20555  0.56558  0.494854  0.445977  0.442307  0.43962  0.43365  0.504977  0.674124  -0.317681  -2.49397  2.5173  12.7469  12.7667  12.7732  
6.6633  4.8043  -0.772709  -4.19986  -0.712224  1.16116  0.652095  0.392891  0.42718  0.443572  0.445058  0.447644  0.45986  0.713796  1.55793  2.03783  1.55793  0.713796  0.45986  0.447644  0.445058  0.443572  0.42718  0.392891  0.652095  1.16116  -0.712224  -4.19986  -0.772708  4.8043  6.6633  
-2.73256  -2.82762  -3.11278  -0.169131  1.71103  0.824176  0.291324  0.392437  0.451281  0.446691  0.44801  0.458888  0.464875  0.405486  -0.00104879  -0.362167  -0.00104879  0.405486  0.464875  0.458888  0.44801  0.446691  0.451281  0.392437  0.291324  0.824176  1.71103  -0.169131  -3.11278  -2.82762  -2.73256  
-0.566172  -0.214174  0.84182  1.69837  0.806392  0.177762  0.350981  0.47211  0.455891  0.447415  0.454058  0.466182  0.482647  0.437432  0.179562  -0.0157454  0.179562  0.437432  0.482647  0.466182  0.454058  0.447415  0.455891  0.47211  0.350981  0.177762  0.806392  1.69837  0.84182  -0.214174  -0.566172  
1.01636  1.0352  1.09172  0.601595  0.188346  0.35972  0.503019  0.4729  0.450705  0.45672  0.465348  0.474375  0.476692  0.43154  0.285953  0.18445  0.285953  0.43154  0.476692  0.474375  0.465348  0.45672  0.450705  0.4729  0.503019  0.35972  0.188346  0.601595  1.09172  1.0352  1.01636  
0.639917  0.598732  0.475174  0.338156  0.430243  0.524015  0.490517  0.460971  0.465414  0.472719  0.477739  0.479588  0.462417  0.39112  0.232965  0.129174  0.232965  0.39112  0.462417  0.479588  0.477739  0.472719  0.465414  0.460971  0.490517  0.524015  0.430243  0.338156  0.475174  0.598732  0.639917  
0.509828  0.503594  0.484892  0.505127  0.532366  0.508032  0.48378  0.484388  0.488046  0.48784  0.483741  0.468496  0.426627  0.337375  0.186663  0.0949148  0.186663  0.337375  0.426627  0.468496  0.483741  0.48784  0.488046  0.484388  0.48378  0.508032  0.532366  0.505127  0.484892  0.503594  0.509828  
0.527994  0.528206  0.528843  0.530752  0.521591  0.510595  0.507901  0.504979  0.496127  0.480837  0.455485  0.414176  0.349838  0.257037  0.134821  0.0664168  0.134821  0.257037  0.349838  0.414176  0.455485  0.480837  0.496127  0.504979  0.507901  0.510595  0.521591  0.530752  0.528843  0.528206  0.527994  
0.555041  0.552735  0.545815  0.533445  0.516192  0.49622  0.472369  0.443089  0.408586  0.368741  0.322699  0.269907  0.210002  0.143656  0.0717052  0.0342806  0.0717052  0.143656  0.210002  0.269907  0.322699  0.368741  0.408586  0.443089  0.472369  0.49622  0.516192  0.533445  0.545815  0.552735  0.555041  
0  0  0  0  0  0  0  0  0  0  0  0  0  0  0  0  0  0  0  0  0  0  0  0  0  0  0  0  0  0  0  
