1  1  1  1  1  1  1  1  1  1  1  1  1  1  1  1  1  1  1  1  1  1  1  1  1  1  1  1  1  1  1  
0.941475  0.911736  0.822518  0.740671  0.666632  0.601367  0.544744  0.496327  0.452428  0.412505  0.386828  0.372296  0.346204  0.319035  0.310316  0.30827  0.310316  0.319035  0.346204  0.372296  0.386828  0.412505  0.452428  0.496327  0.544744  0.601367  0.666632  0.740671  0.822518  0.911736  0.941475  
0.884491  0.834001  0.682528  0.567956  0.488282  0.437454  0.407212  0.386195  0.365955  0.373484  0.413366  0.374743  0.268052  0.281282  0.338538  0.344192  0.338538  0.281282  0.268052  0.374743  0.413366  0.373484  0.365955  0.386195  0.407212  0.437454  0.488282  0.567956  0.682528  0.834001  0.884491  
0.823435  0.763102  0.582105  0.473185  0.420947  0.402501  0.395094  0.382657  0.40376  0.493214  0.397975  0.0307091  0.147678  0.685799  0.732114  0.672315  0.732114  0.685799  0.147678  0.0307091  0.397975  0.493214  0.40376  0.382657  0.395094  0.402501  0.420947  0.473185  0.582105  0.763102  0.823435  
0.797327  0.725135  0.508559  0.425052  0.406821  0.406965  0.403595  0.426256  0.531599  0.401876  -0.262697  0.0994638  2.05371  1.98524  0.467294  0.151066  0.467294  1.98524  2.05371  0.0994638  -0.262697  0.401876  0.531599  0.426256  0.403595  0.406965  0.406821  0.425052  0.508559  0.725135  0.797327  
1.13072  0.979366  0.525313  0.40658  0.406767  0.417441  0.433776  0.505548  0.401219  -0.290515  0.259406  3.83313  3.08778  -4.1016  -5.94321  -5.26236  -5.94321  -4.1016  3.08778  3.83313  0.259406  -0.290515  0.401219  0.505548  0.433776  0.417441  0.406767  0.40658  0.525313  0.979366  1.13072  
0.181705  0.25312  0.467364  0.460831  0.419316  0.431396  0.465692  0.417936  -0.00595214  0.460974  4.13844  2.57188  -12.1436  -14.1853  -0.483389  3.57564  -0.483389  -14.1853  -12.1436  2.57188  4.13844  0.460974  -0.00595214  0.417936  0.465692  0.431396  0.419316  0.460831  0.467364  0.25312  0.181705  
-4.86435  -3.74219  -0.375689  0.367701  0.455406  0.445058  0.434135  0.284036  0.512298  2.72684  1.17453  -14.7872  -13.9684  28.0569  45.4245  42.0048  45.4245  28.0569  -13.9684  -14.7872  1.17453  2.72684  0.512298  0.284036  0.434135  0.445058  0.455406  0.367701  -0.375689  -3.74219  -4.86435  
7.6956  6.25982  1.95246  0.178232  0.42045  0.447609  0.413607  0.476466  1.25339  0.424438  -9.41817  -6.39652  48.3911  65.3484  1.54957  -23.9725  1.54957  65.3484  48.3911  -6.39652  -9.41817  0.424438  1.25339  0.476466  0.413607  0.447609  0.42045  0.178232  1.95246  6.25982  7.6956  
37.3519  29.3588  5.37948  0.649301  0.414911  0.439145  0.452068  0.601813  0.359654  -3.11872  -0.842368  36.3923  40.0149  -95.1342  -176.144  -170.5  -176.144  -95.1342  40.0149  36.3923  -0.842368  -3.11872  0.359654  0.601813  0.452068  0.439145  0.414911  0.649301  5.37948  29.3588  37.3519  
-44.0834  -37.136  -16.2939  -0.164813  0.45329  0.443713  0.459711  0.422817  -0.251718  0.534154  14.4188  11.3376  -104.285  -162.755  8.79045  96.8528  8.79045  -162.755  -104.285  11.3376  14.4188  0.534154  -0.251718  0.422817  0.459711  0.443713  0.45329  -0.164813  -16.2939  -37.136  -44.0834  
-134.016  -103.874  -13.4479  2.97409  0.515628  0.446248  0.442421  0.377799  0.507822  3.27744  1.31517  -47.7013  -59.8294  201.888  415.642  423.328  415.642  201.888  -59.8294  -47.7013  1.31517  3.27744  0.507822  0.377799  0.442421  0.446248  0.515628  2.97409  -13.4479  -103.874  -134.016  
159.005  138.505  77.007  7.226  -0.0101281  0.431364  0.441677  0.450103  0.715876  0.303781  -10.242  -8.12657  138.307  245.866  -43.2148  -226.502  -43.2148  245.866  138.307  -8.12657  -10.242  0.303781  0.715876  0.450103  0.441677  0.431364  -0.0101281  7.226  77.007  138.505  159.005  
299.873  228.564  14.6369  -21.8386  -1.35316  0.538051  0.446983  0.452896  0.420233  -0.637192  0.431299  37.3302  51.5832  -270.149  -617.126  -665.097  -617.126  -270.149  51.5832  37.3302  0.431299  -0.637192  0.420233  0.452896  0.446983  0.538051  -1.35316  -21.8386  14.6369  228.564  299.873  
-340.035  -303.322  -193.183  -19.6249  5.94707  0.898325  0.422569  0.442066  0.40458  0.515035  4.57997  3.11858  -109.776  -224.299  93.0553  332.506  93.0553  -224.299  -109.776  3.11858  4.57997  0.515035  0.40458  0.442066  0.422569  0.898325  5.94707  -19.6249  -193.183  -303.322  -340.035  
-422.853  -313.421  14.8767  71.8827  8.26161  -0.897346  0.328249  0.448375  0.446124  0.60055  0.259149  -14.779  -21.6137  234.813  593.489  679.864  593.489  234.813  -21.6137  -14.779  0.259149  0.60055  0.446124  0.448375  0.328249  -0.897346  8.26161  71.8827  14.8767  -313.421  -422.853  
464.016  422.356  297.376  29.7844  -20.4174  -1.98543  0.772611  0.473216  0.443279  0.434042  -0.204141  0.60509  51.7863  122.372  -109.505  -309.774  -109.505  122.372  51.7863  0.60509  -0.204141  0.434042  0.443279  0.473216  0.772611  -1.98543  -20.4174  29.7844  297.376  422.356  464.016  
389.979  278.46  -56.0963  -121.951  -14.8702  6.01645  1.13542  0.363575  0.436274  0.440156  0.479445  3.19248  3.46604  -128.614  -367.642  -450.647  -367.642  -128.614  3.46604  3.19248  0.479445  0.440156  0.436274  0.363575  1.13542  6.01645  -14.8702  -121.951  -56.0963  278.46  389.979  
-404.516  -374.991  -286.418  -23.2581  38.8356  5.86919  -0.969125  0.257618  0.462892  0.444954  0.457286  0.290852  -11.511  -34.4744  77.8  184.044  77.8  -34.4744  -11.511  0.290852  0.457286  0.444954  0.462892  0.257618  -0.969125  5.86919  38.8356  -23.2581  -286.418  -374.991  -404.516  
-232.386  -157.33  67.8369  123.552  17.0174  -10.0747  -1.18989  0.78435  0.490962  0.43846  0.442048  0.359914  1.09614  43.7143  144.593  190.598  144.593  43.7143  1.09614  0.359914  0.442048  0.43846  0.490962  0.78435  -1.18989  -10.0747  17.0174  123.552  67.8369  -157.33  -232.386  
226.122  213.549  175.83  11.0761  -38.4534  -5.89999  3.05983  0.88416  0.365682  0.430694  0.445235  0.438041  0.988235  3.38566  -32.0523  -67.0326  -32.0523  3.38566  0.988235  0.438041  0.445235  0.430694  0.365682  0.88416  3.05983  -5.89999  -38.4534  11.0761  175.83  213.549  226.122  
89.3309  56.7183  -41.1194  -73.7692  -10.2118  10.7566  2.35659  -0.151865  0.334302  0.457164  0.443005  0.480667  0.445437  -7.55059  -33.6292  -48.5238  -33.6292  -7.55059  0.445437  0.480667  0.443005  0.457164  0.334302  -0.151865  2.35659  10.7566  -10.2118  -73.7692  -41.1194  56.7183  89.3309  
-76.8602  -74.0682  -65.692  -2.13816  22.7236  4.60499  -1.94373  -0.0511073  0.562844  0.466165  0.436227  0.432157  0.735729  1.33615  7.9717  14.4747  7.9717  1.33615  0.735729  0.432157  0.436227  0.466165  0.562844  -0.0511073  -1.94373  4.60499  22.7236  -2.13816  -65.692  -74.0682  -76.8602  
-20.0213  -11.3905  14.5018  26.5685  4.55938  -4.94563  -0.745857  0.922941  0.551607  0.422769  0.446857  0.438341  0.391283  1.12179  4.67833  7.0958  4.67833  1.12179  0.391283  0.438341  0.446857  0.422769  0.551607  0.922941  -0.745857  -4.94563  4.55938  26.5685  14.5018  -11.3905  -20.0213  
15.8135  15.6081  14.9918  0.849176  -6.5173  -1.07533  1.53085  0.718247  0.363105  0.42777  0.459133  0.475401  0.4459  0.244779  -0.617734  -1.38777  -0.617734  0.244779  0.4459  0.475401  0.459133  0.42777  0.363105  0.718247  1.53085  -1.07533  -6.5173  0.849176  14.9918  15.6081  15.8135  
3.18221  1.908  -1.91464  -4.46183  -0.436851  1.88792  0.836132  0.273285  0.403396  0.470035  0.467616  0.475606  0.48992  0.41726  0.00726309  -0.308867  0.00726309  0.41726  0.48992  0.475606  0.467616  0.470035  0.403396  0.273285  0.836132  1.88792  -0.436851  -4.46183  -1.91464  1.908  3.18221  
-0.979566  -1.01187  -1.10879  0.447984  1.55862  0.761402  0.240737  0.395724  0.492632  0.480048  0.47618  0.47841  0.463035  0.402573  0.270858  0.188973  0.270858  0.402573  0.463035  0.47841  0.47618  0.480048  0.492632  0.395724  0.240737  0.761402  1.55862  0.447984  -1.10879  -1.01187  -0.979566  
0.384104  0.46534  0.709049  0.941652  0.603317  0.329823  0.434242  0.515997  0.497802  0.484945  0.482878  0.468621  0.426226  0.336919  0.191551  0.104821  0.191551  0.336919  0.426226  0.468621  0.482878  0.484945  0.497802  0.515997  0.434242  0.329823  0.603317  0.941652  0.709049  0.46534  0.384104  
0.588639  0.591072  0.598371  0.527811  0.454254  0.491644  0.528173  0.512085  0.493091  0.479701  0.455709  0.41426  0.349834  0.25694  0.134511  0.0659509  0.134511  0.25694  0.349834  0.41426  0.455709  0.479701  0.493091  0.512085  0.528173  0.491644  0.454254  0.527811  0.598371  0.591072  0.588639  
0.557203  0.553196  0.541175  0.522142  0.513348  0.502709  0.474967  0.441413  0.407803  0.368962  0.322808  0.269889  0.209992  0.143655  0.0717035  0.0342772  0.0717035  0.143655  0.209992  0.269889  0.322808  0.368962  0.407803  0.441413  0.474967  0.502709  0.513348  0.522142  0.541175  0.553196  0.557203  
0  0  0  0  0  0  0  0  0  0  0  0  0  0  0  0  0  0  0  0  0  0  0  0  0  0  0  0  0  0  0  
