1  1  1  1  1  1  1  1  1  1  1  1  1  1  1  1  1  1  1  1  1  1  1  1  1  1  1  1  1  1  1  
0.941476  0.911736  0.822515  0.740631  0.666693  0.602062  0.544411  0.490528  0.451835  0.438076  0.399628  0.316987  0.299305  0.345389  0.347174  0.340293  0.347174  0.345389  0.299305  0.316987  0.399628  0.438076  0.451835  0.490528  0.544411  0.602062  0.666693  0.740631  0.822515  0.911736  0.941476  
0.882222  0.832233  0.682269  0.568085  0.488817  0.437086  0.399038  0.386006  0.429854  0.403621  0.159192  0.16469  0.66244  0.758426  0.488757  0.435516  0.488757  0.758426  0.66244  0.16469  0.159192  0.403621  0.429854  0.386006  0.399038  0.437086  0.488817  0.568085  0.682269  0.832233  0.882222  
0.834576  0.770179  0.576988  0.4717  0.421028  0.396413  0.395762  0.464417  0.437473  -0.0547061  -0.0347054  1.74903  2.11109  -0.41465  -1.33337  -1.20755  -1.33337  -0.41465  2.11109  1.74903  -0.0347054  -0.0547061  0.437473  0.464417  0.395762  0.396413  0.421028  0.4717  0.576988  0.770179  0.834576  
1.10109  0.963997  0.552712  0.419871  0.400482  0.408116  0.461511  0.445035  -0.10521  -0.0696783  3.25006  3.93668  -5.32351  -9.21723  -3.43638  -1.70106  -3.43638  -9.21723  -5.32351  3.93668  3.25006  -0.0696783  -0.10521  0.445035  0.461511  0.408116  0.400482  0.419871  0.552712  0.963997  1.10109  
0.366315  0.42397  0.596934  0.477264  0.405543  0.436293  0.438608  0.0840207  0.11603  3.61442  4.3337  -12.8497  -20.5315  10.071  27.0741  26.3101  27.0741  10.071  -20.5315  -12.8497  4.3337  3.61442  0.11603  0.0840207  0.438608  0.436293  0.405543  0.477264  0.596934  0.42397  0.366315  
-6.91274  -5.34007  -0.622058  0.41152  0.478424  0.432105  0.303811  0.323703  2.48597  2.92557  -14.9763  -23.2609  42.722  85.9124  37.3806  16.4435  37.3806  85.9124  42.722  -23.2609  -14.9763  2.92557  2.48597  0.323703  0.303811  0.432105  0.478424  0.41152  -0.622058  -5.34007  -6.91274  
9.42678  7.40241  1.32928  -0.23436  0.411263  0.43364  0.419154  1.19806  1.35669  -9.53516  -14.7201  59.1697  111.446  -59.5732  -193.715  -199.123  -193.715  -59.5732  111.446  59.1697  -14.7201  -9.53516  1.35669  1.19806  0.419154  0.43364  0.411263  -0.23436  1.32928  7.40241  9.42678  
72.9709  57.4438  10.8623  1.04489  0.263947  0.433981  0.602481  0.630641  -3.22188  -5.12117  41.479  76.2108  -161.639  -382.942  -179.112  -58.4702  -179.112  -382.942  -161.639  76.2108  41.479  -5.12117  -3.22188  0.630641  0.602481  0.433981  0.263947  1.04489  10.8623  57.4438  72.9709  
-80.2595  -66.5323  -25.3506  1.15059  0.536315  0.438447  0.463288  -0.289871  -0.684487  16.0693  29.186  -139.136  -310.153  216.199  772.197  839.897  772.197  216.199  -310.153  -139.136  29.186  16.0693  -0.684487  -0.289871  0.463288  0.438447  0.536315  1.15059  -25.3506  -66.5323  -80.2595  
-352.414  -275.511  -44.8024  1.33104  0.447342  0.4517  0.371741  0.329891  3.62359  6.37072  -58.2562  -128.363  361.309  980.18  487.96  99.7034  487.96  980.18  361.309  -128.363  -58.2562  6.37072  3.62359  0.329891  0.371741  0.4517  0.447342  1.33104  -44.8024  -275.511  -352.414  
386.222  333.658  175.965  13.2449  0.233113  0.447575  0.440029  0.754886  1.04692  -12.1466  -27.4755  191.009  496.475  -489.367  -1851.2  -2131.17  -1851.2  -489.367  496.475  191.009  -27.4755  -12.1466  1.04692  0.754886  0.440029  0.447575  0.233113  13.2449  175.965  333.658  386.222  
1006.53  777.831  91.7335  -39.6004  -2.0551  0.481343  0.455161  0.467542  -0.823793  -2.47746  46.3016  120.425  -491.333  -1519.71  -786.27  -33.4081  -786.27  -1519.71  -491.333  120.425  46.3016  -2.47746  -0.823793  0.467542  0.455161  0.481343  -2.0551  -39.6004  91.7335  777.831  1006.53  
-1069.68  -950.483  -592.903  -63.1416  8.97827  0.990291  0.435525  0.397028  0.325123  5.36394  13.8147  -150.228  -462.14  724.05  2818.42  3431.63  2818.42  724.05  -462.14  -150.228  13.8147  5.36394  0.325123  0.397028  0.435525  0.990291  8.97827  -63.1416  -592.903  -950.483  -1069.68  
-1788  -1354.71  -54.8494  196.364  20.9537  -1.47546  0.314707  0.444422  0.629532  1.00164  -17.918  -58.2789  413.537  1465.84  761.851  -153.849  761.851  1465.84  413.537  -58.2789  -17.918  1.00164  0.629532  0.444422  0.314707  -1.47546  20.9537  196.364  -54.8494  -1354.71  -1788  
1841.93  1673.56  1168.45  134.468  -52.5292  -5.32628  0.896039  0.476158  0.44765  -0.300929  -2.19061  65.512  244.31  -697.586  -2782.51  -3581.98  -2782.51  -697.586  244.31  65.512  -2.19061  -0.300929  0.44765  0.476158  0.896039  -5.32628  -52.5292  134.468  1168.45  1673.56  1841.93  
2052.82  1512.17  -109.784  -453.2  -58.0211  14.0085  2.00151  0.334717  0.431689  0.421804  3.45728  13.1587  -204.755  -867.547  -421.676  285.276  -421.676  -867.547  -204.755  13.1587  3.45728  0.421804  0.431689  0.334717  2.00151  14.0085  -58.0211  -453.2  -109.784  1512.17  2052.82  
-2020.77  -1871.96  -1425.53  -153.331  137.767  19.72  -2.94352  0.0339441  0.470001  0.462568  0.550777  -12.0853  -62.9066  432.432  1784.25  2427.7  1784.25  432.432  -62.9066  -12.0853  0.550777  0.462568  0.470001  0.0339441  -2.94352  19.72  137.767  -153.331  -1425.53  -1871.96  -2020.77  
-1535.33  -1087.84  254.612  595.23  86.0409  -36.7377  -5.19134  1.26674  0.548272  0.436935  0.366201  -0.173843  52.7153  298.491  108.966  -234.167  108.966  298.491  52.7153  -0.173843  0.366201  0.436935  0.548272  1.26674  -5.19134  -36.7377  86.0409  595.23  254.612  -1087.84  -1535.33  
1421.93  1342.02  1102.31  102.829  -186.414  -30.5513  9.7936  1.9642  0.251728  0.416579  0.444398  0.855573  4.60176  -164.153  -726.279  -1045.81  -726.279  -164.153  4.60176  0.855573  0.444398  0.416579  0.251728  1.9642  9.7936  -30.5513  -186.414  102.829  1102.31  1342.02  1421.93  
742.982  500.535  -226.805  -464.526  -71.997  50.8033  9.73796  -1.74814  0.0625375  0.484178  0.437496  0.488977  -2.45186  -49.1633  4.86378  105.587  4.86378  -49.1633  -2.45186  0.488977  0.437496  0.484178  0.0625375  -1.74814  9.73796  50.8033  -71.997  -464.526  -226.805  500.535  742.982  
-627.218  -603.712  -533.197  -40.0104  143.258  27.721  -11.6511  -2.00557  0.914059  0.532266  0.434755  0.285366  1.08923  36.2577  179.437  273.59  179.437  36.2577  1.08923  0.285366  0.434755  0.532266  0.914059  -2.00557  -11.6511  27.721  143.258  -40.0104  -533.197  -603.712  -627.218  
-223.764  -141.069  107.017  216.349  37.139  -35.7459  -7.50255  3.03375  1.0121  0.349272  0.455036  0.468146  -0.860715  1.43941  -8.83929  -25.6786  -8.83929  1.43941  -0.860715  0.468146  0.455036  0.349272  1.0121  3.03375  -7.50255  -35.7459  37.139  216.349  107.017  -141.069  -223.764  
166.351  163.747  155.933  10.284  -60.6066  -13.0631  8.26515  2.37031  -0.044506  0.324241  0.454098  0.574973  0.631506  -3.3683  -24.0372  -39.3946  -24.0372  -3.3683  0.631506  0.574973  0.454098  0.324241  -0.044506  2.37031  8.26515  -13.0631  -60.6066  10.284  155.933  163.747  166.351  
40.1649  23.6482  -25.9021  -56.1339  -10.4483  14.0667  4.01945  -0.992816  0.0519053  0.527749  0.46593  0.435788  0.695103  1.11869  2.07512  3.32159  2.07512  1.11869  0.695103  0.435788  0.46593  0.527749  0.0519053  -0.992816  4.01945  14.0667  -10.4483  -56.1339  -25.9021  23.6482  40.1649  
-23.2638  -23.5523  -24.4178  -1.10434  14.1341  4.05847  -2.00385  -0.290087  0.673624  0.525538  0.458146  0.459914  0.426391  0.567815  1.78516  2.80485  1.78516  0.567815  0.426391  0.459914  0.458146  0.525538  0.673624  -0.290087  -2.00385  4.05847  14.1341  -1.10434  -24.4178  -23.5523  -23.2638  
-3.06166  -1.38791  3.63331  7.95482  2.21778  -1.97433  -0.320113  0.823115  0.591792  0.445542  0.468866  0.483859  0.456144  0.339319  0.122591  -0.027185  0.122591  0.339319  0.456144  0.483859  0.468866  0.445542  0.591792  0.823115  -0.320113  -1.97433  2.21778  7.95482  3.63331  -1.38791  -3.06166  
2.07653  2.149  2.36643  0.682652  -0.860144  0.0464003  0.821463  0.615501  0.44747  0.471336  0.486067  0.469594  0.428508  0.337456  0.158757  0.0414288  0.158757  0.337456  0.428508  0.469594  0.486067  0.471336  0.44747  0.615501  0.821463  0.0464003  -0.860144  0.682652  2.36643  2.149  2.07653  
0.659082  0.592758  0.393785  0.141817  0.401438  0.682694  0.581073  0.471169  0.480074  0.484228  0.457161  0.413975  0.34975  0.257502  0.13584  0.067712  0.13584  0.257502  0.34975  0.413975  0.457161  0.484228  0.480074  0.471169  0.581073  0.682694  0.401438  0.141817  0.393785  0.592758  0.659082  
0.526674  0.521191  0.504742  0.526201  0.558367  0.515712  0.457881  0.434902  0.411084  0.370348  0.322478  0.269747  0.210007  0.143659  0.0717095  0.0342958  0.0717095  0.143659  0.210007  0.269747  0.322478  0.370348  0.411084  0.434902  0.457881  0.515712  0.558367  0.526201  0.504742  0.521191  0.526674  
0  0  0  0  0  0  0  0  0  0  0  0  0  0  0  0  0  0  0  0  0  0  0  0  0  0  0  0  0  0  0  
