1  1  1  1  1  1  1  1  1  1  1  1  1  1  1  1  1  1  1  1  1  1  1  1  1  1  1  1  1  1  1  
0.94277  0.913018  0.823762  0.742925  0.631667  0.54446  0.914212  1.13298  -1.46934  -3.24251  5.19199  11.1897  -2.21205  -11.272  -6.55728  -5.17844  -6.55728  -11.272  -2.21205  11.1897  5.19199  -3.24251  -1.46934  1.13298  0.914212  0.54446  0.631667  0.742925  0.823762  0.913018  0.94277  
0.948629  0.905919  0.777788  0.560507  0.43931  0.821315  1.27821  -3.34387  -8.2059  17.8972  44.3263  -30.9352  -102.773  -24.8667  34.0489  35.3304  34.0489  -24.8667  -102.773  -30.9352  44.3263  17.8972  -8.2059  -3.34387  1.27821  0.821315  0.43931  0.560507  0.777788  0.905919  0.948629  
-6.95551  -5.20864  0.0319854  0.801978  0.71035  1.01584  -3.40716  -9.97229  31.2254  86.667  -112.456  -361.47  64.7736  536.985  380.293  296.312  380.293  536.985  64.7736  -361.47  -112.456  86.667  31.2254  -9.97229  -3.40716  1.01584  0.71035  0.801978  0.0319854  -5.20864  -6.95551  
0.781566  -1.43857  -8.09897  -1.81874  1.18118  -1.56542  -6.57431  29.7329  93.2616  -191.896  -644.27  452.608  2036.63  663.004  -941.254  -1089.71  -941.254  663.004  2036.63  452.608  -644.27  -191.896  93.2616  29.7329  -6.57431  -1.56542  1.18118  -1.81874  -8.09897  -1.43857  0.781566  
379.379  295.704  44.679  -5.72149  -3.48762  -1.7978  16.2598  57.9407  -177.23  -645.972  885.486  3651.1  -541.776  -7270.59  -5950.89  -4575.46  -5950.89  -7270.59  -541.776  3651.1  885.486  -645.972  -177.23  57.9407  16.2598  -1.7978  -3.48762  -5.72149  44.679  295.704  379.379  
-200.553  -135.098  61.2668  51.0267  -2.50997  2.87712  21.155  -92.3341  -378.51  855.986  3610.07  -2721.16  -15502.4  -6115.88  10128.8  12825.3  10128.8  -6115.88  -15502.4  -2721.16  3610.07  855.986  -378.51  -92.3341  21.155  2.87712  -2.50997  51.0267  61.2668  -135.098  -200.553  
-5546.75  -4358.09  -792.103  -13.8162  25.998  3.98153  -27.4242  -128.702  454.235  2071.83  -3233.68  -16376.7  2601.79  44987.8  41913.9  32242.1  41913.9  44987.8  2601.79  -16376.7  -3233.68  2071.83  454.235  -128.702  -27.4242  3.98153  25.998  -13.8162  -792.103  -4358.09  -5546.75  
3831.37  3132.65  1036.49  -245.405  -7.90488  2.35839  -23.971  132.984  689.313  -1863.69  -9639.25  8728.85  59054.6  26588.2  -55672.2  -75813.4  -55672.2  26588.2  59054.6  8728.85  -9639.25  -1863.69  689.313  132.984  -23.971  2.35839  -7.90488  -245.405  1036.49  3132.65  3831.37  
37630.5  29637.1  5656.91  188.918  -27.4931  -3.14781  21.1748  126.849  -566.198  -3221.94  6358.35  38366.9  -8882.49  -152553  -160208  -124886  -160208  -152553  -8882.49  38366.9  6358.35  -3221.94  -566.198  126.849  21.1748  -3.14781  -27.4931  188.918  5656.91  29637.1  37630.5  
-28406  -24795.5  -13963.7  -586.905  9.93049  -0.0753039  11.7458  -86.6445  -586.74  2140.23  13467.3  -16564.2  -126710  -61404.5  178524  257552  178524  -61404.5  -126710  -16564.2  13467.3  2140.23  -586.74  -86.6445  11.7458  -0.0753039  9.93049  -586.905  -13963.7  -24795.5  -28406  
-141393  -110995  -19799.4  1901.28  75.5687  1.38461  -5.46018  -51.5317  347.1  2508.34  -7064.6  -50218.4  21003.6  310312  365398  292258  365398  310312  21003.6  -50218.4  -7064.6  2508.34  347.1  -51.5317  -5.46018  1.38461  75.5687  1901.28  -19799.4  -110995  -141393  
110122  99707.4  68464.8  7932.62  -330.807  -13.585  -1.26928  24.0685  223.332  -1276.65  -9983.53  19091.6  161318  77199.6  -357904  -539973  -357904  77199.6  161318  19091.6  -9983.53  -1276.65  223.332  24.0685  -1.26928  -13.585  -330.807  7932.62  68464.8  99707.4  110122  
322561  250978  36228.6  -18479.7  -2018.38  67.2844  4.06165  7.68033  -91.8581  -916.28  4328.97  36943.7  -31448.6  -395389  -522147  -434081  -522147  -395389  -31448.6  36943.7  4328.97  -916.28  -91.8581  7.68033  4.06165  67.2844  -2018.38  -18479.7  36228.6  250978  322561  
-251201  -233362  -179847  -26402.6  4382.05  501.074  -14.4899  -2.07524  -29.5462  349.744  3667.89  -12893.6  -122523  -46799.6  464276  724649  464276  -46799.6  -122523  -12893.6  3667.89  349.744  -29.5462  -2.07524  -14.4899  501.074  4382.05  -26402.6  -179847  -233362  -251201  
-468954  -359577  -31446.3  61991.6  9390.51  -1038.22  -125.577  3.827  7.69396  124.729  -1285.56  -14306.4  27972.5  319207  476793  418017  476793  319207  27972.5  -14306.4  -1285.56  124.729  7.69396  3.827  -125.577  -1038.22  9390.51  61991.6  -31446.3  -359577  -468954  
356502  338213  283344  45074  -17352.7  -2805.99  249.43  32.4234  0.167472  -28.3254  -525.987  4521.05  52870.3  1569.75  -393744  -630297  -393744  1569.75  52870.3  4521.05  -525.987  -28.3254  0.167472  32.4234  249.43  -2805.99  -17352.7  45074  283344  338213  356502  
443936  333407  1821.01  -109104  -19684.7  4495.15  780.972  -59.1514  -7.60717  -1.75936  121.939  2332.99  -13621.9  -160328  -277163  -260879  -277163  -160328  -13621.9  2332.99  121.939  -1.75936  -7.60717  -59.1514  780.972  4495.15  -19684.7  -109104  1821.01  333407  443936  
-321528  -311003  -279429  -45195.7  32788.9  6533.52  -1110.32  -206.245  14.4219  2.40369  10.809  -554.236  -10890.5  15597.1  216012  352303  216012  15597.1  -10890.5  -554.236  10.809  2.40369  14.4219  -206.245  -1110.32  6533.52  32788.9  -45195.7  -279429  -311003  -321528  
-273727  -200080  20858.9  111770  22784.1  -8690.19  -1895.17  262.106  52.4407  -2.61641  1.09953  -59.0663  2834.15  47236.1  99703.6  103200  99703.6  47236.1  2834.15  -59.0663  1.09953  -2.61641  52.4407  262.106  -1895.17  -8690.19  22784.1  111770  20858.9  -200080  -273727  
183403  180949  173588  27918.6  -33763.5  -7901.17  2102.12  499.587  -57.4581  -12.1231  2.84914  0.313417  276.632  -9368.01  -74091  -122558  -74091  -9368.01  276.632  0.313417  2.84914  -12.1231  -57.4581  499.587  2102.12  -7901.17  -33763.5  27918.6  173588  180949  183403  
107648  76104.9  -18523.6  -68196.8  -15517.1  8644.65  2266.25  -463.589  -119.094  11.852  -1.5387  27.5742  154.155  -7045.92  -20872.4  -24620  -20872.4  -7045.92  154.155  27.5742  -1.5387  11.852  -119.094  -463.589  2266.25  8644.65  -15517.1  -68196.8  -18523.6  76104.9  107648  
-64106.5  -64655.9  -66304.1  -10757.1  19527.6  5309.03  -1934.89  -562.358  92.3737  27.1623  -4.09352  -37.6121  183.831  2345.71  14851.7  24860  14851.7  2345.71  183.831  -37.6121  -4.09352  27.1623  92.3737  -562.358  -1934.89  5309.03  19527.6  -10757.1  -66304.1  -64655.9  -64106.5  
-25719.4  -17495.3  7176.79  24158.6  6217.03  -4544.69  -1417.91  378.107  121.804  -15.2975  0.595258  -6.96051  -145.265  297.26  2260.48  3225.1  2260.48  297.26  -145.265  -6.96051  0.595258  -15.2975  121.804  378.107  -1417.91  -4544.69  6217.03  24158.6  7176.79  -17495.3  -25719.4  
12828.5  13281.2  14639.1  2535.61  -6134.74  -1957.56  882.296  312.505  -62.1981  -22.39  2.60717  13.4734  -4.48853  -253.292  -1531.5  -2596.53  -1531.5  -253.292  -4.48853  13.4734  2.60717  -22.39  -62.1981  312.505  882.296  -1957.56  -6134.74  2535.61  14639  13281.2  12828.5  
3400.56  2220.86  -1318.23  -4590.16  -1379.38  1203.12  452.896  -140.561  -56.1523  8.98015  2.99426  -0.526734  16.1616  26.3163  -99.048  -193.071  -99.048  26.3163  16.1616  -0.526734  2.99426  8.98015  -56.1523  -140.561  452.896  1203.12  -1379.38  -4590.16  -1318.23  2220.86  3400.56  
-1286.48  -1376.75  -1647.57  -335.241  942.684  363.784  -184.258  -80.7413  18.415  8.81568  -0.294253  -0.714663  -1.083  9.599  62.4705  107.621  62.4705  9.599  -1.083  -0.714663  -0.294253  8.81568  18.415  -80.7413  -184.258  363.784  942.684  -335.241  -1647.57  -1376.75  -1286.48  
-205.852  -129.38  100.036  394.539  146.185  -138.003  -64.7685  22.2327  11.859  -1.24298  -0.45357  0.611388  0.122309  -1.02896  1.10077  3.52788  1.10077  -1.02896  0.122309  0.611388  -0.45357  -1.24298  11.859  22.2327  -64.7685  -138.003  146.185  394.539  100.036  -129.38  -205.852  
49.1642  55.0407  72.6703  20.1416  -54.9282  -26.9122  15.0846  9.03194  -1.38737  -0.759381  0.571069  0.504409  0.372866  0.211198  -0.305402  -0.72734  -0.305402  0.211198  0.372866  0.504409  0.571069  -0.759381  -1.38737  9.03194  15.0846  -26.9122  -54.9282  20.1416  72.6703  55.0407  49.1642  
4.19037  2.79594  -1.38735  -9.51234  -4.53346  5.391  3.71463  -0.633781  -0.455725  0.485188  0.439576  0.265358  0.202724  0.143684  0.071902  0.0334862  0.071902  0.143684  0.202724  0.265358  0.439576  0.485188  -0.455725  -0.633781  3.71463  5.391  -4.53346  -9.51234  -1.38735  2.79594  4.19037  
0  0  0  0  0  0  0  0  0  0  0  0  0  0  0  0  0  0  0  0  0  0  0  0  0  0  0  0  0  0  0  
