1  1  1  1  1  1  1  1  1  1  1  1  1  1  1  1  1  1  1  1  1  1  1  1  1  1  1  1  1  1  1  
0.907049  0.892767  0.849922  0.82731  -0.0154283  -1.36459  7.30207  19.6601  -31.3625  -98.511  63.6435  263.824  24.3432  -234.626  -169.46  -139.033  -169.46  -234.626  24.3432  263.824  63.6435  -98.511  -31.3625  19.6601  7.30207  -1.36459  -0.0154283  0.82731  0.849922  0.892767  0.907049  
-5.88467  -4.69888  -1.14149  0.375796  -0.823025  7.479  26.964  -62.746  -237.284  254.868  1112.56  -229.577  -2318.69  -1113.74  357.184  463.619  357.184  -1113.74  -2318.69  -229.577  1112.56  254.868  -237.284  -62.746  26.964  7.479  -0.823025  0.375796  -1.14149  -4.69888  -5.88467  
129.632  95.7411  -5.9322  -8.97193  4.4294  20.7362  -65.1948  -293.316  475.789  2253.65  -1295.27  -8617.14  -1726.53  10700  9424.42  7730.8  9424.42  10700  -1726.53  -8617.14  -1295.27  2253.65  475.789  -293.316  -65.1948  20.7362  4.4294  -8.97193  -5.9322  95.7411  129.632  
795.559  653.148  225.917  17.8798  -8.21848  -37.618  -199.858  471.596  2492.98  -2589.7  -16001.4  2170.31  45200.3  27357  -10389.6  -15859.9  -10389.6  27357  45200.3  2170.31  -16001.4  -2589.7  2492.98  471.596  -199.858  -37.618  -8.21848  17.8798  225.917  653.148  795.559  
-6840.93  -5224.97  -377.098  267.557  26.5423  -92.8145  259.169  1584.51  -2608.5  -16594.2  9184.54  86003.9  24727.6  -143911  -148565  -123118  -148565  -143911  24727.6  86003.9  9184.54  -16594.2  -2608.5  1584.51  259.169  -92.8145  26.5423  267.557  -377.098  -5224.97  -6840.93  
-15985.4  -12895.8  -3626.92  -779.108  156.681  109.469  570.758  -1442.37  -10018.9  10996.1  88800.9  -9123.7  -342257  -247760  117691  199428  117691  -247760  -342257  -9123.7  88800.9  10996.1  -10018.9  -1442.37  570.758  109.469  156.681  -779.108  -3626.92  -12895.8  -15985.4  
108325  84892.6  14595.1  -1396.38  -420.122  179.471  -425.997  -3511.22  6497.25  52816.6  -32113.1  -384545  -136011  890331  1.05581e+06  894328  1.05581e+06  890331  -136011  -384545  -32113.1  52816.6  6497.25  -3511.22  -425.997  179.471  -420.122  -1396.38  14595.1  84892.6  108325  
121781  93851.1  10060.5  5412.56  -277.168  -178.071  -666.257  2035.57  18135.7  -23705.7  -236930  29608.5  1.30523e+06  1.09594e+06  -686367  -1.23863e+06  -686367  1.09594e+06  1.30523e+06  29608.5  -236930  -23705.7  18135.7  2035.57  -666.257  -178.071  -277.168  5412.56  10060.5  93851.1  121781  
-788871  -629834  -152724  -1097.66  667.128  -96.4716  309.514  3431.31  -8127.05  -82325.4  64882.8  904134  352236  -3.0395e+06  -4.08492e+06  -3.57391e+06  -4.08492e+06  -3.0395e+06  352236  904134  64882.8  -82325.4  -8127.05  3431.31  309.514  -96.4716  667.128  -1097.66  -152724  -629834  -788871  
-443369  -306530  103986  11424  -141.498  66.0337  315.708  -1347.18  -15545.3  27972.2  333255  -80717.8  -2.82205e+06  -2.6857e+06  2.34487e+06  4.37214e+06  2.34487e+06  -2.6857e+06  -2.82205e+06  -80717.8  333255  27972.2  -15545.3  -1347.18  315.708  66.0337  -141.498  11424  103986  -306530  -443369  
3.16905e+06  2.56397e+06  748710  2562.71  -1698.55  16.0205  -91.0631  -1424.73  5116.04  64777.3  -78675.7  -1.19631e+06  -442498  6.26601e+06  9.46604e+06  8.63661e+06  9.46604e+06  6.26601e+06  -442498  -1.19631e+06  -78675.7  64777.3  5116.04  -1424.73  -91.0631  16.0205  -1698.55  2562.71  748710  2.56397e+06  3.16905e+06  
809028  397531  -836959  -223934  -1113.37  307.467  -48.114  376.828  6000.1  -17702.9  -250894  139669  3.64581e+06  3.84877e+06  -5.01366e+06  -9.4525e+06  -5.01366e+06  3.84877e+06  3.64581e+06  139669  -250894  -17702.9  6000.1  376.828  -48.114  307.467  -1113.37  -223934  -836959  397531  809028  
-7.70759e+06  -6.29385e+06  -2.05264e+06  128262  52844.1  328.291  -62.9326  203.766  -1431.24  -24199.5  54318.1  897237  203821  -8.14693e+06  -1.38088e+07  -1.32625e+07  -1.38088e+07  -8.14693e+06  203821  897237  54318.1  -24199.5  -1431.24  203.766  -62.9326  328.291  52844.1  128262  -2.05264e+06  -6.29385e+06  -7.70759e+06  
-575769  233594  2.66168e+06  902674  -16770.7  -12611.3  -88.5078  -12.2594  -832.397  5236.41  94644.9  -130866  -2.83385e+06  -3.22385e+06  6.92779e+06  1.30118e+07  6.92779e+06  -3.22385e+06  -2.83385e+06  -130866  94644.9  5236.41  -832.397  -12.2594  -88.5078  -12611.3  -16770.7  902674  2.66168e+06  233594  -575769  
1.19216e+07  9.79619e+06  3.41998e+06  -628981  -279108  1695.86  3097.34  20.7956  113.211  3407.64  -18330.8  -358470  93174  6.76366e+06  1.29526e+07  1.32268e+07  1.29526e+07  6.76366e+06  93174  -358470  -18330.8  3407.64  113.211  20.7956  3097.34  1695.86  -279108  -628981  3.41998e+06  9.79619e+06  1.19216e+07  
-402307  -1.47383e+06  -4.68841e+06  -1.8399e+06  123529  77729.2  31.4431  -770.887  10.5928  -468.766  -14205.7  58774.2  1.26698e+06  1.44912e+06  -6.24179e+06  -1.15649e+07  -6.24179e+06  1.44912e+06  1.26698e+06  58774.2  -14205.7  -468.766  10.5928  -770.887  31.4432  77729.2  123529  -1.8399e+06  -4.68841e+06  -1.47383e+06  -402307  
-1.19835e+07  -9.88911e+06  -3.60584e+06  1.31308e+06  651036  -21626  -20651.4  -99.8036  192.011  -68.4925  1961.87  61587.5  -136092  -3.53044e+06  -7.80161e+06  -8.56879e+06  -7.80161e+06  -3.53044e+06  -136092  61587.5  1961.87  -68.4925  192.011  -99.8036  -20651.4  -21626  651036  1.31308e+06  -3.60584e+06  -9.88911e+06  -1.19835e+07  
1.15324e+06  2.11208e+06  4.98857e+06  2.19596e+06  -295789  -195004  3158.7  5283.43  45.0858  -46.3007  307.238  -8756.62  -277345  -213440  3.62562e+06  6.58716e+06  3.62562e+06  -213440  -277345  -8756.62  307.238  -46.3007  45.0858  5283.43  3158.69  -195004  -295789  2.19596e+06  4.98857e+06  2.11208e+06  1.15324e+06  
7.82809e+06  6.48096e+06  2.43954e+06  -1.48346e+06  -823539  57563.1  52974.2  -258.969  -1290.73  -12.1039  29.4459  -1722.89  43112.1  1.1013e+06  2.94552e+06  3.53019e+06  2.94552e+06  1.1013e+06  43112.1  -1722.89  29.4459  -12.1039  -1290.73  -258.969  52974.2  57563.1  -823539  -1.48346e+06  2.43954e+06  6.48096e+06  7.82809e+06  
-993106  -1.5631e+06  -3.27308e+06  -1.60122e+06  344002  249383  -9404.13  -13268.5  -53.4528  290.947  52.6575  -79.5166  9636.24  -83675.6  -1.31198e+06  -2.3305e+06  -1.31198e+06  -83675.6  9636.24  -79.5166  52.6575  290.947  -53.4528  -13268.5  -9404.13  249383  344002  -1.60122e+06  -3.27308e+06  -1.5631e+06  -993106  
-3.25109e+06  -2.70092e+06  -1.05044e+06  960387  599920  -66156.8  -65618.8  1085.05  3049.35  25.7529  -143.729  741.54  1687.65  -182679  -660826  -881197  -660826  -182679  1687.65  741.54  -143.729  25.7529  3049.35  1085.05  -65618.8  -66156.8  599920  960387  -1.05044e+06  -2.70092e+06  -3.25109e+06  
435454  651513  1.29969e+06  709143  -211991  -173444  10206.1  15266.7  3.50584  -607.534  -101.718  -675.43  5410.23  39701.6  276505  480107  276505  39701.6  5410.23  -675.43  -101.718  -607.534  3.50586  15266.7  10206.1  -173444  -211991  709143  1.29969e+06  651513  435454  
816459  681902  278230  -351523  -249973  36885.1  41711.3  -1042.71  -3116.97  -39.1803  214.638  -320.372  -2824.51  11495.5  79666.9  121601  79666.9  11495.5  -2824.51  -320.372  214.638  -39.1803  -3116.97  -1042.71  41711.3  36885.1  -249973  -351523  278230  681902  816459  
-100332  -148792  -294171  -181490  68170.3  64651.4  -4765.8  -8465.7  -13.1414  532.621  28.854  245.361  -442.516  -5566.39  -29896.8  -50889.1  -29896.8  -5566.39  -442.516  245.361  28.854  532.621  -13.1414  -8465.7  -4765.8  64651.4  68170.3  -181490  -294171  -148792  -100332  
-112662  -94998.1  -42006.4  67486.7  55764  -9700.17  -13214.8  329.813  1432.76  36.4845  -96.8853  3.4697  362.041  224.087  -4241.95  -7757.16  -4241.95  224.087  362.041  3.4697  -96.8853  36.4845  1432.76  329.813  -13214.8  -9700.17  55764  67486.7  -42006.4  -94998.1  -112662  
11011.3  16628.7  33481.2  23932.3  -10323.4  -11802.2  895.451  2156.97  30.2792  -194.495  -7.58538  -10.2852  -15.3868  247.438  1270.85  2137.31  1270.85  247.438  -15.3868  -10.2852  -7.58538  -194.495  30.2792  2156.97  895.451  -11802.2  -10323.4  23932.3  33481.2  16628.7  11011.3  
7067.3  6066.46  3063.93  -5715.6  -5690.91  1030.1  1847.99  -17.257  -276.633  -13.1071  22.089  3.06356  -9.47932  -23.7139  62.8465  149.504  62.8465  -23.7139  -9.47932  3.06356  22.089  -13.1071  -276.633  -17.257  1847.99  1030.1  -5690.91  -5715.6  3063.93  6066.46  7067.3  
-437.065  -692.102  -1457.21  -1260.14  571.37  851.031  -47.4705  -215.575  -9.47309  28.1823  2.73914  -1.18798  0.659144  -1.24573  -9.25259  -15.9532  -9.25259  -1.24573  0.659144  -1.18798  2.73914  28.1823  -9.4731  -215.575  -47.4705  851.031  571.37  -1260.14  -1457.21  -692.102  -437.065  
-125.799  -111.863  -70.0542  139.612  182.877  -28.0668  -85.6859  -2.81975  20.0489  2.50751  -2.03013  -0.0362678  0.335803  0.159795  0.0617294  -0.00640141  0.0617294  0.159795  0.335803  -0.0362678  -2.03013  2.50751  20.0489  -2.81976  -85.6859  -28.0668  182.877  139.612  -70.0542  -111.863  -125.799  
0  0  0  0  0  0  0  0  0  0  0  0  0  0  0  0  0  0  0  0  0  0  0  0  0  0  0  0  0  0  0  
