1  1  1  1  1  1  1  1  1  1  1  1  1  1  1  1  1  1  1  1  1  1  1  1  1  1  1  1  1  1  1  
-113.801  -122.416  -148.261  -88.2014  4222.55  3895.05  -46237.5  -53544.2  252092  345962  -686948  -1.12581e+06  566152  1.37087e+06  706001  551161  706001  1.37087e+06  566152  -1.12581e+06  -686948  345962  252092  -53544.2  -46237.5  3895.05  4222.55  -88.2014  -148.261  -122.416  -113.801  
14537.3  9152.76  -7000.74  203.339  3360.18  -47925.4  -72042.7  484500  791723  -2.42247e+06  -4.4219e+06  5.10931e+06  1.13862e+07  874303  -5.12132e+06  -4.99224e+06  -5.12132e+06  874303  1.13862e+07  5.10931e+06  -4.4219e+06  -2.42247e+06  791723  484500  -72042.7  -47925.4  3360.18  203.339  -7000.74  9152.76  14537.3  
656633  517647  100688  -17076  -37014.2  -50301.1  489558  933611  -4.16428e+06  -8.43176e+06  1.67938e+07  3.82725e+07  -1.81957e+07  -6.40229e+07  -3.8878e+07  -2.89267e+07  -3.8878e+07  -6.40229e+07  -1.81957e+07  3.82725e+07  1.67938e+07  -8.43176e+06  -4.16428e+06  933611  489558  -50301.1  -37014.2  -17076  100688  517647  656633  
-2.77997e+06  -1.97609e+06  435542  263836  -36206.2  253068  613222  -3.89327e+06  -8.83718e+06  2.72873e+07  6.59239e+07  -7.78501e+07  -2.26873e+08  -2.96784e+07  1.41604e+08  1.5055e+08  1.41604e+08  -2.96784e+07  -2.26873e+08  -7.78501e+07  6.59239e+07  2.72873e+07  -8.83718e+06  -3.89327e+06  613222  253068  -36206.2  263836  435542  -1.97609e+06  -2.77997e+06  
-2.98937e+07  -2.36609e+07  -4.96278e+06  -53520.4  413069  222709  -2.07224e+06  -5.33938e+06  2.44539e+07  6.41799e+07  -1.35133e+08  -3.89409e+08  1.88739e+08  8.71155e+08  6.05603e+08  4.34605e+08  6.05603e+08  8.71155e+08  1.88739e+08  -3.89409e+08  -1.35133e+08  6.41799e+07  2.44539e+07  -5.33938e+06  -2.07224e+06  222709  413069  -53520.4  -4.96278e+06  -2.36609e+07  -2.98937e+07  
8.45396e+07  6.44159e+07  4.04472e+06  -4.47708e+06  -217954  -394272  -1.85777e+06  1.24974e+07  3.66082e+07  -1.23233e+08  -3.71891e+08  4.82273e+08  1.73381e+09  2.90502e+08  -1.50248e+09  -1.72654e+09  -1.50248e+09  2.90502e+08  1.73381e+09  4.82273e+08  -3.71891e+08  -1.23233e+08  3.66082e+07  1.24974e+07  -1.85777e+06  -394272  -217954  -4.47708e+06  4.04472e+06  6.44159e+07  8.45396e+07  
4.0968e+08  3.22663e+08  6.16111e+07  6.90006e+06  -2.11072e+06  -507218  3.65902e+06  1.21553e+07  -6.3042e+07  -2.06924e+08  4.98842e+08  1.75134e+09  -9.66212e+08  -5.39038e+09  -4.23203e+09  -2.96868e+09  -4.23203e+09  -5.39038e+09  -9.66212e+08  1.75134e+09  4.98842e+08  -2.06924e+08  -6.3042e+07  1.21553e+07  3.65902e+06  -507218  -2.11072e+06  6.90006e+06  6.16111e+07  3.22663e+08  4.0968e+08  
-9.70645e+08  -7.73605e+08  -1.82488e+08  1.60162e+07  2.21864e+06  66151.5  2.1966e+06  -1.79541e+07  -6.68214e+07  2.69392e+08  9.93903e+08  -1.54549e+09  -6.59931e+09  -1.19683e+09  8.12086e+09  9.99778e+09  8.12086e+09  -1.19683e+09  -6.59931e+09  -1.54549e+09  9.93903e+08  2.69392e+08  -6.68214e+07  -1.79541e+07  2.1966e+06  66151.5  2.21864e+06  1.60162e+07  -1.82488e+08  -7.73605e+08  -9.70645e+08  
-2.58979e+09  -2.00981e+09  -2.6985e+08  -2.29542e+07  1.61915e+06  504287  -2.71382e+06  -1.19097e+07  7.86687e+07  3.21341e+08  -9.74552e+08  -4.09144e+09  2.90765e+09  1.82078e+10  1.60045e+10  1.11158e+10  1.60045e+10  1.82078e+10  2.90765e+09  -4.09144e+09  -9.74552e+08  3.21341e+08  7.86687e+07  -1.19097e+07  -2.71382e+06  504287  1.61915e+06  -2.29542e+07  -2.6985e+08  -2.00981e+09  -2.58979e+09  
5.58957e+09  4.59754e+09  1.62142e+09  4.3532e+07  -864626  -63595.7  -1.02013e+06  1.17534e+07  5.66542e+07  -3.06574e+08  -1.38063e+09  2.84738e+09  1.40849e+10  2.22433e+09  -2.55386e+10  -3.33906e+10  -2.55386e+10  2.22433e+09  1.40849e+10  2.84738e+09  -1.38063e+09  -3.06574e+08  5.66542e+07  1.17534e+07  -1.02013e+06  -63595.7  -864626  4.3532e+07  1.62142e+09  4.59754e+09  5.58957e+09  
9.01435e+09  6.80963e+09  1.95489e+08  -2.792e+08  -4.73439e+06  -129020  771423  4.84412e+06  -4.76276e+07  -2.4763e+08  1.05998e+09  5.31047e+09  -5.51233e+09  -3.6746e+10  -3.59812e+10  -2.506e+10  -3.59812e+10  -3.6746e+10  -5.51233e+09  5.31047e+09  1.05998e+09  -2.4763e+08  -4.76276e+07  4.84412e+06  771423  -129020  -4.73439e+06  -2.792e+08  1.9549e+08  6.80963e+09  9.01435e+09  
-1.84858e+10  -1.55656e+10  -6.80516e+09  -3.44249e+08  5.09896e+07  912823  154418  -3.14911e+06  -2.1161e+07  1.7945e+08  1.0102e+09  -3.11887e+09  -1.77468e+10  -1.14786e+09  5.01083e+10  6.90067e+10  5.01083e+10  -1.14786e+09  -1.77468e+10  -3.11887e+09  1.0102e+09  1.7945e+08  -2.1161e+07  -3.14911e+06  154418  912823  5.09896e+07  -3.44249e+08  -6.80516e+09  -1.55656e+10  -1.84858e+10  
-1.8892e+10  -1.36613e+10  2.03077e+09  2.17851e+09  1.02134e+08  -1.06506e+07  -261539  -657703  1.24384e+07  8.86959e+07  -6.2807e+08  -3.84667e+09  6.65242e+09  4.62516e+10  5.04321e+10  3.57029e+10  5.04321e+10  4.62516e+10  6.65242e+09  -3.84667e+09  -6.2807e+08  8.86959e+07  1.24384e+07  -657703  -261539  -1.06506e+07  1.02134e+08  2.17851e+09  2.03077e+09  -1.36613e+10  -1.8892e+10  
3.77265e+10  3.23589e+10  1.62562e+10  5.95592e+08  -5.64239e+08  -2.70499e+07  2.43975e+06  279046  2.75796e+06  -4.77069e+07  -3.62413e+08  1.97893e+09  1.32529e+10  -2.41321e+09  -6.35205e+10  -9.14679e+10  -6.35205e+10  -2.41321e+09  1.32529e+10  1.97893e+09  -3.62413e+08  -4.77069e+07  2.75796e+06  279046  2.43975e+06  -2.70499e+07  -5.64239e+08  5.95592e+08  1.62562e+10  3.23589e+10  3.77265e+10  
2.49614e+10  1.68475e+10  -7.49414e+09  -6.61251e+09  -3.5848e+08  1.4173e+08  7.0813e+06  -574452  -938530  -1.15843e+07  1.78942e+08  1.45128e+09  -4.95883e+09  -3.66891e+10  -4.48531e+10  -3.27929e+10  -4.48531e+10  -3.66891e+10  -4.95883e+09  1.45128e+09  1.78942e+08  -1.15843e+07  -938530  -574452  7.0813e+06  1.4173e+08  -3.5848e+08  -6.61251e+09  -7.49414e+09  1.68475e+10  2.49614e+10  
-4.92748e+10  -4.29259e+10  -2.38792e+10  2.89981e+07  2.03485e+09  1.27043e+08  -3.55057e+07  -1.84811e+06  94251.6  3.78736e+06  4.9854e+07  -6.48798e+08  -5.56458e+09  4.76224e+09  5.25914e+10  7.86957e+10  5.25914e+10  4.76224e+09  -5.56458e+09  -6.48798e+08  4.9854e+07  3.78736e+06  94251.6  -1.84811e+06  -3.55057e+07  1.27043e+08  2.03485e+09  2.89981e+07  -2.38792e+10  -4.29259e+10  -4.92748e+10  
-2.11879e+10  -1.28019e+10  1.23562e+10  1.09171e+10  5.20904e+08  -5.63332e+08  -3.87137e+07  8.82312e+06  475269  172644  -1.61021e+07  -2.25639e+08  2.09826e+09  1.79627e+10  2.51234e+10  1.93691e+10  2.51234e+10  1.79627e+10  2.09826e+09  -2.25639e+08  -1.61021e+07  172644  475269  8.82312e+06  -3.87137e+07  -5.63332e+08  5.20904e+08  1.09171e+10  1.23562e+10  -1.28019e+10  -2.11879e+10  
4.16757e+10  3.68249e+10  2.22727e+10  -1.25724e+09  -3.62657e+09  -2.46554e+08  1.46864e+08  1.09014e+07  -2.14336e+06  -116899  -886397  7.42119e+07  1.0892e+09  -3.69138e+09  -2.81494e+10  -4.35573e+10  -2.81494e+10  -3.69138e+09  1.0892e+09  7.42119e+07  -886397  -116899  -2.14336e+06  1.09014e+07  1.46864e+08  -2.46554e+08  -3.62657e+09  -1.25724e+09  2.22727e+10  3.68249e+10  4.16757e+10  
1.1528e+10  5.77096e+09  -1.15001e+10  -1.06999e+10  -3.57903e+08  1.03412e+09  8.41614e+07  -3.62918e+07  -2.87605e+06  492448  -119471  5.22546e+06  -3.84804e+08  -5.07859e+09  -8.55216e+09  -7.17168e+09  -8.55216e+09  -5.07859e+09  -3.84804e+08  5.22546e+06  -119471  492448  -2.87605e+06  -3.62918e+07  8.41614e+07  1.03412e+09  -3.57904e+08  -1.06999e+10  -1.15001e+10  5.77096e+09  1.1528e+10  
-2.25991e+10  -2.02562e+10  -1.32273e+10  1.63286e+09  3.59657e+09  2.50873e+08  -2.65884e+08  -2.45393e+07  8.41697e+06  745533  -272170  -233740  -1.85328e+07  1.47766e+09  9.41635e+09  1.50164e+10  9.41635e+09  1.47766e+09  -1.85328e+07  -233740  -272170  745533  8.41697e+06  -2.45393e+07  -2.65884e+08  2.50873e+08  3.59657e+09  1.63286e+09  -1.32273e+10  -2.02562e+10  -2.25991e+10  
-3.92979e+09  -1.37023e+09  6.30845e+09  6.33538e+09  1.07234e+08  -9.97456e+08  -9.2551e+07  6.21754e+07  6.33621e+06  -1.77275e+06  427662  -2.53554e+06  -2.31469e+07  6.93395e+08  1.63613e+09  1.57477e+09  1.63613e+09  6.93395e+08  -2.31469e+07  -2.53554e+06  427662  -1.77275e+06  6.33621e+06  6.21754e+07  -9.2551e+07  -9.97456e+08  1.07234e+08  6.33538e+09  6.30845e+09  -1.37023e+09  -3.92979e+09  
7.59037e+09  6.91259e+09  4.87926e+09  -9.51577e+08  -2.03444e+09  -1.47902e+08  2.39433e+08  2.65997e+07  -1.30721e+07  -1.57564e+06  487967  4.72813e+06  -1.57539e+07  -3.04439e+08  -1.84026e+09  -3.02018e+09  -1.84026e+09  -3.04439e+08  -1.57539e+07  4.72813e+06  487967  -1.57564e+06  -1.30721e+07  2.65997e+07  2.39433e+08  -1.47902e+08  -2.03444e+09  -9.51577e+08  4.87926e+09  6.91259e+09  7.59037e+09  
8.00101e+08  1.01674e+08  -1.99361e+09  -2.20465e+09  -9.2499e+06  5.1712e+08  5.57162e+07  -5.0042e+07  -6.36187e+06  2.41812e+06  -290575  274849  1.76852e+07  -1.59394e+07  -1.48855e+08  -1.84714e+08  -1.48855e+08  -1.59394e+07  1.76852e+07  274849  -290575  2.41812e+06  -6.36187e+06  -5.0042e+07  5.57162e+07  5.1712e+08  -9.24991e+06  -2.20465e+09  -1.99361e+09  1.01674e+08  8.00101e+08  
-1.47268e+09  -1.3675e+09  -1.05194e+09  2.74536e+08  6.33721e+08  5.21806e+07  -1.08694e+08  -1.47438e+07  8.95201e+06  1.33279e+06  -310709  -1.45196e+06  -605943  2.84982e+07  1.84997e+08  3.12884e+08  1.84997e+08  2.84982e+07  -605943  -1.45196e+06  -310709  1.33279e+06  8.95201e+06  -1.47438e+07  -1.08694e+08  5.21806e+07  6.33721e+08  2.74536e+08  -1.05194e+09  -1.3675e+09  -1.47268e+09  
-8.92149e+07  1.66989e+07  3.34441e+08  4.16531e+08  1.07845e+06  -1.37039e+08  -1.8088e+07  1.88951e+07  3.04029e+06  -1.33817e+06  -117172  210627  -1.718e+06  -4.11044e+06  3.95149e+06  9.42014e+06  3.95149e+06  -4.11044e+06  -1.718e+06  210627  -117172  -1.33817e+06  3.04029e+06  1.88951e+07  -1.8088e+07  -1.37039e+08  1.07846e+06  4.16531e+08  3.34441e+08  1.66989e+07  -8.92149e+07  
1.44448e+08  1.37628e+08  1.1717e+08  -3.59947e+07  -9.78299e+07  -1.03582e+07  2.31308e+07  4.00044e+06  -2.65594e+06  -499190  140715  108996  234371  -875624  -7.32213e+06  -1.28465e+07  -7.32213e+06  -875624  234371  108996  140715  -499190  -2.65594e+06  4.00044e+06  2.31308e+07  -1.03582e+07  -9.78299e+07  -3.59947e+07  1.1717e+08  1.37628e+08  1.44448e+08  
4.61883e+06  -2.75186e+06  -2.4864e+07  -3.60186e+07  -799361  1.60877e+07  2.81404e+06  -3.02931e+06  -647238  293265  60777.1  -24898  29528.2  174436  46088.4  -126789  46088.4  174436  29528.2  -24898  60777.1  293265  -647238  -3.02931e+06  2.81404e+06  1.60877e+07  -799361  -3.60186e+07  -2.4864e+07  -2.75186e+06  4.61884e+06  
-5.38294e+06  -5.3263e+06  -5.15638e+06  1.62128e+06  5.88542e+06  923505  -1.90418e+06  -456374  302589  79393.8  -24522.2  -6508.48  -2370.69  3023.92  50378.9  94035  50378.9  3023.92  -2370.69  -6508.48  -24522.2  79393.8  302589  -456374  -1.90418e+06  923505  5.88542e+06  1.62128e+06  -5.15638e+06  -5.3263e+06  -5.38294e+06  
-74850.6  74283.6  521686  941547  80016.2  -595868  -159552  164479  54168.2  -24034.5  -8379.9  1728.12  575.906  -53.1663  -52.1787  9.40839  -52.1787  -53.1663  575.906  1728.12  -8379.9  -24034.5  54168.2  164479  -159552  -595868  80016.2  941547  521686  74283.6  -74850.6  
0  0  0  0  0  0  0  0  0  0  0  0  0  0  0  0  0  0  0  0  0  0  0  0  0  0  0  0  0  0  0  
