1  1  1  1  1  1  1  1  1  1  1  1  1  1  1  1  1  1  1  1  1  1  1  1  1  1  1  1  1  1  1  
-1.5217e+08  -1.20119e+08  -2.39654e+07  1.05409e+09  1.57822e+09  -1.73479e+10  -2.72071e+10  1.27713e+11  2.18915e+11  -4.75558e+11  -9.25674e+11  7.26649e+11  1.83193e+12  3.20747e+11  -5.19692e+11  -5.0127e+11  -5.19692e+11  3.20747e+11  1.83193e+12  7.26649e+11  -9.25674e+11  -4.75558e+11  2.18915e+11  1.27713e+11  -2.72071e+10  -1.73479e+10  1.57822e+09  1.05409e+09  -2.39654e+07  -1.20119e+08  -1.5217e+08  
-1.15443e+10  -1.05669e+10  -7.63487e+09  3.75151e+08  -1.21479e+10  -2.7777e+10  1.82751e+11  3.9284e+11  -1.2465e+12  -2.82304e+12  3.94054e+12  1.02624e+13  -2.49709e+12  -1.33346e+13  -8.51232e+12  -6.67697e+12  -8.51232e+12  -1.33346e+13  -2.49709e+12  1.02624e+13  3.94054e+12  -2.82304e+12  -1.2465e+12  3.9284e+11  1.82751e+11  -2.7777e+10  -1.21479e+10  3.75151e+08  -7.63487e+09  -1.05669e+10  -1.15443e+10  
6.29332e+11  4.78856e+11  2.74304e+10  -3.6649e+10  -1.97e+10  1.43166e+11  3.70894e+11  -1.65853e+12  -4.32065e+12  9.37438e+12  2.61512e+13  -1.9942e+13  -7.22929e+13  -1.88163e+13  2.96683e+13  3.21644e+13  2.96683e+13  -1.88163e+13  -7.22929e+13  -1.9942e+13  2.61512e+13  9.37438e+12  -4.32065e+12  -1.65853e+12  3.70894e+11  1.43166e+11  -1.97e+10  -3.6649e+10  2.74304e+10  4.78856e+11  6.29332e+11  
8.71097e+11  8.4978e+11  7.85829e+11  1.583e+11  7.89669e+09  1.83046e+11  -1.20597e+12  -3.66565e+12  1.16645e+13  3.56833e+13  -5.06133e+13  -1.75094e+14  3.56041e+13  3.05754e+14  2.28015e+14  1.74828e+14  2.28015e+14  3.05754e+14  3.56041e+13  -1.75094e+14  -5.06133e+13  3.56833e+13  1.16645e+13  -3.66565e+12  -1.20597e+12  1.83046e+11  7.89669e+09  1.583e+11  7.85829e+11  8.4978e+11  8.71097e+11  
-3.12311e+13  -2.42196e+13  -3.18511e+12  6.9135e+11  3.00506e+11  -5.3428e+11  -1.7903e+12  8.13484e+12  2.79365e+13  -6.35423e+13  -2.2786e+14  1.7936e+14  8.4556e+14  2.79593e+14  -4.86945e+14  -5.81152e+14  -4.86945e+14  2.79593e+14  8.4556e+14  1.7936e+14  -2.2786e+14  -6.35423e+13  2.79365e+13  8.13484e+12  -1.7903e+12  -5.3428e+11  3.00506e+11  6.9135e+11  -3.18511e+12  -2.42196e+13  -3.12311e+13  
-4.89312e+12  -5.61598e+12  -7.78457e+12  -4.02336e+12  2.31578e+11  -3.14554e+11  3.1887e+12  1.27647e+13  -4.4023e+13  -1.71004e+14  2.64888e+14  1.14532e+15  -2.27611e+14  -2.71177e+15  -2.31476e+15  -1.75871e+15  -2.31476e+15  -2.71177e+15  -2.27611e+14  1.14532e+15  2.64888e+14  -1.71004e+14  -4.4023e+13  1.27647e+13  3.1887e+12  -3.14554e+11  2.31578e+11  -4.02336e+12  -7.78457e+12  -5.61598e+12  -4.89312e+12  
4.66426e+14  3.66237e+14  6.56711e+13  -6.50947e+11  -2.10185e+12  7.87065e+11  3.38613e+12  -1.71908e+13  -7.52324e+13  1.95221e+14  8.66272e+14  -7.751e+14  -4.46102e+15  -1.73192e+15  3.6502e+15  4.71865e+15  3.6502e+15  -1.73192e+15  -4.46102e+15  -7.751e+14  8.66272e+14  1.95221e+14  -7.52324e+13  -1.71908e+13  3.38613e+12  7.87065e+11  -2.10185e+12  -6.50947e+11  6.56711e+13  3.66237e+14  4.66426e+14  
-1.06764e+14  -9.35563e+13  -5.39338e+13  2.13364e+13  3.0209e+11  -4.16228e+10  -3.62261e+12  -1.88826e+13  7.82012e+13  3.78465e+14  -7.02398e+14  -3.66511e+15  9.01585e+14  1.22281e+16  1.18056e+16  9.00717e+15  1.18056e+16  1.22281e+16  9.01585e+14  -3.66511e+15  -7.02398e+14  3.78465e+14  7.82012e+13  -1.88826e+13  -3.62261e+12  -4.16228e+10  3.0209e+11  2.13364e+13  -5.39338e+13  -9.35563e+13  -1.06764e+14  
-3.22313e+15  -2.54782e+15  -5.21895e+14  -1.30169e+13  2.49729e+12  -3.25607e+11  -2.55976e+12  1.67211e+13  9.36002e+13  -3.07456e+14  -1.66226e+15  1.8917e+15  1.26234e+16  5.39915e+15  -1.50975e+16  -2.08308e+16  -1.50975e+16  5.39915e+15  1.26234e+16  1.8917e+15  -1.66226e+15  -3.07456e+14  9.36002e+13  1.67211e+13  -2.55976e+12  -3.25607e+11  2.49729e+12  -1.30169e+13  -5.21895e+14  -2.54782e+15  -3.22313e+15  
1.29522e+15  1.21875e+15  9.89327e+14  4.93331e+13  -7.66893e+11  1.64833e+10  1.72058e+12  1.21262e+13  -6.86865e+13  -4.16746e+14  1.03375e+15  6.38508e+15  -2.4338e+15  -3.18371e+16  -3.45094e+16  -2.67774e+16  -3.45094e+16  -3.18371e+16  -2.4338e+15  6.38508e+15  1.03375e+15  -4.16746e+14  -6.86865e+13  1.21262e+13  1.72058e+12  1.64833e+10  -7.66893e+11  4.93331e+13  9.89327e+14  1.21875e+15  1.29522e+15  
1.23353e+16  9.7668e+15  2.06135e+15  -1.16361e+14  -6.57197e+12  3.52865e+10  7.01642e+11  -7.22022e+12  -5.39308e+13  2.5568e+14  1.69416e+15  -2.77544e+15  -2.07684e+16  -9.04518e+15  3.79064e+16  5.50974e+16  3.79064e+16  -9.04518e+15  -2.07684e+16  -2.77544e+15  1.69416e+15  2.5568e+14  -5.39308e+13  -7.22022e+12  7.01642e+11  3.52865e+10  -6.57197e+12  -1.16361e+14  2.06135e+15  9.7668e+15  1.23353e+16  
-6.0175e+15  -5.81534e+15  -5.20886e+15  -7.4256e+14  1.95471e+13  1.22219e+12  -2.76299e+11  -3.03052e+12  2.83669e+13  2.25258e+14  -8.55443e+14  -6.2742e+15  4.33119e+15  5.10102e+16  6.19124e+16  4.9487e+16  6.19124e+16  5.10102e+16  4.33119e+15  -6.2742e+15  -8.55443e+14  2.25258e+14  2.83669e+13  -3.03052e+12  -2.76299e+11  1.22219e+12  1.95471e+13  -7.4256e+14  -5.20886e+15  -5.81534e+15  -6.0175e+15  
-2.86641e+16  -2.26279e+16  -4.51949e+15  1.29903e+15  1.84444e+14  -3.83302e+12  -3.23914e+11  1.11906e+12  1.27409e+13  -1.05595e+14  -8.95724e+14  2.44118e+15  2.04275e+16  7.73426e+15  -6.07269e+16  -9.19485e+16  -6.07269e+16  7.73426e+15  2.04275e+16  2.44118e+15  -8.95724e+14  -1.05595e+14  1.27409e+13  1.11906e+12  -3.23914e+11  -3.83302e+12  1.84444e+14  1.29903e+15  -4.51949e+15  -2.26279e+16  -2.86641e+16  
1.51175e+16  1.48857e+16  1.41903e+16  2.64396e+15  -2.93059e+14  -4.51991e+13  8.46264e+11  2.60806e+11  -4.41186e+12  -5.24503e+13  3.71973e+14  3.3878e+15  -4.79655e+15  -5.16386e+16  -7.04505e+16  -5.8818e+16  -7.04505e+16  -5.16386e+16  -4.79655e+15  3.3878e+15  3.71973e+14  -5.24503e+13  -4.41186e+12  2.60806e+11  8.46264e+11  -4.51991e+13  -2.93059e+14  2.64396e+15  1.41903e+16  1.48857e+16  1.51175e+16  
4.24574e+16  3.32724e+16  5.71741e+15  -4.57525e+15  -8.9439e+14  6.69722e+13  1.12925e+13  -2.19983e+11  -8.21611e+11  1.72528e+13  2.15103e+14  -1.20127e+15  -1.17854e+16  -1.90731e+15  6.34359e+16  9.91311e+16  6.34359e+16  -1.90731e+15  -1.17854e+16  -1.20127e+15  2.15103e+14  1.72528e+13  -8.21611e+11  -2.19983e+11  1.12925e+13  6.69722e+13  -8.9439e+14  -4.57525e+15  5.71741e+15  3.32724e+16  4.24574e+16  
-2.27902e+16  -2.28173e+16  -2.28985e+16  -4.84101e+15  1.2232e+15  2.61077e+14  -1.55753e+13  -2.84962e+12  1.51105e+11  3.39406e+12  -6.78326e+13  -8.87888e+14  3.09672e+15  3.2922e+16  5.12246e+16  4.54106e+16  5.12246e+16  3.2922e+16  3.09672e+15  -8.87888e+14  -6.78326e+13  3.39406e+12  1.51105e+11  -2.84962e+12  -1.55753e+13  2.61077e+14  1.2232e+15  -4.84101e+15  -2.28985e+16  -2.28173e+16  -2.27902e+16  
-4.09567e+16  -3.17335e+16  -4.06369e+15  8.27815e+15  1.94718e+15  -3.05467e+14  -7.15527e+13  3.62635e+12  7.14091e+11  -4.55247e+11  -1.49722e+13  2.68957e+14  3.62953e+15  -2.14114e+15  -4.32056e+16  -6.91719e+16  -4.32056e+16  -2.14114e+15  3.62953e+15  2.68957e+14  -1.49722e+13  -4.55247e+11  7.14091e+11  3.62635e+12  -7.15527e+13  -3.05467e+14  1.94718e+15  8.27815e+15  -4.06369e+15  -3.17335e+16  -4.09567e+16  
2.14203e+16  2.18107e+16  2.29819e+16  5.23869e+15  -2.37954e+15  -6.2316e+14  7.30949e+13  1.87442e+13  -8.27333e+11  -1.73321e+11  1.95422e+12  7.29949e+13  -1.01824e+15  -1.2744e+16  -2.34202e+16  -2.25209e+16  -2.34202e+16  -1.2744e+16  -1.01824e+15  7.29949e+13  1.95422e+12  -1.73321e+11  -8.27332e+11  1.87442e+13  7.30949e+13  -6.2316e+14  -2.37954e+15  5.23869e+15  2.29819e+16  2.18107e+16  2.14203e+16  
2.57346e+16  1.96421e+16  1.36444e+15  -8.63186e+15  -2.33038e+15  6.07877e+14  1.76862e+14  -1.66882e+13  -4.67384e+12  1.98207e+11  -9.31673e+10  -1.03971e+13  -4.1073e+14  2.05367e+15  1.87766e+16  3.06313e+16  1.87766e+16  2.05367e+15  -4.1073e+14  -1.03971e+13  -9.31673e+10  1.98207e+11  -4.67384e+12  -1.66882e+13  1.76862e+14  6.07877e+14  -2.33038e+15  -8.63186e+15  1.36444e+15  1.96421e+16  2.57346e+16  
-1.25855e+16  -1.3056e+16  -1.44675e+16  -3.50407e+15  2.4935e+15  7.68516e+14  -1.42058e+14  -4.58258e+13  3.5654e+12  1.11659e+12  2.03295e+11  -1.69998e+12  8.63613e+13  2.72683e+15  6.44198e+15  6.92762e+15  6.44198e+15  2.72683e+15  8.63613e+13  -1.69998e+12  2.03295e+11  1.11659e+12  3.5654e+12  -4.58258e+13  -1.42058e+14  7.68516e+14  2.4935e+15  -3.50407e+15  -1.44675e+16  -1.3056e+16  -1.25855e+16  
-1.03095e+16  -7.72947e+15  1.07341e+13  5.32731e+15  1.62992e+15  -6.14381e+14  -2.13921e+14  3.02802e+13  1.08339e+13  -7.94976e+11  1.60111e+11  3.67672e+12  -3.74365e+13  -7.34139e+14  -4.95858e+15  -8.21487e+15  -4.95858e+15  -7.34139e+14  -3.74365e+13  3.67672e+12  1.60111e+11  -7.94976e+11  1.08339e+13  3.02802e+13  -2.13921e+14  -6.14381e+14  1.62992e+15  5.32731e+15  1.0734e+13  -7.72947e+15  -1.03095e+16  
4.49592e+15  4.76701e+15  5.5803e+15  1.45115e+15  -1.45638e+15  -5.2278e+14  1.32507e+14  5.20034e+13  -5.73967e+12  -2.33032e+12  -7.5409e+11  2.79614e+12  3.43665e+13  -2.46416e+14  -9.76731e+14  -1.23346e+15  -9.76731e+14  -2.46416e+14  3.43665e+13  2.79614e+12  -7.5409e+11  -2.33032e+12  -5.73967e+12  5.20034e+13  1.32507e+14  -5.2278e+14  -1.45638e+15  1.45115e+15  5.5803e+15  4.76701e+15  4.49592e+15  
2.5067e+15  1.84374e+15  -1.45142e+14  -1.89954e+15  -6.63528e+14  3.25341e+14  1.34606e+14  -2.48214e+13  -1.10295e+13  1.05916e+12  3.23349e+11  -3.69365e+12  7.06201e+12  1.19316e+14  7.25563e+14  1.21968e+15  7.25563e+14  1.19316e+14  7.06201e+12  -3.69365e+12  3.23349e+11  1.05916e+12  -1.10295e+13  -2.48214e+13  1.34606e+14  3.25341e+14  -6.63528e+14  -1.89954e+15  -1.45142e+14  1.84374e+15  2.5067e+15  
-9.14101e+14  -9.95556e+14  -1.23992e+15  -3.57721e+14  4.59292e+14  1.93564e+14  -6.05048e+13  -2.88355e+13  3.90261e+12  1.9862e+12  2.20496e+11  -1.02465e+11  -7.82885e+12  -2.91942e+12  6.86922e+13  1.11621e+14  6.86922e+13  -2.91942e+12  -7.82885e+12  -1.02465e+11  2.20496e+11  1.9862e+12  3.90261e+12  -2.88355e+13  -6.05048e+13  1.93564e+14  4.59292e+14  -3.57721e+14  -1.23992e+15  -9.95556e+14  -9.14101e+14  
-3.36553e+14  -2.43249e+14  3.66627e+13  3.61713e+14  1.47584e+14  -8.60217e+13  -4.28391e+13  9.20163e+12  5.12072e+12  -5.14341e+11  -3.30829e+11  5.34631e+11  5.0608e+11  -7.71257e+12  -4.91315e+13  -8.40478e+13  -4.91315e+13  -7.71257e+12  5.0608e+11  5.34631e+11  -3.30829e+11  -5.14341e+11  5.12072e+12  9.20163e+12  -4.28391e+13  -8.60217e+13  1.47584e+14  3.61713e+14  3.66627e+13  -2.43249e+14  -3.36553e+14  
9.27449e+13  1.04557e+14  1.39993e+14  4.7261e+13  -7.03758e+13  -3.5704e+13  1.25611e+13  7.453e+12  -1.09184e+12  -7.3187e+11  1.97374e+10  -2.05958e+10  4.00156e+11  1.15955e+12  -1.49294e+12  -3.91244e+12  -1.49294e+12  1.15955e+12  4.00156e+11  -2.05958e+10  1.97374e+10  -7.3187e+11  -1.09184e+12  7.453e+12  1.25611e+13  -3.5704e+13  -7.03758e+13  4.7261e+13  1.39993e+14  1.04557e+14  9.27449e+13  
2.06794e+13  1.47888e+13  -2.88291e+12  -3.09628e+13  -1.53669e+13  9.81044e+12  6.11475e+12  -1.38267e+12  -1.01657e+12  9.39277e+10  8.59868e+10  -1.50664e+10  -4.73839e+10  1.22827e+11  1.00136e+12  1.76307e+12  1.00136e+12  1.22827e+11  -4.73839e+10  -1.50664e+10  8.59868e+10  9.39277e+10  -1.01657e+12  -1.38267e+12  6.11475e+12  9.81044e+12  -1.53669e+13  -3.09628e+13  -2.88291e+12  1.47888e+13  2.06794e+13  
-3.52815e+12  -4.17598e+12  -6.11945e+12  -2.61078e+12  4.10127e+12  2.65097e+12  -9.6627e+11  -7.71282e+11  1.07136e+11  1.08067e+11  -4.69629e+09  -6.40461e+09  -2.19925e+09  -1.39561e+10  1.20799e+09  2.33691e+10  1.20799e+09  -1.39561e+10  -2.19925e+09  -6.40461e+09  -4.69629e+09  1.08067e+11  1.07136e+11  -7.71282e+11  -9.6627e+11  2.65097e+12  4.10127e+12  -2.61078e+12  -6.11945e+12  -4.17598e+12  -3.52815e+12  
-3.66337e+11  -2.63802e+11  4.3805e+10  7.82099e+11  5.16365e+11  -3.38115e+11  -2.9765e+11  6.3924e+10  7.56986e+10  -4.95579e+09  -9.89526e+09  -5.43235e+07  5.65624e+08  2.17628e+07  -2.30941e+08  -5.44921e+08  -2.30941e+08  2.17628e+07  5.65624e+08  -5.43235e+07  -9.89526e+09  -4.95579e+09  7.56986e+10  6.3924e+10  -2.9765e+11  -3.38115e+11  5.16365e+11  7.82099e+11  4.3805e+10  -2.63802e+11  -3.66337e+11  
0  0  0  0  0  0  0  0  0  0  0  0  0  0  0  0  0  0  0  0  0  0  0  0  0  0  0  0  0  0  0  
