1  1  1  1  1  1  1  1  1  1  1  1  1  1  1  1  1  1  1  1  1  1  1  1  1  1  1  1  1  1  1  
3.50196e+09  4.3602e+09  6.93493e+09  3.51138e+10  -1.75977e+11  -6.97253e+11  1.64179e+12  6.43164e+12  -6.9425e+12  -3.16078e+13  9.55308e+12  7.94987e+13  2.25451e+13  -6.25e+13  -5.16753e+13  -4.30609e+13  -5.16753e+13  -6.25e+13  2.25451e+13  7.94987e+13  9.55308e+12  -3.16078e+13  -6.9425e+12  6.43164e+12  1.64179e+12  -6.97253e+11  -1.75977e+11  3.51138e+10  6.93493e+09  4.3602e+09  3.50196e+09  
2.38868e+11  2.70195e+11  3.64178e+11  -4.90845e+10  -5.39816e+11  1.71648e+12  8.96464e+12  -1.41367e+13  -7.6835e+13  4.62442e+13  3.43165e+14  2.5053e+13  -6.65969e+14  -4.25106e+14  2.5373e+13  7.08519e+13  2.5373e+13  -4.25106e+14  -6.65969e+14  2.5053e+13  3.43165e+14  4.62442e+13  -7.6835e+13  -1.41367e+13  8.96464e+12  1.71648e+12  -5.39816e+11  -4.90845e+10  3.64178e+11  2.70195e+11  2.38868e+11  
-2.90417e+13  -2.22952e+13  -2.0555e+12  1.08233e+12  1.25642e+12  6.62001e+12  -1.50171e+13  -9.59699e+13  9.46389e+13  7.07292e+14  -1.3335e+14  -2.56714e+15  -1.10633e+15  2.80974e+15  2.87553e+15  2.42661e+15  2.87553e+15  2.80974e+15  -1.10633e+15  -2.56714e+15  -1.3335e+14  7.07292e+14  9.46389e+13  -9.59699e+13  -1.50171e+13  6.62001e+12  1.25642e+12  1.08233e+12  -2.0555e+12  -2.22952e+13  -2.90417e+13  
-2.89311e+11  -8.26556e+12  -3.21943e+13  -8.31557e+12  4.67091e+12  -8.10002e+12  -6.64845e+13  9.91246e+13  7.93641e+14  -4.10395e+14  -4.88462e+15  -9.14559e+14  1.2867e+16  1.02507e+16  -9.10675e+14  -2.89151e+15  -9.10675e+14  1.02507e+16  1.2867e+16  -9.14559e+14  -4.88462e+15  -4.10395e+14  7.93641e+14  9.91246e+13  -6.64845e+13  -8.10002e+12  4.67091e+12  -8.31557e+12  -3.21943e+13  -8.26557e+12  -2.89313e+11  
1.4125e+15  1.10057e+15  1.64767e+14  -2.25469e+13  -1.48281e+13  -2.42601e+13  5.73278e+13  5.1035e+14  -4.82779e+14  -5.16138e+15  5.76985e+14  2.54498e+16  1.41983e+16  -3.75615e+16  -4.54979e+16  -3.92439e+16  -4.54979e+16  -3.75615e+16  1.41983e+16  2.54498e+16  5.76985e+14  -5.16138e+15  -4.82779e+14  5.1035e+14  5.73278e+13  -2.42601e+13  -1.48281e+13  -2.25469e+13  1.64767e+14  1.10057e+15  1.4125e+15  
-7.43713e+14  -5.00823e+14  2.27847e+14  1.88736e+14  -1.43906e+13  9.48785e+12  1.89184e+14  -2.89747e+14  -3.16542e+15  1.57305e+15  2.69682e+16  7.39087e+15  -9.70663e+16  -9.23398e+16  1.26385e+16  4.01675e+16  1.26385e+16  -9.23398e+16  -9.70663e+16  7.39087e+15  2.69682e+16  1.57305e+15  -3.16542e+15  -2.89747e+14  1.89184e+14  9.48785e+12  -1.43906e+13  1.88736e+14  2.27847e+14  -5.00823e+14  -7.43713e+14  
-2.06978e+16  -1.62625e+16  -2.95667e+15  -5.28223e+13  9.55384e+13  3.63511e+13  -9.57777e+13  -1.12386e+15  1.15322e+15  1.63664e+16  -1.41495e+15  -1.13561e+17  -7.64512e+16  2.32362e+17  3.24983e+17  2.89376e+17  3.24983e+17  2.32362e+17  -7.64512e+16  -1.13561e+17  -1.41495e+15  1.63664e+16  1.15322e+15  -1.12386e+15  -9.57777e+13  3.63511e+13  9.55384e+13  -5.28223e+13  -2.95667e+15  -1.62625e+16  -2.06978e+16  
1.42214e+16  1.16297e+16  3.85463e+15  -9.17371e+14  -2.86159e+13  7.41118e+12  -2.20391e+14  4.00609e+14  5.71656e+15  -3.30659e+15  -7.19167e+16  -2.35373e+16  3.70462e+17  4.10473e+17  -8.83887e+16  -2.66083e+17  -8.83887e+16  4.10473e+17  3.70462e+17  -2.35373e+16  -7.19167e+16  -3.30659e+15  5.71656e+15  4.00609e+14  -2.20391e+14  7.41118e+12  -2.86159e+13  -9.17371e+14  3.85463e+15  1.16297e+16  1.42214e+16  
1.40418e+17  1.10594e+17  2.112e+16  7.02454e+14  -1.04301e+14  -2.61192e+13  7.03946e+13  1.09782e+15  -1.44706e+15  -2.55382e+16  3.62103e+15  2.67601e+17  2.07267e+17  -7.97711e+17  -1.26581e+18  -1.17351e+18  -1.26581e+18  -7.97711e+17  2.07267e+17  2.67601e+17  3.62103e+15  -2.55382e+16  -1.44706e+15  1.09782e+15  7.03946e+13  -2.61192e+13  -1.04301e+14  7.02454e+14  2.112e+16  1.10594e+17  1.40418e+17  
-1.05625e+17  -9.22288e+16  -5.20397e+16  -2.19134e+15  3.4912e+13  -2.02884e+12  1.02924e+14  -2.68995e+14  -4.91456e+15  4.16e+15  1.01551e+17  3.29095e+16  -8.05177e+17  -1.02212e+18  3.52429e+17  9.827e+17  3.52429e+17  -1.02212e+18  -8.05177e+17  3.29095e+16  1.01551e+17  4.16e+15  -4.91456e+15  -2.68995e+14  1.02924e+14  -2.02884e+12  3.4912e+13  -2.19134e+15  -5.20397e+16  -9.22288e+16  -1.05625e+17  
-5.27695e+17  -4.14272e+17  -7.40054e+16  7.0778e+15  2.80381e+14  5.69691e+12  -2.06585e+13  -4.58519e+14  9.53944e+14  2.02136e+16  -7.17715e+15  -3.5644e+17  -3.02935e+17  1.66257e+18  2.95858e+18  2.87712e+18  2.95858e+18  1.66257e+18  -3.02935e+17  -3.5644e+17  -7.17715e+15  2.02136e+16  9.53944e+14  -4.58519e+14  -2.06585e+13  5.69691e+12  2.80381e+14  7.0778e+15  -7.40054e+16  -4.14272e+17  -5.27695e+17  
4.09795e+17  3.71162e+17  2.55263e+17  2.96204e+16  -1.23316e+15  -5.23671e+13  -1.58938e+13  7.83066e+13  1.9128e+15  -2.96655e+15  -7.71227e+16  -1.55696e+16  1.0505e+18  1.51143e+18  -8.56442e+17  -2.19742e+18  -8.56442e+17  1.51143e+18  1.0505e+18  -1.55696e+16  -7.71227e+16  -2.96655e+15  1.9128e+15  7.83066e+13  -1.58938e+13  -5.23671e+13  -1.23316e+15  2.96204e+16  2.55263e+17  3.71162e+17  4.09795e+17  
1.204e+18  9.36916e+17  1.35657e+17  -6.8866e+16  -7.53723e+15  2.4874e+14  1.35075e+13  6.61836e+13  -2.87365e+14  -7.63891e+15  7.32894e+15  2.70447e+17  2.33665e+17  -2.19653e+18  -4.36297e+18  -4.48176e+18  -4.36297e+18  -2.19653e+18  2.33665e+17  2.70447e+17  7.32894e+15  -7.63891e+15  -2.87365e+14  6.61836e+13  1.35075e+13  2.4874e+14  -7.53723e+15  -6.8866e+16  1.35657e+17  9.36916e+17  1.204e+18  
-9.3526e+17  -8.69123e+17  -6.70712e+17  -9.86513e+16  1.63231e+16  1.8689e+15  -5.53697e+13  -9.30665e+12  -2.69632e+14  1.00021e+15  2.95199e+16  -6.99988e+15  -8.28934e+17  -1.34325e+18  1.31427e+18  3.10549e+18  1.31427e+18  -1.34325e+18  -8.28934e+17  -6.99988e+15  2.95199e+16  1.00021e+15  -2.69632e+14  -9.30665e+12  -5.53697e+13  1.8689e+15  1.63231e+16  -9.86513e+16  -6.70712e+17  -8.69123e+17  -9.3526e+17  
-1.7507e+18  -1.34261e+18  -1.18346e+17  2.31082e+17  3.50695e+16  -3.86857e+15  -4.70419e+14  1.17444e+13  2.61869e+13  1.09618e+15  -3.229e+15  -1.10009e+17  -7.62509e+16  1.8627e+18  4.14855e+18  4.5341e+18  4.14855e+18  1.8627e+18  -7.62509e+16  -1.10009e+17  -3.229e+15  1.09618e+15  2.61869e+13  1.17444e+13  -4.70419e+14  -3.86857e+15  3.50695e+16  2.31082e+17  -1.18346e+17  -1.34261e+18  -1.7507e+18  
1.32775e+18  1.26003e+18  1.05686e+18  1.6852e+17  -6.46676e+16  -1.04792e+16  9.27208e+14  1.1937e+14  2.41856e+12  -1.01442e+14  -4.53495e+15  8.63494e+15  3.78859e+17  6.87946e+17  -1.2903e+18  -2.81966e+18  -1.2903e+18  6.87946e+17  3.78859e+17  8.63494e+15  -4.53495e+15  -1.01442e+14  2.41856e+12  1.1937e+14  9.27208e+14  -1.04792e+16  -6.46676e+16  1.6852e+17  1.05686e+18  1.26003e+18  1.32775e+18  
1.65755e+18  1.24518e+18  8.08618e+15  -4.06779e+17  -7.35431e+16  1.6746e+16  2.91415e+15  -2.21893e+14  -3.00448e+13  -2.27396e+13  4.1533e+14  1.94424e+16  -6.35693e+15  -9.99461e+17  -2.54206e+18  -2.98025e+18  -2.54206e+18  -9.99461e+17  -6.35693e+15  1.94424e+16  4.1533e+14  -2.27396e+13  -3.00448e+13  -2.21893e+14  2.91415e+15  1.6746e+16  -7.35431e+16  -4.06779e+17  8.08619e+15  1.24518e+18  1.65755e+18  
-1.19778e+18  -1.15894e+18  -1.0424e+18  -1.69105e+17  1.22211e+17  2.43997e+16  -4.13762e+15  -7.71618e+14  5.20403e+13  7.30527e+12  1.02106e+14  -1.8005e+15  -8.5883e+16  -1.69749e+17  8.04378e+17  1.63501e+18  8.04378e+17  -1.69749e+17  -8.5883e+16  -1.8005e+15  1.02106e+14  7.30527e+12  5.20403e+13  -7.71618e+14  -4.13762e+15  2.43997e+16  1.22211e+17  -1.69105e+17  -1.0424e+18  -1.15894e+18  -1.19778e+18  
-1.02219e+18  -7.47445e+17  7.67924e+16  4.16765e+17  8.51444e+16  -3.23846e+16  -7.0784e+15  9.74516e+14  1.94092e+14  -1.0839e+13  2.189e+12  -5.68909e+14  8.41866e+15  3.23787e+17  9.81117e+17  1.2463e+18  9.81117e+17  3.23787e+17  8.41866e+15  -5.68909e+14  2.189e+12  -1.0839e+13  1.94092e+14  9.74516e+14  -7.0784e+15  -3.23846e+16  8.51444e+16  4.16765e+17  7.67924e+16  -7.47445e+17  -1.02219e+18  
6.83347e+17  6.74416e+17  6.47623e+17  1.04547e+17  -1.25861e+17  -2.95158e+16  7.83001e+15  1.86361e+15  -2.15742e+14  -4.7095e+13  1.78158e+13  -3.58629e+13  3.42567e+15  3.83305e+14  -3.08694e+17  -5.87475e+17  -3.08694e+17  3.83305e+14  3.42567e+15  -3.58629e+13  1.78158e+13  -4.7095e+13  -2.15742e+14  1.86361e+15  7.83001e+15  -2.95158e+16  -1.25861e+17  1.04547e+17  6.47623e+17  6.74416e+17  6.83347e+17  
4.02054e+17  2.8439e+17  -6.86028e+16  -2.54313e+17  -5.80042e+16  3.22148e+16  8.4616e+15  -1.7284e+15  -4.46113e+14  3.97255e+13  -9.57057e+12  2.37566e+14  1.44121e+14  -5.71186e+16  -2.26579e+17  -3.16028e+17  -2.26579e+17  -5.71186e+16  1.44121e+14  2.37566e+14  -9.57057e+12  3.97255e+13  -4.46113e+14  -1.7284e+15  8.4616e+15  3.22148e+16  -5.80042e+16  -2.54313e+17  -6.86028e+16  2.8439e+17  4.02054e+17  
-2.38891e+17  -2.41015e+17  -2.47388e+17  -4.0318e+16  7.27956e+16  1.98319e+16  -7.21083e+15  -2.10143e+15  3.42821e+14  1.01382e+14  -4.03343e+13  -1.68957e+14  1.80091e+15  8.89511e+15  6.836e+16  1.22704e+17  6.836e+16  8.89511e+15  1.80091e+15  -1.68957e+14  -4.03343e+13  1.01382e+14  3.42821e+14  -2.10143e+15  -7.21083e+15  1.98319e+16  7.27956e+16  -4.0318e+16  -2.47388e+17  -2.41015e+17  -2.38891e+17  
-9.60762e+16  -6.54012e+16  2.66236e+16  9.00919e+16  2.3241e+16  -1.69393e+16  -5.29704e+15  1.40675e+15  4.52741e+14  -5.60229e+13  9.48169e+12  -1.20693e+14  -7.22873e+14  4.22787e+15  2.84229e+16  4.43562e+16  2.84229e+16  4.22787e+15  -7.22873e+14  -1.20693e+14  9.48169e+12  -5.60229e+13  4.52741e+14  1.40675e+15  -5.29704e+15  -1.69393e+16  2.3241e+16  9.00919e+16  2.66236e+16  -6.54012e+16  -9.60762e+16  
4.78075e+16  4.95107e+16  5.46202e+16  9.50654e+15  -2.2872e+16  -7.31503e+15  3.28572e+15  1.16521e+15  -2.33465e+14  -8.65252e+13  1.49091e+13  7.5079e+13  -1.90921e+14  -1.5721e+15  -7.71135e+15  -1.31718e+16  -7.71135e+15  -1.5721e+15  -1.90921e+14  7.5079e+13  1.49091e+13  -8.65252e+13  -2.33465e+14  1.16521e+15  3.28572e+15  -7.31503e+15  -2.2872e+16  9.50654e+15  5.46202e+16  4.95107e+16  4.78075e+16  
1.27024e+16  8.30287e+15  -4.89575e+15  -1.71199e+16  -5.15874e+15  4.48219e+15  1.68966e+15  -5.2525e+14  -2.11213e+14  3.13838e+13  6.84262e+12  5.35361e+12  1.03933e+14  -4.70799e+12  -1.60446e+15  -2.88371e+15  -1.60446e+15  -4.70799e+12  1.03933e+14  5.35361e+12  6.84262e+12  3.13838e+13  -2.11213e+14  -5.2525e+14  1.68966e+15  4.48219e+15  -5.15874e+15  -1.71199e+16  -4.89575e+15  8.30287e+15  1.27024e+16  
-4.7968e+15  -5.135e+15  -6.14959e+15  -1.25896e+15  3.51247e+15  1.35723e+15  -6.88246e+14  -3.03206e+14  6.68274e+13  3.12957e+13  -3.16115e+12  -7.36104e+12  -9.88952e+11  7.87619e+13  3.40096e+14  5.59895e+14  3.40096e+14  7.87619e+13  -9.88952e+11  -7.36104e+12  -3.16115e+12  3.12957e+13  6.68274e+13  -3.03206e+14  -6.88246e+14  1.35723e+15  3.51247e+15  -1.25896e+15  -6.14959e+15  -5.135e+15  -4.7968e+15  
-7.71162e+14  -4.86007e+14  3.69457e+14  1.46941e+15  5.44575e+14  -5.16141e+14  -2.43691e+14  8.09848e+13  4.24445e+13  -6.43808e+12  -3.39096e+12  4.49755e+11  -2.80704e+12  -5.60876e+12  2.60841e+13  5.67914e+13  2.60841e+13  -5.60876e+12  -2.80704e+12  4.49755e+11  -3.39096e+12  -6.43808e+12  4.24445e+13  8.09848e+13  -2.43691e+14  -5.16141e+14  5.44575e+14  1.46941e+15  3.69457e+14  -4.86007e+14  -7.71162e+14  
1.81265e+14  2.03246e+14  2.69188e+14  7.35178e+13  -2.06688e+14  -1.02442e+14  5.42937e+13  3.18347e+13  -7.00897e+12  -4.62946e+12  4.28667e+11  3.64567e+11  9.7809e+10  -5.59586e+11  -2.59836e+12  -4.24826e+12  -2.59836e+12  -5.59586e+11  9.7809e+10  3.64567e+11  4.28667e+11  -4.62946e+12  -7.00897e+12  3.18347e+13  5.42937e+13  -1.02442e+14  -2.06688e+14  7.35178e+13  2.69188e+14  2.03246e+14  1.81265e+14  
1.35858e+13  8.39685e+12  -7.16997e+12  -3.74594e+13  -1.88739e+13  1.82365e+13  1.21064e+13  -4.00829e+12  -3.22593e+12  4.32727e+11  4.36382e+11  -1.66863e+10  -2.78865e+10  3.24703e+08  -3.65048e+09  -1.59572e+10  -3.65048e+09  3.24703e+08  -2.78865e+10  -1.66863e+10  4.36382e+11  4.32727e+11  -3.22593e+12  -4.00829e+12  1.21064e+13  1.82365e+13  -1.88739e+13  -3.74594e+13  -7.16997e+12  8.39685e+12  1.35858e+13  
0  0  0  0  0  0  0  0  0  0  0  0  0  0  0  0  0  0  0  0  0  0  0  0  0  0  0  0  0  0  0  
