1  1  1  1  1  1  1  1  1  1  1  1  1  1  1  1  1  1  1  1  1  1  1  1  1  1  1  1  1  1  1  
-2.14908e+14  -1.31879e+14  1.17207e+14  -2.72625e+15  -5.14507e+15  4.30125e+16  8.14836e+16  -3.09777e+17  -6.23407e+17  1.1141e+18  2.5342e+18  -1.54184e+18  -4.80201e+18  -1.18256e+18  1.12936e+18  1.12421e+18  1.12936e+18  -1.18256e+18  -4.80201e+18  -1.54184e+18  2.5342e+18  1.1141e+18  -6.23407e+17  -3.09777e+17  8.14836e+16  4.30125e+16  -5.14507e+15  -2.72625e+15  1.17207e+14  -1.31879e+14  -2.14908e+14  
-3.10758e+16  -2.73405e+16  -1.61346e+16  -2.99219e+15  3.26344e+16  8.34586e+16  -4.44578e+17  -1.12733e+18  2.95113e+18  7.81659e+18  -8.81358e+18  -2.74216e+19  3.2781e+18  3.36112e+19  2.29826e+19  1.82894e+19  2.29826e+19  3.36112e+19  3.2781e+18  -2.74216e+19  -8.81358e+18  7.81659e+18  2.95113e+18  -1.12733e+18  -4.44578e+17  8.34586e+16  3.26344e+16  -2.99219e+15  -1.61346e+16  -2.73405e+16  -3.10758e+16  
1.16959e+18  8.82782e+17  2.23481e+16  -5.08907e+16  4.00068e+16  -3.39844e+17  -1.0723e+18  3.95844e+18  1.2086e+19  -2.15283e+19  -7.08911e+19  4.03314e+19  1.88386e+20  6.49665e+19  -6.48563e+19  -7.38666e+19  -6.48563e+19  6.49665e+19  1.88386e+20  4.03314e+19  -7.08911e+19  -2.15283e+19  1.2086e+19  3.95844e+18  -1.0723e+18  -3.39844e+17  4.00068e+16  -5.08907e+16  2.23481e+16  8.82782e+17  1.16959e+18  
3.03016e+18  2.67584e+18  1.61287e+18  2.76897e+17  -2.52454e+17  -5.79025e+17  2.91019e+18  1.03519e+19  -2.72325e+19  -9.79061e+19  1.10751e+20  4.65351e+20  -2.9398e+19  -7.68098e+20  -6.16811e+20  -4.84215e+20  -6.16811e+20  -7.68098e+20  -2.9398e+19  4.65351e+20  1.10751e+20  -9.79061e+19  -2.72325e+19  1.03519e+19  2.91019e+18  -5.79025e+17  -2.52454e+17  2.76897e+17  1.61287e+18  2.67584e+18  3.03016e+18  
-5.90747e+19  -4.56281e+19  -5.28852e+18  1.51963e+18  2.64422e+17  1.09051e+18  5.05426e+18  -1.92035e+19  -7.74802e+19  1.44036e+20  6.14678e+20  -3.506e+20  -2.19695e+21  -9.43799e+20  1.07322e+21  1.35829e+21  1.07322e+21  -9.43799e+20  -2.19695e+21  -3.506e+20  6.14678e+20  1.44036e+20  -7.74802e+19  -1.92035e+19  5.05426e+18  1.09051e+18  2.64422e+17  1.51963e+18  -5.28851e+18  -4.56281e+19  -5.90747e+19  
-4.34325e+19  -3.73581e+19  -1.91349e+19  -7.40824e+18  1.12571e+18  1.7045e+18  -7.69115e+18  -3.57822e+19  1.01905e+20  4.67167e+20  -5.72399e+20  -3.0367e+21  1.1176e+20  6.80503e+21  6.27919e+21  4.92804e+21  6.27919e+21  6.80503e+21  1.1176e+20  -3.0367e+21  -5.72399e+20  4.67167e+20  1.01905e+20  -3.57822e+19  -7.69115e+18  1.7045e+18  1.12571e+18  -7.40824e+18  -1.91349e+19  -3.73581e+19  -4.34325e+19  
8.96343e+20  7.03431e+20  1.24694e+20  -4.0588e+18  -3.61434e+18  -1.36543e+18  -9.29033e+18  4.03429e+19  2.07894e+20  -4.39903e+20  -2.33286e+21  1.4967e+21  1.15828e+22  5.8447e+21  -8.12767e+21  -1.11792e+22  -8.12767e+21  5.8447e+21  1.15828e+22  1.4967e+21  -2.33286e+21  -4.39903e+20  2.07894e+20  4.03429e+19  -9.29033e+18  -1.36543e+18  -3.61434e+18  -4.0588e+18  1.24694e+20  7.03431e+20  8.96343e+20  
1.30738e+20  8.50825e+19  -5.1884e+19  4.2067e+19  -5.13704e+17  -2.24665e+18  8.68862e+18  5.28046e+19  -1.80537e+20  -1.03303e+21  1.51573e+21  9.71825e+21  -5.14835e+20  -3.0716e+22  -3.21478e+22  -2.55492e+22  -3.21478e+22  -3.0716e+22  -5.14835e+20  9.71825e+21  1.51573e+21  -1.03303e+21  -1.80537e+20  5.28046e+19  8.68862e+18  -2.24665e+18  -5.13705e+17  4.2067e+19  -5.1884e+19  8.50825e+19  1.30738e+20  
-6.28638e+21  -4.98357e+21  -1.07517e+21  -2.06147e+19  4.88975e+18  8.86697e+17  6.9548e+18  -3.92342e+19  -2.58718e+20  6.94032e+20  4.48112e+21  -3.70197e+21  -3.28225e+22  -1.85977e+22  3.40198e+22  4.98861e+22  3.40198e+22  -1.85977e+22  -3.28225e+22  -3.70197e+21  4.48112e+21  6.94032e+20  -2.58718e+20  -3.92342e+19  6.9548e+18  8.86697e+17  4.88975e+18  -2.06147e+19  -1.07517e+21  -4.98357e+21  -6.28638e+21  
7.83622e+20  9.90957e+20  1.61296e+21  9.47255e+19  -1.33161e+18  7.44732e+17  -4.08742e+18  -3.39516e+19  1.59116e+20  1.14019e+21  -2.25286e+21  -1.69721e+22  2.39215e+21  8.0212e+22  9.44564e+22  7.6941e+22  9.44564e+22  8.0212e+22  2.39215e+21  -1.69721e+22  -2.25286e+21  1.14019e+21  1.59116e+20  -3.39516e+19  -4.08742e+18  7.44732e+17  -1.33161e+18  9.47255e+19  1.61296e+21  9.90957e+20  7.83622e+20  
2.44023e+22  1.94467e+22  4.58006e+21  -1.5581e+20  -1.30159e+19  -1.87532e+17  -1.93637e+18  1.70244e+19  1.49689e+20  -5.82422e+20  -4.58503e+21  5.6175e+21  5.41965e+22  3.28344e+22  -8.6545e+22  -1.33115e+23  -8.6545e+22  3.28344e+22  5.41965e+22  5.6175e+21  -4.58503e+21  -5.82422e+20  1.49689e+20  1.70244e+19  -1.93637e+18  -1.87532e+17  -1.30159e+19  -1.5581e+20  4.58006e+21  1.94467e+22  2.44023e+22  
-6.50719e+21  -7.16933e+21  -9.15573e+21  -1.54497e+21  2.46064e+19  2.35894e+18  6.61616e+17  8.53871e+18  -6.63145e+19  -6.19984e+20  1.89982e+21  1.67636e+22  -6.22401e+21  -1.29167e+23  -1.70615e+23  -1.44155e+23  -1.70615e+23  -1.29167e+23  -6.22401e+21  1.67636e+22  1.89982e+21  -6.19984e+20  -6.63145e+19  8.53871e+18  6.61616e+17  2.35894e+18  2.46064e+19  -1.54497e+21  -9.15573e+21  -7.16933e+21  -6.50719e+21  
-5.7492e+22  -4.5865e+22  -1.09839e+22  2.09893e+21  3.77385e+20  -4.56805e+18  -4.11921e+17  -2.66427e+18  -3.56822e+19  2.44187e+20  2.44235e+21  -5.16247e+21  -5.36375e+22  -3.20617e+22  1.40585e+23  2.23791e+23  1.40585e+23  -3.20617e+22  -5.36375e+22  -5.16247e+21  2.44235e+21  2.44187e+20  -3.56822e+19  -2.66427e+18  -4.11921e+17  -4.56805e+18  3.77385e+20  2.09893e+21  -1.09839e+22  -4.5865e+22  -5.7492e+22  
1.96861e+22  2.12189e+22  2.58171e+22  5.74242e+21  -4.45637e+20  -9.17063e+19  9.45244e+17  -4.27985e+17  1.04572e+19  1.45952e+20  -8.46753e+20  -9.13087e+21  8.61296e+21  1.31719e+23  1.95891e+23  1.73876e+23  1.95891e+23  1.31719e+23  8.61296e+21  -9.13087e+21  -8.46753e+20  1.45952e+20  1.04572e+19  -4.27985e+17  9.45244e+17  -9.17063e+19  -4.45637e+20  5.74242e+21  2.58171e+22  2.12189e+22  1.96861e+22  
8.63149e+22  6.86817e+22  1.57819e+22  -7.7987e+21  -1.88238e+21  9.69426e+19  2.27881e+19  -1.51171e+17  2.26171e+18  -4.06783e+19  -5.94072e+20  2.65907e+21  3.12468e+22  1.47016e+22  -1.4896e+23  -2.42804e+23  -1.4896e+23  1.47016e+22  3.12468e+22  2.65907e+21  -5.94072e+20  -4.06783e+19  2.26171e+18  -1.51171e+17  2.27881e+19  9.69426e+19  -1.88238e+21  -7.7987e+21  1.57819e+22  6.86817e+22  8.63149e+22  
-3.25888e+22  -3.5082e+22  -4.25617e+22  -1.09431e+22  1.98271e+21  5.40895e+20  -2.15707e+19  -5.72794e+18  -2.05391e+17  -9.61391e+18  1.58776e+20  2.42803e+21  -6.36467e+21  -8.48434e+22  -1.44154e+23  -1.36412e+23  -1.44154e+23  -8.48434e+22  -6.36467e+21  2.42803e+21  1.58776e+20  -9.61391e+18  -2.05391e+17  -5.72794e+18  -2.15707e+19  5.40895e+20  1.98271e+21  -1.09431e+22  -4.25617e+22  -3.5082e+22  -3.25888e+22  
-8.43718e+22  -6.67563e+22  -1.391e+22  1.45116e+22  4.19758e+21  -4.74005e+20  -1.4675e+20  4.80885e+18  1.43493e+18  1.06144e+18  4.23258e+19  -6.22033e+20  -9.77649e+21  6.07141e+20  1.02914e+23  1.70369e+23  1.02914e+23  6.07141e+20  -9.77649e+21  -6.22033e+20  4.23258e+19  1.06144e+18  1.43493e+18  4.80885e+18  -1.4675e+20  -4.74005e+20  4.19758e+21  1.45116e+22  -1.391e+22  -6.67563e+22  -8.43718e+22  
3.24061e+22  3.5146e+22  4.33655e+22  1.23116e+22  -3.98421e+21  -1.31277e+21  1.08802e+20  3.81519e+19  -1.0476e+18  -3.54527e+17  -4.71121e+18  -2.05222e+20  2.2918e+21  3.33392e+22  6.70111e+22  6.88696e+22  6.70111e+22  3.33392e+22  2.2918e+21  -2.05222e+20  -4.71121e+18  -3.54527e+17  -1.0476e+18  3.81519e+19  1.08802e+20  -1.31277e+21  -3.98421e+21  1.23116e+22  4.33655e+22  3.5146e+22  3.24061e+22  
5.36977e+22  4.21449e+22  7.4866e+21  -1.53935e+22  -5.12535e+21  9.76556e+20  3.67148e+20  -2.37822e+19  -9.45582e+18  1.7253e+17  4.61242e+17  2.49835e+19  1.14594e+21  -3.8478e+21  -4.5361e+22  -7.58218e+22  -4.5361e+22  -3.8478e+21  1.14594e+21  2.49835e+19  4.61242e+17  1.7253e+17  -9.45582e+18  -2.37822e+19  3.67148e+20  9.76556e+20  -5.12535e+21  -1.53935e+22  7.4866e+21  4.21449e+22  5.36977e+22  
-1.97634e+22  -2.17234e+22  -2.76034e+22  -8.5384e+21  4.25304e+21  1.63936e+21  -2.18941e+20  -9.40827e+19  4.85161e+18  2.12612e+18  -6.04686e+17  4.33622e+18  -2.14224e+20  -7.31844e+21  -1.88819e+22  -2.16196e+22  -1.88819e+22  -7.31844e+21  -2.14224e+20  4.33622e+18  -6.04686e+17  2.12612e+18  4.85161e+18  -9.40827e+19  -2.18941e+20  1.63936e+21  4.25304e+21  -8.5384e+21  -2.76034e+22  -2.17234e+22  -1.97634e+22  
-2.17755e+22  -1.69298e+22  -2.39239e+21  9.60317e+21  3.6396e+21  -1.00529e+21  -4.47621e+20  4.45538e+19  2.20531e+19  -6.34591e+17  -1.62259e+18  -8.62244e+18  1.01251e+20  1.67706e+21  1.21463e+22  2.0428e+22  1.21463e+22  1.67706e+21  1.01251e+20  -8.62244e+18  -1.62259e+18  -6.34591e+17  2.20531e+19  4.45538e+19  -4.47621e+20  -1.00529e+21  3.6396e+21  9.60317e+21  -2.39239e+21  -1.69298e+22  -2.17755e+22  
7.24497e+21  8.1168e+21  1.07323e+22  3.6415e+21  -2.50945e+21  -1.12388e+21  2.07506e+20  1.07244e+20  -8.05198e+18  -4.52522e+18  2.3083e+18  -8.16168e+18  -8.30003e+19  7.07278e+20  2.97375e+21  3.94249e+21  2.97375e+21  7.07278e+20  -8.30003e+19  -8.16168e+18  2.3083e+18  -4.52522e+18  -8.05198e+18  1.07244e+20  2.07506e+20  -1.12388e+21  -2.50945e+21  3.6415e+21  1.07323e+22  8.1168e+21  7.24497e+21  
5.35412e+21  4.12458e+21  4.35947e+20  -3.44498e+21  -1.49483e+21  5.36587e+20  2.82622e+20  -3.68689e+19  -2.2462e+19  8.95457e+17  1.25759e+18  9.23056e+18  -2.27098e+19  -2.98567e+20  -1.80164e+21  -3.04618e+21  -1.80164e+21  -2.98567e+20  -2.27098e+19  9.23056e+18  1.25759e+18  8.95457e+17  -2.2462e+19  -3.68689e+19  2.82622e+20  5.36587e+20  -1.49483e+21  -3.44498e+21  4.35947e+20  4.12458e+21  5.35412e+21  
-1.50007e+21  -1.7243e+21  -2.39702e+21  -9.12974e+20  7.94407e+20  4.17117e+20  -9.49945e+19  -5.94713e+19  5.43593e+18  4.03003e+18  -1.02514e+18  3.46162e+17  2.0041e+19  -2.4521e+17  -2.24075e+20  -3.67409e+20  -2.24075e+20  -2.4521e+17  2.0041e+19  3.46162e+17  -1.02514e+18  4.03003e+18  5.43593e+18  -5.94713e+19  -9.49945e+19  4.17117e+20  7.94407e+20  -9.12974e+20  -2.39702e+21  -1.7243e+21  -1.50007e+21  
-7.25828e+20  -5.55702e+20  -4.5325e+19  6.57256e+20  3.3286e+20  -1.41757e+20  -8.98097e+19  1.3538e+19  1.03887e+19  -5.3957e+17  -5.29647e+17  -1.36306e+18  -7.87325e+17  2.06807e+19  1.23645e+20  2.10801e+20  1.23645e+20  2.06807e+19  -7.87325e+17  -1.36306e+18  -5.29647e+17  -5.3957e+17  1.03887e+19  1.3538e+19  -8.98097e+19  -1.41757e+20  3.3286e+20  6.57256e+20  -4.5325e+19  -5.55702e+20  -7.25828e+20  
1.54101e+20  1.83388e+20  2.71247e+20  1.20513e+20  -1.21446e+20  -7.66587e+19  1.95046e+19  1.52985e+19  -1.45209e+18  -1.47846e+18  1.08315e+17  1.857e+17  -1.08116e+18  -2.71077e+18  5.75728e+18  1.33833e+19  5.75728e+18  -2.71077e+18  -1.08116e+18  1.857e+17  1.08315e+17  -1.47846e+18  -1.45209e+18  1.52985e+19  1.95046e+19  -7.66587e+19  -1.21446e+20  1.20513e+20  2.71247e+20  1.83388e+20  1.54101e+20  
4.49288e+19  3.44503e+19  3.01465e+18  -5.61222e+19  -3.43952e+19  1.59911e+19  1.27303e+19  -1.96185e+18  -2.04712e+18  9.72561e+16  1.57052e+17  3.52025e+16  9.82177e+16  -3.5869e+17  -2.55392e+18  -4.44101e+18  -2.55392e+18  -3.5869e+17  9.82177e+16  3.52025e+16  1.57052e+17  9.72561e+16  -2.04712e+18  -1.96185e+18  1.27303e+19  1.59911e+19  -3.43952e+19  -5.61222e+19  3.01465e+18  3.44503e+19  4.49288e+19  
-5.90518e+18  -7.38979e+18  -1.18436e+19  -6.51673e+18  7.0069e+18  5.63263e+18  -1.45258e+18  -1.56687e+18  1.26014e+17  2.13753e+17  -1.68834e+15  -1.62195e+16  6.14127e+15  3.54676e+16  -1.65952e+16  -8.45947e+16  -1.65952e+16  3.54676e+16  6.14127e+15  -1.62195e+16  -1.68834e+15  2.13753e+17  1.26014e+17  -1.56687e+18  -1.45258e+18  5.63263e+18  7.0069e+18  -6.51673e+18  -1.18436e+19  -7.38979e+18  -5.90518e+18  
-7.98588e+17  -6.24172e+17  -1.00926e+17  1.40545e+18  1.1354e+18  -5.35267e+17  -6.1103e+17  8.13446e+16  1.50195e+17  -1.98766e+15  -1.91781e+16  -7.41383e+14  1.17913e+15  5.08353e+13  5.52789e+14  1.37876e+15  5.52789e+14  5.08353e+13  1.17913e+15  -7.41383e+14  -1.91781e+16  -1.98766e+15  1.50195e+17  8.13446e+16  -6.1103e+17  -5.35267e+17  1.1354e+18  1.40545e+18  -1.00926e+17  -6.24172e+17  -7.98588e+17  
0  0  0  0  0  0  0  0  0  0  0  0  0  0  0  0  0  0  0  0  0  0  0  0  0  0  0  0  0  0  0  
