1  1  1  1  1  1  1  1  1  1  1  1  1  1  1  1  1  1  1  1  1  1  1  1  1  1  1  1  1  1  1  
0.967652  0.96763  0.967567  0.967464  0.967326  0.967159  0.966971  0.96677  0.966564  0.966362  0.966174  0.966007  0.96587  0.965767  0.965703  0.965682  0.965703  0.965767  0.96587  0.966007  0.966174  0.966362  0.966564  0.96677  0.966971  0.967159  0.967326  0.967464  0.967567  0.96763  0.967652  
0.935292  0.93525  0.935123  0.934919  0.934645  0.934313  0.933939  0.933538  0.933129  0.932728  0.932354  0.932022  0.931748  0.931543  0.931417  0.931374  0.931417  0.931543  0.931748  0.932022  0.932354  0.932728  0.933129  0.933538  0.933939  0.934313  0.934645  0.934919  0.935123  0.93525  0.935292  
0.902911  0.902849  0.902661  0.902356  0.901949  0.901456  0.9009  0.900304  0.899696  0.8991  0.898544  0.898051  0.897644  0.897339  0.897151  0.897088  0.897151  0.897339  0.897644  0.898051  0.898544  0.8991  0.899696  0.900304  0.9009  0.901456  0.901949  0.902356  0.902661  0.902849  0.902911  
0.870499  0.870416  0.870169  0.869768  0.869232  0.868583  0.867851  0.867067  0.866266  0.865482  0.86475  0.864102  0.863565  0.863165  0.862917  0.862833  0.862917  0.863165  0.863565  0.864102  0.86475  0.865482  0.866266  0.867067  0.867851  0.868583  0.869232  0.869768  0.870169  0.870416  0.870499  
0.838044  0.837943  0.837638  0.837146  0.836487  0.83569  0.83479  0.833826  0.832841  0.831877  0.830977  0.83018  0.829521  0.829028  0.828724  0.828621  0.828724  0.829028  0.829521  0.83018  0.830977  0.831877  0.832841  0.833826  0.83479  0.83569  0.836487  0.837146  0.837638  0.837943  0.838044  
0.805538  0.805419  0.805061  0.804482  0.803707  0.80277  0.801712  0.800579  0.799421  0.798288  0.79723  0.796293  0.795518  0.794939  0.794581  0.79446  0.794581  0.794939  0.795518  0.796293  0.79723  0.798288  0.799421  0.800579  0.801712  0.80277  0.803707  0.804482  0.805061  0.805419  0.805538  
0.772971  0.772835  0.772428  0.771769  0.770886  0.76982  0.768615  0.767326  0.766007  0.764718  0.763513  0.762447  0.761565  0.760905  0.760498  0.76036  0.760498  0.760905  0.761565  0.762447  0.763513  0.764718  0.766007  0.767326  0.768615  0.76982  0.770886  0.771769  0.772428  0.772835  0.772971  
0.740335  0.740184  0.739732  0.739  0.73802  0.736835  0.735498  0.734065  0.732601  0.731169  0.729831  0.728647  0.727667  0.726935  0.726482  0.726329  0.726482  0.726935  0.727667  0.728647  0.729831  0.731169  0.732601  0.734065  0.735498  0.736835  0.73802  0.739  0.739732  0.740184  0.740335  
0.707622  0.707458  0.706966  0.706169  0.705102  0.703812  0.702356  0.700797  0.699203  0.697644  0.696188  0.694898  0.693831  0.693034  0.692542  0.692375  0.692542  0.693034  0.693831  0.694898  0.696188  0.697644  0.699203  0.700797  0.702356  0.703812  0.705102  0.706169  0.706966  0.707458  0.707622  
0.674826  0.67465  0.674123  0.67327  0.672128  0.670748  0.669189  0.66752  0.665813  0.664144  0.662586  0.661205  0.660063  0.65921  0.658683  0.658505  0.658683  0.65921  0.660063  0.661205  0.662586  0.664144  0.665813  0.66752  0.669189  0.670748  0.672128  0.67327  0.674123  0.67465  0.674826  
0.641941  0.641755  0.641199  0.640299  0.639095  0.637638  0.635994  0.634233  0.632433  0.630673  0.629028  0.627572  0.626368  0.625468  0.624912  0.624723  0.624912  0.625468  0.626368  0.627572  0.629028  0.630673  0.632433  0.634233  0.635994  0.637638  0.639095  0.640299  0.641199  0.641755  0.641941  
0.608961  0.608768  0.608189  0.607252  0.605998  0.604482  0.60277  0.600937  0.599063  0.59723  0.595518  0.594002  0.592748  0.591811  0.591232  0.591037  0.591232  0.591811  0.592748  0.594002  0.595518  0.59723  0.599063  0.600937  0.60277  0.604482  0.605998  0.607252  0.608189  0.608768  0.608961  
0.575883  0.575684  0.575088  0.574125  0.572835  0.571276  0.569515  0.56763  0.565703  0.563818  0.562057  0.560498  0.559208  0.558245  0.557649  0.557448  0.557649  0.558245  0.559208  0.560498  0.562057  0.563818  0.565703  0.56763  0.569515  0.571276  0.572835  0.574125  0.575088  0.575684  0.575883  
0.542703  0.542502  0.541896  0.540916  0.539605  0.53802  0.53623  0.534313  0.532354  0.530437  0.528647  0.527061  0.52575  0.524771  0.524165  0.52396  0.524165  0.524771  0.52575  0.527061  0.528647  0.530437  0.532354  0.534313  0.53623  0.53802  0.539605  0.540916  0.541896  0.542502  0.542703  
0.509422  0.509219  0.50861  0.507625  0.506306  0.504712  0.502912  0.500985  0.499015  0.497088  0.495288  0.493694  0.492375  0.49139  0.490781  0.490575  0.490781  0.49139  0.492375  0.493694  0.495288  0.497088  0.499015  0.500985  0.502912  0.504712  0.506306  0.507625  0.50861  0.509219  0.509422  
0.476037  0.475835  0.475229  0.47425  0.472939  0.471353  0.469563  0.467646  0.465687  0.46377  0.46198  0.460395  0.459084  0.458104  0.457498  0.457294  0.457498  0.458104  0.459084  0.460395  0.46198  0.46377  0.465687  0.467646  0.469563  0.471353  0.472939  0.47425  0.475229  0.475835  0.476037  
0.442549  0.442351  0.441755  0.440792  0.439502  0.437943  0.436182  0.434297  0.43237  0.430485  0.428724  0.427165  0.425875  0.424912  0.424316  0.424115  0.424316  0.424912  0.425875  0.427165  0.428724  0.430485  0.43237  0.434297  0.436182  0.437943  0.439502  0.440792  0.441755  0.442351  0.442549  
0.408961  0.408768  0.408189  0.407252  0.405998  0.404482  0.40277  0.400937  0.399063  0.39723  0.395518  0.394002  0.392748  0.391811  0.391232  0.391037  0.391232  0.391811  0.392748  0.394002  0.395518  0.39723  0.399063  0.400937  0.40277  0.404482  0.405998  0.407252  0.408189  0.408768  0.408961  
0.375274  0.375088  0.374532  0.373632  0.372428  0.370972  0.369327  0.367567  0.365767  0.364006  0.362362  0.360905  0.359701  0.358801  0.358245  0.358057  0.358245  0.358801  0.359701  0.360905  0.362362  0.364006  0.365767  0.367567  0.369327  0.370972  0.372428  0.373632  0.374532  0.375088  0.375274  
0.341493  0.341317  0.34079  0.339937  0.338795  0.337414  0.335856  0.334187  0.33248  0.330811  0.329252  0.327872  0.32673  0.325877  0.32535  0.325171  0.32535  0.325877  0.32673  0.327872  0.329252  0.330811  0.33248  0.334187  0.335856  0.337414  0.338795  0.339937  0.34079  0.341317  0.341493  
0.307622  0.307458  0.306966  0.306169  0.305102  0.303812  0.302356  0.300797  0.299203  0.297644  0.296188  0.294898  0.293831  0.293034  0.292542  0.292375  0.292542  0.293034  0.293831  0.294898  0.296188  0.297644  0.299203  0.300797  0.302356  0.303812  0.305102  0.306169  0.306966  0.307458  0.307622  
0.273668  0.273518  0.273065  0.272333  0.271353  0.270169  0.268831  0.267399  0.265935  0.264502  0.263165  0.26198  0.261  0.260268  0.259816  0.259663  0.259816  0.260268  0.261  0.26198  0.263165  0.264502  0.265935  0.267399  0.268831  0.270169  0.271353  0.272333  0.273065  0.273518  0.273668  
0.239638  0.239502  0.239095  0.238435  0.237553  0.236487  0.235282  0.233993  0.232674  0.231385  0.23018  0.229114  0.228231  0.227572  0.227165  0.227027  0.227165  0.227572  0.228231  0.229114  0.23018  0.231385  0.232674  0.233993  0.235282  0.236487  0.237553  0.238435  0.239095  0.239502  0.239638  
0.205538  0.205419  0.205061  0.204482  0.203707  0.20277  0.201712  0.200579  0.199421  0.198288  0.19723  0.196293  0.195518  0.194939  0.194581  0.19446  0.194581  0.194939  0.195518  0.196293  0.19723  0.198288  0.199421  0.200579  0.201712  0.20277  0.203707  0.204482  0.205061  0.205419  0.205538  
0.171378  0.171276  0.170972  0.170479  0.16982  0.169023  0.168123  0.167159  0.166174  0.16521  0.16431  0.163513  0.162854  0.162362  0.162057  0.161954  0.162057  0.162362  0.162854  0.163513  0.16431  0.16521  0.166174  0.167159  0.168123  0.169023  0.16982  0.170479  0.170972  0.171276  0.171378  
0.137166  0.137083  0.136835  0.136435  0.135898  0.13525  0.134518  0.133734  0.132933  0.132149  0.131417  0.130768  0.130232  0.129831  0.129584  0.1295  0.129584  0.129831  0.130232  0.130768  0.131417  0.132149  0.132933  0.133734  0.134518  0.13525  0.135898  0.136435  0.136835  0.137083  0.137166  
0.102911  0.102849  0.102661  0.102356  0.101949  0.101456  0.1009  0.100304  0.0996956  0.0991  0.0985438  0.0980512  0.0976438  0.0973394  0.0971512  0.0970876  0.0971512  0.0973394  0.0976438  0.0980512  0.0985438  0.0991  0.0996956  0.100304  0.1009  0.101456  0.101949  0.102356  0.102661  0.102849  0.102911  
0.0686256  0.0685834  0.0684568  0.068252  0.0679778  0.0676464  0.0672722  0.0668715  0.0664618  0.0660611  0.0656869  0.0653555  0.0650814  0.0648766  0.06475  0.0647071  0.06475  0.0648766  0.0650814  0.0653555  0.0656869  0.0660611  0.0664618  0.0668715  0.0672722  0.0676464  0.0679778  0.068252  0.0684568  0.0685834  0.0686256  
0.0343182  0.034297  0.0342333  0.0341303  0.0339925  0.0338259  0.0336378  0.0334363  0.0332304  0.0330289  0.0328408  0.0326741  0.0325363  0.0324333  0.0323697  0.0323482  0.0323697  0.0324333  0.0325363  0.0326741  0.0328408  0.0330289  0.0332304  0.0334363  0.0336378  0.0338259  0.0339925  0.0341303  0.0342333  0.034297  0.0343182  
0  0  0  0  0  0  0  0  0  0  0  0  0  0  0  0  0  0  0  0  0  0  0  0  0  0  0  0  0  0  0  
