1  1  1  1  1  1  1  1  1  1  1  1  1  1  1  1  1  1  1  1  1  1  1  1  1  1  1  1  1  1  1  
0.967085  0.96355  0.952945  0.93706  0.918027  0.897701  0.877417  0.858044  0.840135  0.824057  0.810068  0.798362  0.789094  0.782383  0.778319  0.776958  0.778319  0.782383  0.789094  0.798362  0.810068  0.824057  0.840135  0.858044  0.877417  0.897701  0.918027  0.93706  0.952945  0.96355  0.967085  
0.934679  0.927844  0.907336  0.876797  0.840576  0.80246  0.765146  0.730313  0.698906  0.671414  0.648056  0.628918  0.614021  0.603372  0.596978  0.594846  0.596978  0.603372  0.614021  0.628918  0.648056  0.671414  0.698906  0.730313  0.765146  0.80246  0.840576  0.876797  0.907336  0.927844  0.934679  
0.90326  0.893554  0.864438  0.821471  0.77131  0.71973  0.670744  0.626645  0.588438  0.556314  0.530026  0.509164  0.493324  0.482196  0.475585  0.473391  0.475585  0.482196  0.493324  0.509164  0.530026  0.556314  0.588438  0.626645  0.670744  0.71973  0.77131  0.821471  0.864438  0.893554  0.90326  
0.873243  0.861234  0.825204  0.772642  0.712495  0.652439  0.597579  0.550457  0.511688  0.480725  0.456512  0.437949  0.424159  0.414573  0.408895  0.407011  0.408895  0.414573  0.424159  0.437949  0.456512  0.480725  0.511688  0.550457  0.597579  0.652439  0.712495  0.772642  0.825204  0.861234  0.873243  
0.844964  0.831278  0.790218  0.731079  0.664909  0.600992  0.545128  0.499645  0.464342  0.437646  0.417601  0.402513  0.391249  0.383264  0.378429  0.376803  0.378429  0.383264  0.391249  0.402513  0.417601  0.437646  0.464342  0.499645  0.545128  0.600992  0.664909  0.731079  0.790218  0.831278  0.844964  
0.818663  0.803924  0.759706  0.696849  0.628122  0.563964  0.510392  0.469113  0.43886  0.417004  0.400838  0.388348  0.378476  0.37101  0.36625  0.364605  0.36625  0.37101  0.378476  0.388348  0.400838  0.417004  0.43886  0.469113  0.510392  0.563964  0.628122  0.696849  0.759706  0.803924  0.818663  
0.794487  0.779267  0.733607  0.669507  0.600949  0.539002  0.489478  0.45323  0.427919  0.410031  0.396387  0.384937  0.374943  0.366737  0.361221  0.359264  0.361221  0.366737  0.374943  0.384937  0.396387  0.410031  0.427919  0.45323  0.489478  0.539002  0.600949  0.669507  0.733607  0.779267  0.794487  
0.772495  0.757285  0.711655  0.648307  0.581875  0.523568  0.478711  0.44727  0.426015  0.410821  0.398283  0.386491  0.375145  0.365216  0.358295  0.355801  0.358295  0.365216  0.375145  0.386491  0.398283  0.410821  0.426015  0.44727  0.478711  0.523568  0.581875  0.648307  0.711655  0.757285  0.772495  
0.752674  0.737871  0.693463  0.632381  0.569368  0.515383  0.475132  0.447824  0.4296  0.415975  0.403475  0.39038  0.376835  0.364482  0.355681  0.352478  0.355681  0.364482  0.376835  0.39038  0.403475  0.415975  0.4296  0.447824  0.475132  0.515383  0.569368  0.632381  0.693463  0.737871  0.752674  
0.734953  0.720862  0.678588  0.620856  0.562049  0.512592  0.476569  0.452638  0.436567  0.423695  0.410529  0.395505  0.379176  0.363872  0.352807  0.348754  0.352807  0.363872  0.379176  0.395505  0.410529  0.423695  0.436567  0.452638  0.476569  0.512592  0.562049  0.620856  0.678588  0.720862  0.734953  
0.719225  0.706065  0.666585  0.612929  0.558751  0.513765  0.481498  0.46027  0.445689  0.43302  0.418736  0.401363  0.381809  0.363118  0.349451  0.344419  0.349451  0.363118  0.381809  0.401363  0.418736  0.43302  0.445689  0.46027  0.481498  0.513765  0.558751  0.612929  0.666585  0.706065  0.719225  
0.705355  0.693272  0.657026  0.607891  0.558524  0.517827  0.488863  0.469794  0.456219  0.443377  0.427673  0.407641  0.384501  0.362041  0.345468  0.339339  0.345468  0.362041  0.384501  0.407641  0.427673  0.443377  0.456219  0.469794  0.488863  0.517827  0.558524  0.607891  0.657026  0.693272  0.705355  
0.693197  0.682277  0.64952  0.605137  0.560606  0.523969  0.497913  0.480578  0.46765  0.454364  0.437008  0.414067  0.387036  0.360474  0.340726  0.333396  0.340726  0.360474  0.387036  0.414067  0.437008  0.454364  0.46765  0.480578  0.497913  0.523969  0.560606  0.605137  0.64952  0.682277  0.693197  
0.6826  0.67288  0.643719  0.604152  0.564379  0.531569  0.508093  0.49216  0.479596  0.465641  0.446434  0.420363  0.389178  0.358236  0.33509  0.326473  0.33509  0.358236  0.389178  0.420363  0.446434  0.465641  0.479596  0.49216  0.508093  0.531569  0.564379  0.604152  0.643719  0.67288  0.6826  
0.673416  0.664891  0.639316  0.604504  0.569343  0.540132  0.518967  0.504167  0.491726  0.476889  0.455631  0.426222  0.390659  0.355121  0.328417  0.318453  0.328417  0.355121  0.390659  0.426222  0.455631  0.476889  0.491726  0.504167  0.518967  0.540132  0.569343  0.604504  0.639316  0.664891  0.673416  
0.665502  0.658137  0.636043  0.605828  0.575081  0.549251  0.530169  0.516271  0.503724  0.487777  0.464246  0.431289  0.391168  0.350897  0.320551  0.309212  0.320551  0.350897  0.391168  0.431289  0.464246  0.487777  0.503724  0.516271  0.530169  0.549251  0.575081  0.605828  0.636043  0.658137  0.665502  
0.65872  0.652456  0.633665  0.607812  0.58124  0.558572  0.541367  0.528158  0.515265  0.497943  0.471874  0.435152  0.39034  0.345296  0.311321  0.29862  0.311321  0.345296  0.39034  0.435152  0.471874  0.497943  0.515265  0.528158  0.541367  0.558572  0.58124  0.607812  0.633665  0.652456  0.65872  
0.65294  0.647699  0.631979  0.610191  0.587515  0.567776  0.552243  0.539498  0.525979  0.506954  0.478026  0.437312  0.387746  0.338014  0.300545  0.286545  0.300545  0.338014  0.387746  0.437312  0.478026  0.506954  0.525979  0.539498  0.552243  0.567776  0.587515  0.610191  0.631979  0.647699  0.65294  
0.648035  0.643727  0.630803  0.612732  0.593631  0.57656  0.562464  0.549909  0.535409  0.514262  0.482087  0.437162  0.382875  0.328702  0.288026  0.272852  0.288026  0.328702  0.382875  0.437162  0.482087  0.514262  0.535409  0.549909  0.562464  0.57656  0.593631  0.612732  0.630803  0.643727  0.648035  
0.643883  0.640404  0.629969  0.615221  0.599321  0.5846  0.571633  0.558896  0.542935  0.519128  0.48326  0.433945  0.375126  0.316972  0.273559  0.257409  0.273559  0.316972  0.375126  0.433945  0.48326  0.519128  0.542935  0.558896  0.571633  0.5846  0.599321  0.615221  0.629969  0.640404  0.643883  
0.640343  0.637583  0.629302  0.617433  0.604282  0.59148  0.579189  0.565721  0.547643  0.520511  0.480482  0.426724  0.363799  0.302401  0.256939  0.240093  0.256939  0.302401  0.363799  0.426724  0.480482  0.520511  0.547643  0.565721  0.579189  0.59148  0.604282  0.617433  0.629302  0.637583  0.640343  
0.637208  0.63504  0.628534  0.619014  0.608021  0.596509  0.584188  0.569178  0.548112  0.516906  0.472343  0.414348  0.348097  0.284541  0.23797  0.220797  0.23797  0.284541  0.348097  0.414348  0.472343  0.516906  0.548112  0.569178  0.584188  0.596509  0.608021  0.619014  0.628534  0.63504  0.637208  
0.633941  0.632209  0.627011  0.619143  0.609458  0.598272  0.584858  0.567188  0.542118  0.506169  0.457012  0.395451  0.32716  0.262954  0.216485  0.199448  0.216485  0.262954  0.32716  0.395451  0.457012  0.506169  0.542118  0.567188  0.584858  0.598272  0.609458  0.619143  0.627011  0.632209  0.633941  
0.628822  0.627314  0.62279  0.615595  0.605993  0.59376  0.577842  0.556245  0.526292  0.485376  0.432233  0.368522  0.300127  0.237255  0.19237  0.176019  0.19237  0.237255  0.300127  0.368522  0.432233  0.485376  0.526292  0.556245  0.577842  0.59376  0.605993  0.615595  0.62279  0.627314  0.628822  
0.616907  0.615352  0.610686  0.602921  0.591902  0.57707  0.557299  0.530907  0.495957  0.450891  0.3955  0.332063  0.266262  0.207179  0.165595  0.150548  0.165595  0.207179  0.266262  0.332063  0.3955  0.450891  0.495957  0.530907  0.557299  0.57707  0.591902  0.602921  0.610686  0.615352  0.616907  
0.587127  0.585276  0.579724  0.570325  0.556764  0.538464  0.514548  0.483923  0.445542  0.398862  0.344483  0.284902  0.225125  0.172661  0.136244  0.123151  0.136244  0.172661  0.225125  0.284902  0.344483  0.398862  0.445542  0.483923  0.514548  0.538464  0.556764  0.570325  0.579724  0.585276  0.587127  
0.521471  0.519302  0.512793  0.50183  0.486205  0.465601  0.439612  0.407828  0.370002  0.32632  0.277774  0.226616  0.176784  0.133929  0.104546  0.0940412  0.104546  0.133929  0.176784  0.226616  0.277774  0.32632  0.370002  0.407828  0.439612  0.465601  0.486205  0.50183  0.512793  0.519302  0.521471  
0.401222  0.399119  0.392809  0.382295  0.367577  0.348657  0.325553  0.298345  0.26725  0.232748  0.195773  0.157976  0.122003  0.0915585  0.0708872  0.0635307  0.0708872  0.0915585  0.122003  0.157976  0.195773  0.232748  0.26725  0.298345  0.325553  0.348657  0.367577  0.382295  0.392809  0.399119  0.401222  
0.220878  0.21954  0.215527  0.208895  0.199732  0.188155  0.174314  0.1584  0.140669  0.12148  0.101381  0.0812272  0.0623278  0.0464968  0.0358148  0.0320243  0.0358148  0.0464968  0.0623278  0.0812272  0.101381  0.12148  0.140669  0.1584  0.174314  0.188155  0.199732  0.208895  0.215527  0.21954  0.220878  
0  0  0  0  0  0  0  0  0  0  0  0  0  0  0  0  0  0  0  0  0  0  0  0  0  0  0  0  0  0  0  
