1  1  1  1  1  1  1  1  1  1  1  1  1  1  1  1  1  1  1  1  1  1  1  1  1  1  1  1  1  1  1  
0.966213  0.962643  0.951934  0.935929  0.916815  0.896479  0.87626  0.857014  0.839274  0.823383  0.809581  0.798047  0.788923  0.782321  0.778325  0.776987  0.778325  0.782321  0.788923  0.798047  0.809581  0.823383  0.839274  0.857014  0.87626  0.896479  0.916815  0.935929  0.951934  0.962643  0.966213  
0.932951  0.926051  0.905351  0.874598  0.838254  0.800168  0.763045  0.728533  0.69753  0.670478  0.647554  0.628808  0.614238  0.603834  0.597591  0.595509  0.597591  0.603834  0.614238  0.628808  0.647554  0.670478  0.69753  0.728533  0.763045  0.800168  0.838254  0.874598  0.905351  0.926051  0.932951  
0.900705  0.890916  0.861547  0.818321  0.768058  0.716626  0.668043  0.624547  0.587065  0.555704  0.53015  0.509939  0.494631  0.483896  0.477525  0.475412  0.477525  0.483896  0.494631  0.509939  0.53015  0.555704  0.587065  0.624547  0.668043  0.716626  0.768058  0.818321  0.861547  0.890916  0.900705  
0.869905  0.857803  0.821497  0.768684  0.708526  0.648811  0.594639  0.548463  0.510775  0.480912  0.457723  0.440045  0.426962  0.417886  0.412516  0.410735  0.412516  0.417886  0.426962  0.440045  0.457723  0.480912  0.510775  0.548463  0.594639  0.648811  0.708526  0.768684  0.821497  0.857803  0.869905  
0.840894  0.827118  0.785793  0.726463  0.660428  0.597093  0.542229  0.498034  0.464139  0.438823  0.42002  0.405971  0.395516  0.388101  0.383603  0.382088  0.383603  0.388101  0.395516  0.405971  0.42002  0.438823  0.464139  0.498034  0.542229  0.597093  0.660428  0.726463  0.785793  0.827118  0.840894  
0.813917  0.799103  0.75466  0.691711  0.623295  0.55997  0.507691  0.467988  0.439393  0.419103  0.404301  0.39292  0.383887  0.377  0.372578  0.371043  0.372578  0.377  0.383887  0.39292  0.404301  0.419103  0.439393  0.467988  0.507691  0.55997  0.623295  0.691711  0.75466  0.799103  0.813917  
0.789125  0.773851  0.728029  0.663956  0.595891  0.535005  0.487013  0.452553  0.429056  0.412832  0.400601  0.390272  0.38111  0.37347  0.368278  0.366427  0.368278  0.37347  0.38111  0.390272  0.400601  0.412832  0.429056  0.452553  0.487013  0.535005  0.595891  0.663956  0.728029  0.773851  0.789125  
0.766574  0.751335  0.705618  0.642423  0.576651  0.51959  0.476435  0.446913  0.427553  0.41406  0.402944  0.392269  0.381743  0.372364  0.365758  0.363366  0.365758  0.372364  0.381743  0.392269  0.402944  0.41406  0.427553  0.446913  0.476435  0.51959  0.576651  0.642423  0.705618  0.751335  0.766574  
0.746249  0.731443  0.687027  0.626217  0.564003  0.511395  0.472949  0.447623  0.431323  0.41941  0.408333  0.396355  0.383629  0.371825  0.363334  0.360231  0.363334  0.371825  0.383629  0.396355  0.408333  0.41941  0.431323  0.447623  0.472949  0.511395  0.564003  0.626217  0.687027  0.731443  0.746249  
0.728075  0.714006  0.6718  0.614442  0.556537  0.508537  0.474364  0.45243  0.438284  0.427126  0.415394  0.401504  0.386011  0.371266  0.360514  0.356561  0.360514  0.371266  0.386011  0.401504  0.415394  0.427126  0.438284  0.45243  0.474364  0.508537  0.556537  0.614442  0.6718  0.714006  0.728075  
0.711939  0.698823  0.659477  0.606278  0.553069  0.509574  0.479158  0.459911  0.447243  0.436293  0.42347  0.407268  0.388582  0.370469  0.357123  0.352192  0.357123  0.370469  0.388582  0.407268  0.42347  0.436293  0.447243  0.459911  0.479158  0.509574  0.553069  0.606278  0.659477  0.698823  0.711939  
0.697701  0.685682  0.649624  0.601007  0.552643  0.513433  0.486288  0.469165  0.457488  0.446382  0.43218  0.413372  0.391145  0.369289  0.353045  0.347018  0.353045  0.369289  0.391145  0.413372  0.43218  0.446382  0.457488  0.469165  0.486288  0.513433  0.552643  0.601007  0.649624  0.685682  0.697701  
0.685211  0.674369  0.641843  0.598016  0.554494  0.519313  0.495023  0.47959  0.468546  0.457022  0.441226  0.419574  0.393507  0.367576  0.348165  0.340938  0.348165  0.367576  0.393507  0.419574  0.441226  0.457022  0.468546  0.47959  0.495023  0.519313  0.554494  0.598016  0.641843  0.674369  0.685211  
0.674314  0.664682  0.635783  0.596791  0.558012  0.526606  0.504833  0.490753  0.480065  0.467907  0.450327  0.425617  0.39545  0.365164  0.342359  0.333844  0.342359  0.365164  0.39545  0.425617  0.450327  0.467907  0.480065  0.490753  0.504833  0.526606  0.558012  0.596791  0.635783  0.664682  0.674314  
0.664861  0.656429  0.631135  0.596903  0.562704  0.534836  0.515303  0.502309  0.491741  0.478744  0.459186  0.431212  0.396719  0.361856  0.33549  0.325623  0.33549  0.361856  0.396719  0.431212  0.459186  0.478744  0.491741  0.502309  0.515303  0.534836  0.562704  0.596903  0.631135  0.656429  0.664861  
0.656706  0.649438  0.627634  0.597991  0.568168  0.543613  0.526094  0.513961  0.503289  0.48923  0.467473  0.436023  0.397014  0.357425  0.327405  0.316155  0.327405  0.357425  0.397014  0.436023  0.467473  0.48923  0.503289  0.513961  0.526094  0.543613  0.568168  0.597991  0.627634  0.649438  0.656706  
0.649714  0.643548  0.625051  0.599755  0.574064  0.552605  0.536901  0.525422  0.514413  0.499028  0.474802  0.439647  0.395976  0.351606  0.317935  0.305311  0.317935  0.351606  0.395976  0.439647  0.474802  0.499028  0.514413  0.525422  0.536901  0.552605  0.574064  0.599755  0.625051  0.643548  0.649714  
0.64376  0.638617  0.623189  0.601941  0.580104  0.561518  0.547434  0.536393  0.524772  0.507731  0.480704  0.441598  0.393178  0.344095  0.306895  0.292957  0.306895  0.344095  0.393178  0.441598  0.480704  0.507731  0.524772  0.536393  0.547434  0.561518  0.580104  0.601941  0.623189  0.638617  0.64376  
0.638727  0.634515  0.621879  0.604332  0.586035  0.570073  0.557388  0.546525  0.53394  0.514815  0.484578  0.441275  0.388114  0.334542  0.294087  0.278956  0.294087  0.334542  0.388114  0.441275  0.484578  0.514815  0.53394  0.546525  0.557388  0.570073  0.586035  0.604332  0.621879  0.634515  0.638727  
0.634505  0.631122  0.620974  0.606739  0.59162  0.577978  0.566402  0.555354  0.541325  0.519562  0.485638  0.437923  0.380176  0.322553  0.279302  0.263171  0.279302  0.322553  0.380176  0.437923  0.485638  0.519562  0.541325  0.555354  0.566402  0.577978  0.59162  0.606739  0.620974  0.631122  0.634505  
0.630984  0.62832  0.620327  0.608969  0.596591  0.58486  0.573956  0.562182  0.546041  0.520945  0.482827  0.430601  0.368656  0.307697  0.262328  0.245475  0.262328  0.307697  0.368656  0.430601  0.482827  0.520945  0.546041  0.562182  0.573956  0.58486  0.596591  0.608969  0.620327  0.62832  0.630984  
0.628002  0.625932  0.619723  0.610724  0.600513  0.59008  0.579153  0.565837  0.54669  0.517468  0.474726  0.418142  0.352745  0.289517  0.242964  0.225759  0.242964  0.289517  0.352745  0.418142  0.474726  0.517468  0.54669  0.565837  0.579153  0.59008  0.600513  0.610724  0.619723  0.625932  0.628002  
0.6251  0.623472  0.618585  0.611259  0.602378  0.592288  0.58027  0.56427  0.541053  0.506973  0.45948  0.399158  0.33156  0.267561  0.221037  0.203945  0.221037  0.267561  0.33156  0.399158  0.45948  0.506973  0.541053  0.56427  0.58027  0.592288  0.602378  0.611259  0.618585  0.623472  0.6251  
0.620675  0.619277  0.615081  0.60845  0.599671  0.588535  0.573982  0.553975  0.525736  0.486497  0.434793  0.372099  0.304218  0.241431  0.196428  0.180002  0.196428  0.241431  0.304218  0.372099  0.434793  0.486497  0.525736  0.553975  0.573982  0.588535  0.599671  0.60845  0.615081  0.619277  0.620675  
0.609902  0.608458  0.604126  0.596927  0.586714  0.572928  0.554421  0.529455  0.495991  0.452329  0.398094  0.335425  0.269954  0.21085  0.169102  0.153967  0.169102  0.21085  0.269954  0.335425  0.398094  0.452329  0.495991  0.529455  0.554421  0.572928  0.586714  0.596927  0.604126  0.608458  0.609902  
0.581727  0.57998  0.57474  0.565859  0.55302  0.535632  0.512784  0.483326  0.446122  0.400513  0.346978  0.287915  0.228305  0.175744  0.139141  0.125958  0.139141  0.175744  0.228305  0.287915  0.346978  0.400513  0.446122  0.483326  0.512784  0.535632  0.55302  0.565859  0.57474  0.57998  0.581727  
0.517931  0.515845  0.509587  0.499036  0.483974  0.464064  0.438868  0.407926  0.370924  0.327968  0.279966  0.229109  0.179326  0.136337  0.106776  0.0961922  0.106776  0.136337  0.179326  0.229109  0.279966  0.327968  0.370924  0.407926  0.438868  0.464064  0.483974  0.499036  0.509587  0.515845  0.517931  
0.399371  0.397323  0.391177  0.380931  0.366575  0.348094  0.325482  0.298786  0.268181  0.234099  0.197423  0.15977  0.123783  0.0932152  0.0724043  0.0649876  0.0724043  0.0932152  0.123783  0.15977  0.197423  0.234099  0.268181  0.298786  0.325482  0.348094  0.366575  0.380931  0.391177  0.397323  0.399371  
0.220189  0.218877  0.214941  0.208435  0.19944  0.188065  0.174448  0.158765  0.141251  0.122246  0.102272  0.0821687  0.0632459  0.0473416  0.0365829  0.0327599  0.0365829  0.0473416  0.0632459  0.0821687  0.102272  0.122246  0.141251  0.158765  0.174448  0.188065  0.19944  0.208435  0.214941  0.218877  0.220189  
0  0  0  0  0  0  0  0  0  0  0  0  0  0  0  0  0  0  0  0  0  0  0  0  0  0  0  0  0  0  0  
