1  1  1  1  1  1  1  1  1  1  1  1  1  1  1  1  1  1  1  1  1  1  1  1  1  1  1  1  1  1  1  
0.966155  0.962577  0.951842  0.935798  0.916641  0.89626  0.876  0.856717  0.838946  0.82303  0.809209  0.79766  0.788525  0.781915  0.777914  0.776575  0.777914  0.781915  0.788525  0.79766  0.809209  0.82303  0.838946  0.856717  0.876  0.89626  0.916641  0.935798  0.951842  0.962577  0.966155  
0.932837  0.925921  0.90517  0.874346  0.837919  0.799751  0.762554  0.72798  0.69693  0.669841  0.646891  0.628127  0.613546  0.603134  0.596887  0.594805  0.596887  0.603134  0.613546  0.628127  0.646891  0.669841  0.69693  0.72798  0.762554  0.799751  0.837919  0.874346  0.90517  0.925921  0.932837  
0.900539  0.890726  0.861286  0.817959  0.767584  0.716046  0.667373  0.623809  0.58628  0.554891  0.529323  0.509108  0.493801  0.483069  0.476701  0.474588  0.476701  0.483069  0.493801  0.509108  0.529323  0.554891  0.58628  0.623809  0.667373  0.716046  0.767584  0.817959  0.861286  0.890726  0.900539  
0.86969  0.857559  0.821166  0.768232  0.707943  0.648111  0.593849  0.547615  0.509901  0.480033  0.456856  0.439198  0.426136  0.417077  0.411718  0.409941  0.411718  0.417077  0.426136  0.439198  0.456856  0.480033  0.509901  0.547615  0.593849  0.648111  0.707943  0.768232  0.821166  0.857559  0.86969  
0.840635  0.826827  0.785404  0.72594  0.659767  0.596316  0.541376  0.497146  0.463253  0.437965  0.419203  0.405198  0.394781  0.387396  0.382917  0.381408  0.382917  0.387396  0.394781  0.405198  0.419203  0.437965  0.463253  0.497146  0.541376  0.596316  0.659767  0.72594  0.785404  0.826827  0.840635  
0.81362  0.798772  0.754226  0.691138  0.622586  0.559156  0.506822  0.467113  0.438551  0.418318  0.403581  0.392263  0.383281  0.376431  0.372031  0.370503  0.372031  0.376431  0.383281  0.392263  0.403581  0.418318  0.438551  0.467113  0.506822  0.559156  0.622586  0.691138  0.754226  0.798772  0.81362  
0.788796  0.773487  0.727561  0.663352  0.595159  0.534186  0.486163  0.451725  0.428288  0.412145  0.399996  0.38974  0.380635  0.373035  0.367866  0.366022  0.367866  0.373035  0.380635  0.38974  0.399996  0.412145  0.428288  0.451725  0.486163  0.534186  0.595159  0.663352  0.727561  0.773487  0.788796  
0.76622  0.750947  0.705129  0.641805  0.575918  0.518789  0.475627  0.446151  0.426873  0.413477  0.402455  0.391857  0.381389  0.372048  0.365462  0.363076  0.365462  0.372048  0.381389  0.391857  0.402455  0.413477  0.426873  0.446151  0.475627  0.518789  0.575918  0.641805  0.705129  0.750947  0.76622  
0.745877  0.731039  0.686528  0.625598  0.563285  0.510629  0.472197  0.446938  0.430736  0.41893  0.407953  0.396053  0.383383  0.371611  0.363137  0.360039  0.363137  0.371611  0.383383  0.396053  0.407953  0.41893  0.430736  0.446938  0.472197  0.510629  0.563285  0.625598  0.686528  0.731039  0.745877  
0.727691  0.713593  0.6713  0.613835  0.555847  0.507817  0.473676  0.451824  0.437789  0.426745  0.415114  0.401302  0.385859  0.371141  0.360401  0.356451  0.360401  0.371141  0.385859  0.401302  0.415114  0.426745  0.437789  0.451824  0.473676  0.507817  0.555847  0.613835  0.6713  0.713593  0.727691  
0.71155  0.698409  0.658986  0.605694  0.552418  0.50891  0.47854  0.459387  0.446837  0.436006  0.423285  0.407157  0.388515  0.370422  0.357082  0.352152  0.357082  0.370422  0.388515  0.407157  0.423285  0.436006  0.446837  0.459387  0.47854  0.50891  0.552418  0.605694  0.658986  0.698409  0.71155  
0.697314  0.685273  0.649148  0.600453  0.552038  0.512829  0.485743  0.468722  0.457168  0.446184  0.432083  0.413344  0.391154  0.36931  0.353065  0.347037  0.353065  0.36931  0.391154  0.413344  0.432083  0.446184  0.457168  0.468722  0.485743  0.512829  0.552038  0.600453  0.649148  0.685273  0.697314  
0.684833  0.673972  0.64139  0.5975  0.553942  0.518775  0.494553  0.479228  0.468311  0.456909  0.441212  0.419624  0.393586  0.367657  0.348238  0.341006  0.348238  0.367657  0.393586  0.419624  0.441212  0.456909  0.468311  0.479228  0.494553  0.518775  0.553942  0.5975  0.64139  0.673972  0.684833  
0.673952  0.664304  0.63536  0.596319  0.557518  0.526137  0.504438  0.490471  0.479912  0.467876  0.450392  0.42574  0.395592  0.365298  0.342478  0.333955  0.342478  0.365298  0.395592  0.42574  0.450392  0.467876  0.479912  0.490471  0.504438  0.526137  0.557518  0.596319  0.63536  0.664304  0.673952  
0.664521  0.656078  0.630748  0.59648  0.562273  0.534439  0.514987  0.502108  0.491669  0.478793  0.459327  0.431404  0.39692  0.362038  0.335647  0.325769  0.335647  0.362038  0.39692  0.431404  0.459327  0.478793  0.491669  0.502108  0.514987  0.534439  0.562273  0.59648  0.630748  0.656078  0.664521  
0.656395  0.649119  0.627289  0.597624  0.567803  0.543292  0.525859  0.513842  0.503299  0.489358  0.467687  0.436278  0.397267  0.357648  0.327594  0.31633  0.327594  0.357648  0.397267  0.436278  0.467687  0.489358  0.503299  0.513842  0.525859  0.543292  0.567803  0.597624  0.627289  0.649119  0.656395  
0.64944  0.643269  0.624755  0.599449  0.573772  0.552364  0.536749  0.525386  0.514504  0.499233  0.475086  0.439963  0.396277  0.351865  0.31815  0.305508  0.31815  0.351865  0.396277  0.439963  0.475086  0.499233  0.514504  0.525386  0.536749  0.552364  0.573772  0.599449  0.624755  0.643269  0.64944  
0.643531  0.638386  0.62295  0.601702  0.579889  0.56136  0.547368  0.536443  0.524945  0.508012  0.481055  0.44197  0.393523  0.344383  0.30713  0.293171  0.30713  0.344383  0.393523  0.44197  0.481055  0.508012  0.524945  0.536443  0.547368  0.56136  0.579889  0.601702  0.62295  0.638386  0.643531  
0.638552  0.63434  0.621704  0.604167  0.585903  0.570003  0.557412  0.546663  0.534196  0.515171  0.484994  0.441697  0.388494  0.334854  0.294336  0.27918  0.294336  0.334854  0.388494  0.441697  0.484994  0.515171  0.534196  0.546663  0.557412  0.570003  0.585903  0.604167  0.621704  0.63434  0.638552  
0.634396  0.631015  0.620873  0.606656  0.591578  0.578003  0.566521  0.555584  0.541665  0.519991  0.486113  0.43839  0.380585  0.322881  0.279559  0.263401  0.279559  0.322881  0.380585  0.43839  0.486113  0.519991  0.541665  0.555584  0.566521  0.578003  0.591578  0.606656  0.620873  0.631015  0.634396  
0.630953  0.628292  0.620311  0.608979  0.596648  0.584988  0.574176  0.562506  0.546465  0.521444  0.483354  0.431103  0.369086  0.308034  0.262587  0.245704  0.262587  0.308034  0.369086  0.431103  0.483354  0.521444  0.546465  0.562506  0.574176  0.584988  0.596648  0.608979  0.620311  0.628292  0.630953  
0.628063  0.625999  0.619807  0.610839  0.600678  0.590317  0.579479  0.566257  0.547195  0.518029  0.475296  0.418669  0.353185  0.289854  0.243219  0.225982  0.243219  0.289854  0.353185  0.418669  0.475296  0.518029  0.547195  0.566257  0.579479  0.590317  0.600678  0.610839  0.619807  0.625999  0.628063  
0.625274  0.623652  0.618785  0.611493  0.602664  0.592642  0.580703  0.564783  0.541631  0.507585  0.460079  0.399695  0.331998  0.26789  0.221281  0.204156  0.221281  0.26789  0.331998  0.399695  0.460079  0.507585  0.541631  0.564783  0.580703  0.592642  0.602664  0.611493  0.618785  0.623652  0.625274  
0.620979  0.619587  0.615411  0.608814  0.600083  0.589006  0.574518  0.55457  0.526371  0.487139  0.435401  0.372629  0.30464  0.241742  0.196654  0.180196  0.196654  0.241742  0.30464  0.372629  0.435401  0.487139  0.526371  0.55457  0.574518  0.589006  0.600083  0.608814  0.615411  0.619587  0.620979  
0.610345  0.608907  0.604593  0.597422  0.587246  0.573504  0.555039  0.530106  0.496654  0.452973  0.398683  0.335925  0.270344  0.211131  0.169303  0.154138  0.169303  0.211131  0.270344  0.335925  0.398683  0.452973  0.496654  0.530106  0.555039  0.573504  0.587246  0.597422  0.604593  0.608907  0.610345  
0.582291  0.580548  0.575318  0.566455  0.553638  0.536272  0.513441  0.483988  0.446769  0.40112  0.347516  0.28836  0.228646  0.175985  0.139311  0.126102  0.139311  0.175985  0.228646  0.28836  0.347516  0.40112  0.446769  0.483988  0.513441  0.536272  0.553638  0.566455  0.575318  0.580548  0.582291  
0.518546  0.516461  0.510206  0.49966  0.484602  0.464693  0.439491  0.408531  0.371497  0.328489  0.280416  0.229475  0.1796  0.136529  0.106909  0.0963042  0.106909  0.136529  0.1796  0.229475  0.280416  0.328489  0.371497  0.408531  0.439491  0.464693  0.484602  0.49966  0.510206  0.516461  0.518546  
0.399912  0.397863  0.391715  0.381465  0.367101  0.348608  0.325977  0.299254  0.268613  0.234483  0.197749  0.16003  0.123976  0.0933484  0.072496  0.0650643  0.072496  0.0933484  0.123976  0.16003  0.197749  0.234483  0.268613  0.299254  0.325977  0.348608  0.367101  0.381465  0.391715  0.397863  0.399912  
0.22051  0.219197  0.215258  0.208746  0.199743  0.188356  0.174724  0.159022  0.141484  0.12245  0.102443  0.0823041  0.0633454  0.0474099  0.0366296  0.0327989  0.0366296  0.0474099  0.0633454  0.0823041  0.102443  0.12245  0.141484  0.159022  0.174724  0.188356  0.199743  0.208746  0.215258  0.219197  0.22051  
0  0  0  0  0  0  0  0  0  0  0  0  0  0  0  0  0  0  0  0  0  0  0  0  0  0  0  0  0  0  0  
