1  1  1  1  1  1  1  1  1  1  1  1  1  1  1  1  1  1  1  1  1  1  1  1  1  1  1  1  1  1  1  
0.966114  0.962535  0.951797  0.93575  0.916592  0.896213  0.875956  0.85668  0.838916  0.823008  0.809194  0.797651  0.788522  0.781916  0.777918  0.776579  0.777918  0.781916  0.788522  0.797651  0.809194  0.823008  0.838916  0.85668  0.875956  0.896213  0.916592  0.93575  0.951797  0.962535  0.966114  
0.932755  0.925837  0.905081  0.874251  0.837823  0.79966  0.762474  0.727914  0.69688  0.669807  0.646873  0.628123  0.613553  0.603151  0.596909  0.594828  0.596909  0.603151  0.613553  0.628123  0.646873  0.669807  0.69688  0.727914  0.762474  0.79966  0.837823  0.874251  0.905081  0.925837  0.932755  
0.900417  0.890602  0.861155  0.817823  0.767448  0.715919  0.667265  0.623725  0.586222  0.55486  0.529317  0.509124  0.493835  0.483116  0.476755  0.474645  0.476755  0.483116  0.493835  0.509124  0.529317  0.55486  0.586222  0.623725  0.667265  0.715919  0.767448  0.817823  0.861155  0.890602  0.900417  
0.869529  0.857396  0.820996  0.768057  0.707773  0.647957  0.593723  0.547523  0.509846  0.480014  0.45687  0.439239  0.426199  0.417156  0.411807  0.410033  0.411807  0.417156  0.426199  0.439239  0.45687  0.480014  0.509846  0.547523  0.593723  0.647957  0.707773  0.768057  0.820996  0.857396  0.869529  
0.840437  0.826628  0.785198  0.725732  0.659568  0.596142  0.541238  0.497052  0.463204  0.437958  0.419233  0.405259  0.394867  0.387499  0.383031  0.381526  0.383031  0.387499  0.394867  0.405259  0.419233  0.437958  0.463204  0.497052  0.541238  0.596142  0.659568  0.725732  0.785198  0.826628  0.840437  
0.813388  0.798538  0.753987  0.6909  0.622363  0.558964  0.506674  0.467016  0.438504  0.418316  0.403619  0.392332  0.383375  0.376543  0.372154  0.37063  0.372154  0.376543  0.383375  0.392332  0.403619  0.418316  0.438504  0.467016  0.506674  0.558964  0.622363  0.6909  0.753987  0.798538  0.813388  
0.788531  0.773221  0.727292  0.663087  0.594914  0.533978  0.486004  0.45162  0.428235  0.412137  0.400027  0.389803  0.380724  0.373142  0.367985  0.366145  0.367985  0.373142  0.380724  0.389803  0.400027  0.412137  0.428235  0.45162  0.486004  0.533978  0.594914  0.663087  0.727292  0.773221  0.788531  
0.765923  0.75065  0.704832  0.641515  0.575651  0.518563  0.475453  0.446031  0.426804  0.413454  0.402469  0.391904  0.381463  0.372142  0.365569  0.363188  0.365569  0.372142  0.381463  0.391904  0.402469  0.413454  0.426804  0.446031  0.475453  0.518563  0.575651  0.641515  0.704832  0.75065  0.765923  
0.74555  0.730713  0.686203  0.625284  0.562997  0.510384  0.472002  0.446796  0.430644  0.418881  0.407942  0.396077  0.383436  0.371688  0.363229  0.360137  0.363229  0.371688  0.383436  0.396077  0.407942  0.418881  0.430644  0.446796  0.472002  0.510384  0.562997  0.625284  0.686203  0.730713  0.74555  
0.727336  0.713239  0.670949  0.613497  0.555536  0.507548  0.473457  0.451655  0.437666  0.426665  0.415073  0.401298  0.385888  0.371198  0.360477  0.356533  0.360477  0.371198  0.385888  0.401298  0.415073  0.426665  0.437666  0.451655  0.473457  0.507548  0.555536  0.613497  0.670949  0.713239  0.727336  
0.711167  0.698028  0.658608  0.60533  0.552082  0.508613  0.478291  0.459184  0.446678  0.435889  0.42321  0.407122  0.388519  0.370459  0.357141  0.352218  0.357141  0.370459  0.388519  0.407122  0.42321  0.435889  0.446678  0.459184  0.478291  0.508613  0.552082  0.60533  0.658608  0.698028  0.711167  
0.696904  0.684865  0.648745  0.600064  0.551675  0.512503  0.485459  0.468481  0.456969  0.446027  0.431971  0.413278  0.391133  0.369326  0.353108  0.347089  0.353108  0.369326  0.391133  0.413278  0.431971  0.446027  0.456969  0.468481  0.485459  0.512503  0.551675  0.600064  0.648745  0.684865  0.696904  
0.684397  0.673538  0.640961  0.597084  0.55355  0.518416  0.494232  0.478947  0.46807  0.456711  0.441062  0.419525  0.393539  0.367655  0.348267  0.341045  0.348267  0.367655  0.393539  0.419525  0.441062  0.456711  0.46807  0.478947  0.494232  0.518416  0.55355  0.597084  0.640961  0.673538  0.684397  
0.673489  0.663843  0.634904  0.595876  0.557095  0.525744  0.504079  0.490147  0.479627  0.467636  0.450204  0.42561  0.395521  0.365278  0.342493  0.333982  0.342493  0.365278  0.395521  0.42561  0.450204  0.467636  0.479627  0.490147  0.504079  0.525744  0.557095  0.595876  0.634904  0.663843  0.673489  
0.664031  0.65559  0.630265  0.596008  0.561819  0.53401  0.514588  0.501742  0.491341  0.478512  0.459102  0.431244  0.396826  0.362001  0.33565  0.325786  0.33565  0.362001  0.396826  0.431244  0.459102  0.478512  0.491341  0.501742  0.514588  0.53401  0.561819  0.596008  0.630265  0.65559  0.664031  
0.655879  0.648604  0.626779  0.597123  0.567317  0.542826  0.525419  0.513432  0.502928  0.489037  0.467427  0.43609  0.397152  0.357597  0.327586  0.316338  0.327586  0.357597  0.397152  0.43609  0.467427  0.489037  0.502928  0.513432  0.525419  0.542826  0.567317  0.597123  0.626779  0.648604  0.655879  
0.648896  0.642726  0.624216  0.598917  0.573252  0.551861  0.536269  0.524936  0.514093  0.498875  0.474795  0.439749  0.396144  0.351801  0.318133  0.305509  0.318133  0.351801  0.396144  0.439749  0.474795  0.498875  0.514093  0.524936  0.536269  0.551861  0.573252  0.598917  0.624216  0.642726  0.648896  
0.642959  0.637815  0.622381  0.601139  0.579336  0.560822  0.546849  0.535954  0.524496  0.50762  0.480736  0.441735  0.393374  0.344309  0.307106  0.293165  0.307106  0.344309  0.393374  0.441735  0.480736  0.50762  0.524496  0.535954  0.546849  0.560822  0.579336  0.601139  0.622381  0.637815  0.642959  
0.637952  0.633741  0.621107  0.603573  0.585317  0.56943  0.556858  0.546138  0.533714  0.514749  0.484651  0.441444  0.388333  0.334771  0.294307  0.27917  0.294307  0.334771  0.388333  0.441444  0.484651  0.514749  0.533714  0.546138  0.556858  0.56943  0.585317  0.603573  0.621107  0.633741  0.637952  
0.633766  0.630386  0.620245  0.606032  0.59096  0.577397  0.565934  0.555027  0.541155  0.519546  0.485752  0.438125  0.380416  0.322794  0.279526  0.263387  0.279526  0.322794  0.380416  0.438125  0.485752  0.519546  0.541155  0.555027  0.565934  0.577397  0.59096  0.606032  0.620245  0.630386  0.633766  
0.630294  0.627634  0.619655  0.608325  0.596  0.584351  0.57356  0.561924  0.545934  0.520983  0.482983  0.430831  0.368913  0.307944  0.262552  0.245688  0.262552  0.307944  0.368913  0.430831  0.482983  0.520983  0.545934  0.561924  0.57356  0.584351  0.596  0.608325  0.619655  0.627634  0.630294  
0.627377  0.625313  0.619122  0.610158  0.600004  0.589656  0.578842  0.565658  0.546652  0.517563  0.474923  0.418398  0.353013  0.289764  0.243183  0.225965  0.243183  0.289764  0.353013  0.418398  0.474923  0.517563  0.546652  0.565658  0.578842  0.589656  0.600004  0.610158  0.619122  0.625313  0.627377  
0.624562  0.622941  0.618076  0.610789  0.60197  0.591966  0.580055  0.564179  0.541089  0.507123  0.459714  0.399432  0.331832  0.267803  0.221246  0.204139  0.221246  0.267803  0.331832  0.399432  0.459714  0.507123  0.541089  0.564179  0.580055  0.591966  0.60197  0.610789  0.618076  0.622941  0.624562  
0.620251  0.61886  0.614688  0.608099  0.599383  0.588328  0.573875  0.553977  0.525845  0.486697  0.435054  0.372382  0.304485  0.241661  0.196621  0.18018  0.196621  0.241661  0.304485  0.372382  0.435054  0.486697  0.525845  0.553977  0.573875  0.588328  0.599383  0.608099  0.614688  0.61886  0.620251  
0.609619  0.608183  0.603875  0.596716  0.58656  0.572847  0.554423  0.529545  0.496164  0.452566  0.398368  0.335702  0.270205  0.211059  0.169273  0.154124  0.169273  0.211059  0.270205  0.335702  0.398368  0.452566  0.496164  0.529545  0.554423  0.572847  0.58656  0.596716  0.603875  0.608183  0.609619  
0.5816  0.57986  0.57464  0.565793  0.553  0.535668  0.512883  0.483486  0.446336  0.400765  0.347245  0.288171  0.228529  0.175925  0.139286  0.12609  0.139286  0.175925  0.228529  0.288171  0.347245  0.400765  0.446336  0.483486  0.512883  0.535668  0.553  0.565793  0.57464  0.57986  0.5816  
0.517942  0.515861  0.509617  0.499089  0.484058  0.464183  0.439025  0.408119  0.371145  0.328204  0.2802  0.229325  0.179508  0.136482  0.10689  0.0962943  0.10689  0.136482  0.179508  0.229325  0.2802  0.328204  0.371145  0.408119  0.439025  0.464183  0.484058  0.499089  0.509617  0.515861  0.517942  
0.399459  0.397413  0.391274  0.38104  0.3667  0.348236  0.325641  0.298959  0.268364  0.234283  0.197599  0.159927  0.123912  0.0933159  0.0724827  0.0650575  0.0724827  0.0933159  0.123912  0.159927  0.197599  0.234283  0.268364  0.298959  0.325641  0.348236  0.3667  0.38104  0.391274  0.397413  0.399459  
0.220266  0.218954  0.215021  0.208519  0.199529  0.188159  0.174547  0.158868  0.141355  0.122347  0.102366  0.0822511  0.0633132  0.0473934  0.0366228  0.0327955  0.0366228  0.0473934  0.0633132  0.0822511  0.102366  0.122347  0.141355  0.158868  0.174547  0.188159  0.199529  0.208519  0.215021  0.218954  0.220266  
0  0  0  0  0  0  0  0  0  0  0  0  0  0  0  0  0  0  0  0  0  0  0  0  0  0  0  0  0  0  0  
