1  1  1  1  1  1  1  1  1  1  1  1  1  1  1  1  1  1  1  1  1  1  1  1  1  1  1  1  1  1  1  
0.9661  0.962517  0.95177  0.935728  0.916546  0.896181  0.875893  0.85664  0.838839  0.822961  0.809107  0.797601  0.788429  0.781864  0.777822  0.776527  0.777822  0.781865  0.788428  0.797603  0.809105  0.822964  0.838837  0.856642  0.875891  0.896183  0.916544  0.93573  0.951769  0.962517  0.9661  
0.932716  0.925798  0.905045  0.874181  0.837771  0.799554  0.762404  0.727781  0.696798  0.669656  0.646784  0.627961  0.613461  0.602983  0.596816  0.594658  0.596817  0.602981  0.613464  0.627958  0.646788  0.669651  0.696803  0.727776  0.762409  0.79955  0.837775  0.874178  0.905046  0.925798  0.932715  
0.900375  0.890551  0.861078  0.81776  0.767321  0.715833  0.667097  0.62362  0.586029  0.554747  0.529113  0.509007  0.493627  0.483  0.476545  0.474531  0.476544  0.483003  0.493622  0.509013  0.529107  0.554754  0.586022  0.623627  0.66709  0.715839  0.767316  0.817764  0.861075  0.890551  0.900376  
0.869454  0.857322  0.820927  0.767927  0.707679  0.647773  0.593605  0.547306  0.509717  0.479787  0.456741  0.439012  0.426073  0.416933  0.411686  0.409811  0.411688  0.41693  0.426079  0.439005  0.456749  0.479777  0.509727  0.547297  0.593615  0.647764  0.707686  0.767922  0.82093  0.857321  0.869452  
0.840369  0.826546  0.785078  0.725637  0.659383  0.596019  0.541009  0.496915  0.462962  0.437821  0.418997  0.405129  0.394642  0.387377  0.382812  0.381408  0.38281  0.387381  0.394635  0.405138  0.418987  0.437832  0.46295  0.496927  0.540998  0.59603  0.659374  0.725644  0.785074  0.826547  0.840371  
0.813281  0.798433  0.75389  0.690727  0.622241  0.558734  0.506533  0.466765  0.43836  0.418071  0.403484  0.392104  0.383252  0.37633  0.372039  0.37042  0.372042  0.376324  0.38326  0.392094  0.403496  0.418058  0.438374  0.466751  0.506546  0.558722  0.622251  0.690719  0.753895  0.798432  0.813278  
0.788438  0.773113  0.72714  0.662968  0.594693  0.533836  0.485749  0.451471  0.427982  0.411997  0.399794  0.389677  0.380512  0.373027  0.367785  0.366037  0.367781  0.373034  0.380503  0.389688  0.39978  0.412012  0.427966  0.451487  0.485734  0.533849  0.594681  0.662977  0.727135  0.773115  0.788441  
0.76579  0.750521  0.704713  0.641314  0.575512  0.518311  0.475301  0.44577  0.426658  0.41321  0.402337  0.391687  0.381345  0.371946  0.365463  0.362997  0.365466  0.371939  0.381355  0.391674  0.402352  0.413194  0.426675  0.445752  0.475318  0.518296  0.575525  0.641304  0.704719  0.750519  0.765786  
0.745436  0.730584  0.686028  0.625148  0.562757  0.510231  0.471736  0.446644  0.430388  0.418741  0.407714  0.395953  0.383235  0.371579  0.363045  0.360036  0.363041  0.371586  0.383224  0.395966  0.407697  0.418759  0.430369  0.446663  0.471718  0.510248  0.562743  0.625159  0.686021  0.730585  0.74544  
0.727182  0.71309  0.670813  0.613278  0.555386  0.507285  0.4733  0.451388  0.437517  0.426421  0.41494  0.401086  0.385773  0.371013  0.360375  0.356357  0.36038  0.371005  0.385785  0.401071  0.414958  0.426402  0.437537  0.451368  0.473319  0.507267  0.555401  0.613267  0.670819  0.713088  0.727178  
0.711035  0.69788  0.658417  0.605183  0.551831  0.508455  0.478019  0.459028  0.44642  0.435747  0.422982  0.406998  0.388326  0.370353  0.35697  0.352123  0.356965  0.370361  0.388313  0.407013  0.422964  0.435767  0.446399  0.459049  0.477998  0.508474  0.551815  0.605195  0.65841  0.697882  0.711039  
0.696734  0.684699  0.648595  0.599835  0.551518  0.512234  0.485298  0.468211  0.456817  0.445782  0.431836  0.413069  0.391018  0.369151  0.353011  0.346926  0.353016  0.369143  0.391031  0.413053  0.431855  0.445761  0.456839  0.468189  0.485319  0.512215  0.551534  0.599823  0.648602  0.684698  0.696729  
0.684248  0.673376  0.640759  0.596927  0.553294  0.518253  0.493957  0.478787  0.467808  0.456565  0.440834  0.419399  0.393351  0.367552  0.348107  0.340955  0.348102  0.367561  0.393338  0.419416  0.440815  0.456586  0.467786  0.47881  0.493935  0.518273  0.553277  0.596939  0.640751  0.673377  0.684253  
0.673306  0.663665  0.634742  0.595641  0.556931  0.525473  0.503914  0.489875  0.479471  0.467388  0.450066  0.425403  0.395407  0.365112  0.3424  0.333831  0.342404  0.365103  0.39542  0.425386  0.450085  0.467366  0.479494  0.489852  0.503936  0.525453  0.556948  0.595628  0.634749  0.663663  0.673301  
0.663868  0.655415  0.630055  0.595842  0.561562  0.533842  0.514312  0.501578  0.491078  0.478361  0.458874  0.431116  0.396644  0.3619  0.335502  0.325701  0.335498  0.361909  0.396631  0.431132  0.458854  0.478383  0.491055  0.501601  0.51429  0.533862  0.561545  0.595855  0.630048  0.655417  0.663873  
0.655685  0.648415  0.626606  0.596886  0.567147  0.542557  0.525249  0.51316  0.502767  0.488789  0.467285  0.435887  0.397038  0.35744  0.327498  0.3162  0.327502  0.357431  0.397051  0.43587  0.467305  0.488767  0.50279  0.513137  0.525271  0.542537  0.567164  0.596873  0.626613  0.648414  0.655681  
0.648721  0.642541  0.624001  0.598743  0.572996  0.551689  0.535996  0.524767  0.513831  0.49872  0.474569  0.43962  0.395969  0.351703  0.317998  0.305429  0.317994  0.351712  0.395956  0.439636  0.47455  0.498741  0.513809  0.52479  0.535975  0.551708  0.57298  0.598755  0.623995  0.642543  0.648725  
0.642758  0.637618  0.622199  0.600902  0.579159  0.560556  0.546676  0.535685  0.524332  0.507375  0.480591  0.441537  0.393261  0.344164  0.307024  0.293042  0.307028  0.344156  0.393273  0.441522  0.480609  0.507355  0.524353  0.535664  0.546696  0.560538  0.579175  0.600891  0.622206  0.637617  0.642754  
0.637766  0.633546  0.620889  0.603391  0.585066  0.569252  0.556592  0.545966  0.533458  0.514591  0.484432  0.441315  0.388168  0.334679  0.294186  0.279097  0.294182  0.334686  0.388157  0.44133  0.484414  0.514611  0.533438  0.545986  0.556572  0.569269  0.585051  0.603402  0.620883  0.633548  0.637769  
0.633559  0.630183  0.620054  0.605798  0.590777  0.577139  0.565756  0.554768  0.540987  0.51931  0.485608  0.437938  0.380308  0.322662  0.279451  0.263279  0.279455  0.322655  0.380319  0.437924  0.485624  0.519293  0.541006  0.554749  0.565774  0.577123  0.59079  0.605788  0.62006  0.630182  0.633556  
0.630099  0.627433  0.619435  0.608135  0.595756  0.584168  0.573304  0.561748  0.545689  0.520825  0.482777  0.430706  0.368763  0.307858  0.262447  0.245624  0.262444  0.307865  0.368754  0.430719  0.482762  0.520842  0.545672  0.561766  0.573288  0.584183  0.595744  0.608144  0.61943  0.627434  0.630102  
0.627165  0.625104  0.618923  0.609927  0.599815  0.589409  0.57866  0.565412  0.546484  0.517343  0.474782  0.418228  0.352913  0.28965  0.243118  0.225875  0.243121  0.289644  0.352922  0.418216  0.474795  0.517328  0.5465  0.565397  0.578674  0.589396  0.599825  0.609919  0.618928  0.625104  0.627162  
0.624359  0.622734  0.617857  0.610593  0.601734  0.591778  0.579815  0.564003  0.540864  0.50697  0.459528  0.399317  0.331703  0.267729  0.22116  0.204085  0.221157  0.267735  0.331695  0.399327  0.459516  0.506983  0.54085  0.564017  0.579802  0.591789  0.601725  0.610599  0.617853  0.622734  0.624361  
0.620038  0.61865  0.614486  0.607876  0.59919  0.588098  0.573694  0.553754  0.525684  0.486504  0.434926  0.372238  0.304399  0.241569  0.196568  0.18011  0.19657  0.241564  0.304406  0.372229  0.434936  0.486492  0.525696  0.553742  0.573705  0.588088  0.599198  0.60787  0.614489  0.618649  0.620036  
0.609416  0.607978  0.603664  0.596521  0.586343  0.572664  0.55421  0.529381  0.495971  0.45243  0.398215  0.335605  0.270103  0.211001  0.169209  0.154083  0.169207  0.211005  0.270098  0.335613  0.398207  0.45244  0.495962  0.529391  0.554201  0.572672  0.586336  0.596526  0.603661  0.607978  0.609418  
0.581402  0.579664  0.57445  0.565593  0.552822  0.535471  0.512722  0.483305  0.4462  0.400614  0.347143  0.288063  0.228464  0.175859  0.139248  0.126041  0.13925  0.175856  0.228469  0.288057  0.34715  0.400607  0.446208  0.483297  0.512729  0.535465  0.552827  0.565589  0.574451  0.579664  0.581401  
0.517771  0.515689  0.509443  0.498927  0.483886  0.464036  0.438866  0.407993  0.371008  0.328106  0.280097  0.229259  0.179443  0.136444  0.10685  0.0962691  0.106849  0.136446  0.179439  0.229263  0.280092  0.328111  0.371003  0.407998  0.438861  0.464041  0.483883  0.498929  0.509442  0.515689  0.517772  
0.399325  0.397281  0.391146  0.38091  0.366582  0.348113  0.325539  0.298852  0.268282  0.234198  0.197541  0.159868  0.123877  0.0932817  0.0724632  0.0650329  0.072464  0.0932801  0.12388  0.159866  0.197544  0.234195  0.268286  0.298848  0.325542  0.34811  0.366585  0.380908  0.391147  0.39728  0.399325  
0.220193  0.218882  0.214949  0.208452  0.19946  0.1881  0.174486  0.158819  0.141305  0.122311  0.102329  0.0822274  0.0632902  0.0473802  0.0366093  0.0327869  0.0366089  0.0473811  0.0632891  0.0822289  0.102328  0.122312  0.141303  0.158821  0.174484  0.188101  0.199459  0.208452  0.214949  0.218882  0.220194  
0  0  0  0  0  0  0  0  0  0  0  0  0  0  0  0  0  0  0  0  0  0  0  0  0  0  0  0  0  0  0  
