1  1  1  1  1  1  1  1  1  1  1  1  1  1  1  1  1  1  1  1  1  1  1  1  1  1  1  1  1  1  1  
0.128573  0.655583  2.23661  -1.18853  3.77097  -2.59895  4.93175  -3.68414  5.79166  -4.47312  6.38487  -5.0005  6.75755  -5.3126  6.95592  -5.44595  7.00535  -5.40935  6.89754  -5.17776  6.59184  -4.70093  6.03047  -3.92356  5.16117  -2.80789  3.94907  -1.32532  2.32108  0.635193  0.0732313  
2.57266  1.52671  -1.61113  5.02163  -4.70557  7.5367  -6.98367  9.30777  -8.55369  10.4432  -9.52319  11.0903  -10.06  11.4261  -10.3301  11.5881  -10.428  11.6179  -10.3376  11.4419  -9.9339  10.8954  -9.02795  9.78339  -7.43957  7.95195  -5.05952  5.29343  -1.77886  1.56712  2.68244  
-1.47625  0.0199751  4.50864  -5.16754  8.70256  -8.82083  11.4807  -11.165  13.078  -12.4111  13.7884  -12.9156  14.0047  -13.0786  14.0847  -13.196  14.2296  -13.3622  14.4154  -13.4361  14.3967  -13.0813  13.7812  -11.8706  12.1573  -9.43725  9.22796  -5.57082  4.75722  -0.0397009  -1.63868  
3.89387  1.96439  -3.82403  8.3491  -9.24617  12.4504  -12.5705  14.6313  -14.1168  15.3508  -14.4482  15.2529  -14.2499  14.9731  -14.0917  14.9561  -14.2811  15.3442  -14.7874  15.9345  -15.2455  16.2298  -15.0398  15.5579  -13.4595  13.2604  -9.93653  8.87864  -4.14996  2.04225  4.10632  
-2.72902  -0.478401  6.27344  -8.18371  12.2387  -12.9432  15.3883  -15.0898  16.3282  -15.3682  15.9512  -14.7531  15.1774  -14.1003  14.7158  -13.9741  14.947  -14.5535  15.8343  -15.5867  16.9269  -16.4447  17.4593  -16.2261  16.4789  -13.9372  13.0855  -8.8327  6.67209  -0.573037  -2.98808  
4.81924  2.26008  -5.4174  10.6606  -12.2135  15.3731  -15.4902  16.9785  -16.0766  16.5849  -15.214  15.3897  -14.0359  14.3503  -13.3606  14.1087  -13.6306  14.8796  -14.8035  16.3645  -16.3558  17.8457  -17.4024  18.3111  -16.7696  16.5392  -13.2066  11.4207  -5.88318  2.3698  5.1208  
-3.54733  -0.80442  7.4243  -10.1179  14.3655  -15.1886  17.25  -16.6218  17.2726  -15.8536  15.8986  -14.2934  14.3178  -12.9918  13.4153  -12.6727  13.7206  -13.5905  15.1865  -15.3975  17.1929  -17.284  18.7776  -18.1352  18.7035  -16.5132  15.4928  -10.9795  7.95068  -0.927309  -3.88664  
5.33066  2.40507  -6.3717  12.0101  -13.8637  16.8721  -16.8034  17.876  -16.6057  16.6966  -14.9475  14.7641  -13.0979  13.1594  -12.0309  12.7345  -12.3675  13.82  -14.0572  15.9843  -16.3793  18.2801  -18.2728  19.5533  -18.4143  18.3398  -15.1117  12.9622  -6.95137  2.539  5.70246  
-3.95696  -0.965634  8.00834  -11.1372  15.4525  -16.2699  18.1002  -17.2325  17.5993  -15.8794  15.6377  -13.7128  13.457  -11.8905  12.1564  -11.39  12.5203  -12.605  14.4954  -15.0349  17.1903  -17.598  19.4098  -19.0546  19.8504  -17.8638  16.8063  -12.1676  8.63326  -1.10835  -4.35555  
5.48527  2.41931  -6.77859  12.6001  -14.6055  17.5565  -17.3913  18.3154  -16.8489  16.7521  -14.7275  14.2865  -12.3244  12.1466  -10.8656  11.5172  -11.2523  12.9065  -13.4295  15.6949  -16.3832  18.5863  -18.7823  20.2619  -19.2608  19.258  -16.0487  13.6958  -7.44014  2.56845  5.90465  
-4.03108  -0.99098  8.12932  -11.4585  15.8304  -16.6795  18.4858  -17.5365  17.8283  -15.9178  15.4905  -13.2746  12.7567  -10.9413  11.0365  -10.2388  11.4415  -11.7374  13.9157  -14.7531  17.2303  -17.8467  19.863  -19.5853  20.4533  -18.4688  17.3455  -12.6055  8.81844  -1.14417  -4.46503  
5.3602  2.33252  -6.75054  12.6083  -14.7072  17.7189  -17.5746  18.5318  -16.9801  16.8022  -14.548  13.8869  -11.6393  11.2251  -9.79089  10.3775  -10.2093  12.0481  -12.8384  15.4182  -16.3518  18.8038  -19.0926  20.6595  -19.6171  19.5746  -16.2755  13.7917  -7.45781  2.48737  5.80243  
-3.84654  -0.913688  7.88487  -11.236  15.6617  -16.5872  18.504  -17.5703  17.8928  -15.8503  15.2937  -12.8215  12.0728  -10.0306  9.95977  -9.13349  10.3867  -10.8708  13.2979  -14.3876  17.1404  -17.9013  20.0586  -19.752  20.5974  -18.4869  17.2638  -12.4406  8.6007  -1.0679  -4.29076  
5.02456  2.17335  -6.38028  12.1406  -14.2737  17.4025  -17.3386  18.4178  -16.8397  16.6444  -14.2128  13.3885  -10.9074  10.2946  -8.73585  9.25219  -9.16627  11.1421  -12.1442  14.9711  -16.0805  18.7205  -19.0331  20.6274  -19.4577  19.323  -15.8893  13.3508  -7.09506  2.32472  5.46464  
-3.468  -0.76366  7.34936  -10.5554  14.9861  -15.9788  18.0533  -17.1753  17.5842  -15.4643  14.8469  -12.1937  11.2856  -9.08202  8.87557  -8.03491  9.30454  -9.92702  12.5196  -13.7739  16.7135  -17.5406  19.7787  -19.386  20.172  -17.896  16.5948  -11.7554  8.05361  -0.910159  -3.89808  
4.53418  1.96617  -5.73786  11.2538  -13.3226  16.5454  -16.5584  17.7878  -16.2224  16.0715  -13.5445  12.6485  -10.0329  9.29398  -7.668  8.11607  -8.09066  10.1268  -11.2497  14.2077  -15.3875  18.1227  -18.3911  19.9721  -18.6501  18.435  -14.9036  12.428  -6.42241  2.10596  4.94875  
-2.94858  -0.566151  6.58113  -9.4695  13.7994  -14.7898  16.9994  -16.1807  16.7117  -14.5833  13.9955  -11.2782  10.3155  -8.05305  7.7613  -6.93085  8.17294  -8.86426  11.501  -12.7979  15.7926  -16.5842  18.8275  -18.311  19.0374  -16.6274  15.3322  -10.6027  7.2373  -0.697624  -3.3426  
3.93638  1.73161  -4.88268  9.99293  -11.859  15.0864  -15.125  16.4948  -14.9772  14.9383  -12.428  11.5762  -8.96164  8.19106  -6.57664  6.963  -6.97279  8.97171  -10.1025  13.0387  -14.1576  16.8642  -17.0134  18.544  -17.0831  16.8483  -13.3239  11.0708  -5.50245  1.85342  4.30538  
-2.33573  -0.342798  5.63601  -8.03451  12.117  -12.9908  15.2649  -14.4883  15.1664  -13.1131  12.6572  -10.0214  9.12366  -6.92876  6.61104  -5.82292  6.98755  -7.67048  10.2072  -11.41  14.2988  -14.9405  17.0976  -16.4302  17.1178  -14.6543  13.4953  -9.04369  6.21223  -0.453879  -2.67591  
3.27596  1.48778  -3.87677  8.42308  -9.92918  13.0313  -13.0164  14.4922  -13.0578  13.1966  -10.8329  10.1432  -7.6837  6.97826  -5.46482  5.79656  -5.81786  7.67337  -8.69839  11.4424  -12.3677  14.9037  -14.8602  16.3024  -14.7407  14.5753  -11.2039  9.35177  -4.40331  1.58736  3.58425  
-1.67662  -0.112812  4.57861  -6.33721  10.0151  -10.6423  12.8837  -12.1239  12.9595  -11.0727  10.8389  -8.43958  7.71371  -5.71851  5.42956  -4.71959  5.75572  -6.36018  8.64927  -9.63582  12.25  -12.64  14.612  -13.7808  14.4585  -12.0484  11.1716  -7.17548  5.05058  -0.200409  -1.95074  
2.59948  1.25104  -2.79426  6.64951  -7.65373  10.492  -10.3417  11.8703  -10.5564  10.914  -8.82752  8.38706  -6.23271  5.66873  -4.34423  4.62468  -4.64053  6.25103  -7.08034  9.46876  -10.1009  12.3253  -12.0411  13.3556  -11.7497  11.7451  -8.68017  7.38967  -3.20814  1.32648  2.83802  
-1.0217  0.105725  3.488  -4.51076  7.65229  -7.92463  10.0273  -9.26692  10.2385  -8.60749  8.63707  -6.61622  6.12584  -4.45046  4.22763  -3.63129  4.49155  -4.96844  6.87833  -7.57408  9.7615  -9.85006  11.5419  -10.5667  11.2555  -9.01364  8.54039  -5.14779  3.84183  0.0423273  -1.22417  
1.95423  1.03355  -1.72847  4.8216  -5.24462  7.69537  -7.36132  8.85911  -7.711  8.26434  -6.57085  6.39804  -4.67558  4.28939  -3.22977  3.4557  -3.45922  4.73905  -5.3273  7.22514  -7.53843  9.32961  -8.82411  9.96486  -8.40187  8.61401  -5.99019  5.35351  -2.02199  1.08531  2.12108  
-0.434188  0.286275  2.44766  -2.74532  5.25463  -5.14591  6.98301  -6.24444  7.25563  -5.9673  6.20874  -4.68008  4.42191  -3.16132  3.0173  -2.56611  3.21063  -3.5396  4.9688  -5.37182  7.01475  -6.8508  8.17453  -7.1529  7.83375  -5.89319  5.85794  -3.17332  2.68236  0.245487  -0.566804  
1.36098  0.818008  -0.810902  3.09409  -3.00524  4.92629  -4.46041  5.76139  -4.85768  5.46979  -4.26631  4.28684  -3.08922  2.8708  -2.13356  2.29525  -2.28952  3.17549  -3.52859  4.84066  -4.90891  6.17079  -5.58298  6.47455  -5.12453  5.50636  -3.47091  3.42254  -0.989918  0.848723  1.4616  
-0.0283543  0.349789  1.48422  -1.29225  3.02196  -2.69146  4.0397  -3.44231  4.26747  -3.42017  3.71015  -2.75641  2.66271  -1.8819  1.80758  -1.52627  1.92525  -2.11146  2.99297  -3.17136  4.18967  -3.9408  4.8033  -3.96621  4.52473  -3.11262  3.35809  -1.528  1.61198  0.328104  -0.0998555  
0.742048  0.500798  -0.222952  1.51551  -1.25124  2.3727  -2.00065  2.80278  -2.28183  2.70121  -2.07097  2.14164  -1.52819  1.43696  -1.05934  1.14449  -1.1381  1.59044  -1.74858  2.41781  -2.38903  3.04512  -2.63414  3.1455  -2.31626  2.64528  -1.46764  1.66651  -0.304399  0.514506  0.787475  
0.0558713  0.169393  0.509958  -0.338829  0.983162  -0.797371  1.3122  -1.07171  1.40005  -1.10028  1.23021  -0.905591  0.888027  -0.623808  0.601846  -0.506253  0.641316  -0.700667  0.998258  -1.04348  1.38865  -1.27112  1.57449  -1.2408  1.46732  -0.930828  1.08871  -0.412218  0.54941  0.162788  0.033914  
0  0  0  0  0  0  0  0  0  0  0  0  0  0  0  0  0  0  0  0  0  0  0  0  0  0  0  0  0  0  0  
