1  1  1  1  1  1  1  1  1  1  1  1  1  1  1  1  1  1  1  1  1  1  1  1  1  1  1  1  1  1  1  
-2.60235e+08  -9.53829e+07  3.99175e+08  -6.59607e+08  8.8563e+08  -1.08328e+09  1.25547e+09  -1.40341e+09  1.528e+09  -1.63049e+09  1.71254e+09  -1.77612e+09  1.82326e+09  -1.85582e+09  1.87528e+09  -1.88258e+09  1.87801e+09  -1.86115e+09  1.83098e+09  -1.78589e+09  1.72395e+09  -1.64305e+09  1.54117e+09  -1.41661e+09  1.26812e+09  -1.0948e+09  8.9545e+08  -6.67149e+08  4.03832e+08  -9.65073e+07  -2.63287e+08  
5.09742e+08  1.86806e+08  -7.82005e+08  1.28842e+09  -1.7209e+09  2.08967e+09  -2.39994e+09  2.65469e+09  -2.85736e+09  3.0129e+09  -3.12768e+09  3.20885e+09  -3.26355e+09  3.29824e+09  -3.31799e+09  3.32603e+09  -3.3234e+09  3.30882e+09  -3.27886e+09  3.22824e+09  -3.15033e+09  3.03784e+09  -2.88351e+09  2.68091e+09  -2.42507e+09  2.11257e+09  -1.74041e+09  1.30341e+09  -7.91253e+08  1.89034e+08  5.15796e+08  
-7.39128e+08  -2.70768e+08  1.13431e+09  -1.86071e+09  2.46578e+09  -2.96153e+09  3.35533e+09  -3.65387e+09  3.86641e+09  -4.00565e+09  4.0868e+09  -4.12595e+09  4.13854e+09  -4.13809e+09  4.13503e+09  -4.13596e+09  4.14302e+09  -4.15373e+09  4.16119e+09  -4.15465e+09  4.12035e+09  -4.04261e+09  3.90518e+09  -3.69278e+09  3.39264e+09  -2.99552e+09  2.49475e+09  -1.88295e+09  1.14802e+09  -2.74058e+08  -7.48084e+08  
9.4131e+08  3.44576e+08  -1.44563e+09  2.35917e+09  -3.09689e+09  3.67105e+09  -4.09271e+09  4.37571e+09  -4.53936e+09  4.60792e+09  -4.60805e+09  4.56622e+09  -4.50664e+09  4.44982e+09  -4.41135e+09  4.40094e+09  -4.42179e+09  4.47029e+09  -4.53628e+09  4.6038e+09  -4.65201e+09  4.65639e+09  -4.59026e+09  4.4268e+09  -4.14173e+09  3.71572e+09  -3.13496e+09  2.38837e+09  -1.4636e+09  3.48869e+08  9.53025e+08  
-1.11195e+09  -4.06508e+08  1.70981e+09  -2.77576e+09  3.60804e+09  -4.21919e+09  4.62691e+09  -4.85624e+09  4.9399e+09  -4.9152e+09  4.81992e+09  -4.68916e+09  4.55375e+09  -4.43924e+09  4.36501e+09  -4.34318e+09  4.37776e+09  -4.46423e+09  4.58997e+09  -4.73513e+09  4.87372e+09  -4.97457e+09  5.00227e+09  -4.9189e+09  4.68705e+09  -4.274e+09  3.65474e+09  -2.81155e+09  1.73179e+09  -4.11726e+08  -1.12623e+09  
1.2493e+09  4.55795e+08  -1.92471e+09  3.11039e+09  -4.00624e+09  4.6263e+09  -4.99802e+09  5.16044e+09  -5.16053e+09  5.0472e+09  -4.86624e+09  4.65806e+09  -4.4574e+09  4.29326e+09  -4.18815e+09  4.15648e+09  -4.20304e+09  4.32245e+09  -4.49973e+09  4.71182e+09  -4.9292e+09  5.11672e+09  -5.23363e+09  5.23392e+09  -5.06856e+09  4.6906e+09  -4.061e+09  3.1523e+09  -1.9504e+09  4.61846e+08  1.26593e+09  
-1.35374e+09  -4.92471e+08  2.09133e+09  -3.36828e+09  4.30576e+09  -4.92061e+09  5.25178e+09  -5.35266e+09  5.28246e+09  -5.09802e+09  4.84923e+09  -4.57886e+09  4.32415e+09  -4.11752e+09  3.98526e+09  -3.94481e+09  4.00209e+09  -4.15053e+09  4.37205e+09  -4.63975e+09  4.92061e+09  -5.1769e+09  5.36545e+09  -5.43611e+09  5.33193e+09  -4.99365e+09  4.36793e+09  -3.41579e+09  2.12035e+09  -4.99247e+08  -1.37245e+09  
1.42709e+09  5.17154e+08  -2.21264e+09  3.55737e+09  -4.5229e+09  5.12935e+09  -5.42687e+09  5.48096e+09  -5.35928e+09  5.12238e+09  -4.82114e+09  4.49928e+09  -4.19675e+09  3.95053e+09  -3.79209e+09  3.74298e+09  -3.81066e+09  3.98695e+09  -4.24965e+09  4.56657e+09  -4.90009e+09  5.20969e+09  -5.45121e+09  5.57344e+09  -5.5157e+09  5.21028e+09  -4.59172e+09  3.60987e+09  -2.2446e+09  5.24539e+08  1.44759e+09  
-1.47199e+09  -5.3083e+08  2.29265e+09  -3.68611e+09  4.67231e+09  -5.27393e+09  5.54994e+09  -5.57415e+09  5.41837e+09  -5.14352e+09  4.79985e+09  -4.43208e+09  4.08389e+09  -3.79823e+09  3.61307e+09  -3.55493e+09  3.63314e+09  -3.83763e+09  4.14115e+09  -4.50498e+09  4.88547e+09  -5.23828e+09  5.5182e+09  -5.67463e+09  5.64645e+09  -5.36183e+09  4.74696e+09  -3.74293e+09  2.32711e+09  -5.38699e+08  -1.49397e+09  
1.49143e+09  5.3467e+08  -2.33561e+09  3.76214e+09  -4.7654e+09  5.36867e+09  -5.63612e+09  5.6455e+09  -5.46909e+09  5.1662e+09  -4.7861e+09  4.37522e+09  -3.98211e+09  3.65668e+09  -3.4442e+09  3.37669e+09  -3.46553e+09  3.69858e+09  -4.04305e+09  4.45289e+09  -4.8774e+09  5.26734e+09  -5.5757e+09  5.75283e+09  -5.73921e+09  5.4625e+09  -4.84498e+09  3.82256e+09  -2.37209e+09  5.42894e+08  1.51456e+09  
-1.48838e+09  -5.29898e+08  2.34555e+09  -3.7917e+09  4.80991e+09  -5.42148e+09  5.69159e+09  -5.69791e+09  5.51054e+09  -5.1863e+09  4.77386e+09  -4.3222e+09  3.88539e+09  -3.52077e+09  3.28115e+09  -3.20422e+09  3.30348e+09  -3.56467e+09  3.9493e+09  -4.40373e+09  4.8698e+09  -5.29267e+09  5.62273e+09  -5.81089e+09  5.80008e+09  -5.52014e+09  4.89346e+09  -3.85494e+09  2.38355e+09  -5.38345e+08  -1.51231e+09  
1.46563e+09  5.17708e+08  -2.32606e+09  3.77952e+09  -4.81045e+09  5.43539e+09  -5.7166e+09  5.7283e+09  -5.53678e+09  5.1962e+09  -4.75522e+09  4.26591e+09  -3.78804e+09  3.38626e+09  -3.12075e+09  3.03474e+09  -3.14382e+09  3.43164e+09  -3.85416e+09  4.35034e+09  -4.85468e+09  5.30657e+09  -5.65327e+09  5.84563e+09  -5.82922e+09  5.53772e+09  -4.89693e+09  3.84477e+09  -2.36506e+09  5.26247e+08  1.49002e+09  
-1.42571e+09  -4.99225e+08  2.28024e+09  -3.729e+09  4.7692e+09  -5.41017e+09  5.70784e+09  -5.73055e+09  5.5398e+09  -5.18728e+09  4.72214e+09  -4.1997e+09  3.68514e+09  -3.24985e+09  2.9608e+09  -2.86644e+09  2.98434e+09  -3.29617e+09  3.7527e+09  -4.28606e+09  4.82397e+09  -5.30037e+09  5.65922e+09  -5.85086e+09  5.82328e+09  -5.51492e+09  4.85754e+09  -3.79543e+09  2.31972e+09  -5.07728e+08  -1.45021e+09  
1.37091e+09  4.75486e+08  -2.21078e+09  3.6426e+09  -4.68679e+09  5.34367e+09  -5.6603e+09  5.69738e+09  -5.51116e+09  5.15114e+09  -4.66721e+09  4.11773e+09  -3.5726e+09  3.10898e+09  -2.79982e+09  2.69823e+09  -2.82356e+09  3.15571e+09  -3.6408e+09  4.20499e+09  -4.77021e+09  5.26562e+09  -5.63211e+09  5.81922e+09  -5.77715e+09  5.44956e+09  -4.77588e+09  3.70933e+09  -2.25019e+09  4.83833e+08  1.39517e+09  
-1.30327e+09  -4.47446e+08  2.12003e+09  -3.5222e+09  4.5631e+09  -5.233e+09  5.56846e+09  -5.62152e+09  5.44295e+09  -5.08023e+09  4.58398e+09  -4.01506e+09  3.44708e+09  -2.96174e+09  2.63684e+09  -2.52946e+09  2.6605e+09  -3.00833e+09  3.51512e+09  -4.1022e+09  4.6869e+09  -5.19472e+09  5.56396e+09  -5.74342e+09  5.68529e+09  -5.33871e+09  4.6518e+09  -3.58836e+09  2.15887e+09  -4.55524e+08  -1.32699e+09  
1.22472e+09  4.15988e+08  -2.01021e+09  3.36947e+09  -4.39785e+09  5.07537e+09  -5.42733e+09  5.49659e+09  -5.32839e+09  4.96824e+09  -4.46718e+09  3.88778e+09  -3.30604e+09  2.80675e+09  -2.47128e+09  2.35983e+09  -2.49459e+09  2.85267e+09  -3.37314e+09  3.97376e+09  -4.56881e+09  5.08135e+09  -5.44798e+09  5.61704e+09  -5.54267e+09  5.17956e+09  -4.48503e+09  3.43422e+09  -2.04796e+09  4.23696e+08  1.24758e+09  
-1.13708e+09  -3.81936e+08  1.88349e+09  -3.18628e+09  4.19124e+09  -4.86881e+09  5.23307e+09  -5.31767e+09  5.16236e+09  -4.81051e+09  4.31303e+09  -3.73315e+09  3.14777e+09  -2.64316e+09  2.30288e+09  -2.1893e+09  2.32557e+09  -2.6879e+09  3.21315e+09  -3.81695e+09  4.41213e+09  -4.92084e+09  5.27903e+09  -5.43514e+09  5.34545e+09  -4.97014e+09  4.27576e+09  -3.24876e+09  1.91967e+09  -3.89186e+08  -1.15881e+09  
1.04213e+09  3.46066e+08  -1.74213e+09  2.97487e+09  -3.94433e+09  4.61272e+09  -4.98362e+09  5.08188e+09  -4.9418e+09  4.60429e+09  -4.11939e+09  3.54967e+09  -2.97141e+09  2.47063e+09  -2.13162e+09  2.01798e+09  -2.15347e+09  2.51368e+09  -3.03432e+09  3.63032e+09  -4.21476e+09  4.71048e+09  -5.05408e+09  5.19488e+09  -5.0916e+09  4.70987e+09  -4.0251e+09  3.0343e+09  -1.77631e+09  3.52783e+08  1.06248e+09  
-9.41689e+08  -3.09117e+08  1.5886e+09  -2.73819e+09  3.65945e+09  -4.30831e+09  4.67918e+09  -4.78877e+09  4.66605e+09  -4.34905e+09  3.88591e+09  -3.33722e+09  2.77694e+09  -2.28927e+09  1.95773e+09  -1.84613e+09  1.97849e+09  -2.33017e+09  2.83669e+09  -3.41379e+09  3.97644e+09  -4.44982e+09  4.77254e+09  -4.89584e+09  4.78135e+09  -4.40004e+09  3.73545e+09  -2.79384e+09  1.62037e+09  -3.15242e+08  -9.60447e+08  
8.376e+08  2.71795e+08  -1.42562e+09  2.47999e+09  -3.34045e+09  3.95897e+09  -4.32251e+09  4.44067e+09  -4.33721e+09  4.04666e+09  -3.61421e+09  3.09702e+09  -2.56524e+09  2.09963e+09  -1.78157e+09  1.67408e+09  -1.80104e+09  2.13795e+09  -2.62119e+09  3.16866e+09  -3.69884e+09  4.14079e+09  -4.4366e+09  4.54048e+09  -4.41759e+09  4.04411e+09  -3.41074e+09  2.5312e+09  -1.45465e+09  2.77286e+08  8.54599e+08  
-7.31784e+08  -2.3478e+08  1.25623e+09  -2.20497e+09  2.99287e+09  -3.57045e+09  3.91928e+09  -4.04294e+09  3.9602e+09  -3.70144e+09  3.30778e+09  -2.83164e+09  2.33793e+09  -1.90262e+09  1.60365e+09  -1.5022e+09  1.62163e+09  -1.938e+09  2.38952e+09  -2.8976e+09  3.38559e+09  -3.78787e+09  4.05131e+09  -4.1343e+09  4.00612e+09  -3.64799e+09  3.05664e+09  -2.25119e+09  1.28226e+09  -2.3961e+08  -7.46899e+08  
6.2624e+08  1.98722e+08  -1.08383e+09  1.91883e+09  -2.62404e+09  3.15101e+09  -3.47807e+09  3.60401e+09  -3.54278e+09  3.32008e+09  -2.97188e+09  2.54477e+09  -2.0973e+09  1.69946e+09  -1.42453e+09  1.33085e+09  -1.44087e+09  1.73157e+09  -2.14404e+09  2.60441e+09  -3.0421e+09  3.3979e+09  -3.62465e+09  3.68591e+09  -3.55571e+09  3.22012e+09  -2.68064e+09  1.95964e+09  -1.10665e+09  2.02882e+08  6.39393e+08  
-5.23041e+08  -1.64246e+08  9.12136e+08  -1.62823e+09  2.243e+09  -2.71131e+09  3.01025e+09  -3.13508e+09  3.09523e+09  -2.91124e+09  2.6132e+09  -2.241e+09  1.84609e+09  -1.49154e+09  1.2448e+09  -1.16037e+09  1.25935e+09  -1.5201e+09  1.88759e+09  -2.29382e+09  2.6752e+09  -2.97976e+09  3.1671e+09  -3.20676e+09  3.07797e+09  -2.77136e+09  2.29197e+09  -1.66336e+09  9.31648e+08  -1.67742e+08  -5.34206e+08  
4.2431e+08  1.31945e+08  -7.45147e+08  1.34066e+09  -1.86024e+09  2.26393e+09  -2.52941e+09  2.64956e+09  -2.62966e+09  2.48495e+09  -2.23925e+09  1.92541e+09  -1.58728e+09  1.28029e+09  -1.065e+09  9.91024e+08  -1.07766e+09  1.30508e+09  -1.62322e+09  1.97102e+09  -2.2926e+09  2.54369e+09  -2.69104e+09  2.71053e+09  -2.58679e+09  2.31459e+09  -1.90135e+09  1.36999e+09  -7.61333e+08  1.34799e+08  4.3351e+08  
-3.32128e+08  -1.0236e+08  5.86944e+08  -1.06399e+09  1.48702e+09  -1.82256e+09  2.05027e+09  -2.16176e+09  2.1588e+09  -2.05154e+09  1.85767e+09  -1.60304e+09  1.32377e+09  -1.06707e+09  8.85601e+08  -8.22978e+08  8.96262e+08  -1.08793e+09  1.35393e+09  -1.64118e+09  1.90212e+09  -2.10026e+09  2.20947e+09  -2.21185e+09  2.09718e+09  -1.86376e+09  1.52029e+09  -1.08759e+09  5.99885e+08  -1.04609e+08  -3.39441e+08  
2.48321e+08  7.5925e+07  -4.41263e+08  8.05633e+08  -1.13407e+09  1.4002e+09  -1.58674e+09  1.6851e+09  -1.69438e+09  1.62039e+09  -1.47526e+09  1.27833e+09  -1.0581e+09  8.53041e+08  -7.06917e+08  6.5629e+08  -7.15517e+08  8.69842e+08  -1.08232e+09  1.30887e+09  -1.5107e+09  1.65904e+09  -1.73437e+09  1.72443e+09  -1.62336e+09  1.43218e+09  -1.15975e+09  8.23745e+08  -4.51134e+08  7.76187e+07  2.53869e+08  
-1.74059e+08  -5.2861e+07  3.10733e+08  -5.71064e+08  8.0948e+08  -1.00677e+09  1.14943e+09  -1.22969e+09  1.24516e+09  -1.19842e+09  1.09708e+09  -9.54627e+08  7.92163e+08  -6.39036e+08  5.2911e+08  -4.9089e+08  5.35599e+08  -6.51694e+08  8.10375e+08  -9.77508e+08  1.12352e+09  -1.22713e+09  1.2747e+09  -1.25858e+09  1.17618e+09  -1.02999e+09  8.28015e+08  -5.84063e+08  3.17779e+08  -5.40567e+07  -1.78002e+08  
1.0932e+08  3.30255e+07  -1.95858e+08  3.61959e+08  -5.16225e+08  6.46261e+08  -7.42814e+08  7.99959e+08  -8.151e+08  7.88937e+08  -7.25668e+08  6.33746e+08  -5.27086e+08  4.25515e+08  -3.52162e+08  3.26588e+08  -3.56505e+08  4.33978e+08  -5.39239e+08  6.48975e+08  -7.43206e+08  8.079e+08  -8.34527e+08  8.18857e+08  -7.60217e+08  6.61291e+08  -5.28157e+08  3.70285e+08  -2.00349e+08  3.37814e+07  1.11825e+08  
-5.24251e+07  -1.57838e+07  9.41403e+07  -1.7465e+08  2.50168e+08  -3.14654e+08  3.63405e+08  -3.93205e+08  4.02411e+08  -3.9102e+08  3.60839e+08  -3.15915e+08  2.63159e+08  -2.12572e+08  1.75894e+08  -1.63083e+08  1.7807e+08  -2.1681e+08  2.69237e+08  -3.23519e+08  3.69576e+08  -4.0044e+08  4.12031e+08  -4.02529e+08  3.71959e+08  -3.22013e+08  2.55988e+08  -1.78697e+08  9.63157e+07  -1.6148e+07  -5.36359e+07  
0  0  0  0  0  0  0  0  0  0  0  0  0  0  0  0  0  0  0  0  0  0  0  0  0  0  0  0  0  0  0  
