1  1  1  1  1  1  1  1  1  1  1  1  1  1  1  1  1  1  1  1  1  1  1  1  1  1  1  1  1  1  1  
8.22881e+16  3.01614e+16  -1.26219e+17  2.08547e+17  -2.79969e+17  3.42388e+17  -3.9672e+17  4.43348e+17  -4.82553e+17  5.14726e+17  -5.40398e+17  5.60196e+17  -5.74767e+17  5.84707e+17  -5.90495e+17  5.92442e+17  -5.90651e+17  5.85012e+17  -5.75208e+17  5.60755e+17  -5.41051e+17  5.15444e+17  -4.83305e+17  4.44102e+17  -3.97443e+17  3.43047e+17  -2.8053e+17  2.08978e+17  -1.26485e+17  3.02257e+16  8.24625e+16  
-1.61194e+17  -5.90739e+16  2.47285e+17  -4.07391e+17  5.44073e+17  -6.60561e+17  7.58488e+17  -8.38797e+17  9.02568e+17  -9.51361e+17  9.87187e+17  -1.01231e+18  1.029e+18  -1.03931e+18  1.04486e+18  -1.04669e+18  1.04517e+18  -1.03991e+18  1.02987e+18  -1.01342e+18  9.88481e+17  -9.52786e+17  9.04063e+17  -8.40296e+17  7.59925e+17  -6.61869e+17  5.45189e+17  -4.08248e+17  2.47814e+17  -5.92013e+16  -1.6154e+17  
2.33754e+17  8.56334e+16  -3.58729e+17  5.88423e+17  -7.79702e+17  9.36359e+17  -1.06072e+18  1.15487e+18  -1.22174e+18  1.26532e+18  -1.29042e+18  1.30212e+18  -1.3053e+18  1.30425e+18  -1.30231e+18  1.30157e+18  -1.30276e+18  1.30515e+18  -1.30659e+18  1.30376e+18  -1.29234e+18  1.26744e+18  -1.22395e+18  1.15709e+18  -1.06285e+18  9.38302e+17  -7.81358e+17  5.89694e+17  -3.59512e+17  8.58215e+16  2.34266e+17  
-2.97735e+17  -1.0899e+17  4.57248e+17  -7.46182e+17  9.79482e+17  -1.16102e+18  1.29427e+18  -1.3836e+18  1.43507e+18  -1.45634e+18  1.4558e+18  -1.44181e+18  1.42204e+18  -1.40298e+18  1.38958e+18  -1.38496e+18  1.39018e+18  -1.40415e+18  1.42374e+18  -1.44396e+18  1.45831e+18  -1.45911e+18  1.43798e+18  -1.38652e+18  1.29708e+18  -1.16357e+18  9.81658e+17  -7.47851e+17  4.58275e+17  -1.09235e+17  -2.98405e+17  
3.51765e+17  1.28599e+17  -5.409e+17  8.78131e+17  -1.14145e+18  1.33482e+18  -1.46382e+18  1.53631e+18  -1.5626e+18  1.55444e+18  -1.52374e+18  1.48158e+18  -1.43771e+18  1.40023e+18  -1.37529e+18  1.36678e+18  -1.37602e+18  1.40166e+18  -1.43978e+18  1.48421e+18  -1.52681e+18  1.55783e+18  -1.56617e+18  1.53989e+18  -1.46725e+18  1.33796e+18  -1.14412e+18  8.80176e+17  -5.42157e+17  1.28897e+17  3.52581e+17  
-3.95291e+17  -1.44216e+17  6.09007e+17  -9.84224e+17  1.2678e+18  -1.46416e+18  1.58194e+18  -1.63343e+18  1.63341e+18  -1.59729e+18  1.53949e+18  -1.4728e+18  1.40818e+18  -1.35483e+18  1.31991e+18  -1.30803e+18  1.32076e+18  -1.3565e+18  1.4106e+18  -1.47587e+18  1.54309e+18  -1.60126e+18  1.63759e+18  -1.63763e+18  1.58597e+18  -1.46783e+18  1.27093e+18  -9.8662e+17  6.10475e+17  -1.44562e+17  -3.96241e+17  
4.28425e+17  1.55851e+17  -6.6187e+17  1.0661e+18  -1.36301e+18  1.5579e+18  -1.66304e+18  1.69521e+18  -1.67306e+18  1.61449e+18  -1.53523e+18  1.44879e+18  -1.36696e+18  1.30002e+18  -1.25631e+18  1.24142e+18  -1.25728e+18  1.30191e+18  -1.3697e+18  1.45227e+18  -1.53931e+18  1.61899e+18  -1.6778e+18  1.69998e+18  -1.66762e+18  1.56208e+18  -1.36657e+18  1.06882e+18  -6.63529e+17  1.56239e+17  4.29495e+17  
-4.51738e+17  -1.63697e+17  7.00426e+17  -1.12625e+18  1.4322e+18  -1.62461e+18  1.71925e+18  -1.73675e+18  1.69838e+18  -1.62324e+18  1.52736e+18  -1.42457e+18  1.32751e+18  -1.24791e+18  1.19575e+18  -1.1779e+18  1.19681e+18  -1.24999e+18  1.33054e+18  -1.42842e+18  1.53187e+18  -1.62823e+18  1.70364e+18  -1.74203e+18  1.72433e+18  -1.62924e+18  1.43613e+18  -1.12925e+18  7.02253e+17  -1.6412e+17  -4.5291e+17  
4.6606e+17  1.68064e+17  -7.25927e+17  1.16732e+18  -1.47997e+18  1.67101e+18  -1.75897e+18  1.7671e+18  -1.718e+18  1.63085e+18  -1.52152e+18  1.40415e+18  -1.29256e+18  1.20036e+18  -1.1396e+18  1.11872e+18  -1.14075e+18  1.20261e+18  -1.29583e+18  1.40831e+18  -1.52641e+18  1.63627e+18  -1.7237e+18  1.77285e+18  -1.76449e+18  1.67603e+18  -1.48424e+18  1.17057e+18  -7.27897e+17  1.68513e+17  4.67317e+17  
-4.72326e+17  -1.69318e+17  7.39706e+17  -1.19171e+18  1.5099e+18  -1.70158e+18  1.78694e+18  -1.79044e+18  1.73483e+18  -1.63881e+18  1.51792e+18  -1.38687e+18  1.261e+18  -1.15614e+18  1.08662e+18  -1.06263e+18  1.08784e+18  -1.15853e+18  1.26449e+18  -1.39131e+18  1.52314e+18  -1.64459e+18  1.74092e+18  -1.79657e+18  1.79283e+18  -1.70695e+18  1.51445e+18  -1.19516e+18  7.41792e+17  -1.69788e+17  -4.73648e+17  
4.71469e+17  1.67845e+17  -7.4303e+17  1.20138e+18  -1.52442e+18  1.71883e+18  -1.80509e+18  1.80766e+18  -1.74859e+18  1.64581e+18  -1.51467e+18  1.37068e+18  -1.23095e+18  1.11363e+18  -1.03544e+18  1.00836e+18  -1.03672e+18  1.11614e+18  -1.2346e+18  1.37534e+18  -1.52015e+18  1.65189e+18  -1.75501e+18  1.81412e+18  -1.81129e+18  1.72446e+18  -1.5292e+18  1.20499e+18  -7.45202e+17  1.68327e+17  4.72837e+17  
-4.64369e+17  -1.6402e+17  7.37025e+17  -1.1978e+18  1.52497e+18  -1.72368e+18  1.8135e+18  -1.81778e+18  1.7574e+18  -1.64944e+18  1.50926e+18  -1.35334e+18  1.2006e+18  -1.07149e+18  9.85058e+17  -9.55021e+17  9.86377e+17  -1.07408e+18  1.20438e+18  -1.35816e+18  1.51494e+18  -1.65575e+18  1.76406e+18  -1.82449e+18  1.81993e+18  -1.72952e+18  1.52991e+18  -1.20153e+18  7.39254e+17  -1.64509e+17  -4.65763e+17  
4.51821e+17  1.58199e+17  -7.22667e+17  1.18206e+18  -1.51222e+18  1.71605e+18  -1.8111e+18  1.81888e+18  -1.75873e+18  1.64698e+18  -1.49915e+18  1.33275e+18  -1.1684e+18  1.02868e+18  -9.34784e+17  9.02059e+17  -9.36129e+17  1.03133e+18  -1.17226e+18  1.33769e+18  -1.50497e+18  1.65344e+18  -1.76556e+18  1.82575e+18  -1.8177e+18  1.72204e+18  -1.51727e+18  1.18585e+18  -7.24923e+17  1.58685e+17  4.53221e+17  
-4.34544e+17  -1.50708e+17  7.00799e+17  -1.15491e+18  1.48639e+18  -1.69527e+18  1.79632e+18  -1.80863e+18  1.74992e+18  -1.63579e+18  1.48202e+18  -1.30707e+18  1.13307e+18  -9.84403e+17  8.8415e+17  -8.49123e+17  8.85506e+17  -9.87074e+17  1.13696e+18  -1.31206e+18  1.4879e+18  -1.64233e+18  1.75683e+18  -1.8156e+18  1.803e+18  -1.70132e+18  1.49148e+18  -1.15872e+18  7.03052e+17  -1.51186e+17  -4.35931e+17  
4.13189e+17  1.4185e+17  -6.72167e+17  1.11694e+18  -1.44741e+18  1.66042e+18  -1.76742e+18  1.78477e+18  -1.72846e+18  1.61347e+18  -1.45581e+18  1.27474e+18  -1.09355e+18  9.38048e+17  -8.32851e+17  7.96011e+17  -8.34203e+17  9.40712e+17  -1.09743e+18  1.27973e+18  -1.4617e+18  1.62002e+18  -1.73538e+18  1.79174e+18  -1.7741e+18  1.66646e+18  -1.45248e+18  1.12072e+18  -6.74387e+17  1.42312e+17  4.14544e+17  
-3.88359e+17  -1.31903e+17  6.37467e+17  -1.0687e+18  1.39521e+18  -1.61062e+18  1.72281e+18  -1.74527e+18  1.69222e+18  -1.57805e+18  1.41889e+18  -1.23454e+18  1.04904e+18  -8.89187e+17  7.80704e+17  -7.42631e+17  7.82037e+17  -8.91812e+17  1.05288e+18  -1.23946e+18  1.4247e+18  -1.58452e+18  1.69906e+18  -1.75215e+18  1.72941e+18  -1.61657e+18  1.4002e+18  -1.0724e+18  6.39625e+17  -1.32343e+17  -3.89666e+17  
3.60632e+17  1.21127e+17  -5.97387e+17  1.01076e+18  -1.32985e+18  1.54524e+18  -1.6613e+18  1.68858e+18  -1.6396e+18  1.52806e+18  -1.37006e+18  1.1856e+18  -9.99011e+17  8.37554e+17  -7.27629e+17  6.88964e+17  -7.28927e+17  8.40111e+17  -1.00275e+18  1.19039e+18  -1.37572e+18  1.53436e+18  -1.64627e+18  1.69529e+18  -1.66772e+18  1.55104e+18  -1.33468e+18  1.01433e+18  -5.99455e+17  1.21542e+17  3.61874e+17  
-3.30575e+17  -1.09771e+17  5.52644e+17  -9.43834e+17  1.25167e+18  -1.46412e+18  1.58223e+18  -1.6138e+18  1.56962e+18  -1.46263e+18  1.30864e+18  -1.12745e+18  9.43191e+17  -7.83042e+17  6.73626e+17  -6.35051e+17  6.74875e+17  -7.85502e+17  9.46787e+17  -1.13206e+18  1.31409e+18  -1.4687e+18  1.57604e+18  -1.62026e+18  1.5884e+18  -1.46967e+18  1.25628e+18  -9.47231e+17  5.54598e+17  -1.10155e+17  -3.31739e+17  
2.98762e+17  9.80666e+16  -5.04018e+17  8.68863e+17  -1.1614e+18  1.36762e+18  -1.48568e+18  1.5208e+18  -1.4821e+18  1.38161e+18  -1.23454e+18  1.06007e+18  -8.81588e+17  7.25691e+17  -6.18763e+17  5.80971e+17  -6.19949e+17  7.28029e+17  -8.85003e+17  1.06445e+18  -1.23971e+18  1.38737e+18  -1.48819e+18  1.52692e+18  -1.49152e+18  1.37286e+18  -1.16575e+18  8.72044e+17  -5.05835e+17  9.84167e+16  2.99834e+17  
-2.65779e+17  -8.624e+16  4.52376e+17  -7.87037e+17  1.06028e+18  -1.25684e+18  1.37252e+18  -1.41031e+18  1.3777e+18  -1.28559e+18  1.14828e+18  -9.83847e+17  8.14477e+17  -6.6568e+17  5.6316e+17  -5.26827e+17  5.64273e+17  -6.67871e+17  8.17675e+17  -9.87942e+17  1.15311e+18  -1.29097e+18  1.38338e+18  -1.41602e+18  1.37796e+18  -1.2617e+18  1.0643e+18  -7.89964e+17  4.54035e+17  -8.65539e+16  -2.6675e+17  
2.32236e+17  7.45064e+16  -3.98683e+17  6.99848e+17  -9.50057e+17  1.13359e+18  -1.24457e+18  1.28406e+18  -1.25799e+18  1.17596e+18  -1.05097e+18  8.99599e+17  -7.42381e+17  6.03304e+17  -5.06978e+17  4.72736e+17  -5.08006e+17  6.05327e+17  -7.4533e+17  9.0337e+17  -1.05541e+18  1.1809e+18  -1.2632e+18  1.28929e+18  -1.24953e+18  1.13802e+18  -9.53702e+17  7.0249e+17  -4.0017e+17  7.47825e+16  2.331e+17  
-1.98769e+17  -6.30728e+16  3.44016e+17  -6.09104e+17  8.33063e+17  -1.00051e+18  1.10453e+18  -1.14471e+18  1.12544e+18  -1.05484e+18  9.44282e+17  -8.08509e+17  6.66031e+17  -5.3895e+17  4.50398e+17  -4.18814e+17  4.51332e+17  -5.40785e+17  6.68702e+17  -8.11918e+17  9.48296e+17  -1.05928e+18  1.13012e+18  -1.1494e+18  1.10897e+18  -1.00446e+18  8.36299e+17  -6.11437e+17  3.45321e+17  -6.33106e+16  -1.99521e+17  
1.66037e+17  5.21379e+16  -2.89558e+17  5.16923e+17  -7.12169e+17  8.6097e+17  -9.56035e+17  9.95829e+17  -9.83313e+17  9.24979e+17  -8.30347e+17  7.12036e+17  -5.86302e+17  4.73059e+17  -3.93607e+17  3.65165e+17  -3.94439e+17  4.74692e+17  -5.88673e+17  7.15055e+17  -8.33891e+17  9.28896e+17  -9.87421e+17  9.99926e+17  -9.59906e+17  8.64403e+17  -7.14968e+17  5.18931e+17  -2.90674e+17  5.23377e+16  1.66675e+17  
-1.34713e+17  -4.18902e+16  2.36579e+17  -4.25678e+17  5.90704e+17  -7.18975e+17  8.03385e+17  -8.41657e+17  8.35447e+17  -7.89568e+17  7.11554e+17  -6.11793e+17  5.0414e+17  -4.06094e+17  3.36782e+17  -3.11872e+17  3.37505e+17  -4.07511e+17  5.06194e+17  -6.144e+17  7.14604e+17  -7.92926e+17  8.38956e+17  -8.45143e+17  8.06665e+17  -7.2187e+17  5.93054e+17  -4.27355e+17  2.37504e+17  -4.20534e+16  -1.35239e+17  
1.05461e+17  3.2502e+16  -1.86375e+17  3.37873e+17  -4.72244e+17  5.78858e+17  -6.51252e+17  6.86748e+17  -6.8589e+17  6.51887e+17  -5.90325e+17  5.09382e+17  -4.2047e+17  3.38489e+17  -2.80068e+17  2.58988e+17  -2.80678e+17  3.39681e+17  -4.22194e+17  5.11562e+17  -5.92866e+17  6.54671e+17  -6.88786e+17  6.89612e+17  -6.53933e+17  5.81214e+17  -4.74146e+17  3.39222e+17  -1.87115e+17  3.26305e+16  1.05879e+17  
-7.88602e+16  -2.41114e+16  1.40135e+17  -2.55862e+17  3.60194e+17  -4.44756e+17  5.04058e+17  -5.35359e+17  5.38365e+17  -5.14908e+17  4.68823e+17  -4.06219e+17  3.36099e+17  -2.70612e+17  2.23572e+17  -2.06532e+17  2.24063e+17  -2.71573e+17  3.37484e+17  -4.07965e+17  4.70849e+17  -5.17117e+17  5.40651e+17  -5.37607e+17  5.06151e+17  -4.46584e+17  3.61661e+17  -2.56897e+17  1.40699e+17  -2.42082e+16  -7.91773e+16  
5.52835e+16  1.67891e+16  -9.86939e+16  1.81386e+17  -2.57127e+17  3.19817e+17  -3.65166e+17  3.90699e+17  -3.95651e+17  3.80835e+17  -3.48651e+17  3.03364e+17  -2.51636e+17  2.02732e+17  -1.67345e+17  1.54481e+17  -1.67715e+17  2.03456e+17  -2.52677e+17  3.04672e+17  -3.50162e+17  3.82476e+17  -3.9734e+17  3.9235e+17  -3.66694e+17  3.21145e+17  -2.58187e+17  1.82129e+17  -9.90966e+16  1.68575e+16  5.55088e+16  
-3.47251e+16  -1.04903e+16  6.2214e+16  -1.14979e+17  1.63991e+17  -2.05311e+17  2.36002e+17  -2.54178e+17  2.59011e+17  -2.50717e+17  2.30623e+17  -2.01399e+17  1.67437e+17  -1.34998e+17  1.11383e+17  -1.02776e+17  1.11632e+17  -1.35482e+17  1.68131e+17  -2.02269e+17  2.31626e+17  -2.51801e+17  2.60121e+17  -2.55258e+17  2.36996e+17  -2.06171e+17  1.64673e+17  -1.15455e+17  6.24707e+16  -1.05336e+16  -3.48683e+16  
1.66539e+16  5.01399e+15  -2.99057e+16  5.54829e+16  -7.94765e+16  9.99682e+16  -1.15464e+17  1.24941e+17  -1.27876e+17  1.24266e+17  -1.1468e+17  1.00396e+17  -8.35979e+16  6.74412e+16  -5.56335e+16  5.13218e+16  -5.57579e+16  6.76835e+16  -8.39453e+16  1.00831e+17  -1.15179e+17  1.24804e+17  -1.28426e+17  1.25474e+17  -1.15953e+17  1.00389e+17  -7.98091e+16  5.57142e+16  -3.00301e+16  5.0348e+15  1.67231e+16  
0  0  0  0  0  0  0  0  0  0  0  0  0  0  0  0  0  0  0  0  0  0  0  0  0  0  0  0  0  0  0  
