1  1  1  1  1  1  1  1  1  1  1  1  1  1  1  1  1  1  1  1  1  1  1  1  1  1  1  1  1  1  1  
-3.26462e+17  -1.1966e+17  5.00747e+17  -8.27367e+17  1.11071e+18  -1.35834e+18  1.57388e+18  -1.75885e+18  1.91437e+18  -2.04199e+18  2.14381e+18  -2.22232e+18  2.2801e+18  -2.3195e+18  2.34243e+18  -2.35011e+18  2.34297e+18  -2.32057e+18  2.28165e+18  -2.22429e+18  2.14611e+18  -2.04451e+18  1.91702e+18  -1.76151e+18  1.57643e+18  -1.36066e+18  1.11269e+18  -8.28883e+17  5.01683e+17  -1.19886e+17  -3.27075e+17  
6.39504e+17  2.34365e+17  -9.81055e+17  1.61624e+18  -2.15849e+18  2.62062e+18  -3.00911e+18  3.3277e+18  -3.58066e+18  3.7742e+18  -3.91629e+18  4.0159e+18  -4.08206e+18  4.12288e+18  -4.14483e+18  4.15204e+18  -4.14592e+18  4.12501e+18  -4.08513e+18  4.0198e+18  -3.92084e+18  3.77922e+18  -3.58592e+18  3.33297e+18  -3.01417e+18  2.62523e+18  -2.16242e+18  1.61926e+18  -9.82915e+17  2.34813e+17  6.40722e+17  
-9.27376e+17  -3.39735e+17  1.42319e+18  -2.33446e+18  3.09331e+18  -3.71481e+18  4.20815e+18  -4.58166e+18  4.84692e+18  -5.01979e+18  5.11931e+18  -5.16564e+18  5.17819e+18  -5.17395e+18  5.16613e+18  -5.16311e+18  5.16774e+18  -5.17709e+18  5.18274e+18  -5.17141e+18  5.12605e+18  -5.02722e+18  4.85471e+18  -4.58949e+18  4.21566e+18  -3.72164e+18  3.09914e+18  -2.33893e+18  1.42595e+18  -3.40397e+17  -9.29177e+17  
1.18121e+18  4.32398e+17  -1.81405e+18  2.96035e+18  -3.88592e+18  4.60613e+18  -5.13479e+18  5.48915e+18  -5.69334e+18  5.77765e+18  -5.77545e+18  5.7199e+18  -5.64137e+18  5.56563e+18  -5.51235e+18  5.4939e+18  -5.51445e+18  5.56975e+18  -5.64733e+18  5.72746e+18  -5.78429e+18  5.7874e+18  -5.70357e+18  5.49942e+18  -5.14464e+18  4.61511e+18  -3.89358e+18  2.96622e+18  -1.81767e+18  4.33261e+17  1.18357e+18  
-1.39557e+18  -5.10195e+17  2.14594e+18  -3.48385e+18  4.52854e+18  -5.29571e+18  5.80747e+18  -6.09507e+18  6.19936e+18  -6.16696e+18  6.04509e+18  -5.87776e+18  5.70362e+18  -5.55479e+18  5.45572e+18  -5.42179e+18  5.45828e+18  -5.55982e+18  5.7109e+18  -5.887e+18  6.05591e+18  -6.17889e+18  6.2119e+18  -6.10767e+18  5.81957e+18  -5.30673e+18  4.53793e+18  -3.49105e+18  2.15036e+18  -5.11244e+17  -1.39845e+18  
1.56826e+18  5.72158e+17  -2.41615e+18  3.90478e+18  -5.02984e+18  5.80889e+18  -6.27619e+18  6.48048e+18  -6.4804e+18  6.33705e+18  -6.10772e+18  5.84302e+18  -5.58654e+18  5.37476e+18  -5.23606e+18  5.18872e+18  -5.23905e+18  5.38063e+18  -5.59505e+18  5.85383e+18  -6.12038e+18  6.35103e+18  -6.4951e+18  6.49526e+18  -6.29038e+18  5.82182e+18  -5.04085e+18  3.91321e+18  -2.42132e+18  5.73375e+17  1.57161e+18  
-1.69973e+18  -6.18322e+17  2.6259e+18  -4.22966e+18  5.40763e+18  -6.18087e+18  6.598e+18  -6.72566e+18  6.63779e+18  -6.40539e+18  6.09089e+18  -5.74788e+18  5.42312e+18  -5.15737e+18  4.9838e+18  -4.92448e+18  4.98718e+18  -5.16401e+18  5.43275e+18  -5.76013e+18  6.10525e+18  -6.42125e+18  6.65448e+18  -6.74244e+18  6.61412e+18  -6.19556e+18  5.42013e+18  -4.23921e+18  2.63173e+18  -6.19685e+17  -1.70349e+18  
1.79223e+18  6.49454e+17  -2.77888e+18  4.46832e+18  -5.68217e+18  6.44558e+18  -6.82112e+18  6.89056e+18  -6.73837e+18  6.44022e+18  -6.05978e+18  5.65189e+18  -5.26669e+18  4.95069e+18  -4.74356e+18  4.67253e+18  -4.7473e+18  4.95802e+18  -5.27733e+18  5.66542e+18  -6.07566e+18  6.45777e+18  -6.75685e+18  6.90915e+18  -6.83898e+18  6.46185e+18  -5.69601e+18  4.47888e+18  -2.7853e+18  6.50939e+17  1.79635e+18  
-1.84906e+18  -6.6678e+17  2.88007e+18  -4.63129e+18  5.87175e+18  -6.62972e+18  6.97878e+18  -7.01108e+18  6.81627e+18  -6.47051e+18  6.03671e+18  -5.57094e+18  5.12809e+18  -4.76213e+18  4.52087e+18  -4.43778e+18  4.5249e+18  -4.77006e+18  5.1396e+18  -5.5856e+18  6.05392e+18  -6.48957e+18  6.83634e+18  -7.03129e+18  6.99819e+18  -6.64739e+18  5.88676e+18  -4.64271e+18  2.887e+18  -6.68362e+17  -1.85348e+18  
1.87393e+18  6.71759e+17  -2.93475e+18  4.72808e+18  -5.99053e+18  6.75109e+18  -7.0898e+18  7.10374e+18  -6.88314e+18  6.50216e+18  -6.02251e+18  5.50245e+18  -5.00296e+18  4.58674e+18  -4.31072e+18  4.21527e+18  -4.31501e+18  4.59516e+18  -5.01521e+18  5.51807e+18  -6.04087e+18  6.5225e+18  -6.90458e+18  7.12532e+18  -7.11053e+18  6.76996e+18  -6.00654e+18  4.74023e+18  -2.94209e+18  6.73413e+17  1.87858e+18  
-1.87054e+18  -6.65919e+17  2.94796e+18  -4.76647e+18  6.04818e+18  -6.81955e+18  7.16188e+18  -7.17212e+18  6.93781e+18  -6.52999e+18  6.00967e+18  -5.43829e+18  4.88377e+18  -4.41812e+18  4.1077e+18  -3.99998e+18  4.11219e+18  -4.42695e+18  4.89662e+18  -5.45469e+18  6.02896e+18  -6.55138e+18  6.96037e+18  -7.19483e+18  7.18369e+18  -6.83938e+18  6.06498e+18  -4.77918e+18  2.9556e+18  -6.67617e+17  -1.87536e+18  
1.84238e+18  6.5075e+17  -2.92415e+18  4.75231e+18  -6.05038e+18  6.83883e+18  -7.19526e+18  7.21233e+18  -6.97281e+18  6.54444e+18  -5.98824e+18  5.36954e+18  -4.7634e+18  4.25099e+18  -3.90785e+18  3.7884e+18  -3.91249e+18  4.26011e+18  -4.7767e+18  5.38652e+18  -6.00824e+18  6.56664e+18  -6.99623e+18  7.23592e+18  -7.21791e+18  6.85941e+18  -6.06777e+18  4.76544e+18  -2.93199e+18  6.52467e+17  1.84729e+18  
-1.79261e+18  -6.27658e+17  2.8672e+18  -4.68987e+18  5.99986e+18  -6.80861e+18  7.18581e+18  -7.21671e+18  6.97811e+18  -6.53473e+18  5.94819e+18  -5.2879e+18  4.63571e+18  -4.08119e+18  3.70843e+18  -3.57831e+18  3.71316e+18  -4.09051e+18  4.64929e+18  -5.30526e+18  5.96866e+18  -6.55747e+18  7.00213e+18  -7.24089e+18  7.20902e+18  -6.82967e+18  6.01763e+18  -4.70322e+18  2.87514e+18  -6.29368e+17  -1.79754e+18  
1.72407e+18  5.97941e+17  -2.78045e+18  4.58217e+18  -5.89739e+18  6.72619e+18  -7.12719e+18  7.1761e+18  -6.94316e+18  6.49035e+18  -5.88023e+18  5.18604e+18  -4.49555e+18  3.90555e+18  -3.50757e+18  3.36832e+18  -3.51234e+18  3.91495e+18  -4.50926e+18  5.20359e+18  -5.90094e+18  6.51337e+18  -6.96748e+18  7.2006e+18  -7.15069e+18  6.74749e+18  -5.9153e+18  4.59559e+18  -2.78838e+18  5.9962e+17  1.72895e+18  
-1.63935e+18  -5.62797e+17  2.66687e+18  -4.43157e+18  5.74277e+18  -6.58794e+18  7.01254e+18  -7.08144e+18  6.85804e+18  -6.40183e+18  5.77628e+18  -5.05781e+18  4.33878e+18  -3.72167e+18  3.30408e+18  -3.15764e+18  3.30883e+18  -3.73104e+18  4.35246e+18  -5.07533e+18  5.79698e+18  -6.42485e+18  6.88238e+18  -7.10595e+18  7.03603e+18  -6.6092e+18  5.76061e+18  -4.44487e+18  2.67468e+18  -5.64422e+17  -1.64412e+18  
1.54085e+18  5.23333e+17  -2.52921e+18  4.24017e+18  -5.53569e+18  6.39037e+18  -6.83558e+18  6.92471e+18  -6.71429e+18  6.26131e+18  -5.6298e+18  4.89832e+18  -4.16222e+18  3.52784e+18  -3.09722e+18  2.94589e+18  -3.1019e+18  3.53707e+18  -4.17571e+18  4.9156e+18  -5.65024e+18  6.28405e+18  -6.73834e+18  6.94893e+18  -6.85877e+18  6.41132e+18  -5.55322e+18  4.25319e+18  -2.5368e+18  5.24883e+17  1.54544e+18  
-1.43084e+18  -4.80584e+17  2.37019e+18  -4.01029e+18  5.27637e+18  -6.13102e+18  6.59152e+18  -6.69981e+18  6.5055e+18  -6.06295e+18  5.43605e+18  -4.70414e+18  3.96374e+18  -3.323e+18  2.88667e+18  -2.733e+18  2.89123e+18  -3.332e+18  3.97689e+18  -4.72099e+18  5.45597e+18  -6.08513e+18  6.52896e+18  -6.72343e+18  6.61412e+18  -6.15139e+18  5.29336e+18  -4.02286e+18  2.37747e+18  -4.82042e+17  -1.43521e+18  
1.3116e+18  4.35527e+17  -2.19268e+18  3.74479e+18  -4.96618e+18  5.80914e+18  -6.27782e+18  6.40311e+18  -6.22786e+18  5.80335e+18  -5.19236e+18  4.47345e+18  -3.74228e+18  3.10674e+18  -2.67244e+18  2.51914e+18  -2.67683e+18  3.1154e+18  -3.75493e+18  4.48966e+18  -5.21154e+18  5.8247e+18  -6.25044e+18  6.42583e+18  -6.29953e+18  5.82868e+18  -4.98242e+18  3.75674e+18  -2.19955e+18  4.36877e+17  1.31569e+18  
-1.18538e+18  -3.89092e+17  1.99976e+18  -3.44734e+18  4.60805e+18  -5.42629e+18  5.89473e+18  -6.0341e+18  5.88061e+18  -5.48188e+18  4.89836e+18  -4.20609e+18  3.49787e+18  -2.87921e+18  2.45479e+18  -2.30461e+18  2.45896e+18  -2.88744e+18  3.50989e+18  -4.22149e+18  4.91656e+18  -5.50214e+18  5.90202e+18  -6.05563e+18  5.91527e+18  -5.44474e+18  4.62334e+18  -3.45853e+18  2.00615e+18  -3.90323e+17  -1.18915e+18  
1.05452e+18  3.4217e+17  -1.79487e+18  3.1227e+18  -4.20684e+18  4.98674e+18  -5.44578e+18  5.59575e+18  -5.46638e+18  5.10092e+18  -4.5561e+18  3.90367e+18  -3.23161e+18  2.64113e+18  -2.23421e+18  2.08983e+18  -2.23812e+18  2.64884e+18  -3.24286e+18  3.91807e+18  -4.57311e+18  5.11985e+18  -5.48636e+18  5.61583e+18  -5.4649e+18  5.00386e+18  -4.22098e+18  3.13299e+18  -1.80071e+18  3.43274e+17  1.05793e+18  
-9.21434e+17  -2.95616e+17  1.58184e+18  -2.77677e+18  3.76953e+18  -4.49776e+18  4.93809e+18  -5.09483e+18  4.9914e+18  -4.66593e+18  4.17e+18  -3.5694e+18  2.94556e+18  -2.39366e+18  2.01132e+18  -1.87526e+18  2.01494e+18  -2.40077e+18  2.95593e+18  -3.58266e+18  4.18564e+18  -4.68331e+18  5.00973e+18  -5.1132e+18  4.95555e+18  -4.51335e+18  3.78235e+18  -2.78606e+18  1.58707e+18  -2.96587e+17  -9.24473e+17  
7.88651e+17  2.50252e+17  -1.36494e+18  2.41673e+18  -3.30534e+18  3.96974e+18  -4.38249e+18  4.54193e+18  -4.46548e+18  4.18535e+18  -3.7467e+18  3.20798e+18  -2.64263e+18  2.13833e+18  -1.78686e+18  1.66136e+18  -1.79014e+18  2.14479e+18  -2.65203e+18  3.21997e+18  -3.76082e+18  4.201e+18  -4.48194e+18  4.5584e+18  -4.3981e+18  3.98363e+18  -3.31672e+18  2.42494e+18  -1.36953e+18  2.51089e+17  7.91296e+17  
-6.58782e+17  -2.06867e+17  1.14888e+18  -2.05099e+18  2.82568e+18  -3.41609e+18  3.79329e+18  -3.9512e+18  3.90155e+18  -3.67011e+18  3.29464e+18  -2.8252e+18  2.32629e+18  -1.87691e+18  1.56156e+18  -1.44854e+18  1.56448e+18  -1.88265e+18  2.33463e+18  -2.83582e+18  3.30711e+18  -3.68389e+18  3.916e+18  -3.96561e+18  3.80691e+18  -3.42816e+18  2.83552e+18  -2.05806e+18  1.1528e+18  -2.0757e+17  -6.61027e+17  
5.34503e+17  1.66208e+17  -9.38676e+17  1.68897e+18  -2.34375e+18  2.8527e+18  -3.18763e+18  3.33949e+18  -3.31486e+18  3.13283e+18  -2.82329e+18  2.42746e+18  -2.0003e+18  1.61122e+18  -1.33612e+18  1.23714e+18  -1.33866e+18  1.61621e+18  -2.00752e+18  2.43663e+18  -2.83402e+18  3.14464e+18  -3.3272e+18  3.35175e+18  -3.19916e+18  2.86288e+18  -2.35201e+18  1.69487e+18  -9.41931e+17  1.66782e+17  5.36353e+17  
-4.1844e+17  -1.28958e+17  7.39485e+17  -1.34059e+18  1.87374e+18  -2.29676e+18  2.584e+18  -2.72485e+18  2.72146e+18  -2.58655e+18  2.34229e+18  -2.02112e+18  1.66832e+18  -1.343e+18  1.11112e+18  -1.02736e+18  1.11326e+18  -1.34719e+18  1.67438e+18  -2.02879e+18  2.35123e+18  -2.59634e+18  2.73164e+18  -2.73493e+18  2.59344e+18  -2.30504e+18  1.88043e+18  -1.34533e+18  7.42087e+17  -1.29411e+17  -4.1991e+17  
3.12896e+17  9.56675e+16  -5.56017e+17  1.01519e+18  -1.42915e+18  1.76468e+18  -1.99998e+18  2.12418e+18  -2.13611e+18  2.04304e+18  -1.86019e+18  1.61179e+18  -1.33356e+18  1.07369e+18  -8.8698e+17  8.19277e+17  -8.8871e+17  1.07707e+18  -1.33843e+18  1.61793e+18  -1.86732e+18  2.05082e+18  -2.14415e+18  2.13209e+18  -2.00734e+18  1.77111e+18  -1.43432e+18  1.01883e+18  -5.58002e+17  9.6008e+16  3.14011e+17  
-2.1935e+17  -6.66149e+16  3.91592e+17  -7.19692e+17  1.02022e+18  -1.26896e+18  1.44889e+18  -1.55021e+18  1.56986e+18  -1.51108e+18  1.38338e+18  -1.20369e+18  9.98429e+17  -8.04366e+17  6.6391e+17  -6.12801e+17  6.65214e+17  -8.06911e+17  1.00209e+18  -1.20829e+18  1.38869e+18  -1.51685e+18  1.5758e+18  -1.55601e+18  1.45427e+18  -1.27363e+18  1.02394e+18  -7.22306e+17  3.93008e+17  -6.68553e+16  -2.20143e+17  
1.37781e+17  4.16231e+16  -2.4685e+17  4.5621e+17  -6.50675e+17  8.14627e+17  -9.36401e+17  1.00852e+18  -1.0277e+18  9.94796e+17  -9.15068e+17  7.99108e+17  -6.64349e+17  5.35621e+17  -4.41894e+17  4.07694e+17  -4.42768e+17  5.37323e+17  -6.66792e+17  8.0217e+17  -9.18594e+17  9.98609e+17  -1.03161e+18  1.01232e+18  -9.399e+17  8.1765e+17  -6.53074e+17  4.57884e+17  -2.47753e+17  4.17751e+16  1.38284e+17  
-6.60786e+16  -1.98943e+16  1.18659e+17  -2.20143e+17  3.15344e+17  -3.96651e+17  4.58134e+17  -4.95738e+17  5.07385e+17  -4.93061e+17  4.55027e+17  -3.98353e+17  3.31696e+17  -2.67582e+17  2.20716e+17  -2.03584e+17  2.21154e+17  -2.68434e+17  3.32919e+17  -3.99882e+17  4.56784e+17  -4.94955e+17  5.09319e+17  -4.97613e+17  4.59854e+17  -3.9813e+17  3.16514e+17  -2.20957e+17  1.19096e+17  -1.99675e+16  -6.63221e+16  
0  0  0  0  0  0  0  0  0  0  0  0  0  0  0  0  0  0  0  0  0  0  0  0  0  0  0  0  0  0  0  
