1  1  1  1  1  1  1  1  1  1  1  1  1  1  1  1  1  1  1  1  1  1  1  1  1  1  1  1  1  1  1  
1.29515e+18  4.74719e+17  -1.98658e+18  3.28236e+18  -4.40645e+18  5.38883e+18  -6.24389e+18  6.97765e+18  -7.59457e+18  8.10078e+18  -8.50464e+18  8.81602e+18  -9.0451e+18  9.20128e+18  -9.29212e+18  9.32249e+18  -9.29405e+18  9.20506e+18  -9.05056e+18  8.82293e+18  -8.51272e+18  8.10966e+18  -7.60389e+18  6.98699e+18  -6.25284e+18  5.39698e+18  -4.4134e+18  3.28769e+18  -1.98988e+18  4.75515e+17  1.29731e+18  
-2.53708e+18  -9.29784e+17  3.89209e+18  -6.41203e+18  8.56325e+18  -1.03966e+19  1.19378e+19  -1.32016e+19  1.42051e+19  -1.49727e+19  1.55363e+19  -1.59313e+19  1.61935e+19  -1.63552e+19  1.64421e+19  -1.64704e+19  1.64459e+19  -1.63627e+19  1.62043e+19  -1.5945e+19  1.55523e+19  -1.49904e+19  1.42236e+19  -1.32201e+19  1.19555e+19  -1.04128e+19  8.57705e+18  -6.42263e+18  3.89863e+18  -9.3136e+17  -2.54136e+18  
3.67914e+18  1.34782e+18  -5.64616e+18  9.26138e+18  -1.22719e+19  1.47375e+19  -1.66947e+19  1.81764e+19  -1.92286e+19  1.99143e+19  -2.03089e+19  2.04925e+19  -2.0542e+19  2.05249e+19  -2.04935e+19  2.04812e+19  -2.04992e+19  2.05359e+19  -2.0558e+19  2.05128e+19  -2.03326e+19  1.99404e+19  -1.9256e+19  1.82039e+19  -1.67211e+19  1.47616e+19  -1.22924e+19  9.27711e+18  -5.65586e+18  1.35015e+18  3.68548e+18  
-4.6862e+18  -1.71544e+18  7.19684e+18  -1.17445e+19  1.54165e+19  -1.82737e+19  2.0371e+19  -2.17768e+19  2.25868e+19  -2.29211e+19  2.29122e+19  -2.26915e+19  2.23797e+19  -2.20788e+19  2.1867e+19  -2.17933e+19  2.18744e+19  -2.20933e+19  2.24006e+19  -2.27181e+19  2.29433e+19  -2.29554e+19  2.26228e+19  -2.18129e+19  2.04057e+19  -1.83053e+19  1.54434e+19  -1.17652e+19  7.20956e+18  -1.71848e+18  -4.69449e+18  
5.53664e+18  2.02409e+18  -8.51356e+18  1.38214e+19  -1.7966e+19  2.10096e+19  -2.304e+19  2.41809e+19  -2.45946e+19  2.44659e+19  -2.39823e+19  2.33181e+19  -2.26269e+19  2.2036e+19  -2.16424e+19  2.15073e+19  -2.16515e+19  2.20537e+19  -2.26525e+19  2.33506e+19  -2.40203e+19  2.45079e+19  -2.46387e+19  2.42252e+19  -2.30825e+19  2.10484e+19  -1.79991e+19  1.38468e+19  -8.52911e+18  2.02778e+18  5.54674e+18  
-6.22177e+18  -2.26992e+18  9.58562e+18  -1.54915e+19  1.9955e+19  -2.30458e+19  2.48997e+19  -2.57103e+19  2.57099e+19  -2.51411e+19  2.42311e+19  -2.31807e+19  2.21627e+19  -2.13221e+19  2.07712e+19  -2.05827e+19  2.07817e+19  -2.13427e+19  2.21927e+19  -2.32187e+19  2.42756e+19  -2.51903e+19  2.57616e+19  -2.57622e+19  2.49496e+19  -2.30912e+19  1.99937e+19  -1.55211e+19  9.60379e+18  -2.2742e+18  -6.23353e+18  
6.74337e+18  2.45308e+18  -1.04178e+19  1.67805e+19  -2.14539e+19  2.45217e+19  -2.61767e+19  2.66833e+19  -2.63347e+19  2.54126e+19  -2.41647e+19  2.28036e+19  -2.15147e+19  2.04599e+19  -1.97706e+19  1.95345e+19  -1.97825e+19  2.04832e+19  -2.15486e+19  2.28467e+19  -2.42152e+19  2.54684e+19  -2.63934e+19  2.67423e+19  -2.62334e+19  2.45734e+19  -2.14979e+19  1.68141e+19  -1.04383e+19  2.45787e+18  6.7566e+18  
-7.11039e+18  -2.5766e+18  1.10248e+19  -1.77274e+19  2.25433e+19  -2.55721e+19  2.70622e+19  -2.73378e+19  2.67341e+19  -2.55512e+19  2.40417e+19  -2.24231e+19  2.08944e+19  -1.96402e+19  1.88177e+19  -1.85351e+19  1.88309e+19  -1.9666e+19  2.09319e+19  -2.24707e+19  2.40975e+19  -2.56129e+19  2.67991e+19  -2.74032e+19  2.7125e+19  -2.56294e+19  2.2592e+19  -1.77645e+19  1.10474e+19  -2.58183e+18  -7.12489e+18  
7.3359e+18  2.64535e+18  -1.14263e+19  1.83741e+19  -2.32956e+19  2.63029e+19  -2.7688e+19  2.78163e+19  -2.70435e+19  2.56717e+19  -2.39504e+19  2.21022e+19  -2.03448e+19  1.88923e+19  -1.79344e+19  1.76039e+19  -1.79486e+19  1.89202e+19  -2.03853e+19  2.21538e+19  -2.4011e+19  2.57387e+19  -2.71141e+19  2.78873e+19  -2.77562e+19  2.63651e+19  -2.33484e+19  1.84143e+19  -1.14507e+19  2.65092e+18  7.35145e+18  
-7.4346e+18  -2.66512e+18  1.16433e+19  -1.87582e+19  2.3767e+19  -2.67846e+19  2.81287e+19  -2.81841e+19  2.7309e+19  -2.57975e+19  2.38944e+19  -2.18308e+19  1.98486e+19  -1.81967e+19  1.71008e+19  -1.67212e+19  1.71159e+19  -1.82263e+19  1.98917e+19  -2.18857e+19  2.39589e+19  -2.5869e+19  2.73844e+19  -2.826e+19  2.82016e+19  -2.6851e+19  2.38233e+19  -1.88009e+19  1.16691e+19  -2.67094e+18  -7.45096e+18  
7.4212e+18  2.64196e+18  -1.16957e+19  1.89106e+19  -2.39958e+19  2.70564e+19  -2.84148e+19  2.84556e+19  -2.75261e+19  2.59081e+19  -2.38436e+19  2.15764e+19  -1.9376e+19  1.75279e+19  -1.62956e+19  1.58672e+19  -1.63114e+19  1.7559e+19  -1.94212e+19  2.16341e+19  -2.39115e+19  2.59834e+19  -2.76055e+19  2.85355e+19  -2.84916e+19  2.71262e+19  -2.40549e+19  1.89553e+19  -1.17226e+19  2.64794e+18  7.43813e+18  
-7.30951e+18  -2.5818e+18  1.16013e+19  -1.88545e+19  2.40047e+19  -2.71331e+19  2.85474e+19  -2.86154e+19  2.76652e+19  -2.59656e+19  2.37588e+19  -2.13038e+19  1.88986e+19  -1.6865e+19  1.55028e+19  -1.50279e+19  1.55191e+19  -1.68971e+19  1.89453e+19  -2.13636e+19  2.38292e+19  -2.60437e+19  2.77476e+19  -2.86984e+19  2.86271e+19  -2.72054e+19  2.40659e+19  -1.89007e+19  1.16289e+19  -2.58784e+18  -7.32676e+18  
7.11208e+18  2.49019e+18  -1.13755e+19  1.86069e+19  -2.38044e+19  2.70133e+19  -2.851e+19  2.86328e+19  -2.76864e+19  2.59272e+19  -2.36e+19  2.09801e+19  -1.83921e+19  1.61915e+19  -1.47117e+19  1.41945e+19  -1.47284e+19  1.62242e+19  -1.84399e+19  2.10411e+19  -2.3672e+19  2.60072e+19  -2.77708e+19  2.87179e+19  -2.85917e+19  2.70874e+19  -2.38669e+19  1.86539e+19  -1.14034e+19  2.49621e+18  7.12941e+18  
-6.84019e+18  -2.37231e+18  1.10313e+19  -1.81797e+19  2.33979e+19  -2.66864e+19  2.82776e+19  -2.84718e+19  2.75478e+19  -2.57512e+19  2.33305e+19  -2.05761e+19  1.78361e+19  -1.54948e+19  1.3915e+19  -1.33615e+19  1.39318e+19  -1.55278e+19  1.78844e+19  -2.06378e+19  2.34033e+19  -2.58322e+19  2.76333e+19  -2.8558e+19  2.83603e+19  -2.67613e+19  2.3461e+19  -1.82269e+19  1.10592e+19  -2.37821e+18  -6.85735e+18  
6.50409e+18  2.23288e+18  -1.05808e+19  1.75822e+19  -2.27846e+19  2.6138e+19  -2.78228e+19  2.80963e+19  -2.72101e+19  2.54001e+19  -2.29181e+19  2.00674e+19  -1.72142e+19  1.47653e+19  -1.31078e+19  1.25258e+19  -1.31245e+19  1.47983e+19  -1.72624e+19  2.0129e+19  -2.2991e+19  2.54811e+19  -2.72957e+19  2.81825e+19  -2.79054e+19  2.62128e+19  -2.28473e+19  1.7629e+19  -1.06082e+19  2.2386e+18  6.52087e+18  
-6.1133e+18  -2.07632e+18  1.00346e+19  -1.68229e+19  2.1963e+19  -2.53542e+19  2.71208e+19  -2.74746e+19  2.66398e+19  -2.48426e+19  2.2337e+19  -1.94346e+19  1.65138e+19  -1.39964e+19  1.22872e+19  -1.16858e+19  1.23037e+19  -1.40289e+19  1.65613e+19  -1.94955e+19  2.24089e+19  -2.49226e+19  2.67244e+19  -2.75598e+19  2.72023e+19  -2.54279e+19  2.20247e+19  -1.68687e+19  1.00613e+19  -2.08177e+18  -6.12947e+18  
5.67689e+18  1.90672e+18  -9.40378e+18  1.5911e+19  -2.09342e+19  2.43252e+19  -2.61525e+19  2.65823e+19  -2.58115e+19  2.40556e+19  -2.15683e+19  1.86643e+19  -1.57264e+19  1.31838e+19  -1.14519e+19  1.08413e+19  -1.1468e+19  1.32154e+19  -1.57727e+19  1.87236e+19  -2.16384e+19  2.41337e+19  -2.5894e+19  2.66654e+19  -2.6232e+19  2.43969e+19  -2.0994e+19  1.59552e+19  -9.42937e+18  1.91185e+18  5.69226e+18  
-5.20379e+18  -1.72796e+18  8.69953e+18  -1.48576e+19  1.97036e+19  -2.30482e+19  2.49079e+19  -2.54051e+19  2.47099e+19  -2.30257e+19  2.06015e+19  -1.7749e+19  1.48478e+19  -1.23258e+19  1.06021e+19  -9.99298e+18  1.06175e+19  -1.23563e+19  1.48923e+19  -1.78061e+19  2.06689e+19  -2.31008e+19  2.47893e+19  -2.54851e+19  2.49843e+19  -2.3117e+19  1.97607e+19  -1.48996e+19  8.7237e+18  -1.73271e+18  -5.21818e+18  
4.70303e+18  1.54374e+18  -7.93414e+18  1.36775e+19  -1.82828e+19  2.15293e+19  -2.3388e+19  2.39411e+19  -2.33322e+19  2.17502e+19  -1.9435e+19  1.66883e+19  -1.38781e+19  1.14232e+19  -9.73866e+18  9.14199e+18  -9.75335e+18  1.14521e+19  -1.39204e+19  1.67425e+19  -1.94991e+19  2.18215e+19  -2.34075e+19  2.40168e+19  -2.34602e+19  2.15942e+19  -1.83365e+19  1.37169e+19  -7.95661e+18  1.54807e+18  4.71629e+18  
-4.18385e+18  -1.35757e+18  7.12124e+18  -1.23895e+19  1.6691e+19  -1.97854e+19  2.16067e+19  -2.22019e+19  2.16887e+19  -2.02387e+19  1.80771e+19  -1.54884e+19  1.28217e+19  -1.04786e+19  8.86359e+18  -8.29e+18  8.87736e+18  -1.05057e+19  1.28613e+19  -1.55391e+19  1.81369e+19  -2.03053e+19  2.1759e+19  -2.22725e+19  2.1674e+19  -1.98456e+19  1.67407e+19  -1.24257e+19  7.14178e+18  -1.36146e+18  -4.19587e+18  
3.65585e+18  1.17287e+18  -6.27606e+18  1.1017e+19  -1.49559e+19  1.78453e+19  -1.95925e+19  2.02144e+19  -1.98041e+19  1.85128e+19  -1.65452e+19  1.41622e+19  -1.16868e+19  9.49682e+18  -7.97938e+18  7.43884e+18  -7.99211e+18  9.52184e+18  -1.17233e+19  1.42088e+19  -1.66002e+19  1.8574e+19  -1.98686e+19  2.0279e+19  -1.96539e+19  1.79002e+19  -1.50011e+19  1.10497e+19  -6.29446e+18  1.17629e+18  3.66654e+18  
-3.12904e+18  -9.92894e+17  5.41553e+18  -9.5886e+18  1.31143e+19  -1.57504e+19  1.73881e+19  -1.80207e+19  1.77175e+19  -1.66061e+19  1.48657e+19  -1.27282e+19  1.04849e+19  -8.48383e+18  7.0889e+18  -6.59033e+18  7.10045e+18  -8.50655e+18  1.0518e+19  -1.27704e+19  1.49154e+19  -1.66611e+19  1.77754e+19  -1.80787e+19  1.7443e+19  -1.57993e+19  1.31543e+19  -9.61747e+18  5.43167e+18  -9.95837e+17  -3.13834e+18  
2.61378e+18  8.20762e+17  -4.55828e+18  8.13752e+18  -1.12112e+19  1.35537e+19  -1.50504e+19  1.5677e+19  -1.548e+19  1.45618e+19  -1.30721e+19  1.12095e+19  -9.22985e+18  7.44666e+18  -6.19509e+18  5.74612e+18  -6.20538e+18  7.46687e+18  -9.2592e+18  1.12468e+19  -1.31159e+19  1.46102e+19  -1.55309e+19  1.57277e+19  -1.50983e+19  1.35962e+19  -1.12458e+19  8.16236e+18  -4.57208e+18  8.23235e+17  2.62167e+18  
-2.12069e+18  -6.59447e+17  3.7243e+18  -6.70116e+18  9.29909e+18  -1.13184e+19  1.26473e+19  -1.32499e+19  1.31522e+19  -1.243e+19  1.12019e+19  -9.63137e+18  7.93645e+18  -6.39256e+18  5.30071e+18  -4.90752e+18  5.30966e+18  -6.4101e+18  7.96187e+18  -9.66363e+18  1.12397e+19  -1.24716e+19  1.31957e+19  -1.32931e+19  1.26879e+19  -1.13543e+19  9.32817e+18  -6.72191e+18  3.73574e+18  -6.61465e+17  -2.1272e+18  
1.66021e+18  5.11657e+17  -2.93399e+18  5.31894e+18  -7.43429e+18  9.1127e+18  -1.02524e+19  1.08113e+19  -1.07978e+19  1.02626e+19  -9.29345e+18  8.01915e+18  -6.61929e+18  5.32837e+18  -4.4081e+18  4.07536e+18  -4.41564e+18  5.34312e+18  -6.64062e+18  8.04613e+18  -9.32489e+18  1.0297e+19  -1.08337e+19  1.08467e+19  -1.02856e+19  9.14185e+18  -7.45782e+18  5.33564e+18  -2.94315e+18  5.13248e+17  1.66538e+18  
-1.24145e+18  -3.79573e+17  2.20607e+18  -4.02791e+18  5.67037e+18  -7.00162e+18  7.93522e+18  -8.42803e+18  8.47539e+18  -8.10615e+18  7.38067e+18  -6.39508e+18  5.29108e+18  -4.25989e+18  3.51888e+18  -3.24993e+18  3.52497e+18  -4.27177e+18  5.30822e+18  -6.41668e+18  7.40573e+18  -8.13349e+18  8.50368e+18  -8.45584e+18  7.96112e+18  -7.02424e+18  5.68853e+18  -4.04072e+18  2.21305e+18  -3.80771e+17  -1.24538e+18  
8.70303e+17  2.64304e+17  -1.55369e+18  2.85548e+18  -4.04786e+18  5.03478e+18  -5.74871e+18  6.1507e+18  -6.22868e+18  5.99547e+18  -5.48881e+18  4.77584e+18  -3.96142e+18  3.19135e+18  -2.63391e+18  2.43087e+18  -2.6385e+18  3.2003e+18  -3.9743e+18  4.79203e+18  -5.50751e+18  6.01578e+18  -6.24958e+18  6.17113e+18  -5.76763e+18  5.05121e+18  -4.06097e+18  2.86467e+18  -1.55868e+18  2.65149e+17  8.73092e+17  
-5.46665e+17  -1.65146e+17  9.79412e+17  -1.81008e+18  2.58165e+18  -3.23216e+18  3.71532e+18  -4.00148e+18  4.07758e+18  -3.94704e+18  3.63071e+18  -3.17061e+18  2.6359e+18  -2.1251e+18  1.75311e+18  -1.61725e+18  1.75619e+18  -2.13108e+18  2.6445e+18  -3.18138e+18  3.64311e+18  -3.96045e+18  4.09132e+18  -4.01485e+18  3.72763e+18  -3.24279e+18  2.59009e+18  -1.81597e+18  9.82589e+17  -1.6568e+17  -5.48437e+17  
2.62177e+17  7.89336e+16  -4.70797e+17  8.73451e+17  -1.25118e+18  1.57378e+18  -1.81772e+18  1.96693e+18  -2.01314e+18  1.95631e+18  -1.80541e+18  1.58054e+18  -1.31606e+18  1.06164e+18  -8.75641e+17  8.07584e+17  -8.7718e+17  1.06464e+18  -1.32036e+18  1.58592e+18  -1.81159e+18  1.96297e+18  -2.01995e+18  1.97352e+18  -1.82377e+18  1.57898e+18  -1.25529e+18  8.76314e+17  -4.72335e+17  7.91912e+16  2.63033e+17  
0  0  0  0  0  0  0  0  0  0  0  0  0  0  0  0  0  0  0  0  0  0  0  0  0  0  0  0  0  0  0  
