1  1  1  1  1  1  1  1  1  1  1  1  1  1  1  1  1  1  1  1  1  1  1  1  1  1  1  1  1  1  1  
-8.749e+19  -3.20682e+19  1.34197e+20  -2.21728e+20  2.9766e+20  -3.64017e+20  4.21771e+20  -4.7133e+20  5.12993e+20  -5.47174e+20  5.74441e+20  -5.95457e+20  6.10913e+20  -6.21444e+20  6.27559e+20  -6.2959e+20  6.27649e+20  -6.2162e+20  6.11169e+20  -5.95781e+20  5.74819e+20  -5.4759e+20  5.13428e+20  -4.71766e+20  4.2219e+20  -3.64398e+20  2.97985e+20  -2.21978e+20  1.34351e+20  -3.21054e+19  -8.7591e+19  
1.71385e+20  6.28089e+19  -2.62919e+20  4.33144e+20  -5.78458e+20  7.02297e+20  -8.06395e+20  8.91756e+20  -9.59524e+20  1.01136e+21  -1.0494e+21  1.07605e+21  -1.09373e+21  1.10462e+21  -1.11045e+21  1.11232e+21  -1.11063e+21  1.10497e+21  -1.09424e+21  1.07669e+21  -1.05015e+21  1.01218e+21  -9.60389e+20  8.92623e+20  -8.07227e+20  7.03054e+20  -5.79104e+20  4.3364e+20  -2.63225e+20  6.28826e+19  1.71585e+20  
-2.48535e+20  -9.10484e+19  3.81412e+20  -6.25626e+20  8.28993e+20  -9.95542e+20  1.12774e+21  -1.22782e+21  1.29888e+21  -1.34517e+21  1.3718e+21  -1.38416e+21  1.38746e+21  -1.38625e+21  1.38408e+21  -1.38319e+21  1.38434e+21  -1.38677e+21  1.38821e+21  -1.38511e+21  1.37291e+21  -1.3464e+21  1.30016e+21  -1.22911e+21  1.12898e+21  -9.96667e+20  8.29951e+20  -6.26362e+20  3.81865e+20  -9.11573e+19  -2.48831e+20  
3.16567e+20  1.15883e+20  -4.86167e+20  7.93374e+20  -1.04143e+21  1.23444e+21  -1.37611e+21  1.47106e+21  -1.52576e+21  1.54832e+21  -1.54769e+21  1.53274e+21  -1.51162e+21  1.49123e+21  -1.47686e+21  1.4718e+21  -1.4772e+21  1.49191e+21  -1.5126e+21  1.53398e+21  -1.54914e+21  1.54993e+21  -1.52745e+21  1.47275e+21  -1.37773e+21  1.23591e+21  -1.04269e+21  7.9434e+20  -4.86762e+20  1.16025e+20  3.16954e+20  
-3.74019e+20  -1.36734e+20  5.75121e+20  -9.33688e+20  1.21367e+21  -1.41928e+21  1.55643e+21  -1.63351e+21  1.66144e+21  -1.65273e+21  1.62003e+21  -1.57512e+21  1.52836e+21  -1.48838e+21  1.46171e+21  -1.45249e+21  1.46213e+21  -1.4892e+21  1.52956e+21  -1.57664e+21  1.62181e+21  -1.65469e+21  1.66351e+21  -1.63558e+21  1.55842e+21  -1.42109e+21  1.21522e+21  -9.34872e+20  5.75848e+20  -1.36907e+20  -3.74492e+20  
4.20307e+20  1.53343e+20  -6.47549e+20  1.04652e+21  -1.34805e+21  1.55686e+21  -1.68211e+21  1.73687e+21  -1.73684e+21  1.6984e+21  -1.6369e+21  1.56589e+21  -1.49706e+21  1.44019e+21  -1.40288e+21  1.39005e+21  -1.40338e+21  1.44116e+21  -1.49846e+21  1.56767e+21  -1.63898e+21  1.7007e+21  -1.73926e+21  1.7393e+21  -1.68444e+21  1.55898e+21  -1.34986e+21  1.04791e+21  -6.48399e+20  1.53543e+20  4.20857e+20  
-4.55548e+20  -1.65718e+20  7.03773e+20  -1.13361e+21  1.44934e+21  -1.6566e+21  1.76842e+21  -1.80266e+21  1.77911e+21  -1.71681e+21  1.63248e+21  -1.54048e+21  1.45334e+21  -1.38199e+21  1.33532e+21  -1.31926e+21  1.33588e+21  -1.38308e+21  1.45492e+21  -1.54249e+21  1.63484e+21  -1.71942e+21  1.78186e+21  -1.80542e+21  1.77108e+21  -1.65902e+21  1.45139e+21  -1.13518e+21  7.04733e+20  -1.65942e+20  -4.56167e+20  
4.80348e+20  1.74064e+20  -7.44787e+20  1.1976e+21  -1.52296e+21  1.7276e+21  -1.82829e+21  1.84693e+21  -1.80615e+21  1.72623e+21  -1.62422e+21  1.51483e+21  -1.41148e+21  1.32666e+21  -1.27098e+21  1.25176e+21  -1.2716e+21  1.32786e+21  -1.41323e+21  1.51705e+21  -1.62684e+21  1.72912e+21  -1.80919e+21  1.84999e+21  -1.83122e+21  1.73028e+21  -1.52523e+21  1.19934e+21  -7.45845e+20  1.74308e+20  4.81026e+20  
-4.95588e+20  -1.78711e+20  7.71922e+20  -1.2413e+21  1.5738e+21  -1.777e+21  1.8706e+21  -1.8793e+21  1.8271e+21  -1.73442e+21  1.61811e+21  -1.4932e+21  1.3744e+21  -1.27617e+21  1.21134e+21  -1.18887e+21  1.212e+21  -1.27748e+21  1.37629e+21  -1.49561e+21  1.62094e+21  -1.73756e+21  1.8304e+21  -1.88262e+21  1.8738e+21  -1.77991e+21  1.57627e+21  -1.24318e+21  7.73062e+20  -1.78971e+20  -4.96315e+20  
5.02262e+20  1.80048e+20  -7.86593e+20  1.26727e+21  -1.60568e+21  1.80958e+21  -1.90041e+21  1.90419e+21  -1.84509e+21  1.74297e+21  -1.61437e+21  1.4749e+21  -1.34091e+21  1.22921e+21  -1.15505e+21  1.12926e+21  -1.15576e+21  1.2306e+21  -1.34293e+21  1.47747e+21  -1.61739e+21  1.74631e+21  -1.84861e+21  1.90774e+21  -1.90382e+21  1.81268e+21  -1.60831e+21  1.26927e+21  -7.878e+20  1.8032e+20  5.03027e+20  
-5.01363e+20  -1.78486e+20  7.90146e+20  -1.27758e+21  1.62116e+21  -1.82797e+21  1.91978e+21  -1.92257e+21  1.85979e+21  -1.75048e+21  1.61097e+21  -1.45775e+21  1.30902e+21  -1.18406e+21  1.10068e+21  -1.07158e+21  1.10142e+21  -1.18551e+21  1.31113e+21  -1.46045e+21  1.61415e+21  -1.754e+21  1.8635e+21  -1.92631e+21  1.92337e+21  -1.83123e+21  1.62393e+21  -1.27968e+21  7.91403e+20  -1.78765e+20  -5.02155e+20  
4.93824e+20  1.74423e+20  -7.83778e+20  1.27381e+21  -1.62178e+21  1.83317e+21  -1.92877e+21  1.93339e+21  -1.86921e+21  1.75439e+21  -1.60527e+21  1.43936e+21  -1.27679e+21  1.1393e+21  -1.04714e+21  1.0149e+21  -1.04791e+21  1.1408e+21  -1.27898e+21  1.44216e+21  -1.60856e+21  1.75804e+21  -1.87306e+21  1.93727e+21  -1.93249e+21  1.83656e+21  -1.62464e+21  1.27597e+21  -7.85069e+20  1.74706e+20  4.9463e+20  
-4.80491e+20  -1.68236e+20  7.68526e+20  -1.25709e+21  1.60827e+21  -1.8251e+21  1.92626e+21  -1.93459e+21  1.87066e+21  -1.75182e+21  1.59456e+21  -1.41751e+21  1.2426e+21  -1.09382e+21  9.93723e+20  -9.58622e+20  9.94502e+20  -1.09536e+21  1.24483e+21  -1.42037e+21  1.59793e+21  -1.75556e+21  1.87461e+21  -1.93857e+21  1.93008e+21  -1.82857e+21  1.61119e+21  -1.25929e+21  7.69833e+20  -1.68518e+20  -4.81301e+20  
4.62127e+20  1.60274e+20  -7.45286e+20  1.22825e+21  -1.58082e+21  1.80303e+21  -1.91057e+21  1.92373e+21  -1.86131e+21  1.73994e+21  -1.57637e+21  1.39024e+21  -1.20506e+21  1.04677e+21  -9.39917e+20  9.02366e+20  -9.40702e+20  1.04832e+21  -1.20731e+21  1.39312e+21  -1.57978e+21  1.74373e+21  -1.86532e+21  1.92776e+21  -1.91444e+21  1.80654e+21  -1.58377e+21  1.23045e+21  -7.4659e+20  1.6055e+20  4.6293e+20  
-4.39425e+20  -1.50856e+20  7.14851e+20  -1.18789e+21  1.5394e+21  -1.76599e+21  1.87986e+21  -1.89837e+21  1.83851e+21  -1.71623e+21  1.54852e+21  -1.35588e+21  1.16306e+21  -9.97512e+20  8.854e+20  -8.45924e+20  8.86183e+20  -9.99053e+20  1.16531e+21  -1.35876e+21  1.55193e+21  -1.72001e+21  1.84252e+21  -1.9024e+21  1.88372e+21  -1.76949e+21  1.54233e+21  -1.19008e+21  7.16136e+20  -1.51123e+20  -4.4021e+20  
4.13027e+20  1.4028e+20  -6.77961e+20  1.13661e+21  -1.4839e+21  1.71305e+21  -1.83243e+21  1.85637e+21  -1.79999e+21  1.67856e+21  -1.50927e+21  1.31314e+21  -1.11575e+21  9.45577e+20  -8.2998e+20  7.89196e+20  -8.30751e+20  9.47097e+20  -1.11797e+21  1.31599e+21  -1.51263e+21  1.68231e+21  -1.80394e+21  1.86035e+21  -1.83625e+21  1.7165e+21  -1.48679e+21  1.13875e+21  -6.7921e+20  1.40535e+20  4.13783e+20  
-3.83546e+20  -1.28823e+20  6.35346e+20  -1.075e+21  1.41441e+21  -1.64354e+21  1.76702e+21  -1.79608e+21  1.74402e+21  -1.6254e+21  1.45733e+21  -1.2611e+21  1.06256e+21  -8.9069e+20  7.73568e+20  -7.32165e+20  7.74319e+20  -8.9217e+20  1.06472e+21  -1.26387e+21  1.46061e+21  -1.62905e+21  1.74788e+21  -1.79997e+21  1.77074e+21  -1.64689e+21  1.4172e+21  -1.07707e+21  6.36543e+20  -1.29063e+20  -3.84264e+20  
3.51585e+20  1.16746e+20  -5.87769e+20  1.00384e+21  -1.33127e+21  1.55726e+21  -1.68294e+21  1.71655e+21  -1.6696e+21  1.55581e+21  -1.39201e+21  1.19926e+21  -1.0032e+21  8.32736e+20  -7.16167e+20  6.74871e+20  -7.1689e+20  8.34161e+20  -1.00528e+21  1.20193e+21  -1.39517e+21  1.55932e+21  -1.67331e+21  1.72029e+21  -1.68651e+21  1.56048e+21  -1.33394e+21  1.0058e+21  -5.889e+20  1.16969e+20  3.52258e+20  
-3.17754e+20  -1.043e+20  5.36061e+20  -9.24114e+20  1.23528e+21  -1.45464e+21  1.58025e+21  -1.61764e+21  1.57651e+21  -1.46963e+21  1.3132e+21  -1.1276e+21  9.37693e+20  -7.7176e+20  6.57849e+20  -6.174e+20  6.58535e+20  -7.73113e+20  9.3967e+20  -1.13013e+21  1.3162e+21  -1.47296e+21  1.58003e+21  -1.62118e+21  1.58363e+21  -1.45768e+21  1.23779e+21  -9.25955e+20  5.37113e+20  -1.04503e+20  -3.18375e+20  
2.82679e+20  9.17235e+19  -4.81143e+20  8.37095e+20  -1.12773e+21  1.33682e+21  -1.4599e+21  1.50013e+21  -1.46546e+21  1.3675e+21  -1.22145e+21  1.04653e+21  -8.66321e+20  7.07951e+20  -5.98742e+20  5.59861e+20  -5.99386e+20  7.09219e+20  -8.68173e+20  1.0489e+21  -1.22425e+21  1.37062e+21  -1.46875e+21  1.50343e+21  -1.46305e+21  1.33964e+21  -1.13006e+21  8.3879e+20  -4.82103e+20  9.19052e+19  2.83241e+20  
-2.47007e+20  -7.9245e+19  4.24042e+20  -7.4437e+20  1.01051e+21  -1.20574e+21  1.32381e+21  -1.36584e+21  1.33813e+21  -1.25089e+21  1.11794e+21  -9.5692e+20  7.89645e+20  -6.41623e+20  5.39016e+20  -5.02379e+20  5.39611e+20  -6.42794e+20  7.91352e+20  -9.59102e+20  1.12052e+21  -1.25375e+21  1.34115e+21  -1.36887e+21  1.32668e+21  -1.20831e+21  1.01262e+21  -7.459e+20  4.24903e+20  -7.94048e+19  -2.47507e+20  
2.11415e+20  6.70852e+19  -3.65903e+20  6.47862e+20  -8.86082e+20  1.0642e+21  -1.17487e+21  1.21762e+21  -1.19714e+21  1.12205e+21  -1.00446e+21  8.6003e+20  -7.08439e+20  5.73188e+20  -4.78865e+20  4.45075e+20  -4.79406e+20  5.7425e+20  -7.09986e+20  8.62004e+20  -1.00679e+21  1.12463e+21  -1.19985e+21  1.22033e+21  -1.17743e+21  1.06649e+21  -8.87955e+20  6.49212e+20  -3.66658e+20  6.72228e+19  2.1185e+20  
-1.76602e+20  -5.54555e+19  3.07985e+20  -5.49821e+20  7.57501e+20  -9.15787e+20  1.01692e+21  -1.05926e+21  1.04596e+21  -9.83926e+20  8.8327e+20  -7.57414e+20  6.23638e+20  -5.03117e+20  4.18489e+20  -3.88062e+20  4.18971e+20  -5.04062e+20  6.25011e+20  -7.59161e+20  8.85322e+20  -9.86194e+20  1.04834e+21  -1.06163e+21  1.01916e+21  -9.17774e+20  7.59122e+20  -5.50984e+20  3.0863e+20  -5.55711e+19  -1.76972e+20  
1.43288e+20  4.45564e+19  -2.51637e+20  4.52775e+20  -6.28311e+20  7.64758e+20  -8.54554e+20  8.95275e+20  -8.88682e+20  8.39889e+20  -7.56909e+20  6.50785e+20  -5.36248e+20  4.31901e+20  -3.58074e+20  3.31427e+20  -3.58493e+20  4.32721e+20  -5.37437e+20  6.52294e+20  -7.58674e+20  8.41833e+20  -8.90713e+20  8.97293e+20  -8.56452e+20  7.66434e+20  -6.29672e+20  4.53746e+20  -2.52173e+20  4.46508e+19  1.43592e+20  
-1.12175e+20  -3.45711e+19  1.98241e+20  -3.59386e+20  5.02315e+20  -6.15725e+20  6.92736e+20  -7.30502e+20  7.29598e+20  -6.93436e+20  6.27956e+20  -5.41849e+20  4.47252e+20  -3.60002e+20  2.97777e+20  -2.75228e+20  2.9813e+20  -3.60692e+20  4.4825e+20  -5.43111e+20  6.29426e+20  -6.95048e+20  7.31275e+20  -7.3216e+20  6.94288e+20  -6.17088e+20  5.03416e+20  -3.60167e+20  1.98669e+20  -3.46455e+19  -1.12417e+20  
8.38817e+19  2.56467e+19  -1.49058e+20  2.72156e+20  -3.83134e+20  4.73086e+20  -5.3617e+20  5.69472e+20  -5.72675e+20  5.47729e+20  -4.9871e+20  4.32113e+20  -3.57509e+20  2.87813e+20  -2.37709e+20  2.19482e+20  -2.37994e+20  2.88369e+20  -3.5831e+20  4.33123e+20  -4.99883e+20  5.49008e+20  -5.73998e+20  5.70773e+20  -5.37382e+20  4.74144e+20  -3.83984e+20  2.72755e+20  -1.49385e+20  2.57027e+19  8.40653e+19  
-5.88044e+19  -1.78584e+19  1.0498e+20  -1.92939e+20  2.73506e+20  -3.40192e+20  3.88433e+20  -4.15597e+20  4.20868e+20  -4.05112e+20  3.70878e+20  -3.22702e+20  2.67666e+20  -2.15619e+20  1.77927e+20  -1.64168e+20  1.78142e+20  -2.16038e+20  2.68269e+20  -3.23459e+20  3.71753e+20  -4.06062e+20  4.21846e+20  -4.16553e+20  3.89318e+20  -3.4096e+20  2.74119e+20  -1.93369e+20  1.05213e+20  -1.7898e+19  -5.89349e+19  
3.69372e+19  1.11586e+19  -6.61771e+19  1.22304e+20  -1.74438e+20  2.18393e+20  -2.51041e+20  2.70377e+20  -2.7552e+20  2.66701e+20  -2.45327e+20  2.14237e+20  -1.78104e+20  1.4358e+20  -1.18428e+20  1.0922e+20  -1.18571e+20  1.4386e+20  -1.78506e+20  2.14741e+20  -2.45907e+20  2.67328e+20  -2.76163e+20  2.71002e+20  -2.51616e+20  2.1889e+20  -1.74833e+20  1.2258e+20  -6.63257e+19  1.11836e+19  3.702e+19  
-1.77149e+19  -5.33342e+18  3.1811e+19  -5.90178e+19  8.45404e+19  -1.06338e+20  1.22822e+20  -1.32904e+20  1.36027e+20  -1.32188e+20  1.21991e+20  -1.06797e+20  8.89238e+19  -7.17287e+19  5.9152e+19  -5.45398e+19  5.9224e+19  -7.18689e+19  8.9125e+19  -1.07048e+20  1.22281e+20  -1.32499e+20  1.36346e+20  -1.33212e+20  1.23105e+20  -1.06582e+20  8.4733e+19  -5.91517e+19  3.1883e+19  -5.34547e+18  -1.7755e+19  
0  0  0  0  0  0  0  0  0  0  0  0  0  0  0  0  0  0  0  0  0  0  0  0  0  0  0  0  0  0  0  
