1  1  1  1  1  1  1  1  1  1  1  1  1  1  1  1  1  1  1  1  1  1  1  1  1  1  1  1  1  1  1  
-1.5223e+24  -5.57976e+23  2.33498e+24  -3.85796e+24  5.17908e+24  -6.33356e+24  7.33832e+24  -8.20043e+24  8.92511e+24  -9.51956e+24  9.99364e+24  -1.03589e+25  1.06274e+25  -1.08102e+25  1.09161e+25  -1.0951e+25  1.09168e+25  -1.08115e+25  1.06293e+25  -1.03613e+25  9.99645e+24  -9.52265e+24  8.92834e+24  -8.20368e+24  7.34143e+24  -6.33639e+24  5.18149e+24  -3.85981e+24  2.33612e+24  -5.58253e+23  -1.52305e+24  
2.98204e+24  1.09286e+24  -4.5747e+24  7.53652e+24  -1.00649e+25  1.22194e+25  -1.40305e+25  1.55154e+25  -1.66942e+25  1.75956e+25  -1.82569e+25  1.87199e+25  -1.90268e+25  1.92154e+25  -1.93159e+25  1.93476e+25  -1.93172e+25  1.9218e+25  -1.90306e+25  1.87247e+25  -1.82624e+25  1.76017e+25  -1.67006e+25  1.55219e+25  -1.40367e+25  1.22251e+25  -1.00697e+25  7.54021e+24  -4.57697e+24  1.09341e+24  2.98353e+24  
-4.32447e+24  -1.58423e+24  6.63649e+24  -1.08857e+25  1.44242e+25  -1.7322e+25  1.9622e+25  -2.1363e+25  2.2599e+25  -2.34039e+25  2.38665e+25  -2.40807e+25  2.41371e+25  -2.41149e+25  2.40758e+25  -2.4059e+25  2.40778e+25  -2.41187e+25  2.41426e+25  -2.40877e+25  2.38747e+25  -2.3413e+25  2.26085e+25  -2.13726e+25  1.96311e+25  -1.73303e+25  1.44313e+25  -1.08912e+25  6.63986e+24  -1.58504e+24  -4.32667e+24  
5.50825e+24  2.01636e+24  -8.45931e+24  1.38047e+25  -1.81207e+25  2.1479e+25  -2.39439e+25  2.55959e+25  -2.65473e+25  2.69394e+25  -2.69276e+25  2.66665e+25  -2.62978e+25  2.59417e+25  -2.569e+25  2.56004e+25  -2.56926e+25  2.59467e+25  -2.63051e+25  2.66757e+25  -2.69384e+25  2.69513e+25  -2.65598e+25  2.56085e+25  -2.3956e+25  2.149e+25  -1.81301e+25  1.38118e+25  -8.46372e+24  2.01742e+24  5.51113e+24  
-6.508e+24  -2.3792e+24  1.00072e+25  -1.62464e+25  2.11181e+25  -2.46958e+25  2.70824e+25  -2.84234e+25  2.89092e+25  -2.87572e+25  2.81874e+25  -2.7405e+25  2.65901e+25  -2.58928e+25  2.54269e+25  -2.52644e+25  2.543e+25  -2.58989e+25  2.6599e+25  -2.74163e+25  2.82006e+25  -2.87718e+25  2.89246e+25  -2.84388e+25  2.70971e+25  -2.47093e+25  2.11296e+25  -1.62552e+25  1.00126e+25  -2.38048e+24  -6.51151e+24  
7.31351e+24  2.66822e+24  -1.12676e+25  1.82099e+25  -2.34569e+25  2.70904e+25  -2.92701e+25  3.0223e+25  -3.02225e+25  2.95533e+25  -2.84824e+25  2.72458e+25  -2.60467e+25  2.50553e+25  -2.4404e+25  2.41783e+25  -2.44077e+25  2.50625e+25  -2.60571e+25  2.7259e+25  -2.84979e+25  2.95704e+25  -3.02405e+25  3.02411e+25  -2.92874e+25  2.71062e+25  -2.34703e+25  1.82202e+25  -1.12739e+25  2.66971e+24  7.31759e+24  
-7.92683e+24  -2.88359e+24  1.22461e+25  -1.97257e+25  2.52199e+25  -2.88268e+25  3.0773e+25  -3.1369e+25  3.09594e+25  -2.9875e+25  2.84069e+25  -2.68049e+25  2.52871e+25  -2.40436e+25  2.32292e+25  -2.2947e+25  2.32334e+25  -2.40518e+25  2.52989e+25  -2.68199e+25  2.84244e+25  -2.98944e+25  3.09798e+25  -3.13895e+25  3.07927e+25  -2.88447e+25  2.52351e+25  -1.97374e+25  1.22533e+25  -2.88525e+24  -7.93143e+24  
8.35849e+24  3.02887e+24  -1.296e+25  2.08395e+25  -2.65015e+25  3.0063e+25  -3.18156e+25  3.21405e+25  -3.14311e+25  3.00402e+25  -2.82646e+25  2.63598e+25  -2.45599e+25  2.30818e+25  -2.21104e+25  2.1773e+25  -2.2115e+25  2.30907e+25  -2.45729e+25  2.63764e+25  -2.8284e+25  3.00617e+25  -3.14537e+25  3.21632e+25  -3.18375e+25  3.00829e+25  -2.65184e+25  2.08524e+25  -1.29679e+25  3.03068e+24  8.36353e+24  
-8.62383e+24  -3.10977e+24  1.34324e+25  -2.16004e+25  2.73869e+25  -3.09234e+25  3.2553e+25  -3.27049e+25  3.17968e+25  -3.01839e+25  2.81593e+25  -2.59846e+25  2.39156e+25  -2.22041e+25  2.10732e+25  -2.06791e+25  2.10781e+25  -2.22138e+25  2.39296e+25  -2.60025e+25  2.81804e+25  -3.02072e+25  3.18214e+25  -3.27295e+25  3.25767e+25  -3.0945e+25  2.74052e+25  -2.16144e+25  1.34409e+25  -3.1117e+24  -8.62923e+24  
8.7401e+24  3.13309e+24  -1.36879e+25  2.20527e+25  -2.79421e+25  3.1491e+25  -3.30726e+25  3.3139e+25  -3.21108e+25  3.03336e+25  -2.80951e+25  2.56671e+25  -2.33338e+25  2.13877e+25  -2.00944e+25  1.96423e+25  -2.00996e+25  2.1398e+25  -2.33487e+25  2.56862e+25  -2.81176e+25  3.03585e+25  -3.2137e+25  3.31653e+25  -3.30979e+25  3.15141e+25  -2.79617e+25  2.20676e+25  -1.36969e+25  3.13512e+24  8.74578e+24  
-8.7246e+24  -3.10596e+24  1.375e+25  -2.22326e+25  2.82121e+25  -3.18117e+25  3.34103e+25  -3.34596e+25  3.23675e+25  -3.04651e+25  2.80369e+25  -2.53694e+25  2.27794e+25  -2.06027e+25  1.91487e+25  -1.8639e+25  1.91542e+25  -2.06135e+25  2.27951e+25  -2.53895e+25  2.80605e+25  -3.04913e+25  3.2395e+25  -3.34873e+25  3.3437e+25  -3.18359e+25  2.82326e+25  -2.22481e+25  1.37593e+25  -3.10803e+24  -8.73048e+24  
8.59353e+24  3.03531e+24  -1.36394e+25  2.21673e+25  -2.82234e+25  3.19028e+25  -3.35673e+25  3.36485e+25  -3.2532e+25  3.05338e+25  -2.79383e+25  2.50501e+25  -2.22193e+25  1.98244e+25  -1.82177e+25  1.76531e+25  -1.82234e+25  1.98355e+25  -2.22355e+25  2.50708e+25  -2.79627e+25  3.0561e+25  -3.25607e+25  3.36773e+25  -3.3595e+25  3.1928e+25  -2.82446e+25  2.21833e+25  -1.3649e+25  3.0374e+24  8.59953e+24  
-8.36164e+24  -2.92769e+24  1.33742e+25  -2.18767e+25  2.79886e+25  -3.17629e+25  3.35242e+25  -3.36699e+25  3.25578e+25  -3.04895e+25  2.77525e+25  -2.46703e+25  2.16247e+25  -1.90335e+25  1.72886e+25  -1.66742e+25  1.72944e+25  -1.90449e+25  2.16413e+25  -2.46915e+25  2.77775e+25  -3.05173e+25  3.25871e+25  -3.36994e+25  3.35526e+25  -3.17886e+25  2.80103e+25  -2.1893e+25  1.33839e+25  -2.92978e+24  -8.36766e+24  
8.04219e+24  2.78916e+24  -1.29699e+25  2.1375e+25  -2.75113e+25  3.13792e+25  -3.32516e+25  3.34812e+25  -3.23954e+25  3.02832e+25  -2.74362e+25  2.4196e+25  -2.09719e+25  1.82152e+25  -1.63527e+25  1.56957e+25  -1.63586e+25  1.82267e+25  -2.09886e+25  2.42174e+25  -2.74615e+25  3.03113e+25  -3.24252e+25  3.35111e+25  -3.32803e+25  3.14052e+25  -2.75332e+25  2.13914e+25  -1.29796e+25  2.79121e+24  8.04815e+24  
-7.64722e+24  -2.6253e+24  1.24404e+25  -2.0673e+25  2.67907e+25  -3.07349e+25  3.27173e+25  -3.30401e+25  3.19988e+25  -2.98707e+25  2.69518e+25  -2.35984e+25  2.02413e+25  -1.73583e+25  1.54045e+25  -1.47139e+25  1.54103e+25  -1.73697e+25  2.0258e+25  -2.36198e+25  2.69771e+25  -2.98988e+25  3.20286e+25  -3.307e+25  3.2746e+25  -3.07609e+25  2.68125e+25  -2.06893e+25  1.245e+25  -2.62729e+24  -7.65305e+24  
7.18791e+24  2.44128e+24  -1.17986e+25  1.97807e+25  -2.58252e+25  2.98138e+25  -3.18922e+25  3.23093e+25  -3.13285e+25  2.92154e+25  -2.62688e+25  2.28548e+25  -1.94182e+25  1.64548e+25  -1.44404e+25  1.37272e+25  -1.44461e+25  1.64661e+25  -1.94347e+25  2.28759e+25  -2.62938e+25  2.92432e+25  -3.13579e+25  3.23389e+25  -3.19205e+25  2.98394e+25  -2.58467e+25  1.97966e+25  -1.18079e+25  2.44318e+24  7.19353e+24  
-6.67493e+24  -2.24192e+24  1.10571e+25  -1.87087e+25  2.4616e+25  -2.86042e+25  3.07539e+25  -3.12602e+25  3.03546e+25  -2.82901e+25  2.53651e+25  -2.19492e+25  1.84928e+25  -1.54999e+25  1.34591e+25  -1.27352e+25  1.34647e+25  -1.55109e+25  1.85088e+25  -2.19698e+25  2.53894e+25  -2.83173e+25  3.03832e+25  -3.12891e+25  3.07815e+25  -2.86291e+25  2.46367e+25  -1.87241e+25  1.1066e+25  -2.2437e+24  -6.68027e+24  
6.11879e+24  2.03178e+24  -1.02292e+25  1.74704e+25  -2.31692e+25  2.71029e+25  -2.92906e+25  2.98762e+25  -2.90593e+25  2.70791e+25  -2.42282e+25  2.08732e+25  -1.746e+25  1.44916e+25  -1.24605e+25  1.17386e+25  -1.24659e+25  1.45022e+25  -1.74754e+25  2.0893e+25  -2.42517e+25  2.71051e+25  -2.90869e+25  2.99039e+25  -2.93171e+25  2.71268e+25  -2.31891e+25  1.7485e+25  -1.02376e+25  2.03343e+24  6.12379e+24  
-5.53008e+24  -1.8152e+24  9.32943e+24  -1.60831e+25  2.14988e+25  -2.53171e+25  2.75035e+25  -2.81546e+25  2.74392e+25  -2.55792e+25  2.28566e+25  -1.9626e+25  1.632e+25  -1.34306e+25  1.1446e+25  -1.0739e+25  1.14511e+25  -1.34407e+25  1.63347e+25  -1.96448e+25  2.28788e+25  -2.5604e+25  2.74653e+25  -2.81809e+25  2.75286e+25  -2.53396e+25  2.15175e+25  -1.60968e+25  9.33724e+24  -1.81671e+24  -5.53469e+24  
4.91969e+24  1.59633e+24  -8.37373e+24  1.45688e+25  -1.96273e+25  2.32666e+25  -2.5409e+25  2.61095e+25  -2.55065e+25  2.38017e+25  -2.12597e+25  1.8215e+25  -1.50779e+25  1.23203e+25  -1.04177e+25  9.73817e+24  -1.04224e+25  1.23298e+25  -1.50917e+25  1.82326e+25  -2.12805e+25  2.38248e+25  -2.55309e+25  2.6134e+25  -2.54324e+25  2.32875e+25  -1.96445e+25  1.45814e+25  -8.38086e+24  1.59768e+24  4.92387e+24  
-4.29891e+24  -1.37917e+24  7.38002e+24  -1.29551e+25  1.75872e+25  -2.09854e+25  2.30404e+25  -2.37724e+25  2.32904e+25  -2.17721e+25  1.94582e+25  -1.66554e+25  1.37435e+25  -1.11662e+25  9.37855e+24  -8.73832e+24  9.38297e+24  -1.11748e+25  1.37562e+25  -1.66716e+25  1.94773e+25  -2.17934e+25  2.33127e+25  -2.37948e+25  2.30618e+25  -2.10044e+25  1.76029e+25  -1.29665e+25  7.38642e+24  -1.38036e+24  -4.30262e+24  
3.67949e+24  1.16756e+24  -6.36824e+24  1.12756e+25  -1.54217e+25  1.8522e+25  -2.04483e+25  2.11927e+25  -2.08365e+25  1.95297e+25  -1.74831e+25  1.49691e+25  -1.23302e+25  9.97526e+24  -8.33203e+24  7.74158e+24  -8.33604e+24  9.98314e+24  -1.23417e+25  1.49838e+25  -1.75004e+25  1.95489e+25  -2.08566e+25  2.12128e+25  -2.04674e+25  1.8539e+25  -1.54357e+25  1.12856e+25  -6.37384e+24  1.16858e+24  3.68272e+24  
-3.07364e+24  -9.65163e+23  5.36027e+24  -9.56932e+24  1.3184e+25  -1.5939e+25  1.76993e+25  -1.84365e+25  1.82052e+25  -1.71256e+25  1.53737e+25  -1.31831e+25  1.08543e+25  -8.75587e+24  7.28155e+24  -6.7499e+24  7.28513e+24  -8.76288e+24  1.08645e+25  -1.31961e+25  1.5389e+25  -1.71424e+25  1.82229e+25  -1.84541e+25  1.7716e+25  -1.59537e+25  1.3196e+25  -9.57795e+24  5.36506e+24  -9.66022e+23  -3.07638e+24  
2.49385e+24  7.75479e+23  -4.37962e+24  7.88036e+24  -1.09356e+25  1.33105e+25  -1.48735e+25  1.55824e+25  -1.54678e+25  1.46186e+25  -1.31744e+25  1.13272e+25  -9.33337e+24  7.51652e+24  -6.23039e+24  5.7648e+24  -6.2335e+24  7.52261e+24  -9.3422e+24  1.13384e+25  -1.31875e+25  1.46331e+25  -1.54828e+25  1.55974e+25  -1.48876e+25  1.33229e+25  -1.09457e+25  7.88757e+24  -4.3836e+24  7.76181e+23  2.49611e+24  
-1.95237e+24  -6.01696e+23  3.45031e+24  -6.255e+24  8.7427e+24  -1.07166e+25  1.20571e+25  -1.27145e+25  1.26989e+25  -1.20696e+25  1.09299e+25  -9.43116e+24  7.78442e+24  -6.26528e+24  5.18126e+24  -4.78728e+24  5.18388e+24  -6.2704e+24  7.79183e+24  -9.44053e+24  1.09408e+25  -1.20815e+25  1.27114e+25  -1.27268e+25  1.20686e+25  -1.07268e+25  8.75088e+24  -6.2608e+24  3.45349e+24  -6.02249e+23  -1.95416e+24  
1.45994e+24  4.46375e+23  -2.59433e+24  4.73684e+24  -6.66843e+24  8.23408e+24  -9.33213e+24  9.91181e+24  -9.96764e+24  9.53351e+24  -8.68035e+24  7.52116e+24  -6.22246e+24  5.00896e+24  -4.13611e+24  3.81765e+24  -4.13822e+24  5.01309e+24  -6.22841e+24  7.52866e+24  -8.68906e+24  9.543e+24  -9.97747e+24  9.92147e+24  -9.34112e+24  8.24194e+24  -6.67474e+24  4.74129e+24  -2.59676e+24  4.46791e+23  1.46131e+24  
-1.02349e+24  -3.10824e+23  1.82717e+24  -3.3581e+24  4.76039e+24  -5.92109e+24  6.76077e+24  -7.23361e+24  7.3254e+24  -7.05121e+24  6.45538e+24  -5.61682e+24  4.65876e+24  -3.75254e+24  3.09592e+24  -2.85552e+24  3.09751e+24  -3.75565e+24  4.66323e+24  -5.62244e+24  6.46187e+24  -7.05826e+24  7.33266e+24  -7.2407e+24  6.76734e+24  -5.9268e+24  4.76495e+24  -3.36129e+24  1.8289e+24  -3.11118e+23  -1.02446e+24  
6.42894e+23  1.94216e+23  -1.15182e+24  2.12872e+24  -3.03613e+24  3.80118e+24  -4.36944e+24  4.70602e+24  -4.79557e+24  4.64209e+24  -4.27008e+24  3.72893e+24  -3.09992e+24  2.4988e+24  -2.06063e+24  1.89977e+24  -2.0617e+24  2.50088e+24  -3.10291e+24  3.73268e+24  -4.27439e+24  4.64675e+24  -4.80034e+24  4.71066e+24  -4.37372e+24  3.80488e+24  -3.03906e+24  2.13076e+24  -1.15292e+24  1.94402e+23  6.43509e+23  
-3.08331e+23  -9.28289e+22  5.53676e+23  -1.02722e+24  1.47145e+24  -1.85085e+24  2.13776e+24  -2.31325e+24  2.36763e+24  -2.30081e+24  2.12335e+24  -1.85887e+24  1.54773e+24  -1.24834e+24  1.02924e+24  -9.4866e+23  1.02978e+24  -1.24938e+24  1.54923e+24  -1.86073e+24  2.12549e+24  -2.30313e+24  2.36999e+24  -2.31554e+24  2.13986e+24  -1.85266e+24  1.47288e+24  -1.02821e+24  5.5421e+23  -9.29184e+22  -3.08628e+23  
0  0  0  0  0  0  0  0  0  0  0  0  0  0  0  0  0  0  0  0  0  0  0  0  0  0  0  0  0  0  0  
