1  1  1  1  1  1  1  1  1  1  1  1  1  1  1  1  1  1  1  1  1  1  1  1  1  1  1  1  1  1  1  
4.33462e+29  1.5888e+29  -6.64868e+29  1.09852e+30  -1.47469e+30  1.80341e+30  -2.08949e+30  2.33494e+30  -2.54125e+30  2.71047e+30  -2.84541e+30  2.94937e+30  -3.02576e+30  3.07774e+30  -3.10784e+30  3.11771e+30  -3.10791e+30  3.07787e+30  -3.02595e+30  2.9496e+30  -2.84568e+30  2.71077e+30  -2.54156e+30  2.33525e+30  -2.08978e+30  1.80368e+30  -1.47492e+30  1.0987e+30  -6.64977e+29  1.58906e+29  4.33534e+29  
-8.49117e+29  -3.11184e+29  1.30261e+30  -2.14597e+30  2.86588e+30  -3.47936e+30  3.99501e+30  -4.41779e+30  4.75337e+30  -5.00997e+30  5.19819e+30  -5.32994e+30  5.41721e+30  -5.47079e+30  5.49928e+30  -5.50818e+30  5.49941e+30  -5.47104e+30  5.41756e+30  -5.33039e+30  5.19872e+30  -5.01055e+30  4.75398e+30  -4.4184e+30  3.9956e+30  -3.47989e+30  2.86633e+30  -2.14632e+30  1.30283e+30  -3.11236e+29  -8.49258e+29  
1.23137e+30  4.511e+29  -1.8897e+30  3.09964e+30  -4.10718e+30  4.93228e+30  -5.58717e+30  6.08287e+30  -6.43474e+30  6.66386e+30  -6.79546e+30  6.85633e+30  -6.87225e+30  6.86577e+30  -6.85447e+30  6.84949e+30  -6.85466e+30  6.86614e+30  -6.87278e+30  6.85701e+30  -6.79625e+30  6.66472e+30  -6.43565e+30  6.08378e+30  -5.58804e+30  4.93307e+30  -4.10786e+30  3.10016e+30  -1.89002e+30  4.51177e+29  1.23158e+30  
-1.56845e+30  -5.74151e+29  2.40875e+30  -3.93081e+30  5.15978e+30  -6.11602e+30  6.81788e+30  -7.28824e+30  7.5591e+30  -7.67065e+30  7.66719e+30  -7.59271e+30  7.48757e+30  -7.38597e+30  7.31408e+30  -7.28832e+30  7.31432e+30  -7.38645e+30  7.48826e+30  -7.59359e+30  7.66822e+30  -7.67179e+30  7.56029e+30  -7.28943e+30  6.81903e+30  -6.11707e+30  5.16067e+30  -3.9315e+30  2.40917e+30  -5.74251e+29  -1.56872e+30  
1.85313e+30  6.7747e+29  -2.84952e+30  4.6261e+30  -6.01334e+30  7.03207e+30  -7.71164e+30  8.09348e+30  -8.23179e+30  8.18844e+30  -8.02609e+30  7.80315e+30  -7.57095e+30  7.37215e+30  -7.23922e+30  7.19267e+30  -7.23952e+30  7.37273e+30  -7.5718e+30  7.80423e+30  -8.02735e+30  8.18983e+30  -8.23325e+30  8.09495e+30  -7.71304e+30  7.03335e+30  -6.01443e+30  4.62694e+30  -2.85004e+30  6.77592e+29  1.85347e+30  
-2.08251e+30  -7.59773e+29  3.20845e+30  -5.18527e+30  6.67936e+30  -7.71402e+30  8.33471e+30  -8.60609e+30  8.60593e+30  -8.41532e+30  8.11029e+30  -7.75801e+30  7.41637e+30  -7.13382e+30  6.94808e+30  -6.88346e+30  6.94843e+30  -7.13451e+30  7.41736e+30  -7.75927e+30  8.11176e+30  -8.41695e+30  8.60765e+30  -8.60781e+30  8.33636e+30  -7.71552e+30  6.68064e+30  -5.18625e+30  3.20905e+30  -7.59915e+29  -2.0829e+30  
2.25717e+30  8.21104e+29  -3.4871e+30  5.61693e+30  -7.18144e+30  8.20856e+30  -8.7628e+30  8.93256e+30  -8.81594e+30  8.50713e+30  -8.08899e+30  7.63267e+30  -7.20025e+30  6.84589e+30  -6.61366e+30  6.53292e+30  -6.61405e+30  6.84667e+30  -7.20137e+30  7.6341e+30  -8.09066e+30  8.50897e+30  -8.81788e+30  8.93451e+30  -8.76468e+30  8.21027e+30  -7.1829e+30  5.61805e+30  -3.48778e+30  8.21262e+29  2.25761e+30  
-2.38011e+30  -8.62477e+29  3.69041e+30  -5.93415e+30  7.54647e+30  -8.56069e+30  9.05985e+30  -9.15241e+30  8.95044e+30  -8.55435e+30  8.04864e+30  -7.5061e+30  6.99334e+30  -6.57213e+30  6.29517e+30  -6.19867e+30  6.2956e+30  -6.57298e+30  6.99458e+30  -7.50768e+30  8.05049e+30  -8.5564e+30  8.9526e+30  -9.15458e+30  9.06193e+30  -8.56259e+30  7.54808e+30  -5.93538e+30  3.69115e+30  -8.6265e+29  -2.38059e+30  
2.45568e+30  8.85521e+29  -3.82495e+30  6.15088e+30  -7.79867e+30  8.80581e+30  -9.26994e+30  9.31328e+30  -9.05475e+30  8.59545e+30  -8.01884e+30  7.3994e+30  -6.81e+30  6.32234e+30  -5.99992e+30  5.88725e+30  -6.00039e+30  6.32326e+30  -6.81134e+30  7.4011e+30  -8.02084e+30  8.59766e+30  -9.05709e+30  9.31563e+30  -9.2722e+30  8.80787e+30  -7.80042e+30  6.15221e+30  -3.82576e+30  8.85706e+29  2.45619e+30  
-2.48881e+30  -8.9217e+29  3.89775e+30  -6.27973e+30  7.95685e+30  -8.96756e+30  9.41803e+30  -9.43703e+30  9.14429e+30  -8.63821e+30  8.0007e+30  -7.30912e+30  6.64444e+30  -6.08996e+30  5.72129e+30  -5.59207e+30  5.72179e+30  -6.09094e+30  6.64587e+30  -7.31094e+30  8.00283e+30  -8.64058e+30  9.14678e+30  -9.43954e+30  9.42044e+30  -8.96975e+30  7.95872e+30  -6.28114e+30  3.8986e+30  -8.92363e+29  -2.48935e+30  
2.48441e+30  8.84449e+29  -3.91545e+30  6.33099e+30  -8.03381e+30  9.05896e+30  -9.5143e+30  9.52843e+30  -9.21749e+30  8.67577e+30  -7.98422e+30  7.22447e+30  -6.48669e+30  5.86652e+30  -5.45208e+30  5.30645e+30  -5.45261e+30  5.86755e+30  -6.48819e+30  7.22638e+30  -7.98647e+30  8.67826e+30  -9.22012e+30  9.53107e+30  -9.51684e+30  9.06127e+30  -8.03576e+30  6.33247e+30  -3.91633e+30  8.84647e+29  2.48497e+30  
-2.44711e+30  -8.64338e+29  3.88398e+30  -6.31246e+30  8.03709e+30  -9.08499e+30  9.55909e+30  -9.58231e+30  9.26445e+30  -8.69543e+30  7.95623e+30  -7.13362e+30  6.32728e+30  -5.64497e+30  5.18705e+30  -5.02577e+30  5.18759e+30  -5.64603e+30  6.32882e+30  -7.13559e+30  7.95856e+30  -8.69801e+30  9.26718e+30  -9.58505e+30  9.56173e+30  -9.08738e+30  8.03911e+30  -6.31399e+30  3.8849e+30  -8.64538e+29  -2.44768e+30  
2.3811e+30  8.33699e+29  -3.80849e+30  6.22976e+30  -7.97029e+30  9.04519e+30  -9.54689e+30  9.58847e+30  -9.27185e+30  8.68287e+30  -7.90338e+30  7.02554e+30  -6.15805e+30  5.41983e+30  -4.92254e+30  4.74706e+30  -4.92309e+30  5.42091e+30  -6.15963e+30  7.02756e+30  -7.90576e+30  8.68552e+30  -9.27464e+30  9.59129e+30  -9.54959e+30  9.04764e+30  -7.97236e+30  6.23131e+30  -3.80941e+30  8.33898e+29  2.38167e+30  
-2.29014e+30  -7.94257e+29  3.6934e+30  -6.08692e+30  7.83444e+30  -8.936e+30  9.4693e+30  -9.53479e+30  9.22566e+30  -8.62416e+30  7.81336e+30  -6.89053e+30  5.97219e+30  -5.18688e+30  4.65611e+30  -4.46849e+30  4.65666e+30  -5.18797e+30  5.97379e+30  -6.89257e+30  7.81577e+30  -8.62684e+30  9.22849e+30  -9.53764e+30  9.47204e+30  -8.93847e+30  7.83653e+30  -6.08848e+30  3.69432e+30  -7.94453e+29  -2.29071e+30  
2.17768e+30  7.47602e+29  -3.54265e+30  5.88706e+30  -7.62928e+30  8.75257e+30  -9.3172e+30  9.40921e+30  -9.11275e+30  8.50673e+30  -7.67546e+30  6.7204e+30  -5.76419e+30  4.94292e+30  -4.38614e+30  4.18899e+30  -4.38669e+30  4.94401e+30  -5.76578e+30  6.72244e+30  -7.67787e+30  8.50941e+30  -9.11558e+30  9.41207e+30  -9.31994e+30  8.75504e+30  -7.63135e+30  5.88861e+30  -3.54356e+30  7.47791e+29  2.17824e+30  
-2.0469e+30  -6.95203e+29  3.35989e+30  -5.63298e+30  7.35437e+30  -8.49028e+30  9.08226e+30  -9.20112e+30  8.92187e+30  -8.32014e+30  7.48098e+30  -6.50867e+30  5.52985e+30  -4.68569e+30  4.11167e+30  -3.90808e+30  4.11221e+30  -4.68677e+30  5.53142e+30  -6.51068e+30  7.48336e+30  -8.32279e+30  8.92467e+30  -9.20394e+30  9.08496e+30  -8.49272e+30  7.35641e+30  -5.63449e+30  3.36077e+30  -6.95383e+29  -2.04744e+30  
1.90083e+30  6.38435e+29  -3.14875e+30  5.32774e+30  -7.01003e+30  8.14586e+30  -8.75813e+30  8.9024e+30  -8.64453e+30  8.05666e+30  -7.22363e+30  6.25081e+30  -5.26634e+30  4.41381e+30  -3.83228e+30  3.62566e+30  -3.83281e+30  4.41486e+30  -5.26787e+30  6.25277e+30  -7.22595e+30  8.05924e+30  -8.64726e+30  8.90515e+30  -8.76076e+30  8.14824e+30  -7.01201e+30  5.32921e+30  -3.1496e+30  6.38605e+29  1.90134e+30  
-1.74247e+30  -5.78596e+29  2.91302e+30  -4.97515e+30  6.59807e+30  -7.71835e+30  8.34143e+30  -8.50825e+30  8.27568e+30  -7.71177e+30  6.8999e+30  -5.94438e+30  4.97225e+30  -4.12671e+30  3.54797e+30  -3.34194e+30  3.54848e+30  -4.12771e+30  4.97372e+30  -5.94627e+30  6.90213e+30  -7.71425e+30  8.2783e+30  -8.5109e+30  8.34396e+30  -7.72062e+30  6.59996e+30  -4.97654e+30  2.91382e+30  -5.78754e+29  -1.74294e+30  
1.57483e+30  5.16923e+29  -2.65679e+30  4.58009e+30  -6.12239e+30  7.2098e+30  -7.8325e+30  8.018e+30  -7.8143e+30  7.28464e+30  -6.50928e+30  5.58921e+30  -4.64762e+30  3.8246e+30  -3.2591e+30  3.05735e+30  -3.25959e+30  3.82556e+30  -4.64902e+30  5.591e+30  -6.5114e+30  7.287e+30  -7.81679e+30  8.0205e+30  -7.8349e+30  7.21194e+30  -6.12417e+30  4.58139e+30  -2.65753e+30  5.17066e+29  1.57527e+30  
-1.40101e+30  -4.54597e+29  2.38464e+30  -4.14887e+30  5.58944e+30  -6.62588e+30  7.23605e+30  -7.43559e+30  7.2639e+30  -6.77844e+30  6.05451e+30  -5.1874e+30  4.29393e+30  -3.50844e+30  2.96632e+30  -2.77242e+30  2.96677e+30  -3.50934e+30  4.29523e+30  -5.18908e+30  6.05649e+30  -6.78064e+30  7.26623e+30  -7.43793e+30  7.23828e+30  -6.62787e+30  5.59108e+30  -4.15006e+30  2.38532e+30  -4.54726e+29  -1.40141e+30  
1.22423e+30  3.92758e+29  -2.10167e+30  3.68934e+30  -5.0085e+30  5.97625e+30  -6.56154e+30  6.77002e+30  -6.63279e+30  6.20044e+30  -5.54147e+30  4.74327e+30  -3.91392e+30  3.17978e+30  -2.67045e+30  2.48776e+30  -2.67087e+30  3.18061e+30  -3.91513e+30  4.74481e+30  -5.54329e+30  6.20247e+30  -6.63492e+30  6.77216e+30  -6.56357e+30  5.97807e+30  -5.00999e+30  3.69042e+30  -2.10228e+30  3.92871e+29  1.22459e+30  
-1.04784e+30  -3.32496e+29  1.81354e+30  -3.21106e+30  4.39183e+30  -5.27475e+30  5.82335e+30  -6.03539e+30  5.93396e+30  -5.56185e+30  4.979e+30  -4.26303e+30  3.51145e+30  -2.84066e+30  2.37247e+30  -2.204e+30  2.37286e+30  -2.84141e+30  3.51255e+30  -4.26443e+30  4.98064e+30  -5.56367e+30  5.93588e+30  -6.0373e+30  5.82517e+30  -5.27636e+30  4.39315e+30  -3.21201e+30  1.81408e+30  -3.32593e+29  -1.04815e+30  
8.75312e+29  2.74859e+29  -1.5265e+30  2.72516e+30  -3.75456e+30  4.53916e+30  -5.0405e+30  5.25046e+30  -5.18463e+30  4.87718e+30  -4.37828e+30  3.7544e+30  -3.09115e+30  2.49342e+30  -2.07337e+30  1.92167e+30  -2.07371e+30  2.49409e+30  -3.09212e+30  3.75563e+30  -4.37973e+30  4.87879e+30  -5.18631e+30  5.25214e+30  -5.04209e+30  4.54057e+30  -3.75571e+30  2.72599e+30  -1.52696e+30  2.74941e+29  8.75574e+29  
-7.10202e+29  -2.20842e+29  1.24724e+30  -2.24419e+30  3.11426e+30  -3.79061e+30  4.23575e+30  -4.43766e+30  4.40503e+30  -4.16323e+30  3.75193e+30  -3.22587e+30  2.65801e+30  -2.1405e+30  1.77406e+30  -1.64122e+30  1.77436e+30  -2.14108e+30  2.65885e+30  -3.22694e+30  3.75318e+30  -4.1646e+30  4.40647e+30  -4.43908e+30  4.2371e+30  -3.7918e+30  3.11523e+30  -2.24488e+30  1.24762e+30  -2.20909e+29  -7.10417e+29  
5.56001e+29  1.71353e+29  -9.82591e+29  1.78132e+30  -2.48979e+30  3.05194e+30  -3.4337e+30  3.62094e+30  -3.61651e+30  3.43729e+30  -3.11274e+30  2.6859e+30  -2.2169e+30  1.78418e+30  -1.47533e+30  1.36292e+30  -1.47558e+30  1.78467e+30  -2.2176e+30  2.68679e+30  -3.11378e+30  3.43843e+30  -3.61769e+30  3.62212e+30  -3.4348e+30  3.05291e+30  -2.49056e+30  1.78188e+30  -9.82894e+29  1.71405e+29  5.56172e+29  
-4.15769e+29  -1.27121e+29  7.38825e+29  -1.34898e+30  1.89907e+30  -2.34495e+30  2.65767e+30  -2.82277e+30  2.83868e+30  -2.71505e+30  2.47209e+30  -2.14195e+30  1.77207e+30  -1.42642e+30  1.17773e+30  -1.08687e+30  1.17793e+30  -1.42681e+30  1.77264e+30  -2.14267e+30  2.47291e+30  -2.71595e+30  2.83961e+30  -2.82369e+30  2.65853e+30  -2.3457e+30  1.89967e+30  -1.3494e+30  7.39056e+29  -1.2716e+29  -4.15899e+29  
2.91475e+29  8.85182e+28  -5.20351e+29  9.5634e+29  -1.3557e+30  1.68625e+30  -1.92538e+30  2.06005e+30  -2.0862e+30  2.00812e+30  -1.83843e+30  1.59962e+30  -1.32675e+30  1.06863e+30  -8.81546e+29  8.12955e+29  -8.81698e+29  1.06892e+30  -1.32718e+30  1.60015e+30  -1.83905e+30  2.00879e+30  -2.08689e+30  2.06073e+30  -1.92601e+30  1.68679e+30  -1.35613e+30  9.56644e+29  -5.20516e+29  8.85462e+28  2.91567e+29  
-1.83088e+29  -5.531e+28  3.28022e+29  -6.06231e+29  8.64651e+29  -1.08253e+30  1.24437e+30  -1.34022e+30  1.36573e+30  -1.32202e+30  1.21608e+30  -1.06197e+30  8.82818e+29  -7.11596e+29  5.86755e+29  -5.40856e+29  5.86856e+29  -7.11794e+29  8.83102e+29  -1.06232e+30  1.21649e+30  -1.32247e+30  1.36619e+30  -1.34067e+30  1.24477e+30  -1.08288e+30  8.6493e+29  -6.06425e+29  3.28128e+29  -5.53277e+28  -1.83146e+29  
8.78086e+28  2.64365e+28  -1.5768e+29  2.92539e+29  -4.1905e+29  5.27101e+29  -6.0881e+29  6.58791e+29  -6.74278e+29  6.55251e+29  -6.04711e+29  5.29388e+29  -4.40775e+29  3.55496e+29  -2.93072e+29  2.70079e+29  -2.93123e+29  3.55595e+29  -4.40917e+29  5.29566e+29  -6.04916e+29  6.55471e+29  -6.74504e+29  6.59009e+29  -6.09011e+29  5.27273e+29  -4.19186e+29  2.92633e+29  -1.57731e+29  2.6445e+28  8.7837e+28  
0  0  0  0  0  0  0  0  0  0  0  0  0  0  0  0  0  0  0  0  0  0  0  0  0  0  0  0  0  0  0  
