1  1  1  1  1  1  1  1  1  1  1  1  1  1  1  1  1  1  1  1  1  1  1  1  1  1  1  1  1  1  1  
-7.09485e+30  -2.60052e+30  1.08825e+31  -1.79804e+31  2.41375e+31  -2.95179e+31  3.42003e+31  -3.82178e+31  4.15946e+31  -4.43644e+31  4.6573e+31  -4.82745e+31  4.95248e+31  -5.03754e+31  5.0868e+31  -5.10294e+31  5.08688e+31  -5.0377e+31  4.95271e+31  -4.82774e+31  4.65765e+31  -4.43682e+31  4.15986e+31  -3.82218e+31  3.42041e+31  -2.95214e+31  2.41405e+31  -1.79827e+31  1.08839e+31  -2.60086e+30  -7.09577e+30  
1.38982e+31  5.09342e+30  -2.1321e+31  3.51249e+31  -4.69083e+31  5.69496e+31  -6.53897e+31  7.23096e+31  -7.78022e+31  8.20021e+31  -8.50827e+31  8.7239e+31  -8.86672e+31  8.95441e+31  -9.00101e+31  9.01557e+31  -9.00118e+31  8.95472e+31  -8.86718e+31  8.72449e+31  -8.50895e+31  8.20096e+31  -7.78101e+31  7.23175e+31  -6.53972e+31  5.69565e+31  -4.69142e+31  3.51294e+31  -2.13238e+31  5.09409e+30  1.39001e+31  
-2.01549e+31  -7.38355e+30  3.09304e+31  -5.07346e+31  6.72258e+31  -8.07309e+31  9.14499e+31  -9.95634e+31  1.05323e+32  -1.09073e+32  1.11227e+32  -1.12223e+32  1.12483e+32  -1.12377e+32  1.12191e+32  -1.1211e+32  1.12194e+32  -1.12381e+32  1.1249e+32  -1.12231e+32  1.11237e+32  -1.09084e+32  1.05334e+32  -9.95751e+31  9.14611e+31  -8.07411e+31  6.72345e+31  -5.07413e+31  3.09345e+31  -7.38454e+30  -2.01576e+31  
2.56722e+31  9.39764e+30  -3.94261e+31  6.43391e+31  -8.44547e+31  1.00106e+32  -1.11594e+32  1.19293e+32  -1.23726e+32  1.25552e+32  -1.25495e+32  1.24276e+32  -1.22555e+32  1.20891e+32  -1.19714e+32  1.19292e+32  -1.19717e+32  1.20898e+32  -1.22563e+32  1.24287e+32  -1.25508e+32  1.25567e+32  -1.23742e+32  1.19308e+32  -1.11609e+32  1.0012e+32  -8.44661e+31  6.43479e+31  -3.94315e+31  9.39892e+30  2.56757e+31  
-3.03319e+31  -1.10888e+31  4.66407e+31  -7.57196e+31  9.84257e+31  -1.151e+32  1.26223e+32  -1.32473e+32  1.34737e+32  -1.34027e+32  1.3137e+32  -1.27721e+32  1.2392e+32  -1.20665e+32  1.18489e+32  -1.17727e+32  1.18493e+32  -1.20673e+32  1.2393e+32  -1.27734e+32  1.31386e+32  -1.34045e+32  1.34756e+32  -1.32492e+32  1.26241e+32  -1.15117e+32  9.84397e+31  -7.57304e+31  4.66473e+31  -1.10903e+31  -3.03362e+31  
3.40864e+31  1.24359e+31  -5.25156e+31  8.4872e+31  -1.09327e+32  1.26263e+32  -1.36422e+32  1.40864e+32  -1.40861e+32  1.37741e+32  -1.32748e+32  1.26982e+32  -1.2139e+32  1.16765e+32  -1.13724e+32  1.12666e+32  -1.13728e+32  1.16773e+32  -1.21402e+32  1.26998e+32  -1.32767e+32  1.37762e+32  -1.40883e+32  1.40886e+32  -1.36443e+32  1.26282e+32  -1.09344e+32  8.48846e+31  -5.25233e+31  1.24377e+31  3.40914e+31  
-3.69452e+31  -1.34398e+31  5.70766e+31  -9.19376e+31  1.17545e+32  -1.34357e+32  1.43429e+32  -1.46208e+32  1.44299e+32  -1.39244e+32  1.324e+32  -1.24931e+32  1.17853e+32  -1.12052e+32  1.0825e+32  -1.06928e+32  1.08255e+32  -1.12062e+32  1.17867e+32  -1.24949e+32  1.32422e+32  -1.39268e+32  1.44324e+32  -1.46233e+32  1.43453e+32  -1.34379e+32  1.17564e+32  -9.19519e+31  5.70853e+31  -1.34418e+31  -3.69508e+31  
3.89574e+31  1.4117e+31  -6.04043e+31  9.71299e+31  -1.2352e+32  1.40121e+32  -1.48291e+32  1.49807e+32  -1.46501e+32  1.40018e+32  -1.3174e+32  1.2286e+32  -1.14466e+32  1.07571e+32  -1.03037e+32  1.01457e+32  -1.03043e+32  1.07582e+32  -1.14482e+32  1.2288e+32  -1.31764e+32  1.40044e+32  -1.46529e+32  1.49834e+32  -1.48318e+32  1.40145e+32  -1.23541e+32  9.71457e+31  -6.04139e+31  1.41192e+31  3.89636e+31  
-4.01944e+31  -1.44942e+31  6.26066e+31  -1.00677e+32  1.27648e+32  -1.44134e+32  1.51731e+32  -1.5244e+32  1.48209e+32  -1.40691e+32  1.31253e+32  -1.21113e+32  1.11466e+32  -1.03483e+32  9.8205e+31  -9.636e+31  9.82111e+31  -1.03495e+32  1.11483e+32  -1.21135e+32  1.31278e+32  -1.40719e+32  1.48239e+32  -1.5247e+32  1.51759e+32  -1.4416e+32  1.27671e+32  -1.00694e+32  6.2617e+31  -1.44965e+31  -4.0201e+31  
4.07367e+31  1.4603e+31  -6.37982e+31  1.02786e+32  -1.30238e+32  1.46781e+32  -1.54155e+32  1.54466e+32  -1.49674e+32  1.41391e+32  -1.30956e+32  1.19636e+32  -1.08756e+32  9.96797e+31  -9.36445e+31  9.15286e+31  -9.36509e+31  9.96923e+31  -1.08774e+32  1.19659e+32  -1.30983e+32  1.41421e+32  -1.49706e+32  1.54498e+32  -1.54186e+32  1.46809e+32  -1.30262e+32  1.02805e+32  -6.38091e+31  1.46055e+31  4.07437e+31  
-4.06648e+31  -1.44766e+31  6.40879e+31  -1.03626e+32  1.31497e+32  -1.48277e+32  1.55731e+32  -1.55962e+32  1.50873e+32  -1.42006e+32  1.30686e+32  -1.18251e+32  1.06174e+32  -9.60225e+31  8.92384e+31  -8.68538e+31  8.92451e+31  -9.60357e+31  1.06193e+32  -1.18275e+32  1.30715e+32  -1.42038e+32  1.50906e+32  -1.55996e+32  1.55763e+32  -1.48307e+32  1.31523e+32  -1.03645e+32  6.40994e+31  -1.44792e+31  -4.0672e+31  
4.00543e+31  1.41475e+31  -6.3573e+31  1.03322e+32  -1.31551e+32  1.48704e+32  -1.56464e+32  1.56844e+32  -1.51641e+32  1.42328e+32  -1.30228e+32  1.16764e+32  -1.03565e+32  9.23964e+31  -8.49003e+31  8.22598e+31  -8.49073e+31  9.241e+31  -1.03585e+32  1.16789e+32  -1.30258e+32  1.42361e+32  -1.51676e+32  1.56879e+32  -1.56498e+32  1.48734e+32  -1.31577e+32  1.03342e+32  -6.35847e+31  1.415e+31  4.00616e+31  
-3.89738e+31  -1.3646e+31  6.23374e+31  -1.01969e+32  1.30458e+32  -1.48052e+32  1.56264e+32  -1.56945e+32  1.51763e+32  -1.42122e+32  1.29363e+32  -1.14995e+32  1.00795e+32  -8.87114e+31  8.0571e+31  -7.7698e+31  8.05781e+31  -8.87253e+31  1.00815e+32  -1.15021e+32  1.29394e+32  -1.42156e+32  1.51798e+32  -1.56981e+32  1.56299e+32  -1.48084e+32  1.30485e+32  -1.01989e+32  6.23493e+31  -1.36485e+31  -3.89811e+31  
3.74851e+31  1.30004e+31  -6.04537e+31  9.96309e+31  -1.28235e+32  1.46265e+32  -1.54994e+32  1.56067e+32  -1.51007e+32  1.41161e+32  -1.2789e+32  1.12785e+32  -9.77531e+31  8.48986e+31  -7.62102e+31  7.31383e+31  -7.62173e+31  8.49126e+31  -9.77736e+31  1.12811e+32  -1.27921e+32  1.41196e+32  -1.51043e+32  1.56103e+32  -1.55029e+32  1.46297e+32  -1.28261e+32  9.9651e+31  -6.04655e+31  1.30029e+31  3.74924e+31  
-3.56444e+31  -1.22368e+31  5.79862e+31  -9.63597e+31  1.24876e+32  -1.43263e+32  1.52505e+32  -1.54011e+32  1.49159e+32  -1.39239e+32  1.25633e+32  -1.1e+32  9.43487e+31  -8.09056e+31  7.17914e+31  -6.85636e+31  7.17985e+31  -8.09195e+31  9.43691e+31  -1.10026e+32  1.25664e+32  -1.39274e+32  1.49195e+32  -1.54048e+32  1.5254e+32  -1.43295e+32  1.24903e+32  -9.63795e+31  5.79978e+31  -1.22392e+31  -3.56515e+31  
3.35038e+31  1.13791e+31  -5.49949e+31  9.22009e+31  -1.20377e+32  1.3897e+32  -1.48659e+32  1.50605e+32  -1.46034e+32  1.36185e+32  -1.2245e+32  1.06535e+32  -9.05131e+31  7.66954e+31  -6.72991e+31  6.39658e+31  -6.7306e+31  7.67092e+31  -9.05332e+31  1.06561e+32  -1.2248e+32  1.36219e+32  -1.4607e+32  1.50641e+32  -1.48694e+32  1.39001e+32  -1.20403e+32  9.22204e+31  -5.50062e+31  1.13814e+31  3.35106e+31  
-3.11129e+31  -1.04499e+31  5.1539e+31  -8.72049e+31  1.14741e+32  -1.33332e+32  1.43354e+32  -1.45716e+32  1.41495e+32  -1.31873e+32  1.18238e+32  -1.02314e+32  8.61999e+31  -7.22453e+31  6.27261e+31  -5.93432e+31  6.27329e+31  -7.22587e+31  8.62195e+31  -1.02339e+32  1.18267e+32  -1.31906e+32  1.4153e+32  -1.45751e+32  1.43388e+32  -1.33363e+32  1.14766e+32  -8.72236e+31  5.15498e+31  -1.04521e+31  -3.11194e+31  
2.85208e+31  9.4705e+30  -4.76804e+31  8.14336e+31  -1.07998e+32  1.26335e+32  -1.36533e+32  1.39264e+32  -1.35457e+32  1.26227e+32  -1.12939e+32  9.72985e+31  -8.13862e+31  6.7546e+31  -5.80726e+31  5.46995e+31  -5.80792e+31  6.75589e+31  -8.14051e+31  9.73227e+31  -1.12967e+32  1.26259e+32  -1.35491e+32  1.39298e+32  -1.36566e+32  1.26364e+32  -1.08022e+32  8.14514e+31  -4.76907e+31  9.47252e+30  2.85269e+31  
-2.57769e+31  -8.46103e+30  4.34866e+31  -7.49673e+31  1.00212e+32  -1.18011e+32  1.28203e+32  -1.3124e+32  1.27906e+32  -1.19236e+32  1.06545e+32  -9.1485e+31  7.60728e+31  -6.26012e+31  5.33445e+31  -5.00414e+31  5.33507e+31  -6.26135e+31  7.60907e+31  -9.1508e+31  1.06572e+32  -1.19266e+32  1.27938e+32  -1.31272e+32  1.28234e+32  -1.18038e+32  1.00235e+32  -7.4984e+31  4.34961e+31  -8.46287e+30  -2.57825e+31  
2.29319e+31  7.44089e+30  -3.9032e+31  6.7909e+31  -9.14885e+31  1.08453e+32  -1.18441e+32  1.21707e+32  -1.18897e+32  1.10951e+32  -9.91012e+31  8.49082e+31  -7.02835e+31  5.74263e+31  -4.85522e+31  4.53777e+31  -4.85581e+31  5.74378e+31  -7.03003e+31  8.49298e+31  -9.91266e+31  1.10979e+32  -1.18927e+32  1.21737e+32  -1.18469e+32  1.08479e+32  -9.15096e+31  6.79244e+31  -3.90407e+31  7.44254e+30  2.2937e+31  
-2.00384e+31  -6.4287e+30  3.44003e+31  -6.03875e+31  8.19796e+31  -9.782e+31  1.074e+32  -1.10813e+32  1.08566e+32  -1.0149e+32  9.07037e+31  -7.76386e+31  6.40635e+31  -5.20468e+31  4.37096e+31  -4.07187e+31  4.3715e+31  -5.20574e+31  6.4079e+31  -7.76584e+31  9.07271e+31  -1.01516e+32  1.08594e+32  -1.1084e+32  1.07426e+32  -9.78433e+31  8.19988e+31  -6.04014e+31  3.44081e+31  -6.43015e+30  -2.00429e+31  
1.71512e+31  5.44233e+30  -2.96842e+31  5.25589e+31  -7.18859e+31  8.63377e+31  -9.53174e+31  9.87881e+31  -9.7128e+31  9.10372e+31  -8.14971e+31  6.9778e+31  -5.74759e+31  4.64961e+31  -3.88323e+31  3.60741e+31  -3.88372e+31  4.65057e+31  -5.74899e+31  6.97959e+31  -8.15182e+31  9.10605e+31  -9.71525e+31  9.88127e+31  -9.53407e+31  8.63585e+31  -7.19029e+31  5.25712e+31  -2.96911e+31  5.44358e+30  1.71551e+31  
-1.43272e+31  -4.49893e+30  2.49859e+31  -4.46058e+31  6.14551e+31  -7.42976e+31  8.25036e+31  -8.59404e+31  8.48628e+31  -7.98305e+31  7.16644e+31  -6.14526e+31  5.05964e+31  -4.08125e+31  3.39366e+31  -3.14531e+31  3.3941e+31  -4.08211e+31  5.06089e+31  -6.14685e+31  7.16831e+31  -7.98511e+31  8.48843e+31  -8.59619e+31  8.2524e+31  -7.43157e+31  6.14698e+31  -4.46164e+31  2.49918e+31  -4.49998e+30  -1.43306e+31  
1.16247e+31  3.61477e+30  -2.04149e+31  3.67332e+31  -5.09747e+31  6.20453e+31  -6.93314e+31  7.26362e+31  -7.21023e+31  6.81444e+31  -6.14123e+31  5.28016e+31  -4.35067e+31  3.50358e+31  -2.90376e+31  2.68627e+31  -2.90414e+31  3.50433e+31  -4.35174e+31  5.28153e+31  -6.14283e+31  6.8162e+31  -7.21207e+31  7.26545e+31  -6.93486e+31  6.20605e+31  -5.0987e+31  3.6742e+31  -2.04198e+31  3.61563e+30  1.16274e+31  
-9.10069e+30  -2.80472e+30  1.60832e+31  -2.91569e+31  4.07532e+31  -4.99546e+31  5.62033e+31  -5.92682e+31  5.91956e+31  -5.62622e+31  5.09498e+31  -4.39633e+31  3.62865e+31  -2.92036e+31  2.4148e+31  -2.23077e+31  2.41512e+31  -2.92099e+31  3.62955e+31  -4.39747e+31  5.09632e+31  -5.62768e+31  5.92108e+31  -5.92832e+31  5.62174e+31  -4.9967e+31  4.07631e+31  -2.9164e+31  1.60871e+31  -2.8054e+30  -9.10288e+30  
6.80536e+30  2.08073e+30  -1.20932e+31  2.20803e+31  -3.10843e+31  3.83825e+31  -4.35012e+31  4.62035e+31  -4.64639e+31  4.44404e+31  -4.04635e+31  3.50599e+31  -2.90056e+31  2.33478e+31  -1.9277e+31  1.77894e+31  -1.92796e+31  2.33528e+31  -2.90128e+31  3.5069e+31  -4.04742e+31  4.4452e+31  -4.64759e+31  4.62153e+31  -4.35121e+31  3.83921e+31  -3.1092e+31  2.20857e+31  -1.20962e+31  2.08124e+30  6.80703e+30  
-4.7709e+30  -1.44888e+30  8.51718e+30  -1.56535e+31  2.21902e+31  -2.76008e+31  3.1515e+31  -3.37192e+31  3.41473e+31  -3.28692e+31  3.00918e+31  -2.61828e+31  2.17165e+31  -1.74914e+31  1.4429e+31  -1.33061e+31  1.4431e+31  -1.74952e+31  2.1722e+31  -2.61897e+31  3.00998e+31  -3.28778e+31  3.41561e+31  -3.37279e+31  3.1523e+31  -2.76078e+31  2.21958e+31  -1.56574e+31  8.5193e+30  -1.44924e+30  -4.77208e+30  
2.9968e+30  9.05323e+29  -5.36912e+30  9.92287e+30  -1.41527e+31  1.7719e+31  -2.0368e+31  2.1937e+31  -2.23545e+31  2.16391e+31  -1.9905e+31  1.73825e+31  -1.44501e+31  1.16475e+31  -9.60393e+30  8.8525e+30  -9.60524e+30  1.165e+31  -1.44537e+31  1.7387e+31  -1.99103e+31  2.16448e+31  -2.23604e+31  2.19427e+31  -2.03732e+31  1.77235e+31  -1.41563e+31  9.92537e+30  -5.37047e+30  9.0555e+29  2.99756e+30  
-1.43726e+30  -4.32717e+29  2.58093e+30  -4.78832e+30  6.85908e+30  -8.62767e+30  9.96511e+30  -1.07832e+31  1.10367e+31  -1.07253e+31  9.89803e+30  -8.66512e+30  7.21467e+30  -5.81878e+30  4.79696e+30  -4.42055e+30  4.79762e+30  -5.82005e+30  7.2165e+30  -8.66741e+30  9.90065e+30  -1.07281e+31  1.10396e+31  -1.0786e+31  9.96768e+30  -8.62988e+30  6.86082e+30  -4.78953e+30  2.58158e+30  -4.32826e+29  -1.43763e+30  
0  0  0  0  0  0  0  0  0  0  0  0  0  0  0  0  0  0  0  0  0  0  0  0  0  0  0  0  0  0  0  
