1  1  1  1  1  1  1  1  1  1  1  1  1  1  1  1  1  1  1  1  1  1  1  1  1  1  1  1  1  1  1  
2.81443e+31  1.03159e+31  -4.31692e+31  7.13257e+31  -9.57501e+31  1.17093e+32  -1.35668e+32  1.51604e+32  -1.64999e+32  1.75987e+32  -1.84748e+32  1.91497e+32  -1.96457e+32  1.99831e+32  -2.01785e+32  2.02425e+32  -2.01788e+32  1.99837e+32  -1.96465e+32  1.91507e+32  -1.8476e+32  1.76e+32  -1.65013e+32  1.51618e+32  -1.35681e+32  1.17105e+32  -9.57604e+31  7.13337e+31  -4.31741e+31  1.03171e+31  2.81475e+31  
-5.51323e+31  -2.02049e+31  8.45774e+31  -1.39335e+32  1.86078e+32  -2.25911e+32  2.59391e+32  -2.86841e+32  3.0863e+32  -3.2529e+32  3.3751e+32  -3.46063e+32  3.51728e+32  -3.55206e+32  3.57055e+32  -3.57632e+32  3.57061e+32  -3.55218e+32  3.51744e+32  -3.46084e+32  3.37534e+32  -3.25316e+32  3.08657e+32  -2.86869e+32  2.59418e+32  -2.25935e+32  1.86099e+32  -1.39351e+32  8.45872e+31  -2.02072e+31  -5.51387e+31  
7.99515e+31  2.92895e+31  -1.22696e+32  2.01257e+32  -2.66675e+32  3.20248e+32  -3.62768e+32  3.94953e+32  -4.17799e+32  4.32675e+32  -4.41219e+32  4.4517e+32  -4.46202e+32  4.4578e+32  -4.45045e+32  4.44719e+32  -4.45053e+32  4.45797e+32  -4.46226e+32  4.452e+32  -4.41254e+32  4.32714e+32  -4.1784e+32  3.94994e+32  -3.62808e+32  3.20284e+32  -2.66706e+32  2.0128e+32  -1.22711e+32  2.9293e+31  7.99609e+31  
-1.01838e+32  -3.72791e+31  1.56398e+32  -2.55224e+32  3.3502e+32  -3.97108e+32  4.42678e+32  -4.73218e+32  4.90804e+32  -4.98046e+32  4.9782e+32  -4.92983e+32  4.86155e+32  -4.79556e+32  4.74886e+32  -4.73211e+32  4.74897e+32  -4.79578e+32  4.86186e+32  -4.93023e+32  4.97867e+32  -4.98098e+32  4.90858e+32  -4.73272e+32  4.4273e+32  -3.97155e+32  3.3506e+32  -2.55255e+32  1.56417e+32  -3.72836e+31  -1.0185e+32  
1.20322e+32  4.39876e+31  -1.85017e+32  3.00369e+32  -3.90441e+32  4.56586e+32  -5.0071e+32  5.25503e+32  -5.34483e+32  5.31667e+32  -5.21125e+32  5.06649e+32  -4.9157e+32  4.7866e+32  -4.70026e+32  4.67001e+32  -4.7004e+32  4.78686e+32  -4.91608e+32  5.06697e+32  -5.21182e+32  5.3173e+32  -5.34549e+32  5.25569e+32  -5.00773e+32  4.56644e+32  -3.9049e+32  3.00407e+32  -1.8504e+32  4.39931e+31  1.20337e+32  
-1.35216e+32  -4.93315e+31  2.08322e+32  -3.36675e+32  4.33685e+32  -5.00866e+32  5.41167e+32  -5.58787e+32  5.58777e+32  -5.46401e+32  5.26594e+32  -5.0372e+32  4.81535e+32  -4.63187e+32  4.51124e+32  -4.46925e+32  4.51139e+32  -4.63218e+32  4.8158e+32  -5.03776e+32  5.2666e+32  -5.46474e+32  5.58855e+32  -5.58865e+32  5.41241e+32  -5.00934e+32  4.33743e+32  -3.3672e+32  2.08349e+32  -4.93379e+31  -1.35233e+32  
1.46556e+32  5.33136e+31  -2.26415e+32  3.64704e+32  -4.66286e+32  5.32977e+32  -5.68964e+32  5.79987e+32  -5.72414e+32  5.52363e+32  -5.25213e+32  4.95583e+32  -4.67504e+32  4.44493e+32  -4.29411e+32  4.24165e+32  -4.29429e+32  4.44528e+32  -4.67555e+32  4.95648e+32  -5.25289e+32  5.52447e+32  -5.72502e+32  5.80075e+32  -5.69049e+32  5.33054e+32  -4.66352e+32  3.64754e+32  -2.26446e+32  5.33208e+31  1.46576e+32  
-1.54539e+32  -5.60001e+31  2.39616e+32  -3.85301e+32  4.89988e+32  -5.55842e+32  5.88252e+32  -5.94263e+32  5.8115e+32  -5.55432e+32  5.22595e+32  -4.87367e+32  4.54071e+32  -4.26719e+32  4.08733e+32  -4.02463e+32  4.08753e+32  -4.26758e+32  4.54127e+32  -4.87438e+32  5.22679e+32  -5.55524e+32  5.81247e+32  -5.94361e+32  5.88346e+32  -5.55927e+32  4.90061e+32  -3.85357e+32  2.39649e+32  -5.60079e+31  -1.5456e+32  
1.59446e+32  5.74964e+31  -2.48352e+32  3.99373e+32  -5.06364e+32  5.71758e+32  -6.01895e+32  6.04709e+32  -5.87924e+32  5.58101e+32  -5.20662e+32  4.8044e+32  -4.42168e+32  4.10502e+32  -3.89564e+32  3.82243e+32  -3.89585e+32  4.10544e+32  -4.42229e+32  4.80517e+32  -5.20752e+32  5.58202e+32  -5.8803e+32  6.04816e+32  -6.01997e+32  5.71851e+32  -5.06443e+32  3.99433e+32  -2.48388e+32  5.75047e+31  1.59469e+32  
-1.61597e+32  -5.79282e+31  2.53079e+32  -4.0774e+32  5.16636e+32  -5.82261e+32  6.11511e+32  -6.12746e+32  5.93739e+32  -5.60879e+32  5.19485e+32  -4.7458e+32  4.3142e+32  -3.95415e+32  3.71473e+32  -3.63078e+32  3.71495e+32  -3.95459e+32  4.31484e+32  -4.74662e+32  5.19582e+32  -5.60986e+32  5.93852e+32  -6.12859e+32  6.1162e+32  -5.8236e+32  5.1672e+32  -4.07804e+32  2.53117e+32  -5.79368e+31  -1.61622e+32  
1.61312e+32  5.74269e+31  -2.54228e+32  4.11069e+32  -5.21633e+32  5.88197e+32  -6.17763e+32  6.18682e+32  -5.98493e+32  5.63319e+32  -5.18417e+32  4.69085e+32  -4.21179e+32  3.80908e+32  -3.53995e+32  3.44534e+32  -3.54018e+32  3.80954e+32  -4.21246e+32  4.69171e+32  -5.18518e+32  5.63432e+32  -5.98612e+32  6.18801e+32  -6.17878e+32  5.88301e+32  -5.21721e+32  4.11136e+32  -2.54268e+32  5.74358e+31  1.61337e+32  
-1.5889e+32  -5.61211e+31  2.52186e+32  -4.09866e+32  5.21847e+32  -5.89888e+32  6.20673e+32  -6.22181e+32  6.01543e+32  -5.64596e+32  5.166e+32  -4.63186e+32  4.10829e+32  -3.66523e+32  3.36786e+32  -3.2631e+32  3.36811e+32  -3.66571e+32  4.10898e+32  -4.63276e+32  5.16705e+32  -5.64713e+32  6.01666e+32  -6.22305e+32  6.20792e+32  -5.89996e+32  5.21938e+32  -4.09935e+32  2.52227e+32  -5.61301e+31  -1.58916e+32  
1.54604e+32  5.41318e+31  -2.47284e+32  4.04497e+32  -5.1751e+32  5.87304e+32  -6.19881e+32  6.22582e+32  -6.02024e+32  5.63782e+32  -5.13169e+32  4.5617e+32  -3.99841e+32  3.51906e+32  -3.19613e+32  3.08214e+32  -3.19638e+32  3.51955e+32  -3.99912e+32  4.56261e+32  -5.13277e+32  5.63902e+32  -6.0215e+32  6.22709e+32  -6.20003e+32  5.87415e+32  -5.17604e+32  4.04567e+32  -2.47326e+32  5.41408e+31  1.5463e+32  
-1.48699e+32  -5.15709e+31  2.39812e+32  -3.95223e+32  5.0869e+32  -5.80215e+32  6.14844e+32  -6.19097e+32  5.99026e+32  -5.5997e+32  5.07325e+32  -4.47404e+32  3.87774e+32  -3.36781e+32  3.02314e+32  -2.90127e+32  3.02339e+32  -3.3683e+32  3.87846e+32  -4.47496e+32  5.07434e+32  -5.60091e+32  5.99154e+32  -6.19226e+32  6.14967e+32  -5.80327e+32  5.08784e+32  -3.95293e+32  2.39854e+32  -5.15798e+31  -1.48724e+32  
1.41397e+32  4.85416e+31  -2.30024e+32  3.82246e+32  -4.95369e+32  5.68306e+32  -6.04968e+32  6.10943e+32  -5.91695e+32  5.52346e+32  -4.98371e+32  4.36358e+32  -3.74269e+32  3.20941e+32  -2.84786e+32  2.7198e+32  -2.84811e+32  3.20991e+32  -3.74341e+32  4.3645e+32  -4.9848e+32  5.52467e+32  -5.91823e+32  6.11072e+32  -6.05092e+32  5.68417e+32  -4.95463e+32  3.82316e+32  -2.30065e+32  4.85502e+31  1.41422e+32  
-1.32905e+32  -4.51394e+31  2.18158e+32  -3.65749e+32  4.7752e+32  -5.51275e+32  5.89714e+32  -5.97432e+32  5.79301e+32  -5.40231e+32  4.85744e+32  -4.22611e+32  3.59054e+32  -3.0424e+32  2.66965e+32  -2.53741e+32  2.6699e+32  -3.04289e+32  3.59125e+32  -4.22701e+32  4.85851e+32  -5.4035e+32  5.79428e+32  -5.9756e+32  5.89835e+32  -5.51386e+32  4.77612e+32  -3.65818e+32  2.18197e+32  -4.51476e+31  -1.32929e+32  
1.23421e+32  4.14536e+31  -2.04448e+32  3.45931e+32  -4.55162e+32  5.28913e+32  -5.68668e+32  5.78036e+32  -5.61294e+32  5.23123e+32  -4.69034e+32  4.05868e+32  -3.41944e+32  2.86587e+32  -2.48825e+32  2.35404e+32  -2.48849e+32  2.86635e+32  -3.42013e+32  4.05956e+32  -4.69139e+32  5.23239e+32  -5.61417e+32  5.7816e+32  -5.68787e+32  5.2902e+32  -4.55251e+32  3.45997e+32  -2.04487e+32  4.14612e+31  1.23444e+32  
-1.13138e+32  -3.75683e+31  1.89142e+32  -3.23037e+32  4.28414e+32  -5.01154e+32  5.41612e+32  -5.52444e+32  5.37344e+32  -5.00729e+32  4.48014e+32  -3.85971e+32  3.22849e+32  -2.67946e+32  2.30365e+32  -2.16983e+32  2.30388e+32  -2.67992e+32  3.22916e+32  -3.86057e+32  4.48115e+32  -5.00841e+32  5.37462e+32  -5.52564e+32  5.41726e+32  -5.01257e+32  4.28499e+32  -3.231e+32  1.89178e+32  -3.75754e+31  -1.1316e+32  
1.02254e+32  3.35638e+31  -1.72506e+32  2.97386e+32  -3.97528e+32  4.68134e+32  -5.08567e+32  5.20612e+32  -5.07386e+32  4.72996e+32  -4.22652e+32  3.6291e+32  -3.01772e+32  2.48331e+32  -2.1161e+32  1.98505e+32  -2.11632e+32  2.48374e+32  -3.01835e+32  3.62991e+32  -4.22747e+32  4.73102e+32  -5.07499e+32  5.20725e+32  -5.08675e+32  4.68231e+32  -3.97608e+32  2.97445e+32  -1.72539e+32  3.35703e+31  1.02273e+32  
-9.09678e+31  -2.95171e+31  1.54835e+32  -2.69387e+32  3.62924e+32  -4.3022e+32  4.6984e+32  -4.82796e+32  4.71649e+32  -4.40128e+32  3.93123e+32  -3.36821e+32  2.78806e+32  -2.27803e+32  1.926e+32  -1.80006e+32  1.9262e+32  -2.27843e+32  2.78865e+32  -3.36897e+32  3.93212e+32  -4.40227e+32  4.71754e+32  -4.82902e+32  4.6994e+32  -4.3031e+32  3.62998e+32  -2.69441e+32  1.54866e+32  -2.95229e+31  -9.09858e+31  
7.94897e+31  2.55018e+31  -1.36462e+32  2.3955e+32  -3.25203e+32  3.8804e+32  -4.26043e+32  4.39581e+32  -4.3067e+32  4.02598e+32  -3.59811e+32  3.07983e+32  -2.54132e+32  2.06463e+32  -1.7339e+32  1.61524e+32  -1.73409e+32  2.065e+32  -2.54187e+32  3.08053e+32  -3.59893e+32  4.0269e+32  -4.30767e+32  4.39677e+32  -4.26135e+32  3.88122e+32  -3.25271e+32  2.39599e+32  -1.36489e+32  2.55069e+31  7.95057e+31  
-6.80366e+31  -2.1589e+31  1.17754e+32  -2.08495e+32  2.85163e+32  -3.42491e+32  3.78113e+32  -3.91881e+32  3.85295e+32  -3.61134e+32  3.2329e+32  -2.76801e+32  2.28e+32  -1.84444e+32  1.54042e+32  -1.431e+32  1.54059e+32  -1.84478e+32  2.28049e+32  -2.76864e+32  3.23364e+32  -3.61216e+32  3.85382e+32  -3.91967e+32  3.78195e+32  -3.42564e+32  2.85222e+32  -2.08538e+32  1.17778e+32  -2.15934e+31  -6.80505e+31  
5.68343e+31  1.78467e+31  -9.91161e+31  1.76946e+32  -2.43785e+32  2.9473e+32  -3.27282e+32  3.40915e+32  -3.36641e+32  3.16678e+32  -2.84285e+32  2.43775e+32  -2.0071e+32  1.61898e+32  -1.34622e+32  1.24769e+32  -1.34637e+32  1.61928e+32  -2.00754e+32  2.43831e+32  -2.8435e+32  3.16751e+32  -3.36717e+32  3.40991e+32  -3.27354e+32  2.94793e+32  -2.43837e+32  1.76983e+32  -9.91367e+31  1.78504e+31  5.68461e+31  
-4.61137e+31  -1.43394e+31  8.09835e+31  -1.45716e+32  2.0221e+32  -2.46126e+32  2.75029e+32  -2.88139e+32  2.86021e+32  -2.70321e+32  2.43615e+32  -2.09458e+32  1.72586e+32  -1.38983e+32  1.15188e+32  -1.0656e+32  1.15201e+32  -1.39009e+32  1.72624e+32  -2.09506e+32  2.43672e+32  -2.70383e+32  2.86086e+32  -2.88204e+32  2.7509e+32  -2.4618e+32  2.02254e+32  -1.45747e+32  8.10006e+31  -1.43424e+31  -4.61234e+31  
3.61013e+31  1.1126e+31  -6.38e+31  1.15662e+32  -1.61663e+32  1.98164e+32  -2.22952e+32  2.3511e+32  -2.34822e+32  2.23186e+32  -2.02112e+32  1.74397e+32  -1.43944e+32  1.15847e+32  -9.57918e+31  8.84907e+31  -9.5803e+31  1.15869e+32  -1.43976e+32  1.74437e+32  -2.02159e+32  2.23237e+32  -2.34875e+32  2.35163e+32  -2.23002e+32  1.98208e+32  -1.61698e+32  1.15687e+32  -6.38137e+31  1.11284e+31  3.61091e+31  
-2.69961e+31  -8.25399e+30  4.79722e+31  -8.75898e+31  1.23308e+32  -1.52259e+32  1.72564e+32  -1.83284e+32  1.84317e+32  -1.7629e+32  1.60514e+32  -1.39078e+32  1.15062e+32  -9.26176e+31  7.64691e+31  -7.05676e+31  7.64782e+31  -9.26354e+31  1.15087e+32  -1.39111e+32  1.60552e+32  -1.76331e+32  1.84359e+32  -1.83325e+32  1.72603e+32  -1.52293e+32  1.23335e+32  -8.7609e+31  4.79827e+31  -8.25578e+30  -2.70019e+31  
1.89256e+31  5.74753e+30  -3.37866e+31  6.20956e+31  -8.8026e+31  1.09489e+32  -1.25016e+32  1.3376e+32  -1.35458e+32  1.30388e+32  -1.19371e+32  1.03864e+32  -8.61468e+31  6.93861e+31  -5.7238e+31  5.2783e+31  -5.72448e+31  6.93995e+31  -8.6166e+31  1.03888e+32  -1.19399e+32  1.30419e+32  -1.35489e+32  1.33791e+32  -1.25045e+32  1.09514e+32  -8.80456e+31  6.21093e+31  -3.37941e+31  5.74879e+30  1.89297e+31  
-1.1888e+31  -3.59131e+30  2.12987e+31  -3.93629e+31  5.61423e+31  -7.02893e+31  8.07975e+31  -8.70216e+31  8.86778e+31  -8.58399e+31  7.8961e+31  -6.89542e+31  5.73218e+31  -4.6204e+31  3.80974e+31  -3.51163e+31  3.8102e+31  -4.62129e+31  5.73347e+31  -6.89703e+31  7.89796e+31  -8.58599e+31  8.86983e+31  -8.70415e+31  8.08158e+31  -7.03052e+31  5.61549e+31  -3.93717e+31  2.13034e+31  -3.59211e+30  -1.18906e+31  
5.70146e+30  1.71654e+30  -1.02382e+31  1.89947e+31  -2.72091e+31  3.42249e+31  -3.95304e+31  4.27757e+31  -4.37813e+31  4.25459e+31  -3.92643e+31  3.43735e+31  -2.86198e+31  2.30824e+31  -1.90289e+31  1.75355e+31  -1.90312e+31  2.30868e+31  -2.86262e+31  3.43816e+31  -3.92736e+31  4.25558e+31  -4.37915e+31  4.27855e+31  -3.95395e+31  3.42327e+31  -2.72153e+31  1.8999e+31  -1.02405e+31  1.71692e+30  5.70274e+30  
0  0  0  0  0  0  0  0  0  0  0  0  0  0  0  0  0  0  0  0  0  0  0  0  0  0  0  0  0  0  0  
