1  1  1  1  1  1  1  1  1  1  1  1  1  1  1  1  1  1  1  1  1  1  1  1  1  1  1  1  1  1  1  
-3.30621e+37  -1.21185e+37  5.07123e+37  -8.37888e+37  1.12481e+38  -1.37553e+38  1.59373e+38  -1.78094e+38  1.93829e+38  -2.06735e+38  2.17026e+38  -2.24954e+38  2.30779e+38  -2.34741e+38  2.37035e+38  -2.37786e+38  2.37036e+38  -2.34743e+38  2.30782e+38  -2.24957e+38  2.1703e+38  -2.0674e+38  1.93834e+38  -1.78098e+38  1.59377e+38  -1.37557e+38  1.12484e+38  -8.37915e+37  5.07141e+37  -1.21189e+37  -3.30632e+37  
6.47659e+37  2.37354e+37  -9.93561e+37  1.63682e+38  -2.18593e+38  2.65385e+38  -3.04715e+38  3.3696e+38  -3.62555e+38  3.82125e+38  -3.96479e+38  4.06525e+38  -4.13178e+38  4.17261e+38  -4.1943e+38  4.20106e+38  -4.19432e+38  4.17265e+38  -4.13183e+38  4.06532e+38  -3.96487e+38  3.82134e+38  -3.62565e+38  3.3697e+38  -3.04724e+38  2.65393e+38  -2.186e+38  1.63688e+38  -9.93595e+37  2.37362e+37  6.47681e+37  
-9.3922e+37  -3.44074e+37  1.44136e+38  -2.36424e+38  3.13273e+38  -3.76206e+38  4.26156e+38  -4.63964e+38  4.90801e+38  -5.08275e+38  5.18309e+38  -5.22949e+38  5.24158e+38  -5.23659e+38  5.22792e+38  -5.22407e+38  5.22795e+38  -5.23665e+38  5.24167e+38  -5.22959e+38  5.18322e+38  -5.08288e+38  4.90815e+38  -4.63978e+38  4.2617e+38  -3.76218e+38  3.13283e+38  -2.36432e+38  1.44141e+38  -3.44087e+37  -9.39252e+37  
1.19633e+38  4.37932e+37  -1.83726e+38  2.99821e+38  -3.9356e+38  4.66497e+38  -5.2003e+38  5.55906e+38  -5.76564e+38  5.8507e+38  -5.84803e+38  5.79118e+38  -5.71093e+38  5.63338e+38  -5.57848e+38  5.55876e+38  -5.57851e+38  5.63346e+38  -5.71104e+38  5.79132e+38  -5.84819e+38  5.85088e+38  -5.76583e+38  5.55924e+38  -5.20048e+38  4.66513e+38  -3.93574e+38  2.99832e+38  -1.83733e+38  4.37947e+37  1.19637e+38  
-1.41348e+38  -5.16739e+37  2.17347e+38  -3.52856e+38  4.58667e+38  -5.36371e+38  5.88204e+38  -6.17329e+38  6.27878e+38  -6.24569e+38  6.12183e+38  -5.95174e+38  5.77457e+38  -5.62287e+38  5.5214e+38  -5.4858e+38  5.52145e+38  -5.62296e+38  5.77471e+38  -5.95191e+38  6.12203e+38  -6.24591e+38  6.27901e+38  -6.17352e+38  5.88226e+38  -5.36391e+38  4.58684e+38  -3.52869e+38  2.17355e+38  -5.16759e+37  -1.41353e+38  
1.58844e+38  5.79517e+37  -2.44724e+38  3.95507e+38  -5.09469e+38  5.88389e+38  -6.35733e+38  6.56433e+38  -6.56421e+38  6.41881e+38  -6.18611e+38  5.91737e+38  -5.65672e+38  5.44113e+38  -5.29936e+38  5.24997e+38  -5.29942e+38  5.44124e+38  -5.65687e+38  5.91757e+38  -6.18634e+38  6.41906e+38  -6.56448e+38  6.5646e+38  -6.35759e+38  5.88413e+38  -5.09489e+38  3.95522e+38  -2.44734e+38  5.7954e+37  1.5885e+38  
-1.72166e+38  -6.26299e+37  2.6598e+38  -4.28434e+38  5.47768e+38  -6.26114e+38  6.6839e+38  -6.8134e+38  6.72445e+38  -6.48889e+38  6.16993e+38  -5.82182e+38  5.49192e+38  -5.22156e+38  5.04432e+38  -4.98262e+38  5.04438e+38  -5.22168e+38  5.4921e+38  -5.82205e+38  6.17019e+38  -6.48918e+38  6.72475e+38  -6.81371e+38  6.6842e+38  -6.2614e+38  5.47791e+38  -4.28451e+38  2.6599e+38  -6.26324e+37  -1.72173e+38  
1.81544e+38  6.57859e+37  -2.81488e+38  4.52632e+38  -5.75613e+38  6.52976e+38  -6.91052e+38  6.98114e+38  -6.8271e+38  6.52497e+38  -6.13921e+38  5.72534e+38  -5.33415e+38  5.01278e+38  -4.80142e+38  4.72769e+38  -4.80149e+38  5.01291e+38  -5.33435e+38  5.72558e+38  -6.1395e+38  6.52529e+38  -6.82744e+38  6.98148e+38  -6.91085e+38  6.53006e+38  -5.75638e+38  4.52651e+38  -2.81499e+38  6.57886e+37  1.81551e+38  
-1.87309e+38  -6.75438e+37  2.91751e+38  -4.69164e+38  5.94853e+38  -6.71676e+38  7.07081e+38  -7.10389e+38  6.90671e+38  -6.55637e+38  6.11653e+38  -5.64399e+38  5.19435e+38  -4.82229e+38  4.57625e+38  -4.49017e+38  4.57632e+38  -4.82244e+38  5.19456e+38  -5.64426e+38  6.11684e+38  -6.55671e+38  6.90708e+38  -7.10426e+38  7.07117e+38  -6.71709e+38  5.9488e+38  -4.69185e+38  2.91764e+38  -6.75466e+37  -1.87317e+38  
1.89836e+38  6.80511e+37  -2.97305e+38  4.78994e+38  -6.06921e+38  6.84016e+38  -7.1838e+38  7.19832e+38  -6.97505e+38  6.58903e+38  -6.10273e+38  5.57517e+38  -5.06811e+38  4.64507e+38  -4.36374e+38  4.26504e+38  -4.36382e+38  4.64523e+38  -5.06833e+38  5.57546e+38  -6.10307e+38  6.5894e+38  -6.97544e+38  7.19872e+38  -7.18418e+38  6.84051e+38  -6.0695e+38  4.79016e+38  -2.97318e+38  6.80541e+37  1.89845e+38  
-1.89502e+38  -6.74624e+37  2.98656e+38  -4.82906e+38  6.12793e+38  -6.90991e+38  7.25727e+38  -7.26807e+38  7.03092e+38  -6.61771e+38  6.0902e+38  -5.51064e+38  4.94781e+38  -4.47467e+38  4.15843e+38  -4.0472e+38  4.15851e+38  -4.47483e+38  4.94805e+38  -5.51094e+38  6.09055e+38  -6.6181e+38  7.03133e+38  -7.26849e+38  7.25767e+38  -6.91027e+38  6.12823e+38  -4.82929e+38  2.98669e+38  -6.74655e+37  -1.89511e+38  
1.86657e+38  6.59286e+37  -2.96257e+38  4.81494e+38  -6.13045e+38  6.92979e+38  -7.29146e+38  7.3092e+38  -7.06676e+38  6.63273e+38  -6.06887e+38  5.44137e+38  -4.82624e+38  4.3057e+38  -3.95629e+38  3.83313e+38  -3.95638e+38  4.30587e+38  -4.82649e+38  5.44168e+38  -6.06924e+38  6.63314e+38  -7.06719e+38  7.30963e+38  -7.29187e+38  6.93017e+38  -6.13077e+38  4.81518e+38  -2.96271e+38  6.59317e+37  1.86666e+38  
-1.81622e+38  -6.35917e+37  2.90499e+38  -4.75187e+38  6.07952e+38  -6.89945e+38  7.28217e+38  -7.31392e+38  7.07243e+38  -6.62318e+38  6.02858e+38  -5.35895e+38  4.69718e+38  -4.134e+38  3.75456e+38  -3.62056e+38  3.75464e+38  -4.13417e+38  4.69743e+38  -5.35927e+38  6.02896e+38  -6.62359e+38  7.07286e+38  -7.31436e+38  7.28259e+38  -6.89984e+38  6.07984e+38  -4.75211e+38  2.90514e+38  -6.35948e+37  -1.81631e+38  
1.74685e+38  6.05834e+37  -2.81721e+38  4.64293e+38  -5.97591e+38  6.81618e+38  -7.22301e+38  7.27299e+38  -7.03721e+38  6.57841e+38  -5.95993e+38  5.25598e+38  -4.55544e+38  3.95633e+38  -3.55135e+38  3.40809e+38  -3.55144e+38  3.9565e+38  -4.55569e+38  5.2563e+38  -5.96031e+38  6.57883e+38  -7.03766e+38  7.27344e+38  -7.22343e+38  6.81657e+38  -5.97624e+38  4.64317e+38  -2.81736e+38  6.05865e+37  1.74694e+38  
-1.66107e+38  -5.70248e+37  2.70223e+38  -4.49049e+38  5.81943e+38  -6.67628e+38  7.107e+38  -7.17721e+38  6.9511e+38  -6.48884e+38  5.85476e+38  -5.12622e+38  4.3968e+38  -3.77026e+38  3.34545e+38  -3.19492e+38  3.34553e+38  -3.77044e+38  4.39705e+38  -5.12654e+38  5.85513e+38  -6.48926e+38  6.95154e+38  -7.17766e+38  7.10743e+38  -6.67667e+38  5.81976e+38  -4.49074e+38  2.70237e+38  -5.70278e+37  -1.66116e+38  
1.56132e+38  5.30281e+37  -2.56284e+38  4.2967e+38  -5.60975e+38  6.47622e+38  -6.9278e+38  7.0185e+38  -6.80551e+38  6.34652e+38  -5.70642e+38  4.96473e+38  -4.21806e+38  3.57408e+38  -3.13611e+38  2.98067e+38  -3.1362e+38  3.57424e+38  -4.21831e+38  4.96505e+38  -5.70679e+38  6.34694e+38  -6.80595e+38  7.01894e+38  -6.92822e+38  6.47661e+38  -5.61007e+38  4.29693e+38  -2.56297e+38  5.3031e+37  1.5614e+38  
-1.44991e+38  -4.86982e+37  2.40179e+38  -4.06388e+38  5.3471e+38  -6.21352e+38  6.68057e+38  -6.79064e+38  6.59396e+38  -6.14555e+38  5.51012e+38  -4.76805e+38  4.01707e+38  -3.3667e+38  2.92302e+38  -2.76527e+38  2.9231e+38  -3.36687e+38  4.01731e+38  -4.76835e+38  5.51049e+38  -6.14595e+38  6.59439e+38  -6.79107e+38  6.68098e+38  -6.21389e+38  5.34741e+38  -4.06411e+38  2.40192e+38  -4.87009e+37  -1.44999e+38  
1.32911e+38  4.4134e+37  -2.22198e+38  3.79494e+38  -5.03288e+38  5.88743e+38  -6.36272e+38  6.48999e+38  -6.3126e+38  5.88247e+38  -5.26319e+38  4.53431e+38  -3.79275e+38  3.14772e+38  -2.70617e+38  2.54888e+38  -2.70625e+38  3.14788e+38  -3.79298e+38  4.53461e+38  -5.26354e+38  5.88286e+38  -6.31302e+38  6.49041e+38  -6.36312e+38  5.88778e+38  -5.03317e+38  3.79515e+38  -2.22211e+38  4.41364e+37  1.32919e+38  
-1.20124e+38  -3.94297e+37  2.02654e+38  -3.4936e+38  4.67005e+38  -5.49952e+38  5.97453e+38  -6.11604e+38  5.96067e+38  -5.55666e+38  4.96523e+38  -4.2634e+38  3.54514e+38  -2.91729e+38  2.48584e+38  -2.33182e+38  2.48592e+38  -2.91744e+38  3.54536e+38  -4.26368e+38  4.96557e+38  -5.55703e+38  5.96106e+38  -6.11643e+38  5.9749e+38  -5.49985e+38  4.67033e+38  -3.49381e+38  2.02666e+38  -3.9432e+37  -1.20131e+38  
1.06866e+38  3.46758e+37  -1.81896e+38  3.16468e+38  -4.26353e+38  5.05412e+38  -5.51957e+38  5.67179e+38  -5.54084e+38  5.17054e+38  -4.61834e+38  3.95691e+38  -3.27535e+38  2.67614e+38  -2.26253e+38  2.1145e+38  -2.2626e+38  2.67628e+38  -3.27555e+38  3.95717e+38  -4.61865e+38  5.17089e+38  -5.5412e+38  5.67215e+38  -5.51992e+38  5.05443e+38  -4.26379e+38  3.16487e+38  -1.81906e+38  3.46778e+37  1.06873e+38  
-9.33822e+37  -2.99588e+37  1.60311e+38  -2.81417e+38  3.8204e+38  -4.5586e+38  5.00506e+38  -5.1641e+38  5.05943e+38  -4.72965e+38  4.227e+38  -3.61813e+38  2.98549e+38  -2.42545e+38  2.03687e+38  -1.8974e+38  2.03693e+38  -2.42558e+38  2.98568e+38  -3.61837e+38  4.22728e+38  -4.72997e+38  5.05977e+38  -5.16444e+38  5.00538e+38  -4.55889e+38  3.82064e+38  -2.81434e+38  1.60321e+38  -2.99606e+37  -9.33878e+37  
7.99276e+37  2.53622e+37  -1.38334e+38  2.44934e+38  -3.35002e+38  4.02351e+38  -4.44198e+38  4.60373e+38  -4.52638e+38  4.24254e+38  -3.79795e+38  3.25181e+38  -2.67849e+38  2.16678e+38  -1.80959e+38  1.68098e+38  -1.80965e+38  2.1669e+38  -2.67867e+38  3.25203e+38  -3.79821e+38  4.24282e+38  -4.52668e+38  4.60403e+38  -4.44227e+38  4.02376e+38  -3.35023e+38  2.44949e+38  -1.38342e+38  2.53637e+37  7.99324e+37  
-6.67674e+37  -2.09658e+37  1.16439e+38  -2.07872e+38  2.86393e+38  -3.46242e+38  3.84484e+38  -4.00501e+38  3.95479e+38  -3.72028e+38  3.33973e+38  -2.86383e+38  2.3579e+38  -1.90192e+38  1.58145e+38  -1.46565e+38  1.5815e+38  -1.90203e+38  2.35805e+38  -2.86402e+38  3.33996e+38  -3.72054e+38  3.95506e+38  -4.00527e+38  3.84509e+38  -3.46264e+38  2.86411e+38  -2.07884e+38  1.16446e+38  -2.09671e+37  -6.67715e+37  
5.41732e+37  1.68455e+37  -9.51375e+37  1.71184e+38  -2.37552e+38  2.89144e+38  -3.23099e+38  3.38501e+38  -3.36013e+38  3.17568e+38  -2.86196e+38  2.46067e+38  -2.0275e+38  1.63272e+38  -1.35315e+38  1.25175e+38  -1.3532e+38  1.63281e+38  -2.02763e+38  2.46084e+38  -2.86215e+38  3.1759e+38  -3.36035e+38  3.38523e+38  -3.2312e+38  2.89162e+38  -2.37567e+38  1.71194e+38  -9.51434e+37  1.68466e+37  5.41766e+37  
-4.2411e+37  -1.30706e+37  7.49508e+37  -1.35877e+38  1.89918e+38  -2.32799e+38  2.6192e+38  -2.76203e+38  2.75865e+38  -2.62195e+38  2.37438e+38  -2.04879e+38  1.69103e+38  -1.36093e+38  1.1253e+38  -1.03949e+38  1.12534e+38  -1.36101e+38  1.69114e+38  -2.04893e+38  2.37454e+38  -2.62213e+38  2.75883e+38  -2.76221e+38  2.61937e+38  -2.32814e+38  1.8993e+38  -1.35886e+38  7.49555e+37  -1.30714e+37  -4.24137e+37  
3.17144e+37  9.69661e+36  -5.63567e+37  1.02899e+38  -1.44859e+38  1.78871e+38  -2.02725e+38  2.15319e+38  -2.16532e+38  2.07103e+38  -1.8857e+38  1.63387e+38  -1.35172e+38  1.08804e+38  -8.98311e+37  8.28949e+37  -8.98342e+37  1.0881e+38  -1.35181e+38  1.63398e+38  -1.88583e+38  2.07117e+38  -2.16547e+38  2.15333e+38  -2.02738e+38  1.78883e+38  -1.44869e+38  1.02905e+38  -5.63603e+37  9.69723e+36  3.17164e+37  
-2.22334e+37  -6.75208e+36  3.96919e+37  -7.29487e+37  1.03411e+38  -1.28626e+38  1.46867e+38  -1.57139e+38  1.59134e+38  -1.53178e+38  1.40235e+38  -1.22018e+38  1.01204e+38  -8.15126e+37  6.72396e+37  -6.20035e+37  6.7242e+37  -8.15173e+37  1.0121e+38  -1.22027e+38  1.40245e+38  -1.53189e+38  1.59145e+38  -1.5715e+38  1.46877e+38  -1.28634e+38  1.03418e+38  -7.29534e+37  3.96944e+37  -6.75252e+36  -2.22348e+37  
1.39657e+37  4.219e+36  -2.50213e+37  4.62427e+37  -6.59549e+37  8.25746e+37  -9.49194e+37  1.02231e+38  -1.04177e+38  1.00843e+38  -9.27623e+37  8.10063e+37  -6.73406e+37  5.4279e+37  -4.47545e+37  4.12507e+37  -4.47561e+37  5.42821e+37  -6.7345e+37  8.10119e+37  -9.27687e+37  1.0085e+38  -1.04184e+38  1.02238e+38  -9.49258e+37  8.25801e+37  -6.59593e+37  4.62458e+37  -2.50229e+37  4.21928e+36  1.39667e+37  
-6.69797e+36  -2.01655e+36  1.20277e+37  -2.23146e+37  3.19648e+37  -4.02069e+37  4.64397e+37  -5.02522e+37  5.14336e+37  -4.99823e+37  4.61272e+37  -4.03815e+37  3.36219e+37  -2.71164e+37  2.23539e+37  -2.05988e+37  2.23547e+37  -2.7118e+37  3.36242e+37  -4.03843e+37  4.61304e+37  -4.99857e+37  5.14371e+37  -5.02556e+37  4.64428e+37  -4.02096e+37  3.19669e+37  -2.23161e+37  1.20285e+37  -2.01669e+36  -6.69841e+36  
0  0  0  0  0  0  0  0  0  0  0  0  0  0  0  0  0  0  0  0  0  0  0  0  0  0  0  0  0  0  0  
