1  1  1  1  1  1  1  1  1  1  1  1  1  1  1  1  1  1  1  1  1  1  1  1  1  1  1  1  1  1  1  
-2.14664e+39  -7.86823e+38  3.29263e+39  -5.44021e+39  7.30311e+39  -8.93099e+39  1.03477e+40  -1.15632e+40  1.25848e+40  -1.34228e+40  1.4091e+40  -1.46057e+40  1.49839e+40  -1.52412e+40  1.53901e+40  -1.54388e+40  1.53901e+40  -1.52412e+40  1.4984e+40  -1.46058e+40  1.40912e+40  -1.3423e+40  1.2585e+40  -1.15634e+40  1.03479e+40  -8.93118e+39  7.30328e+39  -5.44033e+39  3.29271e+39  -7.86842e+38  -2.14669e+39  
4.2051e+39  1.54108e+39  -6.45096e+39  1.06275e+40  -1.41927e+40  1.72308e+40  -1.97844e+40  2.1878e+40  -2.35398e+40  2.48104e+40  -2.57424e+40  2.63947e+40  -2.68266e+40  2.70917e+40  -2.72325e+40  2.72764e+40  -2.72326e+40  2.70919e+40  -2.68268e+40  2.6395e+40  -2.57428e+40  2.48109e+40  -2.35403e+40  2.18785e+40  -1.97848e+40  1.72312e+40  -1.4193e+40  1.06277e+40  -6.45112e+39  1.54112e+39  4.2052e+39  
-6.09814e+39  -2.234e+39  9.35842e+39  -1.53504e+40  2.03401e+40  -2.44262e+40  2.76693e+40  -3.01241e+40  3.18665e+40  -3.3001e+40  3.36526e+40  -3.39538e+40  3.40323e+40  -3.39999e+40  3.39435e+40  -3.39185e+40  3.39437e+40  -3.40001e+40  3.40327e+40  -3.39542e+40  3.36531e+40  -3.30017e+40  3.18672e+40  -3.01247e+40  2.76699e+40  -2.44267e+40  2.03405e+40  -1.53508e+40  9.35865e+39  -2.23405e+39  -6.09828e+39  
7.7675e+39  2.84339e+39  -1.19289e+40  1.94667e+40  -2.5553e+40  3.02886e+40  -3.37644e+40  3.60937e+40  -3.74349e+40  3.79872e+40  -3.79699e+40  3.76007e+40  -3.70797e+40  3.65761e+40  -3.62196e+40  3.60915e+40  -3.62198e+40  3.65765e+40  -3.70802e+40  3.76013e+40  -3.79706e+40  3.7988e+40  -3.74358e+40  3.60945e+40  -3.37652e+40  3.02893e+40  -2.55536e+40  1.94672e+40  -1.19292e+40  2.84346e+39  7.76769e+39  
-9.17737e+39  -3.35507e+39  1.41118e+40  -2.29101e+40  2.97802e+40  -3.48253e+40  3.81908e+40  -4.00818e+40  4.07667e+40  -4.05518e+40  3.97476e+40  -3.86433e+40  3.74929e+40  -3.65079e+40  3.5849e+40  -3.56179e+40  3.58492e+40  -3.65083e+40  3.74935e+40  -3.8644e+40  3.97485e+40  -4.05528e+40  4.07677e+40  -4.00828e+40  3.81918e+40  -3.48262e+40  2.97809e+40  -2.29107e+40  1.41122e+40  -3.35516e+39  -9.17761e+39  
1.03134e+40  3.76267e+39  -1.58894e+40  2.56794e+40  -3.30787e+40  3.82028e+40  -4.12767e+40  4.26207e+40  -4.26199e+40  4.16759e+40  -4.0165e+40  3.84201e+40  -3.67277e+40  3.53279e+40  -3.44074e+40  3.40867e+40  -3.44076e+40  3.53284e+40  -3.67284e+40  3.8421e+40  -4.0166e+40  4.1677e+40  -4.26212e+40  4.26219e+40  -4.12779e+40  3.82038e+40  -3.30796e+40  2.56801e+40  -1.58898e+40  3.76277e+39  1.03136e+40  
-1.11784e+40  -4.06642e+39  1.72695e+40  -2.78172e+40  3.55654e+40  -4.06521e+40  4.33971e+40  -4.42379e+40  4.36604e+40  -4.21309e+40  4.006e+40  -3.77998e+40  3.56578e+40  -3.39023e+40  3.27515e+40  -3.23508e+40  3.27517e+40  -3.39028e+40  3.56586e+40  -3.78008e+40  4.00612e+40  -4.21322e+40  4.36617e+40  -4.42393e+40  4.33984e+40  -4.06534e+40  3.55664e+40  -2.7818e+40  1.72699e+40  -4.06653e+39  -1.11787e+40  
1.17872e+40  4.27133e+39  -1.82764e+40  2.93884e+40  -3.73733e+40  4.23963e+40  -4.48685e+40  4.53271e+40  -4.43269e+40  4.23652e+40  -3.98606e+40  3.71733e+40  -3.46334e+40  3.25468e+40  -3.11744e+40  3.06956e+40  -3.11747e+40  3.25474e+40  -3.46343e+40  3.71744e+40  -3.98619e+40  4.23667e+40  -4.43284e+40  4.53286e+40  -4.487e+40  4.23976e+40  -3.73744e+40  2.93892e+40  -1.82769e+40  4.27145e+39  1.17876e+40  
-1.21615e+40  -4.38547e+39  1.89428e+40  -3.04618e+40  3.86225e+40  -4.36105e+40  4.59092e+40  -4.6124e+40  4.48438e+40  -4.25691e+40  3.97133e+40  -3.66452e+40  3.37257e+40  -3.131e+40  2.97124e+40  -2.91535e+40  2.97127e+40  -3.13106e+40  3.37267e+40  -3.66464e+40  3.97147e+40  -4.25707e+40  4.48455e+40  -4.61257e+40  4.59108e+40  -4.36119e+40  3.86237e+40  -3.04627e+40  1.89433e+40  -4.3856e+39  -1.21619e+40  
1.23257e+40  4.41841e+39  -1.93033e+40  3.11e+40  -3.9406e+40  4.44117e+40  -4.66429e+40  4.67372e+40  -4.52875e+40  4.27812e+40  -3.96237e+40  3.61984e+40  -3.29061e+40  3.01594e+40  -2.83327e+40  2.76917e+40  -2.8333e+40  3.01601e+40  -3.29071e+40  3.61997e+40  -3.96252e+40  4.27828e+40  -4.52893e+40  4.6739e+40  -4.66446e+40  4.44133e+40  -3.94074e+40  3.1101e+40  -1.93039e+40  4.41854e+39  1.2326e+40  
-1.23039e+40  -4.38019e+39  1.9391e+40  -3.1354e+40  3.97873e+40  -4.48646e+40  4.71199e+40  -4.71901e+40  4.56503e+40  -4.29674e+40  3.95424e+40  -3.57794e+40  3.21251e+40  -2.9053e+40  2.69997e+40  -2.62774e+40  2.7e+40  -2.90537e+40  3.21261e+40  -3.57808e+40  3.9544e+40  -4.29692e+40  4.56522e+40  -4.71919e+40  4.71217e+40  -4.48662e+40  3.97887e+40  -3.13551e+40  1.93917e+40  -4.38033e+39  -1.23043e+40  
1.21192e+40  4.2806e+39  -1.92353e+40  3.12623e+40  -3.98037e+40  4.49937e+40  -4.73419e+40  4.74571e+40  -4.5883e+40  4.3065e+40  -3.94039e+40  3.53296e+40  -3.13358e+40  2.7956e+40  -2.56872e+40  2.48875e+40  -2.56876e+40  2.79567e+40  -3.13368e+40  3.5331e+40  -3.94056e+40  4.30668e+40  -4.5885e+40  4.74591e+40  -4.73438e+40  4.49953e+40  -3.98051e+40  3.12634e+40  -1.92359e+40  4.28074e+39  1.21196e+40  
-1.17923e+40  -4.12887e+39  1.88615e+40  -3.08529e+40  3.9473e+40  -4.47967e+40  4.72816e+40  -4.74878e+40  4.59198e+40  -4.30029e+40  3.91423e+40  -3.47945e+40  3.04978e+40  -2.68411e+40  2.43774e+40  -2.35073e+40  2.43778e+40  -2.68419e+40  3.04989e+40  -3.4796e+40  3.9144e+40  -4.30048e+40  4.59218e+40  -4.74898e+40  4.72835e+40  -4.47984e+40  3.94745e+40  -3.0854e+40  1.88621e+40  -4.12901e+39  -1.17927e+40  
1.13419e+40  3.93355e+39  -1.82916e+40  3.01456e+40  -3.88003e+40  4.4256e+40  -4.68975e+40  4.7222e+40  -4.56912e+40  4.27123e+40  -3.86966e+40  3.4126e+40  -2.95775e+40  2.56876e+40  -2.30581e+40  2.21278e+40  -2.30585e+40  2.56883e+40  -2.95786e+40  3.41275e+40  -3.86984e+40  4.27142e+40  -4.56932e+40  4.72241e+40  -4.68994e+40  4.42578e+40  -3.88018e+40  3.01467e+40  -1.82922e+40  3.93369e+39  1.13423e+40  
-1.0785e+40  -3.7025e+39  1.7545e+40  -2.91558e+40  3.77843e+40  -4.33477e+40  4.61443e+40  -4.66002e+40  4.51321e+40  -4.21308e+40  3.80138e+40  -3.32835e+40  2.85475e+40  -2.44795e+40  2.17212e+40  -2.07437e+40  2.17216e+40  -2.44803e+40  2.85486e+40  -3.3285e+40  3.80155e+40  -4.21326e+40  4.51341e+40  -4.66022e+40  4.61462e+40  -4.33494e+40  3.77858e+40  -2.91569e+40  1.75457e+40  -3.70263e+39  -1.07854e+40  
1.01373e+40  3.443e+39  -1.66399e+40  2.78975e+40  -3.64229e+40  4.20488e+40  -4.49808e+40  4.55697e+40  -4.41868e+40  4.12067e+40  -3.70506e+40  3.2235e+40  -2.7387e+40  2.32057e+40  -2.0362e+40  1.93527e+40  -2.03624e+40  2.32065e+40  -2.73881e+40  3.22364e+40  -3.70523e+40  4.12086e+40  -4.41888e+40  4.55717e+40  -4.49827e+40  4.20505e+40  -3.64244e+40  2.78986e+40  -1.66406e+40  3.44313e+39  1.01377e+40  
-9.41393e+39  -3.16187e+39  1.55943e+40  -2.63859e+40  3.47176e+40  -4.03431e+40  4.33756e+40  -4.40902e+40  4.28133e+40  -3.99018e+40  3.57761e+40  -3.0958e+40  2.6082e+40  -2.18593e+40  1.89785e+40  -1.79541e+40  1.89788e+40  -2.186e+40  2.60831e+40  -3.09593e+40  3.57778e+40  -3.99036e+40  4.28152e+40  -4.40922e+40  4.33774e+40  -4.03448e+40  3.4719e+40  -2.6387e+40  1.55949e+40  -3.16199e+39  -9.41429e+39  
8.62965e+39  2.86552e+39  -1.44269e+40  2.46397e+40  -3.26774e+40  3.82258e+40  -4.13119e+40  4.21382e+40  -4.09865e+40  3.81937e+40  -3.41728e+40  2.94404e+40  -2.46255e+40  2.04375e+40  -1.75705e+40  1.65492e+40  -1.75709e+40  2.04382e+40  -2.46266e+40  2.94417e+40  -3.41744e+40  3.81955e+40  -4.09883e+40  4.21401e+40  -4.13136e+40  3.82275e+40  -3.26788e+40  2.46407e+40  -1.44274e+40  2.86564e+39  8.62999e+39  
-7.79943e+39  -2.56009e+39  1.31579e+40  -2.26832e+40  3.03216e+40  -3.57072e+40  3.87914e+40  -3.97102e+40  3.87014e+40  -3.60783e+40  3.22383e+40  -2.76814e+40  2.30178e+40  -1.89413e+40  1.614e+40  -1.51399e+40  1.61403e+40  -1.8942e+40  2.30188e+40  -2.76827e+40  3.22398e+40  -3.608e+40  3.87032e+40  -3.9712e+40  3.87931e+40  -3.57088e+40  3.03229e+40  -2.26841e+40  1.31584e+40  -2.56019e+39  -7.79974e+39  
6.9386e+39  2.25142e+39  -1.18101e+40  2.05476e+40  -2.76822e+40  3.28154e+40  -3.58374e+40  3.68258e+40  -3.59756e+40  3.35713e+40  -2.99859e+40  2.56914e+40  -2.12662e+40  1.73756e+40  -1.46901e+40  1.37289e+40  -1.46904e+40  1.73762e+40  -2.12671e+40  2.56926e+40  -2.99873e+40  3.35729e+40  -3.59772e+40  3.68274e+40  -3.5839e+40  3.28168e+40  -2.76834e+40  2.05484e+40  -1.18106e+40  2.25152e+39  6.93889e+39  
-6.06311e+39  -1.94516e+39  1.04087e+40  -1.82718e+40  2.48051e+40  -2.95981e+40  3.24969e+40  -3.35295e+40  3.28499e+40  -3.07087e+40  2.74451e+40  -2.34918e+40  1.93842e+40  -1.57479e+40  1.32249e+40  -1.23193e+40  1.32252e+40  -1.57485e+40  1.9385e+40  -2.34929e+40  2.74464e+40  -3.07101e+40  3.28514e+40  -3.3531e+40  3.24983e+40  -2.95994e+40  2.48061e+40  -1.82726e+40  1.04091e+40  -1.94524e+39  -6.06336e+39  
5.18953e+39  1.64672e+39  -8.98173e+39  1.59031e+40  -2.1751e+40  2.61238e+40  -2.88409e+40  2.98911e+40  -2.93888e+40  2.75459e+40  -2.46593e+40  2.11134e+40  -1.73909e+40  1.40685e+40  -1.17492e+40  1.09141e+40  -1.17495e+40  1.4069e+40  -1.73917e+40  2.11143e+40  -2.46605e+40  2.75472e+40  -2.93902e+40  2.98925e+40  -2.88422e+40  2.6125e+40  -2.17519e+40  1.59038e+40  -8.98211e+39  1.64678e+39  5.18975e+39  
-4.33507e+39  -1.36127e+39  7.56015e+39  -1.34967e+40  1.85949e+40  -2.24808e+40  2.49638e+40  -2.60037e+40  2.56777e+40  -2.41551e+40  2.16842e+40  -1.85943e+40  1.53093e+40  -1.23488e+40  1.0268e+40  -9.51604e+39  1.02682e+40  -1.23492e+40  1.531e+40  -1.85952e+40  2.16852e+40  -2.41562e+40  2.56789e+40  -2.60049e+40  2.49649e+40  -2.24818e+40  1.85957e+40  -1.34973e+40  7.56047e+39  -1.36133e+39  -4.33526e+39  
3.51735e+39  1.09375e+39  -6.17708e+39  1.11146e+40  -1.54238e+40  1.87735e+40  -2.09782e+40  2.19782e+40  -2.18166e+40  2.06191e+40  -1.85821e+40  1.59767e+40  -1.31642e+40  1.06009e+40  -8.78572e+39  8.12725e+39  -8.78593e+39  1.06013e+40  -1.31648e+40  1.59774e+40  -1.8583e+40  2.06201e+40  -2.18177e+40  2.19792e+40  -2.09791e+40  1.87743e+40  -1.54245e+40  1.11151e+40  -6.17735e+39  1.09379e+39  3.51751e+39  
-2.75366e+39  -8.48645e+38  4.8664e+39  -8.82223e+39  1.2331e+40  -1.51152e+40  1.70059e+40  -1.79333e+40  1.79113e+40  -1.70238e+40  1.54164e+40  -1.33024e+40  1.09795e+40  -8.83626e+39  7.30632e+39  -6.74913e+39  7.3065e+39  -8.8366e+39  1.098e+40  -1.3303e+40  1.54171e+40  -1.70246e+40  1.79122e+40  -1.79341e+40  1.70067e+40  -1.51159e+40  1.23315e+40  -8.82262e+39  4.86662e+39  -8.48682e+38  -2.75378e+39  
2.05915e+39  6.29581e+38  -3.65913e+39  6.681e+39  -9.40542e+39  1.16137e+40  -1.31625e+40  1.39802e+40  -1.4059e+40  1.34468e+40  -1.22434e+40  1.06084e+40  -8.77645e+39  7.06443e+39  -5.83253e+39  5.38215e+39  -5.83267e+39  7.06471e+39  -8.77685e+39  1.06089e+40  -1.2244e+40  1.34474e+40  -1.40597e+40  1.39809e+40  -1.31631e+40  1.16143e+40  -9.40584e+39  6.6813e+39  -3.65929e+39  6.29609e+38  2.05924e+39  
-1.44357e+39  -4.38399e+38  2.57711e+39  -4.73641e+39  6.71428e+39  -8.35141e+39  9.53577e+39  -1.02027e+40  1.03323e+40  -9.94556e+39  9.10518e+39  -7.9224e+39  6.57095e+39  -5.29244e+39  4.36571e+39  -4.02573e+39  4.36582e+39  -5.29265e+39  6.57125e+39  -7.92277e+39  9.10562e+39  -9.94604e+39  1.03328e+40  -1.02032e+40  9.53621e+39  -8.3518e+39  6.71459e+39  -4.73663e+39  2.57723e+39  -4.38419e+38  -1.44363e+39  
9.06768e+38  2.73931e+38  -1.62458e+39  3.00245e+39  -4.28232e+39  5.3614e+39  -6.16293e+39  6.63769e+39  -6.76402e+39  6.54756e+39  -6.02287e+39  5.25958e+39  -4.37229e+39  3.52422e+39  -2.90581e+39  2.6783e+39  -2.90588e+39  3.52436e+39  -4.37249e+39  5.25983e+39  -6.02316e+39  6.54788e+39  -6.76434e+39  6.638e+39  -6.16322e+39  5.36165e+39  -4.28252e+39  3.00259e+39  -1.62465e+39  2.73944e+38  9.06809e+38  
-4.34886e+38  -1.30931e+38  7.80934e+38  -1.44884e+39  2.07541e+39  -2.61055e+39  3.01524e+39  -3.26277e+39  3.33948e+39  -3.24525e+39  2.99495e+39  -2.62189e+39  2.18301e+39  -1.76061e+39  1.45139e+39  -1.33742e+39  1.45143e+39  -1.76068e+39  2.18311e+39  -2.62202e+39  2.99509e+39  -3.24541e+39  3.33964e+39  -3.26293e+39  3.01538e+39  -2.61067e+39  2.07551e+39  -1.44891e+39  7.8097e+38  -1.30937e+38  -4.34906e+38  
0  0  0  0  0  0  0  0  0  0  0  0  0  0  0  0  0  0  0  0  0  0  0  0  0  0  0  0  0  0  0  
