1  1  1  1  1  1  1  1  1  1  1  1  1  1  1  1  1  1  1  1  1  1  1  1  1  1  1  1  1  1  1  
8.51537e+39  3.1212e+39  -1.30613e+40  2.15804e+40  -2.89702e+40  3.54277e+40  -4.10475e+40  4.58692e+40  -4.99219e+40  5.32459e+40  -5.58965e+40  5.79382e+40  -5.94384e+40  6.0459e+40  -6.10498e+40  6.1243e+40  -6.10499e+40  6.04593e+40  -5.94389e+40  5.79388e+40  -5.58971e+40  5.32467e+40  -4.99226e+40  4.587e+40  -4.10483e+40  3.54284e+40  -2.89708e+40  2.15808e+40  -1.30616e+40  3.12126e+39  8.51555e+39  
-1.66809e+40  -6.11322e+39  2.55899e+40  -4.21575e+40  5.63001e+40  -6.83517e+40  7.84814e+40  -8.67865e+40  9.33785e+40  -9.84188e+40  1.02116e+41  -1.04703e+41  1.06416e+41  -1.07468e+41  1.08027e+41  -1.08201e+41  1.08027e+41  -1.07469e+41  1.06417e+41  -1.04704e+41  1.02117e+41  -9.84203e+40  9.338e+40  -8.6788e+40  7.84829e+40  -6.8353e+40  5.63012e+40  -4.21584e+40  2.55904e+40  -6.11335e+39  -1.66813e+40  
2.41903e+40  8.86188e+39  -3.71233e+40  6.08926e+40  -8.06856e+40  9.68945e+40  -1.09759e+41  1.19497e+41  -1.26409e+41  1.3091e+41  -1.33494e+41  1.34689e+41  -1.35e+41  1.34872e+41  -1.34648e+41  1.34549e+41  -1.34649e+41  1.34873e+41  -1.35002e+41  1.3469e+41  -1.33496e+41  1.30912e+41  -1.26411e+41  1.19499e+41  -1.09762e+41  9.68965e+40  -8.06873e+40  6.08939e+40  -3.71241e+40  8.86207e+39  2.41908e+40  
-3.08123e+40  -1.12792e+40  4.73201e+40  -7.72212e+40  1.01364e+41  -1.2015e+41  1.33937e+41  -1.43177e+41  1.48498e+41  -1.50689e+41  1.5062e+41  -1.49156e+41  1.47089e+41  -1.45091e+41  1.43677e+41  -1.43169e+41  1.43677e+41  -1.45092e+41  1.4709e+41  -1.49158e+41  1.50622e+41  -1.50692e+41  1.48501e+41  -1.4318e+41  1.3394e+41  -1.20152e+41  1.01366e+41  -7.72229e+40  4.73211e+40  -1.12795e+40  -3.0813e+40  
3.64051e+40  1.3309e+40  -5.59793e+40  9.08805e+40  -1.18133e+41  1.38146e+41  -1.51496e+41  1.58998e+41  -1.61715e+41  1.60862e+41  -1.57672e+41  1.53291e+41  -1.48728e+41  1.4482e+41  -1.42207e+41  1.4129e+41  -1.42208e+41  1.44822e+41  -1.4873e+41  1.53294e+41  -1.57675e+41  1.60866e+41  -1.61718e+41  1.59001e+41  -1.515e+41  1.38149e+41  -1.18136e+41  9.08826e+40  -5.59806e+40  1.33093e+40  3.64059e+40  
-4.09114e+40  -1.49259e+40  6.30306e+40  -1.01866e+41  1.31218e+41  -1.51544e+41  1.63738e+41  -1.69069e+41  1.69066e+41  -1.65321e+41  1.59328e+41  -1.52406e+41  1.45693e+41  -1.4014e+41  1.36488e+41  -1.35216e+41  1.36489e+41  -1.40141e+41  1.45695e+41  -1.52409e+41  1.59331e+41  -1.65325e+41  1.6907e+41  -1.69073e+41  1.63742e+41  -1.51548e+41  1.31221e+41  -1.01868e+41  6.30321e+40  -1.49262e+40  -4.09123e+40  
4.43427e+40  1.61308e+40  -6.8505e+40  1.10346e+41  -1.41082e+41  1.6126e+41  -1.72149e+41  1.75484e+41  -1.73193e+41  1.67126e+41  -1.58911e+41  1.49945e+41  -1.41448e+41  1.34485e+41  -1.29919e+41  1.2833e+41  -1.2992e+41  1.34487e+41  -1.41451e+41  1.49949e+41  -1.58915e+41  1.67131e+41  -1.73198e+41  1.75489e+41  -1.72154e+41  1.61265e+41  -1.41085e+41  1.10349e+41  -6.85067e+40  1.61312e+40  4.43438e+40  
-4.67579e+40  -1.69436e+40  7.24993e+40  -1.16579e+41  1.48254e+41  -1.68179e+41  1.77986e+41  -1.79805e+41  1.75837e+41  -1.68056e+41  1.5812e+41  -1.4746e+41  1.37385e+41  -1.29108e+41  1.23663e+41  -1.21764e+41  1.23665e+41  -1.2911e+41  1.37388e+41  -1.47464e+41  1.58125e+41  -1.68061e+41  1.75843e+41  -1.7981e+41  1.77991e+41  -1.68184e+41  1.48258e+41  -1.16582e+41  7.25011e+40  -1.69441e+40  -4.67591e+40  
4.82428e+40  1.73964e+40  -7.51427e+40  1.20837e+41  -1.53209e+41  1.72995e+41  -1.82114e+41  1.82966e+41  -1.77888e+41  1.68864e+41  -1.57536e+41  1.45365e+41  -1.33784e+41  1.24201e+41  -1.17864e+41  1.15647e+41  -1.17865e+41  1.24204e+41  -1.33788e+41  1.4537e+41  -1.57541e+41  1.6887e+41  -1.77894e+41  1.82972e+41  -1.8212e+41  1.73001e+41  -1.53213e+41  1.2084e+41  -7.51447e+40  1.73969e+40  4.82441e+40  
-4.88938e+40  -1.75271e+40  7.65731e+40  -1.23369e+41  1.56317e+41  -1.76174e+41  1.85025e+41  -1.85399e+41  1.79648e+41  -1.69706e+41  1.57181e+41  -1.43593e+41  1.30533e+41  -1.19637e+41  1.12391e+41  -1.09848e+41  1.12392e+41  -1.1964e+41  1.30536e+41  -1.43598e+41  1.57186e+41  -1.69712e+41  1.79654e+41  -1.85405e+41  1.85031e+41  -1.76179e+41  1.56322e+41  -1.23372e+41  7.65752e+40  -1.75276e+40  -4.88951e+40  
4.88076e+40  1.73755e+40  -7.6921e+40  1.24376e+41  -1.5783e+41  1.7797e+41  -1.86917e+41  1.87195e+41  -1.81087e+41  1.70445e+41  -1.56858e+41  1.41931e+41  -1.27435e+41  1.15248e+41  -1.07103e+41  1.04238e+41  -1.07104e+41  1.15251e+41  -1.27439e+41  1.41936e+41  -1.56864e+41  1.70451e+41  -1.81094e+41  1.87202e+41  -1.86923e+41  1.77976e+41  -1.57834e+41  1.2438e+41  -7.69233e+40  1.7376e+40  4.8809e+40  
-4.8075e+40  -1.69804e+40  7.63032e+40  -1.24013e+41  1.57895e+41  -1.78482e+41  1.87798e+41  -1.88255e+41  1.8201e+41  -1.70832e+41  1.56309e+41  -1.40147e+41  1.24304e+41  -1.10897e+41  1.01897e+41  -9.87243e+40  1.01898e+41  -1.10899e+41  1.24308e+41  -1.40152e+41  1.56315e+41  -1.70838e+41  1.82017e+41  -1.88261e+41  1.87804e+41  -1.78488e+41  1.579e+41  -1.24016e+41  7.63055e+40  -1.69809e+40  -4.80764e+40  
4.67782e+40  1.63785e+40  -7.48204e+40  1.22388e+41  -1.56583e+41  1.77701e+41  -1.87558e+41  1.88376e+41  -1.82156e+41  1.70586e+41  -1.55271e+41  1.38024e+41  -1.2098e+41  1.06474e+41  -9.67011e+40  9.32494e+40  -9.67025e+40  1.06477e+41  -1.20984e+41  1.38029e+41  -1.55277e+41  1.70592e+41  -1.82163e+41  1.88383e+41  -1.87565e+41  1.77707e+41  -1.56588e+41  1.22392e+41  -7.48227e+40  1.6379e+40  4.67796e+40  
-4.49915e+40  -1.56037e+40  7.25596e+40  -1.19582e+41  1.53914e+41  -1.75556e+41  1.86035e+41  -1.87322e+41  1.81249e+41  -1.69433e+41  1.53503e+41  -1.35372e+41  1.17329e+41  -1.01898e+41  9.14674e+40  -8.77771e+40  9.14688e+40  -1.01901e+41  1.17333e+41  -1.35377e+41  1.53509e+41  -1.69439e+41  1.81256e+41  -1.87329e+41  1.86041e+41  -1.75562e+41  1.5392e+41  -1.19586e+41  7.25619e+40  -1.56042e+40  -4.49929e+40  
4.27823e+40  1.46872e+40  -6.95981e+40  1.15656e+41  -1.49884e+41  1.71953e+41  -1.83047e+41  1.84855e+41  -1.79031e+41  1.67126e+41  -1.50794e+41  1.3203e+41  -1.13243e+41  9.7106e+40  -8.61642e+40  8.22868e+40  -8.61656e+40  9.71088e+40  -1.13247e+41  1.32035e+41  -1.508e+41  1.67132e+41  -1.79039e+41  1.84862e+41  -1.83054e+41  1.71959e+41  -1.49889e+41  1.1566e+41  -6.96004e+40  1.46877e+40  4.27837e+40  
-4.02131e+40  -1.36578e+40  6.60079e+40  -1.10665e+41  1.44484e+41  -1.66801e+41  1.78431e+41  -1.80767e+41  1.75282e+41  -1.6346e+41  1.46974e+41  -1.27871e+41  1.0864e+41  -9.20531e+40  8.07726e+40  -7.67687e+40  8.0774e+40  -9.20558e+40  1.08644e+41  -1.27876e+41  1.4698e+41  -1.63467e+41  1.75289e+41  -1.80774e+41  1.78438e+41  -1.66807e+41  1.44489e+41  -1.10669e+41  6.60101e+40  -1.36583e+40  -4.02144e+40  
3.73435e+40  1.25426e+40  -6.18601e+40  1.04669e+41  -1.37719e+41  1.60034e+41  -1.72064e+41  1.74899e+41  -1.69833e+41  1.58284e+41  -1.41918e+41  1.22805e+41  -1.03463e+41  8.67121e+40  -7.52843e+40  7.12209e+40  -7.52856e+40  8.67147e+40  -1.03467e+41  1.2281e+41  -1.41924e+41  1.5829e+41  -1.6984e+41  1.74905e+41  -1.7207e+41  1.6004e+41  -1.37724e+41  1.04672e+41  -6.18622e+40  1.2543e+40  3.73448e+40  
-3.42324e+40  -1.13671e+40  5.72289e+40  -9.77417e+40  1.29626e+41  -1.51636e+41  1.63877e+41  -1.67155e+41  1.62587e+41  -1.51508e+41  1.35558e+41  -1.16785e+41  9.76854e+40  -8.1072e+40  6.96993e+40  -6.56477e+40  6.97005e+40  -8.10745e+40  9.76891e+40  -1.1679e+41  1.35563e+41  -1.51514e+41  1.62593e+41  -1.67162e+41  1.63884e+41  -1.51641e+41  1.29631e+41  -9.77451e+40  5.72309e+40  -1.13675e+40  -3.42336e+40  
3.0939e+40  1.01554e+40  -5.21953e+40  8.99806e+40  -1.20281e+41  1.41645e+41  -1.53879e+41  1.57524e+41  -1.53522e+41  1.43117e+41  -1.27884e+41  1.09808e+41  -9.1308e+40  7.51371e+40  -6.40247e+40  6.00573e+40  -6.40259e+40  7.51395e+40  -9.13115e+40  1.09812e+41  -1.27889e+41  1.43123e+41  -1.53528e+41  1.5753e+41  -1.53885e+41  1.4165e+41  -1.20285e+41  8.99838e+40  -5.21971e+40  1.01558e+40  3.09401e+40  
-2.75243e+40  -8.93103e+39  4.68488e+40  -8.15089e+40  1.09811e+41  -1.30173e+41  1.42161e+41  -1.46082e+41  1.42709e+41  -1.33172e+41  1.18949e+41  -1.01914e+41  8.43594e+40  -6.89261e+40  5.8273e+40  -5.44602e+40  5.82742e+40  -6.89283e+40  8.43626e+40  -1.01918e+41  1.18954e+41  -1.33177e+41  1.42715e+41  -1.46088e+41  1.42167e+41  -1.30178e+41  1.09815e+41  -8.15119e+40  4.68505e+40  -8.93135e+39  -2.75253e+40  
2.40514e+40  7.71614e+39  -4.12895e+40  7.24812e+40  -9.83977e+40  1.17411e+41  -1.2891e+41  1.33006e+41  -1.3031e+41  1.21816e+41  -1.0887e+41  9.31881e+40  -7.68938e+40  6.24694e+40  -5.24609e+40  4.88686e+40  -5.2462e+40  6.24715e+40  -7.68968e+40  9.31919e+40  -1.08875e+41  1.21821e+41  -1.30315e+41  1.33011e+41  -1.28915e+41  1.17415e+41  -9.84014e+40  7.24839e+40  -4.12911e+40  7.71642e+39  2.40523e+40  
-2.0586e+40  -6.53225e+39  3.56291e+40  -6.30849e+40  8.62826e+40  -1.03629e+41  1.14407e+41  -1.18573e+41  1.16581e+41  -1.0927e+41  9.78196e+40  -8.37532e+40  6.89869e+40  -5.58072e+40  4.66072e+40  -4.32944e+40  4.66081e+40  -5.58091e+40  6.89896e+40  -8.37567e+40  9.78237e+40  -1.09275e+41  1.16585e+41  -1.18578e+41  1.14412e+41  -1.03633e+41  8.62859e+40  -6.30873e+40  3.56304e+40  -6.53249e+39  -2.05868e+40  
1.71965e+40  5.39992e+39  -2.99899e+40  5.35391e+40  -7.37629e+40  8.91775e+40  -9.90272e+40  1.03152e+41  -1.01859e+41  9.58192e+40  -8.60176e+40  7.37605e+40  -6.07297e+40  4.89855e+40  -4.07313e+40  3.77485e+40  -4.07321e+40  4.89872e+40  -6.07321e+40  7.37635e+40  -8.60212e+40  9.58232e+40  -1.01863e+41  1.03157e+41  -9.90311e+40  8.9181e+40  -7.37658e+40  5.35411e+40  -2.9991e+40  5.40013e+39  1.71972e+40  
-1.39528e+40  -4.33871e+39  2.45035e+40  -4.40898e+40  6.11836e+40  -7.44714e+40  8.32169e+40  -8.71838e+40  8.6543e+40  -8.17925e+40  7.37122e+40  -6.33768e+40  5.222e+40  -4.20521e+40  3.48514e+40  -3.22394e+40  3.48522e+40  -4.20535e+40  5.22221e+40  -6.33795e+40  7.37153e+40  -8.1796e+40  8.65466e+40  -8.71873e+40  8.32203e+40  -7.44744e+40  6.1186e+40  -4.40915e+40  2.45044e+40  -4.33887e+39  -1.39533e+40  
1.09233e+40  3.36643e+39  -1.93042e+40  3.49963e+40  -4.8915e+40  5.99594e+40  -6.74597e+40  7.11384e+40  -7.10514e+40  6.75306e+40  -6.11543e+40  5.27684e+40  -4.35538e+40  3.5052e+40  -2.89829e+40  2.67726e+40  -2.89836e+40  3.50532e+40  -4.35556e+40  5.27706e+40  -6.11568e+40  6.75334e+40  -7.10543e+40  7.11413e+40  -6.74624e+40  5.99618e+40  -4.8917e+40  3.49977e+40  -1.9305e+40  3.36657e+39  1.09237e+40  
-8.16831e+39  -2.49745e+39  1.45152e+40  -2.65024e+40  3.73097e+40  -4.60697e+40  5.22135e+40  -5.54572e+40  5.57698e+40  -5.33411e+40  4.85677e+40  -4.20818e+40  3.48147e+40  -2.80234e+40  2.31366e+40  -2.135e+40  2.31371e+40  -2.80244e+40  3.48162e+40  -4.20836e+40  4.85698e+40  -5.33433e+40  5.57722e+40  -5.54595e+40  5.22157e+40  -4.60716e+40  3.73112e+40  -2.65035e+40  1.45157e+40  -2.49754e+39  -8.16864e+39  
5.7264e+39  1.73906e+39  -1.0223e+40  1.87886e+40  -2.66345e+40  3.31287e+40  -3.78268e+40  4.04726e+40  -4.09864e+40  3.94524e+40  -3.61188e+40  3.14268e+40  -2.60659e+40  2.09942e+40  -1.7318e+40  1.59693e+40  -1.73184e+40  2.0995e+40  -2.60669e+40  3.14282e+40  -3.61203e+40  3.94541e+40  -4.09881e+40  4.04743e+40  -3.78284e+40  3.313e+40  -2.66355e+40  1.87893e+40  -1.02234e+40  1.73913e+39  5.72663e+39  
-3.597e+39  -1.08664e+39  6.44444e+39  -1.19102e+40  1.69873e+40  -2.12678e+40  2.44473e+40  -2.63306e+40  2.68318e+40  -2.59731e+40  2.38917e+40  -2.08639e+40  1.73442e+40  -1.398e+40  1.15268e+40  -1.06243e+40  1.15271e+40  -1.39805e+40  1.73449e+40  -2.08648e+40  2.38928e+40  -2.59742e+40  2.68329e+40  -2.63317e+40  2.44483e+40  -2.12687e+40  1.69879e+40  -1.19107e+40  6.4447e+39  -1.08668e+39  -3.59715e+39  
1.72512e+39  5.19381e+38  -3.09784e+39  5.74732e+39  -8.23282e+39  1.03556e+40  -1.19609e+40  1.29429e+40  -1.32472e+40  1.28734e+40  -1.18805e+40  1.04006e+40  -8.65962e+39  6.98406e+39  -5.75742e+39  5.30533e+39  -5.75754e+39  6.98431e+39  -8.65998e+39  1.04011e+40  -1.1881e+40  1.28739e+40  -1.32477e+40  1.29434e+40  -1.19614e+40  1.03561e+40  -8.23316e+39  5.74756e+39  -3.09796e+39  5.19402e+38  1.72519e+39  
0  0  0  0  0  0  0  0  0  0  0  0  0  0  0  0  0  0  0  0  0  0  0  0  0  0  0  0  0  0  0  
