1  1  1  1  1  1  1  1  1  1  1  1  1  1  1  1  1  1  1  1  1  1  1  1  1  1  1  1  1  1  1  
3.51354e+40  1.28784e+40  -5.38926e+40  8.90433e+40  -1.19535e+41  1.46179e+41  -1.69367e+41  1.89262e+41  -2.05984e+41  2.19699e+41  -2.30635e+41  2.3906e+41  -2.4525e+41  2.49461e+41  -2.51898e+41  2.52696e+41  -2.51899e+41  2.49462e+41  -2.45252e+41  2.39062e+41  -2.30638e+41  2.19702e+41  -2.05986e+41  1.89265e+41  -1.6937e+41  1.46181e+41  -1.19537e+41  8.90449e+40  -5.38936e+40  1.28787e+40  3.51361e+40  
-6.88275e+40  -2.52239e+40  1.05587e+41  -1.73947e+41  2.32301e+41  -2.82027e+41  3.23824e+41  -3.58091e+41  3.85291e+41  -4.06088e+41  4.21341e+41  -4.32017e+41  4.39087e+41  -4.43426e+41  4.45731e+41  -4.46448e+41  4.45732e+41  -4.43428e+41  4.3909e+41  -4.32021e+41  4.21346e+41  -4.06093e+41  3.85296e+41  -3.58097e+41  3.23829e+41  -2.82032e+41  2.32305e+41  -1.7395e+41  1.05589e+41  -2.52244e+40  -6.88288e+40  
9.9812e+40  3.65652e+40  -1.53175e+41  2.5125e+41  -3.32919e+41  3.99798e+41  -4.52881e+41  4.9306e+41  -5.2158e+41  5.40148e+41  -5.50812e+41  5.55742e+41  -5.57027e+41  5.56496e+41  -5.55574e+41  5.55163e+41  -5.55575e+41  5.56499e+41  -5.57032e+41  5.55748e+41  -5.50819e+41  5.40156e+41  -5.21588e+41  4.93068e+41  -4.52889e+41  3.99806e+41  -3.32925e+41  2.51255e+41  -1.53178e+41  3.65659e+40  9.98139e+40  
-1.27135e+41  -4.65395e+40  1.95248e+41  -3.18624e+41  4.18241e+41  -4.95752e+41  5.52642e+41  -5.90767e+41  6.12721e+41  -6.21761e+41  6.21476e+41  -6.15434e+41  6.06905e+41  -5.98663e+41  5.92827e+41  -5.90731e+41  5.9283e+41  -5.98668e+41  6.06912e+41  -6.15442e+41  6.21485e+41  -6.21771e+41  6.12732e+41  -5.90778e+41  5.52653e+41  -4.95762e+41  4.18249e+41  -3.1863e+41  1.95252e+41  -4.65404e+40  -1.27138e+41  
1.50212e+41  5.49145e+40  -2.30977e+41  3.74984e+41  -4.87431e+41  5.70008e+41  -6.25092e+41  6.56043e+41  -6.67254e+41  6.63737e+41  -6.50574e+41  6.32498e+41  -6.13669e+41  5.97546e+41  -5.86762e+41  5.82978e+41  -5.86765e+41  5.97552e+41  -6.13677e+41  6.32508e+41  -6.50586e+41  6.6375e+41  -6.67267e+41  6.56057e+41  -6.25105e+41  5.7002e+41  -4.87441e+41  3.74992e+41  -2.30982e+41  5.49157e+40  1.50215e+41  
-1.68805e+41  -6.15861e+40  2.60072e+41  -4.2031e+41  5.4142e+41  -6.25289e+41  6.75602e+41  -6.976e+41  6.97588e+41  -6.82135e+41  6.57406e+41  -6.28846e+41  6.01145e+41  -5.78233e+41  5.63166e+41  -5.57917e+41  5.6317e+41  -5.7824e+41  6.01154e+41  -6.28857e+41  6.57419e+41  -6.8215e+41  6.97603e+41  -6.97616e+41  6.75617e+41  -6.25303e+41  5.41431e+41  -4.20319e+41  2.60077e+41  -6.15873e+40  -1.68809e+41  
1.82963e+41  6.65576e+40  -2.8266e+41  4.55302e+41  -5.82121e+41  6.6538e+41  -7.10308e+41  7.2407e+41  -7.14617e+41  6.89584e+41  -6.55687e+41  6.18693e+41  -5.83633e+41  5.54899e+41  -5.36063e+41  5.29504e+41  -5.36066e+41  5.54906e+41  -5.83643e+41  6.18706e+41  -6.55702e+41  6.89601e+41  -7.14635e+41  7.24088e+41  -7.10325e+41  6.65395e+41  -5.82134e+41  4.55312e+41  -2.82666e+41  6.6559e+40  1.82967e+41  
-1.92929e+41  -6.99115e+40  2.99141e+41  -4.81018e+41  6.11712e+41  -6.93927e+41  7.34391e+41  -7.41897e+41  7.25527e+41  -6.93419e+41  6.52423e+41  -6.08439e+41  5.66867e+41  -5.32713e+41  5.1025e+41  -5.02413e+41  5.10254e+41  -5.32721e+41  5.66878e+41  -6.08454e+41  6.5244e+41  -6.93437e+41  7.25546e+41  -7.41917e+41  7.3441e+41  -6.93944e+41  6.11727e+41  -4.81029e+41  2.99148e+41  -6.99131e+40  -1.92933e+41  
1.99056e+41  7.17797e+40  -3.10048e+41  4.98587e+41  -6.32159e+41  7.13801e+41  -7.51426e+41  7.54942e+41  -7.33988e+41  6.96756e+41  -6.50013e+41  5.99795e+41  -5.52011e+41  5.1247e+41  -4.86321e+41  4.77172e+41  -4.86325e+41  5.12478e+41  -5.52023e+41  5.99811e+41  -6.50031e+41  6.96776e+41  -7.34009e+41  7.54963e+41  -7.51447e+41  7.13819e+41  -6.32175e+41  4.98599e+41  -3.10055e+41  7.17814e+40  1.9906e+41  
-2.01742e+41  -7.23189e+40  3.1595e+41  -5.09034e+41  6.44984e+41  -7.26915e+41  7.63434e+41  -7.64978e+41  7.4125e+41  -7.00227e+41  6.48547e+41  -5.92483e+41  5.38595e+41  -4.93637e+41  4.63738e+41  -4.53247e+41  4.63743e+41  -4.93646e+41  5.38608e+41  -5.92499e+41  6.48567e+41  -7.00249e+41  7.41273e+41  -7.65001e+41  7.63456e+41  -7.26935e+41  6.45001e+41  -5.09047e+41  3.15958e+41  -7.23207e+40  -2.01747e+41  
2.01386e+41  7.16933e+40  -3.17386e+41  5.13191e+41  -6.51225e+41  7.34327e+41  -7.71242e+41  7.72391e+41  -7.47188e+41  7.03276e+41  -6.47216e+41  5.85625e+41  -5.25812e+41  4.75529e+41  -4.4192e+41  4.30097e+41  -4.41925e+41  4.75538e+41  -5.25825e+41  5.85642e+41  -6.47237e+41  7.03298e+41  -7.47212e+41  7.72415e+41  -7.71265e+41  7.34348e+41  -6.51242e+41  5.13205e+41  -3.17394e+41  7.16951e+40  2.01391e+41  
-1.98363e+41  -7.00633e+40  3.14836e+41  -5.11691e+41  6.51493e+41  -7.3644e+41  7.74876e+41  -7.76762e+41  7.50998e+41  -7.04872e+41  6.4495e+41  -5.78263e+41  5.12892e+41  -4.57573e+41  4.20438e+41  -4.07348e+41  4.20443e+41  -4.57582e+41  5.12907e+41  -5.78281e+41  6.44971e+41  -7.04896e+41  7.51023e+41  -7.76787e+41  7.749e+41  -7.36462e+41  6.51511e+41  -5.11705e+41  3.14845e+41  -7.00651e+40  -1.98368e+41  
1.93013e+41  6.75799e+40  -3.08718e+41  5.04989e+41  -6.46081e+41  7.33217e+41  -7.73889e+41  7.77264e+41  -7.516e+41  7.03857e+41  -6.40669e+41  5.69505e+41  -4.99177e+41  4.39326e+41  -3.99e+41  3.84758e+41  -3.99005e+41  4.39336e+41  -4.99192e+41  5.69523e+41  -6.4069e+41  7.03881e+41  -7.51625e+41  7.77289e+41  -7.73914e+41  7.33239e+41  -6.46099e+41  5.05003e+41  -3.08726e+41  6.75817e+40  1.93018e+41  
-1.85641e+41  -6.4383e+40  2.9939e+41  -4.93412e+41  6.3507e+41  -7.24367e+41  7.67602e+41  -7.72914e+41  7.47858e+41  -6.991e+41  6.33374e+41  -5.58563e+41  4.84114e+41  -4.20445e+41  3.77406e+41  -3.62179e+41  3.77411e+41  -4.20455e+41  4.84128e+41  -5.58582e+41  6.33395e+41  -6.99124e+41  7.47884e+41  -7.7294e+41  7.67627e+41  -7.2439e+41  6.35089e+41  -4.93426e+41  2.99398e+41  -6.43847e+40  -1.85646e+41  
1.76525e+41  6.06012e+40  -2.8717e+41  4.77212e+41  -6.18441e+41  7.095e+41  -7.55274e+41  7.62736e+41  -7.38706e+41  6.89582e+41  -6.22196e+41  5.44773e+41  -4.67255e+41  4.00671e+41  -3.55524e+41  3.39525e+41  -3.55529e+41  4.00681e+41  -4.6727e+41  5.44792e+41  -6.22218e+41  6.89606e+41  -7.38732e+41  7.62762e+41  -7.55299e+41  7.09523e+41  -6.1846e+41  4.77226e+41  -2.87179e+41  6.06029e+40  1.7653e+41  
-1.65924e+41  -5.63539e+40  2.72357e+41  -4.56617e+41  5.96158e+41  -6.8824e+41  7.3623e+41  -7.45869e+41  7.23234e+41  -6.74457e+41  6.06432e+41  -5.27612e+41  4.48261e+41  -3.79822e+41  3.33278e+41  -3.16756e+41  3.33283e+41  -3.79832e+41  4.48275e+41  -5.2763e+41  6.06454e+41  -6.74481e+41  7.2326e+41  -7.45894e+41  7.36254e+41  -6.88262e+41  5.96176e+41  -4.56631e+41  2.72365e+41  -5.63555e+40  -1.65929e+41  
1.54084e+41  5.17524e+40  -2.55242e+41  4.31876e+41  -5.68246e+41  6.60322e+41  -7.09956e+41  7.21654e+41  -7.00753e+41  6.53099e+41  -5.85572e+41  5.06709e+41  -4.26901e+41  3.57785e+41  -3.10632e+41  2.93866e+41  -3.10637e+41  3.57794e+41  -4.26915e+41  5.06727e+41  -5.85593e+41  6.53122e+41  -7.00778e+41  7.21679e+41  -7.0998e+41  6.60343e+41  -5.68264e+41  4.31889e+41  -2.5525e+41  5.17539e+40  1.54089e+41  
-1.41247e+41  -4.69019e+40  2.36134e+41  -4.03294e+41  5.34853e+41  -6.25667e+41  6.76178e+41  -6.89704e+41  6.70853e+41  -6.25142e+41  5.59329e+41  -4.8187e+41  4.03062e+41  -3.34513e+41  2.87588e+41  -2.7087e+41  2.87592e+41  -3.34522e+41  4.03076e+41  -4.81887e+41  5.59349e+41  -6.25164e+41  6.70877e+41  -6.89728e+41  6.76201e+41  -6.25688e+41  5.3487e+41  -4.03307e+41  2.36141e+41  -4.69033e+40  -1.41251e+41  
1.27658e+41  4.19026e+40  -2.15364e+41  3.71271e+41  -4.96294e+41  5.84444e+41  -6.34924e+41  6.49963e+41  -6.33452e+41  5.90518e+41  -5.27665e+41  4.5308e+41  -3.76748e+41  3.10025e+41  -2.64173e+41  2.47803e+41  -2.64178e+41  3.10034e+41  -3.76761e+41  4.53096e+41  -5.27684e+41  5.90539e+41  -6.33475e+41  6.49986e+41  -6.34946e+41  5.84463e+41  -4.9631e+41  3.71283e+41  -2.15371e+41  4.19039e+40  1.27662e+41  
-1.13569e+41  -3.68505e+40  1.93304e+41  -3.36316e+41  4.53093e+41  -5.37111e+41  5.86575e+41  -6.02752e+41  5.88836e+41  -5.49484e+41  4.908e+41  -4.20509e+41  3.48077e+41  -2.84398e+41  2.40442e+41  -2.24709e+41  2.40446e+41  -2.84406e+41  3.48089e+41  -4.20524e+41  4.90818e+41  -5.49504e+41  5.88857e+41  -6.02773e+41  5.86595e+41  -5.37129e+41  4.53108e+41  -3.36327e+41  1.9331e+41  -3.68517e+40  -1.13572e+41  
9.9239e+40  3.18378e+40  -1.70366e+41  2.99067e+41  -4.06001e+41  4.84451e+41  -5.31897e+41  5.48799e+41  -5.37676e+41  5.0263e+41  -4.49212e+41  3.84506e+41  -3.17273e+41  2.57757e+41  -2.1646e+41  2.01638e+41  -2.16464e+41  2.57764e+41  -3.17284e+41  3.8452e+41  -4.49228e+41  5.02648e+41  -5.37695e+41  5.48819e+41  -5.31916e+41  4.84468e+41  -4.06015e+41  2.99076e+41  -1.70371e+41  3.18388e+40  9.92422e+40  
-8.49405e+40  -2.69529e+40  1.4701e+41  -2.60296e+41  3.56013e+41  -4.27586e+41  4.72058e+41  -4.89248e+41  4.81027e+41  -4.50863e+41  4.03616e+41  -3.45576e+41  2.84649e+41  -2.30268e+41  1.92307e+41  -1.78638e+41  1.9231e+41  -2.30274e+41  2.84659e+41  -3.45589e+41  4.03631e+41  -4.50879e+41  4.81044e+41  -4.89265e+41  4.72075e+41  -4.276e+41  3.56025e+41  -2.60305e+41  1.47015e+41  -2.69538e+40  -8.49433e+40  
7.0955e+40  2.22808e+40  -1.23742e+41  2.20909e+41  -3.04355e+41  3.67958e+41  -4.08599e+41  4.2562e+41  -4.20284e+41  3.95362e+41  -3.5492e+41  3.04345e+41  -2.50578e+41  2.0212e+41  -1.68062e+41  1.55755e+41  -1.68065e+41  2.02126e+41  -2.50587e+41  3.04356e+41  -3.54933e+41  3.95377e+41  -4.20299e+41  4.25635e+41  -4.08613e+41  3.6797e+41  -3.04365e+41  2.20916e+41  -1.23746e+41  2.22815e+40  7.09574e+40  
-5.75709e+40  -1.7902e+40  1.01104e+41  -1.8192e+41  2.52451e+41  -3.07278e+41  3.43363e+41  -3.59731e+41  3.57087e+41  -3.37486e+41  3.04146e+41  -2.61501e+41  2.15466e+41  -1.73512e+41  1.43801e+41  -1.33023e+41  1.43804e+41  -1.73517e+41  2.15474e+41  -2.6151e+41  3.04157e+41  -3.37499e+41  3.571e+41  -3.59744e+41  3.43376e+41  -3.07289e+41  2.5246e+41  -1.81926e+41  1.01108e+41  -1.79027e+40  -5.75728e+40  
4.5071e+40  1.38903e+40  -7.96516e+40  1.44399e+41  -2.0183e+41  2.474e+41  -2.78347e+41  2.93526e+41  -2.93167e+41  2.7864e+41  -2.5233e+41  2.17729e+41  -1.79709e+41  1.44629e+41  -1.19587e+41  1.10467e+41  -1.19589e+41  1.44633e+41  -1.79715e+41  2.17737e+41  -2.5234e+41  2.7865e+41  -2.93178e+41  2.93537e+41  -2.78357e+41  2.47409e+41  -2.01837e+41  1.44404e+41  -7.96544e+40  1.38908e+40  4.50725e+40  
-3.37035e+40  -1.03048e+40  5.98914e+40  -1.09352e+41  1.53945e+41  -1.90089e+41  2.1544e+41  -2.28823e+41  2.30113e+41  -2.20092e+41  2.00397e+41  -1.73635e+41  1.4365e+41  -1.15628e+41  9.54646e+40  -8.80927e+40  9.54664e+40  -1.15632e+41  1.43655e+41  -1.73641e+41  2.00404e+41  -2.201e+41  2.30122e+41  -2.28832e+41  2.15447e+41  -1.90096e+41  1.5395e+41  -1.09356e+41  5.98935e+40  -1.03051e+40  -3.37047e+40  
2.36278e+40  7.17556e+39  -4.21813e+40  7.7524e+40  -1.09897e+41  1.36693e+41  -1.56078e+41  1.66995e+41  -1.69115e+41  1.62786e+41  -1.49031e+41  1.29671e+41  -1.07551e+41  8.66249e+40  -7.14563e+40  6.58914e+40  -7.14577e+40  8.66276e+40  -1.07555e+41  1.29676e+41  -1.49036e+41  1.62792e+41  -1.69121e+41  1.67001e+41  -1.56084e+41  1.36698e+41  -1.09901e+41  7.75267e+40  -4.21828e+40  7.17582e+39  2.36287e+40  
-1.48417e+40  -4.48361e+39  2.65906e+40  -4.91431e+40  7.00915e+40  -8.77537e+40  1.00873e+41  -1.08643e+41  1.10711e+41  -1.07168e+41  9.85804e+40  -8.60871e+40  7.15642e+40  -5.76832e+40  4.75611e+40  -4.38373e+40  4.75621e+40  -5.7685e+40  7.15667e+40  -8.60903e+40  9.85841e+40  -1.07172e+41  1.10715e+41  -1.08647e+41  1.00876e+41  -8.77569e+40  7.00941e+40  -4.91448e+40  2.65915e+40  -4.48377e+39  -1.48422e+40  
7.11806e+39  2.14303e+39  -1.27821e+40  2.37142e+40  -3.39696e+40  4.27286e+40  -4.93524e+40  5.3404e+40  -5.46595e+40  5.31172e+40  -4.90203e+40  4.29143e+40  -3.57307e+40  2.88171e+40  -2.37558e+40  2.18904e+40  -2.37563e+40  2.8818e+40  -3.5732e+40  4.29159e+40  -4.90221e+40  5.31192e+40  -5.46616e+40  5.3406e+40  -4.93542e+40  4.27302e+40  -3.39709e+40  2.3715e+40  -1.27825e+40  2.14311e+39  7.11832e+39  
0  0  0  0  0  0  0  0  0  0  0  0  0  0  0  0  0  0  0  0  0  0  0  0  0  0  0  0  0  0  0  
