1  1  1  1  1  1  1  1  1  1  1  1  1  1  1  1  1  1  1  1  1  1  1  1  1  1  1  1  1  1  1  
0.967078  0.963543  0.952936  0.937048  0.918012  0.897684  0.877397  0.858023  0.840113  0.824034  0.810045  0.798339  0.789071  0.78236  0.778296  0.776936  0.778296  0.78236  0.789071  0.798339  0.810045  0.824034  0.840113  0.858023  0.877397  0.897684  0.918012  0.937048  0.952936  0.963543  0.967078  
0.934666  0.927829  0.907318  0.876773  0.840547  0.802427  0.76511  0.730274  0.698867  0.671374  0.648017  0.628879  0.613983  0.603335  0.596942  0.59481  0.596942  0.603335  0.613983  0.628879  0.648017  0.671374  0.698867  0.730274  0.76511  0.802427  0.840547  0.876773  0.907318  0.927829  0.934666  
0.90324  0.893533  0.864411  0.821437  0.771269  0.719684  0.670695  0.626594  0.588388  0.556266  0.529981  0.509122  0.493284  0.482158  0.475548  0.473355  0.475548  0.482158  0.493284  0.509122  0.529981  0.556266  0.588388  0.626594  0.670695  0.719684  0.771269  0.821437  0.864411  0.893533  0.90324  
0.873218  0.861206  0.82517  0.7726  0.712445  0.652384  0.597523  0.550402  0.511637  0.480678  0.45647  0.437913  0.424127  0.414544  0.408869  0.406986  0.408869  0.414544  0.424127  0.437913  0.45647  0.480678  0.511637  0.550402  0.597523  0.652384  0.712445  0.7726  0.82517  0.861206  0.873218  
0.844933  0.831244  0.790178  0.73103  0.664853  0.600932  0.545069  0.49959  0.464293  0.437606  0.417569  0.402487  0.39123  0.383249  0.378417  0.376791  0.378417  0.383249  0.39123  0.402487  0.417569  0.437606  0.464293  0.49959  0.545069  0.600932  0.664853  0.73103  0.790178  0.831244  0.844933  
0.818627  0.803886  0.759661  0.696795  0.628063  0.563902  0.510333  0.469061  0.438818  0.416972  0.400817  0.388336  0.378471  0.371009  0.366252  0.364607  0.366252  0.371009  0.378471  0.388336  0.400817  0.416972  0.438818  0.469061  0.510333  0.563902  0.628063  0.696795  0.759661  0.803886  0.818627  
0.794447  0.779225  0.733558  0.66945  0.600887  0.53894  0.489422  0.453184  0.427885  0.410009  0.396377  0.384936  0.374949  0.366748  0.361234  0.359279  0.361234  0.366748  0.374949  0.384936  0.396377  0.410009  0.427885  0.453184  0.489422  0.53894  0.600887  0.66945  0.733558  0.779225  0.794447  
0.772451  0.757239  0.711603  0.648249  0.581813  0.523508  0.478659  0.44723  0.425989  0.410808  0.398282  0.3865  0.375161  0.365236  0.358318  0.355825  0.358318  0.365236  0.375161  0.3865  0.398282  0.410808  0.425989  0.44723  0.478659  0.523508  0.581813  0.648249  0.711603  0.757239  0.772451  
0.752627  0.737822  0.693409  0.632321  0.569307  0.515326  0.475084  0.44779  0.42958  0.41597  0.403482  0.390397  0.376859  0.364509  0.355711  0.352509  0.355711  0.364509  0.376859  0.390397  0.403482  0.41597  0.42958  0.44779  0.475084  0.515326  0.569307  0.632321  0.693409  0.737822  0.752627  
0.734904  0.720812  0.678533  0.620796  0.561989  0.512537  0.476525  0.452608  0.436553  0.423696  0.410542  0.395528  0.379206  0.363906  0.352843  0.34879  0.352843  0.363906  0.379206  0.395528  0.410542  0.423696  0.436553  0.452608  0.476525  0.512537  0.561989  0.620796  0.678533  0.720812  0.734904  
0.719174  0.706013  0.666529  0.61287  0.558693  0.513713  0.481459  0.460246  0.445681  0.433026  0.418755  0.401392  0.381844  0.363156  0.349491  0.344459  0.349491  0.363156  0.381844  0.401392  0.418755  0.433026  0.445681  0.460246  0.481459  0.513713  0.558693  0.61287  0.666529  0.706013  0.719174  
0.705303  0.69322  0.65697  0.607834  0.558469  0.517779  0.488827  0.469774  0.456215  0.443389  0.427696  0.407674  0.38454  0.362083  0.345511  0.339382  0.345511  0.362083  0.38454  0.407674  0.427696  0.443389  0.456215  0.469774  0.488827  0.517779  0.558469  0.607834  0.65697  0.69322  0.705303  
0.693144  0.682224  0.649465  0.605081  0.560553  0.523924  0.49788  0.480562  0.46765  0.454379  0.437036  0.414104  0.387079  0.360519  0.340772  0.333441  0.340772  0.360519  0.387079  0.414104  0.437036  0.454379  0.46765  0.480562  0.49788  0.523924  0.560553  0.605081  0.649465  0.682224  0.693144  
0.682548  0.672827  0.643665  0.604098  0.564329  0.531527  0.508064  0.492147  0.4796  0.46566  0.446466  0.420404  0.389224  0.358283  0.335138  0.326521  0.335138  0.358283  0.389224  0.420404  0.446466  0.46566  0.4796  0.492147  0.508064  0.531527  0.564329  0.604098  0.643665  0.672827  0.682548  
0.673365  0.664839  0.639263  0.604453  0.569295  0.540094  0.518942  0.504157  0.491733  0.476911  0.455666  0.426266  0.390707  0.35517  0.328466  0.318502  0.328466  0.35517  0.390707  0.426266  0.455666  0.476911  0.491733  0.504157  0.518942  0.540094  0.569295  0.604453  0.639263  0.664839  0.673365  
0.665451  0.658086  0.635992  0.605779  0.575037  0.549216  0.530147  0.516264  0.503734  0.487803  0.464285  0.431336  0.391219  0.350948  0.3206  0.309261  0.3206  0.350948  0.391219  0.431336  0.464285  0.487803  0.503734  0.516264  0.530147  0.549216  0.575037  0.605779  0.635992  0.658086  0.665451  
0.658671  0.652407  0.633617  0.607766  0.5812  0.55854  0.541348  0.528155  0.515278  0.497972  0.471916  0.435202  0.390393  0.345349  0.311371  0.298669  0.311371  0.345349  0.390393  0.435202  0.471916  0.497972  0.515278  0.528155  0.541348  0.55854  0.5812  0.607766  0.633617  0.652407  0.658671  
0.652893  0.647653  0.631934  0.610148  0.587479  0.567749  0.552229  0.539498  0.525996  0.506986  0.478071  0.437365  0.387801  0.338067  0.300595  0.286594  0.300595  0.338067  0.387801  0.437365  0.478071  0.506986  0.525996  0.539498  0.552229  0.567749  0.587479  0.610148  0.631934  0.647653  0.652893  
0.647992  0.643684  0.630762  0.612694  0.593599  0.576538  0.562455  0.549915  0.53543  0.514298  0.482136  0.437217  0.382931  0.328755  0.288075  0.2729  0.288075  0.328755  0.382931  0.437217  0.482136  0.514298  0.53543  0.549915  0.562455  0.576538  0.593599  0.612694  0.630762  0.643684  0.647992  
0.643843  0.640366  0.629933  0.615189  0.599295  0.584583  0.571629  0.558906  0.542961  0.519169  0.483311  0.434002  0.375183  0.317025  0.273607  0.257456  0.273607  0.317025  0.375183  0.434002  0.483311  0.519169  0.542961  0.558906  0.571629  0.584583  0.599295  0.615189  0.629933  0.640366  0.643843  
0.640309  0.63755  0.629271  0.617406  0.604262  0.59147  0.579191  0.565738  0.547674  0.520556  0.480536  0.426783  0.363856  0.302452  0.256985  0.240137  0.256985  0.302452  0.363856  0.426783  0.480536  0.520556  0.547674  0.565738  0.579191  0.59147  0.604262  0.617406  0.629271  0.63755  0.640309  
0.637181  0.635013  0.628511  0.618995  0.608009  0.596507  0.584198  0.569201  0.54815  0.516955  0.472401  0.414407  0.348154  0.284591  0.238014  0.220838  0.238014  0.284591  0.348154  0.414407  0.472401  0.516955  0.54815  0.569201  0.584198  0.596507  0.608009  0.618995  0.628511  0.635013  0.637181  
0.633923  0.632192  0.626997  0.619134  0.609455  0.59828  0.584876  0.567219  0.542162  0.506222  0.457071  0.395511  0.327215  0.263002  0.216525  0.199486  0.216525  0.263002  0.327215  0.395511  0.457071  0.506222  0.542162  0.567219  0.584876  0.59828  0.609455  0.619134  0.626997  0.632192  0.633923  
0.628816  0.627309  0.622787  0.615597  0.606003  0.593779  0.577871  0.556284  0.526341  0.485432  0.432293  0.36858  0.300179  0.237299  0.192407  0.176053  0.192407  0.237299  0.300179  0.36858  0.432293  0.485432  0.526341  0.556284  0.577871  0.593779  0.606003  0.615597  0.622787  0.627309  0.628816  
0.616915  0.615361  0.610698  0.602937  0.591924  0.5771  0.557336  0.530953  0.49601  0.450948  0.395558  0.332117  0.266309  0.207218  0.165627  0.150577  0.165627  0.207218  0.266309  0.332117  0.395558  0.450948  0.49601  0.530953  0.557336  0.5771  0.591924  0.602937  0.610698  0.615361  0.616915  
0.587149  0.585299  0.57975  0.570354  0.556797  0.538503  0.514592  0.483972  0.445595  0.398916  0.344536  0.28495  0.225166  0.172694  0.136271  0.123175  0.136271  0.172694  0.225166  0.28495  0.344536  0.398916  0.445595  0.483972  0.514592  0.538503  0.556797  0.570354  0.57975  0.585299  0.587149  
0.521505  0.519336  0.512828  0.501867  0.486245  0.465643  0.439657  0.407875  0.37005  0.326368  0.277818  0.226655  0.176817  0.133955  0.104566  0.09406  0.104566  0.133955  0.176817  0.226655  0.277818  0.326368  0.37005  0.407875  0.439657  0.465643  0.486245  0.501867  0.512828  0.519336  0.521505  
0.401256  0.399153  0.392843  0.38233  0.367613  0.348694  0.325591  0.298383  0.267287  0.232783  0.195806  0.158004  0.122026  0.0915764  0.0709014  0.0635435  0.0709014  0.0915764  0.122026  0.158004  0.195806  0.232783  0.267287  0.298383  0.325591  0.348694  0.367613  0.38233  0.392843  0.399153  0.401256  
0.2209  0.219562  0.215549  0.208917  0.199754  0.188177  0.174336  0.158422  0.140689  0.121499  0.101398  0.0812418  0.0623396  0.046506  0.035822  0.0320308  0.035822  0.046506  0.0623396  0.0812418  0.101398  0.121499  0.140689  0.158422  0.174336  0.188177  0.199754  0.208917  0.215549  0.219562  0.2209  
0  0  0  0  0  0  0  0  0  0  0  0  0  0  0  0  0  0  0  0  0  0  0  0  0  0  0  0  0  0  0  
