1  1  1  1  1  1  1  1  1  1  1  1  1  1  1  1  1  1  1  1  1  1  1  1  1  1  1  1  1  1  1  
0.976502  0.96915  0.947095  0.914453  0.875854  0.835156  0.795035  0.757168  0.72256  0.691815  0.665312  0.643308  0.625995  0.613517  0.605983  0.603464  0.605983  0.613517  0.625995  0.643308  0.665312  0.691815  0.72256  0.757168  0.795035  0.835156  0.875854  0.914453  0.947095  0.96915  0.976502  
0.953388  0.939165  0.896499  0.834016  0.761504  0.687164  0.616569  0.552868  0.497444  0.450587  0.41202  0.381254  0.357806  0.341296  0.331476  0.328216  0.331476  0.341296  0.357806  0.381254  0.41202  0.450587  0.497444  0.552868  0.616569  0.687164  0.761504  0.834016  0.896499  0.939165  0.953388  
0.93103  0.910812  0.850161  0.762747  0.664159  0.567346  0.480607  0.407712  0.349104  0.303346  0.268302  0.241917  0.222599  0.209311  0.201495  0.19891  0.201495  0.209311  0.222599  0.241917  0.268302  0.303346  0.349104  0.407712  0.480607  0.567346  0.664159  0.762747  0.850161  0.910812  0.93103  
0.90978  0.884693  0.809431  0.703057  0.587207  0.479339  0.38951  0.320601  0.270589  0.23524  0.21018  0.192003  0.178615  0.169085  0.163255  0.161279  0.163255  0.169085  0.178615  0.192003  0.21018  0.23524  0.270589  0.320601  0.38951  0.479339  0.587207  0.703057  0.809431  0.884693  0.90978  
0.889947  0.861214  0.775016  0.65572  0.530612  0.420687  0.33628  0.277907  0.240175  0.215992  0.199332  0.186344  0.175365  0.166398  0.160349  0.158195  0.160349  0.166398  0.175365  0.186344  0.199332  0.215992  0.240175  0.277907  0.33628  0.420687  0.530612  0.65572  0.775016  0.861214  0.889947  
0.871776  0.840601  0.747073  0.62029  0.492208  0.385998  0.310933  0.264401  0.23775  0.221776  0.209704  0.197955  0.185788  0.174495  0.166339  0.16335  0.166339  0.174495  0.185788  0.197955  0.209704  0.221776  0.23775  0.264401  0.310933  0.385998  0.492208  0.62029  0.747073  0.840601  0.871776  
0.855443  0.822925  0.72537  0.595625  0.468999  0.369529  0.304651  0.268729  0.25063  0.239925  0.229646  0.216656  0.201141  0.185744  0.174266  0.170006  0.174266  0.185744  0.201141  0.216656  0.229646  0.239925  0.25063  0.268729  0.304651  0.369529  0.468999  0.595625  0.72537  0.822925  0.855443  
0.841051  0.808147  0.709438  0.580306  0.458013  0.366458  0.311088  0.283898  0.272186  0.264876  0.254886  0.23933  0.219152  0.198385  0.182625  0.17673  0.182625  0.198385  0.219152  0.23933  0.254886  0.264876  0.272186  0.283898  0.311088  0.366458  0.458013  0.580306  0.709438  0.808147  0.841051  
0.82864  0.796155  0.698699  0.572906  0.456693  0.373178  0.326099  0.305919  0.29909  0.294126  0.28366  0.264757  0.238947  0.21174  0.190822  0.182951  0.190822  0.21174  0.238947  0.264757  0.28366  0.294126  0.29909  0.305919  0.326099  0.373178  0.456693  0.572906  0.698699  0.796155  0.82864  
0.818202  0.786788  0.692545  0.57212  0.462984  0.387129  0.347062  0.332488  0.329512  0.326282  0.314916  0.292154  0.25996  0.225391  0.198524  0.188362  0.198524  0.225391  0.25996  0.292154  0.314916  0.326282  0.329512  0.332488  0.347062  0.387129  0.462984  0.57212  0.692545  0.786788  0.818202  
0.809696  0.779867  0.690381  0.576812  0.475287  0.406524  0.372299  0.362191  0.362284  0.360357  0.347822  0.32086  0.281708  0.239012  0.20551  0.192779  0.20551  0.239012  0.281708  0.32086  0.347822  0.360357  0.362284  0.362191  0.372299  0.406524  0.475287  0.576812  0.690381  0.779867  0.809696  
0.803052  0.775202  0.69165  0.586005  0.492361  0.430099  0.400703  0.39409  0.396567  0.395558  0.381645  0.350253  0.303724  0.252304  0.211607  0.196076  0.211607  0.252304  0.303724  0.350253  0.381645  0.395558  0.396567  0.39409  0.400703  0.430099  0.492361  0.586005  0.69165  0.775202  0.803052  
0.798191  0.772603  0.695841  0.598864  0.513222  0.456935  0.431505  0.427528  0.431724  0.431222  0.415719  0.379727  0.325539  0.264968  0.216665  0.198161  0.216665  0.264968  0.325539  0.379727  0.415719  0.431222  0.431724  0.427528  0.431505  0.456935  0.513222  0.598864  0.695841  0.772603  0.798191  
0.795024  0.77189  0.702487  0.614666  0.537068  0.486321  0.464141  0.462021  0.467261  0.466793  0.449437  0.408693  0.346667  0.276693  0.220537  0.198957  0.220537  0.276693  0.346667  0.408693  0.449437  0.466793  0.467261  0.462021  0.464141  0.486321  0.537068  0.614666  0.702487  0.77189  0.795024  
0.793461  0.772887  0.711165  0.632769  0.563208  0.51767  0.49816  0.497191  0.502782  0.501799  0.482244  0.436567  0.3666  0.287145  0.223076  0.198396  0.223076  0.287145  0.3666  0.436567  0.482244  0.501799  0.502782  0.497191  0.49816  0.51767  0.563208  0.632769  0.711165  0.772887  0.793461  
0.793411  0.77543  0.72149  0.652596  0.59102  0.550447  0.533153  0.532707  0.537951  0.535824  0.513612  0.462755  0.384802  0.295964  0.224125  0.196413  0.224125  0.295964  0.384802  0.462755  0.513612  0.535824  0.537951  0.532707  0.533153  0.550447  0.59102  0.652596  0.72149  0.77543  0.793411  
0.794783  0.779364  0.733106  0.673612  0.619912  0.584124  0.568701  0.56823  0.572437  0.568459  0.543008  0.486637  0.400692  0.302758  0.223521  0.192945  0.223521  0.302758  0.400692  0.486637  0.543008  0.568459  0.572437  0.56823  0.568701  0.584124  0.619912  0.673612  0.733106  0.779364  0.794783  
0.797487  0.784536  0.745685  0.695314  0.649302  0.618143  0.604332  0.603366  0.605861  0.599253  0.569847  0.507525  0.413627  0.3071  0.221089  0.187929  0.221089  0.3071  0.413627  0.507525  0.569847  0.599253  0.605861  0.603366  0.604332  0.618143  0.649302  0.695314  0.745685  0.784536  0.797487  
0.801425  0.7908  0.758922  0.717222  0.678601  0.651901  0.639489  0.63762  0.63774  0.627644  0.593419  0.524616  0.422885  0.30852  0.216642  0.181303  0.216642  0.30852  0.422885  0.524616  0.593419  0.627644  0.63774  0.63762  0.639489  0.651901  0.678601  0.717222  0.758922  0.7908  0.801425  
0.806491  0.797999  0.772525  0.738874  0.707211  0.684732  0.67351  0.670354  0.667416  0.652864  0.612807  0.53693  0.427631  0.306503  0.209989  0.173008  0.209989  0.306503  0.427631  0.53693  0.612807  0.652864  0.667416  0.670354  0.67351  0.684732  0.707211  0.738874  0.772525  0.797999  0.806491  
0.812547  0.80596  0.786199  0.759814  0.734516  0.715908  0.705605  0.700731  0.693954  0.673806  0.626747  0.543226  0.42689  0.30049  0.200931  0.162989  0.200931  0.30049  0.42689  0.543226  0.626747  0.673806  0.693954  0.700731  0.705605  0.715908  0.734516  0.759814  0.786199  0.80596  0.812547  
0.819401  0.814457  0.799625  0.779568  0.759865  0.744605  0.734793  0.727588  0.715942  0.688796  0.633455  0.541907  0.419525  0.289883  0.189281  0.151204  0.189281  0.289883  0.419525  0.541907  0.633455  0.688796  0.715942  0.727588  0.734793  0.744605  0.759865  0.779568  0.799625  0.814457  0.819401  
0.826741  0.823153  0.81239  0.79758  0.782489  0.769784  0.759688  0.749102  0.731083  0.695215  0.630375  0.530922  0.404235  0.274073  0.174867  0.137629  0.174867  0.274073  0.404235  0.530922  0.630375  0.695215  0.731083  0.749102  0.759688  0.769784  0.782489  0.79758  0.81239  0.823153  0.826741  
0.834  0.831454  0.823819  0.81299  0.801182  0.789694  0.777803  0.761954  0.735391  0.688921  0.6139  0.507715  0.379595  0.252479  0.157563  0.122269  0.157563  0.252479  0.379595  0.507715  0.6139  0.688921  0.735391  0.761954  0.777803  0.789694  0.801182  0.81299  0.823819  0.831454  0.834  
0.839759  0.83786  0.832161  0.823536  0.812843  0.800078  0.783586  0.759525  0.721882  0.663573  0.579212  0.469315  0.344187  0.224635  0.137317  0.105173  0.137317  0.224635  0.344187  0.469315  0.579212  0.663573  0.721882  0.759525  0.783586  0.800078  0.812843  0.823536  0.832161  0.83786  0.839759  
0.837283  0.835409  0.829784  0.820481  0.807301  0.789298  0.764377  0.729135  0.679203  0.610353  0.520567  0.412728  0.296869  0.190307  0.114187  0.0864465  0.114187  0.190307  0.296869  0.412728  0.520567  0.610353  0.679203  0.729135  0.764377  0.789298  0.807301  0.820481  0.829784  0.835409  0.837283  
0.800191  0.797619  0.789901  0.776743  0.757557  0.731291  0.696348  0.65067  0.592126  0.519278  0.432575  0.335787  0.237196  0.149653  0.0883891  0.0662675  0.0883891  0.149653  0.237196  0.335787  0.432575  0.519278  0.592126  0.65067  0.696348  0.731291  0.757557  0.776743  0.789901  0.797619  0.800191  
0.671269  0.66801  0.658232  0.641785  0.618407  0.58771  0.549204  0.502399  0.447016  0.383348  0.312779  0.238457  0.165946  0.103382  0.0603259  0.0448953  0.0603259  0.103382  0.165946  0.238457  0.312779  0.383348  0.447016  0.502399  0.549204  0.58771  0.618407  0.641785  0.658232  0.66801  0.671269  
0.396286  0.393781  0.386267  0.373814  0.356529  0.334556  0.308081  0.27736  0.242772  0.204922  0.164814  0.124125  0.0855283  0.0528478  0.0306033  0.0226704  0.0306033  0.0528478  0.0855283  0.124125  0.164814  0.204922  0.242772  0.27736  0.308081  0.334556  0.356529  0.373814  0.386267  0.393781  0.396286  
0  0  0  0  0  0  0  0  0  0  0  0  0  0  0  0  0  0  0  0  0  0  0  0  0  0  0  0  0  0  0  
