1  1  1  1  1  1  1  1  1  1  1  1  1  1  1  1  1  1  1  1  1  1  1  1  1  1  1  1  1  1  1  
-243057  -95785.9  346029  -539323  700050  -837212  951441  -1.04175e+06  1.10784e+06  -1.1504e+06  1.17102e+06  -1.172e+06  1.15622e+06  -1.12681e+06  1.08689e+06  -1.03934e+06  986582  -930446  872155  -812348  751201  -688530  623936  -556887  486842  -413306  335824  -253075  159926  -43920  -111868  
476475  187744  -678452  1.05229e+06  -1.35445e+06  1.60167e+06  -1.79544e+06  1.93512e+06  -2.02219e+06  2.06054e+06  -2.05604e+06  2.01608e+06  -1.94893e+06  1.86314e+06  -1.76677e+06  1.66668e+06  -1.56801e+06  1.47393e+06  -1.38562e+06  1.30251e+06  -1.22268e+06  1.14323e+06  -1.0607e+06  971392  -871736  758712  -630112  483136  -308724  85034.1  216287  
-692179  -272579  986220  -1.51933e+06  1.93301e+06  -2.25142e+06  2.47926e+06  -2.61968e+06  2.67933e+06  -2.66799e+06  2.59768e+06  -2.48206e+06  2.33583e+06  -2.17372e+06  2.00935e+06  -1.85394e+06  1.7154e+06  -1.59787e+06  1.50187e+06  -1.42488e+06  1.36208e+06  -1.307e+06  1.25199e+06  -1.18839e+06  1.10698e+06  -998841  856657  -673889  437784  -121043  -307318  
884605  347897  -1.26223e+06  1.93082e+06  -2.42661e+06  2.78333e+06  -3.01361e+06  3.1285e+06  -3.14181e+06  3.06893e+06  -2.92635e+06  2.73211e+06  -2.50576e+06  2.26745e+06  -2.03605e+06  1.82713e+06  -1.65119e+06  1.51307e+06  -1.41238e+06  1.3448e+06  -1.3035e+06  1.28007e+06  -1.26467e+06  1.24543e+06  -1.20772e+06  1.13476e+06  -1.01006e+06  818845  -542353  150492  381441  
-1.05075e+06  -412246  1.50326e+06  -2.28579e+06  2.84214e+06  -3.21918e+06  3.44193e+06  -3.53112e+06  3.50597e+06  -3.38371e+06  3.18158e+06  -2.91945e+06  2.62086e+06  -2.31169e+06  2.01703e+06  -1.75749e+06  1.54634e+06  -1.38845e+06  1.28143e+06  -1.21812e+06  1.18943e+06  -1.18609e+06  1.1987e+06  -1.2159e+06  1.22135e+06  -1.19206e+06  1.10072e+06  -920043  621476  -172794  -437551  
1.18966e+06  465003  -1.70897e+06  2.58845e+06  -3.19341e+06  3.58657e+06  -3.80714e+06  3.8836e+06  -3.8361e+06  3.67927e+06  -3.42839e+06  3.10461e+06  -2.73643e+06  2.35724e+06  -2.00018e+06  1.69223e+06  -1.44961e+06  1.27639e+06  -1.16646e+06  1.10795e+06  -1.08784e+06  1.09521e+06  -1.12183e+06  1.15948e+06  -1.19445e+06  1.20193e+06  -1.14575e+06  984550  -676924  188096  476436  
-1.3017e+06  -506127  1.88059e+06  -2.84468e+06  3.49393e+06  -3.90725e+06  4.13665e+06  -4.21439e+06  4.15718e+06  -3.97447e+06  3.67913e+06  -3.29453e+06  2.85567e+06  -2.40515e+06  1.98567e+06  -1.63151e+06  1.36199e+06  -1.17953e+06  1.07294e+06  -1.02398e+06  1.01421e+06  -1.02973e+06  1.06264e+06  -1.10833e+06  1.15811e+06  -1.18961e+06  1.16187e+06  -1.02099e+06  711937  -197009  -499991  
1.38792e+06  535962  -2.01993e+06  3.05979e+06  -3.7535e+06  4.19388e+06  -4.44245e+06  4.53138e+06  -4.47154e+06  4.26681e+06  -3.92842e+06  3.48293e+06  -2.97275e+06  2.45061e+06  -1.96969e+06  1.5722e+06  -1.28051e+06  1.09468e+06  -997305  962775  -966456  990791  -1.02732e+06  1.07418e+06  -1.12801e+06  1.17119e+06  -1.16195e+06  1.0373e+06  -730167  200405  510595  
-1.44964e+06  -555050  2.12873e+06  -3.23752e+06  3.97754e+06  -4.4514e+06  4.72631e+06  -4.83187e+06  4.77265e+06  -4.54778e+06  4.16768e+06  -3.66247e+06  3.08218e+06  -2.48996e+06  1.94997e+06  -1.51275e+06  1.20364e+06  -1.01965e+06  936260  -919851  939405  -973664  1.01329e+06  -1.05827e+06  1.10966e+06  -1.15505e+06  1.15446e+06  -1.03973e+06  735042  -199215  -510634  
1.4882e+06  564060  -2.20837e+06  3.37986e+06  -4.16783e+06  4.67959e+06  -4.98461e+06  5.10886e+06  -5.05147e+06  4.80793e+06  -4.38833e+06  3.82626e+06  -3.17903e+06  2.52016e+06  -1.92488e+06  1.45225e+06  -1.13042e+06  952760  -886962  891079  -927859  972722  -1.01554e+06  1.0576e+06  -1.10316e+06  1.14432e+06  -1.14411e+06  1.03267e+06  -729435  194347  502274  
-1.50489e+06  -563708  2.25985e+06  -3.48734e+06  4.32358e+06  -4.87527e+06  5.21134e+06  -5.3542e+06  5.29884e+06  -5.03821e+06  4.5823e+06  -3.96781e+06  3.25879e+06  -2.53857e+06  1.89321e+06  -1.39017e+06  1.06019e+06  -892576  846814  -872645  927041  -982641  1.02883e+06  -1.06785e+06  1.10613e+06  -1.13905e+06  1.13293e+06  -1.01884e+06  715602  -186600  -487334  
1.50096e+06  554768  -2.2838e+06  3.55943e+06  -4.44238e+06  5.03378e+06  -5.39979e+06  5.55985e+06  -5.50623e+06  5.2303e+06  -4.74217e+06  4.08118e+06  -3.31734e+06  2.54289e+06  -1.85403e+06  1.3262e+06  -992475  837799  -813384  861036  -932621  998662  -1.04834e+06  1.08466e+06  -1.11527e+06  1.13767e+06  -1.12115e+06  999720  -695207  176672  467298  
-1.47763e+06  -538047  2.2807e+06  -3.59492e+06  4.52096e+06  -5.14988e+06  5.54335e+06  -5.71839e+06  5.66599e+06  -5.37681e+06  4.86127e+06  -4.16098e+06  3.35097e+06  -2.53115e+06  1.80666e+06  -1.2602e+06  926894  -787225  784417  -853036  940747  -1.01661e+06  1.06986e+06  -1.10397e+06  1.12711e+06  -1.13781e+06  1.10794e+06  -975867  669439  -165138  -443330  
1.43622e+06  514423  -2.25097e+06  3.59237e+06  -4.55572e+06  5.21833e+06  -5.63578e+06  5.82321e+06  -5.77141e+06  5.47123e+06  -4.93374e+06  4.2025e+06  -3.35651e+06  2.50172e+06  -1.75062e+06  1.19217e+06  -863144  739750  -757834  845761  -948016  1.03285e+06  -1.08968e+06  1.12214e+06  -1.13826e+06  1.13681e+06  -1.09187e+06  947261  -639118  152485  416352  
-1.37815e+06  -484822  2.19516e+06  -3.55036e+06  4.54311e+06  -5.23412e+06  5.6714e+06  -5.86843e+06  5.81668e+06  -5.50803e+06  4.95463e+06  -4.20179e+06  3.33134e+06  -2.45335e+06  1.68566e+06  -1.12218e+06  800977  -694362  731772  -836651  951465  -1.04424e+06  1.10457e+06  -1.13589e+06  1.14551e+06  -1.13191e+06  1.07123e+06  -913533  604821  -139108  -387084  
1.30502e+06  450247  -2.11408e+06  3.46783e+06  -4.47995e+06  5.19266e+06  -5.64509e+06  5.8489e+06  -5.79682e+06  5.48257e+06  -4.91992e+06  4.15578e+06  -3.27354e+06  2.38523e+06  -1.61172e+06  1.05038e+06  -740191  650172  -704594  823498  -948519  1.048e+06  -1.11161e+06  1.14216e+06  -1.14581e+06  1.1204e+06  -1.04421e+06  874181  -566968  125349  356122  
-1.21866e+06  -411755  2.00896e+06  -3.34428e+06  4.36369e+06  -5.09001e+06  5.55237e+06  -5.76014e+06  5.70767e+06  -5.39117e+06  4.82664e+06  -4.06235e+06  3.18195e+06  -2.29702e+06  1.52897e+06  -976975  680629  -606411  674930  -804450  936994  -1.04168e+06  1.10813e+06  -1.13811e+06  1.13627e+06  -1.09974e+06  1.00915e+06  -828700  525925  -111491  -323963  
1.12109e+06  370454  -1.88146e+06  3.18004e+06  -4.19269e+06  4.92309e+06  -5.3895e+06  5.59847e+06  -5.54597e+06  5.23126e+06  -4.67299e+06  3.92055e+06  -3.05628e+06  2.18889e+06  -1.43776e+06  902231  -622171  562470  -641700  778052  -915092  1.02316e+06  -1.0917e+06  1.12108e+06  -1.11422e+06  1.06763e+06  -964580  776735  -482047  97788.1  291067  
-1.01458e+06  -327472  1.73385e+06  -2.97647e+06  3.96658e+06  -4.69003e+06  5.15389e+06  -5.36128e+06  5.30964e+06  -5.00157e+06  4.45861e+06  -3.73069e+06  2.89722e+06  -2.06157e+06  1.33867e+06  -826436  564745  -517896  604155  -743276  881471  -990710  1.06019e+06  -1.08868e+06  1.07731e+06  -1.02216e+06  909448  -718161  435760  -84456  -257861  
901594  283940  -1.56902e+06  2.73622e+06  -3.68664e+06  4.39069e+06  -4.84459e+06  5.04758e+06  -4.9983e+06  4.70267e+06  -4.18492e+06  3.49464e+06  -2.70651e+06  1.91634e+06  -1.23247e+06  749913  -508314  472422  -561892  699597  -835330  943112  -1.01196e+06  1.03904e+06  -1.02373e+06  962028  -843211  653198  -387577  71695.1  224786  
-784767  -240946  1.39052e+06  -2.46341e+06  3.35624e+06  -4.02728e+06  4.46306e+06  -4.6588e+06  4.61398e+06  -4.33746e+06  3.85549e+06  -3.21595e+06  2.48703e+06  -1.75505e+06  1.1201e+06  -672987  452878  -425952  514890  -647036  776552  -879894  946156  -971053  952537  -886720  766014  -582466  338149  -59672.7  -192280  
666866  199511  -1.20255e+06  2.16388e+06  -2.9813e+06  3.60515e+06  -4.01411e+06  4.1998e+06  -4.16208e+06  3.91198e+06  -3.47646e+06  2.90004e+06  -2.24272e+06  1.58005e+06  -1.00262e+06  595986  -398463  378568  -463498  586219  -705822  801563  -862981  884795  -863896  796803  -678816  507071  -288263  48542.4  160811  
-550726  -160541  1.01001e+06  -1.84528e+06  2.57081e+06  -3.13356e+06  3.50704e+06  -3.68002e+06  3.65238e+06  -3.43602e+06  3.05687e+06  -2.55418e+06  1.97854e+06  -1.39407e+06  881193  -519208  345114  -330494  408416  -518373  624735  -709807  764072  -781841  759487  -694122  583524  -428622  238870  -38422.8  -130854  
439221  124821  -818380  1.51725e+06  -2.1372e+06  2.62654e+06  -2.95662e+06  3.11456e+06  -3.0998e+06  2.92353e+06  -2.60854e+06  2.18725e+06  -1.70018e+06  1.20009e+06  -756983  442914  -292871  282065  -350618  445269  -535770  607613  -652673  665566  -642713  581985  -483049  349268  -191063  29416  102909  
-335220  -92982.1  633732  -1.19144e+06  1.69671e+06  -2.10337e+06  2.3838e+06  -2.52471e+06  2.52457e+06  -2.39223e+06  2.14555e+06  -1.8091e+06  1.41357e+06  -1.00107e+06  631089  -367297  241756  -233660  291243  -369038  442133  -499128  533638  -541182  518803  -465207  381340  -271666  146085  -21589.5  -77481.1  
241599  65534.9  -462656  881404  -1.26914e+06  1.58841e+06  -1.8152e+06  1.93693e+06  -1.95073e+06  1.86196e+06  -1.6826e+06  1.42942e+06  -1.12429e+06  799701  -504450  292475  -191747  185641  -231417  291900  -347336  389211  -412954  415383  -394518  349924  -283228  198928  -105295  14998.5  55096.2  
-161049  -42834.5  311808  -601531  876100  -1.10834e+06  1.27956e+06  -1.37886e+06  1.40216e+06  -1.35125e+06  1.23257e+06  -1.05624e+06  836806  -598077  377765  -218462  142762  -138262  172074  -215754  254559  -282508  296678  -295201  277144  -242767  193894  -134297  70057.7  -9664.13  -36238.1  
95289.3  24940.8  -186105  363199  -535055  684694  -799519  871264  -895697  872219  -803323  694232  -553706  397483  -251438  145178  -94642.6  91622.4  -113761  141782  -165857  182207  -189198  185984  -172378  148994  -117392  80225.9  -41304.3  5553.11  21172.3  
-43335.3  -11217.5  85135.8  -167640  249291  -322127  379848  -417916  433574  -425779  395088  -343578  275350  -198275  125569  -72441.4  47154.5  -45624.6  56537.2  -70146.7  81529.4  -88855.4  91423.4  -88963.2  81565.7  -69710.8  54310.1  -36715.5  18714.7  -2471.33  -9533.34  
0  0  0  0  0  0  0  0  0  0  0  0  0  0  0  0  0  0  0  0  0  0  0  0  0  0  0  0  0  0  0  
