1  1  1  1  1  1  1  1  1  1  1  1  1  1  1  1  1  1  1  1  1  1  1  1  1  1  1  1  1  1  1  
-9.53705e+12  -3.7568e+12  1.35839e+13  -2.12102e+13  2.76042e+13  -3.31295e+13  3.78207e+13  -4.16484e+13  4.46073e+13  -4.67265e+13  4.80662e+13  -4.87108e+13  4.87611e+13  -4.83238e+13  4.75011e+13  -4.63805e+13  4.50274e+13  -4.34812e+13  4.17553e+13  -3.98409e+13  3.77127e+13  -3.53358e+13  3.26732e+13  -2.96907e+13  2.63627e+13  -2.2675e+13  1.86216e+13  -1.41507e+13  8.99423e+12  -2.47767e+12  -6.30164e+12  
1.86657e+13  7.35284e+12  -2.65856e+13  4.12774e+13  -5.32124e+13  6.30606e+13  -7.09018e+13  7.67354e+13  -8.06432e+13  8.27956e+13  -8.34329e+13  8.2845e+13  -8.13483e+13  7.92578e+13  -7.68582e+13  7.43754e+13  -7.19563e+13  6.9659e+13  -6.74559e+13  6.5247e+13  -6.28803e+13  6.01727e+13  -5.69307e+13  5.29678e+13  -4.81212e+13  4.22715e+13  -3.53487e+13  2.72409e+13  -1.74673e+13  4.81981e+12  1.22488e+13  
-2.70471e+13  -1.06513e+13  3.85359e+13  -5.93615e+13  7.55172e+13  -8.7967e+13  9.69397e+13  -1.02617e+14  1.05318e+14  -1.05474e+14  1.03588e+14  -1.0021e+14  9.59124e+13  -9.12547e+13  8.67332e+13  -8.27321e+13  7.94838e+13  -7.70529e+13  7.53452e+13  -7.41374e+13  7.31157e+13  -7.19097e+13  7.0117e+13  -6.73184e+13  6.30964e+13  -5.70758e+13  4.89719e+13  -3.85111e+13  2.50103e+13  -6.91414e+12  -1.75556e+13  
3.44532e+13  1.35545e+13  -4.91416e+13  7.50637e+13  -9.41485e+13  1.07751e+14  -1.16457e+14  1.20814e+14  -1.21467e+14  1.19096e+14  -1.1439e+14  1.08073e+14  -1.00906e+14  9.3655e+13  -8.70175e+13  8.15357e+13  -7.75259e+13  7.50504e+13  -7.39409e+13  7.38592e+13  -7.43671e+13  7.49785e+13  -7.51727e+13  7.43731e+13  -7.192e+13  6.70939e+13  -5.92133e+13  4.76401e+13  -3.1388e+13  8.68609e+12  2.20441e+13  
-4.07692e+13  -1.60065e+13  5.82817e+13  -8.83714e+13  1.09449e+14  -1.23422e+14  1.31432e+14  -1.34467e+14  1.33424e+14  -1.29063e+14  1.22093e+14  -1.13299e+14  1.03587e+14  -9.3944e+13  8.53117e+13  -7.8428e+13  7.37036e+13  -7.1175e+13  7.05531e+13  -7.13403e+13  7.29629e+13  -7.48645e+13  7.65217e+13  -7.73687e+13  7.66673e+13  -7.34292e+13  6.65016e+13  -5.46891e+13  3.65349e+13  -1.01011e+13  -2.56464e+13  
4.59696e+13  1.79868e+13  -6.59616e+13  9.95005e+13  -1.22067e+14  1.36249e+14  -1.43815e+14  1.46115e+14  -1.44094e+14  1.38395e+14  -1.2963e+14  1.18614e+14  -1.06443e+14  9.44035e+13  -8.37628e+13  7.55158e+13  -7.01845e+13  6.77473e+13  -6.77238e+13  6.93718e+13  -7.1907e+13  7.46666e+13  -7.71539e+13  7.89325e+13  -7.93809e+13  7.74382e+13  -7.15679e+13  5.99448e+13  -4.05091e+13  1.11577e+13  2.838e+13  
-5.00863e+13  -1.95005e+13  7.22566e+13  -1.08741e+14  1.3264e+14  -1.47235e+14  1.54868e+14  -1.57064e+14  1.54626e+14  -1.47968e+14  1.37582e+14  -1.24355e+14  1.0964e+14  -9.50965e+13  8.23853e+13  -7.28061e+13  6.7004e+13  -6.48701e+13  6.56743e+13  -6.83586e+13  7.18589e+13  -7.53445e+13  7.83084e+13  -8.04621e+13  8.14109e+13  -8.02122e+13  7.51258e+13  -6.37648e+13  4.34351e+13  -1.1877e+13  -3.03144e+13  
5.31792e+13  2.05679e+13  -7.72657e+13  1.16356e+14  -1.41633e+14  1.56981e+14  -1.65162e+14  1.67705e+14  -1.65165e+14  1.57707e+14  -1.45741e+14  1.30271e+14  -1.12941e+14  9.58246e+13  -8.10186e+13  7.01595e+13  -6.40219e+13  6.23844e+13  -6.42227e+13  6.81187e+13  -7.2693e+13  7.69136e+13  -8.02225e+13  8.24431e+13  -8.34203e+13  8.24353e+13  -7.77197e+13  6.6477e+13  -4.54575e+13  1.22924e+13  3.15424e+13  
-5.53178e+13  -2.12175e+13  8.10836e+13  -1.22537e+14  1.49319e+14  -1.65742e+14  1.74813e+14  -1.77956e+14  1.75456e+14  -1.6727e+14  1.5376e+14  -1.36063e+14  1.16123e+14  -9.64389e+13  7.95682e+13  -6.75066e+13  6.1162e+13  -6.01778e+13  6.32001e+13  -6.84239e+13  7.4144e+13  -7.91248e+13  8.27419e+13  -8.48915e+13  8.56182e+13  -8.44466e+13  7.96964e+13  -6.83353e+13  4.67123e+13  -1.24418e+13  -3.21598e+13  
5.65702e+13  2.14809e+13  -8.37869e+13  1.27398e+14  -1.55809e+14  1.7354e+14  -1.83696e+14  1.87546e+14  -1.85138e+14  1.76273e+14  -1.61289e+14  1.4145e+14  -1.18986e+14  9.68174e+13  -7.79682e+13  6.48069e+13  -5.8375e+13  5.8162e+13  -6.2459e+13  6.90619e+13  -7.59465e+13  8.16889e+13  -8.5603e+13  8.76328e+13  -8.79711e+13  8.63525e+13  -8.12373e+13  6.95114e+13  -4.73131e+13  1.2363e+13  3.2255e+13  
-5.69993e+13  -2.13915e+13  8.54321e+13  -1.30984e+14  1.61093e+14  -1.80266e+14  1.9158e+14  -1.96148e+14  1.9384e+14  -1.8435e+14  1.68001e+14  -1.4617e+14  1.21349e+14  -9.68545e+13  7.617e+13  -6.20364e+13  5.56259e+13  -5.62608e+13  6.18643e+13  -6.98363e+13  7.78543e+13  -8.4331e+13  8.85325e+13  -9.04369e+13  9.0337e+13  -8.81231e+13  8.24043e+13  -7.01052e+13  4.73477e+13  -1.20912e+13  -3.19041e+13  
5.66629e+13  2.09826e+13  -8.60585e+13  1.3329e+14  -1.65091e+14  1.85744e+14  -1.982e+14  2.0344e+14  -2.0122e+14  1.91165e+14  -1.73595e+14  1.49981e+14  -1.23043e+14  9.64575e+13  -7.41367e+13  5.91817e+13  -5.28889e+13  5.44062e+13  -6.12906e+13  7.05657e+13  -7.96434e+13  8.68035e+13  -9.12788e+13  9.30718e+13  -9.25348e+13  8.96574e+13  -8.3182e+13  7.01622e+13  -4.68802e+13  1.16579e+13  3.11707e+13  
-5.56156e+13  -2.02883e+13  8.56937e+13  -1.34282e+14  1.67681e+14  -1.89768e+14  2.03292e+14  -2.09125e+14  2.06969e+14  -1.96419e+14  1.77802e+14  -1.52666e+14  1.2392e+14  -9.5546e+13  7.18409e+13  -5.62367e+13  5.01441e+13  -5.2537e+13  6.06228e+13  -7.10851e+13  8.11136e+13  -8.88875e+13  9.36188e+13  -9.53234e+13  9.43778e+13  -9.08214e+13  8.35089e+13  -6.96902e+13  4.59565e+13  -1.10915e+13  -3.01075e+13  
5.39116e+13  1.93435e+13  -8.4361e+13  1.33908e+14  -1.68725e+14  1.92129e+14  -2.06605e+14  2.12938e+14  -2.10819e+14  1.99853e+14  -1.80385e+14  1.54032e+14  -1.23846e+14  9.40525e+13  -6.92633e+13  5.32009e+13  -4.73762e+13  5.05985e+13  -5.97572e+13  7.12475e+13  -8.20889e+13  9.03929e+13  -9.53579e+13  9.69993e+13  -9.56868e+13  9.14699e+13  -8.32993e+13  6.86736e+13  -4.46093e+13  1.04173e+13  2.87595e+13  
-5.16077e+13  -1.81845e+13  8.20851e+13  -1.32116e+14  1.68082e+14  -1.92627e+14  2.07912e+14  -2.14642e+14  2.12536e+14  -2.01241e+14  1.81144e+14  -1.53917e+14  1.22714e+14  -9.19239e+13  6.63923e+13  -5.00775e+13  4.45742e+13  -4.85434e+13  5.8603e+13  -7.09249e+13  8.24169e+13  -9.11547e+13  9.63256e+13  -9.79269e+13  9.62935e+13  -9.14576e+13  8.24582e+13  -6.7086e+13  4.28641e+13  -9.65848e+12  -2.7166e+13  
4.87654e+13  1.68494e+13  -7.88987e+13  1.28864e+14  -1.65625e+14  1.91076e+14  -2.07003e+14  2.14028e+14  -2.11919e+14  2.00397e+14  -1.79912e+14  1.52191e+14  -1.2044e+14  8.91229e+13  -6.32242e+13  4.68733e+13  -4.17303e+13  4.63325e+13  -5.70846e+13  7.00099e+13  -8.19684e+13  9.10307e+13  -9.63713e+13  9.79494e+13  -9.60413e+13  9.06452e+13  -8.0892e+13  6.48988e+13  -4.07436e+13  8.83667e+12  2.53634e+13  
-4.54524e+13  -1.53775e+13  7.4847e+13  -1.2413e+14  1.61247e+14  -1.87314e+14  2.03696e+14  -2.10912e+14  2.08795e+14  -1.97168e+14  1.76565e+14  -1.48764e+14  1.16971e+14  -8.56301e+13  5.97628e+13  -4.35977e+13  3.88408e+13  -4.3936e+13  5.51427e+13  -6.84175e+13  8.0638e+13  -8.98996e+13  9.5361e+13  -9.69233e+13  9.47854e+13  -8.89049e+13  7.85167e+13  -6.20901e+13  3.82723e+13  -7.97241e+12  -2.33873e+13  
4.17439e+13  1.38099e+13  -6.99921e+13  1.17921e+14  -1.54878e+14  1.8121e+14  -1.97833e+14  2.05141e+14  -2.0303e+14  1.91443e+14  -1.71023e+14  1.43588e+14  -1.12286e+14  8.14455e+13  -5.60195e+13  4.02622e+13  -3.59053e+13  4.13344e+13  -5.27372e+13  6.60876e+13  -7.83457e+13  8.7662e+13  -9.31777e+13  9.47195e+13  -9.23958e+13  8.61264e+13  -7.52659e+13  5.86504e+13  -3.54797e+13  7.08539e+12  2.12737e+13  
-3.77226e+13  -1.21878e+13  6.44165e+13  -1.10284e+14  1.46495e+14  -1.72683e+14  1.89303e+14  -1.96601e+14  1.94528e+14  -1.83162e+14  1.63261e+14  -1.36664e+14  1.06401e+14  -7.65896e+13  5.20136e+13  -3.68798e+13  3.29268e+13  -3.85194e+13  4.98488e+13  -6.29878e+13  7.50411e+13  -8.42452e+13  8.97272e+13  -9.12296e+13  8.87654e+13  -8.2225e+13  7.1099e+13  -5.45893e+13  3.24027e+13  -6.19455e+12  -1.90603e+13  
3.34782e+13  1.05523e+13  -5.82253e+13  1.01312e+14  -1.36135e+14  1.61712e+14  -1.78053e+14  1.85238e+14  -1.8326e+14  1.72331e+14  -1.53319e+14  1.2805e+14  -9.93722e+13  7.11045e+13  -4.77712e+13  3.3465e+13  -2.99118e+13  3.54944e+13  -4.64811e+13  5.91185e+13  -7.07109e+13  7.96126e+13  -8.49488e+13  8.63786e+13  -8.38223e+13  7.71538e+13  -6.60101e+13  4.99407e+13  -2.90883e+13  5.3179e+12  1.67866e+13  
-2.91065e+13  -8.9429e+12  5.15478e+13  -9.11556e+13  1.23918e+14  -1.48371e+14  1.64124e+14  -1.71091e+14  1.69289e+14  -1.59048e+14  1.4132e+14  -1.17871e+14  9.12991e+13  -6.50531e+13  4.33247e+13  -3.00322e+13  2.68696e+13  -3.22746e+13  4.2662e+13  -5.45158e+13  6.53863e+13  -7.37772e+13  7.88329e+13  -8.01428e+13  7.75474e+13  -7.09176e+13  6.00378e+13  -4.47674e+13  2.55941e+13  -4.47231e+12  -1.44945e+13  
2.47078e+13  7.39629e+12  -4.45382e+13  8.00262e+13  -1.10059e+14  1.32849e+14  -1.47687e+14  1.54328e+14  -1.52804e+14  1.43526e+14  -1.27483e+14  1.06319e+14  -8.23224e+13  5.85174e+13  -3.87117e+13  2.65959e+13  -2.38119e+13  2.88863e+13  -3.8443e+13  4.92556e+13  -5.91527e+13  6.68166e+13  -7.14408e+13  7.25729e+13  -6.99955e+13  6.3589e+13  -5.32745e+13  3.91656e+13  -2.19898e+13  3.67308e+12  1.22274e+13  
-2.03853e+13  -5.94528e+12  3.73748e+13  -6.82058e+13  9.48866e+13  -1.15487e+14  1.29078e+14  -1.35293e+14  1.34158e+14  -1.26122e+14  1.12137e+14  -9.36603e+13  7.26206e+13  -5.15946e+13  3.39725e+13  -2.31697e+13  2.07516e+13  -2.53645e+13  3.38979e+13  -4.3453e+13  5.21553e+13  -5.88872e+13  6.29266e+13  -6.38181e+13  6.1317e+13  -5.53247e+13  4.58759e+13  -3.32678e+13  1.83568e+13  -2.93358e+12  -1.00304e+13  
1.62434e+13  4.61784e+12  -3.02588e+13  5.60494e+13  -7.88622e+13  9.6802e+13  -1.08843e+14  1.14543e+14  -1.13903e+14  1.07347e+14  -9.57174e+13  8.02188e+13  -6.24001e+13  4.4391e+13  -2.9148e+13  1.97651e+13  -1.7702e+13  2.17505e+13  -2.91171e+13  3.72578e+13  -4.45983e+13  5.02313e+13  -5.35518e+13  5.41457e+13  -5.17775e+13  4.63789e+13  -3.80672e+13  2.72444e+13  -1.47878e+13  2.26495e+12  7.94921e+12  
-1.23867e+13  -3.43677e+12  2.3413e+13  -4.39874e+13  6.25865e+13  -7.7512e+13  8.77622e+13  -9.28673e+13  9.27868e+13  -8.78577e+13  7.87429e+13  -6.63573e+13  5.18782e+13  -3.70131e+13  2.42763e+13  -1.63907e+13  1.46745e+13  -1.80871e+13  2.41993e+13  -3.08424e+13  3.6733e+13  -4.11698e+13  4.36862e+13  -4.39491e+13  4.17672e+13  -3.71114e+13  3.01467e+13  -2.13039e+13  1.13865e+13  -1.67607e+12  -6.03027e+12  
8.91978e+12  2.42005e+12  -1.70791e+13  3.25207e+13  -4.67948e+13  5.85211e+13  -6.68231e+13  7.12486e+13  -7.17024e+13  6.83902e+13  -6.17584e+13  5.24339e+13  -4.12596e+13  2.95576e+13  -1.93899e+13  1.30517e+13  -1.1678e+13  1.44135e+13  -1.92393e+13  2.43803e+13  -2.88279e+13  3.2069e+13  -3.37776e+13  3.3724e+13  -3.17861e+13  2.79774e+13  -2.24801e+13  1.56893e+13  -8.26583e+12  1.17372e+12  4.32023e+12  
-5.94105e+12  -1.58043e+12  1.15014e+13  -2.21798e+13  3.22867e+13  -4.08201e+13  4.70952e+13  -5.07153e+13  5.15373e+13  -4.96321e+13  4.52416e+13  -3.87455e+13  3.07076e+13  -2.20997e+13  1.45121e+13  -9.74892e+12  8.71647e+12  -1.07596e+13  1.43139e+13  -1.80174e+13  2.11218e+13  -2.32746e+13  2.42737e+13  -2.399e+13  2.23733e+13  -1.94733e+13  1.5462e+13  -1.06568e+13  5.53935e+12  -7.62381e+11  -2.86296e+12  
3.51248e+12  9.19449e+11  -6.85965e+12  1.33833e+13  -1.97081e+13  2.52075e+13  -2.94189e+13  3.20402e+13  -3.29188e+13  3.20356e+13  -2.94856e+13  2.5466e+13  -2.03179e+13  1.46848e+13  -9.65542e+12  6.47858e+12  -5.7885e+12  7.14161e+12  -9.46792e+12  1.18414e+13  -1.37643e+13  1.50184e+13  -1.5495e+13  1.51397e+13  -1.39523e+13  1.1996e+13  -9.40759e+12  6.40459e+12  -3.28857e+12  4.41306e+11  1.6846e+12  
-1.59647e+12  -4.13299e+11  3.13621e+12  -6.17415e+12  9.17846e+12  -1.18555e+13  1.39735e+13  -1.53662e+13  1.59331e+13  -1.56375e+13  1.45011e+13  -1.2603e+13  1.01034e+13  -7.32438e+12  4.82082e+12  -3.23271e+12  2.88697e+12  -3.55969e+12  4.70706e+12  -5.85958e+12  6.76805e+12  -7.32822e+12  7.49497e+12  -7.25347e+12  6.6172e+12  -5.63038e+12  4.3698e+12  -2.94528e+12  1.49812e+12  -1.97598e+11  -7.62837e+11  
0  0  0  0  0  0  0  0  0  0  0  0  0  0  0  0  0  0  0  0  0  0  0  0  0  0  0  0  0  0  0  
