1  1  1  1  1  1  1  1  1  1  1  1  1  1  1  1  1  1  1  1  1  1  1  1  1  1  1  1  1  1  1  
3.17205e+19  1.24919e+19  -4.51938e+19  7.06423e+19  -9.20838e+19  1.10747e+20  -1.26768e+20  1.40066e+20  -1.50637e+20  1.58583e+20  -1.64098e+20  1.67451e+20  -1.68955e+20  1.68931e+20  -1.6768e+20  1.65439e+20  -1.6237e+20  1.58537e+20  -1.53918e+20  1.48413e+20  -1.41876e+20  1.34134e+20  -1.25023e+20  1.14401e+20  -1.02175e+20  8.83081e+19  -7.28041e+19  5.54902e+19  -3.53427e+19  9.74648e+18  2.47762e+19  
-6.20224e+19  -2.44283e+19  8.83539e+19  -1.37266e+20  1.7712e+20  -2.1017e+20  2.36725e+20  -2.56833e+20  2.70811e+20  -2.79262e+20  2.83006e+20  -2.83008e+20  2.80302e+20  -2.75895e+20  2.70672e+20  -2.65297e+20  2.6015e+20  -2.55292e+20  2.50484e+20  -2.45237e+20  2.38894e+20  -2.30706e+20  2.19916e+20  -2.05819e+20  1.8783e+20  -1.6555e+20  1.38778e+20  -1.07139e+20  6.8783e+19  -1.89916e+19  -4.82498e+19  
8.97351e+19  3.53387e+19  -1.2785e+20  1.96932e+20  -2.50514e+20  2.91836e+20  -3.21744e+20  3.40961e+20  -3.50666e+20  3.52386e+20  -3.47854e+20  3.38929e+20  -3.2751e+20  3.15418e+20  -3.04228e+20  2.95106e+20  -2.88669e+20  2.84936e+20  -2.83366e+20  2.82969e+20  -2.8245e+20  2.80344e+20  -2.75112e+20  2.65199e+20  -2.49105e+20  2.25533e+20  -1.93539e+20  1.5218e+20  -9.88196e+19  2.73174e+19  6.93631e+19  
-1.1408e+20  -4.48908e+19  1.62677e+20  -2.48273e+20  3.11012e+20  -3.55469e+20  3.83767e+20  -3.97954e+20  4.00389e+20  -3.93477e+20  3.79601e+20  -3.61194e+20  3.40778e+20  -3.20853e+20  3.0365e+20  -2.90838e+20  2.83278e+20  -2.80921e+20  2.82902e+20  -2.87759e+20  2.93698e+20  -2.98787e+20  3.01026e+20  -2.98277e+20  2.88175e+20  -2.68205e+20  2.3603e+20  -1.89412e+20  1.24572e+20  -3.44415e+19  -8.74461e+19  
1.34682e+20  5.29004e+19  -1.92444e+20  2.91296e+20  -3.59898e+20  4.04736e+20  -4.29917e+20  4.39086e+20  -4.35504e+20  4.21869e+20  -4.00609e+20  3.74333e+20  -3.46029e+20  3.18925e+20  -2.96062e+20  2.79753e+20  -2.71147e+20  2.70055e+20  -2.75128e+20  2.84276e+20  -2.95158e+20  3.05541e+20  -3.13373e+20  3.16533e+20  -3.12374e+20  2.97434e+20  -2.67718e+20  2.19002e+20  -1.45768e+20  4.02254e+19  1.02223e+20  
-1.51479e+20  -5.93082e+19  2.17206e+20  -3.26821e+20  3.99544e+20  -4.44224e+20  4.67221e+20  -4.73471e+20  4.66433e+20  -4.48387e+20  4.21388e+20  -3.88117e+20  3.52178e+20  -3.17803e+20  2.89137e+20  -2.69365e+20  2.59994e+20  -2.6059e+20  2.69074e+20  -2.82428e+20  2.97495e+20  -3.11605e+20  3.22758e+20  -3.29275e+20  3.28922e+20  -3.17997e+20  2.91155e+20  -2.41921e+20  1.62576e+20  -4.46505e+19  -1.13726e+20  
1.64613e+20  6.41433e+19  -2.37267e+20  3.55931e+20  -4.32272e+20  4.7758e+20  -5.00237e+20  5.05836e+20  -4.97342e+20  4.76216e+20  -4.4407e+20  4.038e+20  -3.59857e+20  3.17739e+20  -2.82943e+20  2.597e+20  -2.4993e+20  2.52863e+20  -2.65491e+20  2.83612e+20  -3.03006e+20  3.20341e+20  -3.33537e+20  3.41422e+20  -3.42572e+20  3.33726e+20  -3.08828e+20  2.59397e+20  -1.75406e+20  4.77806e+19  1.22176e+20  
-1.74321e+20  -6.74876e+19  2.53013e+20  -3.79612e+20  4.59805e+20  -5.07e+20  5.31069e+20  -5.37641e+20  5.28806e+20  -5.05153e+20  4.67972e+20  -4.20529e+20  3.68256e+20  -3.18053e+20  2.76921e+20  -2.50259e+20  2.4044e+20  -2.46279e+20  2.63689e+20  -2.87129e+20  3.11185e+20  -3.31742e+20  3.46491e+20  -3.5464e+20  3.55624e+20  -3.47e+20  3.22626e+20  -2.72554e+20  1.84742e+20  -4.97254e+19  -1.27881e+20  
1.80869e+20  6.94491e+19  -2.64811e+20  3.9859e+20  -4.83168e+20  5.33455e+20  -5.602e+20  5.68664e+20  -5.59995e+20  5.34041e+20  -4.9191e+20  4.37291e+20  -3.76619e+20  3.18241e+20  -2.70746e+20  2.40797e+20  -2.3124e+20  2.40412e+20  -2.63028e+20  2.92115e+20  -3.21026e+20  3.44851e+20  -3.60999e+20  3.68915e+20  -3.68758e+20  3.58968e+20  -3.33733e+20  2.82254e+20  -1.91038e+20  5.06136e+19  1.31164e+20  
-1.84514e+20  -7.01458e+19  2.7296e+20  -4.13311e+20  5.028e+20  -5.57086e+20  5.87248e+20  -5.98005e+20  5.89685e+20  -5.61582e+20  5.14698e+20  -4.53133e+20  3.84272e+20  -3.1789e+20  2.64195e+20  -2.31167e+20  2.22142e+20  -2.34922e+20  2.62945e+20  -2.97764e+20  3.31523e+20  -3.58571e+20  3.76049e+20  -3.83558e+20  3.8179e+20  -3.69952e+20  3.42744e+20  -2.89066e+20  1.94675e+20  -5.05757e+19  -1.32326e+20  
1.85491e+20  6.96972e+19  -2.77684e+20  4.23976e+20  -5.18724e+20  5.77559e+20  -6.11451e+20  6.2457e+20  -6.16626e+20  5.86531e+20  -5.35226e+20  4.67166e+20  -3.90598e+20  3.16645e+20  -2.57106e+20  2.21284e+20  -2.13011e+20  2.29517e+20  -2.62924e+20  3.03329e+20  -3.41741e+20  3.71856e+20  -3.906e+20  3.97679e+20  -3.94149e+20  3.79788e+20  -3.49832e+20  2.9331e+20  -1.95942e+20  4.97356e+19  1.31628e+20  
-1.84009e+20  -6.82214e+19  2.79142e+20  -4.30605e+20  5.30697e+20  -5.94296e+20  6.31924e+20  -6.47273e+20  6.39658e+20  -6.07755e+20  5.52478e+20  -4.78573e+20  3.95032e+20  -3.14194e+20  2.49353e+20  -2.11101e+20  2.03748e+20  -2.23938e+20  2.62489e+20  -3.0812e+20  3.50825e+20  -3.8376e+20  4.03687e+20  -4.10386e+20  4.0513e+20  -3.88062e+20  3.54893e+20  -2.95111e+20  1.95052e+20  -4.82075e+19  -1.29294e+20  
1.80262e+20  6.58356e+19  -2.77443e+20  4.33102e+20  -5.3833e+20  6.06617e+20  -6.47778e+20  6.65113e+20  -6.57744e+20  6.24246e+20  -5.6554e+20  4.86612e+20  -3.9706e+20  3.10262e+20  -2.40845e+20  2.00597e+20  -1.94276e+20  2.1795e+20  -2.61204e+20  3.11511e+20  -3.58014e+20  3.93446e+20  -4.14455e+20  4.20856e+20  -4.14011e+20  3.94245e+20  -3.57667e+20  2.94467e+20  -1.92154e+20  4.60962e+19  1.25513e+20  
-1.74437e+20  -6.26577e+19  2.72679e+20  -4.31311e+20  5.41163e+20  -6.13824e+20  6.58173e+20  -6.77195e+20  6.69977e+20  -6.35123e+20  5.73613e+20  -4.90628e+20  3.96235e+20  -3.04619e+20  2.31515e+20  -1.89768e+20  1.84538e+20  -2.11352e+20  2.58678e+20  -3.12945e+20  3.62635e+20  -4.00185e+20  4.22158e+20  -4.28352e+20  4.20104e+20  -3.97775e+20  3.5781e+20  -2.91297e+20  1.87359e+20  -4.34991e+19  -1.20452e+20  
1.66723e+20  5.88079e+19  -2.64938e+20  4.25065e+20  -5.38729e+20  6.15237e+20  -6.62336e+20  6.82722e+20  -6.7557e+20  6.39631e+20  -5.76011e+20  4.9007e+20  -3.92181e+20  2.97078e+20  -2.21324e+20  1.78627e+20  -1.74494e+20  2.03969e+20  -2.54577e+20  3.11941e+20  -3.6411e+20  4.03347e+20  -4.26142e+20  4.32212e+20  -4.22766e+20  3.98093e+20  -3.5495e+20  2.85489e+20  -1.80756e+20  4.05082e+19  1.14263e+20  
-1.57323e+20  -5.44101e+19  2.54329e+20  -4.14221e+20  5.30596e+20  -6.10229e+20  6.59563e+20  -6.80984e+20  6.73838e+20  -6.3713e+20  5.72174e+20  -4.84491e+20  3.84608e+20  -2.87507e+20  2.10253e+20  -1.67197e+20  1.6412e+20  -1.95664e+20  2.48625e+20  -3.08102e+20  3.61954e+20  -4.02393e+20  4.25834e+20  -4.3184e+20  4.214e+20  -3.94671e+20  3.4873e+20  -2.76931e+20  1.72435e+20  -3.72121e+19  -1.07095e+20  
1.46455e+20  4.95917e+19  -2.40999e+20  3.98703e+20  -5.16403e+20  5.98246e+20  -6.49221e+20  6.71356e+20  -6.64198e+20  6.27102e+20  -5.61668e+20  4.73571e+20  -3.73318e+20  2.75826e+20  -1.98313e+20  1.55513e+20  -1.53407e+20  1.86337e+20  -2.40613e+20  3.01119e+20  -3.55776e+20  3.96868e+20  -4.20729e+20  4.26696e+20  -4.15463e+20  3.87027e+20  -3.38835e+20  2.65544e+20  -1.62498e+20  3.36977e+19  9.90962e+19  
-1.3436e+20  -4.44834e+19  2.25147e+20  -3.78523e+20  4.959e+20  -5.78837e+20  6.30777e+20  -6.53305e+20  6.46176e+20  -6.09158e+20  5.44209e+20  -4.57129e+20  3.58225e+20  -2.62024e+20  1.85534e+20  -1.43615e+20  1.42362e+20  -1.75932e+20  2.30413e+20  -2.90786e+20  3.45291e+20  -3.8641e+20  4.10397e+20  -4.16301e+20  4.04472e+20  -3.74754e+20  3.25025e+20  -2.51308e+20  1.51071e+20  -3.00503e+19  -9.04242e+19  
1.213e+20  3.92168e+19  -2.07034e+20  3.53822e+20  -4.68991e+20  5.51705e+20  -6.03829e+20  6.26428e+20  -6.19439e+20  5.83075e+20  -5.19688e+20  4.35147e+20  -3.39361e+20  2.46153e+20  -1.71975e+20  1.31551e+20  -1.31008e+20  1.64441e+20  -2.17982e+20  2.77012e+20  -3.30338e+20  3.70767e+20  -3.94501e+20  4.00265e+20  -3.88041e+20  3.57552e+20  -3.07166e+20  2.34282e+20  -1.38321e+20  2.63532e+19  8.12446e+19  
-1.0756e+20  -3.3922e+19  1.86993e+20  -3.24891e+20  4.35783e+20  -5.16763e+20  5.6818e+20  -5.90522e+20  5.83857e+20  -5.48846e+20  4.88211e+20  -4.07792e+20  3.16891e+20  -2.28335e+20  1.57714e+20  -1.1937e+20  1.19382e+20  -1.51904e+20  2.03369e+20  -2.5984e+20  3.10905e+20  -3.4984e+20  3.72847e+20  -3.78336e+20  3.65929e+20  -3.35273e+20  2.85271e+20  -2.1463e+20  1.24455e+20  -2.26872e+19  -7.17346e+19  
9.34436e+19  2.87238e+19  -1.65436e+20  2.92201e+20  -3.96641e+20  4.74221e+20  -5.23934e+20  5.45678e+20  -5.39602e+20  5.06755e+20  -4.5015e+20  3.75443e+20  -2.91116e+20  2.08761e+20  -1.42851e+20  1.07125e+20  -1.07533e+20  1.38407e+20  -1.86724e+20  2.39461e+20  -2.87171e+20  3.23735e+20  -3.45451e+20  3.50473e+20  -3.3811e+20  3.07981e+20  -2.59531e+20  1.92636e+20  -1.0973e+20  1.91284e+19  6.20812e+19  
-7.92676e+19  -2.37379e+19  1.42851e+20  -2.56429e+20  3.52244e+20  -4.24675e+20  4.71612e+20  -4.92416e+20  4.87257e+20  -4.5747e+20  4.06195e+20  -3.38707e+20  2.62475e+20  -1.87684e+20  1.27501e+20  -9.48679e+19  9.55209e+19  -1.24085e+20  1.68295e+20  -2.16229e+20  2.59535e+20  -2.92825e+20  3.12625e+20  -3.16941e+20  3.04861e+20  -2.7602e+20  2.30366e+20  -1.68728e+20  9.44547e+19  -1.57466e+19  -5.24804e+19  
6.53591e+19  1.90675e+19  -1.19807e+20  2.18473e+20  -3.03647e+20  3.69206e+20  -4.12288e+20  4.31821e+20  -4.27945e+20  4.02117e+20  -3.57386e+20  2.98423e+20  -2.31532e+20  1.65406e+20  -1.11789e+20  8.26466e+19  -8.34124e+19  1.09107e+20  -1.4842e+20  1.90661e+20  -2.28645e+20  2.5781e+20  -2.75058e+20  2.7841e+20  -2.66851e+20  2.40078e+20  -1.98454e+20  1.43484e+20  -7.89878e+19  1.26034e+19  4.31338e+19  
-5.20486e+19  -1.48005e+19  9.69438e+19  -1.79467e+20  2.52324e+20  -3.09476e+20  3.47709e+20  -3.65674e+20  3.63423e+20  -3.42336e+20  3.05113e+20  -2.55624e+20  1.98939e+20  -1.4226e+20  9.58405e+19  -7.05021e+19  7.12735e+19  -9.36663e+19  1.27503e+20  -1.63415e+20  1.95394e+20  -2.19746e+20  2.33889e+20  -2.3604e+20  2.25226e+20  -2.01251e+20  1.64764e+20  -1.17642e+20  6.37378e+19  -9.75043e+18  -3.42465e+19  
3.96682e+19  1.10083e+19  -7.49714e+19  1.4079e+20  -2.00203e+20  2.47788e+20  -2.80376e+20  2.9651e+20  -2.96093e+20  2.80225e+20  -2.51035e+20  2.1147e+20  -1.65389e+20  1.18582e+20  -7.97733e+19  5.84657e+19  -5.91646e+19  7.79605e+19  -1.0598e+20  1.35242e+20  -1.60868e+20  1.80017e+20  -1.90707e+20  1.91515e+20  -1.81656e+20  1.61074e+20  -1.30577e+20  9.21038e+19  -4.91586e+19  7.22922e+18  2.60252e+19  
-2.85497e+19  -7.74703e+18  5.4661e+19  -1.04046e+20  1.49646e+20  -1.87049e+20  2.1347e+20  -2.27489e+20  2.28824e+20  -2.18148e+20  1.96901e+20  -1.67105e+20  1.31532e+20  -9.46746e+19  6.36859e+19  -4.65555e+19  4.71335e+19  -6.21703e+19  8.42685e+19  -1.06892e+20  1.26221e+20  -1.4019e+20  1.47424e+20  -1.46949e+20  1.38269e+20  -1.21492e+20  9.74581e+19  -6.79198e+19  3.57446e+19  -5.07197e+18  -1.86775e+19  
1.90053e+19  5.05633e+18  -3.67906e+19  7.09302e+19  -1.03216e+20  1.30442e+20  -1.50428e+20  1.61918e+20  -1.64468e+20  1.58315e+20  -1.44244e+20  1.23482e+20  -9.78892e+19  7.07745e+19  -4.76481e+19  3.47744e+19  -3.52086e+19  4.64349e+19  -6.27027e+19  7.8992e+19  -9.24747e+19  1.01743e+20  -1.05951e+20  1.04556e+20  -9.73664e+19  8.46247e+19  -6.71042e+19  4.61979e+19  -2.39939e+19  3.30051e+18  1.23987e+19  
-1.12306e+19  -2.94004e+18  2.19318e+19  -4.27812e+19  6.2982e+19  -8.05307e+19  9.3951e+19  -1.02283e+20  1.05045e+20  -1.02183e+20  9.4008e+19  -8.11592e+19  6.4767e+19  -4.70226e+19  3.16941e+19  -2.31091e+19  2.33944e+19  -3.08323e+19  4.14792e+19  -5.19162e+19  6.02647e+19  -6.56585e+19  6.76473e+19  -6.60084e+19  6.07543e+19  -5.21744e+19  4.08737e+19  -2.78024e+19  1.4267e+19  -1.91378e+18  -7.30737e+18  
5.10245e+18  1.32102e+18  -1.00233e+19  1.97297e+19  -2.93239e+19  3.78668e+19  -4.46181e+19  4.90485e+19  -5.08397e+19  4.98767e+19  -4.62324e+19  4.01649e+19  -3.22058e+19  2.34519e+19  -1.58222e+19  1.15311e+19  -1.16715e+19  1.53716e+19  -2.06233e+19  2.56912e+19  -2.96347e+19  3.20422e+19  -3.27285e+19  3.16359e+19  -2.8829e+19  2.45055e+19  -1.90028e+19  1.27994e+19  -6.50739e+18  8.58052e+17  3.3132e+18  
0  0  0  0  0  0  0  0  0  0  0  0  0  0  0  0  0  0  0  0  0  0  0  0  0  0  0  0  0  0  0  
