1  1  1  1  1  1  1  1  1  1  1  1  1  1  1  1  1  1  1  1  1  1  1  1  1  1  1  1  1  1  1  
-8.45133e+36  -3.32709e+36  1.20456e+37  -1.8855e+37  2.46286e+37  -2.97007e+37  3.41146e+37  -3.78555e+37  4.09263e+37  -4.33557e+37  4.51944e+37  -4.65092e+37  4.73754e+37  -4.7868e+37  4.80518e+37  -4.79732e+37  4.76542e+37  -4.70896e+37  4.62493e+37  -4.50834e+37  4.35301e+37  -4.15247e+37  3.9008e+37  -3.59334e+37  3.22728e+37  -2.80202e+37  2.31847e+37  -1.77202e+37  1.13079e+37  -3.12148e+36  -7.93127e+36  
1.65038e+37  6.49892e+36  -2.35157e+37  3.65637e+37  -4.72369e+37  5.61455e+37  -6.33861e+37  6.89889e+37  -7.30549e+37  7.57572e+37  -7.73207e+37  7.80032e+37  -7.80736e+37  7.77868e+37  -7.73564e+37  7.69295e+37  -7.65685e+37  7.62439e+37  -7.58405e+37  7.51744e+37  -7.4017e+37  7.21207e+37  -6.92433e+37  6.51684e+37  -5.97243e+37  5.28038e+37  -4.43654e+37  3.43075e+37  -2.205e+37  6.09175e+36  1.54723e+37  
-2.383e+37  -9.38471e+36  3.39513e+37  -5.22926e+37  6.65155e+37  -7.74946e+37  8.54859e+37  -9.07224e+37  9.35591e+37  -9.44355e+37  9.38351e+37  -9.22627e+37  9.02223e+37  -8.81851e+37  8.65452e+37  -8.55732e+37  8.53799e+37  -8.59023e+37  8.69163e+37  -8.80718e+37  8.89369e+37  -8.90402e+37  8.79007e+37  -8.50485e+37  8.00459e+37  -7.25291e+37  6.22486e+37  -4.8941e+37  3.17772e+37  -8.78398e+36  -2.23044e+37  
3.02161e+37  1.18935e+37  -4.30744e+37  6.56628e+37  -8.21219e+37  9.36924e+37  -1.01002e+38  1.04677e+38  -1.05417e+38  1.03915e+38  -1.00836e+38  9.68398e+37  -9.25929e+37  8.87447e+37  -8.58598e+37  8.43357e+37  -8.43341e+37  8.57542e+37  -8.82585e+37  9.13401e+37  -9.4403e+37  9.68236e+37  -9.79754e+37  9.72123e+37  -9.38435e+37  8.7157e+37  -7.65063e+37  6.12547e+37  -4.02206e+37  1.11109e+37  2.82214e+37  
-3.55636e+37  -1.39767e+37  5.07842e+37  -7.66937e+37  9.44481e+37  -1.05824e+38  1.12024e+38  -1.14144e+38  1.13151e+38  -1.09821e+38  1.04826e+38  -9.8862e+37  9.27148e+37  -8.72247e+37  8.3171e+37  -8.11213e+37  8.13051e+37  -8.35647e+37  8.74049e+37  -9.21175e+37  9.69286e+37  -1.01109e+38  1.04004e+38  -1.04966e+38  1.03221e+38  -9.77877e+37  8.75446e+37  -7.12796e+37  4.72885e+37  -1.30274e+37  -3.31327e+37  
3.98651e+37  1.56216e+37  -5.71092e+37  8.56395e+37  -1.04201e+38  1.15239e+38  -1.20609e+38  1.21787e+38  -1.19803e+38  1.15311e+38  -1.08868e+38  1.01178e+38  -9.31856e+37  8.60019e+37  -8.07083e+37  7.81091e+37  -7.85257e+37  8.17171e+37  -8.69618e+37  9.32628e+37  -9.95897e+37  1.05067e+38  -1.09043e+38  1.10988e+38  -1.10252e+38  1.05786e+38  -9.60838e+37  7.92812e+37  -5.30179e+37  1.45238e+37  3.70377e+37  
-4.31699e+37  -1.68403e+37  6.21487e+37  -9.28296e+37  1.12073e+38  -1.23016e+38  1.281e+38  -1.28998e+38  1.26601e+38  -1.21328e+38  1.13599e+38  -1.04166e+38  9.42011e+37  -8.51593e+37  7.84959e+37  -7.53063e+37  7.60235e+37  -8.03007e+37  8.71339e+37  -9.51653e+37  1.03034e+38  -1.09654e+38  1.14333e+38  -1.16685e+38  1.16293e+38  -1.12242e+38  1.02828e+38  -8.56e+37  5.75159e+37  -1.56148e+37  -3.99917e+37  
4.55544e+37  1.76595e+37  -6.60253e+37  9.85646e+37  -1.18579e+38  1.2981e+38  -1.35129e+38  1.36222e+38  -1.33734e+38  1.27832e+38  -1.18839e+38  1.07597e+38  -9.55396e+37  8.45087e+37  -7.63767e+37  7.25688e+37  -7.36446e+37  7.91334e+37  -8.77084e+37  9.76061e+37  -1.07097e+38  1.14846e+38  -1.2008e+38  1.22517e+38  -1.2199e+38  1.17828e+38  -1.08306e+38  9.05469e+37  -6.09123e+37  1.63293e+37  4.20765e+37  
-4.71021e+37  -1.81129e+37  6.88547e+37  -1.0307e+38  1.24036e+38  -1.35924e+38  1.41856e+38  -1.43417e+38  1.40984e+38  -1.34513e+38  1.24264e+38  -1.11191e+38  9.69941e+37  -8.39119e+37  7.42608e+37  -6.98249e+37  7.13022e+37  -7.80832e+37  8.84871e+37  -1.00318e+38  1.11466e+38  -1.20344e+38  1.26081e+38  -1.28457e+38  1.27518e+38  -1.22856e+38  1.12845e+38  -9.43574e+37  6.33298e+37  -1.67023e+37  -4.33796e+37  
4.7892e+37  1.82359e+37  -7.07325e+37  1.06488e+38  -1.28586e+38  1.41416e+38  -1.48192e+38  1.50344e+38  -1.48019e+38  1.41012e+38  -1.2955e+38  1.14688e+38  -9.83813e+37  8.32575e+37  -7.20874e+37  6.70324e+37  -6.89379e+37  7.70439e+37  -8.9295e+37  1.03052e+38  -1.15832e+38  1.25809e+38  -1.32019e+38  1.34284e+38  -1.32805e+38  1.27401e+38  -1.166e+38  9.71833e+37  -6.48696e+37  1.67703e+37  4.39835e+37  
-4.79952e+37  -1.80637e+37  7.17307e+37  -1.0889e+38  1.32254e+38  -1.46209e+38  1.53936e+38  -1.56709e+38  1.54499e+38  -1.46992e+38  1.34394e+38  -1.17847e+38  9.95333e+37  -8.24492e+37  6.98121e+37  -6.41667e+37  6.65098e+37  -7.59241e+37  8.99716e+37  -1.05577e+38  1.19904e+38  -1.30915e+38  1.37571e+38  -1.39717e+38  1.37662e+38  -1.31397e+38  1.19605e+38  -9.91043e+37  6.56089e+37  -1.65688e+37  -4.39613e+37  
4.74738e+37  1.76301e+37  -7.19008e+37  1.10293e+38  -1.34982e+38  1.50152e+38  -1.58852e+38  1.62217e+38  -1.60108e+38  1.52145e+38  -1.38518e+38  1.20443e+38  -1.00295e+38  8.14019e+37  -6.74016e+37  6.1214e+37  -6.39862e+37  7.46425e+37  -9.03689e+37  1.07678e+38  -1.23416e+38  1.35369e+38  -1.42436e+38  1.44477e+38  -1.41867e+38  1.34707e+38  -1.21816e+38  1.00146e+38  -6.56032e+37  1.61313e+37  4.33761e+37  
-4.63836e+37  -1.69678e+37  7.12793e+37  -1.10679e+38  1.36673e+38  -1.53065e+38  1.62699e+38  -1.66598e+38  1.64565e+38  -1.56195e+38  1.41674e+38  -1.22274e+38  1.00527e+38  -8.00408e+37  6.48308e+37  -5.81679e+37  6.13432e+37  -7.31275e+37  9.03526e+37  -1.09161e+38  1.26133e+38  -1.3891e+38  1.46345e+38  -1.48305e+38  1.45192e+38  -1.3716e+38  1.23143e+38  -1.00297e+38  6.48919e+37  -1.54895e+37  -4.22833e+37  
4.47766e+37  1.61088e+37  -6.98945e+37  1.10012e+38  -1.37205e+38  1.54759e+38  -1.65251e+38  1.69608e+38  -1.67625e+38  1.58904e+38  -1.43644e+38  1.23161e+38  -1.00105e+38  7.83017e+37  -6.20816e+37  5.50278e+37  -5.85634e+37  7.13168e+37  -8.98032e+37  1.09854e+38  -1.27844e+38  1.41309e+38  -1.49066e+38  1.50972e+38  -1.47422e+38  1.38579e+38  -1.23474e+38  9.95261e+37  -6.35047e+37  1.4674e+37  4.07336e+37  
-4.27038e+37  -1.50848e+37  6.77723e+37  -1.08248e+38  1.36454e+38  -1.55051e+38  1.66297e+38  -1.71032e+38  1.69074e+38  -1.60066e+38  1.4424e+38  -1.22951e+38  9.89245e+37  -7.61321e+37  5.91421e+37  -5.17972e+37  5.5635e+37  -6.9159e+37  8.86191e+37  -1.09611e+38  1.28371e+38  -1.42371e+38  1.50394e+38  -1.52271e+38  1.48355e+38  -1.38789e+38  1.2269e+38  -9.77947e+37  6.14678e+37  -1.37143e+37  -3.8775e+37  
4.02181e+37  1.3928e+37  -6.4942e+37  1.05349e+38  -1.34301e+38  1.53769e+38  -1.65644e+38  1.70675e+38  -1.68725e+38  1.59507e+38  -1.43308e+38  1.21521e+38  -9.69026e+37  7.34926e+37  -5.60069e+37  4.84829e+37  -5.25519e+37  6.66144e+37  -8.67186e+37  1.08311e+38  -1.27565e+38  1.41928e+38  -1.50152e+38  1.52016e+38  -1.47808e+38  1.37626e+38  -1.20681e+38  9.50673e+37  -5.88089e+37  1.26401e+37  3.64564e+37  
-3.73752e+37  -1.26711e+37  6.14415e+37  -1.01294e+38  1.30648e+38  -1.50761e+38  1.63119e+38  -1.68365e+38  1.66418e+38  -1.57084e+38  1.40728e+38  -1.18778e+38  9.39814e+37  -7.03588e+37  5.26764e+37  -4.50948e+37  4.93133e+37  -6.36568e+37  8.4043e+37  -1.05863e+38  1.25308e+38  -1.39841e+38  1.48184e+38  -1.50042e+38  1.45612e+38  -1.34943e+38  1.17349e+38  -9.13211e+37  5.55624e+37  -1.14807e+37  -3.38285e+37  
3.42361e+37  1.13469e+37  -5.73207e+37  9.60811e+37  -1.25422e+38  1.45901e+38  -1.58572e+38  1.63954e+38  -1.62019e+38  1.52686e+38  -1.36415e+38  1.14667e+38  -9.01311e+37  6.67219e+37  -4.91574e+37  4.16448e+37  -4.59242e+37  6.02743e+37  -8.0559e+37  1.02209e+38  -1.21518e+38  1.36004e+38  -1.44361e+38  1.46204e+38  -1.41624e+38  1.30617e+38  -1.12625e+38  8.65539e+37  -5.17731e+37  1.0266e+37  3.09456e+37  
-3.08663e+37  -9.98851e+36  5.2645e+37  -8.97439e+37  1.18593e+38  -1.39101e+38  1.51889e+38  -1.57326e+38  1.55431e+38  -1.46245e+38  1.30333e+38  -1.09175e+38  8.53528e+37  -6.25907e+37  4.54627e+37  -3.81463e+37  4.23946e+37  -5.64712e+37  7.62625e+37  -9.73326e+37  1.16153e+38  -1.30345e+38  1.38585e+38  -1.40389e+38  1.35728e+38  -1.2456e+38  1.06473e+38  -8.07914e+37  4.7499e+37  -9.02513e+36  -2.78665e+37  
2.7337e+37  8.62831e+36  -4.74977e+37  8.23524e+37  -1.1018e+38  1.3033e+38  -1.43007e+38  1.48417e+38  -1.46611e+38  1.3775e+38  -1.22501e+38  1.02338e+38  -7.96819e+37  5.79918e+37  -4.16107e+37  3.46142e+37  -3.87399e+37  5.22677e+37  -7.11801e+37  9.1258e+37  -1.09222e+38  1.22846e+38  -1.30808e+38  1.32527e+38  -1.27861e+38  1.16738e+38  -9.89076e+37  7.40948e+37  -4.28142e+37  7.78692e+36  2.4654e+37  
-2.37235e+37  -7.29726e+36  4.19814e+37  -7.40236e+37  1.00271e+38  -1.19634e+38  1.31944e+38  -1.3724e+38  1.35592e+38  -1.27264e+38  1.13005e+38  -9.42451e+37  7.31897e+37  -5.29694e+37  3.76249e+37  -3.10635e+37  3.49799e+37  -4.77006e+37  6.53717e+37  -8.40613e+37  1.00799e+38  -1.13557e+38  1.21051e+38  -1.22621e+38  1.18027e+38  -1.07184e+38  9.00024e+37  -6.6567e+37  3.78096e+37  -6.57865e+36  -2.13747e+37  
2.01048e+37  6.02399e+36  -3.62186e+37  6.49264e+37  -8.90349e+37  1.07158e+38  -1.18823e+38  1.23917e+38  -1.22512e+38  1.14948e+38  -1.02014e+38  8.5045e+37  -6.59829e+37  4.7584e+37  -3.35329e+37  2.75093e+37  -3.11378e+37  4.28211e+37  -5.89296e+37  7.58724e+37  -9.10306e+37  1.02618e+38  -1.09433e+38  1.10776e+38  -1.06335e+38  9.60253e+37  -7.99073e+37  5.83584e+37  -3.25941e+37  5.42551e+36  1.80987e+37  
-1.65623e+37  -4.83394e+36  3.03512e+37  -5.52871e+37  7.67373e+37  -9.31738e+37  1.03912e+38  -1.08719e+38  1.07651e+38  -1.01085e+38  8.97879e+37  -7.49461e+37  5.82004e+37  -4.19091e+37  2.93643e+37  -2.39654e+37  2.72391e+37  -3.76928e+37  5.1976e+37  -6.68757e+37  8.01463e+37  -9.02773e+37  9.62015e+37  -9.72299e+37  9.30204e+37  -8.35032e+37  6.88592e+37  -4.96711e+37  2.72942e+37  -4.34983e+36  -1.48978e+37  
1.31783e+37  3.74868e+36  -2.45402e+37  4.53922e+37  -6.37512e+37  7.81015e+37  -8.76548e+37  9.20952e+37  -9.14532e+37  8.60852e+37  -7.66757e+37  6.42083e+37  -5.00049e+37  3.6026e+37  -2.51493e+37  2.04438e+37  -2.33095e+37  3.23867e+37  -4.46549e+37  5.73026e+37  -6.84587e+37  7.69043e+37  -8.17522e+37  8.23867e+37  -7.84819e+37  6.99964e+37  -5.71937e+37  4.0762e+37  -2.20534e+37  3.37047e+36  1.18451e+37  
-1.00356e+37  -2.78571e+36  1.89638e+37  -3.55898e+37  5.05661e+37  -6.25268e+37  7.06854e+37  -7.4689e+37  7.45261e+37  -7.04816e+37  6.30971e+37  -5.31232e+37  4.15696e+37  -3.00173e+37  2.09159e+37  -1.69536e+37  1.93725e+37  -2.69751e+37  3.71204e+37  -4.74144e+37  5.63443e+37  -6.29768e+37  6.66335e+37  -6.68257e+37  6.32921e+37  -5.60327e+37  4.53516e+37  -3.19436e+37  1.70307e+37  -2.5027e+36  -9.01382e+36  
7.21701e+36  1.95876e+36  -1.3816e+37  2.62855e+37  -3.77811e+37  4.71893e+37  -5.38137e+37  5.73046e+37  -5.75992e+37  5.48737e+37  -4.94952e+37  4.19807e+37  -3.30581e+37  2.39577e+37  -1.66872e+37  1.34999e+37  -1.54476e+37  2.15234e+37  -2.95185e+37  3.74713e+37  -4.42019e+37  4.90353e+37  -5.1503e+37  5.12728e+37  -4.81818e+37  4.22796e+37  -3.38727e+37  2.358e+37  -1.23993e+37  1.75842e+36  6.47767e+36  
-4.80056e+36  -1.27738e+36  9.29216e+36  -1.79082e+37  2.60464e+37  -3.28976e+37  3.79139e+37  -4.07833e+37  4.13984e+37  -3.98236e+37  3.62597e+37  -3.1022e+37  2.46014e+37  -1.79053e+37  1.2479e+37  -1.00837e+37  1.15473e+37  -1.60824e+37  2.19662e+37  -2.76901e+37  3.23827e+37  -3.55868e+37  3.7016e+37  -3.64874e+37  3.39401e+37  -2.94663e+37  2.3342e+37  -1.6056e+37  8.3338e+36  -1.14589e+36  -4.30578e+36  
2.83468e+36  7.42171e+35  -5.53537e+36  1.07946e+37  -1.58856e+37  2.03024e+37  -2.36734e+37  2.57584e+37  -2.64385e+37  2.57026e+37  -2.36311e+37  2.03893e+37  -1.62764e+37  1.18942e+37  -8.29793e+36  6.70105e+36  -7.67635e+36  1.06817e+37  -1.45323e+37  1.81992e+37  -2.1104e+37  2.29672e+37  -2.36378e+37  2.30417e+37  -2.11872e+37  1.81787e+37  -1.42299e+37  9.67283e+36  -4.96135e+36  6.65313e+35  2.54087e+36  
-1.28716e+36  -3.33274e+35  2.52839e+36  -4.9758e+36  7.39323e+36  -9.5435e+36  1.12401e+37  -1.23502e+37  1.27945e+37  -1.2545e+37  1.16213e+37  -1.00903e+37  8.09327e+36  -5.93149e+36  4.14167e+36  -3.34372e+36  3.83081e+36  -5.32635e+36  7.22584e+36  -9.00631e+36  1.03783e+37  -1.12094e+37  1.14381e+37  -1.10462e+37  1.00577e+37  -8.54286e+36  6.62028e+36  -4.45679e+36  2.26508e+36  -2.98601e+35  -1.15316e+36  
0  0  0  0  0  0  0  0  0  0  0  0  0  0  0  0  0  0  0  0  0  0  0  0  0  0  0  0  0  0  0  
