1  1  1  1  1  1  1  1  1  1  1  1  1  1  1  1  1  1  1  1  1  1  1  1  1  1  1  1  1  1  1  
-6.74973e+47  -2.65701e+47  9.62116e+47  -1.50646e+48  1.96865e+48  -2.37548e+48  2.73057e+48  -3.03282e+48  3.28254e+48  -3.48206e+48  3.6354e+48  -3.74782e+48  3.82519e+48  -3.8733e+48  3.89708e+48  -3.89991e+48  3.8832e+48  -3.84614e+48  3.7859e+48  -3.69807e+48  3.57733e+48  -3.41817e+48  3.2156e+48  -2.96575e+48  2.6663e+48  -2.31685e+48  1.91827e+48  -1.46687e+48  9.36374e+47  -2.58526e+47  -6.56827e+47  
1.31772e+48  5.18873e+47  -1.87767e+48  2.92005e+48  -3.77343e+48  4.48674e+48  -5.06792e+48  5.51971e+48  -5.85046e+48  6.0742e+48  -6.20902e+48  6.27553e+48  -6.29507e+48  6.28777e+48  -6.2703e+48  6.25387e+48  -6.2428e+48  6.23393e+48  -6.21715e+48  6.17682e+48  -6.09375e+48  5.94732e+48  -5.71747e+48  5.38641e+48  -4.94015e+48  4.37013e+48  -3.67324e+48  2.84132e+48  -1.82653e+48  5.04666e+47  1.28173e+48  
-1.90183e+48  -7.48979e+47  2.70958e+48  -4.17329e+48  5.30829e+48  -6.18461e+48  6.82324e+48  -7.24351e+48  7.47447e+48  -7.55182e+48  7.51455e+48  -7.40313e+48  7.25779e+48  -7.11592e+48  7.00853e+48  -6.95655e+48  6.96787e+48  -7.03626e+48  7.14244e+48  -7.2569e+48  7.34364e+48  -7.36356e+48  7.27704e+48  -7.04553e+48  6.63343e+48  -6.01135e+48  5.1594e+48  -4.05635e+48  2.63372e+48  -7.28018e+47  -1.8486e+48  
2.41009e+48  9.48705e+47  -3.43546e+48  5.23569e+48  -6.5457e+48  7.46496e+48  -8.04476e+48  8.33639e+48  -8.39706e+48  8.2831e+48  -8.04809e+48  7.74485e+48  -7.42665e+48  7.14499e+48  -6.94445e+48  6.85595e+48  -6.89122e+48  7.04064e+48  -7.27541e+48  7.55296e+48  -7.82361e+48  8.03566e+48  -8.13741e+48  8.07592e+48  -7.79496e+48  7.23693e+48  -6.34976e+48  5.08188e+48  -3.33589e+48  9.214e+47  2.3405e+48  
-2.83469e+48  -1.11419e+48  4.04732e+48  -6.10909e+48  7.51786e+48  -8.41635e+48  8.9026e+48  -9.06625e+48  8.98624e+48  -8.72562e+48  8.33845e+48  -7.88037e+48  7.41392e+48  -7.00589e+48  6.71797e+48  -6.59464e+48  6.65287e+48  -6.87818e+48  7.22865e+48  -7.64504e+48  8.0629e+48  -8.42164e+48  8.66709e+48  -8.746e+48  8.59545e+48  -8.13595e+48  7.27698e+48  -5.92018e+48  3.92535e+48  -1.08107e+48  -2.74988e+48  
3.17518e+48  1.24446e+48  -4.54769e+48  6.81442e+48  -8.28256e+48  9.14887e+48  -9.56445e+48  9.64999e+48  -9.48954e+48  9.13638e+48  -8.63502e+48  8.04149e+48  -7.43099e+48  6.89199e+48  -6.51043e+48  6.34976e+48  -6.43427e+48  6.74248e+48  -7.21383e+48  7.7653e+48  -8.31127e+48  8.77895e+48  -9.1141e+48  9.27318e+48  -9.20306e+48  8.81902e+48  -7.99932e+48  6.59257e+48  -4.40493e+48  1.20616e+48  3.07652e+48  
-3.4357e+48  -1.34057e+48  4.94481e+48  -7.37871e+48  8.89629e+48  -9.75043e+48  1.01398e+49  -1.0201e+49  1.00072e+49  -9.59231e+48  8.98974e+48  -8.25923e+48  7.49398e+48  -6.81018e+48  6.32385e+48  -6.12191e+48  6.23758e+48  -6.64065e+48  7.24738e+48  -7.94516e+48  8.62112e+48  -9.18499e+48  9.57916e+48  -9.7714e+48  9.72779e+48  -9.37452e+48  8.57371e+48  -7.12646e+48  4.78315e+48  -1.29782e+48  -3.32481e+48  
3.62259e+48  1.40474e+48  -5.24881e+48  7.82665e+48  -9.40138e+48  1.02747e+49  -1.06803e+49  1.0756e+49  -1.05549e+49  1.00907e+49  -9.38841e+48  8.51512e+48  -7.58506e+48  6.7453e+48  -6.14555e+48  5.89937e+48  -6.05022e+48  6.55774e+48  -7.31181e+48  8.16653e+48  -8.9787e+48  9.6375e+48  -1.00785e+49  1.02778e+49  -1.02218e+49  9.85664e+48  -9.04291e+48  7.54689e+48  -5.0704e+48  1.35833e+48  3.50124e+48  
-3.74273e+48  -1.43973e+48  5.46926e+48  -8.17679e+48  9.82367e+48  -1.07465e+49  1.11993e+49  -1.13118e+49  1.11153e+49  -1.06063e+49  9.80496e+48  -8.78684e+48  7.68763e+48  -6.68627e+48  5.96828e+48  -5.67631e+48  5.86505e+48  -6.48289e+48  7.3908e+48  -8.40747e+48  9.35842e+48  -1.01119e+49  1.05953e+49  -1.07898e+49  1.06991e+49  -1.02906e+49  9.43317e+48  -7.87278e+48  5.27648e+48  -1.39051e+48  -3.61284e+48  
3.80263e+48  1.44846e+48  -5.61407e+48  8.44092e+48  -1.01751e+49  1.11711e+49  -1.169e+49  1.18494e+49  -1.16618e+49  1.11107e+49  -1.02133e+49  9.05346e+48  -7.78696e+48  6.62414e+48  -5.78717e+48  5.4493e+48  -5.67728e+48  6.40733e+48  -7.46991e+48  8.64746e+48  -9.73467e+48  1.05802e+49  -1.11035e+49  1.1289e+49  -1.11531e+49  1.06821e+49  -9.7569e+48  8.11625e+48  -5.4095e+48  1.39732e+48  3.66626e+48  
-3.80811e+48  -1.43378e+48  5.68921e+48  -8.62503e+48  1.04579e+49  -1.15422e+49  1.21365e+49  -1.23452e+49  1.2167e+49  -1.15765e+49  1.05892e+49  -9.29552e+48  7.86958e+48  -6.5512e+48  5.59866e+48  -5.21634e+48  5.48343e+48  -6.32352e+48  7.53594e+48  -8.86739e+48  1.00836e+49  -1.10156e+49  1.15764e+49  -1.17523e+49  1.15686e+49  -1.10254e+49  1.00166e+49  -8.28358e+48  5.47561e+48  -1.38162e+48  -3.66736e+48  
3.76424e+48  1.39844e+48  -5.69896e+48  8.7307e+48  -1.06677e+49  1.1848e+49  -1.25196e+49  1.27756e+49  -1.26057e+49  1.19792e+49  -1.09103e+49  9.49509e+48  -7.92306e+48  6.46063e+48  -5.40008e+48  4.9763e+48  -5.2809e+48  6.22478e+48  -7.57671e+48  9.04967e+48  -1.03833e+49  1.13938e+49  -1.19891e+49  1.21566e+49  -1.19269e+49  1.13091e+49  -1.02083e+49  8.37663e+48  -5.47922e+48  1.34614e+48  3.62126e+48  
-3.67556e+48  -1.34508e+48  5.64636e+48  -8.75664e+48  1.07967e+49  -1.20742e+49  1.28202e+49  -1.31189e+49  1.29554e+49  -1.22966e+49  1.11566e+49  -9.63587e+48  7.93615e+48  -6.34641e+48  5.18941e+48  -4.72868e+48  5.06772e+48  -6.10518e+48  7.58113e+48  -9.17831e+48  1.06143e+49  -1.16935e+49  1.23196e+49  -1.24807e+49  1.22094e+49  -1.15192e+49  1.03246e+49  -8.39437e+48  5.42348e+48  -1.2935e+48  -3.53249e+48  
3.54625e+48  1.27625e+48  -5.53373e+48  8.69998e+48  -1.08353e+49  1.22055e+49  -1.30202e+49  1.33557e+49  -1.31963e+49  1.25097e+49  -1.13108e+49  9.70349e+48  -7.89889e+48  6.20337e+48  -4.96521e+48  4.47341e+48  -4.84245e+48  5.95965e+48  -7.53943e+48  9.23918e+48  -1.07594e+49  1.18957e+49  -1.25487e+49  1.27054e+49  -1.23981e+49  1.1641e+49  -1.03562e+49  8.3341e+48  -5.31077e+48  1.22619e+48  3.40517e+48  
-3.3804e+48  -1.1945e+48  5.36318e+48  -8.55733e+48  1.07735e+49  -1.22274e+49  1.31026e+49  -1.34685e+49  1.33112e+49  -1.26018e+49  1.13576e+49  -9.68566e+48  7.80283e+48  -6.02727e+48  4.72651e+48  -4.21077e+48  4.60413e+48  -5.78396e+48  7.44325e+48  -9.22018e+48  1.08039e+49  -1.19844e+49  1.26595e+49  -1.28139e+49  1.24766e+49  -1.16599e+49  1.02933e+49  -8.19259e+48  5.1432e+48  -1.14668e+48  -3.24331e+48  
3.1822e+48  1.10238e+48  -5.13707e+48  8.32567e+48  -1.06018e+49  1.21259e+49  -1.3052e+49  1.34419e+49  -1.32853e+49  1.25591e+49  -1.12848e+49  9.57238e+48  -7.64128e+48  5.8149e+48  -4.47284e+48  3.94135e+48  -4.35229e+48  5.5749e+48  -7.28594e+48  9.11145e+48  -1.07355e+49  1.19457e+49  -1.26373e+49  1.27908e+49  -1.24296e+49  1.15626e+49  -1.01266e+49  7.96691e+48  -4.92307e+48  1.05744e+48  3.05094e+48  
-2.95608e+48  -1.00246e+48  4.8584e+48  -8.00315e+48  1.03123e+49  -1.18889e+49  1.28544e+49  -1.32619e+49  1.31056e+49  -1.23699e+49  1.10825e+49  -9.35622e+48  7.40951e+48  -5.56422e+48  4.20422e+48  -3.66592e+48  4.08688e+48  -5.33037e+48  7.06273e+48  -8.90558e+48  1.05445e+49  -1.17682e+49  1.24694e+49  -1.26225e+49  1.22435e+49  -1.1337e+49  9.84828e+48  -7.65518e+48  4.65326e+48  -9.60926e+47  -2.83232e+48  
2.70683e+48  8.97351e+47  -4.53109e+48  7.58974e+48  -9.89911e+48  1.15062e+49  -1.24977e+49  1.29166e+49  -1.27614e+49  1.20253e+49  -1.0744e+49  9.03266e+48  -7.105e+48  5.27447e+48  -3.92117e+48  3.38545e+48  -3.80835e+48  5.0495e+48  -6.77101e+48  8.59798e+48  -1.02242e+49  1.14432e+49  -1.21453e+49  1.22973e+49  -1.19063e+49  1.09729e+49  -9.45259e+48  7.25731e+48  -4.33752e+48  8.59635e+47  2.59202e+48  
-2.43964e+48  -7.8965e+47  4.16031e+48  -7.08789e+48  9.35964e+48  -1.09707e+49  1.19727e+49  -1.23967e+49  1.22447e+49  -1.15199e+49  1.02663e+49  -8.6005e+48  6.72773e+48  -4.94624e+48  3.62464e+48  -3.10105e+48  3.51759e+48  -4.73272e+48  6.41055e+48  -8.18727e+48  9.77145e+48  -1.09651e+49  1.16569e+49  -1.18057e+49  1.14088e+49  -1.04633e+49  8.93677e+48  -6.77552e+48  3.98075e+48  -7.56036e+47  -2.33497e+48  
2.16007e+48  6.81905e+47  -3.7526e+48  6.50314e+48  -8.69538e+48  1.02797e+49  -1.12742e+49  1.16967e+49  -1.15519e+49  1.08524e+49  -9.65046e+48  8.06237e+48  -6.28038e+48  4.58156e+48  -3.31608e+48  2.81391e+48  -3.21591e+48  4.38183e+48  -5.98373e+48  7.67575e+48  -9.18714e+48  1.03324e+49  -1.10005e+49  1.11422e+49  -1.07457e+49  9.80541e+48  -8.30206e+48  6.21501e+48  -3.58918e+48  6.52547e+47  2.06646e+48  
-1.87407e+48  -5.76548e+47  3.31603e+48  -5.84464e+48  7.91313e+48  -9.43665e+48  1.04033e+49  -1.08176e+49  1.06854e+49  -1.00277e+49  8.9034e+48  -7.42525e+48  5.76847e+48  -4.18383e+48  2.9973e+48  -2.52526e+48  2.90501e+48  -3.99999e+48  5.49568e+48  -7.06991e+48  8.47751e+48  -9.54946e+48  1.0178e+49  -1.03075e+49  9.91772e+48  -9.00224e+48  7.55485e+48  -5.58447e+48  3.17046e+48  -5.51474e+47  -1.79212e+48  
1.58785e+48  4.75826e+47  -2.86025e+48  5.12572e+48  -7.0262e+48  8.45299e+48  -9.36979e+48  9.76878e+48  -9.656e+48  9.05848e+48  -8.03826e+48  6.7008e+48  -5.20034e+48  3.75777e+48  -2.67044e+48  2.23633e+48  -2.58687e+48  3.59158e+48  -4.95424e+48  6.38075e+48  -7.65502e+48  8.62824e+48  -9.19966e+48  9.31024e+48  -8.93405e+48  8.06453e+48  -6.70771e+48  4.89654e+48  -2.73378e+48  4.54944e+47  1.51785e+48  
-1.30779e+48  -3.81736e+47  2.39643e+48  -4.36419e+48  6.05547e+48  -7.35007e+48  8.19471e+48  -8.5716e+48  8.48572e+48  -7.9668e+48  7.07548e+48  -5.9054e+48  4.5869e+48  -3.30912e+48  2.33782e+48  -1.94823e+48  2.26367e+48  -3.162e+48  4.36972e+48  -5.6238e+48  6.73906e+48  -7.5897e+48  8.0862e+48  -8.17072e+48  7.81466e+48  -7.01264e+48  5.78058e+48  -4.16824e+48  2.28977e+48  -3.64844e+47  -1.24972e+48  
1.04038e+48  2.95969e+47  -1.93726e+48  3.58267e+48  -5.03042e+48  6.1611e+48  -6.91295e+48  7.2615e+48  -7.20948e+48  6.78517e+48  -6.0426e+48  5.0595e+48  -3.94096e+48  2.84425e+48  -2.00179e+48  1.66195e+48  -1.93759e+48  2.71727e+48  -3.75428e+48  4.81855e+48  -5.75589e+48  6.46482e+48  -6.87099e+48  6.92275e+48  -6.59289e+48  5.8783e+48  -4.80161e+48  3.42111e+48  -1.85049e+48  2.82772e+47  9.9386e+47  
-7.92122e+47  -2.19894e+47  1.49679e+48  -2.80863e+48  3.98972e+48  -4.93236e+48  5.57474e+48  -5.8893e+48  5.87538e+48  -5.55558e+48  4.97272e+48  -4.18613e+48  3.27612e+48  -2.36963e+48  1.66452e+48  -1.37822e+48  1.61067e+48  -2.26348e+48  3.12087e+48  -3.98693e+48  4.7371e+48  -5.29372e+48  5.59999e+48  -5.61493e+48  5.31677e+48  -4.70577e+48  3.80777e+48  -2.6814e+48  1.42933e+48  -2.10019e+47  -7.5647e+47  
5.69543e+47  1.54587e+47  -1.09028e+48  2.07407e+48  -2.98069e+48  3.72228e+48  -4.24404e+48  4.51855e+48  -4.54101e+48  4.32542e+48  -3.90083e+48  3.30814e+48  -2.60529e+48  1.89113e+48  -1.3278e+48  1.09746e+48  -1.28455e+48  1.80619e+48  -2.48178e+48  3.1508e+48  -3.71614e+48  4.12171e+48  -4.3283e+48  4.30809e+48  -4.04753e+48  3.55097e+48  -2.84431e+48  1.97967e+48  -1.04085e+48  1.47596e+47  5.43746e+47  
-3.78776e+47  -1.00792e+47  7.33158e+47  -1.41285e+48  2.05466e+48  -2.59476e+48  2.98996e+48  -3.21575e+48  3.26375e+48  -3.1391e+48  2.85773e+48  -2.44459e+48  1.93879e+48  -1.41329e+48  9.92845e+47  -8.1974e+47  9.60339e+47  -1.34969e+48  1.84685e+48  -2.32833e+48  2.72245e+48  -2.99127e+48  3.11084e+48  -3.06586e+48  2.85131e+48  -2.47503e+48  1.9603e+48  -1.34822e+48  6.99719e+47  -9.62039e+46  -3.61512e+47  
2.23625e+47  5.85505e+46  -4.36672e+47  8.51506e+47  -1.25298e+48  1.60118e+48  -1.86681e+48  2.03096e+48  -2.0843e+48  2.02599e+48  -1.86243e+48  1.6067e+48  -1.2827e+48  9.38793e+47  -6.60147e+47  5.44752e+47  -6.38458e+47  8.96485e+47  -1.22185e+48  1.53029e+48  -1.77425e+48  1.93055e+48  -1.98658e+48  1.93617e+48  -1.78006e+48  1.52708e+48  -1.19521e+48  8.12365e+47  -4.16643e+47  5.58688e+46  2.13373e+47  
-1.01529e+47  -2.62886e+46  1.99433e+47  -3.92459e+47  5.83089e+47  -7.5261e+47  8.86316e+47  -9.73739e+47  1.00864e+48  -9.88841e+47  9.15896e+47  -7.95125e+47  6.37806e+47  -4.68152e+47  3.29479e+47  -2.71823e+47  3.18632e+47  -4.47037e+47  6.07539e+47  -7.57303e+47  8.72524e+47  -9.42236e+47  9.61315e+47  -9.28237e+47  8.45057e+47  -7.17695e+47  5.56119e+47  -3.74349e+47  1.90245e+47  -2.50788e+46  -9.68535e+46  
0  0  0  0  0  0  0  0  0  0  0  0  0  0  0  0  0  0  0  0  0  0  0  0  0  0  0  0  0  0  0  
