1  1  1  1  1  1  1  1  1  1  1  1  1  1  1  1  1  1  1  1  1  1  1  1  1  1  1  1  1  1  1  
3.74332e+56  1.4735e+56  -5.33596e+56  8.35591e+56  -1.09214e+57  1.31814e+57  -1.5156e+57  1.68396e+57  -1.82339e+57  1.9352e+57  -2.0216e+57  2.08551e+57  -2.13014e+57  2.15867e+57  -2.17377e+57  2.17726e+57  -2.16984e+57  2.15097e+57  -2.11901e+57  2.07141e+57  -2.00515e+57  1.91709e+57  -1.80442e+57  1.66495e+57  -1.49739e+57  1.30152e+57  -1.07786e+57  8.2437e+56  -5.26301e+56  1.45317e+56  3.6919e+56  
-7.30716e+56  -2.87726e+56  1.04124e+57  -1.6194e+57  2.09288e+57  -2.48885e+57  2.81178e+57  -3.06324e+57  3.24794e+57  -3.37369e+57  3.45055e+57  -3.48996e+57  3.50373e+57  -3.50296e+57  3.49683e+57  -3.49144e+57  3.48904e+57  -3.48771e+57  3.48165e+57  -3.46199e+57  3.41789e+57  -3.33773e+57  3.21025e+57  -3.02547e+57  2.77557e+57  -2.4558e+57  2.06448e+57  -1.59709e+57  1.02675e+57  -2.837e+56  -7.20517e+56  
1.05445e+57  4.15262e+56  -1.50229e+57  2.31381e+57  -2.94307e+57  3.42895e+57  -3.78322e+57  4.01672e+57  -4.14574e+57  4.19018e+57  -4.17176e+57  4.11295e+57  -4.03605e+57  3.96175e+57  -3.90716e+57  3.88373e+57  -3.89564e+57  3.93918e+57  -4.00337e+57  4.07151e+57  -4.12333e+57  4.13684e+57  -4.08979e+57  3.96062e+57  -3.72943e+57  3.37986e+57  -2.90088e+57  2.28067e+57  -1.48079e+57  4.09322e+56  1.03936e+57  
-1.33595e+57  -5.25894e+56  1.90428e+57  -2.90186e+57  3.62743e+57  -4.13623e+57  4.45693e+57  -4.61827e+57  4.65226e+57  -4.59031e+57  4.46226e+57  -4.29745e+57  4.12539e+57  -3.97459e+57  3.86966e+57  -3.82757e+57  3.85457e+57  -3.94502e+57  4.08253e+57  -4.24307e+57  4.39865e+57  -4.52019e+57  4.57868e+57  -4.54446e+57  4.38614e+57  -4.07161e+57  3.5719e+57  -2.85828e+57  1.87606e+57  -5.18156e+56  -1.31623e+57  
1.57091e+57  6.17482e+56  -2.24279e+57  3.38464e+57  -4.16399e+57  4.66017e+57  -4.92796e+57  5.01752e+57  -4.973e+57  4.82959e+57  -4.61735e+57  4.36714e+57  -4.11361e+57  3.89372e+57  -3.74159e+57  3.68168e+57  -3.72314e+57  3.85753e+57  -4.06111e+57  4.30045e+57  -4.53926e+57  4.74345e+57  -4.88257e+57  4.92677e+57  -4.84092e+57  4.58071e+57  -4.09573e+57  3.33111e+57  -2.20823e+57  6.08096e+56  1.54687e+57  
-1.75909e+57  -6.89499e+56  2.51928e+57  -3.77389e+57  4.58509e+57  -5.06233e+57  5.29001e+57  -5.33564e+57  5.24626e+57  -5.05157e+57  4.77629e+57  -4.45147e+57  4.11876e+57  -3.82714e+57  3.6242e+57  -3.54497e+57  3.60262e+57  -3.78477e+57  4.05722e+57  -4.37321e+57  4.68455e+57  -4.95028e+57  5.13986e+57  -5.22886e+57  5.1876e+57  -4.96886e+57  4.50482e+57  -3.71102e+57  2.47882e+57  -6.78645e+56  -1.73114e+57  
1.90285e+57  7.42544e+56  -2.73839e+57  4.08475e+57  -4.92232e+57  5.39184e+57  -5.60425e+57  5.63602e+57  -5.52803e+57  5.29925e+57  -4.96816e+57  4.56782e+57  -4.14987e+57  3.77871e+57  -3.51865e+57  3.41777e+57  -3.4942e+57  3.73067e+57  -4.07999e+57  4.47882e+57  -4.8637e+57  5.18382e+57  -5.40673e+57  5.51428e+57  -5.4875e+57  5.28531e+57  -4.8309e+57  4.01326e+57  -2.69258e+57  7.30427e+56  1.87143e+57  
-2.00575e+57  -7.77865e+56  2.9058e+57  -4.33104e+57  5.19937e+57  -5.67876e+57  5.89961e+57  -5.93917e+57  5.82716e+57  -5.57116e+57  5.18508e+57  -4.70594e+57  4.19706e+57  -3.74001e+57  3.41786e+57  -3.29353e+57  3.39084e+57  -3.68686e+57  4.11963e+57  -4.60716e+57  5.06898e+57  -5.44275e+57  5.69215e+57  -5.80366e+57  5.76969e+57  -5.56028e+57  5.09779e+57  -4.25176e+57  2.85525e+57  -7.64712e+56  -1.97137e+57  
2.07165e+57  7.97014e+56  -3.0269e+57  4.52318e+57  -5.43072e+57  5.93695e+57  -6.18364e+57  6.24345e+57  -6.13403e+57  5.85336e+57  -5.41257e+57  4.85341e+57  -4.25108e+57  3.70488e+57  -3.31781e+57  3.16899e+57  -3.28855e+57  3.64725e+57  -4.16697e+57  4.7459e+57  -5.28603e+57  5.71327e+57  -5.98667e+57  6.09553e+57  -6.04188e+57  5.80774e+57  -5.32007e+57  4.43704e+57  -2.97227e+57  7.83066e+56  2.03485e+57  
-2.1042e+57  -8.01621e+56  3.10613e+57  -4.66781e+57  5.62313e+57  -6.16941e+57  6.45256e+57  -6.53832e+57  6.43385e+57  -6.12998e+57  5.63615e+57  -4.9986e+57  4.30376e+57  -3.66835e+57  3.21578e+57  -3.04226e+57  3.18464e+57  -3.60691e+57  4.21391e+57  -4.88354e+57  5.50051e+57  -5.97965e+57  6.27565e+57  -6.37952e+57  6.30042e+57  -6.03084e+57  5.50461e+57  -4.5758e+57  3.04816e+57  -7.8713e+56  -2.06556e+57  
2.10666e+57  7.93286e+56  -3.14684e+57  4.76828e+57  -5.77783e+57  6.37279e+57  -6.69754e+57  6.81064e+57  -6.71147e+57  6.38589e+57  -5.84228e+57  5.1307e+57  -4.3476e+57  3.62614e+57  -3.1098e+57  2.9122e+57  -3.07715e+57  3.56162e+57  -4.25306e+57  5.00937e+57  -5.699e+57  6.22692e+57  -6.54409e+57  6.64262e+57  -6.53663e+57  6.22634e+57  -5.65276e+57  4.67152e+57  -3.0863e+57  7.78504e+56  2.06677e+57  
-2.08186e+57  -7.73539e+56  3.15143e+57  -4.82554e+57  5.89248e+57  -6.5405e+57  6.90803e+57  -7.04734e+57  6.95281e+57  -6.60733e+57  6.0186e+57  -5.23973e+57  4.37571e+57  -3.57445e+57  2.9984e+57  -2.77819e+57  2.96462e+57  -3.50761e+57  4.27756e+57  -5.11351e+57  5.86928e+57  -6.44146e+57  6.77808e+57  -6.87193e+57  6.74008e+57  -6.38778e+57  5.7623e+57  -4.72521e+57  3.08917e+57  -7.58719e+56  -2.04135e+57  
2.03234e+57  7.43846e+56  -3.12164e+57  4.8389e+57  -5.96276e+57  6.66454e+57  -7.07337e+57  7.23637e+57  -7.14539e+57  6.7821e+57  -6.15403e+57  5.31666e+57  -4.38183e+57  3.50994e+57  -2.88044e+57  2.63995e+57  -2.84596e+57  3.44158e+57  -4.28123e+57  5.187e+57  -6.00036e+57  6.61119e+57  -6.96524e+57  7.05549e+57  -6.90027e+57  6.50728e+57  -5.82898e+57  4.73624e+57  -3.05848e+57  7.29229e+56  1.9918e+57  
-1.96042e+57  -7.0563e+56  3.05875e+57  -4.80677e+57  5.98333e+57  -6.73655e+57  7.18346e+57  -7.36689e+57  7.27826e+57  -6.89955e+57  6.23884e+57  -5.35348e+57  4.36041e+57  -3.42974e+57  2.75512e+57  -2.49743e+57  2.72034e+57  -3.36068e+57  4.25855e+57  -5.22191e+57  6.08261e+57  -6.72558e+57  7.09475e+57  -7.18262e+57  7.00717e+57  -6.57656e+57  5.84756e+57  -4.70309e+57  2.99556e+57  -6.91443e+56  -1.92045e+57  
1.86838e+57  6.60298e+56  -2.96394e+57  4.72728e+57  -5.94866e+57  6.74835e+57  -7.22892e+57  7.42927e+57  -7.34187e+57  6.95052e+57  -6.26467e+57  5.34337e+57  -4.30677e+57  3.33148e+57  -2.62191e+57  2.35081e+57  -2.58724e+57  3.26253e+57  -4.20487e+57  5.21146e+57  -6.10776e+57  6.77555e+57  -7.15717e+57  7.24377e+57  -7.05152e+57  6.58755e+57  -5.81257e+57  4.62393e+57  -2.9016e+57  6.46747e+56  1.82953e+57  
-1.75853e+57  -6.09263e+56  2.83853e+57  -4.59877e+57  5.85351e+57  -6.69229e+57  7.20116e+57  -7.41488e+57  7.32792e+57  -6.92721e+57  6.22461e+57  -5.28075e+57  4.21716e+57  -3.21338e+57  2.48054e+57  -2.20039e+57  2.44638e+57  -3.14537e+57  4.11647e+57  -5.15013e+57  6.06894e+57  -6.75339e+57  7.14427e+57  -7.23039e+57  7.0248e+57  -6.53267e+57  5.71883e+57  -4.49711e+57  2.77789e+57  -5.96528e+56  -1.72133e+57  
1.63332e+57  5.53948e+56  -2.68417e+57  4.4202e+57  -5.69341e+57  6.56153e+57  -7.09242e+57  7.31602e+57  -7.22922e+57  6.8232e+57  -6.11323e+57  5.16149e+57  -4.08894e+57  3.07427e+57  -2.33102e+57  2.04662e+57  -2.29777e+57  3.00801e+57  -3.99067e+57  5.03378e+57  -5.96076e+57  6.65271e+57  -7.04893e+57  7.13485e+57  -6.91932e+57  6.40512e+57  -5.56192e+57  4.3216e+57  -2.62604e+57  5.42179e+56  1.59825e+57  
-1.4954e+57  -4.95793e+56  2.50303e+57  -4.19154e+57  5.46514e+57  -6.35042e+57  6.89597e+57  -7.126e+57  7.03979e+57  -6.63354e+57  5.92677e+57  -4.98304e+57  3.9207e+57  -2.91373e+57  2.17362e+57  -1.89004e+57  2.14165e+57  -2.84998e+57  3.82605e+57  -4.85986e+57  5.77947e+57  -6.46859e+57  6.8652e+57  -6.9505e+57  6.72839e+57  -6.19929e+57  5.33861e+57  -4.09733e+57  2.44818e+57  -4.85105e+56  -1.46287e+57  
1.34762e+57  4.36229e+56  -2.29795e+57  3.91412e+57  -5.16721e+57  6.055e+57  -6.60663e+57  6.83962e+57  -6.75524e+57  6.35511e+57  -5.66347e+57  4.74472e+57  -3.71239e+57  2.73206e+57  -2.00887e+57  1.73127e+57  -1.97853e+57  2.67155e+57  -3.6225e+57  4.62762e+57  -5.52326e+57  6.19789e+57  -6.58867e+57  6.67214e+57  -6.44684e+57  5.91123e+57  -5.04738e+57  3.8256e+57  -2.24707e+57  4.26703e+56  1.31796e+57  
-1.19307e+57  -3.76661e+56  2.07255e+57  -3.59099e+57  4.80043e+57  -5.67379e+57  6.22154e+57  -6.45387e+57  6.37346e+57  -5.98724e+57  5.32401e+57  -4.44795e+57  3.46546e+57  -2.53036e+57  1.83754e+57  -1.57096e+57  1.80916e+57  -2.47376e+57  3.3814e+57  -4.33839e+57  5.19272e+57  -5.83988e+57  6.21721e+57  -6.29674e+57  6.07177e+57  -5.53939e+57  4.68897e+57  -3.50935e+57  2.02624e+57  -3.68342e+56  -1.16654e+57  
1.035e+57  3.18431e+56  -1.83128e+57  3.22721e+57  -4.36853e+57  5.20862e+57  -5.74125e+57  5.96915e+57  -5.89574e+57  5.53258e+57  -4.91209e+57  4.09656e+57  -3.18295e+57  2.3105e+57  -1.66066e+57  1.40981e+57  -1.6345e+57  2.2584e+57  -3.10565e+57  3.99586e+57  -4.7914e+57  5.39705e+57  -5.75197e+57  5.8246e+57  -5.60365e+57  5.08552e+57  -4.267e+57  3.15348e+57  -1.79003e+57  3.11325e+56  1.01178e+57  
-8.7685e+56  -2.62776e+56  1.57945e+57  -2.83011e+57  3.87884e+57  -4.66577e+57  5.17111e+57  -5.39072e+57  5.32806e+57  -4.99807e+57  4.43496e+57  -3.69696e+57  2.86944e+57  -2.07506e+57  1.47938e+57  -1.24851e+57  1.4557e+57  -2.02797e+57  2.7997e+57  -3.60626e+57  4.32636e+57  -4.87615e+57  5.19875e+57  -5.26079e+57  5.04763e+57  -4.55569e+57  3.78859e+57  -2.76516e+57  1.54361e+57  -2.56858e+56  -8.57014e+56  
7.22137e+56  2.10795e+56  -1.32323e+57  2.40952e+57  -3.34289e+57  4.05704e+57  -4.52274e+57  4.73029e+57  -4.68253e+57  4.3959e+57  -3.90389e+57  3.25818e+57  -2.53094e+57  1.82721e+57  -1.29498e+57  1.08767e+57  -1.27396e+57  1.78552e+57  -2.4694e+57  3.17838e+57  -3.80856e+57  4.28904e+57  -4.56931e+57  4.61668e+57  -4.41504e+57  3.96142e+57  -3.26499e+57  2.35399e+57  -1.293e+57  2.06009e+56  7.05679e+56  
-5.74433e+56  -1.63421e+56  1.06962e+57  -1.97794e+57  2.77695e+57  -3.40077e+57  3.8154e+57  -4.00742e+57  3.97841e+57  -3.74402e+57  3.33408e+57  -2.79152e+57  2.17451e+57  -1.57044e+57  1.10874e+57  -9.2784e+56  1.09055e+57  -1.53446e+57  2.12161e+57  -2.72324e+57  3.25283e+57  -3.65324e+57  3.88249e+57  -3.91142e+57  3.7247e+57  -3.32063e+57  2.71211e+57  -1.93216e+57  1.04503e+57  -1.59681e+56  -5.61251e+56  
4.37329e+56  1.21406e+56  -8.26361e+56  1.55052e+57  -2.20239e+57  2.72251e+57  -3.07683e+57  3.25019e+57  -3.24228e+57  3.0656e+57  -2.7438e+57  2.30967e+57  -1.80767e+57  1.30834e+57  -9.21874e+56  7.69436e+56  -9.06613e+56  1.27826e+57  -1.76367e+57  2.25322e+57  -2.67703e+57  2.99139e+57  -3.16424e+57  3.17244e+57  -3.00373e+57  2.6583e+57  -2.15083e+57  1.51447e+57  -8.07246e+56  1.18608e+56  4.27226e+56  
-3.14421e+56  -8.53424e+55  6.01894e+56  -1.14495e+57  1.64532e+57  -2.05454e+57  2.34237e+57  -2.49371e+57  2.50593e+57  -2.38681e+57  2.15239e+57  -1.82526e+57  1.43751e+57  -1.04411e+57  7.35346e+56  -6.12692e+56  7.23089e+56  -1.02004e+57  1.40252e+57  -1.78067e+57  2.10005e+57  -2.32909e+57  2.44566e+57  -2.43407e+57  2.28668e+57  -2.006e+57  1.60668e+57  -1.1182e+57  5.87886e+56  -8.33615e+55  -3.07111e+56  
2.09091e+56  5.564e+55  -4.04714e+56  7.79887e+56  -1.13411e+57  1.43215e+57  -1.65019e+57  1.7747e+57  -1.80108e+57  1.73219e+57  -1.57683e+57  1.3488e+57  -1.06976e+57  7.80276e+56  -5.49821e+56  4.57648e+56  -5.4061e+56  7.62253e+56  -1.0437e+57  1.31585e+57  -1.5385e+57  1.6903e+57  -1.75775e+57  1.73222e+57  -1.6109e+57  1.39823e+57  -1.10737e+57  7.61573e+56  -3.95238e+56  5.43398e+55  2.04199e+56  
-1.23437e+56  -3.23192e+55  2.41034e+56  -4.70002e+56  6.9158e+56  -8.83729e+56  1.03029e+57  -1.12082e+57  1.1502e+57  -1.11796e+57  1.02764e+57  -8.86494e+56  7.07747e+56  -5.18298e+56  3.65568e+56  -3.04127e+56  3.59422e+56  -5.06309e+56  6.90503e+56  -8.64839e+56  1.00266e+57  -1.09091e+57  1.12251e+57  -1.09396e+57  1.00571e+57  -8.62731e+56  6.75209e+56  -4.5891e+56  2.35358e+56  -3.15593e+55  -1.20532e+56  
5.60394e+55  1.45102e+55  -1.10077e+56  2.16615e+56  -3.21822e+56  4.15371e+56  -4.89145e+56  5.37369e+56  -5.56604e+56  5.45648e+56  -5.05369e+56  4.38707e+56  -3.51916e+56  2.5846e+56  -1.82452e+56  1.51754e+56  -1.79378e+56  2.52476e+56  -3.4334e+56  4.27989e+56  -4.93078e+56  5.32442e+56  -5.43192e+56  5.24475e+56  -4.77453e+56  4.05477e+56  -3.1418e+56  2.11483e+56  -1.07474e+56  1.41674e+55  5.47144e+55  
0  0  0  0  0  0  0  0  0  0  0  0  0  0  0  0  0  0  0  0  0  0  0  0  0  0  0  0  0  0  0  
