1  1  1  1  1  1  1  1  1  1  1  1  1  1  1  1  1  1  1  1  1  1  1  1  1  1  1  1  1  1  1  
5.85251e+58  2.30374e+58  -8.34256e+58  1.30644e+59  -1.7076e+59  2.06102e+59  -2.36989e+59  2.63329e+59  -2.85153e+59  3.02663e+59  -3.16207e+59  3.26238e+59  -3.33259e+59  3.37766e+59  -3.40176e+59  3.4077e+59  -3.39657e+59  3.3675e+59  -3.31789e+59  3.24376e+59  -3.14034e+59  3.00272e+59  -2.82648e+59  2.6082e+59  -2.34584e+59  2.03909e+59  -1.68875e+59  1.29162e+59  -8.24625e+58  2.2769e+58  5.78462e+58  
-1.14242e+59  -4.49837e+58  1.62791e+59  -2.53184e+59  3.27216e+59  -3.89133e+59  4.39638e+59  -4.78976e+59  5.07885e+59  -5.27587e+59  5.39658e+59  -5.45883e+59  5.4811e+59  -5.48074e+59  5.47205e+59  -5.46457e+59  5.46176e+59  -5.46059e+59  5.45195e+59  -5.4219e+59  5.35345e+59  -5.2284e+59  5.02909e+59  -4.73989e+59  4.34857e+59  -3.84771e+59  3.23467e+59  -2.50239e+59  1.60878e+59  -4.44521e+58  -1.12895e+59  
1.6485e+59  6.49213e+58  -2.34865e+59  3.61736e+59  -4.60113e+59  5.36076e+59  -5.91466e+59  6.27984e+59  -6.48179e+59  6.55167e+59  -6.52343e+59  6.43224e+59  -6.31296e+59  6.19791e+59  -6.11382e+59  6.07856e+59  -6.09861e+59  6.16811e+59  -6.2698e+59  6.37753e+59  -6.45949e+59  6.48124e+59  -6.40792e+59  6.20577e+59  -5.84364e+59  5.29594e+59  -4.54543e+59  3.57361e+59  -2.32027e+59  6.41371e+58  1.62858e+59  
-2.08853e+59  -8.22147e+58  2.97699e+59  -4.53647e+59  5.67061e+59  -6.46583e+59  6.96702e+59  -7.21918e+59  7.2724e+59  -7.17587e+59  6.97625e+59  -6.71943e+59  6.45154e+59  -6.21715e+59  6.05469e+59  -5.99065e+59  6.03477e+59  -6.17811e+59  6.39496e+59  -6.64763e+59  6.89227e+59  -7.08329e+59  7.17525e+59  -7.12172e+59  6.87356e+59  -6.38052e+59  5.5973e+59  -4.47892e+59  2.93974e+59  -8.11931e+58  -2.06249e+59  
2.45574e+59  9.65293e+58  -3.50604e+59  5.29087e+59  -6.50884e+59  7.28407e+59  -7.70226e+59  7.84199e+59  -7.77235e+59  7.54841e+59  -7.21721e+59  6.82699e+59  -6.43192e+59  6.08977e+59  -5.85383e+59  5.76232e+59  -5.82947e+59  6.04199e+59  -6.3626e+59  6.73894e+59  -7.11411e+59  7.43468e+59  -7.65294e+59  7.72217e+59  -7.58735e+59  7.17916e+59  -6.41872e+59  5.22019e+59  -3.4604e+59  9.52901e+58  2.424e+59  
-2.74979e+59  -1.07783e+59  3.93805e+59  -5.89895e+59  7.16645e+59  -7.91178e+59  8.26703e+59  -8.33792e+59  8.19807e+59  -7.89398e+59  7.4643e+59  -6.95757e+59  6.43887e+59  -5.9848e+59  5.66971e+59  -5.54835e+59  5.64122e+59  -5.92886e+59  6.35762e+59  -6.85424e+59  7.34318e+59  -7.76025e+59  8.0576e+59  -8.19695e+59  8.13182e+59  -7.78838e+59  7.06048e+59  -5.81594e+59  3.88465e+59  -1.0635e+59  -2.71288e+59  
2.97437e+59  1.1607e+59  -4.28033e+59  6.38442e+59  -7.69289e+59  8.42591e+59  -8.75711e+59  8.80623e+59  -8.63725e+59  8.2799e+59  -7.76305e+59  7.13836e+59  -6.48655e+59  5.90831e+59  -5.50416e+59  5.34926e+59  -5.47188e+59  5.84488e+59  -6.39429e+59  7.02086e+59  -7.62513e+59  8.1275e+59  -8.4771e+59  8.64548e+59  -8.60296e+59  8.28527e+59  -7.5722e+59  6.29004e+59  -4.21985e+59  1.1447e+59  2.93288e+59  
-3.13506e+59  -1.21585e+59  4.54178e+59  -6.76895e+59  8.12527e+59  -8.87351e+59  9.21777e+59  -9.279e+59  9.10375e+59  -8.7039e+59  8.10113e+59  -7.35334e+59  6.55948e+59  -5.84711e+59  5.3461e+59  -5.15481e+59  5.31043e+59  -5.77694e+59  6.45725e+59  -7.22292e+59  7.94785e+59  -8.53436e+59  8.92551e+59  -9.10009e+59  9.04624e+59  -8.71708e+59  7.99115e+59  -6.66429e+59  4.47503e+59  -1.19849e+59  -3.08966e+59  
3.23791e+59  1.24573e+59  -4.73082e+59  7.06884e+59  -8.48626e+59  9.2763e+59  -9.66087e+59  9.75372e+59  -9.58253e+59  9.14415e+59  -8.45591e+59  7.58307e+59  -6.64321e+59  5.79158e+59  -5.18923e+59  4.9599e+59  -5.15061e+59  5.71549e+59  -6.53216e+59  7.44114e+59  -8.28884e+59  8.95918e+59  -9.38798e+59  9.55844e+59  -9.4737e+59  9.10571e+59  -8.34016e+59  6.9551e+59  -4.6587e+59  1.22731e+59  3.18931e+59  
-3.28863e+59  -1.25287e+59  4.85441e+59  -7.29448e+59  8.78645e+59  -9.63899e+59  1.00805e+60  -1.02139e+60  1.00505e+60  -9.57584e+59  8.80472e+59  -7.80939e+59  6.72496e+59  -5.73394e+59  5.02931e+59  -4.76154e+59  4.9882e+59  -5.65282e+59  6.60634e+59  -7.65749e+59  8.62564e+59  -9.37736e+59  9.84161e+59  -1.00042e+60  9.87963e+59  -9.45603e+59  8.62997e+59  -7.17301e+59  4.77787e+59  -1.23374e+59  -3.23761e+59  
3.29232e+59  1.23979e+59  -4.91781e+59  7.45115e+59  -9.02776e+59  9.95634e+59  -1.04628e+60  1.0639e+60  -1.04839e+60  9.97531e+59  -9.12641e+59  8.01537e+59  -6.793e+59  5.66749e+59  -4.86326e+59  4.55798e+59  -4.82015e+59  5.58231e+59  -6.66818e+59  7.85519e+59  -8.93725e+59  9.76543e+59  -1.02629e+60  1.04172e+60  -1.02504e+60  9.76299e+59  -8.86264e+59  7.32341e+59  -4.83789e+59  1.22027e+59  3.23966e+59  
-3.25343e+59  -1.20888e+59  4.92479e+59  -7.54034e+59  9.20659e+59  -1.02181e+60  1.07914e+60  -1.10086e+60  1.08607e+60  -1.0321e+60  9.40164e+59  -8.18543e+59  6.83656e+59  -5.58631e+59  4.68876e+59  -4.34824e+59  4.64417e+59  -5.49807e+59  6.70697e+59  -8.01878e+59  9.20449e+59  -1.01021e+60  1.063e+60  -1.0777e+60  1.05697e+60  -1.00164e+60  9.03471e+59  -7.40787e+59  4.84258e+59  -1.18931e+59  -3.19994e+59  
3.17592e+59  1.16243e+59  -4.87805e+59  7.56095e+59  -9.31614e+59  1.04116e+60  -1.10496e+60  1.13037e+60  -1.11614e+60  1.0594e+60  -9.61307e+59  8.30541e+59  -6.84583e+59  5.48516e+59  -4.50405e+59  4.13187e+59  -4.45852e+59  5.39491e+59  -6.71301e+59  8.13422e+59  -9.41018e+59  1.03683e+60  -1.09236e+60  1.10649e+60  -1.0821e+60  1.0204e+60  -9.13951e+59  7.42542e+59  -4.79466e+59  1.14313e+59  3.12239e+59  
-3.06343e+59  -1.10267e+59  4.77961e+59  -7.51055e+59  9.3481e+59  -1.0524e+60  1.12215e+60  -1.15076e+60  1.1369e+60  -1.07774e+60  9.74549e+59  -8.36281e+59  6.81216e+59  -5.35955e+59  4.30788e+59  -3.90881e+59  4.26195e+59  -5.26836e+59  6.67768e+59  -8.1891e+59  9.53922e+59  -1.05477e+60  1.11267e+60  -1.12643e+60  1.09887e+60  -1.03128e+60  9.16884e+59  -7.37366e+59  4.6962e+59  -1.08394e+59  -3.01065e+59  
2.91951e+59  1.0318e+59  -4.63133e+59  7.38618e+59  -9.29379e+59  1.05424e+60  -1.12925e+60  1.16051e+60  -1.14684e+60  1.08571e+60  -9.78584e+59  8.34694e+59  -6.7282e+59  5.20578e+59  -4.0994e+59  3.67933e+59  -4.05362e+59  5.11475e+59  -6.59367e+59  8.17279e+59  -9.57867e+59  1.06261e+60  -1.12245e+60  1.13602e+60  -1.10583e+60  1.03301e+60  -9.11412e+59  7.24972e+59  -4.54903e+59  1.01391e+59  2.86822e+59  
-2.74778e+59  -9.52019e+58  4.43526e+59  -7.18525e+59  9.14503e+59  -1.04548e+60  1.12492e+60  -1.15827e+60  1.14467e+60  -1.08207e+60  9.72329e+59  -8.24909e+59  6.5881e+59  -5.02104e+59  3.8782e+59  -3.44391e+59  3.8331e+59  -4.93125e+59  6.45515e+59  -8.07664e+59  9.51777e+59  -1.05912e+60  1.12042e+60  -1.13391e+60  1.10163e+60  -1.0244e+60  8.96723e+59  -7.05103e+59  4.35519e+59  -9.35205e+58  -2.69867e+59  
2.55207e+59  8.65562e+58  -4.19397e+59  6.90613e+59  -8.89485e+59  1.02505e+60  -1.10794e+60  1.14284e+60  -1.12926e+60  1.06584e+60  -9.54936e+59  8.06278e+59  -6.38771e+59  4.80354e+59  -3.64429e+59  3.20324e+59  -3.60039e+59  4.71605e+59  -6.25797e+59  7.89418e+59  -9.34806e+59  1.04333e+60  -1.10546e+60  1.11892e+60  -1.08508e+60  1.0044e+60  -8.72125e+59  6.77595e+59  -4.11722e+59  8.50023e+58  2.50577e+59  
-2.33652e+59  -7.74673e+58  3.91086e+59  -6.54878e+59  8.53819e+59  -9.92075e+59  1.07726e+60  -1.11317e+60  1.09968e+60  -1.03622e+60  9.25816e+59  -7.78405e+59  6.12483e+59  -4.55257e+59  3.39809e+59  -2.95817e+59  3.35588e+59  -4.4684e+59  5.99987e+59  -7.62142e+59  9.06368e+59  -1.01444e+60  1.07663e+60  -1.09e+60  1.05513e+60  -9.72122e+59  8.37113e+59  -6.42441e+59  3.83844e+59  -7.60562e+58  -2.29356e+59  
2.10558e+59  6.8159e+58  -3.59038e+59  6.11529e+59  -8.07271e+59  9.45929e+59  -1.03207e+60  1.06844e+60  -1.05525e+60  9.92735e+59  -8.84693e+59  7.41179e+59  -5.79938e+59  4.26863e+59  -3.14043e+59  2.70966e+59  -3.10038e+59  4.18874e+59  -5.68071e+59  7.25718e+59  -8.6618e+59  9.71978e+59  -1.03325e+60  1.04633e+60  -1.01097e+60  9.26947e+59  -7.9145e+59  5.99842e+59  -3.5232e+59  6.69014e+58  2.06642e+59  
-1.86406e+59  -5.88507e+58  3.23815e+59  -5.61039e+59  7.49967e+59  -8.86379e+59  9.71921e+59  -1.00819e+60  9.95619e+59  -9.35279e+59  8.31672e+59  -6.94823e+59  5.41362e+59  -3.95342e+59  2.87253e+59  -2.45876e+59  2.83505e+59  -3.87869e+59  5.30263e+59  -6.80358e+59  8.14338e+59  -9.15823e+59  9.74989e+59  -9.87448e+59  9.52148e+59  -8.68635e+59  7.35252e+59  -5.50259e+59  3.17701e+59  -5.77523e+58  -1.82904e+59  
1.61707e+59  4.97517e+58  -2.86115e+59  5.04199e+59  -6.8249e+59  8.13712e+59  -8.96898e+59  9.32483e+59  -9.21002e+59  8.64263e+59  -7.6733e+59  6.39933e+59  -4.97228e+59  3.60986e+59  -2.59595e+59  2.20655e+59  -2.56142e+59  3.54108e+59  -4.87021e+59  6.26639e+59  -7.51396e+59  8.4637e+59  -9.02021e+59  9.13398e+59  -8.78731e+59  7.97459e+59  -6.69085e+59  4.94465e+59  -2.80668e+59  4.88136e+58  1.58641e+59  
-1.36996e+59  -4.10555e+58  2.46766e+59  -4.42155e+59  6.05985e+59  -7.28908e+59  8.07837e+59  -8.4213e+59  8.3233e+59  -7.80772e+59  6.92801e+59  -5.77513e+59  4.48252e+59  -3.24198e+59  2.31252e+59  -1.95408e+59  2.28126e+59  -3.1798e+59  4.39044e+59  -5.65539e+59  6.78462e+59  -7.64675e+59  8.15257e+59  -8.24974e+59  7.91534e+59  -7.14375e+59  5.94069e+59  -4.3358e+59  2.42034e+59  -4.02742e+58  -1.34377e+59  
1.12823e+59  3.29337e+58  -2.06733e+59  3.76443e+59  -5.22253e+59  6.33811e+59  -7.0655e+59  7.38962e+59  -7.31492e+59  6.86709e+59  -6.09844e+59  5.08972e+59  -3.95373e+59  2.85472e+59  -2.02424e+59  1.70234e+59  -1.9965e+59  2.79968e+59  -3.87247e+59  4.98437e+59  -5.97257e+59  6.72601e+59  -7.16545e+59  7.23964e+59  -6.92331e+59  6.21187e+59  -5.11968e+59  3.69112e+59  -2.02742e+59  3.23017e+58  1.1065e+59  
-8.97451e+58  -2.55318e+58  1.67108e+59  -3.09014e+59  4.33837e+59  -5.31285e+59  5.9605e+59  -6.26039e+59  6.21501e+59  -5.84878e+59  5.20833e+59  -4.36074e+59  3.39693e+59  -2.45355e+59  1.73311e+59  -1.45219e+59  1.70909e+59  -2.40604e+59  3.32709e+59  -4.27059e+59  5.10106e+59  -5.72892e+59  6.08836e+59  -6.13365e+59  5.84076e+59  -5.20705e+59  4.25276e+59  -3.02969e+59  1.63862e+59  -2.5038e+58  -8.80046e+58  
6.83241e+58  1.89674e+58  -1.29103e+59  2.42236e+59  -3.44072e+59  4.25323e+59  -4.8067e+59  5.07746e+59  -5.06504e+59  4.78899e+59  -4.28624e+59  3.60803e+59  -2.82385e+59  2.04404e+59  -1.44099e+59  1.20427e+59  -1.42084e+59  2.00432e+59  -2.76577e+59  3.5335e+59  -4.19809e+59  4.69102e+59  -4.96201e+59  4.97481e+59  -4.71018e+59  4.16846e+59  -3.37265e+59  2.37476e+59  -1.26579e+59  1.8598e+58  6.69902e+58  
-4.91216e+58  -1.3333e+58  9.40329e+58  -1.78872e+59  2.57042e+59  -3.20969e+59  3.65931e+59  -3.89568e+59  3.91474e+59  -3.72862e+59  3.36237e+59  -2.85131e+59  2.24562e+59  -1.63123e+59  1.14941e+59  -9.58946e+58  1.13323e+59  -1.59945e+59  2.19941e+59  -2.79244e+59  3.29326e+59  -3.6524e+59  3.83516e+59  -3.81694e+59  3.58578e+59  -3.1456e+59  2.5194e+59  -1.7534e+59  9.21835e+58  -1.30714e+58  -4.81564e+58  
3.26657e+58  8.69249e+57  -6.32272e+58  1.21839e+59  -1.77177e+59  2.23736e+59  -2.57796e+59  2.77244e+59  -2.81363e+59  2.70598e+59  -2.46326e+59  2.10701e+59  -1.67113e+59  1.21903e+59  -8.59416e+58  7.1628e+58  -8.47255e+58  1.19523e+59  -1.63673e+59  2.06352e+59  -2.41265e+59  2.65067e+59  -2.75642e+59  2.71636e+59  -2.52608e+59  2.19257e+59  -1.73646e+59  1.19421e+59  -6.19761e+58  8.52082e+57  3.20198e+58  
-1.9284e+58  -5.04909e+57  3.76556e+58  -7.34258e+58  1.08041e+59  -1.38058e+59  1.60953e+59  -1.75095e+59  1.79683e+59  -1.74645e+59  1.60534e+59  -1.38483e+59  1.10561e+59  -8.09738e+58  5.71411e+58  -4.75999e+58  5.63297e+58  -7.93909e+58  1.08284e+59  -1.35624e+59  1.57235e+59  -1.71074e+59  1.76026e+59  -1.71549e+59  1.57707e+59  -1.35286e+59  1.0588e+59  -7.19614e+58  3.69062e+58  -4.94875e+57  -1.89004e+58  
8.7547e+57  2.26684e+57  -1.71967e+58  3.38402e+58  -5.02759e+58  6.489e+58  -7.64146e+58  8.39475e+58  -8.69518e+58  8.52396e+58  -7.89465e+58  6.85323e+58  -5.49746e+58  4.03791e+58  -2.85185e+58  2.37516e+58  -2.81127e+58  3.95891e+58  -5.38423e+58  6.71173e+58  -7.73238e+58  8.34959e+58  -8.51811e+58  8.22451e+58  -7.48709e+58  6.35837e+58  -4.92669e+58  3.31627e+58  -1.6853e+58  2.22158e+57  8.57977e+57  
0  0  0  0  0  0  0  0  0  0  0  0  0  0  0  0  0  0  0  0  0  0  0  0  0  0  0  0  0  0  0  
