1  1  1  1  1  1  1  1  1  1  1  1  1  1  1  1  1  1  1  1  1  1  1  1  1  1  1  1  1  1  1  
1.06477e+62  4.19126e+61  -1.5178e+62  2.37692e+62  -3.10689e+62  3.7501e+62  -4.31233e+62  4.79195e+62  -5.18952e+62  5.50874e+62  -5.75591e+62  5.93928e+62  -6.06799e+62  6.15102e+62  -6.19592e+62  6.20781e+62  -6.18858e+62  6.13664e+62  -6.04719e+62  5.91294e+62  -5.72518e+62  5.47492e+62  -5.15409e+62  4.75645e+62  -4.27831e+62  3.71906e+62  -3.08022e+62  2.35596e+62  -1.50418e+62  4.15329e+61  1.05516e+62  
-2.0784e+62  -8.18386e+61  2.96167e+62  -4.60626e+62  5.95326e+62  -7.07996e+62  7.99915e+62  -8.71536e+62  9.24201e+62  -9.60139e+62  9.82217e+62  -9.93683e+62  9.97898e+62  -9.98015e+62  9.96633e+62  -9.95479e+62  9.95178e+62  -9.95165e+62  9.93774e+62  -9.88458e+62  9.76115e+62  -9.53423e+62  9.17161e+62  -8.64479e+62  7.93151e+62  -7.01824e+62  5.90022e+62  -4.56459e+62  2.9346e+62  -8.10865e+61  -2.05935e+62  
2.99902e+62  1.18108e+62  -4.27276e+62  6.58084e+62  -8.37054e+62  9.7525e+62  -1.07603e+63  1.14249e+63  -1.17928e+63  1.19208e+63  -1.18707e+63  1.17065e+63  -1.14915e+63  1.12847e+63  -1.11344e+63  1.10733e+63  -1.11129e+63  1.12425e+63  -1.14305e+63  1.16291e+63  -1.17803e+63  1.18212e+63  -1.16883e+63  1.13201e+63  -1.06598e+63  9.66079e+62  -8.29173e+62  6.51894e+62  -4.2326e+62  1.16998e+62  2.97084e+62  
-3.79937e+62  -1.49563e+62  5.41561e+62  -8.25237e+62  1.03152e+63  -1.17614e+63  1.26728e+63  -1.31313e+63  1.32284e+63  -1.30534e+63  1.26915e+63  -1.22262e+63  1.17412e+63  -1.13178e+63  1.10258e+63  -1.09132e+63  1.09976e+63  -1.12626e+63  1.16612e+63  -1.21246e+63  1.25727e+63  -1.29225e+63  1.30909e+63  -1.29935e+63  1.25406e+63  -1.16407e+63  1.02115e+63  -8.17095e+62  5.3629e+62  -1.48117e+62  -3.76253e+62  
4.46715e+62  1.75595e+62  -6.37766e+62  9.62398e+62  -1.18388e+63  1.3248e+63  -1.40078e+63  1.42614e+63  -1.41346e+63  1.37278e+63  -1.31266e+63  1.24188e+63  -1.17029e+63  1.1084e+63  -1.0659e+63  1.04972e+63  -1.06245e+63  1.10164e+63  -1.16048e+63  1.22942e+63  -1.29807e+63  1.35669e+63  -1.39656e+63  1.40918e+63  -1.38452e+63  1.30996e+63  -1.17113e+63  9.52399e+62  -6.31309e+62  1.73842e+62  4.42226e+62  
-5.00178e+62  -1.96057e+62  7.16308e+62  -1.07292e+63  1.30336e+63  -1.43878e+63  1.50325e+63  -1.51605e+63  1.49058e+63  -1.43532e+63  1.35731e+63  -1.26536e+63  1.17132e+63  -1.08911e+63  1.03227e+63  -1.01074e+63  1.02824e+63  -1.0812e+63  1.15982e+63  -1.25074e+63  1.34017e+63  -1.4164e+63  1.47071e+63  -1.4961e+63  1.48412e+63  -1.42132e+63  1.28836e+63  -1.06118e+63  7.08752e+62  -1.94029e+62  -4.94956e+62  
5.40997e+62  2.11119e+62  -7.78517e+62  1.16113e+63  -1.39896e+63  1.53209e+63  -1.59215e+63  1.60096e+63  -1.57019e+63  1.50525e+63  -1.41139e+63  1.298e+63  -1.17978e+63  1.07503e+63  -1.00204e+63  9.74475e+62  -9.97469e+62  1.06605e+63  -1.16672e+63  1.28138e+63  -1.39188e+63  1.48369e+63  -1.54753e+63  1.57822e+63  -1.57034e+63  1.51219e+63  -1.38188e+63  1.14778e+63  -7.69961e+62  2.08855e+62  5.35127e+62  
-5.70191e+62  -2.21138e+62  8.26018e+62  -1.23097e+63  1.47745e+63  -1.6133e+63  1.67571e+63  -1.68671e+63  1.6548e+63  -1.58214e+63  1.47266e+63  -1.3369e+63  1.19286e+63  -1.06374e+63  9.73172e+62  -9.39051e+62  9.68126e+62  -1.05381e+63  1.1784e+63  -1.31845e+63  1.45098e+63  -1.55815e+63  1.62958e+63  -1.6614e+63  1.65144e+63  -1.59117e+63  1.45848e+63  -1.21616e+63  8.16574e+62  -2.18682e+62  -5.63767e+62  
5.88861e+62  2.26559e+62  -8.60346e+62  1.28542e+63  -1.54297e+63  1.68639e+63  -1.75611e+63  1.77286e+63  -1.74169e+63  1.66203e+63  -1.53701e+63  1.37852e+63  -1.20793e+63  1.0535e+63  -9.44536e+62  9.03544e+62  -9.39071e+62  1.04274e+63  -1.19222e+63  1.35844e+63  -1.51338e+63  1.63586e+63  -1.71416e+63  1.74523e+63  -1.72963e+63  1.66226e+63  -1.5223e+63  1.26932e+63  -8.50141e+62  2.23954e+62  5.81985e+62  
-5.98051e+62  -2.27846e+62  8.8277e+62  -1.32636e+63  1.59744e+63  -1.75221e+63  1.83228e+63  -1.8564e+63  1.82664e+63  -1.74039e+63  1.60031e+63  -1.41954e+63  1.22267e+63  -1.0429e+63  9.15353e+62  -8.6741e+62  9.09536e+62  -1.03142e+63  1.20589e+63  -1.39805e+63  1.57497e+63  -1.71231e+63  1.79709e+63  -1.82674e+63  1.80386e+63  -1.72633e+63  1.5753e+63  -1.30918e+63  8.71941e+62  -2.25139e+62  -5.90832e+62  
5.9869e+62  2.25455e+62  -8.94251e+62  1.35478e+63  -1.64123e+63  1.80981e+63  -1.90169e+63  1.93359e+63  -1.90535e+63  1.81293e+63  -1.65871e+63  1.4569e+63  -1.23494e+63  1.03071e+63  -8.85062e+62  8.30327e+62  -8.78963e+62  1.01866e+63  -1.21728e+63  1.43424e+63  -1.63195e+63  1.78324e+63  -1.87408e+63  1.90221e+63  -1.87164e+63  1.78246e+63  -1.61786e+63  1.3367e+63  -8.82944e+62  2.22694e+62  5.9124e+62  
-5.9159e+62  -2.19823e+62  8.95476e+62  -1.37093e+63  1.67367e+63  -1.85732e+63  1.96136e+63  -2.00072e+63  1.9738e+63  -1.87573e+63  1.70868e+63  -1.48775e+63  1.24278e+63  -1.01586e+63  8.53243e+62  -7.92118e+62  8.46935e+62  -1.00338e+63  1.22444e+63  -1.46417e+63  1.68079e+63  -1.84475e+63  1.94116e+63  -1.96795e+63  1.92999e+63  -1.82879e+63  1.64935e+63  -1.35219e+63  8.83845e+62  -2.17055e+62  -5.84021e+62  
5.77468e+62  2.11367e+62  -8.86937e+62  1.37462e+63  -1.69353e+63  1.89246e+63  -2.00825e+63  2.05434e+63  -2.02844e+63  1.92531e+63  -1.74708e+63  1.50951e+63  -1.2444e+63  9.97395e+62  -8.19576e+62  7.52702e+62  -8.13135e+62  9.84626e+62  -1.22561e+63  1.48529e+63  -1.71838e+63  1.89339e+63  -1.99479e+63  2.02056e+63  -1.97592e+63  1.86309e+63  -1.66854e+63  1.35544e+63  -8.75139e+62  2.08636e+62  5.69895e+62  
-5.56991e+62  -2.00492e+62  8.69004e+62  -1.36541e+63  1.69929e+63  -1.91286e+63  2.03948e+63  -2.09139e+63  2.06616e+63  -1.95865e+63  1.77114e+63  -1.51992e+63  1.23823e+63  -9.74493e+62  7.83831e+62  -7.12068e+62  7.77333e+62  -9.61592e+62  1.21921e+63  -1.49534e+63  1.74196e+63  -1.92615e+63  2.03188e+63  -2.05697e+63  2.00655e+63  -1.88298e+63  1.67393e+63  -1.34604e+63  8.57202e+62  -1.97842e+62  -5.49523e+62  
5.30803e+62  1.87598e+62  -8.42015e+62  1.34276e+63  -1.68939e+63  1.91619e+63  -2.05239e+63  2.10912e+63  -2.08423e+63  1.97313e+63  -1.77847e+63  1.51702e+63  -1.22294e+63  9.46483e+62  -7.45856e+62  6.70263e+62  -7.39378e+62  9.33604e+62  -1.2039e+63  1.49238e+63  -1.74916e+63  1.94045e+63  -2.04973e+63  2.07447e+63  -2.01925e+63  1.88615e+63  -1.66397e+63  1.32346e+63  -8.30371e+62  1.85067e+62  5.23546e+62  
-4.99563e+62  -1.73087e+62  8.06341e+62  -1.30621e+63  1.66233e+63  -1.90026e+63  2.04453e+63  -2.10506e+63  2.08031e+63  -1.96654e+63  1.76711e+63  -1.49923e+63  1.19745e+63  -9.12855e+62  7.05574e+62  -6.27377e+62  6.99193e+62  -9.00151e+62  1.17864e+63  -1.47483e+63  1.73803e+63  -1.93407e+63  2.046e+63  -2.0706e+63  2.01158e+63  -1.87044e+63  1.63718e+63  -1.28721e+63  7.95014e+62  -1.70708e+62  -4.92615e+62  
4.63969e+62  1.57363e+62  -7.62453e+62  1.25544e+63  -1.61684e+63  1.86314e+63  -2.01368e+63  2.07704e+63  -2.05233e+63  1.93705e+63  -1.73551e+63  1.46537e+63  -1.16101e+63  8.7328e+62  -6.62987e+62  5.83534e+62  -6.56775e+62  8.60901e+62  -1.14265e+63  1.44151e+63  -1.70703e+63  1.90521e+63  -2.01866e+63  2.0432e+63  -1.98135e+63  1.83392e+63  -1.59228e+63  1.23702e+63  -7.51595e+62  1.55165e+62  4.57418e+62  
-4.24769e+62  -1.40835e+62  7.10968e+62  -1.19046e+63  1.552e+63  -1.8032e+63  1.95794e+63  -2.02314e+63  1.9986e+63  -1.88325e+63  1.6826e+63  -1.41471e+63  1.11322e+63  -8.27629e+62  6.18171e+62  -5.3889e+62  6.12199e+62  -8.15721e+62  1.09554e+63  -1.3917e+63  1.65509e+63  -1.85244e+63  1.96599e+63  -1.99036e+63  1.92664e+63  -1.77497e+63  1.52837e+63  -1.17286e+63  7.00721e+62  -1.38839e+62  -4.18692e+62  
3.82776e+62  1.23909e+62  -6.52692e+62  1.11164e+63  -1.46739e+63  1.71934e+63  -1.87583e+63  1.94188e+63  -1.91787e+63  1.80424e+63  -1.60788e+63  1.34706e+63  -1.05406e+63  7.75991e+62  -5.71277e+62  4.93619e+62  -5.6561e+62  7.64688e+62  -1.03727e+63  1.32519e+63  -1.58169e+63  1.77487e+63  -1.88675e+63  1.9106e+63  -1.84598e+63  1.69248e+63  -1.445e+63  1.09511e+63  -6.43187e+62  1.2213e+62  3.77236e+62  
-3.38863e+62  -1.06985e+62  5.8865e+62  -1.01985e+63  1.36322e+63  -1.6111e+63  1.76652e+63  -1.8324e+63  1.80952e+63  -1.69984e+63  1.51153e+63  -1.26281e+63  9.8394e+62  -7.18674e+62  5.22526e+62  -4.47912e+62  5.17224e+62  -7.08101e+62  9.68237e+62  -1.24235e+63  1.487e+63  -1.67231e+63  1.78033e+63  -1.80305e+63  1.73855e+63  -1.586e+63  1.3424e+63  -1.0046e+63  5.8e+62  -1.05431e+62  -3.33908e+62  
2.93958e+62  9.04418e+61  -5.20107e+62  9.16518e+62  -1.24056e+63  1.47903e+63  -1.63018e+63  1.69482e+63  -1.67393e+63  1.57079e+63  -1.3946e+63  1.16306e+63  -9.03722e+62  6.56208e+62  -4.72201e+62  4.01966e+62  -4.67316e+62  6.46477e+62  -8.89283e+62  1.14425e+63  -1.37206e+63  1.54547e+63  -1.64707e+63  1.66782e+63  -1.60448e+63  1.45604e+63  -1.2216e+63  9.02746e+62  -5.12401e+62  8.91145e+61  2.8962e+62  
-2.49032e+62  -7.46318e+61  4.4857e+62  -8.03728e+62  1.1015e+63  -1.32489e+63  1.46832e+63  -1.53062e+63  1.51278e+63  -1.41906e+63  1.25916e+63  -1.04962e+63  8.14707e+62  -5.89326e+62  4.20636e+62  -3.55974e+62  4.16212e+62  -5.80529e+62  8.0168e+62  -1.03268e+63  1.23887e+63  -1.39628e+63  1.48863e+63  -1.50634e+63  1.44525e+63  -1.30433e+63  1.08464e+63  -7.91597e+62  4.41876e+62  -7.35264e+61  -2.45327e+62  
2.05087e+62  5.98667e+61  -3.75794e+62  6.84274e+62  -9.49295e+62  1.15204e+63  -1.28423e+63  1.34312e+63  -1.32952e+63  1.24811e+63  -1.10839e+63  9.25051e+62  -7.18597e+62  5.18924e+62  -3.68191e+62  3.10116e+62  -3.64266e+62  5.11136e+62  -7.07101e+62  9.10145e+62  -1.09058e+63  1.22815e+63  -1.30837e+63  1.32189e+63  -1.26411e+63  1.13418e+63  -9.34744e+62  6.73901e+62  -3.70147e+62  5.89726e+61  2.02013e+62  
-1.63134e+62  -4.64107e+61  3.0376e+62  -5.617e+62  7.88578e+62  -9.65689e+62  1.08339e+63  -1.13788e+63  1.12961e+63  -1.06303e+63  9.46618e+62  -7.92562e+62  6.17397e+62  -4.45996e+62  3.15231e+62  -2.64546e+62  3.11833e+62  -4.39275e+62  6.07516e+62  -7.79807e+62  9.31442e+62  -1.04608e+63  1.11169e+63  -1.11995e+63  1.06645e+63  -9.50719e+62  7.76466e+62  -5.53148e+62  2.99167e+62  -4.57122e+61  -1.60672e+62  
1.24195e+62  3.44778e+61  -2.34672e+62  4.40313e+62  -6.2541e+62  7.73086e+62  -8.73672e+62  9.22872e+62  -9.20602e+62  8.70416e+62  -7.79031e+62  6.55758e+62  -5.13239e+62  3.71554e+62  -2.62095e+62  2.19382e+62  -2.59244e+62  3.65935e+62  -5.05022e+62  6.45214e+62  -7.66559e+62  8.56555e+62  -9.06024e+62  9.08349e+62  -8.60017e+62  7.61092e+62  -6.15779e+62  4.33579e+62  -2.31102e+62  3.39551e+61  1.22307e+62  
-8.92884e+61  -2.42355e+61  1.70923e+62  -3.25132e+62  4.67215e+62  -5.83405e+62  6.65119e+62  -7.08074e+62  7.11529e+62  -6.77691e+62  6.11116e+62  -5.18225e+62  4.08144e+62  -2.96514e+62  2.09059e+62  -1.74691e+62  2.0677e+62  -2.92018e+62  4.01606e+62  -5.09896e+62  6.01339e+62  -6.66907e+62  7.0027e+62  -6.96934e+62  6.54717e+62  -5.74337e+62  4.59996e+62  -3.20135e+62  1.68307e+62  -2.38654e+61  -8.79229e+61  
5.93757e+61  1.58002e+61  -1.14926e+62  2.21461e+62  -3.22044e+62  4.06668e+62  -4.68571e+62  5.03915e+62  -5.11394e+62  4.91823e+62  -4.47702e+62  3.82949e+62  -3.03729e+62  2.21586e+62  -1.56312e+62  1.30485e+62  -1.54592e+62  2.1822e+62  -2.98862e+62  3.76795e+62  -4.40541e+62  4.83998e+62  -5.033e+62  4.9598e+62  -4.61231e+62  4.00331e+62  -3.17049e+62  2.1804e+62  -1.13156e+62  1.55573e+61  5.84618e+61  
-3.50516e+61  -9.1775e+60  6.84446e+61  -1.33462e+62  1.96379e+62  -2.50937e+62  2.92547e+62  -3.18249e+62  3.26584e+62  -3.17424e+62  2.91774e+62  -2.51693e+62  2.00945e+62  -1.47188e+62  1.03929e+62  -8.67126e+61  1.02781e+62  -1.44948e+62  1.97724e+62  -2.47648e+62  2.87106e+62  -3.12371e+62  3.21411e+62  -3.13231e+62  2.87955e+62  -2.47014e+62  1.93321e+62  -1.3139e+62  6.73844e+61  -9.03555e+60  -3.45089e+61  
1.59128e+61  4.1203e+60  -3.12573e+61  6.15089e+61  -9.13823e+61  1.17944e+62  -1.3889e+62  1.52581e+62  -1.5804e+62  1.54926e+62  -1.43487e+62  1.24557e+62  -9.99168e+61  7.33979e+61  -5.18696e+61  4.32683e+61  -5.12955e+61  7.22802e+61  -9.83147e+61  1.22555e+62  -1.41191e+62  1.52459e+62  -1.55534e+62  1.50172e+62  -1.36706e+62  1.16096e+62  -8.99547e+61  6.05503e+61  -3.0771e+61  4.05626e+60  1.56653e+61  
0  0  0  0  0  0  0  0  0  0  0  0  0  0  0  0  0  0  0  0  0  0  0  0  0  0  0  0  0  0  0  
