1  1  1  1  1  1  1  1  1  1  1  1  1  1  1  1  1  1  1  1  1  1  1  1  1  1  1  1  1  1  1  
-5.93123e+70  -2.33469e+70  8.45493e+70  -1.32412e+71  1.73086e+71  -2.08936e+71  2.40283e+71  -2.67039e+71  2.89236e+71  -3.07079e+71  3.20921e+71  -3.31219e+71  3.3848e+71  -3.43204e+71  3.45807e+71  -3.46572e+71  3.45599e+71  -3.42796e+71  3.37891e+71  -3.30472e+71  3.2005e+71  -3.06121e+71  2.88232e+71  -2.66033e+71  2.39319e+71  -2.08056e+71  1.7233e+71  -1.31818e+71  8.41631e+70  -2.32393e+70  -5.90402e+70  
1.15772e+71  4.55858e+70  -1.64973e+71  2.56587e+71  -3.31632e+71  3.94414e+71  -4.4565e+71  4.85595e+71  -5.14999e+71  5.35107e+71  -5.47517e+71  5.54039e+71  -5.56544e+71  5.56784e+71  -5.56204e+71  5.5576e+71  -5.55792e+71  5.55977e+71  -5.55375e+71  5.52559e+71  -5.45788e+71  5.33204e+71  -5.13004e+71  4.83595e+71  -4.43733e+71  3.92665e+71  -3.30129e+71  2.55406e+71  -1.64206e+71  4.53727e+70  1.15232e+71  
-1.67043e+71  -6.57851e+70  2.37989e+71  -3.66547e+71  4.66231e+71  -5.43206e+71  5.99348e+71  -6.36394e+71  6.56939e+71  -6.64152e+71  6.6148e+71  -6.5249e+71  6.40715e+71  -6.29425e+71  6.21322e+71  -6.18205e+71  6.20713e+71  -6.28231e+71  6.38985e+71  -6.50297e+71  6.58916e+71  -6.61328e+71  6.53977e+71  -6.33424e+71  5.96501e+71  -5.40607e+71  4.63997e+71  -3.64793e+71  2.36851e+71  -6.54706e+70  -1.66245e+71  
2.11606e+71  8.32997e+70  -3.0162e+71  4.59598e+71  -5.74457e+71  6.54964e+71  -7.05685e+71  7.31206e+71  -7.36629e+71  7.26952e+71  -7.06915e+71  6.81171e+71  -6.54395e+71  6.31097e+71  -6.15164e+71  6.09265e+71  -6.14365e+71  6.29532e+71  -6.52126e+71  6.78293e+71  -7.03548e+71  7.23241e+71  -7.32734e+71  7.27299e+71  -7.01938e+71  6.51543e+71  -5.71518e+71  4.5729e+71  -3.00127e+71  8.28902e+70  2.10562e+71  
-2.48777e+71  -9.7791e+70  3.55167e+71  -5.35917e+71  6.5919e+71  -7.37576e+71  7.798e+71  -7.93859e+71  7.86789e+71  -7.64189e+71  7.30833e+71  -6.9161e+71  6.52007e+71  -6.17873e+71  5.94599e+71  -5.86043e+71  5.93622e+71  -6.15957e+71  6.49228e+71  -6.8808e+71  7.26699e+71  -7.59629e+71  7.82002e+71  -7.89055e+71  7.75192e+71  -7.3337e+71  6.55577e+71  -5.33084e+71  3.53337e+71  -9.72942e+70  -2.47505e+71  
2.78524e+71  1.09177e+71  -3.98865e+71  5.97381e+71  -7.25582e+71  8.00847e+71  -8.36613e+71  8.43645e+71  -8.29437e+71  7.98718e+71  -7.55407e+71  7.04419e+71  -6.52347e+71  6.06946e+71  -5.75747e+71  5.64282e+71  -5.74604e+71  6.04703e+71  -6.49089e+71  7.00277e+71  -7.50551e+71  7.93356e+71  -8.23805e+71  8.37993e+71  -8.31192e+71  7.95899e+71  -7.21333e+71  5.94053e+71  -3.96724e+71  1.08602e+71  2.77044e+71  
-3.01223e+71  -1.17553e+71  4.33458e+71  -6.46405e+71  7.78669e+71  -8.52604e+71  8.85872e+71  -8.90664e+71  8.73497e+71  -8.37392e+71  7.85273e+71  -7.2237e+71  6.56857e+71  -5.98936e+71  5.58793e+71  -5.44034e+71  5.57499e+71  -5.96393e+71  6.53158e+71  -7.17659e+71  7.79744e+71  -8.31282e+71  8.67076e+71  -8.84219e+71  8.79692e+71  -8.46965e+71  7.7383e+71  -6.42621e+71  4.31033e+71  -1.16912e+71  -2.9956e+71  
3.17445e+71  1.2312e+71  -4.59855e+71  6.85195e+71  -8.22229e+71  8.9764e+71  -9.32186e+71  9.38187e+71  -9.20384e+71  8.79986e+71  -8.19184e+71  7.43835e+71  -6.63967e+71  5.92505e+71  -5.42613e+71  5.24257e+71  -5.41183e+71  5.89691e+71  -6.59868e+71  7.38606e+71  -8.13038e+71  8.73188e+71  -9.13238e+71  9.31014e+71  -9.25309e+71  8.91368e+71  -8.16852e+71  6.80999e+71  -4.57178e+71  1.22424e+71  3.15625e+71  
-3.27807e+71  -1.26126e+71  4.78915e+71  -7.15415e+71  8.58574e+71  -9.38169e+71  9.76769e+71  -9.85963e+71  9.68575e+71  -9.24285e+71  8.54841e+71  -7.66845e+71  6.7221e+71  -5.86674e+71  5.26568e+71  -5.04434e+71  5.2502e+71  -5.83624e+71  6.67758e+71  -7.61155e+71  8.48143e+71  -9.16869e+71  9.60774e+71  -9.78133e+71  9.69265e+71  -9.31329e+71  8.52716e+71  -7.10855e+71  4.76023e+71  -1.25388e+71  -3.25858e+71  
3.3289e+71  1.26831e+71  -4.91348e+71  7.38125e+71  -8.88784e+71  9.74674e+71  -1.01902e+72  1.03232e+72  -1.01572e+72  9.67773e+71  -8.89946e+71  7.89555e+71  -6.80291e+71  5.80657e+71  -5.10227e+71  4.84261e+71  -5.08579e+71  5.77405e+71  -6.75535e+71  7.83465e+71  -8.82766e+71  9.59816e+71  -1.00735e+72  1.02391e+72  -1.01097e+72  9.67338e+71  -8.8251e+71  7.33255e+71  -4.88279e+71  1.26064e+71  3.30845e+71  
-3.33215e+71  -1.25489e+71  4.97692e+71  -7.53866e+71  9.13059e+71  -1.00663e+72  1.05755e+72  -1.07518e+72  1.05943e+72  -1.00805e+72  9.22352e+71  -8.10249e+71  6.8702e+71  -5.73774e+71  4.93278e+71  -4.63558e+71  4.9155e+71  -5.70359e+71  6.82016e+71  -8.03827e+71  9.14768e+71  -9.99634e+71  1.05057e+72  -1.06629e+72  1.04904e+72  -9.98877e+71  9.06439e+71  -7.48744e+71  4.94488e+71  -1.24706e+71  -3.31104e+71  
3.29235e+71  1.22343e+71  -4.98331e+71  7.62791e+71  -9.31038e+71  1.03299e+72  -1.09068e+72  1.11246e+72  -1.09745e+72  1.04293e+72  -9.50097e+71  8.27345e+71  -6.91303e+71  5.65423e+71  -4.75485e+71  4.42227e+71  -4.73697e+71  5.61886e+71  -6.86108e+71  8.20664e+71  -9.42193e+71  1.03415e+72  -1.0882e+72  1.10318e+72  -1.0818e+72  1.02491e+72  -9.24147e+71  7.5748e+71  -4.95035e+71  1.21559e+71  3.2709e+71  
-3.2135e+71  -1.17627e+71  4.93541e+71  -7.64793e+71  9.42034e+71  -1.05249e+72  1.11673e+72  -1.14226e+72  1.12782e+72  -1.07048e+72  9.71424e+71  -8.39408e+71  6.92147e+71  -5.55074e+71  4.56671e+71  -4.20221e+71  4.54846e+71  -5.51456e+71  6.86821e+71  -8.32544e+71  9.63289e+71  -1.06144e+72  1.11828e+72  -1.13269e+72  1.10757e+72  -1.04417e+72  9.34952e+71  -7.59359e+71  4.90198e+71  -1.16854e+71  -3.19204e+71  
3.09933e+71  1.11567e+71  -4.83529e+71  7.59625e+71  -9.45203e+71  1.06381e+72  -1.13408e+72  1.16286e+72  -1.14879e+72  1.08902e+72  -9.84787e+71  8.45168e+71  -6.88671e+71  5.42271e+71  -4.36707e+71  3.97536e+71  -4.34866e+71  5.38615e+71  -6.83279e+71  8.38203e+71  -9.76517e+71  1.07981e+72  -1.13908e+72  1.1531e+72  -1.12475e+72  1.05534e+72  -9.38016e+71  7.54136e+71  -4.80185e+71  1.10816e+71  3.07816e+71  
-2.95341e+71  -1.04385e+71  4.68483e+71  -7.4699e+71  9.39667e+71  -1.06565e+72  1.14126e+72  -1.17272e+72  1.15885e+72  -1.09708e+72  9.88863e+71  -8.4354e+71  6.80131e+71  -5.26636e+71  4.15509e+71  -3.74197e+71  4.13673e+71  -5.22987e+71  6.74737e+71  -8.36558e+71  9.80557e+71  -1.08781e+72  1.14908e+72  -1.1629e+72  1.13187e+72  -1.05714e+72  9.32464e+71  -7.41519e+71  4.65183e+71  -1.03668e+71  -2.93285e+71  
2.77943e+71  9.63048e+70  -4.48611e+71  7.26623e+71  -9.24596e+71  1.05679e+72  -1.1369e+72  1.17049e+72  -1.15669e+72  1.09343e+72  -9.82552e+71  8.33641e+71  -6.65931e+71  5.07886e+71  -3.93034e+71  3.50254e+71  -3.91225e+71  5.04286e+71  -6.60601e+71  8.26727e+71  -9.74312e+71  1.08423e+72  -1.14697e+72  1.16072e+72  -1.12756e+72  1.04834e+72  -9.17467e+71  7.21242e+71  -4.45401e+71  9.56306e+70  2.75974e+71  
-2.58126e+71  -8.75512e+70  4.24173e+71  -6.98361e+71  8.99281e+71  -1.03614e+72  1.11976e+72  -1.15493e+72  1.14116e+72  -1.07705e+72  9.64993e+71  -8.14812e+71  6.4565e+71  -4.85837e+71  3.69281e+71  -3.25778e+71  3.67521e+71  -4.82329e+71  6.40448e+71  -8.08052e+71  9.56922e+71  -1.06802e+72  1.13161e+72  -1.14534e+72  1.1106e+72  -1.02786e+72  8.92321e+71  -6.93141e+71  4.21096e+71  -8.69282e+70  -2.5627e+71  
2.36307e+71  7.83515e+70  -3.95514e+71  6.62196e+71  -8.63209e+71  1.00282e+72  -1.08878e+72  1.12498e+72  -1.11131e+72  1.04715e+72  -9.35587e+71  7.86647e+71  -6.19061e+71  4.60415e+71  -3.44294e+71  3.00854e+71  -3.42602e+71  4.57041e+71  -6.14052e+71  7.80127e+71  -9.2779e+71  1.03842e+72  -1.10206e+72  1.11569e+72  -1.07991e+72  9.94819e+71  -8.56511e+71  6.5721e+71  -3.9261e+71  7.77858e+70  2.34584e+71  
-2.12936e+71  -6.8932e+70  3.63081e+71  -6.1834e+71  8.16141e+71  -9.56187e+71  1.04314e+72  -1.07982e+72  1.06644e+72  -1.00324e+72  8.94052e+71  -7.49035e+71  5.86156e+71  -4.3167e+71  3.18156e+71  -2.7558e+71  3.1655e+71  -4.28467e+71  5.81398e+71  -7.42837e+71  8.8663e+71  -9.9492e+71  1.05762e+72  -1.07096e+72  1.03468e+72  -9.48576e+71  8.09798e+71  -6.13654e+71  3.60388e+71  -6.84278e+70  -2.11366e+71  
1.88501e+71  5.95143e+70  -3.27445e+71  5.6727e+71  -7.58202e+71  8.96004e+71  -9.82377e+71  1.01897e+72  -1.00621e+72  9.45209e+71  -8.40492e+71  7.02196e+71  -5.4716e+71  3.99771e+71  -2.90989e+71  2.50062e+71  -2.89486e+71  3.96775e+71  -5.4271e+71  6.96397e+71  -8.33542e+71  9.37409e+71  -9.97944e+71  1.01065e+72  -9.74449e+71  8.8889e+71  -7.52303e+71  5.62948e+71  -3.24994e+71  5.90739e+70  1.87096e+71  
-1.63516e+71  -5.03098e+70  2.89308e+71  -5.09784e+71  6.89981e+71  -8.22559e+71  9.06572e+71  -9.4248e+71  9.30835e+71  -8.73466e+71  7.75485e+71  -6.46733e+71  5.02549e+71  -3.65013e+71  2.62951e+71  -2.24411e+71  2.61567e+71  -3.62255e+71  4.98457e+71  -6.41403e+71  7.69097e+71  -8.66292e+71  9.23225e+71  -9.34828e+71  8.99288e+71  -8.16043e+71  6.84606e+71  -5.05882e+71  2.87125e+71  -4.99337e+70  -1.62286e+71  
1.38522e+71  4.15138e+70  -2.49509e+71  4.47041e+71  -6.12631e+71  7.36841e+71  -8.16568e+71  8.51183e+71  -8.41242e+71  7.89106e+71  -7.00179e+71  5.83657e+71  -4.53047e+71  3.27802e+71  -2.34226e+71  1.98735e+71  -2.32973e+71  3.25309e+71  -4.49356e+71  5.78856e+71  -6.9443e+71  7.82653e+71  -8.34396e+71  8.44304e+71  -8.10032e+71  7.31014e+71  -6.07854e+71  4.43603e+71  -2.47612e+71  4.12006e+70  1.37472e+71  
-1.14074e+71  -3.32997e+70  2.09023e+71  -3.80594e+71  5.27976e+71  -6.40713e+71  7.142e+71  -7.46923e+71  7.39342e+71  -6.94055e+71  6.16349e+71  -5.14392e+71  3.99601e+71  -2.88636e+71  2.05016e+71  -1.73133e+71  2.03903e+71  -2.8643e+71  3.96344e+71  -5.10168e+71  6.11303e+71  -6.88398e+71  7.33349e+71  -7.4091e+71  7.08499e+71  -6.35652e+71  5.23853e+71  -3.77654e+71  2.07423e+71  -3.30463e+70  -1.13203e+71  
9.07369e+70  2.58144e+70  -1.68953e+71  3.12413e+71  -4.38586e+71  5.37071e+71  -6.0251e+71  6.32794e+71  -6.28181e+71  5.91143e+71  -5.26396e+71  4.40722e+71  -3.43325e+71  2.48069e+71  -1.75521e+71  1.47692e+71  -1.74558e+71  2.46164e+71  -3.40525e+71  4.37107e+71  -5.22095e+71  5.86338e+71  -6.23103e+71  6.27712e+71  -5.97709e+71  5.32829e+71  -4.35154e+71  3.09989e+71  -1.67652e+71  2.56164e+70  9.00391e+70  
-6.90764e+70  -1.91765e+70  1.30523e+71  -2.44894e+71  3.47833e+71  -4.29953e+71  4.8588e+71  -5.13229e+71  5.11954e+71  -4.84034e+71  4.33206e+71  -3.6465e+71  2.85404e+71  -2.06661e+71  1.45931e+71  -1.22477e+71  1.45124e+71  -2.05068e+71  2.83075e+71  -3.61662e+71  4.29672e+71  -4.80106e+71  5.07823e+71  -5.09113e+71  4.82011e+71  -4.26554e+71  3.45104e+71  -2.42986e+71  1.29511e+71  -1.90284e+70  -6.85417e+70  
4.96606e+70  1.34794e+70  -9.50642e+70  1.80829e+71  -2.59847e+71  3.24459e+71  -3.69896e+71  3.93775e+71  -3.95688e+71  3.76862e+71  -3.39832e+71  2.88172e+71  -2.26961e+71  1.64921e+71  -1.164e+71  9.75272e+70  -1.15751e+71  1.63647e+71  -2.25109e+71  2.85812e+71  -3.37062e+71  3.73806e+71  -3.92497e+71  3.90618e+71  -3.66948e+71  3.2189e+71  -2.57801e+71  1.79413e+71  -9.43227e+70  1.33746e+70  4.92736e+70  
-3.30229e+70  -8.7876e+69  6.39183e+70  -1.23168e+71  1.79106e+71  -2.26165e+71  2.60587e+71  -2.80237e+71  2.84391e+71  -2.73502e+71  2.48961e+71  -2.12949e+71  1.68898e+71  -1.23245e+71  8.70302e+70  -7.28475e+70  8.65426e+70  -1.22291e+71  1.67519e+71  -2.11205e+71  2.46931e+71  -2.71284e+71  2.82097e+71  -2.77989e+71  2.58507e+71  -2.24369e+71  1.7769e+71  -1.22199e+71  6.34167e+70  -8.71877e+69  -3.27639e+70  
1.94941e+70  5.10414e+69  -3.80658e+70  7.42248e+70  -1.09215e+71  1.39555e+71  -1.62693e+71  1.76984e+71  -1.81616e+71  1.76518e+71  -1.62251e+71  1.3996e+71  -1.11742e+71  8.18648e+70  -5.7864e+70  4.84103e+70  -5.75387e+70  8.12302e+70  -1.10829e+71  1.38814e+71  -1.60928e+71  1.75086e+71  -1.8015e+71  1.75562e+71  -1.61392e+71  1.38443e+71  -1.08348e+71  7.36377e+70  -3.77654e+70  5.06391e+69  1.93403e+70  
-8.84986e+69  -2.2915e+69  1.73836e+70  -3.42077e+70  5.08211e+70  -6.55923e+70  7.72401e+70  -8.48523e+70  8.78867e+70  -8.61537e+70  7.97907e+70  -6.92632e+70  5.55618e+70  -4.08232e+70  2.88791e+70  -2.4156e+70  2.87164e+70  -4.05065e+70  5.51078e+70  -6.86959e+70  7.91401e+70  -8.54546e+70  8.71768e+70  -8.41698e+70  7.66212e+70  -6.50686e+70  5.04165e+70  -3.3936e+70  1.72458e+70  -2.27335e+69  -8.77973e+69  
0  0  0  0  0  0  0  0  0  0  0  0  0  0  0  0  0  0  0  0  0  0  0  0  0  0  0  0  0  0  0  
