1  1  1  1  1  1  1  1  1  1  1  1  1  1  1  1  1  1  1  1  1  1  1  1  1  1  1  1  1  1  1  
2.11374e+77  8.32022e+76  -3.01313e+77  4.71891e+77  -6.16863e+77  7.4465e+77  -8.56405e+77  9.51815e+77  -1.03099e+78  1.09467e+78  -1.14411e+78  1.18093e+78  -1.20694e+78  1.22392e+78  -1.23335e+78  1.23622e+78  -1.2329e+78  1.22305e+78  -1.20568e+78  1.17933e+78  -1.14224e+78  1.09262e+78  -1.02884e+78  9.49656e+77  -8.54336e+77  7.42762e+77  -6.1524e+77  4.70617e+77  -3.00485e+77  8.29713e+76  2.1079e+77  
-4.12576e+77  -1.62453e+77  5.87915e+77  -9.14409e+77  1.18187e+78  -1.40564e+78  1.58827e+78  -1.7307e+78  1.83559e+78  -1.90738e+78  1.95177e+78  -1.97521e+78  1.98436e+78  -1.98548e+78  1.98369e+78  -1.9824e+78  1.98281e+78  -1.98375e+78  1.98186e+78  -1.97203e+78  1.94806e+78  -1.90329e+78  1.8313e+78  -1.72641e+78  1.58416e+78  -1.40188e+78  1.17864e+78  -9.11875e+77  5.86269e+77  -1.61996e+77  -4.11418e+77  
5.95277e+77  2.34432e+77  -8.48101e+77  1.30623e+78  -1.66146e+78  1.93577e+78  -2.13585e+78  2.26791e+78  -2.3412e+78  2.36703e+78  -2.35768e+78  2.32588e+78  -2.2842e+78  2.24432e+78  -2.21583e+78  2.20514e+78  -2.21452e+78  2.24175e+78  -2.28049e+78  2.32117e+78  -2.35218e+78  2.36097e+78  -2.33484e+78  2.26154e+78  -2.12974e+78  1.93019e+78  -1.65667e+78  1.30246e+78  -8.45659e+77  2.33757e+77  5.93563e+77  
-7.5406e+77  -2.9684e+77  1.07482e+78  -1.63775e+78  2.047e+78  -2.33383e+78  2.51452e+78  -2.60544e+78  2.62479e+78  -2.59041e+78  2.51918e+78  -2.4277e+78  2.33262e+78  -2.25002e+78  2.19372e+78  -2.17325e+78  2.19201e+78  -2.24666e+78  2.32775e+78  -2.42152e+78  2.51195e+78  -2.58244e+78  2.61643e+78  -2.59706e+78  2.50648e+78  -2.32649e+78  2.0407e+78  -1.6328e+78  1.07161e+78  -2.95961e+77  -7.51819e+77  
8.86485e+77  3.48468e+77  -1.26558e+78  1.90961e+78  -2.34877e+78  2.62795e+78  -2.77828e+78  2.82829e+78  -2.80308e+78  2.72263e+78  -2.60395e+78  2.46447e+78  -2.32374e+78  2.2026e+78  -2.12024e+78  2.09042e+78  -2.11815e+78  2.19848e+78  -2.31777e+78  2.45689e+78  -2.59508e+78  2.71284e+78  -2.79281e+78  2.81798e+78  -2.76839e+78  2.61892e+78  -2.34101e+78  1.90352e+78  -1.26166e+78  3.47402e+77  8.83754e+77  
-9.92445e+77  -3.89025e+77  1.42123e+78  -2.1285e+78  2.58514e+78  -2.85311e+78  2.98035e+78  -3.00527e+78  2.95461e+78  -2.84522e+78  2.69109e+78  -2.50972e+78  2.32461e+78  -2.16339e+78  2.05288e+78  -2.0128e+78  2.05043e+78  -2.15857e+78  2.31762e+78  -2.50083e+78  2.68067e+78  -2.83372e+78  2.94252e+78  -2.99314e+78  2.96872e+78  -2.84249e+78  2.57602e+78  -2.12135e+78  1.41664e+78  -3.87792e+77  -9.89268e+77  
1.07328e+78  4.18857e+77  -1.54442e+78  2.30304e+78  -2.77408e+78  3.03724e+78  -3.15552e+78  3.17243e+78  -3.11121e+78  2.98264e+78  -2.79715e+78  2.57335e+78  -2.34038e+78  2.1346e+78  -1.9923e+78  1.94057e+78  -1.98952e+78  2.12914e+78  -2.33245e+78  2.56324e+78  -2.78528e+78  2.96953e+78  -3.09743e+78  3.15859e+78  -3.14225e+78  3.02513e+78  -2.76369e+78  2.29492e+78  -1.53922e+78  4.1748e+77  1.06971e+78  
-1.13104e+78  -4.38676e+77  1.6384e+78  -2.44111e+78  2.92908e+78  -3.19743e+78  3.32023e+78  -3.34142e+78  3.27794e+78  -3.13409e+78  2.91767e+78  -2.64955e+78  2.36546e+78  -2.11147e+78  1.93449e+78  -1.87003e+78  1.93142e+78  -2.10543e+78  2.35666e+78  -2.63833e+78  2.90448e+78  -3.1195e+78  3.2626e+78  -3.32603e+78  3.30547e+78  -3.18397e+78  2.91754e+78  -2.43211e+78  1.63266e+78  -4.37182e+77  -1.12713e+78  
1.1679e+78  4.49369e+77  -1.70624e+78  2.54865e+78  -3.05838e+78  3.34159e+78  -3.47881e+78  3.51137e+78  -3.44937e+78  3.29166e+78  -3.04446e+78  2.7313e+78  -2.39462e+78  2.0905e+78  -1.87717e+78  1.79932e+78  -1.87385e+78  2.08396e+78  -2.38506e+78  2.71909e+78  -3.03009e+78  3.27575e+78  -3.43263e+78  3.49457e+78  -3.4627e+78  3.32691e+78  -3.0458e+78  2.53886e+78  -1.70003e+78  4.47784e+77  1.16372e+78  
-1.18597e+78  -4.51861e+77  1.75046e+78  -2.62944e+78  3.16584e+78  -3.47146e+78  3.62915e+78  -3.67632e+78  3.61715e+78  -3.4464e+78  3.16934e+78  -2.81202e+78  2.42322e+78  -2.0689e+78  1.81881e+78  -1.72736e+78  1.81527e+78  -2.06192e+78  2.41302e+78  -2.79895e+78  3.15393e+78  -3.42932e+78  3.59917e+78  -3.65828e+78  3.61186e+78  -3.45571e+78  3.15237e+78  -2.61898e+78  1.74387e+78  -4.50214e+77  -1.18158e+78  
1.18708e+78  4.47062e+77  -1.77299e+78  2.68541e+78  -3.25219e+78  3.58514e+78  -3.76625e+78  3.82885e+78  -3.77269e+78  3.58974e+78  -3.28465e+78  2.8856e+78  -2.44705e+78  2.04423e+78  -1.7583e+78  1.65352e+78  -1.75459e+78  2.0369e+78  -2.43631e+78  2.87182e+78  -3.26837e+78  3.57168e+78  -3.75367e+78  3.80976e+78  -3.74797e+78  3.56851e+78  -3.23798e+78  2.67441e+78  -1.76612e+78  4.45383e+77  1.18255e+78  
-1.17286e+78  -4.35842e+77  1.77521e+78  -2.71711e+78  3.31612e+78  -3.67894e+78  3.88416e+78  -3.96157e+78  3.90805e+78  -3.7139e+78  3.38339e+78  -2.9464e+78  2.46219e+78  -2.01436e+78  1.69479e+78  -1.57743e+78  1.69095e+78  -2.00676e+78  2.45104e+78  -2.93206e+78  3.36642e+78  -3.69506e+78  3.8882e+78  -3.94164e+78  3.86508e+78  -3.66159e+78  3.30133e+78  -2.70571e+78  1.76814e+78  -4.34158e+77  -1.16826e+78  
1.14473e+78  4.19028e+77  -1.75809e+78  2.72416e+78  -3.35521e+78  3.74834e+78  -3.97687e+78  4.06766e+78  -4.01617e+78  3.81199e+78  -3.4593e+78  2.9893e+78  -2.46511e+78  1.97738e+78  -1.62765e+78  1.49893e+78  -1.62373e+78  1.96962e+78  -2.45368e+78  2.97457e+78  -3.44184e+78  3.79257e+78  -3.9957e+78  4.04711e+78  -3.95721e+78  3.73047e+78  -3.34001e+78  2.7125e+78  -1.75091e+78  4.17368e+77  1.14013e+78  
-1.10403e+78  -3.97427e+77  1.72237e+78  -2.70569e+78  3.36644e+78  -3.78861e+78  4.03866e+78  -4.141e+78  4.09084e+78  -3.87798e+78  3.50687e+78  -3.00977e+78  2.45266e+78  -1.93169e+78  1.55643e+78  -1.41801e+78  1.55248e+78  -1.92384e+78  2.44109e+78  -2.99482e+78  3.48912e+78  -3.85822e+78  4.06999e+78  -4.12006e+78  4.01863e+78  -3.77043e+78  3.35101e+78  -2.69391e+78  1.7152e+78  -3.95815e+77  -1.09949e+78  
1.05202e+78  3.71833e+77  -1.66874e+78  2.66063e+78  -3.34668e+78  3.79512e+78  -4.06422e+78  4.17614e+78  -4.12669e+78  3.9067e+78  -3.52138e+78  3.00395e+78  -2.4222e+78  1.87592e+78  -1.48082e+78  1.33476e+78  -1.47688e+78  1.86809e+78  -2.41062e+78  2.98897e+78  -3.50355e+78  3.88682e+78  -4.1057e+78  4.15506e+78  -4.04406e+78  3.77686e+78  -3.33122e+78  2.64889e+78  -1.66166e+78  3.70293e+77  1.04761e+78  
-9.90026e+77  -3.43041e+77  1.59792e+78  -2.58805e+78  3.29297e+78  -3.76356e+78  4.04869e+78  -4.16819e+78  4.11901e+78  -3.89372e+78  3.49892e+78  -2.96869e+78  2.37159e+78  -1.80908e+78  1.40067e+78  -1.24936e+78  1.39679e+78  -1.80135e+78  2.36015e+78  -2.95385e+78  3.48123e+78  -3.87398e+78  4.09814e+78  -4.14723e+78  4.02866e+78  -3.74542e+78  3.27767e+78  -2.5765e+78  1.59103e+78  -3.41594e+77  -9.85801e+77  
9.19418e+77  3.11853e+77  -1.51084e+78  2.48735e+78  -3.2028e+78  3.69005e+78  -3.98769e+78  4.11281e+78  -4.06373e+78  3.83542e+78  -3.4364e+78  2.90164e+78  -2.29934e+78  1.73049e+78  -1.31598e+78  1.16205e+78  -1.3122e+78  1.72296e+78  -2.28818e+78  2.88713e+78  -3.41908e+78  3.81605e+78  -4.04325e+78  4.09223e+78  -3.96802e+78  3.67228e+78  -3.18786e+78  2.47615e+78  -1.50424e+78  3.10516e+77  9.15434e+77  
-8.41684e+77  -2.79079e+77  1.40874e+78  -2.35852e+78  3.07431e+78  -3.57138e+78  3.8774e+78  -4.00621e+78  3.95747e+78  -3.72899e+78  3.33171e+78  -2.80134e+78  2.20464e+78  -1.63991e+78  1.2269e+78  -1.07315e+78  1.22326e+78  -1.63266e+78  2.19388e+78  -2.78735e+78  3.31497e+78  -3.71025e+78  3.93763e+78  -3.98627e+78  3.85836e+78  -3.55421e+78  3.05994e+78  -2.34781e+78  1.4025e+78  -2.77864e+77  -8.37987e+77  
7.5843e+77  2.45523e+77  -1.2932e+78  2.20229e+78  -2.90667e+78  3.40532e+78  -3.71489e+78  3.84543e+78  -3.79772e+78  3.57266e+78  -3.18382e+78  2.66741e+78  -2.08744e+78  1.53749e+78  -1.13372e+78  9.82994e+77  -1.13028e+78  1.53062e+78  -2.07723e+78  2.6541e+78  -3.16789e+78  3.5548e+78  -3.7788e+78  3.8264e+78  -3.69673e+78  3.38898e+78  -2.89306e+78  2.19224e+78  -1.28742e+78  2.44441e+77  7.5506e+77  
-6.71386e+77  -2.11975e+77  1.16626e+78  -2.02039e+78  2.70032e+78  -3.191e+78  3.49851e+78  -3.62876e+78  3.5833e+78  -3.36603e+78  2.9931e+78  -2.50062e+78  1.94856e+78  -1.42386e+78  1.03689e+78  -8.91974e+77  1.03367e+78  -1.41743e+78  1.93901e+78  -2.48817e+78  2.97819e+78  -3.34928e+78  3.56555e+78  -3.6109e+78  3.4815e+78  -3.17573e+78  2.68766e+78  -2.01111e+78  1.161e+78  -2.1103e+77  -6.68372e+77  
5.82388e+77  1.79188e+77  -1.03041e+78  1.81563e+78  -2.45735e+78  2.92944e+78  -3.22857e+78  3.3564e+78  -3.31489e+78  3.11056e+78  -2.76162e+78  2.30311e+78  -1.78969e+78  1.30004e+78  -9.36964e+77  8.00477e+77  -9.33993e+77  1.29413e+78  -1.78091e+78  2.29167e+78  -2.74791e+78  3.09516e+78  -3.29855e+78  3.33997e+78  -3.21294e+78  2.91546e+78  -2.44581e+78  1.80726e+78  -1.02573e+78  1.78381e+77  5.7975e+77  
-4.93361e+77  -1.47857e+77  8.88654e+77  -1.59216e+78  2.18187e+78  -2.62418e+78  2.90806e+78  -3.03129e+78  2.99585e+78  -2.81016e+78  2.49346e+78  -2.0785e+78  1.6134e+78  -1.1675e+78  8.34596e+77  -7.08888e+77  8.31906e+77  -1.16215e+78  1.60548e+78  -2.06819e+78  2.48112e+78  -2.79631e+78  2.98116e+78  -3.01652e+78  2.89403e+78  -2.61167e+78  2.17161e+78  -1.58478e+78  8.84582e+77  -1.47185e+77  -4.91108e+77  
4.06284e+77  1.186e+77  -7.44451e+77  1.35549e+78  -1.88037e+78  2.28183e+78  -2.5435e+78  2.66001e+78  -2.63298e+78  2.47168e+78  -2.19494e+78  1.83184e+78  -1.42307e+78  1.028e+78  -7.30501e+77  6.17565e+77  -7.28114e+77  1.02326e+78  -1.41607e+78  1.82277e+78  -2.18411e+78  2.45954e+78  -2.62012e+78  2.6471e+78  -2.53127e+78  2.27097e+78  -1.87152e+78  1.34918e+78  -7.41017e+77  1.18056e+77  4.04414e+77  
-3.23163e+77  -9.19393e+76  6.01733e+77  -1.11266e+78  1.562e+78  -1.91272e+78  2.14574e+78  -2.25357e+78  2.23712e+78  -2.1052e+78  1.8746e+78  -1.56949e+78  1.22265e+78  -8.8351e+77  6.25402e+77  -5.26818e+77  6.23335e+77  -8.79422e+77  1.21664e+78  -1.56173e+78  1.86537e+78  -2.09488e+78  2.22622e+78  -2.24266e+78  2.13544e+78  -1.90362e+78  1.55463e+78  -1.10745e+78  5.98939e+77  -9.15145e+76  -3.21666e+77  
2.46016e+77  6.82976e+76  -4.64858e+77  8.72184e+77  -1.23878e+78  1.53123e+78  -1.73039e+78  1.82777e+78  -1.82321e+78  1.72376e+78  -1.54274e+78  1.29859e+78  -1.01638e+78  7.36028e+77  -5.19965e+77  4.36877e+77  -5.18231e+77  7.32611e+77  -1.01138e+78  1.29217e+78  -1.53515e+78  1.71533e+78  -1.81434e+78  1.81893e+78  -1.72208e+78  1.52394e+78  -1.23293e+78  8.68088e+77  -4.62686e+77  6.79797e+76  2.44868e+77  
-1.76865e+77  -4.80067e+76  3.38568e+77  -6.44014e+77  9.25421e+77  -1.15552e+78  1.31733e+78  -1.40236e+78  1.40915e+78  -1.3421e+78  1.21022e+78  -1.02623e+78  8.08257e+77  -5.87369e+77  4.14738e+77  -3.4788e+77  4.13346e+77  -5.84634e+77  8.04281e+77  -1.02117e+78  1.20427e+78  -1.33554e+78  1.40231e+78  -1.39558e+78  1.311e+78  -1.15001e+78  9.21031e+77  -6.40974e+77  3.36976e+77  -4.77816e+76  -1.76034e+77  
1.17609e+77  3.12965e+76  -2.2764e+77  4.38653e+77  -6.37865e+77  8.05457e+77  -9.28037e+77  9.9801e+77  -1.01279e+78  9.74006e+77  -8.86602e+77  7.5835e+77  -6.01481e+77  4.38939e+77  -3.10091e+77  2.59847e+77  -3.09044e+77  4.36892e+77  -5.98521e+77  7.54607e+77  -8.82247e+77  9.69247e+77  -1.00787e+78  9.93184e+77  -9.23573e+77  8.01602e+77  -6.34827e+77  4.36572e+77  -2.26564e+77  3.11488e+76  1.17053e+77  
-6.94264e+76  -1.81779e+76  1.35568e+77  -2.64343e+77  3.88954e+77  -4.97003e+77  5.79404e+77  -6.30292e+77  6.46782e+77  -6.28624e+77  5.77811e+77  -4.98424e+77  3.97935e+77  -2.91561e+77  2.0617e+77  -1.7268e+77  2.05472e+77  -2.90199e+77  3.95976e+77  -4.95964e+77  5.74972e+77  -6.25551e+77  6.43636e+77  -6.2724e+77  5.76611e+77  -4.94618e+77  3.87094e+77  -2.63083e+77  1.34923e+77  -1.80916e+76  -6.90964e+76  
3.15177e+76  8.16089e+75  -6.19095e+76  1.21826e+77  -1.80992e+77  2.33596e+77  -2.75076e+77  3.02184e+77  -3.12988e+77  3.06814e+77  -2.84152e+77  2.46659e+77  -1.97867e+77  1.45392e+77  -1.02896e+77  8.61645e+76  -1.02547e+77  1.44712e+77  -1.96892e+77  2.45441e+77  -2.82755e+77  3.05314e+77  -3.11464e+77  3.00719e+77  -2.73748e+77  2.32472e+77  -1.80123e+77  1.21243e+77  -6.16137e+76  8.12194e+75  3.13671e+76  
0  0  0  0  0  0  0  0  0  0  0  0  0  0  0  0  0  0  0  0  0  0  0  0  0  0  0  0  0  0  0  
