1  1  1  1  1  1  1  1  1  1  1  1  1  1  1  1  1  1  1  1  1  1  1  1  1  1  1  1  1  1  1  
0.962842  0.955925  0.935173  0.906843  0.876272  0.846276  0.81799  0.791901  0.768291  0.747367  0.729298  0.714238  0.702333  0.693714  0.688492  0.686743  0.688492  0.693714  0.702333  0.714238  0.729298  0.747367  0.768291  0.791901  0.81799  0.846276  0.876272  0.906843  0.935173  0.955925  0.962842  
0.926359  0.913145  0.873503  0.820248  0.76444  0.711975  0.665062  0.624257  0.589453  0.560263  0.536227  0.516935  0.502094  0.491539  0.485208  0.483097  0.485208  0.491539  0.502094  0.516935  0.536227  0.560263  0.589453  0.624257  0.665062  0.711975  0.76444  0.820248  0.873503  0.913145  0.926359  
0.891187  0.872767  0.817509  0.745064  0.672496  0.608716  0.556392  0.515099  0.483177  0.458662  0.43979  0.425241  0.414204  0.40632  0.401536  0.399926  0.401536  0.40632  0.414204  0.425241  0.43979  0.458662  0.483177  0.515099  0.556392  0.608716  0.672496  0.745064  0.817509  0.872767  0.891187  
0.857875  0.835584  0.76871  0.683605  0.603005  0.53804  0.490561  0.457829  0.435704  0.420326  0.408834  0.399517  0.391698  0.385474  0.381366  0.379921  0.381366  0.385474  0.391698  0.399517  0.408834  0.420326  0.435704  0.457829  0.490561  0.53804  0.603005  0.683605  0.76871  0.835584  0.857875  
0.826845  0.802038  0.727618  0.635884  0.554197  0.494588  0.456774  0.434903  0.422356  0.413985  0.406648  0.398979  0.390987  0.383645  0.378384  0.376463  0.378384  0.383645  0.390987  0.398979  0.406648  0.413985  0.422356  0.434903  0.456774  0.494588  0.554197  0.635884  0.727618  0.802038  0.826845  
0.79837  0.77227  0.693973  0.600429  0.522142  0.470744  0.44313  0.430499  0.424572  0.419856  0.41357  0.404938  0.394669  0.384594  0.377123  0.374353  0.377123  0.384594  0.394669  0.404938  0.41357  0.419856  0.424572  0.430499  0.44313  0.470744  0.522142  0.600429  0.693973  0.77227  0.79837  
0.77257  0.74619  0.667048  0.575135  0.50255  0.459679  0.440697  0.434706  0.432767  0.42966  0.423068  0.412579  0.399317  0.385837  0.375613  0.37178  0.375613  0.385837  0.399317  0.412579  0.423068  0.42966  0.432767  0.434706  0.440697  0.459679  0.50255  0.575135  0.667048  0.74619  0.77257  
0.749442  0.723559  0.645913  0.557855  0.491733  0.456385  0.443932  0.442389  0.442865  0.440571  0.433419  0.420992  0.404531  0.387235  0.373814  0.368723  0.373814  0.387235  0.404531  0.420992  0.433419  0.440571  0.442865  0.442389  0.443932  0.456385  0.491733  0.557855  0.645913  0.723559  0.749442  
0.728881  0.704063  0.62961  0.546692  0.486881  0.457574  0.449713  0.451077  0.453164  0.451519  0.443985  0.429823  0.41014  0.388708  0.37167  0.365125  0.37167  0.388708  0.41014  0.429823  0.443985  0.451519  0.453164  0.451077  0.449713  0.457574  0.486881  0.546692  0.62961  0.704063  0.728881  
0.710725  0.687357  0.617253  0.540108  0.485999  0.461221  0.456373  0.459588  0.462872  0.461943  0.454353  0.438787  0.415973  0.390164  0.369117  0.360929  0.369117  0.390164  0.415973  0.438787  0.454353  0.461943  0.462872  0.459588  0.456373  0.461221  0.485999  0.540108  0.617253  0.687357  0.710725  
0.694771  0.673096  0.608071  0.536911  0.48774  0.466144  0.463064  0.467367  0.471588  0.471501  0.464216  0.447636  0.421861  0.391499  0.366085  0.356071  0.366085  0.391499  0.421861  0.447636  0.464216  0.471501  0.471588  0.467367  0.463064  0.466144  0.48774  0.536911  0.608071  0.673096  0.694771  
0.680807  0.66096  0.601417  0.536209  0.491227  0.471702  0.469419  0.474218  0.479166  0.480027  0.473381  0.456175  0.427641  0.392595  0.362491  0.350479  0.362491  0.392595  0.427641  0.456175  0.473381  0.480027  0.479166  0.474218  0.469419  0.471702  0.491227  0.536209  0.601417  0.66096  0.680807  
0.66862  0.650655  0.596759  0.537343  0.495913  0.477605  0.475374  0.480189  0.48566  0.487518  0.481766  0.464264  0.433157  0.393321  0.358238  0.344074  0.358238  0.393321  0.433157  0.464264  0.481766  0.487518  0.48566  0.480189  0.475374  0.477605  0.495913  0.537343  0.596759  0.650655  0.66862  
0.658006  0.641922  0.593669  0.539835  0.501476  0.48378  0.481061  0.485504  0.491286  0.494115  0.489395  0.471812  0.438253  0.393522  0.353213  0.336766  0.353213  0.393522  0.438253  0.471812  0.489395  0.494115  0.491286  0.485504  0.481061  0.48378  0.501476  0.539835  0.593669  0.641922  0.658006  
0.648778  0.634534  0.591802  0.543336  0.507737  0.490291  0.486732  0.490506  0.496383  0.500066  0.49637  0.47876  0.442761  0.393015  0.347281  0.328452  0.347281  0.393015  0.442761  0.47876  0.49637  0.500066  0.496383  0.490506  0.486732  0.490291  0.507737  0.543336  0.591802  0.634534  0.648778  
0.640769  0.628297  0.590881  0.547587  0.514598  0.497264  0.492695  0.495596  0.501351  0.50568  0.50283  0.485053  0.446484  0.391579  0.340287  0.319017  0.340287  0.391579  0.446484  0.485053  0.50283  0.50568  0.501351  0.495596  0.492695  0.497264  0.514598  0.547587  0.590881  0.628297  0.640769  
0.633827  0.623041  0.590684  0.552387  0.521997  0.504831  0.499252  0.501171  0.506589  0.511265  0.508909  0.490604  0.449169  0.38894  0.332044  0.308333  0.332044  0.38894  0.449169  0.490604  0.508909  0.511265  0.506589  0.501171  0.499252  0.504831  0.521997  0.552387  0.590684  0.623041  0.633827  
0.627821  0.618623  0.591027  0.557567  0.529869  0.513083  0.506641  0.507559  0.512433  0.517073  0.514673  0.495244  0.45048  0.384759  0.322336  0.296258  0.322336  0.384759  0.45048  0.495244  0.514673  0.517073  0.512433  0.507559  0.506641  0.513083  0.529869  0.557567  0.591027  0.618623  0.627821  
0.622638  0.614919  0.59176  0.562972  0.538119  0.522034  0.514991  0.514964  0.519099  0.523231  0.520058  0.498666  0.449953  0.378618  0.310916  0.282638  0.310916  0.378618  0.449953  0.498666  0.520058  0.523231  0.519099  0.514964  0.514991  0.522034  0.538119  0.562972  0.59176  0.614919  0.622638  
0.61818  0.611823  0.592751  0.568453  0.546606  0.531597  0.524284  0.523427  0.526623  0.529674  0.524782  0.500342  0.446953  0.369998  0.297499  0.267309  0.297499  0.369998  0.446953  0.500342  0.524782  0.529674  0.526623  0.523427  0.524284  0.531597  0.546606  0.568453  0.592751  0.611823  0.61818  
0.614363  0.609244  0.593888  0.573854  0.55514  0.541572  0.534347  0.532791  0.534804  0.53604  0.528223  0.499428  0.440618  0.358268  0.281771  0.250102  0.281771  0.358268  0.440618  0.499428  0.528223  0.53604  0.534804  0.532791  0.534347  0.541572  0.55514  0.573854  0.593888  0.609244  0.614363  
0.611114  0.607103  0.595071  0.579019  0.563484  0.55166  0.544838  0.542658  0.543097  0.541502  0.529235  0.49462  0.429796  0.342679  0.263394  0.23085  0.263394  0.342679  0.429796  0.49462  0.529235  0.541502  0.543097  0.542658  0.544838  0.55166  0.563484  0.579019  0.595071  0.607103  0.611114  
0.60837  0.605331  0.596213  0.583792  0.571371  0.561464  0.555213  0.552254  0.55035  0.544444  0.525859  0.483989  0.413  0.322371  0.242024  0.209406  0.242024  0.322371  0.413  0.483989  0.525859  0.544444  0.55035  0.552254  0.555213  0.561464  0.571371  0.583792  0.596213  0.605331  0.60837  
0.606077  0.603867  0.597237  0.588022  0.578479  0.570382  0.564444  0.559937  0.554177  0.541845  0.514911  0.464817  0.388398  0.296415  0.217343  0.185656  0.217343  0.296415  0.388398  0.464817  0.514911  0.541845  0.554177  0.559937  0.564444  0.570382  0.578479  0.588022  0.597237  0.603867  0.606077  
0.604221  0.60267  0.598017  0.591338  0.583947  0.576768  0.569815  0.561774  0.549611  0.52834  0.491544  0.433532  0.35391  0.263911  0.189102  0.159548  0.189102  0.263911  0.35391  0.433532  0.491544  0.52834  0.549611  0.561774  0.569815  0.576768  0.583947  0.591338  0.598017  0.60267  0.604221  
0.601068  0.599839  0.596155  0.590441  0.583143  0.574328  0.563333  0.548501  0.527063  0.495281  0.449144  0.385983  0.307503  0.224154  0.157196  0.131125  0.157196  0.224154  0.307503  0.385983  0.449144  0.495281  0.527063  0.548501  0.563333  0.574328  0.583143  0.590441  0.596155  0.599839  0.601068  
0.581858  0.58037  0.575906  0.568469  0.557966  0.544023  0.525841  0.502139  0.471206  0.431139  0.380329  0.31836  0.247753  0.176895  0.121742  0.100555  0.121742  0.176895  0.247753  0.31836  0.380329  0.431139  0.471206  0.502139  0.525841  0.544023  0.557966  0.568469  0.575906  0.58037  0.581858  
0.501316  0.499299  0.49325  0.48313  0.468856  0.450251  0.427021  0.398764  0.365031  0.325447  0.279908  0.228951  0.174677  0.122635  0.0831598  0.0681636  0.0831598  0.122635  0.174677  0.228951  0.279908  0.325447  0.365031  0.398764  0.427021  0.450251  0.468856  0.48313  0.49325  0.499299  0.501316  
0.303834  0.302159  0.297133  0.288824  0.277331  0.262774  0.245289  0.225022  0.202135  0.176828  0.149375  0.120247  0.0905228  0.0628525  0.0422179  0.0344362  0.0422179  0.0628525  0.0905228  0.120247  0.149375  0.176828  0.202135  0.225022  0.245289  0.262774  0.277331  0.288824  0.297133  0.302159  0.303834  
0  0  0  0  0  0  0  0  0  0  0  0  0  0  0  0  0  0  0  0  0  0  0  0  0  0  0  0  0  0  0  
