1  1  1  1  1  1  1  1  1  1  1  1  1  1  1  1  1  1  1  1  1  1  1  1  1  1  1  1  1  1  1  
0.962725  0.955757  0.934853  0.906303  0.875481  0.845233  0.816712  0.790412  0.766619  0.74554  0.727343  0.712182  0.700198  0.691525  0.686271  0.684511  0.686271  0.691525  0.700198  0.712182  0.727343  0.74554  0.766619  0.790412  0.816712  0.845233  0.875481  0.906303  0.934853  0.955757  0.962725  
0.926128  0.912816  0.872878  0.819199  0.762921  0.709999  0.66268  0.621536  0.58646  0.55706  0.532867  0.513461  0.498541  0.487935  0.481576  0.479455  0.481576  0.487935  0.498541  0.513461  0.532867  0.55706  0.58646  0.621536  0.66268  0.709999  0.762921  0.819199  0.872878  0.912816  0.926128  
0.890846  0.872286  0.816604  0.743565  0.670357  0.60599  0.553186  0.511537  0.479374  0.454709  0.435755  0.421168  0.41012  0.402236  0.397455  0.395847  0.397455  0.402236  0.41012  0.421168  0.435755  0.454709  0.479374  0.511537  0.553186  0.60599  0.670357  0.743565  0.816604  0.872286  0.890846  
0.85743  0.834963  0.767561  0.681729  0.600377  0.534769  0.486823  0.453806  0.431545  0.416137  0.404676  0.395418  0.387662  0.381489  0.377414  0.37598  0.377414  0.381489  0.387662  0.395418  0.404676  0.416137  0.431545  0.453806  0.486823  0.534769  0.600377  0.681729  0.767561  0.834963  0.85743  
0.826305  0.801295  0.726264  0.633709  0.551211  0.490962  0.452747  0.4307  0.418143  0.409859  0.402648  0.395107  0.387221  0.379956  0.374741  0.372836  0.374741  0.379956  0.387221  0.395107  0.402648  0.409859  0.418143  0.4307  0.452747  0.490962  0.551211  0.633709  0.726264  0.801295  0.826305  
0.797744  0.771422  0.692456  0.598032  0.518914  0.466915  0.438988  0.426293  0.420465  0.415926  0.409828  0.401359  0.391214  0.381221  0.373795  0.37104  0.373795  0.381221  0.391214  0.401359  0.409828  0.415926  0.420465  0.426293  0.438988  0.466915  0.518914  0.598032  0.692456  0.771422  0.797744  
0.77187  0.745254  0.665408  0.572587  0.499179  0.455761  0.436555  0.430598  0.428844  0.425976  0.419611  0.409302  0.396163  0.382757  0.372572  0.36875  0.372572  0.382757  0.396163  0.409302  0.419611  0.425976  0.428844  0.430598  0.436555  0.455761  0.499179  0.572587  0.665408  0.745254  0.77187  
0.748679  0.722556  0.644188  0.555216  0.488297  0.452461  0.439862  0.438433  0.43916  0.437152  0.430251  0.418008  0.401662  0.384425  0.37103  0.365945  0.37103  0.384425  0.401662  0.418008  0.430251  0.437152  0.43916  0.438433  0.439862  0.452461  0.488297  0.555216  0.644188  0.722556  0.748679  
0.72807  0.703011  0.627836  0.544017  0.483444  0.453705  0.445765  0.447305  0.449696  0.448373  0.441107  0.427127  0.407542  0.386148  0.369117  0.362573  0.369117  0.386148  0.407542  0.427127  0.441107  0.448373  0.449696  0.447305  0.445765  0.453705  0.483444  0.544017  0.627836  0.703011  0.72807  
0.709878  0.686274  0.615463  0.537444  0.482614  0.457454  0.45258  0.45602  0.45965  0.459072  0.451762  0.436372  0.413633  0.387835  0.366775  0.35858  0.366775  0.387835  0.413633  0.436372  0.451762  0.459072  0.45965  0.45602  0.45258  0.457454  0.482614  0.537444  0.615463  0.686274  0.709878  
0.693903  0.672001  0.606295  0.534299  0.484451  0.462518  0.459452  0.464019  0.468619  0.468907  0.461911  0.445494  0.419768  0.389386  0.363935  0.353905  0.363935  0.389386  0.419768  0.445494  0.461911  0.468907  0.468619  0.464019  0.459452  0.462518  0.484451  0.534299  0.606295  0.672001  0.693903  
0.679932  0.659869  0.599682  0.533685  0.488072  0.468249  0.466011  0.471102  0.476455  0.47771  0.471356  0.4543  0.425785  0.390684  0.360518  0.348481  0.360518  0.390684  0.425785  0.4543  0.471356  0.47771  0.476455  0.471102  0.466011  0.468249  0.488072  0.533685  0.599682  0.659869  0.679932  
0.667752  0.649587  0.59509  0.53494  0.492927  0.474354  0.472191  0.477317  0.483211  0.485476  0.480018  0.462647  0.431527  0.391599  0.356427  0.342229  0.356427  0.391599  0.431527  0.462647  0.480018  0.485476  0.483211  0.477317  0.472191  0.474354  0.492927  0.53494  0.59509  0.649587  0.667752  
0.657161  0.640893  0.592089  0.537582  0.49869  0.480759  0.478124  0.482889  0.489104  0.492348  0.487918  0.470445  0.436837  0.391977  0.351552  0.335061  0.351552  0.391977  0.436837  0.470445  0.487918  0.492348  0.489104  0.482889  0.478124  0.480759  0.49869  0.537582  0.592089  0.640893  0.657161  
0.647971  0.633561  0.590333  0.541259  0.505179  0.487527  0.484062  0.488162  0.494475  0.498573  0.495157  0.477633  0.441548  0.391636  0.34576  0.326878  0.34576  0.391636  0.441548  0.477633  0.495157  0.498573  0.494475  0.488162  0.484062  0.487527  0.505179  0.541259  0.590333  0.633561  0.647971  
0.640015  0.627397  0.589543  0.545711  0.512295  0.494783  0.490316  0.493539  0.499724  0.504459  0.501875  0.484156  0.445461  0.390353  0.338895  0.317564  0.338895  0.390353  0.445461  0.484156  0.501875  0.504459  0.499724  0.493539  0.490316  0.494783  0.512295  0.545711  0.589543  0.627397  0.640015  
0.633143  0.622232  0.589496  0.550733  0.519972  0.502658  0.497186  0.499418  0.505251  0.510317  0.508203  0.489923  0.448324  0.387856  0.330773  0.306994  0.330773  0.387856  0.448324  0.489923  0.508203  0.510317  0.505251  0.499418  0.497186  0.502658  0.519972  0.550733  0.589496  0.622232  0.633143  
0.627226  0.617921  0.590007  0.556153  0.528144  0.511241  0.50491  0.506126  0.511394  0.516397  0.514208  0.494765  0.449796  0.383806  0.321178  0.295027  0.321178  0.383806  0.449796  0.494765  0.514208  0.516397  0.511394  0.506126  0.50491  0.511241  0.528144  0.556153  0.590007  0.617921  0.627226  
0.62215  0.614344  0.590925  0.561817  0.536712  0.520542  0.513612  0.513867  0.518365  0.522825  0.519821  0.498372  0.449415  0.377783  0.309864  0.281511  0.309864  0.377783  0.449415  0.498372  0.519821  0.522825  0.518365  0.513867  0.513612  0.520542  0.536712  0.561817  0.590925  0.614344  0.62215  
0.61782  0.611395  0.59212  0.567571  0.545532  0.53047  0.523274  0.522676  0.526198  0.52953  0.524757  0.500213  0.446543  0.369269  0.296547  0.266281  0.296547  0.369269  0.446543  0.500213  0.524757  0.52953  0.526198  0.522676  0.523274  0.53047  0.545532  0.567571  0.59212  0.611395  0.61782  
0.614154  0.608984  0.593477  0.573258  0.554409  0.540821  0.533714  0.532392  0.534686  0.536146  0.528389  0.49944  0.440316  0.357635  0.280914  0.249171  0.280914  0.357635  0.440316  0.49944  0.528389  0.536146  0.534686  0.532392  0.533714  0.540821  0.554409  0.573258  0.593477  0.608984  0.614154  
0.611081  0.607035  0.594899  0.578722  0.563105  0.551289  0.544584  0.542607  0.543274  0.541837  0.529563  0.494744  0.429583  0.342131  0.262629  0.230015  0.262629  0.342131  0.429583  0.494744  0.529563  0.541837  0.543274  0.542607  0.544584  0.551289  0.563105  0.578722  0.594899  0.607035  0.611081  
0.608542  0.605481  0.596298  0.583805  0.571346  0.56147  0.555329  0.552536  0.550797  0.544972  0.526313  0.484194  0.412854  0.321899  0.241349  0.208667  0.241349  0.321899  0.412854  0.484194  0.526313  0.544972  0.550797  0.552536  0.555329  0.56147  0.571346  0.583805  0.596298  0.605481  0.608542  
0.606485  0.604264  0.597602  0.588354  0.578806  0.570752  0.564907  0.560517  0.554848  0.542517  0.515443  0.465067  0.388299  0.296011  0.216757  0.185014  0.216757  0.296011  0.388299  0.465067  0.515443  0.542517  0.554848  0.560517  0.564907  0.570752  0.578806  0.588354  0.597602  0.604264  0.606485  
0.604895  0.603341  0.598676  0.59199  0.584611  0.577469  0.570574  0.562587  0.550435  0.529087  0.4921  0.433792  0.353841  0.26357  0.188606  0.159005  0.188606  0.26357  0.353841  0.433792  0.4921  0.529087  0.550435  0.562587  0.570574  0.577469  0.584611  0.59199  0.598676  0.603341  0.604895  
0.60201  0.60078  0.597092  0.591376  0.584082  0.575277  0.564287  0.54944  0.527939  0.49602  0.449664  0.38622  0.307451  0.223876  0.156792  0.130685  0.156792  0.223876  0.307451  0.38622  0.449664  0.49602  0.527939  0.54944  0.564287  0.575277  0.584082  0.591376  0.597092  0.60078  0.60201  
0.582971  0.58148  0.577006  0.569554  0.55903  0.545057  0.526829  0.503055  0.47201  0.431781  0.380761  0.31855  0.247712  0.17668  0.121434  0.100221  0.121434  0.17668  0.247712  0.31855  0.380761  0.431781  0.47201  0.503055  0.526829  0.545057  0.55903  0.569554  0.577006  0.58148  0.582971  
0.502349  0.500327  0.49426  0.484112  0.469797  0.451138  0.427838  0.399489  0.365641  0.325915  0.280212  0.22908  0.174646  0.122488  0.0829517  0.0679385  0.0829517  0.122488  0.174646  0.22908  0.280212  0.325915  0.365641  0.399489  0.427838  0.451138  0.469797  0.484112  0.49426  0.500327  0.502349  
0.304463  0.302783  0.297743  0.289411  0.277884  0.263286  0.245749  0.22542  0.202461  0.177072  0.14953  0.120311  0.090506  0.0627776  0.0421129  0.034323  0.0421129  0.0627776  0.090506  0.120311  0.14953  0.177072  0.202461  0.22542  0.245749  0.263286  0.277884  0.289411  0.297743  0.302783  0.304463  
0  0  0  0  0  0  0  0  0  0  0  0  0  0  0  0  0  0  0  0  0  0  0  0  0  0  0  0  0  0  0  
