1  1  1  1  1  1  1  1  1  1  1  1  1  1  1  1  1  1  1  1  1  1  1  1  1  1  1  1  1  1  1  
0.962704  0.955732  0.934817  0.906251  0.875412  0.84515  0.816614  0.790302  0.766498  0.74541  0.727206  0.712039  0.700051  0.691375  0.686119  0.684358  0.686119  0.691375  0.700051  0.712039  0.727206  0.74541  0.766498  0.790302  0.816614  0.84515  0.875412  0.906251  0.934817  0.955732  0.962704  
0.926086  0.912766  0.872806  0.819098  0.76279  0.709842  0.662499  0.621336  0.586245  0.556834  0.532632  0.513221  0.498298  0.487689  0.481329  0.479208  0.481329  0.487689  0.498298  0.513221  0.532632  0.556834  0.586245  0.621336  0.662499  0.709842  0.76279  0.819098  0.872806  0.912766  0.926086  
0.890784  0.872213  0.816501  0.743421  0.670174  0.605774  0.552944  0.511276  0.479101  0.45443  0.435472  0.420885  0.409837  0.401955  0.397176  0.395568  0.397176  0.401955  0.409837  0.420885  0.435472  0.45443  0.479101  0.511276  0.552944  0.605774  0.670174  0.743421  0.816501  0.872213  0.890784  
0.857349  0.834869  0.767429  0.681549  0.600153  0.534511  0.486541  0.45351  0.431243  0.415834  0.404376  0.395123  0.387372  0.381204  0.377133  0.3757  0.377133  0.381204  0.387372  0.395123  0.404376  0.415834  0.431243  0.45351  0.486541  0.534511  0.600153  0.681549  0.767429  0.834869  0.857349  
0.826205  0.801181  0.726108  0.6335  0.550957  0.490674  0.45244  0.430384  0.417826  0.409546  0.402342  0.394809  0.386933  0.379676  0.374467  0.372563  0.374467  0.379676  0.386933  0.394809  0.402342  0.409546  0.417826  0.430384  0.45244  0.490674  0.550957  0.6335  0.726108  0.801181  0.826205  
0.797627  0.77129  0.692278  0.5978  0.518636  0.466607  0.438664  0.425964  0.420139  0.415606  0.409518  0.401061  0.390927  0.380945  0.373527  0.370774  0.373527  0.380945  0.390927  0.401061  0.409518  0.415606  0.420139  0.425964  0.438664  0.466607  0.518636  0.5978  0.692278  0.77129  0.797627  
0.771738  0.745107  0.665213  0.572337  0.498884  0.455438  0.436219  0.430259  0.428509  0.42565  0.419296  0.409001  0.395877  0.382485  0.372309  0.368491  0.372309  0.382485  0.395877  0.409001  0.419296  0.42565  0.428509  0.430259  0.436219  0.455438  0.498884  0.572337  0.665213  0.745107  0.771738  
0.748533  0.722394  0.643978  0.554952  0.48799  0.452128  0.439517  0.438086  0.438817  0.436819  0.42993  0.417704  0.401376  0.384155  0.370772  0.365692  0.370772  0.384155  0.401376  0.417704  0.42993  0.436819  0.438817  0.438086  0.439517  0.452128  0.48799  0.554952  0.643978  0.722394  0.748533  
0.72791  0.702836  0.627615  0.543743  0.483127  0.453363  0.445411  0.446949  0.449345  0.448031  0.44078  0.426819  0.407255  0.385881  0.368865  0.362326  0.368865  0.385881  0.407255  0.426819  0.44078  0.448031  0.449345  0.446949  0.445411  0.453363  0.483127  0.543743  0.627615  0.702836  0.72791  
0.709707  0.686088  0.615232  0.537161  0.48229  0.457105  0.452219  0.455657  0.459291  0.458724  0.45143  0.43606  0.413345  0.38757  0.366528  0.358339  0.366528  0.38757  0.413345  0.43606  0.45143  0.458724  0.459291  0.455657  0.452219  0.457105  0.48229  0.537161  0.615232  0.686088  0.709707  
0.693721  0.671805  0.606056  0.53401  0.484122  0.462163  0.459085  0.463649  0.468254  0.468552  0.461573  0.445179  0.419479  0.389123  0.363693  0.35367  0.363693  0.389123  0.419479  0.445179  0.461573  0.468552  0.468254  0.463649  0.459085  0.462163  0.484122  0.53401  0.606056  0.671805  0.693721  
0.679741  0.659664  0.599436  0.533391  0.487739  0.467891  0.46564  0.470727  0.476084  0.47735  0.471014  0.453981  0.425495  0.390424  0.36028  0.348252  0.36028  0.390424  0.425495  0.453981  0.471014  0.47735  0.476084  0.470727  0.46564  0.467891  0.487739  0.533391  0.599436  0.659664  0.679741  
0.667552  0.649374  0.594839  0.534643  0.492592  0.473993  0.471817  0.476939  0.482836  0.485112  0.479672  0.462326  0.431237  0.391342  0.356196  0.342007  0.356196  0.391342  0.431237  0.462326  0.479672  0.485112  0.482836  0.476939  0.471817  0.473993  0.492592  0.534643  0.594839  0.649374  0.667552  
0.656953  0.640673  0.591834  0.537283  0.498354  0.480398  0.477748  0.482508  0.488728  0.491982  0.48757  0.470123  0.436547  0.391723  0.351327  0.334847  0.351327  0.391723  0.436547  0.470123  0.48757  0.491982  0.488728  0.482508  0.477748  0.480398  0.498354  0.537283  0.591834  0.640673  0.656953  
0.647756  0.633335  0.590074  0.540961  0.504844  0.487167  0.483688  0.487782  0.494098  0.498206  0.494808  0.477311  0.44126  0.391385  0.345541  0.326671  0.345541  0.391385  0.44126  0.477311  0.494808  0.498206  0.494098  0.487782  0.483688  0.487167  0.504844  0.540961  0.590074  0.633335  0.647756  
0.639793  0.627166  0.589282  0.545413  0.511962  0.494426  0.489944  0.493162  0.499348  0.504094  0.501527  0.483834  0.445175  0.390106  0.338683  0.317365  0.338683  0.390106  0.445175  0.483834  0.501527  0.504094  0.499348  0.493162  0.489944  0.494426  0.511962  0.545413  0.589282  0.627166  0.639793  
0.632916  0.621995  0.589233  0.550436  0.519644  0.502305  0.496819  0.499045  0.50488  0.509955  0.507858  0.489604  0.44804  0.387614  0.330568  0.306804  0.330568  0.387614  0.44804  0.489604  0.507858  0.509955  0.50488  0.499045  0.496819  0.502305  0.519644  0.550436  0.589233  0.621995  0.632916  
0.626993  0.617681  0.589744  0.555859  0.527821  0.510894  0.504549  0.505759  0.511028  0.51604  0.513867  0.494449  0.449517  0.38357  0.320982  0.294846  0.320982  0.38357  0.449517  0.494449  0.513867  0.51604  0.511028  0.505759  0.504549  0.510894  0.527821  0.555859  0.589744  0.617681  0.626993  
0.621913  0.6141  0.590661  0.561526  0.536394  0.520203  0.513259  0.513508  0.518007  0.522475  0.519486  0.498061  0.449141  0.377554  0.309676  0.28134  0.309676  0.377554  0.449141  0.498061  0.519486  0.522475  0.518007  0.513508  0.513259  0.520203  0.536394  0.561526  0.590661  0.6141  0.621913  
0.617578  0.611147  0.591855  0.567282  0.54522  0.530139  0.52293  0.522327  0.525849  0.529188  0.524428  0.499909  0.446276  0.369049  0.296369  0.266121  0.296369  0.369049  0.446276  0.499909  0.524428  0.529188  0.525849  0.522327  0.52293  0.530139  0.54522  0.567282  0.591855  0.611147  0.617578  
0.613907  0.608734  0.593212  0.572974  0.554105  0.540499  0.533381  0.532053  0.534347  0.535812  0.528068  0.499143  0.440058  0.357425  0.280747  0.249022  0.280747  0.357425  0.440058  0.499143  0.528068  0.535812  0.534347  0.532053  0.533381  0.540499  0.554105  0.572974  0.593212  0.608734  0.613907  
0.610831  0.606782  0.594634  0.578441  0.562807  0.550977  0.544262  0.542279  0.542945  0.541513  0.529253  0.494457  0.429335  0.341933  0.262475  0.229879  0.262475  0.341933  0.429335  0.494457  0.529253  0.541513  0.542945  0.542279  0.544262  0.550977  0.562807  0.578441  0.594634  0.606782  0.610831  
0.608289  0.605225  0.596034  0.583527  0.571055  0.561167  0.555017  0.552219  0.55048  0.54466  0.526013  0.48392  0.41262  0.321714  0.241209  0.208544  0.241209  0.321714  0.41262  0.48392  0.526013  0.54466  0.55048  0.552219  0.555017  0.561167  0.571055  0.583527  0.596034  0.605225  0.608289  
0.606228  0.604005  0.597336  0.588079  0.578521  0.570458  0.564605  0.560211  0.554543  0.542217  0.515158  0.46481  0.388082  0.295844  0.216631  0.184905  0.216631  0.295844  0.388082  0.46481  0.515158  0.542217  0.554543  0.560211  0.564605  0.570458  0.578521  0.588079  0.597336  0.604005  0.606228  
0.604636  0.60308  0.59841  0.591717  0.584331  0.577182  0.570281  0.562293  0.550143  0.528805  0.491835  0.433557  0.353646  0.263423  0.188498  0.158913  0.188498  0.263423  0.353646  0.433557  0.491835  0.528805  0.550143  0.562293  0.570281  0.577182  0.584331  0.591717  0.59841  0.60308  0.604636  
0.601748  0.600517  0.596826  0.591105  0.583807  0.574998  0.564007  0.549162  0.527667  0.495762  0.449427  0.386014  0.307283  0.223751  0.156703  0.130609  0.156703  0.223751  0.307283  0.386014  0.449427  0.495762  0.527667  0.549162  0.564007  0.574998  0.583807  0.591105  0.596826  0.600517  0.601748  
0.582713  0.581221  0.576746  0.569293  0.558769  0.544797  0.526573  0.502805  0.471772  0.43156  0.380563  0.318382  0.247578  0.176583  0.121365  0.100163  0.121365  0.176583  0.247578  0.318382  0.380563  0.43156  0.471772  0.502805  0.526573  0.544797  0.558769  0.569293  0.576746  0.581221  0.582713  
0.502123  0.500101  0.494035  0.483889  0.469578  0.450925  0.427631  0.399293  0.365458  0.32575  0.280068  0.22896  0.174553  0.12242  0.0829047  0.0678993  0.0829047  0.12242  0.174553  0.22896  0.280068  0.32575  0.365458  0.399293  0.427631  0.450925  0.469578  0.483889  0.494035  0.500101  0.502123  
0.304324  0.302645  0.297607  0.289277  0.277754  0.263161  0.245631  0.22531  0.202361  0.176983  0.149453  0.120248  0.0904576  0.0627431  0.042089  0.0343032  0.042089  0.0627431  0.0904576  0.120248  0.149453  0.176983  0.202361  0.22531  0.245631  0.263161  0.277754  0.289277  0.297607  0.302645  0.304324  
0  0  0  0  0  0  0  0  0  0  0  0  0  0  0  0  0  0  0  0  0  0  0  0  0  0  0  0  0  0  0  
