1  1  1  1  1  1  1  1  1  1  1  1  1  1  1  1  1  1  1  1  1  1  1  1  1  1  1  1  1  1  1  
0.962701  0.955728  0.934811  0.906243  0.875402  0.845137  0.816599  0.790285  0.76648  0.74539  0.727185  0.712017  0.700028  0.691351  0.686096  0.684335  0.686096  0.691351  0.700028  0.712017  0.727185  0.74539  0.76648  0.790285  0.816599  0.845137  0.875402  0.906243  0.934811  0.955728  0.962701  
0.926079  0.912758  0.872795  0.819083  0.76277  0.709817  0.662471  0.621305  0.586212  0.556799  0.532596  0.513184  0.49826  0.487651  0.481291  0.47917  0.481291  0.487651  0.49826  0.513184  0.532596  0.556799  0.586212  0.621305  0.662471  0.709817  0.76277  0.819083  0.872795  0.912758  0.926079  
0.890774  0.872201  0.816484  0.743399  0.670145  0.605741  0.552906  0.511236  0.479059  0.454386  0.435428  0.420841  0.409793  0.401911  0.397132  0.395524  0.397132  0.401911  0.409793  0.420841  0.435428  0.454386  0.479059  0.511236  0.552906  0.605741  0.670145  0.743399  0.816484  0.872201  0.890774  
0.857335  0.834854  0.767408  0.681521  0.600118  0.53447  0.486497  0.453463  0.431196  0.415787  0.404329  0.395077  0.387327  0.381159  0.377089  0.375657  0.377089  0.381159  0.387327  0.395077  0.404329  0.415787  0.431196  0.453463  0.486497  0.53447  0.600118  0.681521  0.767408  0.834854  0.857335  
0.826189  0.801163  0.726083  0.633468  0.550917  0.490629  0.452392  0.430335  0.417776  0.409496  0.402294  0.394762  0.386888  0.379632  0.374423  0.37252  0.374423  0.379632  0.386888  0.394762  0.402294  0.409496  0.417776  0.430335  0.452392  0.490629  0.550917  0.633468  0.726083  0.801163  0.826189  
0.797608  0.771269  0.69225  0.597764  0.518593  0.466559  0.438613  0.425913  0.420087  0.415555  0.409469  0.401013  0.390882  0.380901  0.373484  0.370732  0.373484  0.380901  0.390882  0.401013  0.409469  0.415555  0.420087  0.425913  0.438613  0.466559  0.518593  0.597764  0.69225  0.771269  0.797608  
0.771716  0.745083  0.665182  0.572298  0.498838  0.455388  0.436166  0.430206  0.428456  0.425598  0.419246  0.408953  0.395831  0.382441  0.372267  0.368449  0.372267  0.382441  0.395831  0.408953  0.419246  0.425598  0.428456  0.430206  0.436166  0.455388  0.498838  0.572298  0.665182  0.745083  0.771716  
0.748509  0.722368  0.643945  0.554911  0.487942  0.452075  0.439462  0.438031  0.438762  0.436765  0.429879  0.417655  0.40133  0.384112  0.370731  0.365651  0.370731  0.384112  0.40133  0.417655  0.429879  0.436765  0.438762  0.438031  0.439462  0.452075  0.487942  0.554911  0.643945  0.722368  0.748509  
0.727885  0.702808  0.627579  0.543699  0.483077  0.453309  0.445356  0.446893  0.449289  0.447976  0.440727  0.426769  0.407208  0.385837  0.368824  0.362286  0.368824  0.385837  0.407208  0.426769  0.440727  0.447976  0.449289  0.446893  0.445356  0.453309  0.483077  0.543699  0.627579  0.702808  0.727885  
0.709679  0.686058  0.615195  0.537116  0.482239  0.45705  0.452162  0.455599  0.459233  0.458667  0.451376  0.436009  0.413298  0.387527  0.366488  0.358299  0.366488  0.387527  0.413298  0.436009  0.451376  0.458667  0.459233  0.455599  0.452162  0.45705  0.482239  0.537116  0.615195  0.686058  0.709679  
0.693692  0.671773  0.606017  0.533964  0.48407  0.462107  0.459027  0.46359  0.468195  0.468494  0.461517  0.445127  0.419432  0.38908  0.363654  0.353632  0.363654  0.38908  0.419432  0.445127  0.461517  0.468494  0.468195  0.46359  0.459027  0.462107  0.48407  0.533964  0.606017  0.671773  0.693692  
0.67971  0.659631  0.599396  0.533345  0.487687  0.467834  0.465581  0.470667  0.476024  0.477291  0.470957  0.453929  0.425447  0.390381  0.360242  0.348215  0.360242  0.390381  0.425447  0.453929  0.470957  0.477291  0.476024  0.470667  0.465581  0.467834  0.487687  0.533345  0.599396  0.659631  0.67971  
0.66752  0.649339  0.594799  0.534596  0.492539  0.473936  0.471757  0.476877  0.482775  0.485053  0.479615  0.462273  0.431189  0.391299  0.356158  0.341971  0.356158  0.391299  0.431189  0.462273  0.479615  0.485053  0.482775  0.476877  0.471757  0.473936  0.492539  0.534596  0.594799  0.649339  0.66752  
0.656919  0.640637  0.591793  0.537236  0.498301  0.48034  0.477688  0.482447  0.488666  0.491921  0.487512  0.470069  0.436499  0.391681  0.35129  0.334812  0.35129  0.391681  0.436499  0.470069  0.487512  0.491921  0.488666  0.482447  0.477688  0.48034  0.498301  0.537236  0.591793  0.640637  0.656919  
0.647721  0.633299  0.590032  0.540913  0.50479  0.487109  0.483627  0.48772  0.494036  0.498145  0.49475  0.477257  0.441212  0.391343  0.345505  0.326637  0.345505  0.391343  0.441212  0.477257  0.49475  0.498145  0.494036  0.48772  0.483627  0.487109  0.50479  0.540913  0.590032  0.633299  0.647721  
0.639757  0.627128  0.58924  0.545365  0.511909  0.494368  0.489884  0.4931  0.499287  0.504033  0.501469  0.48378  0.445127  0.390065  0.338648  0.317333  0.338648  0.390065  0.445127  0.48378  0.501469  0.504033  0.499287  0.4931  0.489884  0.494368  0.511909  0.545365  0.58924  0.627128  0.639757  
0.632879  0.621957  0.58919  0.550388  0.519591  0.502248  0.496759  0.498984  0.504818  0.509895  0.5078  0.48955  0.447993  0.387574  0.330534  0.306773  0.330534  0.387574  0.447993  0.48955  0.5078  0.509895  0.504818  0.498984  0.496759  0.502248  0.519591  0.550388  0.58919  0.621957  0.632879  
0.626955  0.617642  0.589701  0.555811  0.527768  0.510838  0.50449  0.505699  0.510968  0.515981  0.51381  0.494396  0.44947  0.383531  0.320949  0.294816  0.320949  0.383531  0.44947  0.494396  0.51381  0.515981  0.510968  0.505699  0.50449  0.510838  0.527768  0.555811  0.589701  0.617642  0.626955  
0.621874  0.61406  0.590618  0.561478  0.536342  0.520148  0.513201  0.513448  0.517948  0.522416  0.519429  0.498008  0.449095  0.377516  0.309645  0.281311  0.309645  0.377516  0.449095  0.498008  0.519429  0.522416  0.517948  0.513448  0.513201  0.520148  0.536342  0.561478  0.590618  0.61406  0.621874  
0.617538  0.611106  0.591811  0.567235  0.545169  0.530085  0.522874  0.522269  0.525791  0.52913  0.524373  0.499857  0.446231  0.369012  0.296339  0.266094  0.296339  0.369012  0.446231  0.499857  0.524373  0.52913  0.525791  0.522269  0.522874  0.530085  0.545169  0.567235  0.591811  0.611106  0.617538  
0.613867  0.608692  0.593169  0.572927  0.554054  0.540446  0.533325  0.531996  0.53429  0.535756  0.528014  0.499093  0.440014  0.357389  0.280719  0.248997  0.280719  0.357389  0.440014  0.499093  0.528014  0.535756  0.53429  0.531996  0.533325  0.540446  0.554054  0.572927  0.593169  0.608692  0.613867  
0.61079  0.60674  0.59459  0.578395  0.562758  0.550925  0.544208  0.542224  0.54289  0.541458  0.5292  0.494409  0.429293  0.341899  0.262449  0.229856  0.262449  0.341899  0.429293  0.494409  0.5292  0.541458  0.54289  0.542224  0.544208  0.550925  0.562758  0.578395  0.59459  0.60674  0.61079  
0.608247  0.605182  0.595989  0.583481  0.571007  0.561116  0.554965  0.552165  0.550426  0.544607  0.525962  0.483873  0.41258  0.321683  0.241185  0.208523  0.241185  0.321683  0.41258  0.483873  0.525962  0.544607  0.550426  0.552165  0.554965  0.561116  0.571007  0.583481  0.595989  0.605182  0.608247  
0.606185  0.603962  0.597292  0.588033  0.578473  0.570408  0.564554  0.560159  0.554491  0.542166  0.51511  0.464766  0.388045  0.295815  0.21661  0.184887  0.21661  0.295815  0.388045  0.464766  0.51511  0.542166  0.554491  0.560159  0.564554  0.570408  0.578473  0.588033  0.597292  0.603962  0.606185  
0.604592  0.603035  0.598365  0.591671  0.584283  0.577133  0.570231  0.562243  0.550093  0.528756  0.491789  0.433516  0.353613  0.263398  0.188479  0.158897  0.188479  0.263398  0.353613  0.433516  0.491789  0.528756  0.550093  0.562243  0.570231  0.577133  0.584283  0.591671  0.598365  0.603035  0.604592  
0.601703  0.600472  0.59678  0.591059  0.58376  0.574951  0.563959  0.549114  0.52762  0.495717  0.449386  0.385978  0.307255  0.22373  0.156688  0.130596  0.156688  0.22373  0.307255  0.385978  0.449386  0.495717  0.52762  0.549114  0.563959  0.574951  0.58376  0.591059  0.59678  0.600472  0.601703  
0.582668  0.581177  0.576702  0.569249  0.558724  0.544752  0.526529  0.502762  0.471731  0.431522  0.380528  0.318353  0.247556  0.176566  0.121353  0.100153  0.121353  0.176566  0.247556  0.318353  0.380528  0.431522  0.471731  0.502762  0.526529  0.544752  0.558724  0.569249  0.576702  0.581177  0.582668  
0.502084  0.500062  0.493997  0.483851  0.46954  0.450888  0.427596  0.39926  0.365427  0.325722  0.280043  0.228939  0.174537  0.122409  0.0828968  0.0678928  0.0828968  0.122409  0.174537  0.228939  0.280043  0.325722  0.365427  0.39926  0.427596  0.450888  0.46954  0.483851  0.493997  0.500062  0.502084  
0.3043  0.302621  0.297583  0.289254  0.277732  0.263139  0.24561  0.225291  0.202344  0.176968  0.14944  0.120237  0.0904493  0.0627373  0.042085  0.0342999  0.042085  0.0627373  0.0904493  0.120237  0.14944  0.176968  0.202344  0.225291  0.24561  0.263139  0.277732  0.289254  0.297583  0.302621  0.3043  
0  0  0  0  0  0  0  0  0  0  0  0  0  0  0  0  0  0  0  0  0  0  0  0  0  0  0  0  0  0  0  
