1  1  1  1  1  1  1  1  1  1  1  1  1  1  1  1  1  1  1  1  1  1  1  1  1  1  1  1  1  1  1  
0.962697  0.955724  0.934806  0.906234  0.875393  0.845122  0.816587  0.790266  0.766464  0.745368  0.727167  0.711992  0.700009  0.691326  0.686076  0.684309  0.686076  0.691326  0.700009  0.711992  0.727167  0.745368  0.766464  0.790266  0.816587  0.845122  0.875393  0.906234  0.934806  0.955724  0.962697  
0.926074  0.912751  0.872783  0.81907  0.762747  0.709797  0.66244  0.621279  0.586175  0.55677  0.532556  0.513153  0.498218  0.487619  0.481249  0.479138  0.481249  0.487619  0.498218  0.513153  0.532556  0.55677  0.586175  0.621279  0.66244  0.709797  0.762747  0.81907  0.872783  0.912751  0.926074  
0.890763  0.87219  0.81647  0.743373  0.670122  0.605703  0.552875  0.511191  0.479023  0.454338  0.435391  0.420792  0.409756  0.401863  0.397095  0.395477  0.397095  0.401863  0.409756  0.420792  0.435391  0.454338  0.479024  0.511191  0.552875  0.605703  0.670122  0.743373  0.81647  0.87219  0.890763  
0.857325  0.83484  0.767385  0.681498  0.600079  0.534437  0.486449  0.453425  0.431144  0.415747  0.404277  0.395038  0.387277  0.381122  0.377041  0.375619  0.377041  0.381122  0.387277  0.395038  0.404277  0.415747  0.431144  0.453425  0.486449  0.534437  0.600079  0.681498  0.767385  0.83484  0.857325  
0.826171  0.801144  0.726062  0.633431  0.550884  0.490579  0.452352  0.43028  0.417735  0.409442  0.402254  0.394711  0.386849  0.379584  0.374386  0.372473  0.374386  0.379584  0.386849  0.394711  0.402254  0.409442  0.417735  0.43028  0.452352  0.490579  0.550884  0.633431  0.726062  0.801144  0.826171  
0.797592  0.771249  0.69222  0.597734  0.518544  0.466519  0.438557  0.42587  0.42003  0.415513  0.409414  0.400974  0.390832  0.380864  0.373438  0.370696  0.373438  0.380864  0.390832  0.400974  0.409414  0.415513  0.42003  0.42587  0.438557  0.466519  0.518544  0.597734  0.69222  0.771249  0.797592  
0.771693  0.745059  0.665156  0.572254  0.4988  0.455331  0.436123  0.430146  0.428412  0.42554  0.419204  0.4089  0.395793  0.382394  0.372231  0.368405  0.372231  0.382394  0.395793  0.4089  0.419204  0.42554  0.428412  0.430146  0.436123  0.455331  0.4988  0.572254  0.665156  0.745059  0.771693  
0.748489  0.722344  0.643909  0.554876  0.487888  0.452032  0.439401  0.437986  0.438701  0.436721  0.429822  0.417614  0.401279  0.384075  0.370686  0.365616  0.370686  0.384075  0.401279  0.417614  0.429822  0.436721  0.438701  0.437986  0.439401  0.452032  0.487888  0.554876  0.643909  0.722344  0.748489  
0.727857  0.70278  0.62755  0.543651  0.483037  0.453249  0.44531  0.446829  0.449243  0.447915  0.440684  0.426714  0.407169  0.38579  0.368789  0.362243  0.368789  0.38579  0.407169  0.426714  0.440684  0.447915  0.449243  0.446829  0.44531  0.453249  0.483037  0.543651  0.62755  0.70278  0.727857  
0.709655  0.68603  0.615155  0.537079  0.482182  0.457006  0.452097  0.455552  0.459168  0.458621  0.451315  0.435967  0.413247  0.387491  0.366444  0.358266  0.366444  0.387491  0.413247  0.435967  0.451315  0.458621  0.459168  0.455552  0.452097  0.457006  0.482182  0.537079  0.615155  0.68603  0.709655  
0.693661  0.671742  0.605985  0.533913  0.484027  0.462044  0.45898  0.463523  0.468147  0.46843  0.461472  0.44507  0.419392  0.389034  0.36362  0.353591  0.36362  0.389034  0.419392  0.44507  0.461472  0.46843  0.468147  0.463523  0.45898  0.462044  0.484027  0.533913  0.605985  0.671742  0.693661  
0.679683  0.659601  0.599354  0.533306  0.487627  0.467788  0.465513  0.470618  0.475956  0.477243  0.470895  0.453885  0.425395  0.390345  0.3602  0.348183  0.3602  0.390345  0.425395  0.453885  0.470894  0.477243  0.475956  0.470618  0.465513  0.467788  0.487627  0.533306  0.599354  0.659601  0.679683  
0.667485  0.649305  0.594764  0.534543  0.492496  0.473871  0.471709  0.476808  0.482726  0.484985  0.479568  0.462214  0.431148  0.391253  0.356125  0.341932  0.356125  0.391253  0.431148  0.462214  0.479568  0.484985  0.482726  0.476808  0.471709  0.473871  0.492496  0.534543  0.594764  0.649305  0.667485  
0.656889  0.640604  0.591749  0.537196  0.49824  0.480294  0.477619  0.482397  0.488596  0.491872  0.487448  0.470025  0.436447  0.391645  0.35125  0.334781  0.35125  0.391645  0.436447  0.470025  0.487448  0.491872  0.488596  0.482397  0.477619  0.480294  0.49824  0.537196  0.591749  0.640604  0.656889  
0.647685  0.633263  0.589996  0.54086  0.504747  0.487044  0.483579  0.48765  0.493987  0.498077  0.494703  0.477197  0.441171  0.391298  0.345474  0.326601  0.345474  0.391298  0.441171  0.477197  0.494703  0.498077  0.493987  0.48765  0.483579  0.487044  0.504747  0.54086  0.589996  0.633263  0.647685  
0.639725  0.627092  0.589195  0.545325  0.511849  0.494322  0.489816  0.493051  0.499217  0.503985  0.501405  0.483736  0.445075  0.39003  0.33861  0.317304  0.33861  0.39003  0.445075  0.483736  0.501404  0.503985  0.499217  0.493051  0.489816  0.494322  0.511849  0.545325  0.589195  0.627092  0.639725  
0.632841  0.621919  0.589153  0.550335  0.519548  0.502184  0.496711  0.498914  0.504769  0.509827  0.507753  0.489491  0.447952  0.387531  0.330505  0.306739  0.330505  0.387531  0.447952  0.489491  0.507753  0.509827  0.504769  0.498914  0.496711  0.502184  0.519548  0.550335  0.589153  0.621919  0.632841  
0.62692  0.617604  0.589656  0.555771  0.52771  0.510793  0.504423  0.505651  0.5109  0.515932  0.513746  0.494352  0.449419  0.383497  0.320914  0.29479  0.320914  0.383497  0.449419  0.494352  0.513746  0.515932  0.5109  0.505651  0.504423  0.510793  0.52771  0.555771  0.589656  0.617604  0.62692  
0.621834  0.61402  0.590579  0.561427  0.536299  0.520086  0.513155  0.513382  0.5179  0.52235  0.519382  0.497951  0.449055  0.377475  0.309617  0.281281  0.309617  0.377475  0.449055  0.497951  0.519382  0.52235  0.5179  0.513382  0.513155  0.520086  0.536299  0.561427  0.590579  0.61402  0.621834  
0.617501  0.611068  0.591766  0.567195  0.545113  0.53004  0.52281  0.522222  0.525726  0.529083  0.524312  0.499813  0.446183  0.36898  0.296308  0.26607  0.296308  0.36898  0.446183  0.499813  0.524312  0.529083  0.525726  0.522222  0.52281  0.530041  0.545113  0.567195  0.591766  0.611068  0.617501  
0.613826  0.608652  0.593129  0.572877  0.554012  0.540388  0.53328  0.531933  0.534244  0.535694  0.527968  0.499038  0.439976  0.357352  0.280695  0.248971  0.280695  0.357352  0.439976  0.499038  0.527968  0.535694  0.534244  0.531933  0.53328  0.540388  0.554012  0.572877  0.593129  0.608652  0.613826  
0.610751  0.606699  0.594546  0.578354  0.562705  0.550882  0.544149  0.542179  0.542829  0.541413  0.529143  0.494367  0.429248  0.34187  0.262422  0.229836  0.262422  0.34187  0.429248  0.494367  0.529143  0.541413  0.542829  0.542179  0.544149  0.550882  0.562705  0.578354  0.594546  0.606699  0.610751  
0.608205  0.605141  0.595949  0.583433  0.570965  0.561062  0.55492  0.552107  0.55038  0.544549  0.525919  0.483824  0.412545  0.321651  0.241164  0.208502  0.241164  0.321651  0.412545  0.483824  0.525919  0.544549  0.55038  0.552107  0.55492  0.561062  0.570965  0.583433  0.595949  0.605141  0.608205  
0.606145  0.60392  0.597248  0.587992  0.578423  0.570365  0.564499  0.560114  0.554435  0.542122  0.515058  0.464727  0.388006  0.29579  0.216589  0.184871  0.216589  0.29579  0.388006  0.464727  0.515058  0.542122  0.554435  0.560114  0.564499  0.570365  0.578423  0.587992  0.597248  0.60392  0.606145  
0.604549  0.602993  0.598323  0.591625  0.58424  0.577082  0.570188  0.56219  0.550049  0.528705  0.491749  0.433474  0.353584  0.263372  0.188463  0.158881  0.188463  0.263372  0.353584  0.433474  0.491749  0.528705  0.550049  0.56219  0.570188  0.577082  0.58424  0.591625  0.598323  0.602993  0.604549  
0.60166  0.600429  0.596736  0.591016  0.583712  0.574907  0.56391  0.549071  0.527572  0.495678  0.449343  0.385947  0.307225  0.223711  0.156672  0.130585  0.156672  0.223711  0.307225  0.385947  0.449343  0.495678  0.527572  0.549071  0.56391  0.574907  0.583712  0.591016  0.596736  0.600429  0.60166  
0.582625  0.581134  0.576659  0.569204  0.558683  0.544707  0.526489  0.502718  0.471694  0.431483  0.380498  0.318323  0.247535  0.176549  0.121343  0.100143  0.121343  0.176549  0.247535  0.318323  0.380498  0.431483  0.471694  0.502718  0.526489  0.544707  0.558683  0.569204  0.576659  0.581134  0.582625  
0.502046  0.500024  0.493959  0.483814  0.469503  0.450853  0.42756  0.399228  0.365395  0.325696  0.280017  0.228921  0.17452  0.122399  0.0828887  0.0678869  0.0828887  0.122399  0.17452  0.228921  0.280017  0.325696  0.365395  0.399228  0.42756  0.450853  0.469503  0.483814  0.493959  0.500024  0.502046  
0.304277  0.302598  0.29756  0.289231  0.277711  0.263118  0.245591  0.225272  0.202328  0.176952  0.149428  0.120226  0.0904418  0.0627313  0.0420814  0.0342965  0.0420814  0.0627313  0.0904418  0.120226  0.149428  0.176952  0.202328  0.225272  0.245591  0.263118  0.277711  0.289231  0.29756  0.302598  0.304277  
0  0  0  0  0  0  0  0  0  0  0  0  0  0  0  0  0  0  0  0  0  0  0  0  0  0  0  0  0  0  0  
