1  1  1  1  1  1  1  1  1  1  1  1  1  1  1  1  1  1  1  1  1  1  1  1  1  1  1  1  1  1  1  
0.962696  0.955724  0.934808  0.906231  0.875396  0.845118  0.816591  0.790261  0.766469  0.745362  0.727173  0.711986  0.700016  0.691319  0.686082  0.684303  0.686082  0.691319  0.700016  0.711986  0.727173  0.745362  0.766469  0.790261  0.816591  0.845118  0.875396  0.906231  0.934808  0.955724  0.962696  
0.926076  0.912752  0.872779  0.819074  0.762741  0.709804  0.662432  0.621288  0.586166  0.55678  0.532546  0.513163  0.498208  0.48763  0.481239  0.479148  0.481239  0.48763  0.498208  0.513163  0.532546  0.55678  0.586166  0.621288  0.662432  0.709804  0.762741  0.819074  0.872779  0.912752  0.926076  
0.89076  0.872188  0.816475  0.743367  0.67013  0.605693  0.552886  0.511179  0.479036  0.454326  0.435403  0.42078  0.409768  0.401852  0.397107  0.395465  0.397107  0.401852  0.409768  0.42078  0.435403  0.454326  0.479036  0.511179  0.552886  0.605693  0.67013  0.743367  0.816475  0.872188  0.89076  
0.857329  0.834841  0.767379  0.681507  0.600068  0.534449  0.486436  0.453439  0.43113  0.415761  0.404264  0.395051  0.387265  0.381134  0.377029  0.375631  0.377029  0.381134  0.387265  0.395051  0.404264  0.415761  0.43113  0.453439  0.486436  0.534449  0.600068  0.681507  0.767379  0.834841  0.857329  
0.826167  0.801142  0.726069  0.633421  0.550896  0.490565  0.452367  0.430265  0.417749  0.409428  0.402267  0.394698  0.386861  0.379572  0.374397  0.372462  0.374397  0.379572  0.386861  0.394698  0.402267  0.409428  0.417749  0.430265  0.452367  0.490565  0.550896  0.633421  0.726069  0.801142  0.826167  
0.797598  0.771251  0.692212  0.597745  0.518531  0.466534  0.438541  0.425886  0.420015  0.415528  0.4094  0.400987  0.39082  0.380875  0.373427  0.370707  0.373427  0.380875  0.39082  0.400987  0.4094  0.415528  0.420015  0.425886  0.438541  0.466534  0.518531  0.597745  0.692212  0.771251  0.797598  
0.771688  0.745057  0.665164  0.572242  0.498814  0.455315  0.436139  0.43013  0.428428  0.425525  0.419219  0.408886  0.395805  0.382383  0.372242  0.368394  0.372242  0.382383  0.395805  0.408886  0.419219  0.425525  0.428428  0.43013  0.436139  0.455315  0.498814  0.572242  0.665164  0.745057  0.771688  
0.748495  0.722346  0.643901  0.554889  0.487872  0.452049  0.439384  0.438003  0.438684  0.436737  0.429807  0.417628  0.401267  0.384086  0.370676  0.365626  0.370676  0.384086  0.401267  0.417628  0.429807  0.436737  0.438684  0.438003  0.439384  0.452049  0.487872  0.554889  0.643901  0.722346  0.748495  
0.727851  0.702778  0.627558  0.543638  0.483052  0.453231  0.445328  0.446811  0.449261  0.447898  0.440699  0.4267  0.407182  0.385779  0.368799  0.362233  0.368799  0.385779  0.407182  0.4267  0.4407  0.447898  0.449261  0.446811  0.445328  0.453231  0.483052  0.543638  0.627558  0.702778  0.727851  
0.709661  0.686033  0.615146  0.537093  0.482165  0.457023  0.452079  0.455571  0.45915  0.458639  0.451299  0.435981  0.413235  0.387501  0.366435  0.358275  0.366435  0.387501  0.413234  0.435981  0.451299  0.458639  0.45915  0.455571  0.452079  0.457023  0.482165  0.537093  0.615146  0.686033  0.709661  
0.693655  0.671739  0.605994  0.533899  0.484044  0.462025  0.458999  0.463503  0.468166  0.468411  0.461489  0.445055  0.419405  0.389023  0.363629  0.353582  0.363629  0.389023  0.419405  0.445055  0.461489  0.468411  0.468166  0.463503  0.458999  0.462025  0.484044  0.533899  0.605994  0.671739  0.693655  
0.679689  0.659603  0.599345  0.53332  0.48761  0.467807  0.465493  0.470639  0.475936  0.477262  0.470877  0.453901  0.425383  0.390355  0.360191  0.348191  0.360191  0.390355  0.425383  0.453901  0.470877  0.477262  0.475936  0.470639  0.465493  0.467807  0.48761  0.53332  0.599345  0.659603  0.679689  
0.66748  0.649303  0.594773  0.534529  0.492513  0.473851  0.471729  0.476787  0.482746  0.484966  0.479586  0.462199  0.431161  0.391243  0.356133  0.341925  0.356133  0.391243  0.431161  0.462199  0.479586  0.484966  0.482746  0.476787  0.471729  0.473851  0.492513  0.534529  0.594773  0.649303  0.66748  
0.656895  0.640606  0.59174  0.53721  0.498223  0.480313  0.477598  0.482419  0.488575  0.491893  0.487429  0.47004  0.436434  0.391655  0.351242  0.334789  0.351242  0.391655  0.436434  0.470041  0.487429  0.491893  0.488575  0.482419  0.477598  0.480313  0.498223  0.53721  0.59174  0.640606  0.656895  
0.647679  0.633261  0.590005  0.540846  0.504764  0.487024  0.4836  0.487628  0.494008  0.498057  0.494721  0.477182  0.441184  0.391289  0.345481  0.326594  0.345481  0.391289  0.441184  0.477182  0.494721  0.498057  0.494008  0.487628  0.4836  0.487024  0.504764  0.540846  0.590005  0.633261  0.647679  
0.63973  0.627094  0.589187  0.545338  0.511832  0.494342  0.489795  0.493072  0.499195  0.504005  0.501386  0.483751  0.445062  0.39004  0.338603  0.317311  0.338603  0.39004  0.445062  0.483751  0.501386  0.504005  0.499195  0.493072  0.489795  0.494342  0.511832  0.545338  0.589187  0.627094  0.63973  
0.632836  0.621917  0.589161  0.550323  0.519564  0.502165  0.496732  0.498893  0.50479  0.509807  0.507771  0.489476  0.447964  0.387522  0.330511  0.306733  0.330511  0.387522  0.447964  0.489476  0.507771  0.509807  0.50479  0.498893  0.496732  0.502165  0.519564  0.550323  0.589161  0.621917  0.632836  
0.626925  0.617606  0.589648  0.555783  0.527694  0.510811  0.504403  0.505671  0.510879  0.515952  0.513729  0.494366  0.449408  0.383506  0.320908  0.294796  0.320908  0.383506  0.449408  0.494366  0.513729  0.515952  0.510879  0.505671  0.504403  0.510811  0.527694  0.555783  0.589648  0.617606  0.626925  
0.62183  0.614019  0.590586  0.561415  0.536314  0.520068  0.513174  0.513362  0.517919  0.522332  0.519399  0.497937  0.449066  0.377467  0.309623  0.281276  0.309623  0.377467  0.449066  0.497937  0.519399  0.522332  0.517919  0.513362  0.513174  0.520068  0.536314  0.561415  0.590586  0.614019  0.62183  
0.617505  0.611069  0.59176  0.567205  0.545099  0.530057  0.522792  0.522241  0.525707  0.5291  0.524296  0.499826  0.446172  0.368987  0.296303  0.266075  0.296303  0.368987  0.446172  0.499826  0.524296  0.5291  0.525707  0.522241  0.522792  0.530057  0.545099  0.567205  0.59176  0.611069  0.617505  
0.613823  0.608651  0.593134  0.572868  0.554025  0.540373  0.533297  0.531916  0.534261  0.535678  0.527983  0.499027  0.439986  0.357345  0.2807  0.248967  0.2807  0.357345  0.439986  0.499027  0.527983  0.535678  0.534261  0.531916  0.533297  0.540373  0.554025  0.572868  0.593134  0.608651  0.613823  
0.610753  0.6067  0.594541  0.578362  0.562694  0.550895  0.544134  0.542195  0.542813  0.541427  0.52913  0.494377  0.42924  0.341876  0.262418  0.22984  0.262418  0.341876  0.42924  0.494377  0.52913  0.541427  0.542813  0.542195  0.544134  0.550895  0.562694  0.578362  0.594541  0.6067  0.610753  
0.608203  0.60514  0.595952  0.583426  0.570974  0.56105  0.554934  0.552093  0.550394  0.544536  0.52593  0.483814  0.412552  0.321645  0.241168  0.208499  0.241168  0.321645  0.412552  0.483814  0.52593  0.544536  0.550394  0.552093  0.554934  0.56105  0.570974  0.583426  0.595952  0.60514  0.608203  
0.606146  0.603921  0.597244  0.587997  0.578415  0.570375  0.564488  0.560126  0.554423  0.542133  0.515048  0.464735  0.388  0.295795  0.216585  0.184874  0.216585  0.295795  0.388  0.464735  0.515048  0.542133  0.554423  0.560126  0.564488  0.570375  0.578415  0.587997  0.597244  0.603921  0.606146  
0.604548  0.602992  0.598326  0.59162  0.584247  0.577074  0.570197  0.56218  0.550059  0.528696  0.491757  0.433467  0.353589  0.263368  0.188466  0.158879  0.188466  0.263368  0.353589  0.433467  0.491757  0.528696  0.550059  0.56218  0.570197  0.577074  0.584247  0.59162  0.598326  0.602992  0.604548  
0.601661  0.60043  0.596734  0.591019  0.583707  0.574913  0.563903  0.549079  0.527564  0.495685  0.449337  0.385952  0.307221  0.223714  0.15667  0.130587  0.15667  0.223714  0.307221  0.385952  0.449337  0.495685  0.527564  0.549079  0.563903  0.574913  0.583707  0.591019  0.596734  0.60043  0.601661  
0.582625  0.581134  0.57666  0.569202  0.558686  0.544703  0.526493  0.502713  0.471699  0.431478  0.380502  0.318319  0.247538  0.176547  0.121344  0.100142  0.121344  0.176547  0.247538  0.318319  0.380502  0.431478  0.471699  0.502713  0.526493  0.544703  0.558686  0.569202  0.57666  0.581134  0.582625  
0.502046  0.500024  0.493958  0.483816  0.469501  0.450856  0.427557  0.399232  0.365392  0.325699  0.280014  0.228923  0.174518  0.1224  0.0828876  0.0678878  0.0828876  0.1224  0.174518  0.228923  0.280014  0.325699  0.365392  0.399232  0.427557  0.450856  0.469501  0.483816  0.493958  0.500024  0.502046  
0.304277  0.302598  0.297561  0.28923  0.277711  0.263117  0.245593  0.22527  0.202329  0.176951  0.14943  0.120225  0.0904429  0.0627305  0.042082  0.0342961  0.042082  0.0627305  0.0904429  0.120225  0.14943  0.176951  0.202329  0.22527  0.245593  0.263117  0.277711  0.28923  0.297561  0.302598  0.304277  
0  0  0  0  0  0  0  0  0  0  0  0  0  0  0  0  0  0  0  0  0  0  0  0  0  0  0  0  0  0  0  
