1  1  1  1  1  1  1  1  1  1  1  1  1  1  1  1  1  1  1  1  1  1  1  1  1  1  1  1  1  1  1  
0.962713  0.95573  0.934784  0.906269  0.875347  0.845178  0.816523  0.790337  0.766387  0.745449  0.727082  0.71208  0.699919  0.691417  0.685984  0.684401  0.685984  0.691417  0.699919  0.71208  0.727082  0.745449  0.766387  0.790337  0.816523  0.845178  0.875347  0.906269  0.934784  0.95573  0.962713  
0.926043  0.912739  0.872826  0.819002  0.762835  0.709692  0.662558  0.621151  0.586312  0.556628  0.532701  0.513006  0.498366  0.487471  0.481397  0.47899  0.481397  0.487471  0.498366  0.513006  0.532701  0.556628  0.586312  0.621151  0.662558  0.709692  0.762835  0.819002  0.872826  0.912739  0.926043  
0.890807  0.872207  0.816407  0.743471  0.669998  0.605847  0.552716  0.51136  0.478849  0.454514  0.435216  0.420965  0.409586  0.40203  0.39693  0.395641  0.39693  0.40203  0.409586  0.420965  0.435216  0.454514  0.478849  0.51136  0.552716  0.605847  0.669998  0.743471  0.816407  0.872207  0.890807  
0.857269  0.834818  0.767465  0.681376  0.600231  0.534264  0.486636  0.453231  0.431339  0.415555  0.404465  0.394857  0.38745  0.380954  0.377204  0.375457  0.377204  0.380954  0.38745  0.394857  0.404465  0.415555  0.431339  0.453231  0.486636  0.534264  0.600231  0.681376  0.767465  0.834818  0.857268  
0.826237  0.80117  0.725968  0.633573  0.550709  0.490774  0.452145  0.43049  0.417526  0.409644  0.40206  0.394894  0.386676  0.379748  0.374229  0.372629  0.374228  0.379748  0.386676  0.394894  0.40206  0.409644  0.417526  0.430491  0.452145  0.490775  0.550709  0.633573  0.725968  0.80117  0.826237  
0.797519  0.77122  0.692325  0.597575  0.518737  0.466307  0.438778  0.425646  0.42025  0.415302  0.409615  0.400787  0.391005  0.380703  0.373591  0.370546  0.373591  0.380703  0.391005  0.400787  0.409615  0.415302  0.42025  0.425646  0.438778  0.466307  0.518737  0.597575  0.692325  0.77122  0.797519  
0.771773  0.74509  0.665041  0.572425  0.498594  0.455557  0.435888  0.430382  0.428181  0.425762  0.418996  0.409091  0.395619  0.382553  0.372083  0.368549  0.372083  0.382553  0.395619  0.409091  0.418996  0.425762  0.428181  0.430382  0.435888  0.455557  0.498594  0.572425  0.665041  0.74509  0.771773  
0.748405  0.722311  0.644031  0.554695  0.488105  0.451795  0.439648  0.437737  0.438945  0.436488  0.430039  0.417417  0.401455  0.383918  0.37083  0.365477  0.37083  0.383918  0.401455  0.417417  0.430039  0.436488  0.438945  0.437737  0.439648  0.451794  0.488106  0.554695  0.644031  0.722311  0.748405  
0.727944  0.702814  0.627423  0.54384  0.482809  0.453497  0.445051  0.44709  0.448986  0.44816  0.440457  0.426918  0.406991  0.385946  0.368649  0.362377  0.368649  0.385946  0.406991  0.426918  0.440457  0.44816  0.448986  0.44709  0.445051  0.453497  0.482809  0.54384  0.627423  0.702814  0.727944  
0.709567  0.685997  0.615285  0.536884  0.482417  0.456747  0.452367  0.455279  0.459437  0.458365  0.451551  0.435758  0.413427  0.387337  0.36658  0.358137  0.36658  0.387337  0.413427  0.435758  0.451551  0.458365  0.459437  0.455278  0.452367  0.456747  0.482417  0.536884  0.615285  0.685997  0.709567  
0.693749  0.671775  0.605853  0.534113  0.483785  0.46231  0.4587  0.463807  0.467866  0.468696  0.461228  0.445285  0.41921  0.389186  0.363489  0.353714  0.363489  0.389186  0.41921  0.445285  0.461228  0.468697  0.467866  0.463807  0.4587  0.46231  0.483785  0.534113  0.605853  0.671775  0.693749  
0.679596  0.659568  0.599486  0.533104  0.487874  0.467514  0.465802  0.470324  0.476246  0.476967  0.471146  0.453666  0.425578  0.390195  0.360326  0.348066  0.360326  0.390195  0.425578  0.453666  0.471146  0.476967  0.476247  0.470324  0.465802  0.467514  0.487874  0.533104  0.599486  0.659568  0.679596  
0.667571  0.649336  0.594633  0.534746  0.492246  0.474149  0.471413  0.477111  0.482427  0.485269  0.479311  0.462437  0.430965  0.3914  0.356004  0.342044  0.356004  0.3914  0.430965  0.462437  0.479311  0.485269  0.482427  0.477111  0.471413  0.474149  0.492246  0.534746  0.594633  0.649336  0.667571  
0.656807  0.640574  0.591877  0.536995  0.498491  0.480012  0.47792  0.48209  0.4889  0.491584  0.487708  0.469801  0.436629  0.391501  0.351366  0.334676  0.351366  0.391501  0.436629  0.469801  0.487708  0.491584  0.4889  0.482089  0.47792  0.480012  0.498491  0.536995  0.591877  0.640574  0.656807  
0.647763  0.63329  0.589872  0.541058  0.504498  0.487326  0.483277  0.48796  0.49368  0.498367  0.494441  0.477421  0.440991  0.391438  0.345364  0.3267  0.345364  0.391438  0.440991  0.477421  0.494441  0.498368  0.49368  0.48796  0.483277  0.487326  0.504498  0.541058  0.589872  0.63329  0.647763  
0.639651  0.627067  0.589314  0.545132  0.512094  0.494042  0.490117  0.492741  0.499523  0.503695  0.501665  0.483515  0.445251  0.389896  0.338715  0.317211  0.338715  0.389896  0.445251  0.483515  0.501665  0.503695  0.499523  0.492741  0.490117  0.494042  0.512094  0.545132  0.589314  0.627067  0.639651  
0.632909  0.621942  0.589041  0.55052  0.51931  0.502458  0.496415  0.49922  0.504467  0.510112  0.507498  0.489707  0.447781  0.38766  0.330407  0.306826  0.330407  0.38766  0.447781  0.489707  0.507498  0.510113  0.504467  0.49922  0.496415  0.502458  0.51931  0.55052  0.589041  0.621942  0.632909  
0.626858  0.617583  0.58976  0.555596  0.527938  0.510527  0.504712  0.505353  0.511194  0.515655  0.513994  0.494144  0.449583  0.383375  0.321006  0.29471  0.321006  0.383375  0.449583  0.494143  0.513994  0.515655  0.511194  0.505353  0.504712  0.510527  0.527938  0.555595  0.58976  0.617583  0.626858  
0.62189  0.614039  0.590483  0.56159  0.536083  0.520339  0.512879  0.513668  0.517617  0.522616  0.519146  0.498149  0.4489  0.37759  0.309533  0.281355  0.309533  0.37759  0.4489  0.498149  0.519146  0.522616  0.517617  0.513668  0.512879  0.520339  0.536083  0.561591  0.590483  0.614039  0.62189  
0.617451  0.611052  0.591853  0.567045  0.545314  0.529803  0.52307  0.521952  0.525992  0.528833  0.524534  0.499628  0.446327  0.368874  0.296385  0.266004  0.296385  0.368874  0.446327  0.499627  0.524534  0.528833  0.525992  0.521952  0.523071  0.529803  0.545314  0.567045  0.591853  0.611052  0.617451  
0.613869  0.608665  0.593052  0.573012  0.553829  0.540606  0.53304  0.532183  0.533997  0.535925  0.527763  0.49921  0.439843  0.357449  0.280625  0.249031  0.280625  0.357449  0.439843  0.49921  0.527763  0.535925  0.533997  0.532183  0.53304  0.540606  0.553829  0.573012  0.593052  0.608665  0.613869  
0.610714  0.606688  0.594612  0.578235  0.562867  0.550687  0.544365  0.541954  0.543052  0.541204  0.529328  0.494212  0.429368  0.341783  0.262484  0.229783  0.262484  0.341783  0.429368  0.494212  0.529328  0.541204  0.543052  0.541954  0.544365  0.550687  0.562867  0.578235  0.594612  0.606688  0.610714  
0.608235  0.60515  0.595893  0.583534  0.570825  0.561232  0.554731  0.552305  0.550185  0.544733  0.525755  0.48396  0.412439  0.321727  0.24111  0.208548  0.24111  0.321727  0.412439  0.48396  0.525755  0.544733  0.550185  0.552305  0.554731  0.561232  0.570825  0.583534  0.595893  0.60515  0.608235  
0.606121  0.603914  0.597292  0.587909  0.578539  0.570223  0.564659  0.559947  0.554601  0.541966  0.515197  0.464611  0.388097  0.295725  0.216635  0.184832  0.216635  0.295725  0.388097  0.464611  0.515198  0.541966  0.554601  0.559947  0.564659  0.570223  0.578539  0.587909  0.597292  0.603914  0.606121  
0.604567  0.602998  0.598289  0.59169  0.584148  0.577196  0.570059  0.562326  0.549914  0.528833  0.491635  0.433571  0.353508  0.263426  0.188425  0.158914  0.188424  0.263426  0.353508  0.433571  0.491635  0.528833  0.549914  0.562326  0.570059  0.577196  0.584148  0.59169  0.598289  0.602998  0.604567  
0.601647  0.600426  0.596761  0.590968  0.583781  0.574822  0.564008  0.548967  0.527677  0.495578  0.449433  0.38587  0.307285  0.223667  0.156703  0.130559  0.156703  0.223667  0.307285  0.38587  0.449433  0.495578  0.527677  0.548967  0.564008  0.574821  0.583781  0.590968  0.596761  0.600426  0.601647  
0.582634  0.581136  0.576642  0.569237  0.558635  0.544767  0.52642  0.502793  0.471618  0.431555  0.380432  0.318379  0.24749  0.176582  0.12132  0.100163  0.12132  0.176582  0.24749  0.31838  0.380432  0.431555  0.471618  0.502793  0.52642  0.544767  0.558635  0.569237  0.576642  0.581136  0.582634  
0.502041  0.500023  0.493969  0.483795  0.469532  0.450816  0.427603  0.399182  0.365443  0.325649  0.28006  0.228883  0.17455  0.122377  0.082904  0.0678741  0.082904  0.122377  0.17455  0.228883  0.28006  0.325649  0.365443  0.399182  0.427603  0.450816  0.469532  0.483795  0.493969  0.500023  0.502041  
0.304279  0.302598  0.297556  0.28924  0.277697  0.263135  0.245571  0.225295  0.202305  0.176975  0.149407  0.120244  0.0904271  0.0627421  0.0420738  0.0343029  0.0420738  0.0627421  0.0904271  0.120244  0.149407  0.176975  0.202305  0.225295  0.245571  0.263135  0.277697  0.28924  0.297556  0.302598  0.304279  
0  0  0  0  0  0  0  0  0  0  0  0  0  0  0  0  0  0  0  0  0  0  0  0  0  0  0  0  0  0  0  
