1  1  1  1  1  1  1  1  1  1  1  1  1  1  1  1  1  1  1  1  1  1  1  1  1  1  1  1  1  1  1  
0.96272  0.955733  0.934774  0.906284  0.875327  0.845202  0.816495  0.790368  0.766354  0.745485  0.727045  0.712119  0.69988  0.691457  0.685944  0.684442  0.685944  0.691457  0.69988  0.712119  0.727045  0.745485  0.766353  0.790368  0.816495  0.845202  0.875327  0.906284  0.934774  0.955733  0.96272  
0.92603  0.912734  0.872846  0.818972  0.762874  0.709646  0.66261  0.621094  0.586372  0.556565  0.532765  0.512941  0.498431  0.487406  0.481462  0.478925  0.481462  0.487406  0.498431  0.512941  0.532765  0.556565  0.586372  0.621094  0.66261  0.709646  0.762874  0.818972  0.872846  0.912734  0.92603  
0.890826  0.872215  0.81638  0.743513  0.669944  0.605911  0.552647  0.511434  0.478773  0.454592  0.435139  0.421041  0.409512  0.402104  0.396858  0.395713  0.396858  0.402104  0.409512  0.421041  0.435139  0.454592  0.478773  0.511434  0.552646  0.605911  0.669944  0.743513  0.81638  0.872215  0.890826  
0.857244  0.834808  0.7675  0.681323  0.600298  0.534187  0.486718  0.453146  0.431425  0.41547  0.404547  0.394778  0.387527  0.380881  0.377276  0.375386  0.377276  0.380881  0.387527  0.394778  0.404547  0.41547  0.431425  0.453146  0.486718  0.534187  0.600298  0.681323  0.7675  0.834808  0.857244  
0.826266  0.801181  0.725927  0.633636  0.550632  0.49086  0.452055  0.430583  0.417435  0.409733  0.401975  0.394975  0.3866  0.37982  0.374159  0.372697  0.374159  0.37982  0.3866  0.394975  0.401975  0.409734  0.417435  0.430583  0.452055  0.49086  0.550632  0.633636  0.725927  0.801181  0.826266  
0.797486  0.771208  0.692372  0.597506  0.518821  0.466214  0.438876  0.425548  0.420346  0.415209  0.409702  0.400705  0.391081  0.380632  0.373658  0.37048  0.373658  0.380632  0.391081  0.400705  0.409703  0.415209  0.420346  0.425548  0.438876  0.466214  0.518821  0.597506  0.692372  0.771208  0.797486  
0.771808  0.745104  0.664991  0.572501  0.498503  0.455656  0.435785  0.430486  0.428079  0.425859  0.418905  0.409175  0.395542  0.382622  0.372018  0.368613  0.372018  0.382622  0.395542  0.409175  0.418905  0.42586  0.428079  0.430486  0.435785  0.455656  0.498503  0.572501  0.664991  0.745104  0.771808  
0.748368  0.722297  0.644085  0.554615  0.488201  0.45169  0.439757  0.437628  0.439052  0.436386  0.430134  0.417331  0.401532  0.383849  0.370893  0.365416  0.370893  0.383849  0.401533  0.417331  0.430134  0.436385  0.439052  0.437628  0.439757  0.45169  0.488201  0.554615  0.644085  0.722297  0.748368  
0.727982  0.702828  0.627367  0.543924  0.482709  0.453606  0.444938  0.447205  0.448874  0.448267  0.440358  0.427007  0.406913  0.386014  0.368588  0.362436  0.368588  0.386014  0.406913  0.427007  0.440358  0.448267  0.448874  0.447205  0.444938  0.453606  0.482709  0.543924  0.627367  0.702828  0.727982  
0.709528  0.685982  0.615343  0.536798  0.48252  0.456634  0.452486  0.455158  0.459555  0.458252  0.451655  0.435666  0.413506  0.387269  0.366639  0.358081  0.366639  0.387269  0.413507  0.435666  0.451655  0.458252  0.459556  0.455158  0.452486  0.456634  0.482521  0.536798  0.615343  0.685982  0.709528  
0.693788  0.67179  0.605795  0.534201  0.483679  0.462427  0.458577  0.463932  0.467743  0.468814  0.461121  0.445379  0.41913  0.389252  0.363431  0.353768  0.363431  0.389253  0.41913  0.445379  0.46112  0.468814  0.467743  0.463933  0.458576  0.462428  0.483679  0.534201  0.605795  0.67179  0.693788  
0.679557  0.659554  0.599544  0.533015  0.487982  0.467394  0.465929  0.470194  0.476374  0.476845  0.471257  0.45357  0.425659  0.390129  0.360382  0.348014  0.360382  0.390129  0.425659  0.45357  0.471257  0.476845  0.476374  0.470194  0.465929  0.467394  0.487982  0.533015  0.599544  0.659554  0.679557  
0.667608  0.64935  0.594576  0.534835  0.492136  0.474272  0.471283  0.477243  0.482296  0.485393  0.479198  0.462534  0.430885  0.391465  0.355951  0.342093  0.355951  0.391465  0.430884  0.462534  0.479198  0.485393  0.482296  0.477244  0.471283  0.474272  0.492136  0.534835  0.594576  0.64935  0.667608  
0.656771  0.640561  0.591933  0.536907  0.498601  0.479888  0.478052  0.481954  0.489034  0.491458  0.487823  0.469703  0.436709  0.391438  0.351417  0.334629  0.351417  0.391438  0.436709  0.469703  0.487823  0.491457  0.489034  0.481954  0.478052  0.479888  0.498601  0.536907  0.591933  0.640561  0.656771  
0.647797  0.633302  0.589818  0.541144  0.504389  0.48745  0.483144  0.488097  0.493545  0.498495  0.494326  0.477519  0.440912  0.391499  0.345315  0.326744  0.345315  0.391499  0.440912  0.477519  0.494326  0.498495  0.493545  0.488097  0.483144  0.48745  0.504389  0.541145  0.589818  0.633302  0.647797  
0.639619  0.627056  0.589366  0.545048  0.512202  0.493919  0.490249  0.492605  0.499658  0.503568  0.501779  0.483418  0.445329  0.389837  0.33876  0.31717  0.338761  0.389837  0.445329  0.483418  0.501779  0.503568  0.499658  0.492605  0.490249  0.493919  0.512202  0.545048  0.589366  0.627056  0.639619  
0.632939  0.621952  0.588991  0.550602  0.519205  0.502579  0.496285  0.499355  0.504334  0.510238  0.507385  0.489802  0.447706  0.387716  0.330364  0.306864  0.330363  0.387716  0.447706  0.489802  0.507385  0.510238  0.504334  0.499355  0.496285  0.502579  0.519205  0.550602  0.588991  0.621952  0.632939  
0.62683  0.617574  0.589806  0.555518  0.528039  0.51041  0.504838  0.505222  0.511323  0.515533  0.514102  0.494052  0.449655  0.383322  0.321046  0.294675  0.321046  0.383321  0.449655  0.494052  0.514103  0.515533  0.511323  0.505222  0.504839  0.51041  0.528039  0.555518  0.589807  0.617574  0.62683  
0.621915  0.614047  0.590441  0.561662  0.535988  0.52045  0.512757  0.513793  0.517493  0.522733  0.519042  0.498236  0.448832  0.37764  0.309496  0.281387  0.309496  0.37764  0.448832  0.498236  0.519042  0.522733  0.517493  0.513793  0.512757  0.52045  0.535988  0.561663  0.590441  0.614047  0.621915  
0.617429  0.611045  0.591891  0.566979  0.545402  0.529699  0.523185  0.521834  0.526109  0.528723  0.524632  0.499546  0.446391  0.368828  0.296419  0.265975  0.296419  0.368828  0.446391  0.499546  0.524632  0.528723  0.526109  0.521833  0.523185  0.529699  0.545402  0.566979  0.591891  0.611045  0.617429  
0.613888  0.608671  0.593019  0.573072  0.553749  0.540701  0.532935  0.532293  0.533889  0.536027  0.527673  0.499285  0.439785  0.357491  0.280595  0.249057  0.280595  0.357491  0.439785  0.499285  0.527673  0.536027  0.533889  0.532293  0.532935  0.540701  0.553749  0.573072  0.593019  0.608671  0.613888  
0.610698  0.606684  0.594641  0.578183  0.562938  0.550601  0.54446  0.541855  0.54315  0.541112  0.52941  0.494144  0.429421  0.341745  0.262511  0.22976  0.262511  0.341745  0.429421  0.494144  0.52941  0.541112  0.54315  0.541854  0.54446  0.550601  0.562938  0.578183  0.594641  0.606684  0.610698  
0.608249  0.605154  0.595869  0.583578  0.570763  0.561306  0.554648  0.552392  0.550099  0.544814  0.525684  0.48402  0.412393  0.321761  0.241086  0.208568  0.241086  0.321761  0.412393  0.48402  0.525684  0.544814  0.550098  0.552392  0.554648  0.561306  0.570763  0.583578  0.595869  0.605154  0.608249  
0.60611  0.603911  0.597312  0.587873  0.57859  0.57016  0.564729  0.559873  0.554674  0.541897  0.515259  0.464559  0.388137  0.295696  0.216656  0.184815  0.216656  0.295696  0.388137  0.464559  0.515259  0.541897  0.554674  0.559873  0.564729  0.57016  0.57859  0.587872  0.597312  0.603911  0.60611  
0.604575  0.603  0.598273  0.591718  0.584108  0.577246  0.570002  0.562385  0.549854  0.528889  0.491584  0.433613  0.353475  0.26345  0.188408  0.158928  0.188407  0.26345  0.353475  0.433613  0.491584  0.528889  0.549854  0.562385  0.570002  0.577246  0.584108  0.591718  0.598273  0.603  0.604575  
0.601641  0.600424  0.596772  0.590947  0.583811  0.574784  0.564051  0.548921  0.527723  0.495534  0.449473  0.385837  0.307312  0.223648  0.156717  0.130547  0.156717  0.223648  0.307312  0.385837  0.449473  0.495534  0.527723  0.548921  0.564051  0.574784  0.583811  0.590947  0.596772  0.600424  0.601641  
0.582638  0.581137  0.576635  0.569251  0.558614  0.544793  0.526389  0.502825  0.471585  0.431587  0.380403  0.318404  0.247471  0.176596  0.12131  0.100171  0.12131  0.176596  0.247471  0.318404  0.380403  0.431587  0.471585  0.502825  0.526389  0.544793  0.558614  0.569251  0.576635  0.581137  0.582638  
0.502039  0.500022  0.493973  0.483786  0.469544  0.4508  0.427622  0.399161  0.365464  0.325628  0.280079  0.228867  0.174563  0.122367  0.0829108  0.0678684  0.0829108  0.122367  0.174563  0.228867  0.280079  0.325628  0.365464  0.399161  0.427622  0.4508  0.469544  0.483786  0.493973  0.500022  0.502039  
0.30428  0.302598  0.297554  0.289244  0.277691  0.263143  0.245562  0.225304  0.202294  0.176985  0.149398  0.120252  0.0904207  0.0627468  0.0420704  0.0343058  0.0420704  0.0627468  0.0904207  0.120252  0.149398  0.176985  0.202294  0.225304  0.245562  0.263143  0.277691  0.289244  0.297554  0.302598  0.30428  
0  0  0  0  0  0  0  0  0  0  0  0  0  0  0  0  0  0  0  0  0  0  0  0  0  0  0  0  0  0  0  
