1  1  1  1  1  1  1  1  1  1  1  1  1  1  1  1  1  1  1  1  1  1  1  1  1  1  1  1  1  1  1  
0.962796  0.955763  0.934664  0.906456  0.875102  0.845473  0.816183  0.790714  0.765978  0.745884  0.726628  0.712549  0.69944  0.691903  0.685494  0.684892  0.685494  0.691903  0.69944  0.712549  0.726628  0.745884  0.765978  0.790714  0.816183  0.845473  0.875102  0.906456  0.934664  0.955763  0.962796  
0.92588  0.912675  0.873059  0.818639  0.763304  0.709135  0.663188  0.620464  0.58704  0.555871  0.533476  0.512222  0.499154  0.486683  0.482185  0.478202  0.482185  0.486683  0.499154  0.512222  0.533476  0.555871  0.58704  0.620464  0.663188  0.709134  0.763304  0.818639  0.87306  0.912675  0.92588  
0.891043  0.8723  0.816071  0.743989  0.669339  0.606615  0.551869  0.51226  0.477921  0.455453  0.43428  0.421888  0.40868  0.402921  0.39605  0.396517  0.39605  0.402921  0.40868  0.421888  0.43428  0.455453  0.47792  0.51226  0.551869  0.606615  0.669339  0.743989  0.816071  0.8723  0.891043  
0.856969  0.8347  0.767891  0.680727  0.601043  0.533338  0.487633  0.452198  0.43238  0.414527  0.405464  0.393894  0.388376  0.380061  0.378075  0.374594  0.378075  0.380061  0.388376  0.393894  0.405464  0.414527  0.43238  0.452198  0.487633  0.533338  0.601043  0.680727  0.767891  0.8347  0.856969  
0.826589  0.801308  0.725466  0.634331  0.549778  0.491817  0.451044  0.431612  0.416415  0.410724  0.401028  0.395872  0.385754  0.380622  0.373387  0.373459  0.373387  0.380622  0.385754  0.395872  0.401027  0.410724  0.416415  0.431612  0.451044  0.491817  0.549778  0.634331  0.725466  0.801308  0.826589  
0.797125  0.771066  0.692889  0.596731  0.519762  0.465176  0.43996  0.424455  0.421421  0.414174  0.410681  0.399792  0.391927  0.379845  0.374406  0.369747  0.374406  0.379844  0.391927  0.399792  0.410682  0.414174  0.421421  0.424455  0.43996  0.465175  0.519762  0.596731  0.692889  0.771066  0.797125  
0.772199  0.745256  0.664429  0.573338  0.497494  0.456761  0.434638  0.43164  0.426948  0.426944  0.417887  0.410111  0.394691  0.383399  0.371292  0.36932  0.371292  0.3834  0.39469  0.410112  0.417887  0.426944  0.426948  0.43164  0.434637  0.456761  0.497493  0.573339  0.664429  0.745256  0.772199  
0.747956  0.722137  0.644681  0.553727  0.489267  0.450527  0.440964  0.436413  0.440244  0.435246  0.431195  0.416367  0.402393  0.383081  0.371598  0.364734  0.371598  0.38308  0.402393  0.416367  0.431195  0.435246  0.440244  0.436413  0.440965  0.450527  0.489267  0.553727  0.644681  0.722137  0.747956  
0.728407  0.702992  0.626746  0.544851  0.481597  0.454821  0.443673  0.448482  0.44762  0.449464  0.439251  0.428  0.406042  0.386775  0.367904  0.363091  0.367904  0.386775  0.406042  0.428  0.439251  0.449464  0.447619  0.448482  0.443672  0.454822  0.481596  0.544851  0.626746  0.702992  0.728407  
0.709097  0.685818  0.615979  0.535841  0.483672  0.455372  0.453805  0.453822  0.46087  0.456999  0.452807  0.434643  0.414388  0.386516  0.367301  0.357451  0.367301  0.386516  0.414388  0.434643  0.452807  0.456999  0.460871  0.453821  0.453806  0.455371  0.483672  0.535841  0.615979  0.685817  0.709097  
0.69422  0.671952  0.60515  0.535177  0.482497  0.463731  0.457207  0.465324  0.466372  0.470119  0.459927  0.446428  0.418241  0.389996  0.362791  0.354371  0.362791  0.389996  0.41824  0.446428  0.459926  0.470119  0.466371  0.465325  0.457207  0.463732  0.482496  0.535178  0.60515  0.671952  0.69422  
0.679131  0.659395  0.60019  0.532027  0.489188  0.466057  0.467341  0.468754  0.477795  0.475495  0.472486  0.452499  0.426554  0.389397  0.360999  0.347439  0.360999  0.389396  0.426554  0.452498  0.472487  0.475495  0.477795  0.468754  0.467342  0.466056  0.489188  0.532027  0.60019  0.659395  0.67913  
0.668024  0.649502  0.593936  0.535825  0.490916  0.475635  0.469837  0.478722  0.480836  0.486779  0.47794  0.463621  0.429988  0.392184  0.355358  0.34264  0.355358  0.392184  0.429988  0.463621  0.47794  0.486779  0.480835  0.478723  0.469837  0.475635  0.490916  0.535826  0.593936  0.649502  0.668024  
0.656369  0.640417  0.59256  0.535923  0.499825  0.478511  0.47952  0.480449  0.490521  0.490048  0.489098  0.468609  0.437601  0.390735  0.351983  0.334112  0.351983  0.390735  0.437601  0.468608  0.489098  0.490047  0.490521  0.480448  0.47952  0.47851  0.499825  0.535922  0.59256  0.640417  0.656369  
0.64818  0.633438  0.589211  0.542112  0.503172  0.48883  0.481667  0.489615  0.492045  0.499915  0.493046  0.478611  0.440031  0.392182  0.344776  0.32723  0.344776  0.392182  0.440031  0.478611  0.493046  0.499916  0.492044  0.489615  0.481666  0.48883  0.503171  0.542112  0.589211  0.633438  0.64818  
0.639259  0.626931  0.589947  0.544107  0.513399  0.492551  0.491721  0.491089  0.501155  0.502152  0.503051  0.482339  0.446191  0.389179  0.33927  0.316715  0.33927  0.389179  0.446191  0.482338  0.503051  0.502152  0.501155  0.491089  0.491721  0.49255  0.513399  0.544106  0.589947  0.626931  0.639259  
0.633273  0.622066  0.588442  0.551506  0.51804  0.50392  0.494835  0.50085  0.502857  0.511632  0.506136  0.490856  0.44687  0.388345  0.329885  0.307288  0.329884  0.388346  0.44687  0.490857  0.506136  0.511633  0.502857  0.50085  0.494834  0.503921  0.51804  0.551506  0.588442  0.622066  0.633274  
0.626524  0.617473  0.590319  0.554661  0.529157  0.509112  0.506248  0.503765  0.512762  0.514178  0.515314  0.493034  0.450456  0.382725  0.321492  0.294284  0.321492  0.382725  0.450457  0.493033  0.515314  0.514177  0.512762  0.503765  0.506249  0.509111  0.529157  0.554661  0.590319  0.617473  0.626524  
0.622191  0.614136  0.589971  0.562463  0.534932  0.521688  0.511407  0.515191  0.516113  0.524031  0.517884  0.499206  0.448073  0.378199  0.309083  0.281745  0.309083  0.378199  0.448073  0.499206  0.517884  0.524032  0.516112  0.515192  0.511406  0.521689  0.534931  0.562464  0.58997  0.614136  0.622191  
0.617185  0.610968  0.592315  0.566244  0.546384  0.528539  0.524457  0.520514  0.527412  0.527499  0.52572  0.498637  0.447099  0.36831  0.296796  0.26565  0.296797  0.36831  0.4471  0.498636  0.525721  0.527499  0.527412  0.520514  0.524457  0.528538  0.546384  0.566244  0.592316  0.610968  0.617185  
0.6141  0.608736  0.592644  0.573732  0.552856  0.541766  0.531761  0.533513  0.532684  0.537158  0.526669  0.500122  0.439134  0.357964  0.280254  0.249349  0.280254  0.357964  0.439134  0.500123  0.526669  0.537158  0.532683  0.533513  0.53176  0.541767  0.552855  0.573732  0.592644  0.608736  0.6141  
0.610518  0.60663  0.594964  0.577604  0.563732  0.549647  0.545517  0.540753  0.544239  0.54009  0.530316  0.493389  0.430008  0.34132  0.262815  0.229501  0.262815  0.34132  0.430008  0.493388  0.530316  0.54009  0.544239  0.540752  0.545518  0.549646  0.563732  0.577604  0.594964  0.60663  0.610518  
0.608396  0.605197  0.595598  0.584071  0.57008  0.562136  0.553724  0.553359  0.549141  0.545712  0.524886  0.484686  0.411875  0.322134  0.24082  0.208794  0.24082  0.322135  0.411875  0.484686  0.524885  0.545713  0.549141  0.553359  0.553723  0.562136  0.57008  0.584071  0.595598  0.605197  0.608396  
0.605993  0.603877  0.597531  0.587468  0.579158  0.569465  0.565509  0.559054  0.555487  0.541131  0.51594  0.463989  0.388582  0.295374  0.216883  0.184623  0.216883  0.295374  0.388582  0.463989  0.51594  0.541131  0.555488  0.559054  0.565509  0.569464  0.579158  0.587468  0.597531  0.603877  0.605993  
0.604665  0.603025  0.598104  0.592035  0.583657  0.577803  0.569373  0.56305  0.549191  0.529516  0.491023  0.434085  0.353105  0.263718  0.188218  0.159087  0.188218  0.263718  0.353105  0.434085  0.491023  0.529516  0.549191  0.56305  0.569373  0.577803  0.583657  0.592035  0.598104  0.603025  0.604665  
0.601577  0.600407  0.596895  0.590713  0.584148  0.574364  0.56453  0.548411  0.528235  0.495046  0.449913  0.385464  0.307606  0.223435  0.156867  0.130421  0.156867  0.223435  0.307606  0.385464  0.449913  0.495046  0.528235  0.548411  0.56453  0.574364  0.584148  0.590713  0.596895  0.600407  0.601577  
0.582681  0.581149  0.576552  0.569411  0.558382  0.545086  0.526052  0.503188  0.471217  0.431941  0.380081  0.31868  0.247252  0.176756  0.121197  0.100266  0.121197  0.176756  0.247252  0.31868  0.38008  0.431941  0.471217  0.503188  0.526052  0.545086  0.558382  0.569411  0.576552  0.581149  0.582681  
0.502013  0.500016  0.494023  0.48369  0.469686  0.450619  0.427833  0.398932  0.365699  0.3254  0.280289  0.228686  0.174707  0.122261  0.0829858  0.0678055  0.0829858  0.122261  0.174707  0.228686  0.280289  0.3254  0.365699  0.398932  0.427833  0.450619  0.469686  0.48369  0.494023  0.500016  0.502013  
0.304292  0.302601  0.297531  0.289288  0.277625  0.263228  0.245462  0.225414  0.202181  0.177097  0.149294  0.120342  0.0903487  0.0627997  0.042033  0.0343372  0.042033  0.0627997  0.0903487  0.120342  0.149294  0.177097  0.202181  0.225414  0.245462  0.263228  0.277625  0.289288  0.297531  0.302601  0.304292  
0  0  0  0  0  0  0  0  0  0  0  0  0  0  0  0  0  0  0  0  0  0  0  0  0  0  0  0  0  0  0  
