1  1  1  1  1  1  1  1  1  1  1  1  1  1  1  1  1  1  1  1  1  1  1  1  1  1  1  1  1  1  1  
0.962907  0.955807  0.934507  0.906703  0.87478  0.845863  0.815735  0.791212  0.765439  0.746457  0.726029  0.713167  0.698808  0.692544  0.684848  0.68554  0.684848  0.692544  0.698808  0.713167  0.726029  0.746457  0.765439  0.791212  0.815735  0.845863  0.87478  0.906703  0.934507  0.955807  0.962907  
0.925664  0.91259  0.873367  0.818161  0.763922  0.708399  0.664019  0.619559  0.588  0.554873  0.534497  0.511188  0.500193  0.485643  0.483223  0.477164  0.483223  0.485643  0.500193  0.511188  0.534497  0.554873  0.588001  0.619558  0.664019  0.708399  0.763922  0.81816  0.873367  0.91259  0.925664  
0.891354  0.872423  0.815627  0.744672  0.66847  0.607628  0.550752  0.513446  0.476696  0.456691  0.433047  0.423105  0.407484  0.404096  0.39489  0.397672  0.39489  0.404096  0.407484  0.423105  0.433047  0.456692  0.476696  0.513446  0.550752  0.607628  0.66847  0.744672  0.815627  0.872423  0.891354  
0.856575  0.834545  0.768453  0.67987  0.602114  0.532118  0.488948  0.450836  0.433752  0.413173  0.406781  0.392624  0.389596  0.378884  0.379224  0.373456  0.379224  0.378883  0.389597  0.392624  0.406782  0.413172  0.433753  0.450835  0.488948  0.532117  0.602114  0.67987  0.768454  0.834545  0.856575  
0.827052  0.80149  0.724804  0.635329  0.54855  0.49319  0.449591  0.43309  0.41495  0.412147  0.399666  0.39716  0.384539  0.381774  0.372277  0.374554  0.372277  0.381774  0.384539  0.397161  0.399666  0.412148  0.414949  0.433091  0.449591  0.493191  0.548549  0.635329  0.724804  0.80149  0.827053  
0.796606  0.770863  0.693632  0.595618  0.521113  0.463684  0.441518  0.422884  0.422965  0.412687  0.412088  0.39848  0.393142  0.378713  0.37548  0.368692  0.37548  0.378713  0.393143  0.398479  0.412089  0.412686  0.422966  0.422884  0.441518  0.463684  0.521114  0.595618  0.693632  0.770863  0.796606  
0.77276  0.745475  0.663621  0.574542  0.496044  0.458348  0.432989  0.433298  0.425322  0.428503  0.416426  0.411456  0.393467  0.384516  0.370249  0.370336  0.370249  0.384516  0.393467  0.411457  0.416425  0.428503  0.425321  0.433298  0.432988  0.458349  0.496043  0.574543  0.663621  0.745475  0.77276  
0.747365  0.721908  0.645537  0.552451  0.490798  0.448856  0.442699  0.434667  0.441957  0.433609  0.43272  0.414983  0.40363  0.381976  0.37261  0.363755  0.37261  0.381976  0.40363  0.414982  0.43272  0.433608  0.441957  0.434666  0.4427  0.448855  0.490798  0.55245  0.645537  0.721908  0.747365  
0.729018  0.703227  0.625854  0.546183  0.479998  0.456568  0.441855  0.450316  0.445818  0.451184  0.43766  0.429427  0.40479  0.387868  0.366922  0.364034  0.366922  0.387868  0.40479  0.429428  0.43766  0.451184  0.445817  0.450317  0.441854  0.456568  0.479998  0.546184  0.625854  0.703227  0.729018  
0.708477  0.685581  0.616894  0.534467  0.485326  0.453558  0.455701  0.451901  0.46276  0.455199  0.454463  0.433174  0.415654  0.385435  0.368253  0.356546  0.368253  0.385434  0.415655  0.433174  0.454463  0.455198  0.462761  0.4519  0.455702  0.453557  0.485327  0.534466  0.616895  0.685581  0.708477  
0.69484  0.672186  0.604223  0.536581  0.480797  0.465604  0.45524  0.467325  0.464401  0.471994  0.458211  0.447936  0.416962  0.391065  0.361871  0.355237  0.361871  0.391065  0.416961  0.447936  0.45821  0.471995  0.4644  0.467326  0.455239  0.465605  0.480796  0.536581  0.604223  0.672186  0.69484  
0.678518  0.659168  0.601118  0.530607  0.490921  0.464134  0.46937  0.466685  0.479836  0.473555  0.474254  0.450959  0.427841  0.388344  0.361885  0.346613  0.361886  0.388343  0.427841  0.450959  0.474255  0.473554  0.479837  0.466684  0.469371  0.464133  0.490921  0.530606  0.601118  0.659167  0.678517  
0.668623  0.649721  0.593018  0.537249  0.489163  0.477593  0.46776  0.480847  0.478738  0.48877  0.476133  0.465183  0.4287  0.393218  0.354507  0.343425  0.354506  0.393218  0.4287  0.465183  0.476132  0.488771  0.478737  0.480848  0.467759  0.477594  0.489162  0.53725  0.593017  0.649721  0.668623  
0.655792  0.640209  0.59346  0.534509  0.501584  0.476531  0.48163  0.478286  0.492658  0.488022  0.49093  0.467036  0.438883  0.389726  0.352797  0.33337  0.352797  0.389725  0.438883  0.467036  0.49093  0.488021  0.492659  0.478285  0.481631  0.476531  0.501585  0.534508  0.59346  0.640209  0.655792  
0.64873  0.633632  0.588339  0.543502  0.501423  0.490813  0.479543  0.491796  0.489889  0.501956  0.491207  0.48018  0.438766  0.393162  0.344002  0.327929  0.344001  0.393162  0.438765  0.480181  0.491206  0.501957  0.489888  0.491797  0.479542  0.490814  0.501422  0.543503  0.588338  0.633632  0.64873  
0.638742  0.626752  0.590782  0.542754  0.51512  0.490585  0.493836  0.488912  0.503307  0.500118  0.504879  0.480788  0.44743  0.388233  0.340003  0.31606  0.340003  0.388233  0.44743  0.480787  0.50488  0.500117  0.503308  0.488911  0.493837  0.490584  0.51512  0.542754  0.590783  0.626752  0.638741  
0.633754  0.622229  0.587652  0.552806  0.516367  0.505848  0.492752  0.502998  0.500734  0.513636  0.504341  0.492372  0.445669  0.38925  0.329196  0.307896  0.329196  0.38925  0.445669  0.492373  0.50434  0.513637  0.500733  0.502999  0.492751  0.505849  0.516366  0.552806  0.587652  0.622229  0.633754  
0.626084  0.617327  0.591055  0.553428  0.530763  0.507246  0.508274  0.501673  0.514829  0.51223  0.517054  0.49157  0.451608  0.381868  0.322134  0.293722  0.322134  0.381868  0.451609  0.49157  0.517055  0.512229  0.51483  0.501672  0.508275  0.507245  0.530764  0.553428  0.591055  0.617327  0.626084  
0.622587  0.614264  0.589295  0.563614  0.533413  0.523468  0.509466  0.5172  0.514129  0.525898  0.516221  0.500599  0.446982  0.379002  0.30849  0.28226  0.30849  0.379003  0.446982  0.5006  0.51622  0.525899  0.514128  0.517201  0.509465  0.523468  0.533412  0.563614  0.589294  0.614264  0.622588  
0.616834  0.610857  0.592925  0.565188  0.547795  0.526872  0.526284  0.518619  0.529284  0.525741  0.527284  0.49733  0.448117  0.367566  0.297339  0.265182  0.297339  0.367566  0.448118  0.49733  0.527284  0.52574  0.529285  0.518618  0.526285  0.526871  0.547796  0.565188  0.592925  0.610857  0.616834  
0.614404  0.60883  0.592106  0.574681  0.551572  0.543297  0.530074  0.535266  0.530952  0.538783  0.525226  0.501325  0.438199  0.358643  0.279764  0.249768  0.279764  0.358644  0.438199  0.501326  0.525226  0.538783  0.530951  0.535267  0.530073  0.543298  0.551571  0.574681  0.592105  0.60883  0.614404  
0.610261  0.606553  0.595428  0.576773  0.564872  0.548276  0.547037  0.539169  0.545804  0.538622  0.531619  0.492303  0.43085  0.34071  0.263251  0.22913  0.263251  0.34071  0.430851  0.492302  0.531619  0.538621  0.545805  0.539168  0.547037  0.548275  0.564872  0.576772  0.595428  0.606553  0.610261  
0.608609  0.605259  0.595209  0.584779  0.569097  0.563328  0.552395  0.554748  0.547766  0.547004  0.523739  0.485643  0.411132  0.322672  0.240438  0.209117  0.240438  0.322672  0.411132  0.485643  0.523739  0.547004  0.547765  0.554749  0.552394  0.563328  0.569097  0.58478  0.595209  0.605259  0.608609  
0.605824  0.603829  0.597845  0.586887  0.579974  0.568465  0.56663  0.557876  0.556656  0.540032  0.51692  0.463169  0.389221  0.294913  0.21721  0.184347  0.21721  0.294913  0.389221  0.463168  0.51692  0.540031  0.556657  0.557876  0.56663  0.568465  0.579975  0.586886  0.597845  0.603829  0.605824  
0.604793  0.60306  0.597862  0.592491  0.58301  0.578603  0.568469  0.564005  0.548239  0.530417  0.490217  0.434764  0.352574  0.264103  0.187946  0.159316  0.187946  0.264103  0.352574  0.434764  0.490217  0.530417  0.548238  0.564005  0.568469  0.578603  0.58301  0.592491  0.597861  0.60306  0.604794  
0.601485  0.600382  0.597072  0.590377  0.584631  0.57376  0.565218  0.547679  0.528971  0.494345  0.450545  0.384928  0.308028  0.223128  0.157084  0.130238  0.157084  0.223128  0.308028  0.384927  0.450545  0.494345  0.528971  0.547678  0.565218  0.57376  0.584631  0.590376  0.597072  0.600382  0.601485  
0.582742  0.581165  0.576433  0.56964  0.558049  0.545507  0.525567  0.503709  0.470688  0.43245  0.379617  0.319076  0.246938  0.176985  0.121035  0.100402  0.121035  0.176985  0.246938  0.319076  0.379617  0.43245  0.470688  0.50371  0.525567  0.545507  0.558049  0.56964  0.576433  0.581165  0.582742  
0.501977  0.500006  0.494093  0.483552  0.469889  0.45036  0.428135  0.398603  0.366037  0.325072  0.280591  0.228426  0.174915  0.122109  0.0830936  0.067715  0.0830936  0.122109  0.174915  0.228425  0.280591  0.325071  0.366037  0.398602  0.428135  0.45036  0.469889  0.483552  0.494093  0.500006  0.501977  
0.304308  0.302606  0.297499  0.289352  0.277531  0.26335  0.245318  0.225572  0.202017  0.177257  0.149146  0.120471  0.0902454  0.0628757  0.0419792  0.0343823  0.0419792  0.0628757  0.0902453  0.120471  0.149146  0.177257  0.202017  0.225572  0.245318  0.26335  0.277531  0.289352  0.297499  0.302606  0.304308  
0  0  0  0  0  0  0  0  0  0  0  0  0  0  0  0  0  0  0  0  0  0  0  0  0  0  0  0  0  0  0  
