1  1  1  1  1  1  1  1  1  1  1  1  1  1  1  1  1  1  1  1  1  1  1  1  1  1  1  1  1  1  1  
0.963636  0.956094  0.933468  0.90833  0.872652  0.848431  0.812781  0.794496  0.761882  0.750234  0.722081  0.717243  0.694642  0.696769  0.680589  0.689809  0.680589  0.696769  0.694642  0.717243  0.722081  0.750234  0.761882  0.794496  0.812781  0.848431  0.872652  0.90833  0.933467  0.956094  0.963636  
0.924241  0.912029  0.875394  0.815007  0.767998  0.703552  0.669497  0.613589  0.594332  0.548293  0.541231  0.504372  0.507041  0.478789  0.490073  0.470318  0.490073  0.478789  0.507042  0.504372  0.541232  0.548292  0.594333  0.613588  0.669498  0.703551  0.767999  0.815007  0.875395  0.912029  0.924241  
0.893407  0.873231  0.812703  0.749176  0.662741  0.614303  0.543387  0.521267  0.468622  0.464856  0.424914  0.43113  0.399602  0.411843  0.38724  0.405288  0.387239  0.411843  0.399602  0.43113  0.424913  0.464856  0.468621  0.521268  0.543386  0.614304  0.66274  0.749177  0.812702  0.873231  0.893407  
0.853975  0.833521  0.77216  0.674223  0.609172  0.524071  0.497618  0.441852  0.442803  0.40424  0.415469  0.384251  0.397644  0.371119  0.386797  0.36595  0.386797  0.371118  0.397645  0.38425  0.41547  0.404239  0.442804  0.441851  0.497619  0.524069  0.609173  0.674222  0.77216  0.833521  0.853974  
0.830109  0.802692  0.72044  0.641913  0.540452  0.50225  0.440014  0.44284  0.405287  0.421533  0.390689  0.405658  0.376524  0.389374  0.364958  0.381774  0.364958  0.389375  0.376523  0.405659  0.390687  0.421534  0.405286  0.442842  0.440012  0.502252  0.54045  0.641914  0.72044  0.802692  0.83011  
0.793184  0.769521  0.698532  0.58828  0.530025  0.45385  0.45179  0.412527  0.433148  0.402881  0.421364  0.389828  0.401158  0.37125  0.382566  0.361741  0.382566  0.371249  0.401159  0.389827  0.421365  0.402879  0.43315  0.412525  0.451792  0.453848  0.530027  0.588279  0.698533  0.769521  0.793184  
0.77646  0.746919  0.658297  0.582482  0.486481  0.468816  0.422114  0.444229  0.414602  0.43878  0.406786  0.420326  0.385398  0.391878  0.363374  0.377039  0.363373  0.391879  0.385397  0.420327  0.406784  0.438782  0.4146  0.444232  0.422112  0.468818  0.48648  0.582483  0.658296  0.74692  0.776461  
0.743466  0.720396  0.651185  0.544036  0.500893  0.437837  0.45414  0.423154  0.45325  0.42281  0.442773  0.405852  0.411783  0.374695  0.379286  0.357296  0.379286  0.374694  0.411785  0.40585  0.442775  0.422808  0.453253  0.423152  0.454142  0.437835  0.500895  0.544035  0.651186  0.720396  0.743465  
0.733044  0.704776  0.619973  0.554968  0.469458  0.468082  0.429869  0.462413  0.433935  0.462524  0.427171  0.438838  0.396537  0.395076  0.360445  0.370248  0.360444  0.395077  0.396536  0.43884  0.427169  0.462526  0.433932  0.462416  0.429867  0.468085  0.469456  0.554969  0.619972  0.704776  0.733044  
0.704389  0.684024  0.622928  0.525404  0.496236  0.441597  0.468204  0.439237  0.47522  0.443327  0.465381  0.423486  0.424005  0.378302  0.374528  0.350581  0.374529  0.378301  0.424007  0.423484  0.465383  0.443324  0.475223  0.439234  0.468207  0.441594  0.496238  0.525403  0.622929  0.684023  0.704388  
0.698932  0.673727  0.598112  0.545836  0.46959  0.477956  0.442265  0.480514  0.451405  0.484359  0.446896  0.457877  0.40853  0.398112  0.355805  0.360948  0.355805  0.398113  0.408528  0.457879  0.446893  0.484362  0.451402  0.480517  0.442262  0.477959  0.469588  0.545837  0.598111  0.673727  0.698933  
0.674475  0.657665  0.607236  0.521243  0.502347  0.451459  0.482751  0.453038  0.493298  0.460762  0.485909  0.440809  0.436324  0.3814  0.367732  0.341165  0.367732  0.381399  0.436326  0.440807  0.485912  0.460759  0.493301  0.453035  0.482754  0.451457  0.502349  0.521242  0.607237  0.657665  0.674474  
0.672568  0.651166  0.586958  0.546637  0.477603  0.490507  0.45406  0.494859  0.464904  0.501901  0.464217  0.47548  0.420207  0.400033  0.348892  0.348602  0.348892  0.400034  0.420205  0.475483  0.464214  0.501904  0.464901  0.494862  0.454057  0.490509  0.4776  0.546638  0.586957  0.651166  0.672569  
0.651988  0.638839  0.599395  0.525185  0.513183  0.463479  0.495542  0.464022  0.506749  0.474664  0.503009  0.456668  0.447333  0.383068  0.358166  0.328472  0.358166  0.383067  0.447334  0.456666  0.503012  0.474661  0.506752  0.464018  0.495545  0.463476  0.513185  0.525183  0.599397  0.638839  0.651987  
0.652355  0.634913  0.582588  0.55267  0.489892  0.503887  0.465543  0.506182  0.475674  0.515413  0.479077  0.490528  0.430421  0.399627  0.338894  0.332539  0.338894  0.399628  0.430419  0.490531  0.479074  0.515416  0.475671  0.506185  0.46554  0.50389  0.48989  0.552672  0.582587  0.634914  0.652356  
0.63533  0.62557  0.596289  0.533837  0.526465  0.477619  0.507783  0.474554  0.517495  0.486706  0.516931  0.470562  0.4556  0.381999  0.344833  0.311745  0.344834  0.381998  0.455602  0.470559  0.516934  0.486703  0.517498  0.474551  0.507786  0.477616  0.526467  0.533835  0.59629  0.625569  0.635329  
0.636922  0.623303  0.582446  0.561376  0.505332  0.518561  0.479015  0.517166  0.486736  0.526847  0.492504  0.502368  0.437748  0.395213  0.324658  0.31191  0.324658  0.395214  0.437746  0.50237  0.492501  0.52685  0.486733  0.517169  0.479012  0.518564  0.50533  0.561378  0.582445  0.623303  0.636923  
0.623184  0.616365  0.595909  0.545302  0.541355  0.494942  0.521631  0.487872  0.528461  0.499384  0.528531  0.48192  0.459203  0.376217  0.326365  0.290016  0.326365  0.376216  0.459205  0.481918  0.528534  0.499381  0.528465  0.487869  0.521634  0.49494  0.541357  0.5453  0.59591  0.616365  0.623183  
0.625201  0.61511  0.584839  0.571202  0.523398  0.535199  0.496668  0.530447  0.501046  0.538205  0.505254  0.509788  0.439791  0.3843  0.304581  0.285655  0.304581  0.384301  0.43979  0.50979  0.505251  0.538207  0.501043  0.53045  0.496665  0.535202  0.523396  0.571204  0.584838  0.61511  0.625201  
0.614521  0.610127  0.596943  0.558227  0.557098  0.515878  0.538337  0.506118  0.541628  0.514145  0.537594  0.488716  0.45483  0.36266  0.300914  0.262102  0.300914  0.362659  0.454832  0.488714  0.537597  0.514143  0.541631  0.506115  0.53834  0.515876  0.5571  0.558226  0.596944  0.610126  0.614521  
0.616411  0.609447  0.588555  0.580936  0.543106  0.553389  0.518952  0.546829  0.519533  0.549498  0.515713  0.509259  0.432034  0.363123  0.276533  0.252533  0.276533  0.363124  0.432033  0.509261  0.515711  0.5495  0.51953  0.546832  0.518949  0.553392  0.543104  0.580938  0.588555  0.609447  0.616411  
0.608561  0.606043  0.59849  0.571287  0.572389  0.539235  0.557055  0.528726  0.556124  0.528941  0.540208  0.485143  0.436409  0.336688  0.266129  0.226682  0.266129  0.336687  0.43641  0.485141  0.54021  0.528939  0.556127  0.528724  0.557057  0.539233  0.57239  0.571286  0.598491  0.606043  0.60856  
0.610008  0.605667  0.592644  0.58945  0.562619  0.571189  0.543632  0.563912  0.538695  0.555518  0.516178  0.491953  0.40623  0.326213  0.23792  0.21125  0.237919  0.326214  0.406229  0.491954  0.516176  0.55552  0.538693  0.563914  0.54363  0.571191  0.562618  0.589451  0.592644  0.605667  0.610009  
0.60471  0.603512  0.599918  0.583053  0.585356  0.561876  0.574022  0.550113  0.564363  0.532779  0.523377  0.457762  0.393432  0.291869  0.219366  0.182527  0.219367  0.291868  0.393433  0.457761  0.523379  0.532778  0.564365  0.550111  0.574024  0.561874  0.585357  0.583052  0.599919  0.603512  0.60471  
0.605641  0.603296  0.59626  0.595496  0.578742  0.583878  0.562508  0.570301  0.541958  0.536355  0.484903  0.439237  0.349073  0.266638  0.186154  0.160825  0.186153  0.266639  0.349072  0.439238  0.484902  0.536356  0.541957  0.570303  0.562507  0.583879  0.578741  0.595496  0.59626  0.603296  0.605641  
0.600875  0.600216  0.598238  0.588158  0.587819  0.569779  0.569756  0.542848  0.533826  0.489722  0.454714  0.381392  0.310812  0.221104  0.158514  0.129037  0.158514  0.221104  0.310813  0.381391  0.454715  0.489721  0.533827  0.542847  0.569757  0.569778  0.58782  0.588157  0.598239  0.600216  0.600875  
0.583147  0.581273  0.575649  0.571151  0.555852  0.548282  0.52237  0.507148  0.467199  0.435805  0.376563  0.321689  0.244866  0.178497  0.119966  0.1013  0.119965  0.178498  0.244865  0.321689  0.376562  0.435806  0.467198  0.507148  0.522369  0.548282  0.555851  0.571152  0.575649  0.581273  0.583147  
0.501738  0.499944  0.49456  0.482641  0.471229  0.448647  0.430131  0.396431  0.368265  0.322906  0.282581  0.226709  0.176286  0.121104  0.0838044  0.0671187  0.0838045  0.121104  0.176286  0.226708  0.282582  0.322905  0.368266  0.396431  0.430132  0.448647  0.471229  0.482641  0.494561  0.499944  0.501738  
0.304417  0.302634  0.297285  0.289772  0.276907  0.264154  0.244371  0.226613  0.200939  0.178314  0.148167  0.121321  0.0895637  0.0633766  0.0416244  0.0346799  0.0416244  0.0633767  0.0895636  0.121321  0.148167  0.178314  0.200939  0.226613  0.24437  0.264155  0.276907  0.289772  0.297285  0.302634  0.304417  
0  0  0  0  0  0  0  0  0  0  0  0  0  0  0  0  0  0  0  0  0  0  0  0  0  0  0  0  0  0  0  
