1  1  1  1  1  1  1  1  1  1  1  1  1  1  1  1  1  1  1  1  1  1  1  1  1  1  1  1  1  1  1  
0.938956  0.908843  0.818504  0.738355  0.667363  0.605732  0.552494  0.506241  0.465768  0.432994  0.407612  0.381521  0.355904  0.342256  0.336276  0.333449  0.336276  0.342256  0.355904  0.381521  0.407612  0.432994  0.465768  0.506241  0.552494  0.605732  0.667363  0.738355  0.818504  0.908843  0.938956  
0.879694  0.829027  0.677028  0.569205  0.499423  0.458365  0.435208  0.421822  0.418537  0.426338  0.415537  0.376216  0.379223  0.418252  0.417722  0.41152  0.417722  0.418252  0.379223  0.376216  0.415537  0.426338  0.418537  0.421822  0.435208  0.458365  0.499423  0.569205  0.677028  0.829027  0.879694  
0.821825  0.761138  0.579076  0.4828  0.447099  0.440998  0.443112  0.450757  0.470563  0.453472  0.354041  0.377946  0.598086  0.590095  0.422797  0.387579  0.422797  0.590095  0.598086  0.377946  0.354041  0.453472  0.470563  0.450757  0.443112  0.440998  0.447099  0.4828  0.579076  0.761138  0.821825  
0.75818  0.696373  0.510953  0.447717  0.44728  0.460195  0.47268  0.493652  0.477796  0.342225  0.405923  0.97902  0.924161  -0.0828935  -0.371539  -0.30409  -0.371539  -0.0828935  0.924161  0.97902  0.405923  0.342225  0.477796  0.493652  0.47268  0.460195  0.44728  0.447717  0.510953  0.696373  0.75818  
0.87467  0.777162  0.484636  0.435394  0.462369  0.482407  0.496381  0.485798  0.374197  0.449085  1.23987  1.07681  -1.59047  -2.19033  -0.14465  0.425757  -0.14465  -2.19033  -1.59047  1.07681  1.23987  0.449085  0.374197  0.485798  0.496381  0.482407  0.462369  0.435394  0.484636  0.777162  0.87467  
1.04968  0.920568  0.533219  0.462601  0.477004  0.494985  0.489648  0.431093  0.477439  1.106  0.883517  -2.84233  -3.26729  4.85208  8.35479  7.82488  8.35479  4.85208  -3.26729  -2.84233  0.883517  1.106  0.477439  0.431093  0.489648  0.494985  0.477004  0.462601  0.533219  0.920568  1.04968  
-1.58374  -1.15245  0.141434  0.487177  0.502266  0.493558  0.468991  0.477816  0.767526  0.60564  -2.36226  -2.26326  11.2222  16.632  3.67657  -1.37974  3.67657  16.632  11.2222  -2.26326  -2.36226  0.60564  0.767526  0.477816  0.468991  0.493558  0.502266  0.487177  0.141434  -1.15245  -1.58374  
-2.07667  -1.50684  0.202632  0.353912  0.506229  0.491263  0.474213  0.541178  0.474558  -0.900605  -0.586856  11.1308  14.5941  -19.7383  -41.2327  -40.4822  -41.2327  -19.7383  14.5941  11.1308  -0.586856  -0.900605  0.474558  0.541178  0.474213  0.491263  0.506229  0.353912  0.202632  -1.50684  -2.07667  
17.0966  13.7381  3.66271  0.496014  0.488495  0.485043  0.472983  0.448564  0.0871847  0.271998  5.96285  6.70272  -30.3482  -53.2115  -9.35261  13.0542  -9.35261  -53.2115  -30.3482  6.70272  5.96285  0.271998  0.0871847  0.448564  0.472983  0.485043  0.488495  0.496014  3.66271  13.7381  17.0966  
10.74  7.66141  -1.57449  0.239665  0.505634  0.476924  0.452284  0.395346  0.448802  1.99183  1.8172  -18.4456  -28.5441  55.3441  126.406  130.468  126.406  55.3441  -28.5441  -18.4456  1.8172  1.99183  0.448802  0.395346  0.452284  0.476924  0.505634  0.239665  -1.57449  7.66141  10.74  
-65.8326  -53.2491  -15.4985  0.395346  0.537497  0.472  0.445605  0.449667  0.677481  0.578273  -5.28467  -6.94584  53.0018  105.12  14.5187  -43.9401  14.5187  105.12  53.0018  -6.94584  -5.28467  0.578273  0.677481  0.449667  0.445605  0.472  0.537497  0.395346  -15.4985  -53.2491  -65.8326  
-18.8116  -9.73648  17.489  5.23589  0.530905  0.463629  0.449344  0.466509  0.467571  -0.376235  -0.30749  19.8414  34.5436  -93.358  -235.751  -257.218  -235.751  -93.358  34.5436  19.8414  -0.30749  -0.376235  0.467571  0.466509  0.449344  0.463629  0.530905  5.23589  17.489  -9.73648  -18.8116  
162.639  133.096  44.4647  -1.99045  -0.618214  0.463369  0.455381  0.461606  0.429748  0.485501  3.69549  5.00253  -54.132  -124.032  -4.46969  89.3993  -4.46969  -124.032  -54.132  5.00253  3.69549  0.485501  0.429748  0.461606  0.455381  0.463369  -0.618214  -1.99045  44.4647  133.096  162.639  
17.0025  -0.865037  -54.4676  -18.7257  0.795094  0.743402  0.463798  0.472051  0.499408  0.724519  0.655137  -10.6827  -21.8827  104.18  284.47  328.561  284.47  104.18  -21.8827  -10.6827  0.655137  0.724519  0.499408  0.472051  0.463798  0.743402  0.795094  -18.7257  -54.4676  -0.865036  17.0025  
-250.783  -206.412  -73.2988  13.1781  6.43402  0.463516  0.406691  0.485234  0.514778  0.517917  -0.328086  -0.678517  34.6896  91.0685  -13.5563  -109.768  -13.5563  91.0685  34.6896  -0.678517  -0.328086  0.517917  0.514778  0.485234  0.406691  0.463516  6.43402  13.1781  -73.2988  -206.412  -250.783  
3.98505  27.464  97.901  39.7896  -1.90947  -1.15743  0.480318  0.515356  0.523344  0.518233  0.527252  3.72329  7.78379  -73.3201  -221.154  -271.898  -221.154  -73.3201  7.78379  3.72329  0.527252  0.518233  0.523344  0.515356  0.480318  -1.15743  -1.90947  39.7896  97.901  27.464  3.98505  
253.776  209.997  78.6594  -26.3882  -13.3562  0.904538  0.936864  0.515396  0.529931  0.541549  0.587628  0.508598  -11.4102  -37.874  23.0885  85.8145  23.0885  -37.874  -11.4102  0.508598  0.587628  0.541549  0.529931  0.515396  0.936864  0.904538  -13.3562  -26.3882  78.6594  209.997  253.776  
-19.9367  -40.8721  -103.678  -46.5365  6.45648  4.65912  0.459194  0.412303  0.541009  0.54587  0.519586  0.16912  -0.146051  33.4985  111.33  145.809  111.33  33.4985  -0.146051  0.16912  0.519586  0.54587  0.541009  0.412303  0.459194  4.65912  6.45648  -46.5365  -103.678  -40.8721  -19.9367  
-165.192  -137.063  -52.6776  31.099  18.0816  -0.610859  -0.604416  0.535627  0.574033  0.544426  0.518387  0.490719  2.19155  8.58926  -15.1512  -41.0538  -15.1512  8.58926  2.19155  0.490719  0.518387  0.544426  0.574033  0.535627  -0.604416  -0.610859  18.0816  31.099  -52.6776  -137.063  -165.192  
19.6332  31.9881  69.0526  34.8409  -6.4999  -4.7947  0.703408  0.82013  0.547795  0.531831  0.511217  0.484108  0.371962  -8.15699  -34.0153  -48.2286  -34.0153  -8.15699  0.371962  0.484108  0.511217  0.531831  0.547795  0.82013  0.703408  -4.7947  -6.4999  34.8409  69.0526  31.9881  19.6332  
69.4872  57.9836  23.4728  -19.4371  -12.3173  1.83969  1.92444  0.518123  0.474077  0.526797  0.501401  0.477418  0.620627  0.293876  5.9955  12.2042  5.9955  0.293876  0.620627  0.477418  0.501401  0.526797  0.474077  0.518123  1.92444  1.83969  -12.3173  -19.4371  23.4728  57.9836  69.4872  
-8.09485  -12.7726  -26.8058  -14.749  4.84622  4.20902  0.321742  0.201154  0.524773  0.527156  0.49384  0.46149  0.474058  1.71076  6.55817  9.67165  6.55817  1.71076  0.474058  0.46149  0.49384  0.527156  0.524773  0.201154  0.321743  4.20902  4.84622  -14.749  -26.8058  -12.7726  -8.09485  
-16.797  -13.9987  -5.60362  7.80736  5.8366  -0.246742  -0.381753  0.530512  0.576045  0.499594  0.483518  0.48705  0.454837  0.328895  -0.674995  -1.67633  -0.674995  0.328895  0.454837  0.48705  0.483518  0.499594  0.576045  0.530512  -0.381753  -0.246742  5.8366  7.80736  -5.60362  -13.9987  -16.797  
2.56243  3.59641  6.69835  4.39027  -0.920542  -0.890759  0.588537  0.677548  0.495273  0.475724  0.480666  0.492402  0.532812  0.446263  -0.225166  -0.746932  -0.225166  0.446263  0.532812  0.492402  0.480666  0.475724  0.495273  0.677548  0.588537  -0.890759  -0.920542  4.39027  6.69835  3.59641  2.56243  
2.93622  2.56156  1.43761  -0.9114  -0.703577  0.685153  0.769961  0.481863  0.455539  0.483763  0.488908  0.499489  0.522492  0.510495  0.393599  0.311792  0.393599  0.510495  0.522492  0.499489  0.488908  0.483763  0.455539  0.481863  0.769961  0.685153  -0.703577  -0.9114  1.43761  2.56156  2.93622  
0.313651  0.188769  -0.185877  -0.00810071  0.710423  0.743569  0.471294  0.442364  0.488629  0.497266  0.501382  0.512113  0.509812  0.449478  0.290366  0.182737  0.290366  0.449478  0.509812  0.512113  0.501382  0.497266  0.488629  0.442364  0.471294  0.743569  0.710423  -0.00810071  -0.185877  0.188769  0.313651  
0.397204  0.414992  0.468354  0.644262  0.636888  0.487398  0.4656  0.505107  0.513302  0.511971  0.514453  0.509551  0.477837  0.389779  0.219392  0.111106  0.219392  0.389779  0.477837  0.509551  0.514453  0.511971  0.513302  0.505107  0.4656  0.487398  0.636888  0.644262  0.468354  0.414992  0.397204  
0.548835  0.553458  0.567326  0.56073  0.519652  0.5123  0.531059  0.533755  0.525667  0.515445  0.4963  0.459879  0.397285  0.299286  0.159776  0.0790748  0.159776  0.299286  0.397285  0.459879  0.4963  0.515445  0.525667  0.533755  0.531059  0.5123  0.519652  0.56073  0.567326  0.553458  0.548835  
0.597979  0.595317  0.58733  0.571217  0.554286  0.5386  0.515292  0.48417  0.448977  0.4086  0.361017  0.305492  0.241263  0.168125  0.0851813  0.0409462  0.0851813  0.168125  0.241263  0.305492  0.361017  0.4086  0.448977  0.48417  0.515292  0.5386  0.554286  0.571217  0.58733  0.595317  0.597979  
0  0  0  0  0  0  0  0  0  0  0  0  0  0  0  0  0  0  0  0  0  0  0  0  0  0  0  0  0  0  0  
