1  1  1  1  1  1  1  1  1  1  1  1  1  1  1  1  1  1  1  1  1  1  1  1  1  1  1  1  1  1  1  
9.9826e+11  1.12549e+12  1.50718e+12  1.12228e+14  3.05999e+13  -1.88728e+15  -1.35252e+15  1.46519e+16  1.45642e+16  -5.90559e+16  -7.32133e+16  1.0856e+17  1.69232e+17  -9.38974e+15  -7.45983e+16  -6.7971e+16  -7.45983e+16  -9.38974e+15  1.69232e+17  1.0856e+17  -7.32133e+16  -5.90559e+16  1.45642e+16  1.46519e+16  -1.35252e+15  -1.88728e+15  3.05999e+13  1.12228e+14  1.50718e+12  1.12549e+12  9.9826e+11  
2.2393e+15  1.79285e+15  4.53481e+14  -5.48737e+13  -1.421e+15  -1.35351e+15  2.08277e+16  2.51495e+16  -1.51262e+17  -2.13232e+17  5.37063e+17  8.88581e+17  -6.03711e+17  -1.3851e+18  -7.09942e+17  -5.26952e+17  -7.09942e+17  -1.3851e+18  -6.03711e+17  8.88581e+17  5.37063e+17  -2.13232e+17  -1.51262e+17  2.51495e+16  2.08277e+16  -1.35351e+15  -1.421e+15  -5.48737e+13  4.53481e+14  1.79285e+15  2.2393e+15  
-2.5981e+16  -1.85612e+16  3.69811e+15  1.70226e+15  -8.67968e+14  1.5798e+16  2.27687e+16  -1.97574e+17  -3.12338e+17  1.21359e+18  2.14852e+18  -3.20561e+18  -6.80557e+18  4.77204e+16  4.21492e+18  4.16385e+18  4.21492e+18  4.77204e+16  -6.80557e+18  -3.20561e+18  2.14852e+18  1.21359e+18  -3.12338e+17  -1.97574e+17  2.27687e+16  1.5798e+16  -8.67968e+14  1.70226e+15  3.69811e+15  -1.85612e+16  -2.5981e+16  
-2.83659e+17  -2.27377e+17  -5.85331e+16  -5.93113e+13  1.11878e+16  1.13205e+16  -1.4215e+17  -2.53933e+17  1.45932e+18  2.79751e+18  -7.17824e+18  -1.54467e+19  1.05877e+19  3.20551e+19  1.88812e+19  1.3189e+19  1.88812e+19  3.20551e+19  1.05877e+19  -1.54467e+19  -7.17824e+18  2.79751e+18  1.45932e+18  -2.53933e+17  -1.4215e+17  1.13205e+16  1.11878e+16  -5.93112e+13  -5.85331e+16  -2.27377e+17  -2.83659e+17  
1.4711e+18  1.10869e+18  2.14613e+16  -7.74592e+16  -1.92499e+15  -5.24282e+16  -1.18143e+17  9.9209e+17  2.09534e+18  -8.44169e+18  -1.90639e+19  3.02178e+19  8.03389e+19  1.75064e+18  -6.81822e+19  -7.25316e+19  -6.81822e+19  1.75064e+18  8.03389e+19  3.02178e+19  -1.90639e+19  -8.44169e+18  2.09534e+18  9.9209e+17  -1.18143e+17  -5.24282e+16  -1.92499e+15  -7.74592e+16  2.14613e+16  1.10869e+18  1.4711e+18  
6.22281e+18  4.95189e+18  1.1391e+18  1.47988e+17  -6.77385e+16  -3.59953e+16  3.86358e+17  9.1716e+17  -5.60761e+18  -1.36376e+19  3.83924e+19  1.01867e+20  -7.6382e+19  -2.85138e+20  -1.89685e+20  -1.26171e+20  -1.89685e+20  -2.85138e+20  -7.6382e+19  1.01867e+20  3.83924e+19  -1.36376e+19  -5.60761e+18  9.1716e+17  3.86358e+17  -3.59953e+16  -6.77385e+16  1.47988e+17  1.1391e+18  4.95189e+18  6.22281e+18  
-2.44404e+19  -1.91246e+19  -3.17717e+18  5.33097e+17  8.65289e+16  5.97481e+16  2.26482e+17  -2.12278e+18  -5.72889e+18  2.62343e+19  7.2934e+19  -1.32688e+20  -4.2476e+20  -1.10262e+19  5.01663e+20  5.71734e+20  5.01663e+20  -1.10262e+19  -4.2476e+20  -1.32688e+20  7.2934e+19  2.62343e+19  -5.72889e+18  -2.12278e+18  2.26482e+17  5.97481e+16  8.65289e+16  5.33097e+17  -3.17717e+18  -1.91246e+19  -2.44404e+19  
-5.32982e+19  -4.15358e+19  -6.24871e+18  -1.30134e+18  1.33871e+17  5.39087e+16  -4.43463e+17  -1.37367e+18  1.00161e+19  3.02854e+19  -1.02043e+20  -3.25914e+20  2.94319e+20  1.28229e+21  9.53366e+20  6.10727e+20  9.53366e+20  1.28229e+21  2.94319e+20  -3.25914e+20  -1.02043e+20  3.02854e+19  1.00161e+19  -1.37367e+18  -4.43463e+17  5.39087e+16  1.33871e+17  -1.30134e+18  -6.24871e+18  -4.15358e+19  -5.32982e+19  
1.8509e+20  1.4882e+20  4.00105e+19  -9.09953e+16  -1.66937e+17  -2.92783e+16  -1.70391e+17  2.06801e+18  7.12042e+18  -4.11774e+19  -1.39419e+20  3.18226e+20  1.19662e+21  -8.69295e+18  -2.02891e+21  -2.46292e+21  -2.02891e+21  -8.69295e+18  1.19662e+21  3.18226e+20  -1.39419e+20  -4.11774e+19  7.12042e+18  2.06801e+18  -1.70391e+17  -2.92783e+16  -1.66937e+17  -9.09953e+16  4.00105e+19  1.4882e+20  1.8509e+20  
2.31133e+20  1.73024e+20  -1.30319e+18  -2.57149e+18  2.36502e+16  -2.04994e+16  2.08029e+17  8.74919e+17  -8.7348e+18  -3.30439e+19  1.47661e+20  5.63029e+20  -6.8007e+20  -3.31122e+21  -2.73159e+21  -1.70308e+21  -2.73159e+21  -3.31122e+21  -6.8007e+20  5.63029e+20  1.47661e+20  -3.30439e+19  -8.7348e+18  8.74919e+17  2.08029e+17  -2.04994e+16  2.36502e+16  -2.57149e+18  -1.30319e+18  1.73024e+20  2.31133e+20  
-7.6861e+20  -6.30579e+20  -2.16486e+20  -5.79024e+18  4.13869e+17  4.62195e+15  4.63494e+16  -8.84022e+17  -4.03213e+18  3.36417e+19  1.40046e+20  -4.45648e+20  -1.94637e+21  2.061e+20  4.96518e+21  6.38119e+21  4.96518e+21  2.061e+20  -1.94637e+21  -4.45648e+20  1.40046e+20  3.36417e+19  -4.03213e+18  -8.84022e+17  4.63494e+16  4.62195e+15  4.13869e+17  -5.79024e+18  -2.16486e+20  -6.30579e+20  -7.6861e+20  
-5.71256e+20  -3.9765e+20  1.23168e+20  5.95936e+19  1.24731e+18  -7.38235e+16  -3.28228e+16  -2.12075e+17  3.53876e+18  1.74391e+19  -1.18132e+20  -5.43405e+20  9.85695e+20  5.23119e+21  4.76904e+21  2.92353e+21  4.76904e+21  5.23119e+21  9.85695e+20  -5.43405e+20  -1.18132e+20  1.74391e+19  3.53876e+18  -2.12075e+17  -3.28228e+16  -7.38235e+16  1.24731e+18  5.95936e+19  1.23168e+20  -3.9765e+20  -5.71256e+20  
1.92408e+21  1.60301e+21  6.3982e+20  1.61378e+18  -1.36857e+19  -2.88766e+17  1.40566e+16  1.34124e+17  9.16164e+17  -1.34775e+19  -7.1969e+19  3.66687e+20  1.87666e+21  -6.31286e+20  -7.7331e+21  -1.04614e+22  -7.7331e+21  -6.31286e+20  1.87666e+21  3.66687e+20  -7.1969e+19  -1.34775e+19  9.16164e+17  1.34124e+17  1.40566e+16  -2.88766e+17  -1.36857e+19  1.61378e+18  6.3982e+20  1.60301e+21  1.92408e+21  
8.49849e+20  5.15172e+20  -4.88861e+20  -2.54511e+20  -5.25161e+18  3.21802e+18  7.12575e+16  8.75511e+15  -5.3401e+17  -3.8789e+18  4.90093e+19  2.84368e+20  -8.95213e+20  -5.18593e+21  -5.22722e+21  -3.18483e+21  -5.22722e+21  -5.18593e+21  -8.95213e+20  2.84368e+20  4.90093e+19  -3.8789e+18  -5.3401e+17  8.75511e+15  7.12575e+16  3.21802e+18  -5.25161e+18  -2.54511e+20  -4.88861e+20  5.15172e+20  8.49849e+20  
-3.05288e+21  -2.57471e+21  -1.14019e+21  6.55281e+19  7.55502e+19  2.05887e+18  -7.8228e+17  -2.07812e+16  -5.26208e+16  2.11283e+18  1.64203e+19  -1.66892e+20  -1.04833e+21  9.31427e+20  7.83786e+21  1.11038e+22  7.83786e+21  9.31427e+20  -1.04833e+21  -1.66892e+20  1.64203e+19  2.11283e+18  -5.26208e+16  -2.07812e+16  -7.8228e+17  2.05887e+18  7.55502e+19  6.55281e+19  -1.14019e+21  -2.57471e+21  -3.05288e+21  
-7.70788e+20  -3.41368e+20  9.46892e+20  5.4119e+20  4.12929e+17  -2.0549e+19  -6.49699e+17  1.9331e+17  1.67669e+16  2.28954e+17  -8.43916e+18  -7.05348e+19  4.8617e+20  3.20736e+21  3.60418e+21  2.21102e+21  3.60418e+21  3.20736e+21  4.8617e+20  -7.05348e+19  -8.43916e+18  2.28954e+17  1.67669e+16  1.9331e+17  -6.49699e+17  -2.0549e+19  4.1293e+17  5.4119e+20  9.46892e+20  -3.41368e+20  -7.70788e+20  
3.13917e+21  2.67501e+21  1.28253e+21  -1.88892e+20  -1.81913e+20  -3.8085e+18  5.3702e+18  1.88651e+17  -4.76845e+16  -5.27902e+16  -1.0309e+18  3.43195e+19  3.05329e+20  -7.69239e+20  -5.17183e+21  -7.64024e+21  -5.17183e+21  -7.69239e+20  3.05329e+20  3.43195e+19  -1.0309e+18  -5.27902e+16  -4.76845e+16  1.88651e+17  5.3702e+18  -3.8085e+18  -1.81913e+20  -1.88892e+20  1.28253e+21  2.67501e+21  3.13917e+21  
4.13019e+20  4.37435e+19  -1.06408e+21  -6.6798e+20  2.14893e+19  5.2855e+19  1.72162e+18  -1.35576e+18  -5.17784e+16  1.15555e+16  2.26541e+17  5.15834e+18  -1.37139e+20  -1.18486e+21  -1.52192e+21  -9.57574e+20  -1.52192e+21  -1.18486e+21  -1.37139e+20  5.15834e+18  2.26541e+17  1.15555e+16  -5.17784e+16  -1.35576e+18  1.72162e+18  5.2855e+19  2.14893e+19  -6.6798e+20  -1.06408e+21  4.37435e+19  4.13019e+20  
-2.09235e+21  -1.80035e+21  -9.24358e+20  2.42879e+20  2.35545e+20  1.74238e+18  -1.40482e+19  -5.78556e+17  3.27464e+17  1.54385e+16  -1.17379e+16  -1.21946e+18  -3.00308e+19  3.65013e+20  2.17501e+21  3.34019e+21  2.17501e+21  3.65013e+20  -3.00308e+19  -1.21946e+18  -1.17379e+16  1.54385e+16  3.27464e+17  -5.78556e+17  -1.40482e+19  1.74238e+18  2.35545e+20  2.42879e+20  -9.24358e+20  -1.80035e+21  -2.09235e+21  
-1.159e+20  9.38672e+19  7.23169e+20  4.99988e+20  -3.61983e+19  -6.87563e+19  -2.03344e+18  3.45646e+18  1.66968e+17  -7.30019e+16  2.6202e+16  -1.6473e+17  9.36552e+18  2.3242e+20  3.67273e+20  2.44917e+20  3.67273e+20  2.3242e+20  9.36552e+18  -1.6473e+17  2.6202e+16  -7.30019e+16  1.66968e+17  3.45646e+18  -2.03344e+18  -6.87563e+19  -3.61983e+19  4.99988e+20  7.23169e+20  9.38672e+19  -1.159e+20  
8.84451e+20  7.68962e+20  4.22494e+20  -1.67913e+20  -1.74355e+20  1.44475e+18  1.76128e+19  8.03219e+17  -7.80859e+17  -5.38117e+16  3.74611e+16  4.53007e+17  -3.10337e+18  -9.60554e+19  -5.55288e+20  -8.85096e+20  -5.55288e+20  -9.60554e+19  -3.10337e+18  4.53007e+17  3.74611e+16  -5.38117e+16  -7.80859e+17  8.03219e+17  1.76128e+19  1.44475e+18  -1.74355e+20  -1.67913e+20  4.22494e+20  7.68962e+20  8.84451e+20  
8.98365e+18  -6.67349e+19  -2.93891e+20  -2.25554e+20  2.55899e+19  4.82994e+19  1.32079e+18  -4.00639e+18  -2.34309e+17  1.59044e+17  -8.36481e+16  1.33471e+17  3.98385e+18  -1.57593e+19  -4.30276e+19  -3.29759e+19  -4.30276e+19  -1.57593e+19  3.98385e+18  1.33471e+17  -8.36481e+16  1.59044e+17  -2.34309e+17  -4.00639e+18  1.32079e+18  4.82994e+19  2.55899e+19  -2.25554e+20  -2.93891e+20  -6.67349e+19  8.98365e+18  
-2.25486e+20  -1.98546e+20  -1.17728e+20  6.35214e+19  7.32895e+19  -1.50899e+18  -1.12517e+19  -5.96567e+17  7.99512e+17  6.87063e+16  -2.03388e+16  -3.86558e+17  1.77666e+17  1.26428e+19  7.8474e+19  1.29906e+20  7.8474e+19  1.26428e+19  1.77666e+17  -3.86558e+17  -2.03388e+16  6.87063e+16  7.99512e+17  -5.96567e+17  -1.12517e+19  -1.50899e+18  7.32895e+19  6.35214e+19  -1.17728e+20  -1.98546e+20  -2.25486e+20  
2.91332e+18  1.90513e+19  6.74653e+19  5.82852e+19  -8.59862e+18  -1.80567e+19  -5.60438e+17  2.22203e+18  1.64549e+17  -1.39093e+17  2.19033e+16  4.32551e+16  -7.78533e+17  -1.17187e+18  1.32093e+18  1.76984e+18  1.32093e+18  -1.17187e+18  -7.78533e+17  4.32551e+16  2.19033e+16  -1.39093e+17  1.64549e+17  2.22203e+18  -5.60438e+17  -1.80567e+19  -8.59862e+18  5.82852e+19  6.74653e+19  1.90513e+19  2.91332e+18  
3.1497e+19  2.82172e+19  1.83779e+19  -1.23163e+19  -1.6367e+19  3.78152e+17  3.55702e+18  2.44149e+17  -3.65469e+17  -3.64745e+16  1.275e+16  4.99618e+16  1.03237e+17  -6.59536e+17  -5.12583e+18  -8.85026e+18  -5.12583e+18  -6.59536e+17  1.03237e+17  4.99618e+16  1.275e+16  -3.64745e+16  -3.65469e+17  2.44149e+17  3.55702e+18  3.78152e+17  -1.6367e+19  -1.23163e+19  1.83779e+19  2.82172e+19  3.1497e+19  
-6.29464e+17  -2.40323e+18  -7.72454e+18  -7.68192e+18  1.26872e+18  3.28141e+18  1.54328e+17  -5.6155e+17  -5.66495e+16  4.90959e+16  3.42124e+15  -1.01943e+16  3.33029e+16  1.45059e+17  7.25902e+16  -4.36434e+15  7.25902e+16  1.45059e+17  3.33029e+16  -1.01943e+16  3.42124e+15  4.90959e+16  -5.66495e+16  -5.6155e+17  1.54328e+17  3.28141e+18  1.26872e+18  -7.68192e+18  -7.72454e+18  -2.40323e+18  -6.29464e+17  
-1.99328e+18  -1.83216e+18  -1.34879e+18  1.02987e+18  1.65804e+18  -1.23024e+16  -4.92129e+17  -4.94394e+16  6.97372e+16  9.2903e+15  -4.68926e+15  -1.6182e+15  -5.34275e+15  7.18399e+15  1.00582e+17  1.83479e+17  1.00582e+17  7.18399e+15  -5.34275e+15  -1.6182e+15  -4.68926e+15  9.2903e+15  6.97372e+16  -4.94394e+16  -4.92129e+17  -1.23024e+16  1.65804e+18  1.02987e+18  -1.34879e+18  -1.83216e+18  -1.99328e+18  
3.14723e+16  1.07438e+17  3.35335e+17  3.99705e+17  -6.15645e+16  -2.33268e+17  -2.02556e+16  5.52621e+16  8.38886e+15  -6.71157e+15  -1.11809e+15  4.99352e+14  -6.53811e+13  -1.5366e+15  -1.42397e+15  -5.04652e+14  -1.42397e+15  -1.5366e+15  -6.53811e+13  4.99352e+14  -1.11809e+15  -6.71157e+15  8.38886e+15  5.52621e+16  -2.02556e+16  -2.33268e+17  -6.15645e+16  3.99705e+17  3.35335e+17  1.07438e+17  3.14723e+16  
3.57793e+16  3.4374e+16  3.01581e+16  -2.38821e+16  -5.21441e+16  -2.35701e+15  2.24394e+16  3.92626e+15  -4.79422e+15  -1.06229e+15  5.4149e+14  1.2175e+14  -3.05193e+13  -4.56814e+12  -2.08239e+13  -5.56804e+13  -2.08239e+13  -4.56814e+12  -3.05193e+13  1.2175e+14  5.4149e+14  -1.06229e+15  -4.79422e+15  3.92626e+15  2.24394e+16  -2.35702e+15  -5.21441e+16  -2.38821e+16  3.01581e+16  3.4374e+16  3.57793e+16  
0  0  0  0  0  0  0  0  0  0  0  0  0  0  0  0  0  0  0  0  0  0  0  0  0  0  0  0  0  0  0  
