1  1  1  1  1  1  1  1  1  1  1  1  1  1  1  1  1  1  1  1  1  1  1  1  1  1  1  1  1  1  1  
1.51573e+71  -2.8004e+70  -5.66736e+71  1.5078e+72  1.72893e+73  -1.52154e+73  -2.05417e+74  2.5528e+73  1.23669e+75  4.13454e+74  -3.91446e+75  -2.70344e+75  4.99463e+75  5.28631e+75  1.58946e+75  1.08277e+75  1.58946e+75  5.28631e+75  4.99463e+75  -2.70344e+75  -3.91446e+75  4.13454e+74  1.23669e+75  2.5528e+73  -2.05417e+74  -1.52154e+73  1.72893e+73  1.5078e+72  -5.66736e+71  -2.8004e+70  1.51573e+71  
2.86379e+72  2.47171e+72  1.29545e+72  8.5696e+72  -1.09429e+73  -2.12562e+74  5.2483e+73  2.33066e+75  6.84465e+74  -1.3074e+76  -8.82116e+75  3.47021e+76  3.53688e+76  -1.90266e+76  -3.18485e+76  -2.83644e+76  -3.18485e+76  -1.90266e+76  3.53688e+76  3.47021e+76  -8.82116e+75  -1.3074e+76  6.84465e+74  2.33066e+75  5.2483e+73  -2.12562e+74  -1.09429e+73  8.5696e+72  1.29545e+72  2.47171e+72  2.86379e+72  
-6.15845e+73  -4.48696e+73  5.27508e+72  -5.33781e+71  -1.20649e+74  5.41674e+73  2.31014e+75  4.95411e+74  -2.15941e+76  -1.37425e+76  1.01522e+77  9.97811e+76  -1.82718e+77  -2.5323e+77  -8.57913e+76  -4.71395e+76  -8.57913e+76  -2.5323e+77  -1.82718e+77  9.97811e+76  1.01522e+77  -1.37425e+76  -2.15941e+76  4.95411e+74  2.31014e+75  5.41674e+73  -1.20649e+74  -5.33781e+71  5.27508e+72  -4.48696e+73  -6.15845e+73  
-3.66331e+74  -3.01419e+74  -1.06681e+74  -4.39206e+73  3.52097e+73  1.25857e+75  1.222e+74  -1.9573e+76  -1.136e+76  1.53694e+77  1.44967e+77  -5.59731e+77  -7.28148e+77  4.02857e+77  8.68447e+77  8.11496e+77  8.68447e+77  4.02857e+77  -7.28148e+77  -5.59731e+77  1.44967e+77  1.53694e+77  -1.136e+76  -1.9573e+76  1.222e+74  1.25857e+75  3.52097e+73  -4.39206e+73  -1.06681e+74  -3.01419e+74  -3.66331e+74  
3.23015e+75  2.4669e+75  1.77175e+74  -1.16888e+74  3.56795e+74  -2.08437e+73  -1.00791e+76  -5.07133e+75  1.31047e+77  1.17528e+77  -8.45743e+77  -1.05418e+78  2.05358e+78  3.48467e+78  1.29534e+78  5.46282e+77  1.29534e+78  3.48467e+78  2.05358e+78  -1.05418e+78  -8.45743e+77  1.17528e+77  1.31047e+77  -5.07133e+75  -1.00791e+76  -2.08437e+73  3.56795e+74  -1.16888e+74  1.77175e+74  2.4669e+75  3.23015e+75  
7.3458e+75  5.93114e+75  1.68713e+75  4.25495e+74  -9.96612e+73  -2.91675e+75  -1.14195e+75  6.45058e+76  5.41678e+76  -7.10405e+77  -8.51922e+77  3.56778e+78  5.63822e+78  -3.47835e+78  -9.04161e+78  -8.89904e+78  -9.04161e+78  -3.47835e+78  5.63822e+78  3.56778e+78  -8.51922e+77  -7.10405e+77  5.41678e+76  6.45058e+76  -1.14195e+75  -2.91675e+75  -9.96612e+73  4.25495e+74  1.68713e+75  5.93114e+75  7.3458e+75  
-5.10373e+76  -3.99981e+76  -6.8806e+75  6.38723e+74  -2.30338e+74  -1.30775e+74  1.79398e+76  1.37323e+76  -3.43149e+77  -3.94885e+77  3.16363e+78  4.79331e+78  -1.07318e+79  -2.15649e+79  -8.64279e+78  -2.49252e+78  -8.64279e+78  -2.15649e+79  -1.07318e+79  4.79331e+78  3.16363e+78  -3.94885e+77  -3.43149e+77  1.37323e+76  1.79398e+76  -1.30775e+74  -2.30338e+74  6.38723e+74  -6.8806e+75  -3.99981e+76  -5.10373e+76  
-5.55474e+76  -4.27751e+76  -4.45814e+75  -2.57241e+75  1.3284e+74  2.66747e+75  1.7186e+75  -9.35838e+76  -1.02441e+77  1.56065e+78  2.28597e+78  -1.14247e+79  -2.14022e+79  1.60772e+79  4.77023e+79  4.95841e+79  4.77023e+79  1.60772e+79  -2.14022e+79  -1.14247e+79  2.28597e+78  1.56065e+78  -1.02441e+77  -9.35838e+76  1.7186e+75  2.66747e+75  1.3284e+74  -2.57241e+75  -4.45814e+75  -4.27751e+76  -5.55474e+76  
3.71167e+77  2.96265e+77  7.15612e+76  5.4188e+74  -1.4717e+74  9.64551e+73  -1.33601e+76  -1.36443e+76  4.2775e+77  6.06135e+77  -6.13074e+78  -1.10642e+79  3.097e+79  7.20966e+79  3.0545e+79  4.10093e+78  3.0545e+79  7.20966e+79  3.097e+79  -1.10642e+79  -6.13074e+78  6.06135e+77  4.2775e+77  -1.36443e+76  -1.33601e+76  9.64551e+73  -1.4717e+74  5.4188e+74  7.15612e+76  2.96265e+77  3.71167e+77  
1.99607e+77  1.37065e+77  -5.05605e+76  -5.37953e+75  6.6569e+73  -8.60558e+74  -7.58407e+74  6.08494e+76  8.29106e+76  -1.75297e+78  -3.07938e+78  2.04408e+79  4.48359e+79  -4.49522e+79  -1.45686e+80  -1.60134e+80  -1.45686e+80  -4.49522e+79  4.48359e+79  2.04408e+79  -3.07938e+78  -1.75297e+78  8.29106e+76  6.08494e+76  -7.58407e+74  -8.60558e+74  6.6569e+73  -5.37953e+75  -5.05605e+76  1.37065e+77  1.99607e+77  
-1.48927e+78  -1.2043e+78  -3.4938e+77  -8.38165e+74  7.83669e+74  -1.15545e+73  3.7854e+75  4.85833e+75  -2.54444e+77  -4.3608e+77  6.47986e+78  1.38311e+79  -5.34804e+79  -1.42439e+80  -6.21135e+79  4.21261e+78  -6.21135e+79  -1.42439e+80  -5.34804e+79  1.38311e+79  6.47986e+78  -4.3608e+77  -2.54444e+77  4.85833e+75  3.7854e+75  -1.15545e+73  7.83669e+74  -8.38165e+74  -3.4938e+77  -1.2043e+78  -1.48927e+78  
-3.53643e+77  -1.65488e+77  3.98976e+77  1.04862e+77  4.5429e+74  -7.93367e+73  7.27431e+73  -1.59383e+76  -2.6482e+76  9.95178e+77  2.0893e+78  -2.11992e+79  -5.44005e+79  8.04051e+79  2.76254e+80  3.21259e+80  2.76254e+80  8.04051e+79  -5.44005e+79  -2.11992e+79  2.0893e+78  9.95178e+77  -2.6482e+76  -1.59383e+76  7.27431e+73  -7.93367e+73  4.5429e+74  1.04862e+77  3.98976e+77  -1.65488e+77  -3.53643e+77  
3.61826e+78  2.95234e+78  9.54572e+77  -6.25927e+76  -2.4772e+76  -1.39455e+74  -2.42624e+74  -4.27497e+74  6.42277e+76  1.33008e+77  -3.66065e+78  -9.30602e+78  5.68715e+79  1.73247e+80  7.44927e+79  -2.8255e+79  7.44927e+79  1.73247e+80  5.68715e+79  -9.30602e+78  -3.66065e+78  1.33008e+77  6.42277e+76  -4.27497e+74  -2.42624e+74  -1.39455e+74  -2.4772e+76  -6.25927e+76  9.54572e+77  2.95234e+78  3.61826e+78  
2.20293e+77  -1.50264e+77  -1.26193e+78  -4.21686e+77  8.54135e+75  5.91562e+75  3.90724e+73  1.11525e+75  2.26846e+75  -2.5227e+77  -6.41887e+77  1.24696e+79  3.80407e+79  -9.37984e+79  -3.36907e+80  -4.14616e+80  -3.36907e+80  -9.37984e+79  3.80407e+79  1.24696e+79  -6.41887e+77  -2.5227e+77  2.26846e+75  1.11525e+75  3.90724e+73  5.91562e+75  8.54135e+75  -4.21686e+77  -1.26193e+78  -1.50264e+77  2.20293e+77  
-5.59104e+78  -4.58958e+78  -1.58519e+78  3.01747e+77  1.30609e+77  -9.71642e+74  -1.45346e+75  -1.15059e+73  -4.54517e+75  -1.16455e+76  9.76619e+77  3.04735e+78  -3.66995e+79  -1.30434e+80  -5.06572e+79  5.02323e+79  -5.06572e+79  -1.30434e+80  -3.66995e+79  3.04735e+78  9.76619e+77  -1.16455e+76  -4.54517e+75  -1.15059e+73  -1.45346e+75  -9.71642e+74  1.30609e+77  3.01747e+77  -1.58519e+78  -4.58958e+78  -5.59104e+78  
2.50546e+77  7.42098e+77  2.21675e+78  8.57928e+77  -6.0202e+76  -3.64079e+76  3.08939e+73  3.63395e+74  6.09712e+72  1.87363e+76  6.0732e+76  -3.7196e+78  -1.41812e+79  7.09841e+79  2.67187e+80  3.48128e+80  2.67187e+80  7.09841e+79  -1.41812e+79  -3.7196e+78  6.0732e+76  1.87363e+76  6.09712e+72  3.63395e+74  3.08939e+73  -3.64079e+76  -6.0202e+76  8.57928e+77  2.21675e+78  7.42098e+77  2.50546e+77  
5.6151e+78  4.62774e+78  1.66565e+78  -6.26247e+77  -3.0425e+77  1.08042e+76  9.67961e+75  3.55078e+73  -9.64978e+73  -1.59353e+73  -8.06245e+76  -3.37827e+77  1.32835e+79  5.87725e+79  1.56801e+79  -4.72387e+79  1.56801e+79  5.87725e+79  1.32835e+79  -3.37827e+77  -8.06245e+76  -1.59353e+73  -9.64978e+73  3.55078e+73  9.67961e+75  1.08042e+76  -3.0425e+77  -6.26247e+77  1.66565e+78  4.62774e+78  5.6151e+78  
-5.91007e+77  -1.03192e+78  -2.35467e+78  -1.02239e+78  1.42562e+77  9.12475e+76  -1.66033e+75  -2.47744e+75  -1.79432e+73  3.40113e+73  1.25376e+74  3.78205e+77  2.09406e+78  -3.38884e+79  -1.36398e+80  -1.88362e+80  -1.36398e+80  -3.38884e+79  2.09406e+78  3.78205e+77  1.25376e+74  3.40113e+73  -1.79432e+73  -2.47744e+75  -1.66033e+75  9.12475e+76  1.42562e+77  -1.02239e+78  -2.35467e+78  -1.03192e+78  -5.91007e+77  
-3.66504e+78  -3.0295e+78  -1.12289e+78  7.05422e+77  3.84481e+77  -2.81631e+76  -2.48097e+76  1.67211e+74  6.11816e+74  1.34493e+73  -7.40371e+74  9.3485e+74  -2.0144e+78  -1.42207e+79  1.3942e+78  2.57945e+79  1.3942e+78  -1.42207e+79  -2.0144e+78  9.3485e+74  -7.40371e+74  1.34493e+73  6.11816e+74  1.67211e+74  -2.48097e+76  -2.81631e+76  3.84481e+77  7.05422e+77  -1.12289e+78  -3.0295e+78  -3.66504e+78  
4.91964e+77  7.54764e+77  1.54316e+78  7.44577e+77  -1.65006e+77  -1.1661e+77  4.72513e+75  6.21731e+75  9.04509e+72  3.41712e+73  -1.73767e+74  -3.58559e+75  7.85753e+76  9.6372e+78  4.33234e+79  6.35541e+79  4.33234e+79  9.6372e+78  7.85753e+76  -3.58559e+75  -1.73767e+74  3.41712e+73  9.04509e+72  6.21731e+75  4.72513e+75  -1.1661e+77  -1.65006e+77  7.44577e+77  1.54316e+78  7.54764e+77  4.91964e+77  
1.52103e+78  1.26122e+78  4.81771e+77  -4.5593e+77  -2.79885e+77  3.21239e+76  3.07175e+76  -5.8286e+74  -1.47438e+75  -1.09073e+74  2.71299e+75  -2.79711e+75  -1.42238e+77  1.19096e+78  -2.52714e+78  -8.12696e+78  -2.52714e+78  1.19096e+78  -1.42238e+77  -2.79711e+75  2.71299e+75  -1.09073e+74  -1.47438e+75  -5.8286e+74  3.07175e+76  3.21239e+76  -2.79885e+77  -4.5593e+77  4.81771e+77  1.26122e+78  1.52103e+78  
-2.12752e+77  -3.12637e+77  -6.1229e+77  -3.29464e+77  1.01452e+77  8.10678e+76  -5.06547e+75  -7.14535e+75  5.25707e+73  -1.75744e+74  -9.21931e+74  2.08422e+76  2.2149e+75  -1.46378e+78  -7.9999e+78  -1.25178e+79  -7.9999e+78  -1.46378e+78  2.2149e+75  2.08422e+76  -9.21931e+74  -1.75744e+74  5.25707e+73  -7.14535e+75  -5.06547e+75  8.10678e+76  1.01452e+77  -3.29464e+77  -6.1229e+77  -3.12637e+77  -2.12752e+77  
-3.81744e+77  -3.18107e+77  -1.27194e+77  1.66735e+77  1.16577e+77  -1.78602e+76  -1.95221e+76  5.43535e+74  1.51269e+75  2.55136e+74  -2.22723e+75  -4.94331e+75  7.30642e+76  1.42089e+77  6.83919e+77  1.37695e+78  6.83919e+77  1.42089e+77  7.30642e+76  -4.94331e+75  -2.22723e+75  2.55136e+74  1.51269e+75  5.43535e+74  -1.95221e+76  -1.78602e+76  1.16577e+77  1.66735e+77  -1.27194e+77  -3.18107e+77  -3.81744e+77  
4.86672e+76  7.11302e+76  1.38519e+77  8.428e+76  -3.25978e+76  -3.0214e+76  2.3621e+75  3.96339e+75  -3.6607e+73  -8.84708e+73  7.74334e+74  -4.92819e+75  -1.50794e+76  9.403e+76  7.55414e+77  1.27009e+78  7.55414e+77  9.403e+76  -1.50794e+76  -4.92819e+75  7.74334e+74  -8.84708e+73  -3.6607e+73  3.96339e+75  2.3621e+75  -3.0214e+76  -3.25978e+76  8.428e+76  1.38519e+77  7.11302e+76  4.86672e+76  
5.26496e+76  4.42775e+76  1.9161e+76  -3.20016e+76  -2.60045e+76  4.69852e+75  6.18557e+75  -1.75372e+74  -6.78716e+74  -8.92043e+73  3.00716e+74  1.43973e+75  -5.15676e+75  -2.70164e+76  -6.75707e+76  -1.06362e+77  -6.75707e+76  -2.70164e+76  -5.15676e+75  1.43973e+75  3.00716e+74  -8.92043e+73  -6.78716e+74  -1.75372e+74  6.18557e+75  4.69852e+75  -2.60045e+76  -3.20016e+76  1.9161e+76  4.42775e+76  5.26496e+76  
-5.31893e+75  -7.9297e+75  -1.5762e+76  -1.11136e+76  4.93912e+75  5.51694e+75  -4.46959e+74  -1.01066e+75  -6.69273e+72  8.48271e+73  -8.94646e+73  1.89979e+74  1.48996e+75  -1.11646e+75  -2.78712e+76  -5.10385e+76  -2.78712e+76  -1.11646e+75  1.48996e+75  1.89979e+74  -8.94646e+73  8.48271e+73  -6.69274e+72  -1.01066e+75  -4.46959e+74  5.51694e+75  4.93912e+75  -1.11136e+76  -1.5762e+76  -7.9297e+75  -5.31893e+75  
-3.3012e+75  -2.82508e+75  -1.39673e+75  2.71149e+75  2.65498e+75  -5.00665e+74  -8.65099e+74  1.20877e+73  1.30017e+74  8.87233e+72  -1.23524e+73  -6.01676e+73  3.82474e+73  8.07507e+74  1.8163e+75  2.47684e+75  1.8163e+75  8.07507e+74  3.82474e+73  -6.01676e+73  -1.23524e+73  8.87233e+72  1.30017e+74  1.20877e+73  -8.65099e+74  -5.00665e+74  2.65498e+75  2.71149e+75  -1.39673e+75  -2.82508e+75  -3.3012e+75  
2.10932e+74  3.29785e+74  6.86344e+74  5.85789e+74  -2.73712e+74  -3.97784e+74  2.4805e+73  1.01342e+74  4.26289e+72  -1.30503e+73  -2.96078e+71  9.91318e+71  -1.48866e+73  -1.3512e+73  1.76794e+74  3.64884e+74  1.76794e+74  -1.3512e+73  -1.48866e+73  9.91318e+71  -2.96078e+71  -1.30503e+73  4.26289e+72  1.01342e+74  2.4805e+73  -3.97784e+74  -2.73712e+74  5.85789e+74  6.86344e+74  3.29785e+74  2.10932e+74  
5.90155e+73  5.23253e+73  3.22546e+73  -6.60568e+73  -8.51386e+73  1.40806e+73  4.03802e+73  1.3111e+72  -9.22904e+72  -9.56294e+71  1.11637e+72  6.7336e+70  -7.52033e+70  -2.31435e+70  -5.07715e+71  -8.69403e+71  -5.07715e+71  -2.31435e+70  -7.52033e+70  6.7336e+70  1.11637e+72  -9.56294e+71  -9.22904e+72  1.3111e+72  4.03802e+73  1.40806e+73  -8.51386e+73  -6.60568e+73  3.22546e+73  5.23253e+73  5.90155e+73  
0  0  0  0  0  0  0  0  0  0  0  0  0  0  0  0  0  0  0  0  0  0  0  0  0  0  0  0  0  0  0  
