1  1  1  1  1  1  1  1  1  1  1  1  1  1  1  1  1  1  1  1  1  1  1  1  1  1  1  1  1  1  1  
4.07765e+100  9.4097e+98  -1.18566e+101  -1.50641e+101  3.27261e+102  4.58109e+102  -3.49358e+103  -5.37681e+103  1.84565e+104  3.18174e+104  -4.75418e+104  -9.66746e+104  3.02432e+104  1.07638e+105  6.11604e+104  4.85457e+104  6.11604e+104  1.07638e+105  3.02432e+104  -9.66746e+104  -4.75418e+104  3.18174e+104  1.84565e+104  -5.37681e+103  -3.49358e+103  4.58109e+102  3.27261e+102  -1.50641e+101  -1.18566e+101  9.4097e+98  4.07765e+100  
1.02204e+101  7.24684e+100  -1.67371e+100  1.61173e+102  3.42028e+102  -3.63194e+103  -7.32463e+103  3.57051e+104  7.4136e+104  -1.71342e+105  -3.88799e+105  3.2536e+105  9.37173e+105  1.81855e+105  -3.4096e+105  -3.45919e+105  -3.4096e+105  1.81855e+105  9.37173e+105  3.2536e+105  -3.88799e+105  -1.71342e+105  7.4136e+104  3.57051e+104  -7.32463e+103  -3.63194e+103  3.42028e+102  1.61173e+102  -1.67371e+100  7.24684e+100  1.02204e+101  
-2.96609e+102  -2.10151e+102  4.92225e+101  1.54073e+102  -2.08317e+103  -5.33027e+103  3.62619e+104  8.90036e+104  -2.98991e+105  -7.56924e+105  1.13281e+106  3.2467e+106  -8.59816e+105  -4.99487e+106  -3.37676e+106  -2.5968e+106  -3.37676e+106  -4.99487e+106  -8.59816e+105  3.2467e+106  1.13281e+106  -7.56924e+105  -2.98991e+105  8.90036e+104  3.62619e+104  -5.33027e+103  -2.08317e+103  1.54073e+102  4.92225e+101  -2.10151e+102  -2.96609e+102  
-1.21754e+103  -1.01551e+103  -4.09447e+102  -6.76026e+102  -2.07869e+103  2.01615e+104  5.93442e+104  -2.82708e+105  -8.08694e+105  1.89757e+106  5.72839e+106  -4.80091e+106  -1.85552e+107  -4.94489e+106  9.48894e+106  1.06536e+107  9.48894e+106  -4.94489e+106  -1.85552e+107  -4.80091e+106  5.72839e+106  1.89757e+106  -8.08694e+105  -2.82708e+105  5.93442e+104  2.01615e+104  -2.07869e+103  -6.76026e+102  -4.09447e+102  -1.01551e+103  -1.21754e+103  
1.45528e+104  1.11541e+104  9.57978e+102  -9.14035e+102  6.01552e+103  2.23369e+104  -1.50621e+105  -4.97743e+105  1.73429e+106  5.69614e+106  -8.96949e+106  -3.28372e+107  8.11858e+106  6.77679e+107  5.28071e+107  3.98339e+107  5.28071e+107  6.77679e+107  8.11858e+106  -3.28372e+107  -8.96949e+106  5.69614e+106  1.73429e+106  -4.97743e+105  -1.50621e+105  2.23369e+104  6.01552e+103  -9.14035e+102  9.57978e+102  1.11541e+104  1.45528e+104  
2.23054e+104  1.82679e+104  6.1554e+103  2.67505e+103  4.26556e+103  -4.46679e+104  -1.76535e+105  8.99536e+105  3.31411e+106  -8.4873e+106  -3.21426e+107  2.92342e+107  1.4143e+108  4.60523e+107  -1.01556e+108  -1.24237e+108  -1.01556e+108  4.60523e+107  1.4143e+108  2.92342e+107  -3.21426e+107  -8.4873e+106  3.31411e+106  8.99536e+105  -1.76535e+105  -4.46679e+104  4.26556e+103  2.67505e+103  6.1554e+103  1.82679e+104  2.23054e+104  
-2.25105e+105  -1.76515e+105  -3.07459e+104  2.43721e+103  -5.90299e+103  -3.45782e+104  2.60883e+105  1.12175e+106  -4.44409e+106  -1.82844e+107  3.29007e+107  1.47419e+108  -4.04549e+107  -4.19306e+108  -3.71091e+108  -2.78357e+108  -3.71091e+108  -4.19306e+108  -4.04549e+107  1.47419e+108  3.29007e+107  -1.82844e+107  -4.44409e+106  1.12175e+106  2.60883e+105  -3.45782e+104  -5.90299e+103  2.43721e+103  -3.07459e+104  -1.76515e+105  -2.25105e+105  
-1.45273e+105  -1.10024e+105  -4.27927e+103  -1.13654e+104  -2.96319e+103  3.95795e+104  2.10069e+105  -1.28785e+106  -6.03132e+106  1.85147e+107  8.58568e+107  -9.3727e+107  -5.38614e+108  -1.98558e+108  5.5481e+108  7.29253e+108  5.5481e+108  -1.98558e+108  -5.38614e+108  -9.3727e+107  8.58568e+107  1.85147e+107  -6.03132e+106  -1.28785e+106  2.10069e+105  3.95795e+104  -2.96319e+103  -1.13654e+104  -4.27927e+103  -1.10024e+105  -1.45273e+105  
1.60951e+106  1.28067e+106  2.94156e+105  3.57726e+103  1.27204e+103  1.93942e+104  -1.93108e+105  -1.09794e+106  5.54813e+106  2.84305e+107  -6.45276e+107  -3.45074e+108  1.28442e+108  1.42012e+109  1.41419e+109  1.06871e+109  1.41419e+109  1.42012e+109  1.28442e+108  -3.45074e+108  -6.45276e+107  2.84305e+107  5.54813e+106  -1.09794e+106  -1.93108e+105  1.93942e+104  1.27204e+103  3.57726e+103  2.94156e+105  1.28067e+106  1.60951e+106  
3.74083e+105  2.03425e+105  -3.08548e+105  -2.37136e+104  9.88288e+102  -1.27254e+104  -9.79562e+104  8.44662e+105  5.13354e+106  -2.11867e+107  -1.19749e+108  1.75753e+108  1.15383e+109  4.45205e+108  -1.76665e+109  -2.46319e+109  -1.76665e+109  4.45205e+108  1.15383e+109  1.75753e+108  -1.19749e+108  -2.11867e+107  5.13354e+106  8.44662e+105  -9.79562e+104  -1.27254e+104  9.88288e+102  -2.37136e+104  -3.08548e+105  2.03425e+105  3.74083e+105  
-6.36109e+106  -5.11012e+106  -1.3572e+106  1.64336e+104  3.17321e+103  -3.27019e+103  5.55581e+104  4.50152e+105  -3.38186e+106  -2.20657e+107  7.11358e+107  4.50564e+108  -2.69949e+108  -2.88148e+109  -3.21252e+109  -2.47738e+109  -3.21252e+109  -2.88148e+109  -2.69949e+108  4.50564e+108  7.11358e+107  -2.20657e+107  -3.38186e+106  4.50152e+105  5.55581e+104  -3.27019e+103  3.17321e+103  1.64336e+104  -1.3572e+106  -5.11012e+106  -6.36109e+106  
-5.86196e+104  4.59325e+105  2.01316e+106  4.2745e+105  -1.85931e+103  3.89953e+102  1.46193e+104  -2.28088e+105  -1.94011e+106  1.25576e+107  8.84476e+107  -1.98528e+108  -1.46438e+109  -5.18891e+108  3.51476e+109  5.1395e+109  3.51476e+109  -5.18891e+108  -1.46438e+109  -1.98528e+108  8.84476e+107  1.25576e+107  -1.94011e+106  -2.28088e+105  1.46193e+104  3.89953e+102  -1.85931e+103  4.2745e+105  2.01316e+106  4.59325e+105  -5.86196e+104  
1.52428e+107  1.2314e+107  3.52759e+106  -3.94027e+105  -1.02443e+105  2.85811e+102  -4.05645e+103  -6.22247e+104  8.94443e+105  8.02068e+106  -4.3054e+107  -3.2997e+108  3.64547e+108  3.6574e+109  4.56626e+109  3.64199e+109  4.56626e+109  3.6574e+109  3.64547e+108  -3.2997e+108  -4.3054e+107  8.02068e+106  8.94443e+105  -6.22247e+104  -4.05645e+103  2.85811e+102  -1.02443e+105  -3.94027e+105  3.52759e+106  1.2314e+107  1.52428e+107  
-1.80848e+106  -2.85553e+106  -5.99668e+106  -1.6634e+106  7.256e+104  2.46517e+104  -3.17509e+102  1.68956e+104  2.58822e+105  -3.40063e+106  -3.22752e+107  1.30926e+108  1.10662e+109  2.3757e+108  -4.52271e+109  -6.86903e+109  -4.52271e+109  2.3757e+108  1.10662e+109  1.30926e+108  -3.22752e+107  -3.40063e+106  2.58822e+105  1.68956e+104  -3.17509e+102  2.46517e+104  7.256e+104  -1.6634e+106  -5.99668e+106  -2.85553e+106  -1.80848e+106  
-2.32558e+107  -1.88338e+107  -5.5679e+106  1.62574e+106  5.27453e+105  -1.37126e+104  -6.09118e+103  1.19045e+103  -6.78265e+104  -1.0765e+106  1.26017e+107  1.26835e+108  -3.00516e+108  -2.93659e+109  -4.13994e+109  -3.46786e+109  -4.13994e+109  -2.93659e+109  -3.00516e+108  1.26835e+108  1.26017e+107  -1.0765e+106  -6.78265e+104  1.19045e+103  -6.09118e+103  -1.37126e+104  5.27453e+105  1.62574e+106  -5.5679e+106  -1.88338e+107  -2.32558e+107  
4.43184e+106  5.87507e+106  1.02047e+107  3.29687e+106  -3.74722e+105  -1.48939e+105  2.61829e+103  1.5448e+103  -4.84443e+103  2.762e+105  4.57914e+106  -4.47876e+107  -4.73699e+108  1.07964e+108  3.80395e+109  5.95329e+109  3.80395e+109  1.07964e+108  -4.73699e+108  -4.47876e+107  4.57914e+106  2.762e+105  -4.84443e+103  1.5448e+103  2.61829e+103  -1.48939e+105  -3.74722e+105  3.29687e+106  1.02047e+107  5.87507e+106  4.43184e+106  
2.30827e+107  1.86958e+107  5.53504e+106  -3.17651e+106  -1.20657e+106  8.11974e+104  3.99453e+104  -4.8602e+102  -4.88571e+102  2.04212e+104  -1.17057e+106  -2.04071e+107  1.38508e+108  1.46344e+109  2.38305e+109  2.1371e+109  2.38305e+109  1.46344e+109  1.38508e+108  -2.04071e+107  -1.17057e+106  2.04212e+104  -4.88571e+102  -4.8602e+102  3.99453e+104  8.11974e+104  -1.20657e+106  -3.17651e+106  5.53504e+106  1.86958e+107  2.30827e+107  
-5.20609e+106  -6.56006e+106  -1.0622e+107  -3.84281e+106  8.03455e+105  3.68221e+105  -1.67221e+104  -1.02938e+104  8.06018e+101  2.95974e+102  -8.83165e+104  5.36181e+106  9.61667e+107  -1.90504e+108  -2.06948e+109  -3.31694e+109  -2.06948e+109  -1.90504e+108  9.61667e+107  5.36181e+106  -8.83165e+104  2.95974e+102  8.06017e+101  -1.02938e+104  -1.67221e+104  3.68221e+105  8.03455e+105  -3.84281e+106  -1.0622e+107  -6.56006e+106  -5.20609e+106  
-1.49043e+107  -1.20553e+107  -3.50827e+106  3.46566e+106  1.50361e+106  -1.81085e+105  -1.01323e+105  3.19995e+103  2.6422e+103  -6.81318e+102  -1.08159e+104  5.07594e+105  -2.75326e+107  -4.25868e+108  -8.45229e+108  -8.33258e+108  -8.45229e+108  -4.25868e+108  -2.75326e+107  5.07594e+105  -1.08159e+104  -6.81318e+102  2.6422e+103  3.19995e+103  -1.01323e+105  -1.81085e+105  1.50361e+106  3.46566e+106  -3.50827e+106  -1.20553e+107  -1.49043e+107  
3.48245e+106  4.32806e+106  6.86486e+106  2.74812e+106  -8.87644e+105  -4.66048e+105  3.68841e+104  2.56108e+104  -4.17522e+102  2.31953e+103  -1.51858e+104  -4.15598e+103  -2.21355e+106  9.61138e+107  7.03911e+108  1.15051e+109  7.03911e+108  9.61138e+107  -2.21355e+106  -4.15598e+103  -1.51858e+104  2.31953e+103  -4.17522e+102  2.56108e+104  3.68841e+104  -4.66048e+105  -8.87644e+105  2.74812e+106  6.86486e+106  4.32806e+106  3.48245e+106  
6.12531e+106  4.9461e+106  1.40846e+106  -2.1991e+106  -1.08377e+106  1.93734e+105  1.24636e+105  -6.64036e+103  -6.83355e+103  2.54822e+103  4.39917e+104  -2.36436e+105  -1.54979e+106  6.1939e+107  1.73128e+108  1.95417e+108  1.73128e+108  6.1939e+107  -1.54979e+106  -2.36436e+105  4.39917e+104  2.54822e+103  -6.83355e+103  -6.64036e+103  1.24636e+105  1.93734e+105  -1.08377e+106  -2.1991e+106  1.40846e+106  4.9461e+106  6.12531e+106  
-1.35236e+106  -1.68873e+106  -2.69784e+106  -1.19988e+106  5.3331e+105  3.22132e+105  -3.63305e+104  -2.92026e+104  8.73583e+102  -8.24669e+103  1.92302e+104  3.54947e+105  -1.55486e+106  -2.24392e+107  -1.39927e+108  -2.32733e+108  -1.39927e+108  -2.24392e+107  -1.55486e+106  3.54947e+105  1.92302e+104  -8.24669e+103  8.73583e+102  -2.92026e+104  -3.63305e+104  3.22132e+105  5.3331e+105  -1.19988e+106  -2.69784e+106  -1.68873e+106  -1.35236e+106  
-1.52421e+106  -1.23035e+106  -3.48759e+105  7.96317e+105  4.48915e+105  -1.05076e+105  -7.90065e+104  5.60498e+103  7.33447e+103  -1.7321e+102  -4.59647e+104  5.72373e+104  1.36451e+106  -2.2804e+106  -1.80457e+107  -2.5063e+107  -1.80457e+107  -2.2804e+106  1.36451e+106  5.72373e+104  -4.59647e+104  -1.7321e+102  7.33447e+103  5.60498e+103  -7.90065e+104  -1.05076e+105  4.48915e+105  7.96317e+105  -3.48759e+105  -1.23035e+106  -1.52421e+106  
2.90798e+105  3.69768e+105  6.0668e+105  3.0475e+105  -1.69953e+105  -1.19851e+105  1.67381e+104  1.61833e+104  -8.65507e+102  3.26857e+103  2.04965e+103  -1.12696e+105  1.61641e+104  2.31774e+106  1.43132e+107  2.42459e+107  1.43132e+107  2.31774e+106  1.61641e+104  -1.12696e+105  2.04965e+103  3.26857e+103  -8.65507e+102  1.61833e+104  1.67381e+104  -1.19851e+105  -1.69953e+105  3.0475e+105  6.0668e+105  3.69768e+105  2.90798e+105  
2.08729e+105  1.69081e+105  5.01368e+104  -1.52372e+105  -1.00069e+105  2.77126e+104  2.50623e+104  -1.98613e+103  -3.06041e+103  -6.09905e+102  7.86371e+103  8.92321e+103  -1.42907e+105  -2.6625e+105  7.28806e+105  1.46084e+106  7.28806e+105  -2.6625e+105  -1.42907e+105  8.92321e+103  7.86371e+103  -6.09905e+102  -3.06041e+103  -1.98613e+103  2.50623e+104  2.77126e+104  -1.00069e+105  -1.52372e+105  5.01368e+104  1.69081e+105  2.08729e+105  
-3.06201e+104  -4.0179e+104  -6.88559e+104  -4.02007e+104  2.58782e+104  2.19429e+104  -3.34773e+103  -4.16074e+103  1.9668e+102  6.11258e+101  -1.00164e+103  7.0616e+103  1.58364e+104  -8.01234e+104  -5.76764e+105  -1.00111e+106  -5.76764e+105  -8.01234e+104  1.58364e+104  7.0616e+103  -1.00164e+103  6.11258e+101  1.9668e+102  -4.16074e+103  -3.34773e+103  2.19429e+104  2.58782e+104  -4.02007e+104  -6.88559e+104  -4.0179e+104  -3.06201e+104  
-1.30189e+104  -1.06693e+104  -3.62056e+103  1.29616e+104  1.02652e+104  -3.05757e+103  -3.52457e+103  2.58885e+102  5.50347e+102  4.53332e+101  -2.3234e+102  -7.88384e+102  2.95513e+103  1.29909e+104  -4.66601e+103  -2.4945e+104  -4.66601e+103  1.29909e+104  2.95513e+103  -7.88384e+102  -2.3234e+102  4.53332e+101  5.50347e+102  2.58885e+102  -3.52457e+103  -3.05757e+103  1.02652e+104  1.29616e+104  -3.62056e+103  -1.06693e+104  -1.30189e+104  
1.18998e+103  1.64301e+103  3.0021e+103  2.13836e+103  -1.46675e+103  -1.59457e+103  2.29398e+102  4.21847e+102  -4.95231e+100  -5.50978e+101  1.0247e+101  -3.33734e+101  -2.43679e+102  3.47723e+102  4.04483e+103  7.3721e+103  4.04483e+103  3.47723e+102  -2.43679e+102  -3.33734e+101  1.0247e+101  -5.50978e+101  -4.95231e+100  4.21847e+102  2.29398e+102  -1.59457e+103  -1.46675e+103  2.13836e+103  3.0021e+103  1.64301e+103  1.18998e+103  
2.32196e+102  1.95973e+102  8.73043e+101  -3.20278e+102  -3.33008e+102  9.60856e+101  1.66502e+102  -6.54164e+100  -3.9293e+101  -1.82081e+100  4.62237e+100  -8.63503e+99  5.78158e+99  -5.7779e+99  -1.47624e+100  5.28075e+100  -1.47624e+100  -5.7779e+99  5.78158e+99  -8.63503e+99  4.62237e+100  -1.82081e+100  -3.9293e+101  -6.54164e+100  1.66502e+102  9.60856e+101  -3.33008e+102  -3.20278e+102  8.73043e+101  1.95973e+102  2.32196e+102  
0  0  0  0  0  0  0  0  0  0  0  0  0  0  0  0  0  0  0  0  0  0  0  0  0  0  0  0  0  0  0  
