1  1  1  1  1  1  1  1  1  1  1  1  1  1  1  1  1  1  1  1  1  1  1  1  1  1  1  1  1  1  1  
-1.85271e+276  9.19943e+273  5.59493e+276  5.16396e+276  -1.5591e+278  -1.83723e+278  1.68262e+279  2.29039e+279  -9.02191e+279  -1.40479e+280  2.38778e+280  4.39508e+280  -1.73832e+280  -5.09287e+280  -2.76993e+280  -2.18295e+280  -2.76993e+280  -5.09287e+280  -1.73832e+280  4.39508e+280  2.38778e+280  -1.40479e+280  -9.02191e+279  2.29039e+279  1.68262e+279  -1.83723e+278  -1.5591e+278  5.16396e+276  5.59493e+276  9.19943e+273  -1.85271e+276  
5.88596e+275  9.42898e+275  2.0058e+276  -7.69356e+277  -1.3772e+278  1.7484e+279  3.10461e+279  -1.73993e+280  -3.24879e+280  8.51509e+280  1.74961e+281  -1.70342e+281  -4.34087e+281  -6.15574e+280  1.74553e+281  1.73634e+281  1.74553e+281  -6.15574e+280  -4.34087e+281  -1.70342e+281  1.74961e+281  8.51509e+280  -3.24879e+280  -1.73993e+280  3.10461e+279  1.7484e+279  -1.3772e+278  -7.69356e+277  2.0058e+276  9.42898e+275  5.88596e+275  
7.5946e+276  3.02771e+275  -2.15727e+277  -5.47481e+277  1.00211e+279  2.24454e+279  -1.76208e+280  -3.87173e+280  1.47519e+281  3.37615e+281  -5.76179e+281  -1.48391e+282  5.2987e+281  2.37026e+282  1.5276e+282  1.15826e+282  1.5276e+282  2.37026e+282  5.2987e+281  -1.48391e+282  -5.76179e+281  3.37615e+281  1.47519e+281  -3.87173e+280  -1.76208e+280  2.24454e+279  1.00211e+279  -5.47481e+277  -2.15727e+277  3.02771e+275  7.5946e+276  
1.41096e+275  -2.66824e+276  -1.10963e+277  3.00994e+278  8.83387e+278  -9.77282e+279  -2.5634e+280  1.38745e+281  3.57796e+281  -9.5082e+281  -2.59094e+282  2.55528e+282  8.61897e+282  1.77412e+282  -4.84214e+282  -5.29323e+282  -4.84214e+282  1.77412e+282  8.61897e+282  2.55528e+282  -2.59094e+282  -9.5082e+281  3.57796e+281  1.38745e+281  -2.5634e+280  -9.77282e+279  8.83387e+278  3.00994e+278  -1.10963e+277  -2.66824e+276  1.41096e+275  
-1.52861e+277  -2.79564e+275  4.474e+277  1.84024e+278  -2.95538e+279  -9.57092e+279  7.36168e+280  2.18537e+281  -8.60754e+281  -2.55304e+282  4.59883e+282  1.50477e+283  -5.29071e+282  -3.22013e+283  -2.38486e+283  -1.76123e+283  -2.38486e+283  -3.22013e+283  -5.29071e+282  1.50477e+283  4.59883e+282  -2.55304e+282  -8.60754e+281  2.18537e+281  7.36168e+280  -9.57092e+279  -2.95538e+279  1.84024e+278  4.474e+277  -2.79564e+275  -1.52861e+277  
-2.53802e+276  2.76068e+276  1.86568e+277  -4.55267e+278  -1.94208e+279  2.17254e+280  7.69432e+280  -4.43417e+281  -1.47295e+282  4.27288e+282  1.45718e+283  -1.56995e+283  -6.57721e+283  -1.67621e+283  5.1602e+283  6.12329e+283  5.1602e+283  -1.67621e+283  -6.57721e+283  -1.56995e+283  1.45718e+283  4.27288e+282  -1.47295e+282  -4.43417e+281  7.69432e+280  2.17254e+280  -1.94208e+279  -4.55267e+278  1.86568e+277  2.76068e+276  -2.53802e+276  
-2.64736e+276  -1.00385e+277  -3.22118e+277  -1.92991e+278  3.31922e+279  1.49186e+280  -1.27943e+281  -4.94527e+281  2.2121e+282  8.2106e+282  -1.69226e+283  -6.76079e+283  2.68005e+283  1.99245e+284  1.67189e+284  1.21914e+284  1.67189e+284  1.99245e+284  2.68005e+283  -6.76079e+283  -1.69226e+283  8.2106e+282  2.2121e+282  -4.94527e+281  -1.27943e+281  1.49186e+280  3.31922e+279  -1.92991e+278  -3.22118e+277  -1.00385e+277  -2.64736e+276  
5.67048e+276  2.82926e+276  -5.69439e+276  2.20598e+278  1.4237e+279  -1.92151e+280  -9.18763e+280  6.35911e+281  2.68399e+282  -9.3307e+282  -3.89321e+283  5.03215e+283  2.50421e+284  7.13252e+283  -2.80423e+284  -3.57105e+284  -2.80423e+284  7.13252e+283  2.50421e+284  5.03215e+283  -3.89321e+283  -9.3307e+282  2.68399e+282  6.35911e+281  -9.18763e+280  -1.92151e+280  1.4237e+279  2.20598e+278  -5.69439e+276  2.82926e+276  5.67048e+276  
9.27629e+277  7.43793e+277  1.92284e+277  5.20851e+277  -1.26333e+279  -8.39853e+279  9.47807e+280  4.8421e+281  -2.76108e+282  -1.27598e+283  3.31251e+283  1.58118e+284  -8.23723e+283  -6.73986e+284  -6.35042e+284  -4.6328e+284  -6.35042e+284  -6.73986e+284  -8.23723e+283  1.58118e+284  3.31251e+283  -1.27598e+283  -2.76108e+282  4.8421e+281  9.47807e+280  -8.39853e+279  -1.26333e+279  5.20851e+277  1.92284e+277  7.43793e+277  9.27629e+277  
-4.1959e+277  -3.88009e+277  -2.93264e+277  -2.46094e+277  -2.89451e+278  6.17222e+279  4.28008e+280  -4.16612e+281  -2.28073e+282  1.06485e+283  5.42051e+283  -9.35005e+283  -5.3557e+284  -1.52126e+284  8.87496e+284  1.19976e+285  8.87496e+284  -1.52126e+284  -5.3557e+284  -9.35005e+283  5.42051e+283  1.06485e+283  -2.28073e+282  -4.16612e+281  4.28008e+280  6.17222e+279  -2.89451e+278  -2.46094e+277  -2.93264e+277  -3.88009e+277  -4.1959e+277  
-3.59672e+278  -2.8449e+278  -5.89443e+277  1.98077e+276  1.12196e+278  1.41454e+279  -2.72163e+280  -1.9788e+281  1.67751e+282  9.87315e+282  -3.62733e+283  -2.05917e+284  1.62955e+284  1.36418e+285  1.43621e+285  1.06192e+285  1.43621e+285  1.36418e+285  1.62955e+284  -2.05917e+284  -3.62733e+283  9.87315e+282  1.67751e+282  -1.9788e+281  -2.72163e+280  1.41454e+279  1.12196e+278  1.98077e+276  -5.89443e+277  -2.8449e+278  -3.59672e+278  
1.87864e+278  1.79527e+278  1.54516e+278  2.1451e+277  6.65835e+276  -4.9271e+278  -6.3519e+279  1.12068e+281  8.57699e+281  -6.27309e+282  -3.98742e+283  1.03961e+284  6.77526e+284  1.52769e+284  -1.75377e+285  -2.49205e+285  -1.75377e+285  1.52769e+284  6.77526e+284  1.03961e+284  -3.98742e+283  -6.27309e+282  8.57699e+281  1.12068e+281  -6.3519e+279  -4.9271e+278  6.65835e+276  2.1451e+277  1.54516e+278  1.79527e+278  1.87864e+278  
8.33965e+278  6.57243e+278  1.27078e+278  -3.89606e+277  -5.22833e+276  -3.08086e+277  2.04764e+279  2.71393e+280  -4.40984e+281  -3.56646e+282  2.17252e+283  1.50082e+284  -2.06615e+284  -1.72491e+285  -2.02934e+285  -1.54179e+285  -2.02934e+285  -1.72491e+285  -2.06615e+284  1.50082e+284  2.17252e+283  -3.56646e+282  -4.40984e+281  2.71393e+280  2.04764e+279  -3.08086e+277  -5.22833e+276  -3.89606e+277  1.27078e+278  6.57243e+278  8.33965e+278  
-4.64287e+278  -4.52949e+278  -4.18936e+278  -7.59132e+277  8.85217e+276  7.64972e+275  1.26609e+278  -8.26556e+279  -1.13315e+281  1.68368e+282  1.44448e+283  -6.72373e+283  -5.09315e+284  -2.00333e+283  2.24045e+285  3.31774e+285  2.24045e+285  -2.00333e+283  -5.09315e+284  -6.72373e+283  1.44448e+283  1.68368e+282  -1.13315e+281  -8.26556e+279  1.26609e+278  7.64972e+275  8.85217e+276  -7.59132e+277  -4.18936e+278  -4.52949e+278  -4.64287e+278  
-1.23261e+279  -9.6356e+278  -1.56422e+278  1.36283e+278  2.58164e+277  -2.02107e+276  2.10426e+276  -5.11181e+278  3.31606e+280  4.73237e+281  -6.2758e+282  -5.7225e+283  1.61405e+284  1.37737e+285  1.8251e+285  1.44765e+285  1.8251e+285  1.37737e+285  1.61405e+284  -5.7225e+283  -6.2758e+282  4.73237e+281  3.31606e+280  -5.11181e+278  2.10426e+276  -2.02107e+276  2.58164e+277  1.36283e+278  -1.56422e+278  -9.6356e+278  -1.23261e+279  
6.93238e+278  6.88417e+278  6.73955e+278  1.38009e+278  -3.66707e+277  -7.54525e+276  3.81231e+275  -1.0862e+277  2.0814e+279  -1.35214e+281  -2.02284e+282  2.25225e+283  2.16174e+284  -1.08611e+284  -1.87022e+285  -2.86562e+285  -1.87022e+285  -1.08611e+284  2.16174e+284  2.25225e+283  -2.02284e+282  -1.35214e+281  2.0814e+279  -1.0862e+277  3.81231e+275  -7.54525e+276  -3.66707e+277  1.38009e+278  6.73955e+278  6.88417e+278  6.93238e+278  
1.18649e+279  9.16115e+278  1.04985e+278  -2.45658e+278  -5.59799e+277  9.20642e+276  2.00735e+276  4.56603e+275  5.29295e+277  -8.7708e+279  5.74116e+281  9.07365e+282  -7.12115e+283  -6.80953e+284  -1.03877e+285  -8.77862e+284  -1.03877e+285  -6.80953e+284  -7.12115e+283  9.07365e+282  5.74116e+281  -8.7708e+279  5.29295e+277  4.56603e+275  2.00735e+276  9.20642e+276  -5.59799e+277  -2.45658e+278  1.04985e+278  9.16115e+278  1.18649e+279  
-6.47481e+278  -6.5434e+278  -6.74918e+278  -1.48266e+278  7.10443e+277  1.79832e+277  -2.20901e+276  -4.58769e+275  2.36846e+275  -9.83989e+277  3.78783e+280  -2.63755e+282  -4.31986e+283  1.11623e+284  1.00962e+285  1.59171e+285  1.00962e+285  1.11623e+284  -4.31986e+283  -2.63755e+282  3.78783e+280  -9.83989e+277  2.36846e+275  -4.58769e+275  -2.20901e+276  1.79832e+277  7.10443e+277  -1.48266e+278  -6.74918e+278  -6.5434e+278  -6.47481e+278  
-7.43943e+278  -5.65151e+278  -2.8774e+277  2.55551e+278  6.67624e+277  -1.82443e+277  -5.01412e+276  -2.45371e+275  -5.29002e+277  2.82293e+278  5.28716e+279  -2.19152e+281  1.3607e+283  1.95635e+284  3.6234e+284  3.3582e+284  3.6234e+284  1.95635e+284  1.3607e+283  -2.19152e+281  5.28716e+279  2.82293e+278  -5.29002e+277  -2.45371e+275  -5.01412e+276  -1.82443e+277  6.67624e+277  2.55551e+278  -2.8774e+277  -5.65151e+278  -7.43943e+278  
3.78767e+278  3.90119e+278  4.24174e+278  9.84752e+277  -7.42666e+277  -2.21432e+277  4.42531e+276  1.52063e+277  -4.75149e+277  -1.40061e+279  6.68263e+279  4.93098e+279  8.83301e+281  -4.97825e+283  -3.40721e+284  -5.50539e+284  -3.40721e+284  -4.97825e+283  8.83301e+281  4.93098e+279  6.68263e+279  -1.40061e+279  -4.75149e+277  1.52063e+277  4.42531e+276  -2.21432e+277  -7.42666e+277  9.84752e+277  4.24174e+278  3.90119e+278  3.78767e+278  
2.97424e+278  2.21602e+278  -5.86354e+276  -1.57482e+278  -4.65656e+277  1.83779e+277  2.44497e+276  3.05189e+276  4.23196e+278  -9.83217e+278  -2.12201e+280  1.04149e+281  7.91198e+281  -2.76852e+283  -7.22546e+283  -7.69373e+283  -7.22546e+283  -2.76852e+283  7.91198e+281  1.04149e+281  -2.12201e+280  -9.83217e+278  4.23196e+278  3.05189e+276  2.44497e+276  1.83779e+277  -4.65656e+277  -1.57482e+278  -5.86354e+276  2.21602e+278  2.97424e+278  
-1.34881e+278  -1.42014e+278  -1.63413e+278  -4.05406e+277  4.3312e+277  1.57468e+277  -2.83382e+276  -8.31253e+277  1.43618e+277  4.49139e+279  -7.46111e+279  -1.70944e+281  6.66859e+281  1.09339e+283  6.71942e+283  1.1107e+284  6.71942e+283  1.09339e+283  6.66859e+281  -1.70944e+281  -7.46111e+279  4.49139e+279  1.43618e+277  -8.31253e+277  -2.83382e+276  1.57468e+277  4.3312e+277  -4.05406e+277  -1.63413e+278  -1.42014e+278  -1.34881e+278  
-7.21799e+277  -5.26612e+277  5.8949e+276  5.61069e+277  1.88595e+277  -1.01311e+277  5.80106e+276  2.11389e+277  -5.91721e+278  -1.75421e+278  2.15793e+280  -2.02918e+280  -6.50914e+281  8.56427e+281  7.16306e+282  9.57444e+282  7.16306e+282  8.56427e+281  -6.50914e+281  -2.02918e+280  2.15793e+280  -1.75421e+278  -5.91721e+278  2.11389e+277  5.80106e+276  -1.01311e+277  1.88595e+277  5.61069e+277  5.8949e+276  -5.26612e+277  -7.21799e+277  
2.73617e+277  2.95916e+277  3.62813e+277  9.96009e+276  -1.36125e+277  -6.15912e+276  -1.85218e+276  5.01359e+277  1.20079e+278  -2.01176e+279  -1.56555e+279  5.28119e+280  6.25506e+279  -1.07929e+282  -6.81821e+282  -1.15414e+283  -6.81821e+282  -1.07929e+282  6.25506e+279  5.28119e+280  -1.56555e+279  -2.01176e+279  1.20079e+278  5.01359e+277  -1.85218e+276  -6.15912e+276  -1.36125e+277  9.96009e+276  3.62813e+277  2.95916e+277  2.73617e+277  
9.67494e+276  6.9212e+276  -1.34002e+276  -1.06818e+277  -4.19856e+276  2.81911e+276  -8.09331e+275  -1.40917e+277  1.19909e+278  3.42854e+278  -3.54727e+279  -5.09692e+279  6.59834e+280  1.38186e+281  -2.54302e+281  -5.35198e+281  -2.54302e+281  1.38186e+281  6.59834e+280  -5.09692e+279  -3.54727e+279  3.42854e+278  1.19909e+278  -1.40917e+277  -8.09331e+275  2.81911e+276  -4.19856e+276  -1.06818e+277  -1.34002e+276  6.9212e+276  9.67494e+276  
-2.77174e+276  -3.10254e+276  -4.09493e+276  -1.31576e+276  2.08967e+276  1.042e+276  1.93552e+275  -3.39477e+276  -2.49364e+277  1.47147e+278  5.14742e+278  -3.2149e+279  -8.11713e+279  3.54418e+280  2.72497e+281  4.75311e+281  2.72497e+281  3.54418e+280  -8.11713e+279  -3.2149e+279  5.14742e+278  1.47147e+278  -2.49364e+277  -3.39477e+276  1.93552e+275  1.042e+276  2.08967e+276  -1.31576e+276  -4.09493e+276  -3.10254e+276  -2.77174e+276  
-5.93713e+275  -4.19258e+275  1.04108e+275  9.14507e+275  4.39153e+275  -2.92318e+275  -1.82291e+275  5.43288e+275  -1.98776e+276  -2.11292e+277  8.38575e+277  3.90604e+278  -1.30367e+279  -6.29504e+279  4.16187e+278  8.56031e+279  4.16187e+278  -6.29504e+279  -1.30367e+279  3.90604e+278  8.38575e+277  -2.11292e+277  -1.98776e+276  5.43288e+275  -1.82291e+275  -2.92318e+275  4.39153e+275  9.14507e+275  1.04108e+275  -4.19258e+275  -5.93713e+275  
1.05342e+275  1.23764e+275  1.79029e+275  7.30219e+274  -1.22274e+275  -7.65219e+274  3.96893e+274  5.90587e+273  1.39636e+274  -2.15642e+275  -6.04297e+276  1.57381e+277  1.17996e+278  -1.37786e+278  -1.89466e+279  -3.49057e+279  -1.89466e+279  -1.37786e+278  1.17996e+278  1.57381e+277  -6.04297e+276  -2.15642e+275  1.39636e+274  5.90587e+273  3.96893e+274  -7.65219e+274  -1.22274e+275  7.30219e+274  1.79029e+275  1.23764e+275  1.05342e+275  
1.05115e+274  7.45648e+273  -1.70851e+273  -2.31348e+274  -1.47965e+274  1.03632e+274  8.21838e+273  8.70144e+272  -1.98744e+273  -9.71385e+274  9.17625e+274  6.18125e+275  -3.54162e+275  2.53081e+275  1.08242e+276  -1.50973e+276  1.08242e+276  2.53081e+275  -3.54162e+275  6.18125e+275  9.17625e+274  -9.71385e+274  -1.98744e+273  8.70144e+272  8.21838e+273  1.03632e+274  -1.47965e+274  -2.31348e+274  -1.70851e+273  7.45648e+273  1.05115e+274  
0  0  0  0  0  0  0  0  0  0  0  0  0  0  0  0  0  0  0  0  0  0  0  0  0  0  0  0  0  0  0  
