1  1  1  1  1  1  1  1  1  1  1  1  1  1  1  1  1  1  1  1  1  1  1  1  1  1  1  1  1  1  1  
0.965899  0.962306  0.951528  0.935431  0.916228  0.895823  0.875562  0.8563  0.838565  0.822694  0.808919  0.797416  0.788319  0.781739  0.777757  0.776424  0.777757  0.781739  0.788319  0.797416  0.808919  0.822694  0.838565  0.8563  0.875562  0.895823  0.916228  0.935431  0.951528  0.962306  0.965899  
0.93233  0.925386  0.904555  0.873633  0.83713  0.798931  0.761757  0.727251  0.6963  0.669328  0.646498  0.627846  0.613359  0.603019  0.596817  0.594749  0.596817  0.603019  0.613359  0.627846  0.646498  0.669328  0.6963  0.727251  0.761757  0.798931  0.83713  0.873633  0.904555  0.925386  0.93233  
0.899791  0.889942  0.860394  0.816943  0.766484  0.714939  0.666346  0.622933  0.585603  0.554436  0.529088  0.509071  0.49393  0.48332  0.477026  0.474939  0.477026  0.48332  0.49393  0.509071  0.529088  0.554436  0.585603  0.622933  0.666346  0.714939  0.766484  0.816943  0.860394  0.889942  0.899791  
0.868716  0.856544  0.820029  0.766964  0.706611  0.646827  0.592732  0.546761  0.509367  0.479839  0.456986  0.439612  0.426779  0.417886  0.412628  0.410884  0.412628  0.417886  0.426779  0.439612  0.456986  0.479839  0.509367  0.546761  0.592732  0.646827  0.706611  0.766964  0.820029  0.856544  0.868716  
0.839452  0.825603  0.784057  0.724475  0.658279  0.594953  0.540284  0.496437  0.462983  0.438139  0.419786  0.406126  0.39598  0.388786  0.384419  0.382948  0.384419  0.388786  0.39598  0.406126  0.419786  0.438139  0.462983  0.496437  0.540284  0.594953  0.658279  0.724475  0.784057  0.825603  0.839452  
0.81225  0.797363  0.752704  0.689526  0.621008  0.557788  0.505829  0.466611  0.438585  0.418872  0.404597  0.393656  0.38496  0.378305  0.374018  0.372527  0.374018  0.378305  0.38496  0.393656  0.404597  0.418872  0.438585  0.466611  0.505829  0.557788  0.621008  0.689526  0.752704  0.797363  0.81225  
0.787257  0.771918  0.725898  0.661637  0.59354  0.532858  0.485302  0.451438  0.428606  0.413029  0.401367  0.391498  0.382677  0.375265  0.370201  0.368392  0.370201  0.375265  0.382677  0.391498  0.401367  0.413029  0.428606  0.451438  0.485302  0.532858  0.59354  0.661637  0.725898  0.771918  0.787257  
0.764535  0.749239  0.703353  0.640021  0.57429  0.517523  0.474896  0.446054  0.427422  0.414618  0.404092  0.393879  0.383685  0.374522  0.368033  0.365677  0.368033  0.374522  0.383685  0.393879  0.404092  0.414618  0.427422  0.446054  0.474896  0.517523  0.57429  0.640021  0.703353  0.749239  0.764535  
0.744065  0.729214  0.684662  0.623768  0.561665  0.509427  0.471578  0.446989  0.431457  0.420254  0.409775  0.398256  0.385852  0.374247  0.365861  0.36279  0.365861  0.374247  0.385852  0.398256  0.409775  0.420254  0.431457  0.446989  0.471578  0.509427  0.561665  0.623768  0.684662  0.729214  0.744065  
0.725773  0.711671  0.669364  0.611976  0.554241  0.506668  0.473141  0.451978  0.438623  0.428188  0.417059  0.403626  0.388443  0.373883  0.363222  0.359295  0.363222  0.373883  0.388443  0.403626  0.417059  0.428188  0.438623  0.451978  0.473141  0.506668  0.554241  0.611976  0.669364  0.711671  0.725773  
0.709542  0.696406  0.656996  0.603815  0.550826  0.507799  0.478058  0.459601  0.447736  0.437519  0.425305  0.409558  0.391174  0.373229  0.359959  0.355049  0.359959  0.373229  0.391174  0.409558  0.425305  0.437519  0.447736  0.459601  0.478058  0.507799  0.550826  0.603815  0.656996  0.696406  0.709542  
0.695234  0.683205  0.647117  0.598561  0.550457  0.51174  0.485285  0.46896  0.458092  0.447728  0.434144  0.415793  0.393858  0.372154  0.35597  0.349957  0.35597  0.372154  0.393858  0.415793  0.434144  0.447728  0.458092  0.46896  0.485285  0.51174  0.550457  0.598561  0.647117  0.683205  0.695234  
0.682696  0.671854  0.639329  0.5956  0.552365  0.517693  0.494097  0.479461  0.469231  0.458458  0.443289  0.422097  0.396315  0.370518  0.351147  0.343925  0.351147  0.370518  0.396315  0.422097  0.443289  0.458458  0.469231  0.479461  0.494097  0.517693  0.552365  0.5956  0.639329  0.671854  0.682696  
0.671772  0.662149  0.633277  0.594414  0.555943  0.525052  0.503967  0.490681  0.480809  0.469412  0.45247  0.428224  0.398331  0.368157  0.345372  0.336853  0.345372  0.368157  0.398331  0.428224  0.45247  0.469412  0.480809  0.490681  0.503967  0.525052  0.555943  0.594414  0.633277  0.662149  0.671772  
0.662313  0.653899  0.628654  0.594575  0.560698  0.533344  0.514492  0.502284  0.492533  0.480306  0.461397  0.43389  0.399657  0.364881  0.33851  0.328629  0.33851  0.364881  0.399657  0.43389  0.461397  0.480306  0.492533  0.502284  0.514492  0.533344  0.560698  0.594575  0.628654  0.653899  0.662313  
0.654175  0.64693  0.625196  0.595725  0.566232  0.542187  0.525338  0.513982  0.504128  0.490848  0.469747  0.438761  0.399995  0.360464  0.330409  0.319134  0.330409  0.360464  0.399995  0.438761  0.469747  0.490848  0.504128  0.513982  0.525338  0.542187  0.566232  0.595725  0.625196  0.64693  0.654175  
0.647224  0.641086  0.622674  0.597566  0.572211  0.551256  0.53621  0.525499  0.515306  0.500706  0.47714  0.442441  0.398988  0.354641  0.320903  0.308241  0.320903  0.354641  0.398988  0.442441  0.47714  0.500706  0.515306  0.525499  0.53621  0.551256  0.572211  0.597566  0.622674  0.641086  0.647224  
0.641337  0.636227  0.620897  0.599849  0.578352  0.560264  0.546827  0.536546  0.525738  0.509481  0.48311  0.444444  0.39621  0.347108  0.309805  0.295815  0.309805  0.347108  0.39621  0.444444  0.48311  0.509481  0.525738  0.536546  0.546827  0.560264  0.578352  0.599849  0.620897  0.636227  0.641337  
0.636403  0.632228  0.619701  0.602365  0.584412  0.568943  0.556896  0.546784  0.535005  0.516656  0.487061  0.444168  0.39115  0.337512  0.296917  0.281718  0.296917  0.337512  0.39115  0.444168  0.487061  0.516656  0.535005  0.546784  0.556896  0.568943  0.584412  0.602365  0.619701  0.632228  0.636403  
0.632321  0.628978  0.618948  0.604934  0.590164  0.577013  0.566067  0.55576  0.542524  0.521518  0.488205  0.440856  0.383199  0.325457  0.282026  0.265814  0.282026  0.325457  0.383199  0.440856  0.488205  0.521518  0.542524  0.55576  0.566067  0.577013  0.590164  0.604934  0.618948  0.628978  0.632321  
0.628993  0.626371  0.618506  0.607379  0.595356  0.584115  0.573833  0.562785  0.547413  0.523038  0.485479  0.433559  0.371641  0.310506  0.264921  0.247972  0.264921  0.310506  0.371641  0.433559  0.485479  0.523038  0.547413  0.562785  0.573833  0.584115  0.595356  0.607379  0.618506  0.626371  0.628993  
0.626274  0.62425  0.618178  0.609419  0.599569  0.589626  0.57931  0.566694  0.548275  0.519714  0.477457  0.4211  0.355657  0.292198  0.245395  0.228084  0.245395  0.292198  0.355657  0.4211  0.477457  0.519714  0.548275  0.566694  0.57931  0.589626  0.599569  0.609419  0.618178  0.62425  0.626274  
0.623739  0.622158  0.617415  0.610338  0.601821  0.592213  0.580781  0.565436  0.542877  0.509369  0.462263  0.402074  0.334355  0.270076  0.223275  0.206068  0.223275  0.270076  0.334355  0.402074  0.462263  0.509369  0.542877  0.565436  0.580781  0.592213  0.601821  0.610338  0.617415  0.622158  0.623739  
0.619812  0.618462  0.614413  0.608031  0.599607  0.588925  0.574909  0.55548  0.527797  0.48901  0.437573  0.37491  0.306837  0.243733  0.198439  0.181896  0.198439  0.243733  0.306837  0.37491  0.437573  0.48901  0.527797  0.55548  0.574909  0.588925  0.599607  0.608031  0.614413  0.618462  0.619812  
0.609678  0.60828  0.604087  0.597119  0.587225  0.573836  0.555778  0.531275  0.49823  0.454876  0.400778  0.338044  0.272327  0.212887  0.17085  0.155601  0.17085  0.212887  0.272327  0.338044  0.400778  0.454876  0.49823  0.531275  0.555778  0.573836  0.587225  0.597119  0.604087  0.60828  0.609678  
0.582209  0.5805  0.575374  0.56668  0.554093  0.537006  0.514484  0.485342  0.448401  0.402953  0.349436  0.290233  0.230351  0.177463  0.140591  0.127305  0.140591  0.177463  0.230351  0.290233  0.349436  0.402953  0.448401  0.485342  0.514484  0.537006  0.554093  0.56668  0.575374  0.5805  0.582209  
0.518987  0.516926  0.510744  0.500315  0.485412  0.465685  0.440677  0.409903  0.37302  0.330102  0.282035  0.231003  0.18096  0.137684  0.107897  0.0972272  0.107897  0.137684  0.18096  0.231003  0.282035  0.330102  0.37302  0.409903  0.440677  0.465685  0.485412  0.500315  0.510744  0.516926  0.518987  
0.400594  0.398557  0.392448  0.38226  0.367976  0.349574  0.327037  0.300396  0.269811  0.235699  0.19893  0.161118  0.124925  0.0941434  0.0731686  0.06569  0.0731686  0.0941434  0.124925  0.161118  0.19893  0.235699  0.269811  0.300396  0.327037  0.349574  0.367976  0.38226  0.392448  0.398557  0.400594  
0.221012  0.219703  0.215778  0.209288  0.200313  0.188957  0.175355  0.159676  0.142149  0.123107  0.103068  0.0828706  0.0638338  0.0478153  0.0369702  0.033115  0.0369702  0.0478153  0.0638338  0.0828706  0.103068  0.123107  0.142149  0.159676  0.175355  0.188957  0.200313  0.209288  0.215778  0.219703  0.221012  
0  0  0  0  0  0  0  0  0  0  0  0  0  0  0  0  0  0  0  0  0  0  0  0  0  0  0  0  0  0  0  
