1  1  1  1  1  1  1  1  1  1  1  1  1  1  1  1  1  1  1  1  1  1  1  1  1  1  1  1  1  1  1  
0.966212  0.962643  0.951934  0.935929  0.916815  0.896479  0.87626  0.857014  0.839274  0.823383  0.809581  0.798048  0.788924  0.782322  0.778326  0.776988  0.778326  0.782322  0.788924  0.798048  0.809581  0.823383  0.839274  0.857014  0.87626  0.896479  0.916815  0.935929  0.951934  0.962643  0.966212  
0.93295  0.92605  0.90535  0.874598  0.838254  0.800168  0.763045  0.728533  0.697531  0.670479  0.647555  0.628809  0.61424  0.603836  0.597593  0.595511  0.597593  0.603836  0.61424  0.628809  0.647555  0.670479  0.697531  0.728533  0.763045  0.800168  0.838254  0.874598  0.90535  0.92605  0.93295  
0.900704  0.890915  0.861546  0.81832  0.768058  0.716626  0.668044  0.624548  0.587066  0.555706  0.530152  0.509941  0.494634  0.4839  0.477528  0.475415  0.477528  0.4839  0.494634  0.509941  0.530152  0.555706  0.587066  0.624548  0.668044  0.716626  0.768058  0.81832  0.861546  0.890915  0.900704  
0.869904  0.857802  0.821496  0.768684  0.708526  0.648811  0.59464  0.548464  0.510777  0.480914  0.457726  0.440048  0.426966  0.41789  0.41252  0.410739  0.41252  0.41789  0.426966  0.440048  0.457726  0.480914  0.510777  0.548464  0.59464  0.648811  0.708526  0.768684  0.821496  0.857802  0.869904  
0.840892  0.827117  0.785791  0.726462  0.660428  0.597093  0.54223  0.498035  0.464141  0.438826  0.420024  0.405975  0.39552  0.388105  0.383608  0.382093  0.383608  0.388105  0.39552  0.405975  0.420024  0.438826  0.464141  0.498035  0.54223  0.597093  0.660428  0.726462  0.785791  0.827117  0.840892  
0.813916  0.799102  0.754659  0.69171  0.623295  0.55997  0.507692  0.46799  0.439396  0.419106  0.404305  0.392924  0.383892  0.377005  0.372583  0.371048  0.372583  0.377005  0.383892  0.392924  0.404305  0.419106  0.439396  0.46799  0.507692  0.55997  0.623295  0.69171  0.754659  0.799102  0.813916  
0.789123  0.773849  0.728027  0.663955  0.59589  0.535005  0.487014  0.452555  0.429059  0.412836  0.400605  0.390276  0.381115  0.373475  0.368283  0.366432  0.368283  0.373475  0.381115  0.390276  0.400605  0.412836  0.429059  0.452555  0.487014  0.535005  0.59589  0.663955  0.728027  0.773849  0.789123  
0.766572  0.751333  0.705616  0.642422  0.576651  0.51959  0.476436  0.446915  0.427555  0.414064  0.402948  0.392273  0.381747  0.372369  0.365763  0.36337  0.365763  0.372369  0.381747  0.392273  0.402948  0.414064  0.427555  0.446915  0.476436  0.51959  0.576651  0.642422  0.705616  0.751333  0.766572  
0.746247  0.731441  0.687025  0.626215  0.564002  0.511396  0.47295  0.447625  0.431326  0.419413  0.408337  0.396359  0.383634  0.371829  0.363339  0.360236  0.363339  0.371829  0.383634  0.396359  0.408337  0.419413  0.431326  0.447625  0.47295  0.511396  0.564002  0.626215  0.687025  0.731441  0.746247  
0.728073  0.714004  0.671798  0.61444  0.556536  0.508537  0.474365  0.452432  0.438287  0.427129  0.415397  0.401508  0.386015  0.37127  0.360519  0.356566  0.360519  0.37127  0.386015  0.401508  0.415397  0.427129  0.438287  0.452432  0.474365  0.508537  0.556536  0.61444  0.671798  0.714004  0.728073  
0.711936  0.698821  0.659475  0.606276  0.553068  0.509574  0.479159  0.459913  0.447246  0.436296  0.423474  0.407272  0.388586  0.370473  0.357128  0.352197  0.357128  0.370473  0.388586  0.407272  0.423474  0.436296  0.447246  0.459913  0.479159  0.509574  0.553068  0.606276  0.659475  0.698821  0.711936  
0.697698  0.685679  0.649622  0.601005  0.552642  0.513432  0.486288  0.469166  0.45749  0.446384  0.432183  0.413375  0.391149  0.369293  0.353049  0.347022  0.353049  0.369293  0.391149  0.413375  0.432183  0.446384  0.45749  0.469166  0.486288  0.513432  0.552642  0.601005  0.649622  0.685679  0.697698  
0.685208  0.674366  0.641841  0.598014  0.554492  0.519312  0.495023  0.479591  0.468548  0.457024  0.441229  0.419577  0.393511  0.36758  0.348169  0.340942  0.348169  0.36758  0.393511  0.419577  0.441229  0.457024  0.468548  0.479591  0.495023  0.519312  0.554492  0.598014  0.641841  0.674366  0.685208  
0.674311  0.664679  0.63578  0.596789  0.55801  0.526605  0.504832  0.490753  0.480066  0.467908  0.450329  0.42562  0.395453  0.365167  0.342363  0.333848  0.342363  0.365167  0.395453  0.42562  0.450329  0.467908  0.480066  0.490753  0.504832  0.526605  0.55801  0.596789  0.63578  0.664679  0.674311  
0.664858  0.656426  0.631132  0.5969  0.562702  0.534834  0.515303  0.502309  0.491741  0.478745  0.459188  0.431215  0.396722  0.361859  0.335494  0.325627  0.335494  0.361859  0.396722  0.431215  0.459188  0.478745  0.491741  0.502309  0.515303  0.534834  0.562702  0.5969  0.631132  0.656426  0.664858  
0.656702  0.649434  0.627631  0.597989  0.568166  0.543611  0.526093  0.51396  0.503289  0.489231  0.467474  0.436025  0.397017  0.357428  0.327408  0.316159  0.327408  0.357428  0.397017  0.436025  0.467474  0.489231  0.503289  0.51396  0.526093  0.543611  0.568166  0.597989  0.627631  0.649434  0.656702  
0.64971  0.643545  0.625048  0.599752  0.574061  0.552603  0.5369  0.525421  0.514413  0.499029  0.474803  0.439649  0.395978  0.351609  0.317938  0.305315  0.317938  0.351609  0.395978  0.439649  0.474803  0.499029  0.514413  0.525421  0.5369  0.552603  0.574061  0.599752  0.625048  0.643545  0.64971  
0.643756  0.638613  0.623185  0.601937  0.580101  0.561516  0.547432  0.536392  0.524771  0.507731  0.480705  0.4416  0.393181  0.344098  0.306898  0.29296  0.306898  0.344098  0.393181  0.4416  0.480705  0.507731  0.524771  0.536392  0.547432  0.561516  0.580101  0.601937  0.623185  0.638613  0.643756  
0.638723  0.634511  0.621875  0.604328  0.586032  0.57007  0.557386  0.546523  0.533939  0.514814  0.484579  0.441276  0.388116  0.334545  0.29409  0.278959  0.29409  0.334545  0.388116  0.441276  0.484579  0.514814  0.533939  0.546523  0.557386  0.57007  0.586032  0.604328  0.621875  0.634511  0.638723  
0.634501  0.631118  0.62097  0.606735  0.591616  0.577975  0.5664  0.555352  0.541324  0.519561  0.485639  0.437925  0.380178  0.322556  0.279304  0.263173  0.279304  0.322556  0.380178  0.437925  0.485639  0.519561  0.541324  0.555352  0.5664  0.577975  0.591616  0.606735  0.62097  0.631118  0.634501  
0.63098  0.628316  0.620323  0.608965  0.596588  0.584857  0.573953  0.56218  0.546039  0.520945  0.482827  0.430602  0.368658  0.307699  0.26233  0.245477  0.26233  0.307699  0.368658  0.430602  0.482827  0.520945  0.546039  0.56218  0.573953  0.584857  0.596588  0.608965  0.620323  0.628316  0.63098  
0.627997  0.625927  0.619718  0.61072  0.600509  0.590076  0.57915  0.565834  0.546688  0.517468  0.474726  0.418143  0.352746  0.289519  0.242966  0.225761  0.242966  0.289519  0.352746  0.418143  0.474726  0.517468  0.546688  0.565834  0.57915  0.590076  0.600509  0.61072  0.619718  0.625927  0.627997  
0.625096  0.623467  0.618581  0.611254  0.602374  0.592285  0.580267  0.564267  0.541051  0.506973  0.459481  0.399159  0.331561  0.267563  0.221039  0.203947  0.221039  0.267563  0.331561  0.399159  0.459481  0.506973  0.541051  0.564267  0.580267  0.592285  0.602374  0.611254  0.618581  0.623467  0.625096  
0.620671  0.619272  0.615076  0.608446  0.599667  0.588531  0.573979  0.553973  0.525734  0.486496  0.434794  0.3721  0.304219  0.241433  0.19643  0.180004  0.19643  0.241433  0.304219  0.3721  0.434794  0.486496  0.525734  0.553973  0.573979  0.588531  0.599667  0.608446  0.615076  0.619272  0.620671  
0.609898  0.608454  0.604122  0.596923  0.586711  0.572925  0.554418  0.529453  0.49599  0.452329  0.398094  0.335426  0.269955  0.210851  0.169103  0.153969  0.169103  0.210851  0.269955  0.335426  0.398094  0.452329  0.49599  0.529453  0.554418  0.572925  0.586711  0.596923  0.604122  0.608454  0.609898  
0.581724  0.579977  0.574736  0.565856  0.553017  0.53563  0.512782  0.483325  0.446121  0.400513  0.346978  0.287915  0.228306  0.175745  0.139142  0.12596  0.139142  0.175745  0.228306  0.287915  0.346978  0.400513  0.446121  0.483325  0.512782  0.53563  0.553017  0.565856  0.574736  0.579977  0.581724  
0.517928  0.515842  0.509584  0.499034  0.483972  0.464062  0.438867  0.407925  0.370924  0.327968  0.279966  0.22911  0.179327  0.136338  0.106777  0.0961932  0.106777  0.136338  0.179327  0.22911  0.279966  0.327968  0.370924  0.407925  0.438867  0.464062  0.483972  0.499034  0.509584  0.515842  0.517928  
0.399369  0.397321  0.391175  0.380929  0.366574  0.348093  0.325481  0.298785  0.26818  0.234099  0.197424  0.159771  0.123783  0.0932158  0.072405  0.0649882  0.072405  0.0932158  0.123783  0.159771  0.197424  0.234099  0.26818  0.298785  0.325481  0.348093  0.366574  0.380929  0.391175  0.397321  0.399369  
0.220188  0.218876  0.21494  0.208434  0.199439  0.188064  0.174447  0.158764  0.141251  0.122246  0.102272  0.0821689  0.0632462  0.0473419  0.0365832  0.0327603  0.0365832  0.0473419  0.0632462  0.0821689  0.102272  0.122246  0.141251  0.158764  0.174447  0.188064  0.199439  0.208434  0.21494  0.218876  0.220188  
0  0  0  0  0  0  0  0  0  0  0  0  0  0  0  0  0  0  0  0  0  0  0  0  0  0  0  0  0  0  0  
