1  1  1  1  1  1  1  1  1  1  1  1  1  1  1  1  1  1  1  1  1  1  1  1  1  1  1  1  1  1  1  
0.966155  0.962576  0.951841  0.935797  0.916639  0.896259  0.875998  0.856716  0.838945  0.823029  0.809207  0.797658  0.788523  0.781914  0.777913  0.776574  0.777913  0.781914  0.788523  0.797658  0.809207  0.823029  0.838945  0.856716  0.875998  0.896259  0.916639  0.935797  0.951841  0.962576  0.966155  
0.932836  0.925919  0.905168  0.874343  0.837916  0.799748  0.762551  0.727977  0.696927  0.669838  0.646889  0.628125  0.613544  0.603133  0.596885  0.594803  0.596885  0.603133  0.613544  0.628125  0.646889  0.669838  0.696927  0.727977  0.762551  0.799748  0.837916  0.874343  0.905168  0.925919  0.932836  
0.900537  0.890723  0.861284  0.817956  0.76758  0.716042  0.667369  0.623805  0.586276  0.554888  0.529321  0.509106  0.4938  0.483068  0.476699  0.474587  0.476699  0.483068  0.4938  0.509106  0.529321  0.554888  0.586276  0.623805  0.667369  0.716042  0.76758  0.817956  0.861284  0.890723  0.900537  
0.869687  0.857556  0.821163  0.768228  0.707938  0.648106  0.593844  0.547611  0.509897  0.480031  0.456854  0.439197  0.426135  0.417077  0.411718  0.409941  0.411718  0.417077  0.426135  0.439197  0.456854  0.480031  0.509897  0.547611  0.593844  0.648106  0.707938  0.768228  0.821163  0.857556  0.869687  
0.840631  0.826823  0.7854  0.725936  0.659761  0.596311  0.541371  0.497142  0.46325  0.437963  0.419202  0.405197  0.394782  0.387397  0.382919  0.38141  0.382919  0.387397  0.394782  0.405197  0.419202  0.437963  0.46325  0.497142  0.541371  0.596311  0.659761  0.725936  0.7854  0.826823  0.840631  
0.813616  0.798767  0.754221  0.691132  0.62258  0.559151  0.506817  0.46711  0.438549  0.418316  0.403582  0.392264  0.383283  0.376434  0.372034  0.370506  0.372034  0.376434  0.383283  0.392264  0.403582  0.418316  0.438549  0.46711  0.506817  0.559151  0.62258  0.691132  0.754221  0.798767  0.813616  
0.788791  0.773482  0.727556  0.663346  0.595153  0.53418  0.486159  0.451722  0.428287  0.412145  0.399997  0.389742  0.380638  0.373038  0.367869  0.366025  0.367869  0.373038  0.380638  0.389742  0.399997  0.412145  0.428287  0.451722  0.486159  0.53418  0.595153  0.663346  0.727556  0.773482  0.788791  
0.766215  0.750942  0.705124  0.641799  0.575912  0.518784  0.475622  0.446148  0.426872  0.413478  0.402456  0.39186  0.381392  0.372052  0.365466  0.36308  0.365466  0.372052  0.381392  0.39186  0.402456  0.413478  0.426872  0.446148  0.475622  0.518784  0.575912  0.641799  0.705124  0.750942  0.766215  
0.745871  0.731033  0.686521  0.625592  0.563279  0.510624  0.472193  0.446935  0.430735  0.418931  0.407955  0.396056  0.383386  0.371615  0.363142  0.360044  0.363142  0.371615  0.383386  0.396056  0.407955  0.418931  0.430735  0.446935  0.472193  0.510624  0.563279  0.625592  0.686521  0.731033  0.745871  
0.727685  0.713587  0.671293  0.613829  0.555841  0.507812  0.473673  0.451822  0.437788  0.426746  0.415117  0.401305  0.385863  0.371146  0.360406  0.356456  0.360406  0.371146  0.385863  0.401305  0.415117  0.426746  0.437788  0.451822  0.473673  0.507812  0.555841  0.613829  0.671293  0.713587  0.727685  
0.711544  0.698402  0.658979  0.605687  0.552412  0.508904  0.478537  0.459385  0.446837  0.436007  0.423288  0.40716  0.388519  0.370427  0.357087  0.352157  0.357087  0.370427  0.388519  0.40716  0.423288  0.436007  0.446837  0.459385  0.478537  0.508904  0.552412  0.605687  0.658979  0.698402  0.711544  
0.697308  0.685266  0.649141  0.600446  0.552032  0.512824  0.485739  0.46872  0.457168  0.446185  0.432086  0.413348  0.391159  0.369314  0.35307  0.347042  0.35307  0.369314  0.391159  0.413348  0.432086  0.446185  0.457168  0.46872  0.485739  0.512824  0.552032  0.600446  0.649141  0.685266  0.697308  
0.684826  0.673965  0.641383  0.597493  0.553935  0.51877  0.494549  0.479226  0.46831  0.45691  0.441215  0.419627  0.39359  0.367662  0.348243  0.341011  0.348243  0.367662  0.39359  0.419627  0.441215  0.45691  0.46831  0.479226  0.494549  0.51877  0.553935  0.597493  0.641383  0.673965  0.684826  
0.673945  0.664297  0.635352  0.596312  0.557511  0.526132  0.504435  0.490469  0.479911  0.467877  0.450394  0.425744  0.395597  0.365303  0.342483  0.33396  0.342483  0.365303  0.395597  0.425744  0.450394  0.467877  0.479911  0.490469  0.504435  0.526132  0.557511  0.596312  0.635352  0.664297  0.673945  
0.664513  0.65607  0.630741  0.596473  0.562267  0.534434  0.514984  0.502106  0.491669  0.478794  0.459329  0.431407  0.396924  0.362043  0.335652  0.325775  0.335652  0.362043  0.396924  0.431407  0.459329  0.478794  0.491669  0.502106  0.514984  0.534434  0.562267  0.596473  0.630741  0.65607  0.664513  
0.656388  0.649111  0.627282  0.597617  0.567797  0.543286  0.525855  0.513839  0.503298  0.489359  0.467689  0.436282  0.397272  0.357653  0.327599  0.316335  0.327599  0.357653  0.397272  0.436282  0.467689  0.489359  0.503298  0.513839  0.525855  0.543286  0.567797  0.597617  0.627282  0.649111  0.656388  
0.649433  0.643262  0.624748  0.599442  0.573765  0.552358  0.536745  0.525384  0.514503  0.499234  0.475089  0.439966  0.396282  0.35187  0.318155  0.305513  0.318155  0.35187  0.396282  0.439966  0.475089  0.499234  0.514503  0.525384  0.536745  0.552358  0.573765  0.599442  0.624748  0.643262  0.649433  
0.643524  0.638378  0.622942  0.601695  0.579882  0.561355  0.547364  0.536441  0.524945  0.508013  0.481058  0.441974  0.393527  0.344388  0.307135  0.293176  0.307135  0.344388  0.393527  0.441974  0.481058  0.508013  0.524945  0.536441  0.547364  0.561355  0.579882  0.601695  0.622942  0.638378  0.643524  
0.638545  0.634333  0.621697  0.60416  0.585897  0.569998  0.557408  0.546661  0.534196  0.515172  0.484996  0.441701  0.388498  0.334858  0.294341  0.279185  0.294341  0.334858  0.388498  0.441701  0.484996  0.515172  0.534196  0.546661  0.557408  0.569998  0.585897  0.60416  0.621697  0.634333  0.638545  
0.634388  0.631008  0.620866  0.60665  0.591572  0.577998  0.566518  0.555582  0.541665  0.519992  0.486116  0.438393  0.38059  0.322886  0.279564  0.263405  0.279564  0.322886  0.38059  0.438393  0.486116  0.519992  0.541665  0.555582  0.566518  0.577998  0.591572  0.60665  0.620866  0.631008  0.634388  
0.630946  0.628285  0.620305  0.608973  0.596642  0.584983  0.574172  0.562504  0.546464  0.521445  0.483357  0.431106  0.36909  0.308038  0.262592  0.245709  0.262592  0.308038  0.36909  0.431106  0.483357  0.521445  0.546464  0.562504  0.574172  0.584983  0.596642  0.608973  0.620305  0.628285  0.630946  
0.628057  0.625993  0.6198  0.610833  0.600673  0.590312  0.579475  0.566255  0.547195  0.518031  0.475299  0.418672  0.353189  0.289858  0.243223  0.225986  0.243223  0.289858  0.353189  0.418672  0.475299  0.518031  0.547195  0.566255  0.579475  0.590312  0.600673  0.610833  0.6198  0.625993  0.628057  
0.625268  0.623645  0.618779  0.611487  0.602659  0.592638  0.5807  0.564782  0.541631  0.507586  0.460082  0.399699  0.332002  0.267894  0.221285  0.20416  0.221285  0.267894  0.332002  0.399699  0.460082  0.507586  0.541631  0.564782  0.5807  0.592638  0.602659  0.611487  0.618779  0.623645  0.625268  
0.620974  0.619582  0.615406  0.60881  0.600079  0.589003  0.574516  0.554569  0.526372  0.487141  0.435404  0.372633  0.304643  0.241745  0.196657  0.180199  0.196657  0.241745  0.304643  0.372633  0.435404  0.487141  0.526372  0.554569  0.574516  0.589003  0.600079  0.60881  0.615406  0.619582  0.620974  
0.610341  0.608903  0.604589  0.597418  0.587244  0.573502  0.555038  0.530106  0.496656  0.452976  0.398686  0.335928  0.270347  0.211134  0.169305  0.154141  0.169305  0.211134  0.270347  0.335928  0.398686  0.452976  0.496656  0.530106  0.555038  0.573502  0.587244  0.597418  0.604589  0.608903  0.610341  
0.582288  0.580545  0.575316  0.566453  0.553637  0.536272  0.513441  0.483989  0.446771  0.401122  0.347519  0.288364  0.228649  0.175988  0.139313  0.126104  0.139313  0.175988  0.228649  0.288364  0.347519  0.401122  0.446771  0.483989  0.513441  0.536272  0.553637  0.566453  0.575316  0.580545  0.582288  
0.518544  0.51646  0.510205  0.49966  0.484602  0.464694  0.439492  0.408533  0.371498  0.328491  0.280419  0.229477  0.179603  0.136531  0.106911  0.0963059  0.106911  0.136531  0.179603  0.229477  0.280419  0.328491  0.371498  0.408533  0.439492  0.464694  0.484602  0.49966  0.510205  0.51646  0.518544  
0.399912  0.397863  0.391715  0.381465  0.367102  0.348609  0.325978  0.299256  0.268614  0.234485  0.197751  0.160032  0.123977  0.0933498  0.0724972  0.0650654  0.0724972  0.0933498  0.123977  0.160032  0.197751  0.234485  0.268614  0.299256  0.325978  0.348609  0.367102  0.381465  0.391715  0.397863  0.399912  
0.22051  0.219197  0.215258  0.208746  0.199743  0.188357  0.174725  0.159023  0.141485  0.122451  0.102444  0.082305  0.0633463  0.0474106  0.0366302  0.0327995  0.0366302  0.0474106  0.0633463  0.082305  0.102444  0.122451  0.141485  0.159023  0.174725  0.188357  0.199743  0.208746  0.215258  0.219197  0.22051  
0  0  0  0  0  0  0  0  0  0  0  0  0  0  0  0  0  0  0  0  0  0  0  0  0  0  0  0  0  0  0  
