1  1  1  1  1  1  1  1  1  1  1  1  1  1  1  1  1  1  1  1  1  1  1  1  1  1  1  1  1  1  1  
0.966093  0.962511  0.951767  0.935713  0.916545  0.896157  0.875891  0.856608  0.838837  0.822924  0.809104  0.797559  0.788426  0.781819  0.777819  0.776481  0.777819  0.781819  0.788426  0.797559  0.809104  0.822924  0.838837  0.856608  0.875891  0.896157  0.916545  0.935713  0.951767  0.962511  0.966093  
0.932712  0.92579  0.905024  0.874178  0.837733  0.799552  0.762351  0.727776  0.696733  0.66965  0.646711  0.627955  0.613383  0.602977  0.596735  0.594652  0.596735  0.602977  0.613383  0.627955  0.646711  0.66965  0.696733  0.727776  0.762351  0.799552  0.837733  0.874178  0.905024  0.92579  0.932712  
0.900354  0.890533  0.861071  0.817717  0.767318  0.715767  0.667092  0.623538  0.586022  0.554654  0.529104  0.508909  0.493617  0.482899  0.476536  0.474428  0.476536  0.482899  0.493617  0.508909  0.529104  0.554654  0.586022  0.623538  0.667092  0.715767  0.767318  0.817717  0.861071  0.890533  0.900354  
0.869446  0.857307  0.820888  0.767922  0.707611  0.647767  0.593514  0.547298  0.509614  0.479776  0.456632  0.439  0.425964  0.416921  0.411575  0.4098  0.411575  0.416921  0.425964  0.439  0.456632  0.479776  0.509614  0.547298  0.593514  0.647767  0.707611  0.767922  0.820888  0.857307  0.869446  
0.840336  0.826519  0.785067  0.725573  0.659377  0.595926  0.541001  0.496806  0.462951  0.437707  0.418983  0.405016  0.394627  0.387266  0.382798  0.381296  0.382798  0.387266  0.394627  0.405016  0.418983  0.437707  0.462951  0.496806  0.541001  0.595926  0.659377  0.725573  0.785067  0.826519  0.840336  
0.813269  0.798411  0.753838  0.690719  0.622152  0.558727  0.506422  0.466754  0.438243  0.418057  0.403369  0.392088  0.383141  0.376314  0.371931  0.370406  0.371931  0.376314  0.383141  0.392088  0.403369  0.418057  0.438243  0.466754  0.506422  0.558727  0.622152  0.690719  0.753838  0.798411  0.813269  
0.788395  0.773078  0.727125  0.66289  0.594685  0.533728  0.485738  0.451352  0.427967  0.411879  0.399777  0.389565  0.380494  0.372922  0.367768  0.365932  0.367768  0.372922  0.380494  0.389565  0.399777  0.411879  0.427967  0.451352  0.485738  0.533728  0.594685  0.66289  0.727125  0.773078  0.788395  
0.765773  0.750492  0.704651  0.641303  0.575412  0.518301  0.475182  0.445756  0.426537  0.413193  0.402223  0.391668  0.38124  0.371927  0.365362  0.362981  0.365362  0.371927  0.38124  0.391668  0.402223  0.413193  0.426537  0.445756  0.475182  0.518301  0.575412  0.641303  0.704651  0.750492  0.765773  
0.745386  0.730542  0.686008  0.625062  0.562746  0.510116  0.471724  0.44652  0.430372  0.418623  0.407694  0.395845  0.383215  0.37148  0.363027  0.359938  0.363027  0.37148  0.383215  0.395845  0.407694  0.418623  0.430372  0.44652  0.471724  0.510116  0.562746  0.625062  0.686008  0.730542  0.745386  
0.727159  0.713056  0.670745  0.613264  0.55528  0.507273  0.473177  0.451373  0.437395  0.426403  0.414827  0.401065  0.385672  0.370993  0.360282  0.356339  0.360282  0.370993  0.385672  0.401065  0.414827  0.426403  0.437395  0.451373  0.473177  0.507273  0.55528  0.613264  0.670745  0.713056  0.727159  
0.71098  0.697833  0.658394  0.605092  0.551819  0.508337  0.478005  0.458903  0.446402  0.435628  0.422961  0.406892  0.388304  0.370259  0.35695  0.352032  0.35695  0.370259  0.388304  0.406892  0.422961  0.435628  0.446402  0.458903  0.478005  0.508337  0.551819  0.605092  0.658394  0.697833  0.71098  
0.696706  0.68466  0.648523  0.599817  0.55141  0.512221  0.485174  0.468195  0.456694  0.445762  0.431723  0.413046  0.390921  0.369129  0.352924  0.346907  0.352924  0.369129  0.390921  0.413046  0.431723  0.445762  0.456694  0.468195  0.485174  0.512221  0.55141  0.599817  0.648523  0.68466  0.696706  
0.684189  0.673325  0.640731  0.596834  0.553279  0.518134  0.493942  0.478661  0.46779  0.456446  0.440811  0.419296  0.393328  0.367463  0.348086  0.340871  0.348086  0.367463  0.393328  0.419296  0.440811  0.456446  0.46779  0.478661  0.493942  0.518134  0.553279  0.596834  0.640731  0.673325  0.684189  
0.673273  0.663622  0.634668  0.59562  0.556824  0.525458  0.50379  0.489858  0.479348  0.467367  0.449954  0.425379  0.395313  0.365089  0.342319  0.333812  0.342319  0.365089  0.395313  0.425379  0.449954  0.467367  0.479348  0.489858  0.50379  0.525458  0.556824  0.59562  0.634668  0.663622  0.673273  
0.663808  0.655361  0.630023  0.59575  0.561543  0.533725  0.514295  0.501453  0.491058  0.478243  0.458849  0.431015  0.396619  0.361817  0.33548  0.325624  0.33548  0.361817  0.396619  0.431015  0.458849  0.478243  0.491058  0.501453  0.514295  0.533725  0.561543  0.59575  0.630023  0.655361  0.663808  
0.655647  0.648368  0.626533  0.59686  0.567042  0.542538  0.525128  0.513141  0.502646  0.488765  0.467176  0.43586  0.396949  0.357416  0.327424  0.316181  0.327424  0.357416  0.396949  0.43586  0.467176  0.488765  0.502646  0.513141  0.525128  0.542538  0.567042  0.59686  0.626533  0.648368  0.655647  
0.648659  0.642485  0.623965  0.598653  0.572973  0.551576  0.535976  0.524646  0.513808  0.498605  0.474542  0.439523  0.395942  0.351627  0.317976  0.305359  0.317976  0.351627  0.395942  0.439523  0.474542  0.498605  0.513808  0.524646  0.535976  0.551576  0.572973  0.598653  0.623965  0.642485  0.648659  
0.642715  0.637568  0.622126  0.600871  0.579058  0.560534  0.54656  0.535663  0.524215  0.507349  0.480486  0.441509  0.393178  0.344139  0.306957  0.293022  0.306957  0.344139  0.393178  0.441509  0.480486  0.507349  0.524215  0.535663  0.54656  0.560534  0.579058  0.600871  0.622126  0.637568  0.642715  
0.637702  0.633489  0.620847  0.603305  0.585037  0.569145  0.556567  0.545851  0.533432  0.514482  0.484402  0.441224  0.388141  0.334609  0.294165  0.279036  0.294165  0.334609  0.388141  0.441224  0.484402  0.514482  0.533432  0.545851  0.556567  0.569145  0.585037  0.603305  0.620847  0.633489  0.637702  
0.633511  0.630129  0.619983  0.605761  0.590682  0.577111  0.565647  0.55474  0.540877  0.51928  0.485509  0.437908  0.380232  0.322638  0.279393  0.263261  0.279393  0.322638  0.380232  0.437908  0.485509  0.51928  0.540877  0.55474  0.565647  0.577111  0.590682  0.605761  0.619983  0.630129  0.633511  
0.630035  0.627373  0.619388  0.608053  0.59572  0.584068  0.573273  0.561642  0.545657  0.520724  0.482744  0.430622  0.368735  0.307797  0.262427  0.245572  0.262427  0.307797  0.368735  0.430622  0.482744  0.520724  0.545657  0.561642  0.573273  0.584068  0.59572  0.608053  0.619388  0.627373  0.630035  
0.627112  0.625048  0.618853  0.609883  0.599726  0.589373  0.57856  0.565378  0.546383  0.517308  0.474693  0.418196  0.352846  0.289627  0.243069  0.225858  0.243069  0.289627  0.352846  0.418196  0.474693  0.517308  0.546383  0.565378  0.57856  0.589373  0.599726  0.609883  0.618853  0.625048  0.627112  
0.624294  0.622672  0.617805  0.610515  0.601691  0.591687  0.579776  0.563907  0.540826  0.50688  0.459493  0.399244  0.331676  0.267678  0.221142  0.204043  0.221142  0.267678  0.331676  0.399244  0.459493  0.50688  0.540826  0.563907  0.579776  0.591687  0.601691  0.610515  0.617805  0.622672  0.624294  
0.619981  0.61859  0.614417  0.607825  0.599108  0.588054  0.573605  0.553713  0.525596  0.486466  0.43485  0.372207  0.304343  0.241549  0.19653  0.180096  0.19653  0.241549  0.304343  0.372207  0.43485  0.486466  0.525596  0.553713  0.573605  0.588054  0.599108  0.607825  0.614417  0.61859  0.619981  
0.609351  0.607915  0.603607  0.596448  0.586293  0.572583  0.554165  0.529299  0.495932  0.452356  0.398182  0.335547  0.27008  0.210962  0.169195  0.154052  0.169195  0.210962  0.27008  0.335547  0.398182  0.452356  0.495932  0.529299  0.554165  0.572583  0.586293  0.596448  0.603607  0.607915  0.609351  
0.581343  0.579604  0.574384  0.565539  0.552751  0.535424  0.512648  0.483263  0.446131  0.40058  0.347086  0.288038  0.228424  0.175844  0.139222  0.126031  0.139222  0.175844  0.228424  0.288038  0.347086  0.40058  0.446131  0.483263  0.512648  0.535424  0.552751  0.565539  0.574384  0.579604  0.581343  
0.517714  0.515633  0.509391  0.498867  0.48384  0.463974  0.438826  0.407933  0.370975  0.328054  0.280072  0.22922  0.179426  0.136419  0.106841  0.0962502  0.106841  0.136419  0.179426  0.22922  0.280072  0.328054  0.370975  0.407933  0.438826  0.463974  0.48384  0.498867  0.509391  0.515633  0.517714  
0.399283  0.397237  0.391101  0.380871  0.366536  0.348079  0.325494  0.298824  0.268242  0.234177  0.19751  0.159854  0.123856  0.0932733  0.0724496  0.0650276  0.0724496  0.0932733  0.123856  0.159854  0.19751  0.234177  0.268242  0.298824  0.325494  0.348079  0.366536  0.380871  0.391101  0.397237  0.399283  
0.220168  0.218858  0.214926  0.208426  0.19944  0.188075  0.174469  0.158796  0.141291  0.122292  0.10232  0.082214  0.0632844  0.0473719  0.0366061  0.0327805  0.0366061  0.0473719  0.0632844  0.082214  0.10232  0.122292  0.141291  0.158796  0.174469  0.188075  0.19944  0.208426  0.214926  0.218858  0.220168  
0  0  0  0  0  0  0  0  0  0  0  0  0  0  0  0  0  0  0  0  0  0  0  0  0  0  0  0  0  0  0  
