1  1  1  1  1  1  1  1  1  1  1  1  1  1  1  1  1  1  1  1  1  1  1  1  1  1  1  1  1  1  1  
0.966093  0.962512  0.951766  0.935715  0.916543  0.89616  0.875888  0.856612  0.838833  0.822928  0.8091  0.797563  0.788421  0.781824  0.777814  0.776486  0.777814  0.781824  0.788421  0.797563  0.8091  0.822928  0.838833  0.856612  0.875888  0.89616  0.916543  0.935715  0.951766  0.962512  0.966093  
0.932711  0.92579  0.905026  0.874175  0.837737  0.799546  0.762357  0.72777  0.69674  0.669643  0.646719  0.627947  0.613391  0.602969  0.596743  0.594644  0.596743  0.602969  0.613391  0.627947  0.646719  0.669643  0.69674  0.72777  0.762357  0.799546  0.837737  0.874175  0.905026  0.92579  0.932711  
0.900356  0.890534  0.861068  0.817722  0.767312  0.715775  0.667083  0.623547  0.586012  0.554664  0.529094  0.508919  0.493607  0.482909  0.476526  0.474439  0.476526  0.482909  0.493607  0.508919  0.529094  0.554664  0.586012  0.623547  0.667083  0.715775  0.767312  0.817722  0.861068  0.890534  0.900356  
0.869444  0.857306  0.820892  0.767916  0.707618  0.647758  0.593524  0.547287  0.509625  0.479764  0.456644  0.438989  0.425975  0.41691  0.411586  0.409789  0.411586  0.41691  0.425975  0.438989  0.456644  0.479764  0.509625  0.547287  0.593524  0.647758  0.707618  0.767916  0.820892  0.857306  0.869444  
0.840339  0.82652  0.785063  0.72558  0.659368  0.595937  0.54099  0.496818  0.462938  0.437719  0.418971  0.405028  0.394616  0.387277  0.382788  0.381307  0.382788  0.387277  0.394616  0.405028  0.418971  0.437719  0.462938  0.496818  0.54099  0.595937  0.659368  0.72558  0.785063  0.82652  0.840339  
0.813265  0.79841  0.753843  0.690711  0.622162  0.558715  0.506434  0.466741  0.438256  0.418044  0.403381  0.392076  0.383152  0.376303  0.371941  0.370396  0.371941  0.376303  0.383152  0.392076  0.403381  0.418044  0.438256  0.466741  0.506434  0.558715  0.622162  0.690711  0.753843  0.79841  0.813265  
0.788399  0.773079  0.72712  0.662898  0.594674  0.53374  0.485725  0.451365  0.427954  0.411892  0.399765  0.389577  0.380483  0.372932  0.367758  0.365941  0.367758  0.372932  0.380483  0.389577  0.399765  0.411892  0.427954  0.451365  0.485725  0.53374  0.594674  0.662898  0.72712  0.773079  0.788399  
0.765769  0.750491  0.704657  0.641294  0.575424  0.518288  0.475195  0.445742  0.42655  0.41318  0.402235  0.391656  0.38125  0.371917  0.365371  0.362972  0.365371  0.371917  0.38125  0.391656  0.402235  0.41318  0.42655  0.445742  0.475195  0.518288  0.575424  0.641294  0.704657  0.750491  0.765769  
0.74539  0.730543  0.686003  0.625071  0.562735  0.510129  0.47171  0.446534  0.430358  0.418636  0.407682  0.395856  0.383205  0.371489  0.363018  0.359947  0.363018  0.371489  0.383205  0.395856  0.407682  0.418636  0.430358  0.446534  0.47171  0.510129  0.562735  0.625071  0.686003  0.730543  0.74539  
0.727156  0.713054  0.67075  0.613255  0.555292  0.50726  0.473191  0.451359  0.437408  0.42639  0.414839  0.401054  0.385682  0.370984  0.36029  0.356331  0.36029  0.370984  0.385682  0.401054  0.414839  0.42639  0.437408  0.451359  0.473191  0.50726  0.555292  0.613255  0.67075  0.713054  0.727156  
0.710984  0.697835  0.658388  0.605101  0.551807  0.50835  0.477991  0.458917  0.446389  0.435641  0.422949  0.406903  0.388294  0.370268  0.356941  0.35204  0.356941  0.370268  0.388294  0.406903  0.422949  0.435641  0.446389  0.458917  0.477991  0.50835  0.551807  0.605101  0.658388  0.697835  0.710984  
0.696702  0.684659  0.648529  0.599808  0.551422  0.512208  0.485188  0.468181  0.456708  0.445749  0.431735  0.413035  0.390931  0.369121  0.352932  0.3469  0.352932  0.369121  0.390931  0.413035  0.431735  0.445749  0.456708  0.468181  0.485188  0.512208  0.551422  0.599808  0.648529  0.684659  0.696702  
0.684193  0.673326  0.640726  0.596843  0.553267  0.518148  0.493928  0.478675  0.467776  0.456459  0.4408  0.419306  0.393318  0.367471  0.348079  0.340878  0.348079  0.367471  0.393318  0.419306  0.4408  0.456459  0.467776  0.478675  0.493928  0.518148  0.553267  0.596843  0.640726  0.673326  0.684193  
0.673269  0.66362  0.634674  0.595611  0.556836  0.525444  0.503804  0.489843  0.479361  0.467354  0.449966  0.425368  0.395322  0.365081  0.342326  0.333805  0.342326  0.365081  0.395322  0.425368  0.449966  0.467354  0.479361  0.489843  0.503804  0.525444  0.556835  0.595611  0.634674  0.66362  0.673269  
0.663811  0.655363  0.630018  0.595759  0.561532  0.533738  0.514281  0.501467  0.491044  0.478256  0.458838  0.431025  0.39661  0.361825  0.335474  0.32563  0.335474  0.361825  0.39661  0.431025  0.458838  0.478256  0.491044  0.501467  0.514281  0.533738  0.561532  0.595759  0.630018  0.655363  0.663811  
0.655644  0.648367  0.626538  0.596852  0.567053  0.542526  0.525142  0.513127  0.50266  0.488753  0.467187  0.435851  0.396958  0.357409  0.32743  0.316175  0.32743  0.357409  0.396958  0.435851  0.467187  0.488753  0.50266  0.513127  0.525142  0.542526  0.567053  0.596852  0.626538  0.648367  0.655644  
0.648662  0.642486  0.62396  0.598661  0.572963  0.551588  0.535963  0.52466  0.513795  0.498617  0.474532  0.439532  0.395935  0.351633  0.31797  0.305365  0.31797  0.351633  0.395935  0.439532  0.474532  0.498617  0.513795  0.52466  0.535963  0.551588  0.572963  0.598661  0.62396  0.642486  0.648662  
0.642712  0.637567  0.622131  0.600864  0.579068  0.560522  0.546572  0.53565  0.524227  0.507337  0.480497  0.4415  0.393185  0.344133  0.306963  0.293017  0.306963  0.344133  0.393185  0.4415  0.480497  0.507337  0.524227  0.53565  0.546572  0.560522  0.579068  0.600864  0.622131  0.637567  0.642712  
0.637705  0.633489  0.620843  0.603312  0.585028  0.569155  0.556555  0.545863  0.53342  0.514493  0.484392  0.441232  0.388134  0.334615  0.29416  0.27904  0.29416  0.334615  0.388134  0.441232  0.484392  0.514493  0.53342  0.545863  0.556555  0.569155  0.585028  0.603312  0.620843  0.633489  0.637705  
0.633509  0.630128  0.619986  0.605755  0.59069  0.577101  0.565658  0.554729  0.540888  0.51927  0.485518  0.4379  0.380238  0.322633  0.279397  0.263256  0.279397  0.322633  0.380238  0.4379  0.485518  0.51927  0.540888  0.554729  0.565658  0.577101  0.59069  0.605755  0.619986  0.630128  0.633509  
0.630036  0.627374  0.619385  0.608059  0.595713  0.584077  0.573263  0.561652  0.545648  0.520733  0.482736  0.430629  0.368729  0.307802  0.262423  0.245576  0.262423  0.307802  0.368729  0.430629  0.482736  0.520733  0.545648  0.561652  0.573263  0.584077  0.595713  0.608059  0.619385  0.627374  0.630036  
0.627111  0.625047  0.618856  0.609878  0.599732  0.589365  0.578568  0.565369  0.546392  0.5173  0.4747  0.41819  0.352851  0.289623  0.243072  0.225855  0.243072  0.289623  0.352851  0.41819  0.4747  0.5173  0.546392  0.565369  0.578568  0.589365  0.599732  0.609878  0.618856  0.625047  0.627111  
0.624296  0.622672  0.617802  0.610519  0.601686  0.591693  0.579769  0.563915  0.540819  0.506887  0.459487  0.399249  0.331671  0.267682  0.221139  0.204046  0.221139  0.267682  0.331671  0.399249  0.459487  0.506887  0.540819  0.563915  0.579769  0.591693  0.601686  0.610519  0.617802  0.622672  0.624296  
0.61998  0.618589  0.614418  0.607822  0.599113  0.588048  0.573611  0.553707  0.525602  0.48646  0.434855  0.372202  0.304347  0.241545  0.196532  0.180093  0.196532  0.241545  0.304347  0.372202  0.434855  0.48646  0.525602  0.553707  0.573611  0.588048  0.599113  0.607822  0.614418  0.618589  0.61998  
0.609352  0.607915  0.603605  0.596451  0.586289  0.572588  0.55416  0.529304  0.495926  0.452361  0.398178  0.335551  0.270077  0.210964  0.169193  0.154055  0.169193  0.210964  0.270077  0.335551  0.398178  0.452361  0.495926  0.529304  0.55416  0.572588  0.586289  0.596451  0.603605  0.607915  0.609352  
0.581343  0.579604  0.574386  0.565537  0.552754  0.535421  0.512652  0.483259  0.446135  0.400576  0.347089  0.288035  0.228427  0.175842  0.139224  0.12603  0.139224  0.175842  0.228427  0.288035  0.347089  0.400576  0.446135  0.483259  0.512652  0.535421  0.552754  0.565537  0.574386  0.579604  0.581343  
0.517714  0.515633  0.50939  0.498868  0.483838  0.463977  0.438823  0.407936  0.370972  0.328057  0.28007  0.229223  0.179424  0.136421  0.10684  0.0962514  0.10684  0.136421  0.179424  0.229223  0.28007  0.328057  0.370972  0.407936  0.438823  0.463977  0.483838  0.498868  0.50939  0.515633  0.517714  
0.399282  0.397237  0.391102  0.38087  0.366538  0.348078  0.325496  0.298822  0.268244  0.234175  0.197511  0.159852  0.123857  0.0932722  0.0724505  0.0650268  0.0724505  0.0932722  0.123857  0.159852  0.197511  0.234175  0.268244  0.298822  0.325496  0.348078  0.366538  0.38087  0.391102  0.397237  0.399282  
0.220169  0.218858  0.214926  0.208427  0.199439  0.188076  0.174468  0.158797  0.14129  0.122293  0.102319  0.0822148  0.0632837  0.0473724  0.0366056  0.0327809  0.0366056  0.0473724  0.0632837  0.0822148  0.102319  0.122293  0.14129  0.158797  0.174468  0.188076  0.199439  0.208427  0.214926  0.218858  0.220169  
0  0  0  0  0  0  0  0  0  0  0  0  0  0  0  0  0  0  0  0  0  0  0  0  0  0  0  0  0  0  0  
