1  1  1  1  1  1  1  1  1  1  1  1  1  1  1  1  1  1  1  1  1  1  1  1  1  1  1  1  1  1  1  
0.966095  0.962512  0.951764  0.935719  0.916537  0.896167  0.87588  0.856621  0.838823  0.822939  0.809088  0.797575  0.788409  0.781836  0.777802  0.776498  0.777802  0.781836  0.788409  0.797575  0.809088  0.822939  0.838823  0.856621  0.87588  0.896167  0.916537  0.935719  0.951764  0.962512  0.966095  
0.932708  0.925789  0.905031  0.874166  0.837749  0.799533  0.762373  0.727752  0.696759  0.669623  0.646739  0.627926  0.613413  0.602947  0.596765  0.594622  0.596765  0.602947  0.613413  0.627926  0.646739  0.669623  0.696759  0.727752  0.762373  0.799533  0.837749  0.874166  0.905031  0.925789  0.932708  
0.900361  0.890536  0.861061  0.817734  0.767295  0.715794  0.667061  0.623571  0.585986  0.55469  0.529067  0.508947  0.493579  0.482937  0.476499  0.474466  0.476499  0.482937  0.493579  0.508947  0.529067  0.55469  0.585986  0.623571  0.667061  0.715794  0.767295  0.817734  0.861061  0.890536  0.900361  
0.869438  0.857304  0.820902  0.7679  0.707639  0.647734  0.593552  0.547258  0.509655  0.479734  0.456674  0.438959  0.426005  0.416881  0.411616  0.40976  0.411616  0.416881  0.426005  0.438959  0.456674  0.479734  0.509655  0.547258  0.593552  0.647734  0.707639  0.767901  0.820902  0.857304  0.869438  
0.840346  0.826522  0.785052  0.725599  0.659344  0.595965  0.540959  0.49685  0.462905  0.437752  0.418939  0.405059  0.394586  0.387306  0.382759  0.381335  0.382759  0.387306  0.394586  0.405059  0.418939  0.437752  0.462905  0.49685  0.540959  0.595965  0.659344  0.725599  0.785052  0.826522  0.840346  
0.813257  0.798407  0.753856  0.69069  0.622189  0.558684  0.506468  0.466707  0.43829  0.418011  0.403413  0.392045  0.383182  0.376275  0.371969  0.370369  0.371969  0.376275  0.383182  0.392046  0.403413  0.418011  0.43829  0.466707  0.506468  0.558684  0.622189  0.69069  0.753856  0.798407  0.813257  
0.788408  0.773082  0.727106  0.662921  0.594646  0.533773  0.48569  0.451401  0.427919  0.411926  0.399732  0.389607  0.380455  0.37296  0.367732  0.365968  0.367732  0.372959  0.380455  0.389607  0.399732  0.411926  0.427919  0.451401  0.48569  0.533773  0.594646  0.662921  0.727106  0.773082  0.788408  
0.76576  0.750488  0.704671  0.64127  0.575454  0.518254  0.475231  0.445706  0.426586  0.413146  0.402267  0.391627  0.381278  0.371891  0.365397  0.362947  0.365397  0.371891  0.381278  0.391627  0.402267  0.413146  0.426586  0.445706  0.475231  0.518254  0.575454  0.64127  0.704671  0.750488  0.76576  
0.7454  0.730547  0.685987  0.625096  0.562704  0.510164  0.471673  0.446571  0.430322  0.41867  0.40765  0.395885  0.383178  0.371514  0.362994  0.35997  0.362994  0.371514  0.383178  0.395885  0.40765  0.41867  0.430322  0.446571  0.471673  0.510164  0.562704  0.625096  0.685987  0.730547  0.7454  
0.727146  0.713051  0.670766  0.61323  0.555324  0.507224  0.473228  0.451322  0.437445  0.426355  0.414871  0.401025  0.385709  0.370959  0.360313  0.356309  0.360313  0.370959  0.385709  0.401025  0.414871  0.426355  0.437445  0.451322  0.473228  0.507224  0.555324  0.61323  0.670766  0.713051  0.727146  
0.710993  0.697838  0.658372  0.605126  0.551775  0.508386  0.477953  0.458955  0.446352  0.435676  0.422917  0.406932  0.388268  0.370291  0.35692  0.352061  0.35692  0.370291  0.388268  0.406932  0.422917  0.435676  0.446352  0.458955  0.477953  0.508386  0.551775  0.605126  0.658372  0.697838  0.710993  
0.696693  0.684656  0.648545  0.599783  0.551454  0.512171  0.485226  0.468143  0.456745  0.445714  0.431767  0.413007  0.390956  0.369098  0.352952  0.34688  0.352952  0.369098  0.390956  0.413007  0.431767  0.445714  0.456745  0.468143  0.485226  0.512171  0.551454  0.599783  0.648545  0.684656  0.696693  
0.684202  0.673329  0.64071  0.596868  0.553235  0.518184  0.49389  0.478714  0.467739  0.456494  0.440768  0.419334  0.393294  0.367493  0.348059  0.340897  0.348059  0.367493  0.393294  0.419334  0.440768  0.456494  0.467739  0.478714  0.49389  0.518184  0.553235  0.596868  0.64071  0.673329  0.684202  
0.67326  0.663617  0.634689  0.595586  0.556867  0.525409  0.503842  0.489805  0.479398  0.467319  0.449997  0.425341  0.395346  0.36506  0.342344  0.333787  0.342344  0.36506  0.395346  0.425341  0.449997  0.46732  0.479398  0.489805  0.503842  0.525409  0.556867  0.595586  0.634689  0.663617  0.67326  
0.663819  0.655365  0.630004  0.595783  0.561501  0.533773  0.514244  0.501505  0.491008  0.47829  0.458807  0.431052  0.396587  0.361844  0.335456  0.325646  0.335456  0.361844  0.396587  0.431052  0.458807  0.47829  0.491008  0.501505  0.514244  0.533773  0.561501  0.595783  0.630004  0.655365  0.663819  
0.655636  0.648365  0.626551  0.596829  0.567082  0.542492  0.525178  0.51309  0.502695  0.48872  0.467217  0.435825  0.39698  0.35739  0.327446  0.316159  0.327446  0.35739  0.39698  0.435825  0.467217  0.48872  0.502695  0.51309  0.525178  0.542492  0.567082  0.596829  0.626551  0.648365  0.655636  
0.648669  0.642489  0.623947  0.598683  0.572935  0.55162  0.535928  0.524695  0.513761  0.498649  0.474503  0.439557  0.395914  0.351651  0.317955  0.305379  0.317955  0.351651  0.395914  0.439557  0.474503  0.498649  0.513761  0.524695  0.535928  0.55162  0.572935  0.598683  0.623947  0.642489  0.648669  
0.642705  0.637565  0.622142  0.600844  0.579095  0.560491  0.546605  0.535616  0.52426  0.507306  0.480524  0.441476  0.393205  0.344117  0.306977  0.293004  0.306977  0.344117  0.393205  0.441476  0.480524  0.507307  0.52426  0.535616  0.546605  0.560491  0.579095  0.600844  0.622142  0.637565  0.642705  
0.637711  0.633491  0.620832  0.60333  0.585004  0.569184  0.556524  0.545895  0.533389  0.514522  0.484366  0.441254  0.388115  0.33463  0.294147  0.279053  0.294147  0.33463  0.388115  0.441254  0.484366  0.514522  0.533389  0.545895  0.556524  0.569184  0.585004  0.60333  0.620832  0.633491  0.637711  
0.633503  0.630127  0.619996  0.605738  0.590712  0.577074  0.565686  0.554699  0.540917  0.519243  0.485542  0.437879  0.380255  0.322619  0.279409  0.263245  0.279409  0.322619  0.380255  0.437879  0.485542  0.519243  0.540917  0.554699  0.565686  0.577074  0.590712  0.605738  0.619996  0.630127  0.633503  
0.630041  0.627375  0.619377  0.608073  0.595693  0.584101  0.573237  0.561679  0.545621  0.520758  0.482713  0.430648  0.368714  0.307815  0.262413  0.245586  0.262413  0.307815  0.368714  0.430648  0.482713  0.520758  0.545621  0.561679  0.573237  0.584101  0.595693  0.608073  0.619377  0.627375  0.630041  
0.627107  0.625046  0.618863  0.609865  0.59975  0.589344  0.578591  0.565345  0.546416  0.517278  0.47472  0.418173  0.352865  0.289611  0.243082  0.225846  0.243082  0.289612  0.352865  0.418173  0.47472  0.517278  0.546416  0.565345  0.578591  0.589344  0.59975  0.609866  0.618863  0.625046  0.627107  
0.624299  0.622673  0.617796  0.61053  0.601671  0.591712  0.579749  0.563935  0.540798  0.506907  0.459469  0.399264  0.331659  0.267692  0.221131  0.204054  0.221131  0.267692  0.331659  0.399264  0.459469  0.506907  0.540798  0.563935  0.579749  0.591711  0.601671  0.61053  0.617796  0.622673  0.624299  
0.619977  0.618588  0.614423  0.607813  0.599125  0.588033  0.573628  0.553689  0.52562  0.486443  0.43487  0.37219  0.304358  0.241537  0.196539  0.180087  0.196539  0.241537  0.304358  0.37219  0.43487  0.486443  0.52562  0.553689  0.573628  0.588033  0.599125  0.607813  0.614423  0.618588  0.619977  
0.609354  0.607916  0.603601  0.596458  0.586279  0.5726  0.554146  0.529318  0.495912  0.452374  0.398165  0.335562  0.270068  0.210972  0.169187  0.15406  0.169187  0.210972  0.270068  0.335562  0.398165  0.452374  0.495912  0.529318  0.554146  0.5726  0.586279  0.596458  0.603601  0.607916  0.609354  
0.581341  0.579603  0.574388  0.565532  0.552761  0.535411  0.512662  0.483248  0.446146  0.400565  0.347099  0.288026  0.228434  0.175836  0.139228  0.126025  0.139228  0.175836  0.228434  0.288026  0.347099  0.400565  0.446146  0.483248  0.512662  0.535411  0.552761  0.565532  0.574388  0.579603  0.581341  
0.517715  0.515633  0.509388  0.498872  0.483833  0.463983  0.438815  0.407944  0.370964  0.328065  0.280062  0.229229  0.179419  0.136425  0.106836  0.0962546  0.106836  0.136425  0.179419  0.229229  0.280062  0.328065  0.370964  0.407944  0.438815  0.463983  0.483833  0.498872  0.509388  0.515633  0.517715  
0.399282  0.397237  0.391103  0.380868  0.366541  0.348073  0.325501  0.298817  0.26825  0.234169  0.197516  0.159848  0.123861  0.0932694  0.0724528  0.0650246  0.0724528  0.0932694  0.123861  0.159848  0.197516  0.234169  0.26825  0.298817  0.325501  0.348073  0.366541  0.380868  0.391103  0.397237  0.399282  
0.220169  0.218858  0.214925  0.208428  0.199438  0.188078  0.174465  0.1588  0.141288  0.122296  0.102316  0.0822169  0.063282  0.0473738  0.0366044  0.032782  0.0366044  0.0473738  0.063282  0.0822169  0.102316  0.122296  0.141288  0.1588  0.174466  0.188078  0.199438  0.208428  0.214925  0.218858  0.220169  
0  0  0  0  0  0  0  0  0  0  0  0  0  0  0  0  0  0  0  0  0  0  0  0  0  0  0  0  0  0  0  
