1  1  1  1  1  1  1  1  1  1  1  1  1  1  1  1  1  1  1  1  1  1  1  1  1  1  1  1  1  1  1  
0.979828  0.967546  0.930699  0.970524  0.869814  0.953304  0.809679  0.930598  0.75831  0.908812  0.71894  0.891016  0.692549  0.879342  0.679344  0.875268  0.679344  0.879341  0.69255  0.891015  0.718941  0.908811  0.758311  0.930596  0.809681  0.953303  0.869815  0.970523  0.930699  0.967546  0.979828  
0.905805  0.915929  0.946302  0.806175  0.928549  0.689296  0.888946  0.587785  0.847357  0.510896  0.811428  0.459064  0.785037  0.429627  0.770986  0.420122  0.770985  0.429628  0.785036  0.459066  0.811426  0.510898  0.847354  0.587787  0.888943  0.689299  0.928547  0.806177  0.946301  0.91593  0.905806  
0.939374  0.904828  0.801189  0.915941  0.637167  0.872064  0.490043  0.816293  0.382117  0.765818  0.313771  0.726169  0.275856  0.700452  0.259344  0.691459  0.259345  0.700451  0.275858  0.726166  0.313775  0.765814  0.38212  0.81629  0.490047  0.872061  0.63717  0.915939  0.80119  0.904828  0.939373  
0.819744  0.839113  0.897219  0.643359  0.871118  0.453959  0.809564  0.316344  0.74915  0.236706  0.69959  0.198404  0.663225  0.182883  0.643331  0.178865  0.64333  0.182885  0.663222  0.198408  0.699586  0.236711  0.749145  0.316349  0.809559  0.453963  0.871114  0.643362  0.897217  0.839113  0.819745  
0.89906  0.847987  0.694769  0.872169  0.468821  0.818765  0.296628  0.753279  0.202095  0.697188  0.164649  0.652283  0.154721  0.620868  0.153414  0.6092  0.153415  0.620865  0.154725  0.652279  0.164654  0.697182  0.202101  0.753273  0.296634  0.81876  0.468826  0.872166  0.694771  0.847987  0.899058  
0.747276  0.774335  0.855511  0.526402  0.833815  0.314276  0.770542  0.194033  0.710958  0.151382  0.660375  0.146248  0.618152  0.150262  0.592092  0.152299  0.59209  0.150265  0.618148  0.146253  0.660369  0.151389  0.710951  0.194041  0.770535  0.314282  0.833809  0.526407  0.855508  0.774335  0.747277  
0.859923  0.799098  0.616622  0.840886  0.36711  0.793852  0.20805  0.734421  0.148594  0.681466  0.143442  0.631437  0.152329  0.589852  0.158203  0.572931  0.158204  0.589849  0.152334  0.631431  0.143449  0.681459  0.148602  0.734413  0.208057  0.793845  0.367116  0.840882  0.616625  0.799097  0.859921  
0.690349  0.723161  0.821597  0.453253  0.814556  0.247016  0.762286  0.155717  0.710176  0.142106  0.657282  0.153804  0.60285  0.16367  0.564836  0.166572  0.564835  0.163673  0.602845  0.15381  0.657274  0.142115  0.710167  0.155726  0.762277  0.247024  0.814549  0.453258  0.821594  0.723162  0.690351  
0.823205  0.758604  0.564798  0.81998  0.315609  0.789171  0.177959  0.74166  0.143424  0.691015  0.153576  0.63033  0.167412  0.571824  0.172907  0.546479  0.172909  0.57182  0.167417  0.630323  0.153585  0.691006  0.143434  0.74165  0.177969  0.789162  0.315616  0.819975  0.564801  0.758603  0.823203  
0.64829  0.684783  0.794263  0.414261  0.807432  0.223091  0.771636  0.15231  0.727182  0.152653  0.668373  0.169438  0.596231  0.178011  0.541573  0.179151  0.541571  0.178015  0.596226  0.169446  0.668364  0.152663  0.727172  0.152321  0.771626  0.2231  0.807424  0.414267  0.794259  0.684784  0.648292  
0.78971  0.725861  0.534315  0.80572  0.297227  0.795417  0.176493  0.760865  0.154293  0.71057  0.169935  0.635838  0.182742  0.556162  0.184187  0.52017  0.18419  0.556158  0.182748  0.63583  0.169945  0.71056  0.154304  0.760854  0.176503  0.795408  0.297235  0.805714  0.534318  0.72586  0.789708  
0.619158  0.65727  0.771606  0.399776  0.806106  0.224314  0.788107  0.164524  0.750293  0.170195  0.683863  0.186977  0.591433  0.190246  0.517288  0.187662  0.517286  0.19025  0.591426  0.186986  0.683854  0.170206  0.750282  0.164536  0.788096  0.224324  0.806098  0.399782  0.771603  0.657271  0.61916  
0.759646  0.699745  0.52004  0.794256  0.300698  0.804781  0.191394  0.782529  0.173955  0.731616  0.190345  0.641941  0.198178  0.539214  0.192102  0.491284  0.192104  0.539209  0.198184  0.641932  0.190355  0.731605  0.173967  0.782517  0.191406  0.804771  0.300706  0.794249  0.520044  0.699744  0.759644  
0.600698  0.638452  0.751713  0.402724  0.805101  0.24227  0.80388  0.18769  0.77172  0.194057  0.697569  0.207011  0.584575  0.20072  0.48986  0.192225  0.489858  0.200724  0.584568  0.20702  0.697559  0.194068  0.771708  0.187702  0.803869  0.242281  0.805092  0.40273  0.751709  0.638452  0.6007  
0.732819  0.679053  0.517756  0.782314  0.319767  0.8111  0.219025  0.799641  0.202263  0.747833  0.215604  0.643991  0.213948  0.518456  0.196493  0.458354  0.196495  0.518452  0.213955  0.643983  0.215614  0.747821  0.202275  0.79963  0.219036  0.81109  0.319776  0.782307  0.517759  0.679052  0.732816  
0.59078  0.626337  0.733009  0.418348  0.800106  0.273474  0.812954  0.221547  0.785392  0.225089  0.704259  0.229593  0.572194  0.208927  0.457714  0.192351  0.457712  0.208932  0.572188  0.229601  0.704249  0.2251  0.78538  0.221558  0.812943  0.273485  0.800098  0.418355  0.733005  0.626338  0.590782  
0.708897  0.662717  0.524179  0.767493  0.350821  0.809725  0.258422  0.806774  0.239851  0.753932  0.245615  0.637619  0.229048  0.4915  0.196538  0.420241  0.19654  0.491496  0.229054  0.637611  0.245625  0.753921  0.239863  0.806763  0.258433  0.809715  0.350829  0.767487  0.524183  0.662717  0.708895  
0.587495  0.619232  0.714442  0.443206  0.788156  0.315932  0.810909  0.266026  0.786482  0.262952  0.699154  0.253124  0.550753  0.213364  0.419386  0.187131  0.419384  0.213368  0.550747  0.253131  0.699145  0.262962  0.786471  0.266037  0.810898  0.315941  0.788148  0.443212  0.714438  0.619232  0.587497  
0.68761  0.64987  0.536651  0.748451  0.391014  0.79763  0.308346  0.799951  0.285786  0.745343  0.278113  0.618354  0.240853  0.455811  0.190889  0.37591  0.190891  0.455807  0.240859  0.618346  0.278122  0.745333  0.285796  0.799941  0.308356  0.797621  0.391021  0.748446  0.536655  0.64987  0.687608  
0.589112  0.615723  0.695554  0.47428  0.767816  0.36713  0.794966  0.319097  0.77108  0.304461  0.677386  0.273511  0.516311  0.211455  0.373391  0.175415  0.373389  0.211458  0.516305  0.273518  0.677378  0.30447  0.771071  0.319106  0.794956  0.367138  0.767809  0.474285  0.695551  0.615723  0.589114  
0.668832  0.63982  0.552784  0.724972  0.436996  0.773462  0.36533  0.776193  0.335455  0.717225  0.307126  0.580943  0.244699  0.408566  0.177805  0.324398  0.177806  0.408562  0.244704  0.580937  0.307134  0.717217  0.335464  0.776184  0.365338  0.773455  0.437002  0.724967  0.552787  0.639819  0.66883  
0.593905  0.61451  0.676326  0.508122  0.738907  0.42221  0.763109  0.374108  0.734439  0.341045  0.632485  0.283094  0.464128  0.199605  0.318249  0.156023  0.318247  0.199609  0.464123  0.2831  0.632479  0.341052  0.734431  0.374116  0.763101  0.422217  0.738902  0.508126  0.676324  0.614511  0.593907  
0.652034  0.631382  0.569428  0.696878  0.482705  0.735538  0.420036  0.730301  0.376518  0.661445  0.320739  0.518226  0.233713  0.346696  0.15544  0.264933  0.155441  0.346693  0.233717  0.518221  0.320745  0.661439  0.376525  0.730294  0.420043  0.735532  0.48271  0.696875  0.56943  0.631382  0.652033  
0.597474  0.611591  0.653943  0.536705  0.697803  0.467924  0.707841  0.413078  0.665198  0.354527  0.553755  0.269974  0.388579  0.173715  0.252747  0.128093  0.252746  0.173717  0.388576  0.269979  0.553749  0.354533  0.665192  0.413084  0.707836  0.467929  0.697799  0.536707  0.653941  0.611591  0.597475  
0.626971  0.613345  0.572467  0.652901  0.507388  0.669304  0.445346  0.644052  0.381319  0.561289  0.299534  0.420668  0.199824  0.267504  0.122443  0.197237  0.122444  0.267502  0.199827  0.420664  0.299539  0.561284  0.381324  0.644047  0.445351  0.6693  0.507392  0.652898  0.572468  0.613345  0.626971  
0.568167  0.575575  0.597799  0.522788  0.612935  0.461109  0.596873  0.393806  0.536093  0.314536  0.42543  0.220156  0.284583  0.13064  0.176543  0.0915931  0.176542  0.130641  0.284581  0.220159  0.425427  0.31454  0.536089  0.39381  0.59687  0.461112  0.612932  0.52279  0.597798  0.575575  0.568168  
0.526951  0.518438  0.4929  0.529174  0.440876  0.517414  0.377808  0.473219  0.30486  0.391695  0.221809  0.279915  0.13738  0.170285  0.0789058  0.122009  0.0789064  0.170284  0.137381  0.279913  0.221812  0.391692  0.304863  0.473216  0.37781  0.517412  0.440878  0.529173  0.492901  0.518438  0.52695  
0.39348  0.395484  0.401497  0.361659  0.393938  0.313772  0.36493  0.25635  0.311525  0.192279  0.236049  0.126198  0.151834  0.0707223  0.0910431  0.0478902  0.0910427  0.0707232  0.151833  0.1262  0.236048  0.192281  0.311523  0.256352  0.364928  0.313774  0.393937  0.361659  0.401496  0.395484  0.393481  
0.222951  0.219696  0.209929  0.217697  0.18616  0.20478  0.155175  0.179675  0.119922  0.143058  0.0831554  0.0989912  0.0493156  0.0586377  0.027319  0.0413381  0.0273192  0.0586373  0.0493162  0.0989904  0.0831562  0.143057  0.119923  0.179674  0.155176  0.204779  0.18616  0.217697  0.209929  0.219696  0.222951  
0  0  0  0  0  0  0  0  0  0  0  0  0  0  0  0  0  0  0  0  0  0  0  0  0  0  0  0  0  0  0  
