1  1  1  1  1  1  1  1  1  1  1  1  1  1  1  1  1  1  1  1  1  1  1  1  1  1  1  1  1  1  1  
1.07409  1.0021  0.786116  1.20941  0.549127  1.34547  0.355302  1.43835  0.205699  1.49822  0.100195  1.53236  0.0345982  1.54859  0.00355901  1.55319  0.00356013  1.54859  0.0346013  1.53236  0.1002  1.49821  0.205705  1.43834  0.355307  1.34547  0.549131  1.20941  0.786117  1.0021  1.07409  
0.721155  0.848259  1.22957  0.339511  1.55177  -0.0673263  1.7577  -0.372901  1.88101  -0.578552  1.9418  -0.699944  1.96301  -0.759985  1.96678  -0.777592  1.96678  -0.75998  1.963  -0.699937  1.94179  -0.578542  1.881  -0.37289  1.75769  -0.0673169  1.55176  0.339517  1.22957  0.84826  0.721157  
1.20715  1.00293  0.39025  1.59  -0.255987  1.94464  -0.724945  2.13907  -1.01717  2.21492  -1.16394  2.2171  -1.21852  2.19341  -1.23113  2.18083  -1.23113  2.1934  -1.21852  2.21709  -1.16393  2.21491  -1.01716  2.13906  -0.72493  1.94463  -0.255975  1.58999  0.390256  1.00292  1.20715  
0.478664  0.714256  1.42103  -0.211446  1.99318  -0.876046  2.29219  -1.26857  2.39296  -1.43135  2.36688  -1.45268  2.29142  -1.4232  2.23375  -1.40593  2.23375  -1.42319  2.29141  -1.45266  2.36686  -1.43133  2.39294  -1.26855  2.29217  -0.876028  1.99316  -0.211434  1.42102  0.714258  0.478669  
1.30205  0.995312  0.0751024  1.87818  -0.838861  2.34798  -1.38037  2.51332  -1.58802  2.47786  -1.58071  2.34915  -1.49162  2.22395  -1.42074  2.17319  -1.42073  2.22394  -1.49161  2.34913  -1.58069  2.47784  -1.58799  2.51329  -1.38035  2.34796  -0.838841  1.87816  0.0751114  0.99531  1.30204  
0.294404  0.609111  1.55323  -0.601209  2.28634  -1.36325  2.58305  -1.67749  2.58245  -1.67866  2.42407  -1.54082  2.2309  -1.40101  2.10294  -1.34446  2.10293  -1.401  2.23088  -1.5408  2.42404  -1.67863  2.58242  -1.67746  2.58302  -1.36323  2.28632  -0.601192  1.55322  0.609114  0.294411  
1.35078  0.977659  -0.141701  2.06238  -1.19461  2.57894  -1.69757  2.67697  -1.76859  2.53149  -1.61564  2.29127  -1.41344  2.07853  -1.27993  1.99347  -1.27993  2.07852  -1.41342  2.29124  -1.61561  2.53146  -1.76856  2.67693  -1.69754  2.57891  -1.19458  2.06236  -0.141689  0.977656  1.35077  
0.172757  0.535602  1.62414  -0.837227  2.45566  -1.61466  2.73252  -1.83466  2.65663  -1.71821  2.40761  -1.47852  2.12364  -1.26549  1.93372  -1.18128  1.93372  -1.26547  2.12362  -1.4785  2.40758  -1.71817  2.65659  -1.83462  2.73249  -1.61463  2.45564  -0.837205  1.62412  0.535605  0.172766  
1.35723  0.951175  -0.267003  2.1576  -1.38036  2.70417  -1.83798  2.76703  -1.82573  2.56029  -1.59029  2.23947  -1.31353  1.94668  -1.13179  1.82662  -1.13178  1.94666  -1.3135  2.23944  -1.59026  2.56025  -1.82569  2.76699  -1.83794  2.70413  -1.38033  2.15757  -0.266988  0.951172  1.35722  
0.107055  0.490765  1.6419  -0.951382  2.53781  -1.72709  2.81979  -1.89999  2.71583  -1.72593  2.40831  -1.42009  2.04118  -1.14632  1.78568  -1.0368  1.78567  -1.1463  2.04116  -1.42005  2.40827  -1.72589  2.71578  -1.89995  2.81975  -1.72705  2.53777  -0.951357  1.64188  0.490768  0.107064  
1.32999  0.918201  -0.317173  2.18252  -1.44989  2.76549  -1.89261  2.83306  -1.85029  2.59734  -1.56643  2.20697  -1.22791  1.83191  -1.00139  1.67402  -1.00138  1.83189  -1.22789  2.20693  -1.56639  2.5973  -1.85024  2.83301  -1.89257  2.76545  -1.44986  2.18249  -0.317157  0.918198  1.32998  
0.0869855  0.469303  1.61625  -0.972999  2.55395  -1.75143  2.86697  -1.91939  2.76509  -1.72086  2.41416  -1.3644  1.96743  -1.03733  1.64524  -0.905155  1.64523  -1.03731  1.9674  -1.36437  2.41411  -1.72081  2.76505  -1.91935  2.86692  -1.75138  2.55391  -0.972972  1.61624  0.469306  0.0869954  
1.27746  0.881049  -0.308194  2.14905  -1.43262  2.77187  -1.88482  2.8678  -1.84246  2.61995  -1.52846  2.16983  -1.14103  1.71784  -0.878331  1.5235  -0.878321  1.71782  -1.141  2.16979  -1.52842  2.6199  -1.84241  2.86775  -1.88477  2.77183  -1.43259  2.14902  -0.308178  0.881046  1.27745  
0.102658  0.465724  1.55492  -0.921012  2.50888  -1.70108  2.86322  -1.88591  2.7781  -1.68151  2.39681  -1.29152  1.88337  -0.927254  1.50236  -0.779414  1.50235  -0.927235  1.88334  -1.29148  2.39676  -1.68147  2.77805  -1.88586  2.86318  -1.70104  2.50885  -0.920985  1.55491  0.465727  0.102668  
1.2064  0.841635  -0.252672  2.06259  -1.3394  2.71457  -1.80725  2.84593  -1.77956  2.59787  -1.45365  2.10553  -1.03962  1.59338  -0.757304  1.36922  -0.757294  1.59336  -1.03959  2.10549  -1.4536  2.59782  -1.77951  2.84588  -1.8072  2.71452  -1.33937  2.06256  -0.252656  0.841632  1.20639  
0.145635  0.47515  1.46369  -0.806676  2.39949  -1.57296  2.78813  -1.7795  2.72571  -1.58437  2.33122  -1.1859  1.7748  -0.810066  1.35183  -0.657432  1.35182  -0.810047  1.77477  -1.18587  2.33117  -1.58432  2.72566  -1.77945  2.78809  -1.57291  2.39946  -0.80665  1.46368  0.475153  0.145644  
1.12228  0.80156  -0.160591  1.92614  -1.17369  2.58126  -1.64627  2.74285  -1.64015  2.50609  -1.32538  1.99704  -0.916255  1.45137  -0.636824  1.20861  -0.636814  1.45135  -0.916228  1.997  -1.32534  2.50604  -1.64011  2.7428  -1.64623  2.58122  -1.17365  1.92611  -0.160577  0.801557  1.12227  
0.208554  0.493402  1.34795  -0.638763  2.22307  -1.36263  2.62498  -1.58434  2.58627  -1.4142  2.19974  -1.03966  1.6321  -0.684074  1.19093  -0.53955  1.19092  -0.684057  1.63208  -1.03962  2.1997  -1.41416  2.58622  -1.58429  2.62494  -1.36259  2.22304  -0.638739  1.34793  0.493405  0.208562  
1.03009  0.762288  -0.0411338  1.74451  -0.94046  2.36559  -1.39505  2.54369  -1.41366  2.32961  -1.13753  1.83389  -0.769899  1.28755  -0.517835  1.04071  -0.517826  1.28754  -0.769875  1.83386  -1.13749  2.32956  -1.41362  2.54365  -1.39501  2.36556  -0.940428  1.74449  -0.0411208  0.762285  1.03009  
0.284427  0.516859  1.21416  -0.427999  1.98339  -1.07385  2.36865  -1.29799  2.35083  -1.16971  1.99412  -0.854645  1.45014  -0.551533  1.01845  -0.427426  1.01844  -0.551518  1.45012  -0.854616  1.99409  -1.16968  2.35079  -1.29795  2.36861  -1.07381  1.98336  -0.427978  1.21414  0.516861  0.284434  
0.935073  0.725235  0.095722  1.52732  -0.652237  2.07316  -1.06166  2.24853  -1.10704  2.0657  -0.898036  1.61251  -0.606493  1.10008  -0.402914  0.865344  -0.402907  1.10007  -0.606472  1.61248  -0.898004  2.06566  -1.107  2.24849  -1.06163  2.07313  -0.65221  1.5273  0.0957327  0.725233  0.935067  
0.366024  0.5422  1.07073  -0.190209  1.69403  -0.724931  2.02956  -0.938463  2.02496  -0.868547  1.71532  -0.644031  1.22779  -0.418162  0.83417  -0.32322  0.834163  -0.418149  1.22777  -0.644007  1.71529  -0.868516  2.02492  -0.938429  2.02953  -0.724903  1.69401  -0.190192  1.07072  0.542202  0.36603  
0.842394  0.691158  0.23745  1.28954  -0.333829  1.72271  -0.676166  1.87217  -0.751035  1.72214  -0.631454  1.33473  -0.438547  0.88895  -0.295438  0.682785  -0.295432  0.888938  -0.43853  1.33471  -0.631428  1.72211  -0.751005  1.87214  -0.676139  1.72268  -0.333809  1.28953  0.237458  0.691157  0.84239  
0.443021  0.563563  0.925189  0.048643  1.37509  -0.356453  1.62903  -0.552023  1.62321  -0.550895  1.36973  -0.43159  0.96664  -0.291788  0.638538  -0.228778  0.638532  -0.291777  0.966626  -0.431571  1.36971  -0.550871  1.62318  -0.551998  1.62901  -0.356432  1.37507  0.048655  0.925182  0.563564  0.443024  
0.747889  0.650611  0.358775  1.0403  -0.034087  1.33304  -0.301413  1.43153  -0.4052  1.30883  -0.377427  1.0048  -0.282305  0.655517  -0.198385  0.493594  -0.198381  0.655509  -0.282293  1.00478  -0.377409  1.30881  -0.40518  1.43151  -0.301394  1.33302  -0.0340734  1.04029  0.35878  0.65061  0.747886  
0.477746  0.547929  0.758477  0.229414  1.02594  -0.0488697  1.17486  -0.22009  1.15345  -0.275936  0.963062  -0.245679  0.669973  -0.17957  0.432655  -0.144739  0.432652  -0.179564  0.669963  -0.245666  0.963048  -0.27592  1.15343  -0.220074  1.17485  -0.0488566  1.02593  0.229421  0.758473  0.54793  0.477749  
0.59034  0.537689  0.379735  0.737159  0.14604  0.884139  -0.0409253  0.92124  -0.148848  0.828423  -0.178016  0.627802  -0.151162  0.402684  -0.112797  0.29878  -0.112795  0.402679  -0.151155  0.627793  -0.178005  0.828411  -0.148836  0.921228  -0.0409144  0.88413  0.146048  0.737153  0.379738  0.537689  0.590339  
0.353663  0.383456  0.472835  0.229816  0.581982  0.0783435  0.635556  -0.0351226  0.608545  -0.0952361  0.500525  -0.10476  0.343829  -0.0840318  0.21864  -0.0697148  0.218639  -0.0840284  0.343824  -0.104753  0.500518  -0.0952283  0.608537  -0.0351149  0.635548  0.0783496  0.581978  0.229819  0.472833  0.383456  0.353664  
0.242048  0.225445  0.175637  0.281319  0.0950245  0.319414  0.0227703  0.322949  -0.0267203  0.285563  -0.0483583  0.214123  -0.046544  0.135949  -0.0364131  0.100065  -0.0364123  0.135947  -0.0465416  0.21412  -0.0483547  0.285559  -0.0267164  0.322945  0.0227738  0.319411  0.0950269  0.281317  0.175638  0.225445  0.242047  
0  0  0  0  0  0  0  0  0  0  0  0  0  0  0  0  0  0  0  0  0  0  0  0  0  0  0  0  0  0  0  
