1  1  1  1  1  1  1  1  1  1  1  1  1  1  1  1  1  1  1  1  1  1  1  1  1  1  1  1  1  1  1  
0.962742  0.955777  0.934883  0.906346  0.875539  0.845309  0.816804  0.790519  0.76674  0.745673  0.727487  0.712334  0.700357  0.691688  0.686436  0.684677  0.686436  0.691688  0.700357  0.712334  0.727487  0.745673  0.76674  0.790519  0.816804  0.845309  0.875539  0.906346  0.934883  0.955777  0.962742  
0.926162  0.912855  0.872936  0.819283  0.763034  0.710144  0.662854  0.621737  0.586685  0.557305  0.533127  0.513733  0.498822  0.488221  0.481865  0.479745  0.481865  0.488221  0.498822  0.513733  0.533127  0.557305  0.586685  0.621737  0.662854  0.710144  0.763034  0.819283  0.872936  0.912855  0.926162  
0.890896  0.872344  0.816689  0.743686  0.67052  0.606195  0.553429  0.511813  0.479678  0.455035  0.436095  0.421518  0.410476  0.402595  0.397815  0.396207  0.397815  0.402595  0.410476  0.421518  0.436095  0.455035  0.479678  0.511813  0.553429  0.606195  0.67052  0.743686  0.816689  0.872344  0.890896  
0.857496  0.835039  0.76767  0.681884  0.600582  0.535023  0.487121  0.454139  0.431907  0.416518  0.405069  0.395816  0.38806  0.381886  0.377809  0.376374  0.377809  0.381886  0.38806  0.395816  0.405069  0.416518  0.431907  0.454139  0.487121  0.535023  0.600582  0.681884  0.76767  0.835039  0.857496  
0.826386  0.801388  0.726396  0.633893  0.551452  0.491256  0.453088  0.431079  0.418548  0.41028  0.403078  0.395536  0.387646  0.380375  0.375154  0.373247  0.375154  0.380375  0.387646  0.395536  0.403078  0.41028  0.418548  0.431079  0.453088  0.491256  0.551452  0.633893  0.726396  0.801388  0.826386  
0.797839  0.771531  0.692607  0.59824  0.519184  0.467242  0.439363  0.426706  0.420905  0.41638  0.410286  0.401813  0.391657  0.381653  0.374218  0.37146  0.374218  0.381653  0.391657  0.401813  0.410286  0.41638  0.420905  0.426706  0.439363  0.467242  0.519184  0.59824  0.692607  0.771531  0.797839  
0.771979  0.745378  0.665576  0.572816  0.499473  0.456114  0.436959  0.43104  0.429312  0.426458  0.420093  0.409775  0.396622  0.383199  0.373001  0.369174  0.373001  0.383199  0.396622  0.409775  0.420093  0.426458  0.429312  0.43104  0.436959  0.456114  0.499473  0.572816  0.665576  0.745378  0.771979  
0.748801  0.722694  0.644371  0.555463  0.488611  0.452836  0.440289  0.4389  0.439652  0.437657  0.430754  0.4185  0.402133  0.384874  0.371461  0.366369  0.371461  0.384874  0.402133  0.4185  0.430754  0.437657  0.439652  0.4389  0.440289  0.452836  0.488611  0.555463  0.644371  0.722694  0.748801  
0.728204  0.703161  0.628033  0.544279  0.483774  0.454098  0.446211  0.447791  0.450209  0.448897  0.441628  0.427634  0.408023  0.386601  0.369548  0.362995  0.369548  0.386601  0.408023  0.427634  0.441628  0.448897  0.450209  0.447791  0.446211  0.454098  0.483774  0.544279  0.628033  0.703161  0.728204  
0.710024  0.686436  0.615671  0.537717  0.482956  0.45786  0.45304  0.456521  0.460178  0.459612  0.452299  0.436891  0.414124  0.388292  0.367205  0.358998  0.367205  0.388292  0.414124  0.436891  0.452299  0.459612  0.460178  0.456521  0.45304  0.45786  0.482956  0.537717  0.615671  0.686436  0.710024  
0.69406  0.672173  0.606513  0.534582  0.484802  0.462932  0.459921  0.46453  0.469158  0.469458  0.462459  0.446024  0.420265  0.389844  0.364362  0.354319  0.364362  0.389844  0.420265  0.446024  0.462459  0.469458  0.469158  0.46453  0.459921  0.462932  0.484802  0.534582  0.606513  0.672173  0.69406  
0.680099  0.660051  0.599908  0.533974  0.488429  0.468669  0.466485  0.471618  0.476999  0.478267  0.471912  0.454837  0.426287  0.391143  0.36094  0.348888  0.36094  0.391143  0.426287  0.454837  0.471912  0.478267  0.476999  0.471618  0.466485  0.468669  0.488429  0.533974  0.599908  0.660051  0.680099  
0.667929  0.649778  0.595324  0.535234  0.493287  0.474775  0.472666  0.477834  0.483756  0.486036  0.480578  0.463189  0.432033  0.392058  0.356843  0.342628  0.356843  0.392058  0.432033  0.463189  0.480578  0.486036  0.483756  0.477834  0.472666  0.474775  0.493287  0.535234  0.595324  0.649778  0.667929  
0.657347  0.641093  0.59233  0.537879  0.49905  0.481179  0.478595  0.483401  0.489646  0.492906  0.488479  0.47099  0.437345  0.392434  0.351962  0.335451  0.351962  0.392434  0.437345  0.47099  0.488479  0.492906  0.489646  0.483401  0.478595  0.481179  0.49905  0.537879  0.59233  0.641093  0.657347  
0.648167  0.63377  0.590579  0.541559  0.505537  0.487943  0.484528  0.488667  0.49501  0.499126  0.495716  0.478179  0.442057  0.392089  0.346162  0.327257  0.346162  0.392089  0.442057  0.478179  0.495716  0.499126  0.49501  0.488667  0.484528  0.487943  0.505537  0.541559  0.590579  0.63377  0.648167  
0.64022  0.627613  0.589794  0.546011  0.51265  0.495192  0.490772  0.494034  0.500249  0.505005  0.50243  0.4847  0.445969  0.390801  0.339287  0.317932  0.339287  0.390801  0.445969  0.4847  0.50243  0.505005  0.500249  0.494034  0.490772  0.495192  0.51265  0.546011  0.589794  0.627613  0.64022  
0.633357  0.622456  0.589751  0.551033  0.520323  0.503058  0.497632  0.499901  0.505765  0.510854  0.508752  0.490464  0.448828  0.388298  0.331153  0.307348  0.331153  0.388298  0.448828  0.490464  0.508752  0.510854  0.505765  0.499901  0.497632  0.503058  0.520323  0.551033  0.589751  0.622456  0.633357  
0.627449  0.618154  0.590267  0.556453  0.52849  0.511632  0.505343  0.506596  0.511895  0.516924  0.51475  0.495302  0.450296  0.38424  0.321546  0.295367  0.321546  0.38424  0.450296  0.495302  0.51475  0.516924  0.511895  0.506596  0.505343  0.511632  0.52849  0.556453  0.590267  0.618154  0.627449  
0.622383  0.614584  0.59119  0.562117  0.537053  0.520925  0.514034  0.514324  0.518854  0.523341  0.520355  0.498902  0.449908  0.378207  0.310217  0.281834  0.310217  0.378207  0.449908  0.498902  0.520355  0.523341  0.518854  0.514324  0.514034  0.520925  0.537053  0.562117  0.59119  0.614584  0.622383  
0.618062  0.611644  0.592389  0.567871  0.545869  0.530844  0.523685  0.523122  0.526676  0.530037  0.525283  0.500737  0.447028  0.369681  0.296884  0.266586  0.296884  0.369681  0.447028  0.500737  0.525283  0.530037  0.526676  0.523122  0.523685  0.530844  0.545869  0.567871  0.592389  0.611644  0.618062  
0.614406  0.609243  0.593753  0.573561  0.554744  0.541189  0.534116  0.532828  0.535155  0.536644  0.528908  0.499955  0.440789  0.358031  0.281232  0.249455  0.281232  0.358031  0.440789  0.499955  0.528908  0.536644  0.535155  0.532828  0.534116  0.541189  0.554744  0.573561  0.593753  0.609243  0.614406  
0.611345  0.607305  0.595183  0.579029  0.56344  0.551654  0.544981  0.543037  0.543736  0.542329  0.530075  0.495248  0.43004  0.342508  0.262926  0.230277  0.262926  0.342508  0.43004  0.495248  0.530075  0.542329  0.543736  0.543037  0.544981  0.551654  0.56344  0.579029  0.595183  0.607305  0.611345  
0.608821  0.605764  0.596594  0.584119  0.571685  0.561836  0.555725  0.552963  0.551256  0.54546  0.526815  0.484683  0.413291  0.322252  0.241621  0.208904  0.241621  0.322252  0.413291  0.484683  0.526815  0.54546  0.551256  0.552963  0.555725  0.561836  0.571685  0.584119  0.596594  0.605764  0.608821  
0.60678  0.604563  0.597911  0.58868  0.579154  0.571125  0.565308  0.560947  0.555308  0.542999  0.515932  0.465534  0.388708  0.296335  0.217  0.185224  0.217  0.296335  0.388708  0.465534  0.515932  0.542999  0.555308  0.560947  0.565308  0.571125  0.579154  0.58868  0.597911  0.604563  0.60678  
0.605214  0.603662  0.599006  0.592335  0.584975  0.577855  0.570984  0.563023  0.550893  0.529559  0.492566  0.434227  0.354213  0.263858  0.188818  0.159186  0.188818  0.263858  0.354213  0.434227  0.492566  0.529559  0.550893  0.563023  0.570984  0.577855  0.584975  0.592335  0.599006  0.603662  0.605214  
0.602359  0.601132  0.597451  0.591746  0.584467  0.57568  0.564708  0.549877  0.528386  0.496467  0.450093  0.386608  0.307774  0.22412  0.156968  0.130833  0.156968  0.22412  0.307774  0.386608  0.450093  0.496467  0.528386  0.549877  0.564708  0.57568  0.584467  0.591746  0.597451  0.601132  0.602359  
0.583349  0.581859  0.57739  0.569944  0.559428  0.545462  0.527241  0.503469  0.472419  0.432175  0.381127  0.318871  0.247973  0.176873  0.12157  0.100335  0.12157  0.176873  0.247973  0.318871  0.381127  0.432175  0.472419  0.503469  0.527241  0.545462  0.559428  0.569944  0.57739  0.581859  0.583349  
0.50271  0.500688  0.494621  0.484473  0.470157  0.451495  0.428188  0.399829  0.365965  0.326217  0.280483  0.229312  0.17483  0.122621  0.0830447  0.0680156  0.0830447  0.122621  0.17483  0.229312  0.280483  0.326217  0.365965  0.399829  0.428188  0.451495  0.470157  0.484473  0.494621  0.500688  0.50271  
0.304697  0.303016  0.297975  0.289639  0.278107  0.263502  0.245957  0.225617  0.202644  0.177238  0.149676  0.120433  0.0906014  0.062846  0.0421601  0.0343619  0.0421601  0.062846  0.0906014  0.120433  0.149676  0.177238  0.202644  0.225617  0.245957  0.263502  0.278107  0.289639  0.297975  0.303016  0.304697  
0  0  0  0  0  0  0  0  0  0  0  0  0  0  0  0  0  0  0  0  0  0  0  0  0  0  0  0  0  0  0  
