1  1  1  1  1  1  1  1  1  1  1  1  1  1  1  1  1  1  1  1  1  1  1  1  1  1  1  1  1  1  1  
0.962731  0.955764  0.934862  0.906313  0.875494  0.845249  0.81673  0.790432  0.766642  0.745564  0.727369  0.712209  0.700226  0.691553  0.6863  0.68454  0.6863  0.691553  0.700226  0.712209  0.727369  0.745564  0.766642  0.790432  0.81673  0.845249  0.875494  0.906313  0.934862  0.955764  0.962731  
0.92614  0.912828  0.872894  0.81922  0.762946  0.710029  0.662714  0.621574  0.586501  0.557104  0.532913  0.513509  0.49859  0.487985  0.481626  0.479506  0.481626  0.487985  0.49859  0.513509  0.532913  0.557104  0.586501  0.621574  0.662714  0.710029  0.762946  0.81922  0.872894  0.912828  0.92614  
0.890863  0.872304  0.816627  0.743594  0.670393  0.606032  0.553233  0.511589  0.479429  0.454768  0.435816  0.42123  0.410183  0.402299  0.397518  0.39591  0.397518  0.402299  0.410183  0.42123  0.435816  0.454768  0.479429  0.511589  0.553233  0.606032  0.670393  0.743594  0.816627  0.872304  0.890863  
0.857452  0.834987  0.767591  0.681767  0.600422  0.534821  0.486881  0.453868  0.431612  0.416207  0.404748  0.395491  0.387734  0.38156  0.377485  0.376051  0.377485  0.38156  0.387734  0.395491  0.404748  0.416207  0.431612  0.453868  0.486881  0.534821  0.600422  0.681767  0.767591  0.834987  0.857452  
0.826332  0.801324  0.7263  0.633754  0.551264  0.491021  0.452813  0.430772  0.418219  0.409938  0.402729  0.395187  0.387301  0.380034  0.374818  0.372912  0.374818  0.380034  0.387301  0.395187  0.402729  0.409938  0.418219  0.430772  0.452813  0.491021  0.551264  0.633754  0.7263  0.801324  0.826332  
0.797775  0.771456  0.692497  0.598082  0.518973  0.466982  0.439061  0.426373  0.420551  0.416015  0.409918  0.401448  0.3913  0.381305  0.373877  0.37112  0.373877  0.381305  0.3913  0.401448  0.409918  0.416015  0.420551  0.426373  0.439061  0.466982  0.518973  0.598082  0.692497  0.771456  0.797775  
0.771906  0.745293  0.665454  0.572642  0.499243  0.455834  0.436636  0.430686  0.428938  0.426075  0.41971  0.409399  0.396256  0.382846  0.372657  0.368834  0.372657  0.382846  0.396256  0.409399  0.41971  0.426075  0.428938  0.430686  0.436636  0.455834  0.499243  0.572642  0.665454  0.745293  0.771906  
0.74872  0.722599  0.644238  0.555276  0.488367  0.45254  0.43995  0.438529  0.439263  0.437259  0.430358  0.418113  0.401761  0.384518  0.371118  0.366031  0.371118  0.384518  0.401761  0.418113  0.430358  0.437259  0.439263  0.438529  0.43995  0.45254  0.488367  0.555276  0.644238  0.722599  0.74872  
0.728114  0.703058  0.62789  0.544082  0.483518  0.453789  0.445859  0.447409  0.449807  0.448488  0.441222  0.427239  0.407647  0.386244  0.369207  0.36266  0.369207  0.386244  0.407647  0.427239  0.441222  0.448488  0.449807  0.447409  0.445859  0.453789  0.483518  0.544082  0.62789  0.703058  0.728114  
0.709926  0.686325  0.615521  0.537512  0.482693  0.457543  0.45268  0.456131  0.459768  0.459195  0.451886  0.43649  0.413743  0.387935  0.366867  0.358668  0.366867  0.387935  0.413743  0.43649  0.451886  0.459195  0.459768  0.456131  0.45268  0.457543  0.482693  0.537512  0.615521  0.686325  0.709926  
0.693955  0.672055  0.606357  0.534371  0.484533  0.462611  0.459557  0.464135  0.468745  0.469037  0.462041  0.445619  0.419883  0.389488  0.364028  0.353993  0.364028  0.389488  0.419883  0.445619  0.462041  0.469037  0.468745  0.464135  0.459557  0.462611  0.484533  0.534371  0.606357  0.672055  0.693955  
0.679988  0.659927  0.599747  0.53376  0.488158  0.468347  0.466121  0.471224  0.476586  0.477846  0.471493  0.45443  0.425904  0.390789  0.36061  0.348569  0.36061  0.390789  0.425904  0.45443  0.471493  0.477846  0.476586  0.471224  0.466121  0.468347  0.488158  0.53376  0.599747  0.659927  0.679988  
0.667811  0.649648  0.595158  0.535018  0.493016  0.474454  0.472305  0.477443  0.483346  0.485618  0.480159  0.462782  0.431649  0.391706  0.35652  0.342317  0.35652  0.391706  0.431649  0.462782  0.480159  0.485618  0.483346  0.477443  0.472305  0.474454  0.493016  0.535018  0.595158  0.649648  0.667811  
0.657223  0.640958  0.592161  0.537663  0.498782  0.480863  0.47824  0.483017  0.489243  0.492493  0.488064  0.470584  0.436963  0.392085  0.351645  0.335148  0.351645  0.392085  0.436963  0.470584  0.488064  0.492493  0.489243  0.483017  0.47824  0.480863  0.498782  0.537663  0.592161  0.640958  0.657223  
0.648037  0.63363  0.590407  0.541343  0.505273  0.487633  0.484181  0.488293  0.494616  0.498721  0.495306  0.477776  0.441676  0.391744  0.345852  0.326962  0.345852  0.391744  0.441676  0.477776  0.495306  0.498721  0.494616  0.488293  0.484181  0.487633  0.505273  0.541343  0.590407  0.63363  0.648037  
0.640085  0.627469  0.589621  0.545797  0.512391  0.494891  0.490437  0.493672  0.499867  0.504609  0.502027  0.484301  0.445592  0.390462  0.338986  0.317647  0.338986  0.390462  0.445592  0.484301  0.502027  0.504609  0.499867  0.493672  0.490437  0.494891  0.512391  0.545797  0.589621  0.627469  0.640085  
0.633217  0.622307  0.589576  0.550822  0.520071  0.502768  0.497309  0.499552  0.505395  0.510469  0.508357  0.49007  0.448455  0.387965  0.330862  0.307075  0.330862  0.387965  0.448455  0.49007  0.508357  0.510469  0.505395  0.499552  0.497309  0.502768  0.520071  0.550822  0.589576  0.622307  0.633217  
0.627303  0.618  0.590092  0.556245  0.528245  0.511353  0.505033  0.506261  0.511539  0.51655  0.514363  0.494914  0.449928  0.383914  0.321265  0.295105  0.321265  0.383914  0.449928  0.494914  0.514363  0.51655  0.511539  0.506261  0.505033  0.511353  0.528245  0.556245  0.590092  0.618  0.627303  
0.622232  0.614427  0.591013  0.561912  0.536815  0.520656  0.513737  0.514002  0.518511  0.522978  0.519976  0.498521  0.449547  0.37789  0.309947  0.281585  0.309947  0.37789  0.449547  0.498521  0.519976  0.522978  0.518511  0.514002  0.513737  0.520656  0.536815  0.561912  0.591013  0.614427  0.622232  
0.617906  0.611482  0.592211  0.567668  0.545638  0.530585  0.5234  0.522813  0.526344  0.529683  0.524912  0.500362  0.446674  0.369374  0.296627  0.266351  0.296627  0.369374  0.446674  0.500362  0.524912  0.529683  0.526344  0.522813  0.5234  0.530585  0.545638  0.567668  0.592211  0.611482  0.617906  
0.614244  0.609076  0.593573  0.57336  0.554518  0.540939  0.533841  0.532529  0.534833  0.536299  0.528544  0.499587  0.440445  0.357736  0.28099  0.249236  0.28099  0.357736  0.440445  0.499587  0.528544  0.536299  0.534833  0.532529  0.533841  0.540939  0.554518  0.57336  0.593573  0.609076  0.614244  
0.611176  0.607132  0.594999  0.578827  0.563217  0.55141  0.544714  0.542746  0.543421  0.54199  0.529717  0.494889  0.429707  0.342228  0.2627  0.230076  0.2627  0.342228  0.429707  0.494889  0.529717  0.54199  0.543421  0.542746  0.544714  0.55141  0.563217  0.578827  0.594999  0.607132  0.611176  
0.608643  0.605583  0.596404  0.583915  0.571463  0.561594  0.555461  0.552676  0.550945  0.545125  0.526464  0.484335  0.412973  0.321989  0.241415  0.208722  0.241415  0.321989  0.412973  0.484335  0.526464  0.545125  0.550945  0.552676  0.555461  0.561594  0.571463  0.583915  0.596404  0.605583  0.608643  
0.606593  0.604373  0.597713  0.58847  0.578928  0.570881  0.565042  0.56066  0.554997  0.542668  0.515591  0.465202  0.38841  0.296095  0.216815  0.185063  0.216815  0.296095  0.38841  0.465202  0.515591  0.542668  0.554997  0.56066  0.565042  0.570881  0.578928  0.58847  0.597713  0.604373  0.606593  
0.605011  0.603457  0.598795  0.592113  0.584739  0.577602  0.570713  0.562732  0.550583  0.529235  0.49224  0.433917  0.353943  0.263644  0.188657  0.159047  0.188657  0.263644  0.353943  0.433917  0.49224  0.529235  0.550583  0.562732  0.570713  0.577602  0.584739  0.592113  0.598795  0.603457  0.605011  
0.602135  0.600906  0.597219  0.591506  0.584215  0.575414  0.564428  0.549583  0.528081  0.496158  0.449791  0.386331  0.307539  0.223938  0.156835  0.130719  0.156835  0.223938  0.307539  0.386331  0.449791  0.496158  0.528081  0.549583  0.564428  0.575414  0.584215  0.591506  0.597219  0.600906  0.602135  
0.583103  0.581611  0.577138  0.569688  0.559165  0.545192  0.526964  0.503188  0.472138  0.431901  0.380868  0.318641  0.247783  0.17673  0.121467  0.100248  0.121467  0.17673  0.247783  0.318641  0.380868  0.431901  0.472138  0.503188  0.526964  0.545192  0.559165  0.569688  0.577138  0.581611  0.583103  
0.50247  0.500448  0.494381  0.484231  0.469915  0.451254  0.42795  0.399596  0.365741  0.326006  0.280291  0.229146  0.174696  0.122522  0.0829742  0.0679565  0.0829742  0.122522  0.174696  0.229146  0.280291  0.326006  0.365741  0.399596  0.42795  0.451254  0.469915  0.484231  0.494381  0.500448  0.50247  
0.304539  0.302859  0.297818  0.289484  0.277956  0.263354  0.245814  0.225481  0.202517  0.177122  0.149572  0.120345  0.0905317  0.0627951  0.0421243  0.034332  0.0421243  0.0627951  0.0905317  0.120345  0.149572  0.177122  0.202517  0.225481  0.245814  0.263354  0.277956  0.289484  0.297818  0.302859  0.304539  
0  0  0  0  0  0  0  0  0  0  0  0  0  0  0  0  0  0  0  0  0  0  0  0  0  0  0  0  0  0  0  
