1  1  1  1  1  1  1  1  1  1  1  1  1  1  1  1  1  1  1  1  1  1  1  1  1  1  1  1  1  1  1  
0.962697  0.955725  0.934806  0.906235  0.875392  0.845124  0.816585  0.790268  0.766462  0.745371  0.727165  0.711996  0.700007  0.691329  0.686073  0.684312  0.686073  0.691329  0.700007  0.711996  0.727165  0.745371  0.766462  0.790268  0.816585  0.845124  0.875392  0.906235  0.934806  0.955725  0.962697  
0.926073  0.912751  0.872784  0.819068  0.76275  0.709794  0.662445  0.621276  0.58618  0.556766  0.532562  0.513149  0.498224  0.487615  0.481255  0.479133  0.481255  0.487615  0.498224  0.513149  0.532562  0.556766  0.58618  0.621276  0.662445  0.709794  0.76275  0.819068  0.872784  0.912751  0.926073  
0.890764  0.87219  0.816469  0.743377  0.670118  0.605709  0.552871  0.511198  0.479018  0.454345  0.435386  0.420799  0.409752  0.40187  0.39709  0.395483  0.39709  0.40187  0.409752  0.420799  0.435386  0.454345  0.479018  0.511198  0.552871  0.605709  0.670118  0.743377  0.816469  0.87219  0.890764  
0.857323  0.834839  0.767388  0.681495  0.600085  0.534432  0.486456  0.45342  0.431151  0.415742  0.404284  0.395033  0.387283  0.381117  0.377047  0.375615  0.377047  0.381117  0.387283  0.395033  0.404284  0.415742  0.431151  0.45342  0.486456  0.534432  0.600085  0.681495  0.767388  0.834839  0.857323  
0.826174  0.801145  0.726059  0.633436  0.550879  0.490586  0.452346  0.430288  0.417729  0.409449  0.402248  0.394718  0.386844  0.37959  0.374382  0.372479  0.374382  0.37959  0.386844  0.394718  0.402248  0.409449  0.417729  0.430288  0.452346  0.490586  0.550879  0.633436  0.726059  0.801145  0.826174  
0.79759  0.771249  0.692224  0.597729  0.518552  0.466513  0.438565  0.425863  0.420038  0.415507  0.409422  0.400968  0.390838  0.380859  0.373444  0.370692  0.373444  0.380859  0.390838  0.400968  0.409422  0.415507  0.420038  0.425863  0.438565  0.466513  0.518552  0.597729  0.692224  0.771249  0.79759  
0.771696  0.74506  0.665153  0.57226  0.498794  0.455339  0.436116  0.430155  0.428406  0.425549  0.419198  0.408907  0.395788  0.3824  0.372227  0.36841  0.372227  0.3824  0.395788  0.408907  0.419198  0.425549  0.428406  0.430155  0.436116  0.455339  0.498794  0.57226  0.665153  0.74506  0.771696  
0.748487  0.722343  0.643914  0.554871  0.487896  0.452025  0.439411  0.437978  0.43871  0.436714  0.42983  0.417609  0.401286  0.384071  0.370692  0.365612  0.370692  0.384071  0.401286  0.417609  0.42983  0.436714  0.43871  0.437978  0.439411  0.452025  0.487896  0.554871  0.643914  0.722343  0.748487  
0.72786  0.702782  0.627546  0.543658  0.48303  0.453258  0.445302  0.446839  0.449235  0.447924  0.440677  0.426722  0.407164  0.385796  0.368785  0.362248  0.368785  0.385796  0.407164  0.426722  0.440677  0.447924  0.449235  0.446839  0.445302  0.453258  0.48303  0.543658  0.627546  0.702782  0.72786  
0.709653  0.68603  0.61516  0.537074  0.48219  0.456998  0.452107  0.455544  0.459178  0.458613  0.451324  0.435961  0.413254  0.387486  0.366449  0.358262  0.366449  0.387486  0.413254  0.435961  0.451324  0.458613  0.459178  0.455544  0.452107  0.456998  0.48219  0.537074  0.61516  0.68603  0.709653  
0.693664  0.671743  0.605981  0.533921  0.48402  0.462054  0.458971  0.463533  0.468138  0.468439  0.461465  0.445078  0.419387  0.389039  0.363616  0.353596  0.363616  0.389039  0.419387  0.445078  0.461465  0.468439  0.468138  0.463533  0.458971  0.462054  0.48402  0.533921  0.605981  0.671743  0.693664  
0.67968  0.6596  0.599359  0.5333  0.487636  0.46778  0.465524  0.470609  0.475967  0.477235  0.470904  0.453879  0.425402  0.390341  0.360205  0.34818  0.360205  0.390341  0.425402  0.453879  0.470904  0.477235  0.475967  0.470609  0.465524  0.46778  0.487636  0.5333  0.599359  0.6596  0.67968  
0.667489  0.649307  0.59476  0.534551  0.492488  0.473881  0.4717  0.476819  0.482717  0.484996  0.47956  0.462223  0.431143  0.391259  0.356122  0.341937  0.356122  0.391259  0.431143  0.462223  0.47956  0.484996  0.482717  0.476819  0.4717  0.473881  0.492488  0.534551  0.59476  0.649307  0.667489  
0.656887  0.640604  0.591754  0.53719  0.49825  0.480285  0.47763  0.482388  0.488607  0.491864  0.487457  0.470018  0.436454  0.391641  0.351254  0.334778  0.351254  0.391641  0.436454  0.470018  0.487457  0.491864  0.488607  0.482388  0.47763  0.480285  0.49825  0.53719  0.591754  0.640604  0.656887  
0.647688  0.633264  0.589993  0.540867  0.50474  0.487054  0.48357  0.487661  0.493977  0.498088  0.494695  0.477206  0.441166  0.391304  0.345471  0.326604  0.345471  0.391304  0.441166  0.477206  0.494695  0.498088  0.493977  0.487661  0.48357  0.487054  0.50474  0.540867  0.589993  0.633264  0.647688  
0.639723  0.627092  0.5892  0.545319  0.511858  0.494314  0.489827  0.493041  0.499228  0.503976  0.501414  0.483729  0.445081  0.390027  0.338615  0.317302  0.338615  0.390027  0.445081  0.483729  0.501414  0.503976  0.499228  0.493041  0.489827  0.494314  0.511858  0.545319  0.5892  0.627092  0.639723  
0.632844  0.62192  0.58915  0.550342  0.519541  0.502194  0.496703  0.498926  0.50476  0.509838  0.507746  0.489499  0.447947  0.387536  0.330502  0.306743  0.330502  0.387536  0.447947  0.489499  0.507746  0.509838  0.50476  0.498926  0.496703  0.502194  0.519541  0.550342  0.58915  0.62192  0.632844  
0.626919  0.617604  0.58966  0.555766  0.527718  0.510785  0.504434  0.505642  0.51091  0.515924  0.513755  0.494346  0.449425  0.383494  0.320918  0.294788  0.320918  0.383494  0.449425  0.494346  0.513755  0.515924  0.51091  0.505642  0.504434  0.510785  0.527718  0.555766  0.58966  0.617604  0.626919  
0.621837  0.614022  0.590577  0.561433  0.536293  0.520095  0.513147  0.513392  0.517891  0.52236  0.519376  0.497958  0.449051  0.37748  0.309615  0.281284  0.309615  0.37748  0.449051  0.497958  0.519376  0.52236  0.517891  0.513392  0.513147  0.520095  0.536293  0.561433  0.590577  0.614022  0.621837  
0.6175  0.611068  0.59177  0.567191  0.545121  0.530033  0.52282  0.522214  0.525736  0.529075  0.52432  0.499808  0.446188  0.368977  0.296311  0.266069  0.296311  0.368977  0.446188  0.499808  0.52432  0.529075  0.525736  0.522214  0.52282  0.530033  0.545121  0.567191  0.59177  0.611068  0.6175  
0.613828  0.608653  0.593127  0.572883  0.554007  0.540396  0.533273  0.531943  0.534236  0.535703  0.527963  0.499045  0.439973  0.357356  0.280693  0.248974  0.280693  0.357356  0.439973  0.499045  0.527963  0.535703  0.534236  0.531943  0.533273  0.540396  0.554007  0.572883  0.593127  0.608653  0.613828  
0.61075  0.6067  0.594549  0.578351  0.562711  0.550876  0.544157  0.542172  0.542837  0.541407  0.52915  0.494362  0.429253  0.341867  0.262424  0.229835  0.262424  0.341867  0.429253  0.494362  0.52915  0.541407  0.542837  0.542172  0.544157  0.550876  0.562711  0.578351  0.594549  0.6067  0.61075  
0.608207  0.605142  0.595947  0.583437  0.570961  0.561068  0.554915  0.552115  0.550375  0.544556  0.525914  0.483829  0.412542  0.321654  0.241163  0.208504  0.241163  0.321654  0.412542  0.483829  0.525914  0.544556  0.550375  0.552115  0.554915  0.561068  0.570961  0.583437  0.595947  0.605142  0.608207  
0.606145  0.603921  0.59725  0.58799  0.578428  0.570361  0.564505  0.56011  0.554441  0.542118  0.515064  0.464724  0.38801  0.295789  0.21659  0.18487  0.21659  0.295789  0.38801  0.464724  0.515064  0.542118  0.554441  0.56011  0.564505  0.570361  0.578428  0.58799  0.59725  0.603921  0.606145  
0.60455  0.602994  0.598323  0.591628  0.584238  0.577087  0.570184  0.562195  0.550046  0.52871  0.491746  0.433478  0.353582  0.263374  0.188462  0.158883  0.188462  0.263374  0.353582  0.433478  0.491746  0.52871  0.550046  0.562195  0.570184  0.577087  0.584238  0.591628  0.598323  0.602994  0.60455  
0.601661  0.60043  0.596737  0.591015  0.583715  0.574905  0.563914  0.549069  0.527576  0.495675  0.449347  0.385945  0.307228  0.22371  0.156673  0.130584  0.156673  0.22371  0.307228  0.385945  0.449347  0.495675  0.527576  0.549069  0.563914  0.574905  0.583715  0.591015  0.596737  0.60043  0.601661  
0.582626  0.581135  0.576659  0.569206  0.558682  0.54471  0.526487  0.502722  0.471692  0.431486  0.380496  0.318325  0.247534  0.176551  0.121342  0.100144  0.121342  0.176551  0.247534  0.318325  0.380496  0.431486  0.471692  0.502722  0.526487  0.54471  0.558682  0.569206  0.576659  0.581135  0.582626  
0.502047  0.500025  0.49396  0.483814  0.469504  0.450853  0.427562  0.399227  0.365397  0.325695  0.280019  0.22892  0.174521  0.122398  0.0828893  0.0678866  0.0828893  0.122398  0.174521  0.22892  0.280019  0.325695  0.365397  0.399227  0.427562  0.450853  0.469504  0.483814  0.49396  0.500025  0.502047  
0.304277  0.302598  0.29756  0.289232  0.27771  0.263119  0.245591  0.225273  0.202327  0.176953  0.149428  0.120227  0.0904415  0.0627317  0.0420813  0.0342968  0.0420813  0.0627317  0.0904415  0.120227  0.149428  0.176953  0.202327  0.225273  0.245591  0.263119  0.27771  0.289232  0.29756  0.302598  0.304277  
0  0  0  0  0  0  0  0  0  0  0  0  0  0  0  0  0  0  0  0  0  0  0  0  0  0  0  0  0  0  0  
