1  1  1  1  1  1  1  1  1  1  1  1  1  1  1  1  1  1  1  1  1  1  1  1  1  1  1  1  1  1  1  
0.966785  0.962916  0.952031  0.935947  0.916824  0.896522  0.876365  0.857196  0.83954  0.823733  0.81001  0.798546  0.789478  0.782918  0.778948  0.777618  0.778948  0.782918  0.789478  0.798545  0.81001  0.823733  0.839539  0.857195  0.876364  0.896521  0.916823  0.935946  0.95203  0.962915  0.966784  
0.934112  0.926607  0.905553  0.874646  0.838285  0.800273  0.763279  0.728927  0.698099  0.671219  0.648455  0.629849  0.615393  0.605072  0.598879  0.596814  0.598879  0.605071  0.615392  0.629848  0.648455  0.671218  0.698098  0.728925  0.763277  0.800271  0.838283  0.874644  0.905551  0.926604  0.934109  
0.902479  0.891771  0.861871  0.818416  0.768135  0.716822  0.668444  0.625198  0.587984  0.556886  0.531572  0.511566  0.496423  0.485806  0.479506  0.477416  0.479505  0.485805  0.496422  0.511565  0.53157  0.556884  0.587982  0.625196  0.668441  0.716819  0.768132  0.818412  0.861867  0.891766  0.902474  
0.87231  0.858975  0.821963  0.768851  0.708677  0.649131  0.595241  0.549405  0.512075  0.482555  0.459673  0.442252  0.429368  0.420432  0.415144  0.41339  0.415144  0.420431  0.429366  0.44225  0.459671  0.482553  0.512073  0.549402  0.595237  0.649126  0.708671  0.768846  0.821955  0.858969  0.872302  
0.843927  0.828622  0.786422  0.726725  0.660677  0.59756  0.543052  0.499278  0.465817  0.440907  0.422456  0.408691  0.39845  0.391181  0.386767  0.385279  0.386766  0.391179  0.398448  0.408689  0.422453  0.440904  0.465813  0.499274  0.543047  0.597554  0.66067  0.726715  0.786416  0.828612  0.843917  
0.817552  0.800947  0.755474  0.69209  0.623663  0.560598  0.508736  0.46952  0.441414  0.421569  0.407143  0.396055  0.387233  0.380484  0.376139  0.374628  0.376138  0.380483  0.387231  0.396052  0.40714  0.421566  0.44141  0.469516  0.508731  0.560591  0.623655  0.692081  0.755459  0.800936  0.817539  
0.793302  0.776029  0.729042  0.664473  0.59639  0.535795  0.488267  0.454338  0.431366  0.415609  0.40376  0.39372  0.384757  0.377241  0.372114  0.370282  0.372113  0.377239  0.384755  0.393717  0.403757  0.415606  0.431362  0.454334  0.488261  0.535788  0.596382  0.664462  0.72903  0.776012  0.793287  
0.771217  0.753837  0.706843  0.643093  0.57729  0.520535  0.477872  0.448909  0.430094  0.417078  0.406344  0.395948  0.385605  0.376332  0.369776  0.367398  0.369775  0.37633  0.385603  0.395945  0.406341  0.417074  0.430089  0.448904  0.477866  0.520528  0.577281  0.643082  0.70683  0.753822  0.771197  
0.751258  0.734244  0.68847  0.62705  0.564784  0.512484  0.474541  0.449788  0.434043  0.422611  0.411915  0.400205  0.387646  0.375928  0.367471  0.364376  0.36747  0.375925  0.387643  0.400202  0.41191  0.422607  0.434038  0.449783  0.474535  0.512477  0.564775  0.62704  0.688458  0.73423  0.751243  
0.733351  0.717075  0.673464  0.615449  0.557461  0.509757  0.476085  0.454727  0.44114  0.430467  0.419114  0.405485  0.390142  0.375462  0.364726  0.360774  0.364725  0.375459  0.390139  0.405481  0.419109  0.430462  0.441135  0.454721  0.476079  0.50975  0.557453  0.615439  0.673452  0.717062  0.733337  
0.717386  0.702128  0.661362  0.607467  0.55414  0.510916  0.480988  0.462311  0.450204  0.439742  0.4273  0.411352  0.392799  0.374728  0.361378  0.356439  0.361376  0.374725  0.392796  0.411347  0.427295  0.439737  0.450198  0.462306  0.480982  0.510909  0.554132  0.607457  0.66135  0.702115  0.717373  
0.703233  0.689186  0.651725  0.602385  0.553865  0.514893  0.488212  0.471649  0.460531  0.449918  0.436101  0.417541  0.395429  0.373588  0.357316  0.351272  0.357314  0.373585  0.395425  0.417536  0.436095  0.449913  0.460525  0.471643  0.488206  0.514885  0.553857  0.602375  0.651714  0.689174  0.70322  
0.690752  0.678039  0.644155  0.599589  0.555874  0.520891  0.497037  0.482147  0.47166  0.460635  0.445227  0.423817  0.397845  0.371898  0.352431  0.345175  0.352429  0.371895  0.397841  0.423812  0.445222  0.460629  0.471654  0.482141  0.49703  0.520884  0.555865  0.59958  0.644144  0.678026  0.690739  
0.679805  0.668484  0.638297  0.598567  0.559559  0.52831  0.506938  0.493383  0.483247  0.471593  0.454404  0.429928  0.399831  0.369493  0.3466  0.338043  0.346598  0.36949  0.399826  0.429923  0.454398  0.471586  0.483241  0.493376  0.506931  0.528303  0.559551  0.598557  0.638286  0.668472  0.679793  
0.670257  0.660334  0.633843  0.598886  0.564432  0.53668  0.517513  0.505021  0.494999  0.482507  0.463341  0.435588  0.401135  0.366178  0.339687  0.329763  0.339685  0.366175  0.40113  0.435583  0.463334  0.4825  0.494992  0.505014  0.517506  0.536672  0.564424  0.598877  0.633832  0.660322  0.670245  
0.661977  0.65342  0.630528  0.60019  0.570092  0.545616  0.528427  0.516773  0.506637  0.493082  0.47171  0.440462  0.401455  0.361725  0.331537  0.320215  0.331536  0.361721  0.40145  0.440456  0.471703  0.493075  0.50663  0.516765  0.52842  0.545608  0.570083  0.60018  0.630517  0.653409  0.661965  
0.654845  0.64759  0.628122  0.602176  0.576204  0.554793  0.539385  0.52836  0.517873  0.502983  0.479129  0.444147  0.400432  0.355867  0.321982  0.309268  0.321981  0.355863  0.400427  0.444141  0.479122  0.502976  0.517865  0.528352  0.539377  0.554785  0.576194  0.602166  0.628112  0.647578  0.654834  
0.648748  0.642704  0.626433  0.604591  0.582479  0.563919  0.550102  0.53949  0.528371  0.511808  0.485128  0.446156  0.397636  0.348296  0.310835  0.296788  0.310833  0.348293  0.397631  0.446149  0.485121  0.5118  0.528363  0.539481  0.550093  0.563911  0.58247  0.604581  0.626422  0.642693  0.648737  
0.643581  0.638642  0.625292  0.607221  0.588669  0.57272  0.560278  0.549817  0.537709  0.519032  0.489105  0.445881  0.392554  0.33866  0.297894  0.282635  0.297892  0.338656  0.392549  0.445874  0.489097  0.519024  0.537701  0.549808  0.560269  0.572711  0.588659  0.607211  0.625282  0.638631  0.64357  
0.639246  0.635293  0.624559  0.609878  0.594535  0.580907  0.569553  0.55888  0.545293  0.523935  0.490264  0.44256  0.384573  0.326558  0.282947  0.26667  0.282945  0.326554  0.384567  0.442553  0.490256  0.523927  0.545285  0.558871  0.569544  0.580897  0.594526  0.609868  0.624548  0.635283  0.639235  
0.635643  0.632548  0.624092  0.612374  0.599815  0.588106  0.577409  0.565977  0.550232  0.525479  0.487537  0.435238  0.372972  0.311553  0.265779  0.248765  0.265777  0.311549  0.372966  0.435231  0.487529  0.525471  0.550223  0.565968  0.577399  0.588096  0.599805  0.612363  0.624082  0.632538  0.635632  
0.632621  0.630243  0.623687  0.614415  0.604072  0.593676  0.582942  0.569926  0.551111  0.522148  0.479486  0.422732  0.356929  0.293179  0.246186  0.228807  0.246184  0.293176  0.356924  0.422725  0.479478  0.52214  0.551102  0.569917  0.582932  0.593666  0.604062  0.614404  0.623677  0.630232  0.632611  
0.629737  0.627905  0.622779  0.615262  0.6063  0.59626  0.58441  0.568654  0.545681  0.511753  0.464225  0.40363  0.335548  0.270979  0.22399  0.206717  0.223988  0.270975  0.335543  0.403624  0.464218  0.511745  0.545673  0.568645  0.584401  0.59625  0.60629  0.615252  0.622768  0.627895  0.629726  
0.625391  0.62388  0.619535  0.612786  0.603965  0.592877  0.57845  0.558606  0.530499  0.491283  0.439421  0.376356  0.307928  0.244544  0.199071  0.182465  0.199069  0.244541  0.307923  0.37635  0.439414  0.491275  0.53049  0.558596  0.578441  0.592867  0.603955  0.612776  0.619524  0.623869  0.62538  
0.61474  0.613252  0.608838  0.601569  0.591327  0.577563  0.559112  0.534201  0.50074  0.456966  0.402457  0.339339  0.273291  0.213592  0.171391  0.156086  0.17139  0.213589  0.273286  0.339334  0.40245  0.456958  0.500731  0.534193  0.559103  0.577553  0.591318  0.601559  0.608828  0.613241  0.614729  
0.586627  0.584873  0.579586  0.57065  0.557766  0.540344  0.517461  0.487941  0.450611  0.404774  0.350884  0.291337  0.231162  0.178048  0.141035  0.1277  0.141034  0.178046  0.231158  0.291332  0.350878  0.404768  0.450603  0.487933  0.517453  0.540335  0.557756  0.57064  0.579576  0.584864  0.586618  
0.5226  0.52051  0.51421  0.503593  0.488449  0.468443  0.443128  0.41203  0.374815  0.331568  0.283189  0.231875  0.181593  0.138137  0.108236  0.0975275  0.108236  0.138135  0.18159  0.231871  0.283184  0.331563  0.374808  0.412023  0.443121  0.468435  0.488441  0.503584  0.514201  0.520501  0.522591  
0.403198  0.401133  0.39494  0.384619  0.370162  0.351555  0.328791  0.301911  0.271082  0.23673  0.199735  0.161721  0.12536  0.0944517  0.0733979  0.0658923  0.0733972  0.0944504  0.125358  0.161719  0.199732  0.236726  0.271078  0.301906  0.328786  0.35155  0.370156  0.384612  0.394934  0.401126  0.403191  
0.222388  0.221059  0.217088  0.210528  0.201461  0.189996  0.176272  0.160465  0.142809  0.12364  0.103482  0.0831796  0.0640555  0.0479715  0.0370859  0.0332168  0.0370856  0.0479709  0.0640545  0.0831783  0.10348  0.123638  0.142806  0.160463  0.17627  0.189993  0.201457  0.210524  0.217085  0.221055  0.222385  
0  0  0  0  0  0  0  0  0  0  0  0  0  0  0  0  0  0  0  0  0  0  0  0  0  0  0  0  0  0  0  
