1  1  1  1  1  1  1  1  1  1  1  1  1  1  1  1  1  1  1  1  1  1  1  1  1  1  1  1  1  1  1  
0.966861  0.963002  0.952142  0.936093  0.917007  0.896739  0.876611  0.857464  0.839823  0.824027  0.81031  0.798849  0.789783  0.783224  0.779254  0.777924  0.779253  0.783224  0.789783  0.798848  0.810309  0.824026  0.839822  0.857463  0.87661  0.896738  0.917006  0.936092  0.95214  0.963001  0.96686  
0.934263  0.926775  0.90577  0.874929  0.838637  0.800685  0.763738  0.729418  0.698608  0.671734  0.64897  0.630359  0.615896  0.605569  0.599372  0.597306  0.599372  0.605568  0.615895  0.630358  0.648969  0.671733  0.698606  0.729416  0.763736  0.800683  0.838634  0.874926  0.905767  0.926772  0.93426  
0.902701  0.892017  0.862185  0.81882  0.768629  0.717391  0.669061  0.625839  0.588625  0.557512  0.532174  0.51214  0.496971  0.486333  0.48002  0.477925  0.480019  0.486333  0.49697  0.512139  0.532172  0.557511  0.588623  0.625837  0.669058  0.717387  0.768625  0.818815  0.862181  0.892012  0.902696  
0.872597  0.859293  0.822362  0.769355  0.709281  0.649808  0.595954  0.550117  0.512756  0.483186  0.460246  0.442767  0.429833  0.42086  0.415549  0.413787  0.415548  0.420859  0.429832  0.442765  0.460244  0.483184  0.512753  0.550113  0.59595  0.649803  0.709275  0.769349  0.822354  0.859287  0.87259  
0.844274  0.829003  0.786892  0.727307  0.661358  0.598302  0.543804  0.499994  0.466463  0.441465  0.422923  0.409076  0.398765  0.391446  0.387002  0.385504  0.387002  0.391445  0.398764  0.409073  0.422921  0.441463  0.46646  0.49999  0.543799  0.598296  0.661351  0.727297  0.786886  0.828993  0.844264  
0.817952  0.801382  0.756001  0.692729  0.624391  0.561365  0.509483  0.470195  0.441983  0.422018  0.407475  0.396287  0.387386  0.380581  0.376203  0.374681  0.376202  0.38058  0.387384  0.396284  0.407473  0.422015  0.441979  0.47019  0.509477  0.561358  0.624382  0.692719  0.755987  0.801372  0.817938  
0.793747  0.77651  0.729612  0.665147  0.597139  0.536559  0.48898  0.454947  0.431839  0.41594  0.403958  0.393808  0.384762  0.37719  0.372032  0.37019  0.372031  0.377188  0.38476  0.393805  0.403955  0.415936  0.431835  0.454942  0.488974  0.536552  0.59713  0.665137  0.7296  0.776493  0.793732  
0.7717  0.754354  0.707445  0.643787  0.57804  0.521276  0.478535  0.449442  0.430469  0.417296  0.406421  0.395912  0.385487  0.376162  0.369577  0.367189  0.369576  0.37616  0.385485  0.395908  0.406417  0.417292  0.430465  0.449437  0.478529  0.521269  0.578031  0.643776  0.707431  0.754339  0.77168  
0.751771  0.734788  0.689091  0.627751  0.565521  0.51319  0.475147  0.450245  0.434328  0.422729  0.411887  0.400065  0.387428  0.375661  0.36718  0.364077  0.367179  0.375658  0.387425  0.400061  0.411883  0.422724  0.434323  0.45024  0.475141  0.513183  0.565513  0.627741  0.689079  0.734774  0.751756  
0.733888  0.71764  0.674095  0.616145  0.558176  0.510421  0.476633  0.455111  0.441344  0.430497  0.418997  0.405257  0.38984  0.375117  0.364362  0.360404  0.364361  0.375114  0.389836  0.405253  0.418992  0.430492  0.441338  0.455106  0.476627  0.510414  0.558168  0.616135  0.674083  0.717626  0.733874  
0.717939  0.702705  0.661995  0.60815  0.554825  0.511536  0.481478  0.46263  0.450335  0.439696  0.427106  0.411049  0.392427  0.374319  0.360955  0.356013  0.360953  0.374317  0.392423  0.411044  0.427101  0.439691  0.450329  0.462624  0.481472  0.511529  0.554817  0.60814  0.661983  0.702691  0.717925  
0.703795  0.689768  0.652353  0.603047  0.554516  0.515466  0.488648  0.471907  0.460597  0.449806  0.435839  0.417172  0.394997  0.373126  0.356846  0.350801  0.356845  0.373124  0.394993  0.417167  0.435834  0.4498  0.460591  0.471901  0.488642  0.515459  0.554507  0.603037  0.652341  0.689756  0.703781  
0.691316  0.678619  0.64477  0.600226  0.556486  0.521418  0.49742  0.482349  0.471669  0.460462  0.444905  0.42339  0.39736  0.371393  0.351924  0.34467  0.351923  0.37139  0.397356  0.423385  0.444899  0.460456  0.471662  0.482343  0.497413  0.52141  0.556478  0.600216  0.644759  0.678607  0.691304  
0.680365  0.669056  0.638894  0.599172  0.56013  0.528789  0.50727  0.493532  0.483202  0.471364  0.454027  0.42945  0.399301  0.368951  0.346065  0.337512  0.346063  0.368948  0.399296  0.429444  0.454021  0.471358  0.483195  0.493525  0.507263  0.528782  0.560122  0.599163  0.638883  0.669044  0.680353  
0.670806  0.660891  0.634416  0.599457  0.564959  0.537109  0.517794  0.505119  0.494901  0.482227  0.462912  0.435062  0.400564  0.365606  0.33913  0.329215  0.339128  0.365602  0.400559  0.435056  0.462905  0.48222  0.494894  0.505112  0.517787  0.537101  0.564951  0.599447  0.634405  0.66088  0.670794  
0.662508  0.653956  0.63107  0.60072  0.570571  0.545994  0.528656  0.516819  0.506488  0.49275  0.471232  0.439891  0.400849  0.361128  0.330966  0.319655  0.330964  0.361124  0.400844  0.439885  0.471225  0.492743  0.506481  0.516811  0.528648  0.545986  0.570563  0.60071  0.631059  0.653945  0.662496  
0.65535  0.648096  0.628628  0.602661  0.57663  0.555116  0.539559  0.528352  0.517671  0.5026  0.478603  0.443535  0.399796  0.355252  0.321402  0.308704  0.3214  0.355248  0.39979  0.443529  0.478596  0.502593  0.517663  0.528344  0.539551  0.555107  0.576621  0.602651  0.628617  0.648085  0.655339  
0.649219  0.643174  0.626894  0.605024  0.582848  0.564181  0.550215  0.539423  0.528114  0.511372  0.484555  0.445506  0.396975  0.347669  0.310253  0.296227  0.310252  0.347666  0.396969  0.445499  0.484547  0.511365  0.528106  0.539415  0.550207  0.564173  0.582839  0.605014  0.626884  0.643163  0.649207  
0.644007  0.639065  0.625701  0.607594  0.588972  0.572915  0.560324  0.549686  0.537391  0.518542  0.488485  0.445196  0.391872  0.338027  0.297317  0.282082  0.297315  0.338023  0.391867  0.445189  0.488478  0.518534  0.537383  0.549677  0.560315  0.572906  0.588963  0.607584  0.625691  0.639054  0.643996  
0.639616  0.635658  0.624904  0.610181  0.594764  0.581024  0.569524  0.558677  0.544909  0.523388  0.4896  0.441846  0.383877  0.325927  0.282383  0.266134  0.282381  0.325923  0.383872  0.441839  0.489592  0.52338  0.544901  0.558668  0.569515  0.581015  0.594754  0.610171  0.624893  0.635647  0.639605  
0.635942  0.63284  0.62436  0.612593  0.599956  0.588134  0.577292  0.565692  0.549776  0.524874  0.486831  0.434501  0.372272  0.310932  0.265235  0.248251  0.265233  0.310928  0.372266  0.434494  0.486824  0.524866  0.549767  0.565683  0.577282  0.588124  0.599946  0.612583  0.624349  0.632829  0.635931  
0.63283  0.630443  0.623858  0.614533  0.604109  0.593599  0.582724  0.569551  0.550579  0.521486  0.478745  0.421982  0.356235  0.292578  0.245669  0.228324  0.245667  0.292574  0.35623  0.421975  0.478737  0.521478  0.55057  0.569542  0.582715  0.59359  0.604099  0.614523  0.623848  0.630432  0.632819  
0.629829  0.627988  0.62283  0.615258  0.606212  0.596062  0.584081  0.568181  0.545073  0.511041  0.463462  0.402882  0.334874  0.270408  0.22351  0.206272  0.223508  0.270405  0.334869  0.402876  0.463455  0.511032  0.545065  0.568172  0.584071  0.596052  0.606202  0.615247  0.622819  0.627977  0.629819  
0.625338  0.623816  0.619438  0.612634  0.603733  0.592544  0.578002  0.558037  0.529825  0.490537  0.438655  0.375629  0.30729  0.244017  0.198635  0.182065  0.198634  0.244014  0.307286  0.375623  0.438648  0.490529  0.529816  0.558028  0.577992  0.592534  0.603723  0.612624  0.619428  0.623806  0.625327  
0.614514  0.613017  0.608573  0.601254  0.590944  0.577095  0.558553  0.533555  0.500024  0.456214  0.401716  0.338659  0.272709  0.213122  0.17101  0.155739  0.171009  0.21312  0.272705  0.338653  0.401709  0.456207  0.500016  0.533547  0.558544  0.577086  0.590934  0.601244  0.608563  0.613006  0.614504  
0.586231  0.584469  0.579158  0.570185  0.557251  0.539772  0.516831  0.487261  0.449899  0.404062  0.350206  0.290733  0.230658  0.17765  0.140717  0.127413  0.140716  0.177647  0.230654  0.290728  0.350201  0.404055  0.449892  0.487252  0.516822  0.539763  0.557242  0.570175  0.579148  0.584459  0.586221  
0.52209  0.519996  0.513683  0.503045  0.487875  0.467841  0.442502  0.411388  0.374174  0.330951  0.282621  0.231381  0.18119  0.137823  0.10799  0.0973059  0.107989  0.137821  0.181187  0.231378  0.282616  0.330946  0.374168  0.411381  0.442495  0.467833  0.487867  0.503036  0.513674  0.519987  0.522082  
0.402707  0.40064  0.394443  0.384116  0.369653  0.351041  0.328276  0.301402  0.270591  0.23627  0.199323  0.16137  0.125077  0.094235  0.0732294  0.0657415  0.0732287  0.0942337  0.125075  0.161368  0.199319  0.236266  0.270587  0.301397  0.328271  0.351035  0.369646  0.384109  0.394437  0.400634  0.4027  
0.222083  0.220753  0.216783  0.210223  0.201157  0.189696  0.175979  0.160182  0.142541  0.123394  0.103265  0.0829967  0.0639099  0.0478608  0.0370004  0.0331405  0.037  0.0478601  0.0639089  0.0829953  0.103263  0.123392  0.142539  0.16018  0.175976  0.189693  0.201154  0.21022  0.216779  0.220749  0.222079  
0  0  0  0  0  0  0  0  0  0  0  0  0  0  0  0  0  0  0  0  0  0  0  0  0  0  0  0  0  0  0  
