1  1  1  1  1  1  1  1  1  1  1  
0.518535  1.1895  1.54004  1.80002  2.18603  2.55479  2.81676  2.88056  2.18013  1.20787  0.467956  
0.460031  0.875938  0.963248  1.36655  1.81788  2.19689  2.62921  2.44078  1.80117  1.13275  0.513605  
0.429121  0.758217  0.965448  1.42824  1.86641  2.1162  2.88653  2.70282  1.85232  1.04424  0.489484  
0.552062  0.775944  0.969184  1.55666  2.55708  3.61525  5.48816  3.47069  2.03063  1.12056  0.583504  
0.733977  0.953937  0.946163  1.12964  2.99384  5.68479  6.37088  2.55695  1.95753  1.51466  0.980043  
0.548317  1.00727  1.52403  2.15584  2.69353  3.85993  4.58961  3.56919  3.26002  2.08367  1.00289  
0.499865  0.93829  1.41047  2.16214  2.66894  3.43245  4.39792  3.87789  3.08213  1.95746  0.976863  
0.527256  0.805071  1.42227  2.33944  3.03047  4.22723  6.198  4.38208  3.37806  2.02047  0.921412  
0.407616  0.432793  1.64648  2.87551  2.8501  3.21645  5.20343  3.92727  4.35146  2.70619  0.529662  
0  0  0  0  0  0  0  0  0  0  0  
