1  1  1  1  1  1  1  1  1  1  1  1  1  1  1  1  1  1  1  1  1  1  1  1  1  1  1  1  1  1  1  
0.966911  0.963049  0.952182  0.936119  0.91701  0.896712  0.876547  0.857361  0.839681  0.823847  0.810097  0.798607  0.789519  0.782942  0.778962  0.777629  0.778962  0.782942  0.789518  0.798607  0.810096  0.823847  0.83968  0.85736  0.876546  0.896711  0.917009  0.936118  0.952181  0.963048  0.96691  
0.934361  0.926869  0.90585  0.874979  0.838642  0.800629  0.76361  0.729213  0.698326  0.671381  0.648553  0.629888  0.615383  0.605025  0.598809  0.596737  0.598809  0.605024  0.615382  0.629887  0.648552  0.67138  0.698325  0.729211  0.763608  0.800627  0.838639  0.874977  0.905847  0.926867  0.934358  
0.902847  0.892157  0.862302  0.818893  0.768633  0.717304  0.668869  0.625535  0.588213  0.557  0.531575  0.511471  0.496246  0.485569  0.479232  0.47713  0.479232  0.485569  0.496245  0.511469  0.531574  0.556999  0.588211  0.625533  0.668866  0.7173  0.76863  0.818888  0.862298  0.892152  0.902842  
0.872789  0.859476  0.822514  0.769448  0.709283  0.649691  0.595702  0.549725  0.512232  0.482544  0.459505  0.441948  0.428955  0.41994  0.414605  0.412835  0.414605  0.419939  0.428953  0.441946  0.459503  0.482542  0.512229  0.549722  0.595697  0.649687  0.709277  0.769442  0.822506  0.85947  0.872782  
0.844511  0.829229  0.787078  0.727419  0.661358  0.598159  0.543503  0.499534  0.465858  0.440735  0.422092  0.408166  0.397799  0.390442  0.385976  0.38447  0.385975  0.39044  0.397798  0.408164  0.422089  0.440732  0.465854  0.49953  0.543498  0.598153  0.661351  0.727409  0.787071  0.829218  0.844501  
0.818232  0.801647  0.756219  0.692859  0.624393  0.561206  0.50915  0.469693  0.441331  0.421243  0.406604  0.395343  0.386391  0.379553  0.375155  0.373627  0.375154  0.379551  0.386389  0.395341  0.406601  0.421239  0.441327  0.469688  0.509145  0.561199  0.624384  0.692849  0.756205  0.801637  0.818218  
0.794069  0.776815  0.729862  0.665299  0.597149  0.536397  0.488636  0.454432  0.431177  0.41516  0.40309  0.392874  0.383782  0.376179  0.371002  0.369154  0.371001  0.376177  0.38378  0.392871  0.403086  0.415157  0.431173  0.454426  0.48863  0.536389  0.59714  0.665288  0.72985  0.776797  0.794053  
0.772061  0.754697  0.707727  0.643963  0.578066  0.521125  0.478201  0.44894  0.429828  0.416545  0.405588  0.395017  0.384548  0.375191  0.368588  0.366194  0.368587  0.375189  0.384545  0.395014  0.405584  0.416541  0.429824  0.448935  0.478195  0.521118  0.578057  0.643952  0.707714  0.754681  0.772041  
0.752172  0.735169  0.689408  0.627956  0.565573  0.513065  0.474843  0.449781  0.433733  0.422031  0.411111  0.399228  0.386544  0.374743  0.366241  0.363132  0.36624  0.374741  0.386541  0.399224  0.411106  0.422027  0.433728  0.449776  0.474837  0.513058  0.565565  0.627946  0.689396  0.735155  0.752157  
0.734328  0.718059  0.674448  0.616385  0.558264  0.510336  0.476377  0.454705  0.440814  0.42987  0.418292  0.404488  0.389019  0.374257  0.363477  0.359511  0.363476  0.374254  0.389015  0.404483  0.418287  0.429865  0.440809  0.4547  0.476371  0.510329  0.558255  0.616374  0.674436  0.718045  0.734314  
0.718419  0.703163  0.662386  0.60843  0.554958  0.511504  0.481287  0.462297  0.449886  0.439152  0.426481  0.410354  0.391672  0.373518  0.360124  0.355172  0.360123  0.373516  0.391668  0.410349  0.426476  0.439147  0.44988  0.462291  0.48128  0.511497  0.55495  0.60842  0.662375  0.703149  0.718405  
0.704314  0.690266  0.652785  0.603373  0.554702  0.515499  0.488532  0.47166  0.46024  0.449353  0.435301  0.416555  0.39431  0.372385  0.35607  0.350012  0.356068  0.372382  0.394306  0.41655  0.435295  0.449347  0.460233  0.471654  0.488526  0.515492  0.554694  0.603363  0.652774  0.690254  0.704301  
0.691877  0.679159  0.645247  0.600603  0.556734  0.521524  0.49739  0.482197  0.47141  0.460106  0.444456  0.422851  0.396741  0.370709  0.351199  0.343931  0.351197  0.370706  0.396736  0.422846  0.44445  0.460099  0.471403  0.482191  0.497383  0.521517  0.556725  0.600593  0.645236  0.679147  0.691864  
0.680968  0.669639  0.639419  0.599605  0.560445  0.528976  0.507333  0.493481  0.483046  0.471107  0.453667  0.428988  0.398747  0.368323  0.345389  0.336821  0.345387  0.368319  0.398742  0.428983  0.453661  0.4711  0.483039  0.493474  0.507326  0.528968  0.560437  0.599595  0.639408  0.669627  0.680956  
0.671453  0.66152  0.634992  0.59995  0.565347  0.537382  0.517954  0.505172  0.49485  0.482069  0.462641  0.434676  0.400073  0.365031  0.338502  0.328569  0.3385  0.365027  0.400068  0.43467  0.462634  0.482061  0.494843  0.505165  0.517946  0.537374  0.565338  0.59994  0.634981  0.661509  0.67144  
0.663201  0.654633  0.6317  0.601276  0.571035  0.546356  0.528916  0.516977  0.506542  0.49269  0.471047  0.439578  0.400418  0.360604  0.330383  0.319053  0.330381  0.3606  0.400413  0.439571  0.471039  0.492682  0.506534  0.516969  0.528908  0.546347  0.571025  0.601266  0.631689  0.654621  0.663189  
0.656091  0.648823  0.629314  0.603282  0.577171  0.555567  0.539917  0.528613  0.517825  0.502632  0.478499  0.443289  0.39942  0.354776  0.320864  0.308145  0.320862  0.354772  0.399415  0.443283  0.478491  0.502625  0.517817  0.528605  0.539909  0.555558  0.577162  0.603272  0.629303  0.648811  0.656079  
0.650009  0.643952  0.627638  0.605713  0.583468  0.564722  0.55067  0.539783  0.528363  0.51149  0.484524  0.445321  0.39665  0.347238  0.309757  0.295708  0.309754  0.347234  0.396645  0.445314  0.484516  0.511482  0.528354  0.539774  0.550661  0.564713  0.583458  0.605702  0.627627  0.643941  0.649997  
0.644849  0.639897  0.626504  0.60835  0.589669  0.573541  0.56087  0.550137  0.537725  0.518736  0.488518  0.445065  0.391594  0.337637  0.296861  0.281604  0.296859  0.337633  0.391588  0.445058  0.488511  0.518728  0.537717  0.550128  0.560861  0.573532  0.589659  0.60834  0.626493  0.639886  0.644838  
0.640511  0.636545  0.625765  0.611004  0.595535  0.581731  0.570152  0.559208  0.545317  0.523645  0.489686  0.441759  0.383639  0.325576  0.281965  0.265694  0.281963  0.325572  0.383633  0.441753  0.489679  0.523637  0.545309  0.559199  0.570143  0.581721  0.595525  0.610993  0.625755  0.636533  0.640499  
0.636889  0.63378  0.625279  0.613478  0.600795  0.588912  0.577991  0.566289  0.550241  0.52518  0.486958  0.43445  0.372068  0.310616  0.264855  0.247851  0.264853  0.310612  0.372062  0.434443  0.48695  0.525171  0.550232  0.56628  0.577982  0.588902  0.600784  0.613468  0.625268  0.633769  0.636878  
0.633827  0.631433  0.624831  0.615474  0.605005  0.594434  0.583477  0.570194  0.551082  0.521822  0.478898  0.421957  0.35606  0.292296  0.245327  0.227963  0.245325  0.292293  0.356055  0.42195  0.47889  0.521813  0.551073  0.570185  0.583467  0.594424  0.604995  0.615464  0.62482  0.631423  0.633816  
0.630866  0.629019  0.623843  0.616239  0.607148  0.596932  0.584862  0.568845  0.545591  0.511387  0.463626  0.402873  0.334723  0.270159  0.223206  0.205952  0.223204  0.270155  0.334718  0.402867  0.463618  0.511378  0.545582  0.568836  0.584852  0.596922  0.607137  0.616229  0.623832  0.629008  0.630856  
0.626394  0.624866  0.620469  0.61363  0.604678  0.593418  0.578779  0.558691  0.530328  0.490871  0.438815  0.375628  0.307161  0.2438  0.198371  0.181786  0.198369  0.243797  0.307156  0.375622  0.438807  0.490863  0.530319  0.558681  0.578769  0.593408  0.604668  0.61362  0.620458  0.624855  0.626383  
0.61555  0.614045  0.609579  0.602222  0.591855  0.577929  0.559286  0.534163  0.500486  0.456517  0.401859  0.33866  0.272598  0.212937  0.170786  0.155503  0.170784  0.212934  0.272594  0.338654  0.401853  0.456509  0.500477  0.534154  0.559276  0.577919  0.591845  0.602211  0.609569  0.614034  0.615539  
0.587184  0.585414  0.58008  0.571065  0.558072  0.540514  0.517474  0.487786  0.450293  0.404315  0.350324  0.290732  0.230566  0.177498  0.140535  0.127221  0.140533  0.177495  0.230562  0.290727  0.350319  0.404308  0.450285  0.487778  0.517466  0.540505  0.558062  0.571055  0.58007  0.585404  0.587174  
0.522887  0.520785  0.514448  0.503771  0.488546  0.468441  0.443016  0.411802  0.374479  0.331145  0.282709  0.231378  0.181117  0.137707  0.107851  0.0971602  0.10785  0.137705  0.181114  0.231374  0.282704  0.331139  0.374473  0.411795  0.443008  0.468433  0.488538  0.503762  0.514439  0.520776  0.522878  
0.403277  0.401204  0.394989  0.384631  0.370125  0.351459  0.32863  0.301685  0.270797  0.236399  0.19938  0.161366  0.125027  0.0941559  0.0731355  0.0656435  0.0731349  0.0941545  0.125025  0.161363  0.199376  0.236395  0.270793  0.30168  0.328625  0.351453  0.370118  0.384624  0.394982  0.401197  0.40327  
0.222379  0.221046  0.217065  0.210489  0.2014  0.18991  0.176159  0.160325  0.142644  0.123458  0.103292  0.0829937  0.0638842  0.0478207  0.0369531  0.0330911  0.0369527  0.04782  0.0638831  0.0829923  0.10329  0.123455  0.142642  0.160322  0.176156  0.189906  0.201396  0.210485  0.217061  0.221042  0.222375  
0  0  0  0  0  0  0  0  0  0  0  0  0  0  0  0  0  0  0  0  0  0  0  0  0  0  0  0  0  0  0  
