1  1  1  1  1  1  1  1  1  1  1  1  1  1  1  1  1  1  1  1  1  1  1  1  1  1  1  1  1  1  1  
0.966915  0.963053  0.952186  0.936123  0.917013  0.896715  0.876548  0.857361  0.839679  0.823844  0.810092  0.798601  0.789511  0.782934  0.778953  0.77762  0.778953  0.782934  0.789511  0.7986  0.810091  0.823843  0.839678  0.85736  0.876547  0.896714  0.917012  0.936122  0.952185  0.963052  0.966913  
0.934368  0.926877  0.905857  0.874986  0.838648  0.800633  0.763612  0.729211  0.698321  0.671373  0.648542  0.629874  0.615366  0.605007  0.59879  0.596718  0.59879  0.605006  0.615366  0.629873  0.648541  0.671372  0.69832  0.72921  0.76361  0.800631  0.838645  0.874984  0.905854  0.926874  0.934365  
0.902858  0.892168  0.862313  0.818903  0.768642  0.717309  0.66887  0.625532  0.588204  0.556986  0.531557  0.511448  0.496221  0.485542  0.479203  0.477101  0.479203  0.485541  0.49622  0.511447  0.531555  0.556985  0.588202  0.625529  0.668867  0.717306  0.768638  0.818898  0.862309  0.892163  0.902853  
0.872804  0.85949  0.822528  0.769461  0.709293  0.649697  0.595702  0.549718  0.512218  0.482524  0.459479  0.441917  0.42892  0.419903  0.414567  0.412796  0.414566  0.419902  0.428919  0.441915  0.459477  0.482522  0.512215  0.549715  0.595697  0.649692  0.709287  0.769455  0.82252  0.859484  0.872796  
0.844528  0.829246  0.787095  0.727434  0.66137  0.598165  0.543501  0.499525  0.465839  0.440709  0.42206  0.408129  0.397758  0.390398  0.385931  0.384425  0.38593  0.390397  0.397757  0.408127  0.422057  0.440706  0.465836  0.49952  0.543496  0.598159  0.661363  0.727424  0.787088  0.829235  0.844518  
0.818252  0.801667  0.756238  0.692876  0.624405  0.561212  0.509147  0.469681  0.441309  0.421214  0.406568  0.395302  0.386346  0.379505  0.375106  0.373577  0.375105  0.379504  0.386344  0.395299  0.406565  0.42121  0.441305  0.469676  0.509141  0.561205  0.624397  0.692866  0.756224  0.801657  0.818238  
0.794092  0.776837  0.729884  0.665318  0.597162  0.536402  0.488631  0.454417  0.431153  0.415129  0.403052  0.392831  0.383736  0.376129  0.370951  0.369103  0.370951  0.376128  0.383733  0.392828  0.403048  0.415125  0.431149  0.454412  0.488625  0.536395  0.597153  0.665307  0.729872  0.77682  0.794076  
0.772087  0.754722  0.707751  0.643984  0.57808  0.52113  0.478196  0.448925  0.429804  0.416513  0.40555  0.394974  0.384501  0.375142  0.368537  0.366143  0.368536  0.37514  0.384498  0.394971  0.405546  0.416509  0.429799  0.44892  0.47819  0.521123  0.578071  0.643973  0.707738  0.754707  0.772067  
0.7522  0.735197  0.689434  0.627978  0.565588  0.513071  0.474839  0.449767  0.433709  0.422  0.411073  0.399186  0.386498  0.374695  0.366191  0.363082  0.36619  0.374692  0.386495  0.399182  0.411069  0.421995  0.433704  0.449761  0.474833  0.513064  0.56558  0.627968  0.689421  0.735182  0.752185  
0.734359  0.718088  0.674475  0.616408  0.55828  0.510344  0.476374  0.454692  0.440793  0.429841  0.418256  0.404447  0.388974  0.37421  0.363429  0.359462  0.363427  0.374207  0.388971  0.404443  0.418251  0.429836  0.440787  0.454687  0.476368  0.510337  0.558272  0.616398  0.674463  0.718075  0.734344  
0.718451  0.703194  0.662416  0.608455  0.554976  0.511514  0.481286  0.462287  0.449867  0.439126  0.426448  0.410316  0.39163  0.373473  0.360078  0.355125  0.360076  0.373471  0.391626  0.410311  0.426443  0.43912  0.449861  0.462281  0.48128  0.511506  0.554968  0.608445  0.662404  0.703181  0.718437  
0.704349  0.6903  0.652817  0.6034  0.554722  0.515511  0.488535  0.471653  0.460224  0.449329  0.435271  0.416519  0.39427  0.372342  0.356025  0.349967  0.356023  0.372339  0.394266  0.416514  0.435265  0.449323  0.460218  0.471646  0.488528  0.515503  0.554714  0.60339  0.652805  0.690287  0.704336  
0.691914  0.679195  0.645281  0.600632  0.556756  0.521538  0.497396  0.482194  0.471398  0.460086  0.444429  0.422819  0.396703  0.370668  0.351156  0.343887  0.351154  0.370665  0.396698  0.422813  0.444423  0.460079  0.471391  0.482187  0.497389  0.521531  0.556747  0.600622  0.64527  0.679182  0.691901  
0.681007  0.669677  0.639454  0.599636  0.56047  0.528994  0.507342  0.493481  0.483038  0.471091  0.453644  0.428959  0.398712  0.368284  0.345348  0.336779  0.345346  0.368281  0.398707  0.428953  0.453638  0.471084  0.483031  0.493474  0.507335  0.528986  0.560461  0.599626  0.639443  0.669665  0.680994  
0.671493  0.66156  0.635029  0.599983  0.565374  0.537403  0.517967  0.505177  0.494847  0.482057  0.462621  0.434649  0.400041  0.364994  0.338463  0.328529  0.338461  0.36499  0.400036  0.434643  0.462614  0.48205  0.494839  0.505169  0.517959  0.537395  0.565365  0.599973  0.635018  0.661548  0.671481  
0.663243  0.654675  0.631739  0.601312  0.571065  0.54638  0.528932  0.516986  0.506542  0.492681  0.47103  0.439554  0.400388  0.360569  0.330346  0.319015  0.330344  0.360565  0.400382  0.439547  0.471023  0.492674  0.506534  0.516978  0.528924  0.546371  0.571056  0.601302  0.631728  0.654663  0.663231  
0.656135  0.648867  0.629355  0.60332  0.577205  0.555595  0.539938  0.528626  0.51783  0.502628  0.478485  0.443268  0.399392  0.354743  0.320829  0.308109  0.320826  0.354739  0.399387  0.443261  0.478478  0.50262  0.517822  0.528618  0.539929  0.555586  0.577195  0.60331  0.629344  0.648855  0.656123  
0.650055  0.643998  0.627681  0.605753  0.583504  0.564753  0.550694  0.5398  0.528371  0.511489  0.484513  0.445302  0.396624  0.347207  0.309723  0.295674  0.309721  0.347203  0.396619  0.445295  0.484506  0.511481  0.528362  0.539791  0.550685  0.564744  0.583495  0.605743  0.627671  0.643987  0.650043  
0.644897  0.639945  0.626549  0.608393  0.589708  0.573575  0.560898  0.550157  0.537737  0.518738  0.48851  0.445048  0.391569  0.337608  0.296829  0.281572  0.296827  0.337604  0.391564  0.445041  0.488502  0.518729  0.537728  0.550148  0.560889  0.573566  0.589698  0.608383  0.626539  0.639933  0.644885  
0.64056  0.636594  0.625813  0.611049  0.595576  0.581767  0.570183  0.559231  0.545331  0.523649  0.48968  0.441744  0.383616  0.325549  0.281936  0.265665  0.281933  0.325545  0.383611  0.441737  0.489672  0.523641  0.545322  0.559222  0.570173  0.581758  0.595566  0.611038  0.625802  0.636582  0.640549  
0.63694  0.633831  0.625328  0.613525  0.600838  0.58895  0.578023  0.566314  0.550257  0.525185  0.486953  0.434436  0.372047  0.310591  0.264828  0.247824  0.264826  0.310587  0.372041  0.434429  0.486945  0.525176  0.550248  0.566304  0.578014  0.58894  0.600827  0.613515  0.625317  0.63382  0.636929  
0.633878  0.631485  0.624881  0.615522  0.605049  0.594473  0.58351  0.570219  0.551098  0.521827  0.478893  0.421944  0.35604  0.292273  0.245302  0.227938  0.2453  0.292269  0.356035  0.421937  0.478885  0.521819  0.551089  0.57021  0.5835  0.594463  0.605039  0.615511  0.62487  0.631474  0.633867  
0.630918  0.629071  0.623893  0.616287  0.607192  0.596971  0.584894  0.56887  0.545606  0.511392  0.463621  0.402861  0.334705  0.270138  0.223184  0.205929  0.223182  0.270134  0.3347  0.402854  0.463613  0.511383  0.545597  0.56886  0.584884  0.596961  0.607181  0.616276  0.623882  0.62906  0.630907  
0.626444  0.624916  0.620517  0.613676  0.60472  0.593454  0.578809  0.558713  0.530342  0.490875  0.43881  0.375616  0.307144  0.243781  0.198351  0.181766  0.198349  0.243778  0.307139  0.37561  0.438803  0.490867  0.530333  0.558703  0.578799  0.593444  0.60471  0.613665  0.620506  0.624905  0.626433  
0.615596  0.614091  0.609624  0.602263  0.591892  0.577962  0.559312  0.534182  0.500496  0.456519  0.401854  0.338649  0.272583  0.212921  0.170769  0.155485  0.170767  0.212918  0.272579  0.338643  0.401848  0.456511  0.500488  0.534173  0.559303  0.577952  0.591882  0.602253  0.609613  0.61408  0.615586  
0.587224  0.585454  0.580117  0.5711  0.558103  0.540541  0.517495  0.487801  0.4503  0.404316  0.350319  0.290722  0.230553  0.177484  0.140521  0.127207  0.140519  0.177482  0.23055  0.290717  0.350313  0.404309  0.450292  0.487792  0.517486  0.540531  0.558094  0.57109  0.580107  0.585443  0.587214  
0.522917  0.520815  0.514477  0.503797  0.488569  0.46846  0.44303  0.411812  0.374483  0.331144  0.282704  0.23137  0.181107  0.137696  0.10784  0.0971496  0.107839  0.137694  0.181104  0.231366  0.282699  0.331138  0.374477  0.411805  0.443023  0.468452  0.488561  0.503789  0.514468  0.520806  0.522908  
0.403296  0.401224  0.395007  0.384647  0.370139  0.351471  0.328639  0.30169  0.270799  0.236398  0.199376  0.16136  0.12502  0.0941485  0.0731283  0.0656363  0.0731276  0.0941472  0.125018  0.161357  0.199372  0.236394  0.270795  0.301685  0.328634  0.351465  0.370133  0.384641  0.395  0.401217  0.403289  
0.222388  0.221055  0.217074  0.210496  0.201406  0.189915  0.176163  0.160327  0.142645  0.123457  0.10329  0.0829905  0.0638806  0.047817  0.0369494  0.0330875  0.0369491  0.0478163  0.0638795  0.0829891  0.103288  0.123455  0.142642  0.160324  0.17616  0.189912  0.201403  0.210493  0.21707  0.221051  0.222384  
0  0  0  0  0  0  0  0  0  0  0  0  0  0  0  0  0  0  0  0  0  0  0  0  0  0  0  0  0  0  0  
