1  1  1  1  1  1  1  1  1  1  1  1  1  1  1  1  1  1  1  1  1  1  1  1  1  1  1  1  1  1  1  
0.966915  0.963053  0.952186  0.936123  0.917013  0.896714  0.876548  0.85736  0.839679  0.823843  0.810091  0.7986  0.78951  0.782933  0.778952  0.777619  0.778952  0.782933  0.78951  0.7986  0.810091  0.823843  0.839678  0.85736  0.876547  0.896713  0.917012  0.936121  0.952185  0.963052  0.966913  
0.934368  0.926877  0.905857  0.874986  0.838648  0.800633  0.763611  0.729211  0.69832  0.671372  0.648541  0.629873  0.615365  0.605006  0.598789  0.596716  0.598789  0.605005  0.615365  0.629872  0.64854  0.671371  0.698319  0.729209  0.763609  0.800631  0.838645  0.874984  0.905854  0.926874  0.934365  
0.902858  0.892168  0.862313  0.818903  0.768641  0.717309  0.668869  0.625531  0.588203  0.556985  0.531555  0.511447  0.496219  0.48554  0.479202  0.477099  0.479201  0.485539  0.496218  0.511446  0.531554  0.556983  0.588201  0.625528  0.668866  0.717305  0.768638  0.818898  0.862309  0.892163  0.902853  
0.872804  0.85949  0.822528  0.76946  0.709292  0.649697  0.595701  0.549717  0.512217  0.482523  0.459478  0.441915  0.428919  0.419902  0.414565  0.412795  0.414565  0.419901  0.428917  0.441914  0.459476  0.48252  0.512214  0.549714  0.595696  0.649692  0.709286  0.769455  0.82252  0.859484  0.872796  
0.844529  0.829246  0.787095  0.727434  0.661369  0.598164  0.5435  0.499523  0.465838  0.440708  0.422058  0.408128  0.397757  0.390396  0.385929  0.384423  0.385928  0.390395  0.397755  0.408125  0.422056  0.440705  0.465834  0.499519  0.543495  0.598158  0.661362  0.727424  0.787088  0.829235  0.844518  
0.818252  0.801667  0.756238  0.692876  0.624405  0.561211  0.509146  0.469679  0.441308  0.421212  0.406566  0.395301  0.386345  0.379503  0.375104  0.373576  0.375104  0.379502  0.386343  0.395298  0.406563  0.421208  0.441304  0.469675  0.50914  0.561204  0.624396  0.692866  0.756224  0.801657  0.818238  
0.794092  0.776837  0.729884  0.665317  0.597162  0.536401  0.48863  0.454416  0.431152  0.415127  0.40305  0.39283  0.383734  0.376128  0.37095  0.369102  0.370949  0.376126  0.383732  0.392827  0.403047  0.415123  0.431148  0.454411  0.488624  0.536394  0.597153  0.665307  0.729872  0.77682  0.794076  
0.772087  0.754722  0.707751  0.643983  0.57808  0.52113  0.478195  0.448924  0.429803  0.416512  0.405548  0.394973  0.3845  0.375141  0.368536  0.366142  0.368535  0.375139  0.384497  0.394969  0.405544  0.416508  0.429798  0.448919  0.478189  0.521122  0.578071  0.643972  0.707738  0.754707  0.772067  
0.7522  0.735197  0.689434  0.627978  0.565588  0.51307  0.474838  0.449766  0.433708  0.421999  0.411072  0.399185  0.386497  0.374693  0.36619  0.363081  0.366189  0.374691  0.386494  0.399181  0.411068  0.421994  0.433703  0.44976  0.474832  0.513063  0.565579  0.627967  0.689421  0.735182  0.752185  
0.734359  0.718089  0.674475  0.616408  0.55828  0.510343  0.476374  0.454691  0.440792  0.42984  0.418255  0.404446  0.388974  0.374209  0.363428  0.359461  0.363427  0.374206  0.38897  0.404442  0.41825  0.429835  0.440786  0.454686  0.476367  0.510336  0.558271  0.616397  0.674463  0.718075  0.734344  
0.718452  0.703195  0.662416  0.608454  0.554976  0.511513  0.481285  0.462286  0.449866  0.439125  0.426448  0.410315  0.391629  0.373473  0.360077  0.355124  0.360076  0.37347  0.391626  0.41031  0.426442  0.43912  0.44986  0.46228  0.481279  0.511506  0.554968  0.608444  0.662404  0.703181  0.718438  
0.704349  0.690301  0.652817  0.6034  0.554722  0.51551  0.488534  0.471652  0.460223  0.449329  0.43527  0.416519  0.39427  0.372341  0.356024  0.349966  0.356022  0.372338  0.394265  0.416514  0.435264  0.449323  0.460217  0.471646  0.488527  0.515503  0.554713  0.60339  0.652806  0.690288  0.704336  
0.691914  0.679195  0.645281  0.600632  0.556756  0.521538  0.497395  0.482194  0.471397  0.460086  0.444429  0.422818  0.396703  0.370667  0.351156  0.343886  0.351154  0.370664  0.396698  0.422813  0.444423  0.460079  0.471391  0.482187  0.497388  0.521531  0.556747  0.600622  0.64527  0.679183  0.691901  
0.681007  0.669677  0.639455  0.599636  0.56047  0.528993  0.507342  0.493481  0.483038  0.471091  0.453644  0.428958  0.398711  0.368284  0.345348  0.336779  0.345346  0.36828  0.398707  0.428953  0.453637  0.471084  0.483031  0.493474  0.507335  0.528986  0.560461  0.599626  0.639443  0.669665  0.680995  
0.671494  0.661561  0.63503  0.599983  0.565374  0.537403  0.517967  0.505177  0.494847  0.482057  0.462621  0.434649  0.400041  0.364994  0.338462  0.328529  0.338461  0.36499  0.400035  0.434643  0.462614  0.48205  0.494839  0.505169  0.517959  0.537395  0.565365  0.599973  0.635019  0.661549  0.671481  
0.663244  0.654675  0.63174  0.601312  0.571065  0.54638  0.528932  0.516986  0.506542  0.492682  0.47103  0.439554  0.400387  0.360569  0.330346  0.319015  0.330344  0.360565  0.400382  0.439547  0.471023  0.492674  0.506535  0.516978  0.528924  0.546371  0.571056  0.601302  0.631729  0.654663  0.663232  
0.656136  0.648867  0.629356  0.603321  0.577205  0.555595  0.539938  0.528626  0.51783  0.502628  0.478486  0.443268  0.399392  0.354743  0.320828  0.308109  0.320826  0.354739  0.399387  0.443261  0.478478  0.502621  0.517822  0.528618  0.53993  0.555586  0.577196  0.603311  0.629345  0.648856  0.656124  
0.650056  0.643999  0.627682  0.605754  0.583505  0.564753  0.550695  0.5398  0.528371  0.51149  0.484514  0.445302  0.396624  0.347207  0.309723  0.295674  0.309721  0.347203  0.396619  0.445295  0.484506  0.511482  0.528363  0.539792  0.550686  0.564744  0.583495  0.605744  0.627671  0.643987  0.650044  
0.644898  0.639946  0.62655  0.608394  0.589709  0.573576  0.560898  0.550158  0.537737  0.518738  0.488511  0.445048  0.39157  0.337608  0.296829  0.281571  0.296827  0.337604  0.391564  0.445041  0.488503  0.51873  0.537729  0.550149  0.560889  0.573567  0.589699  0.608384  0.626539  0.639934  0.644886  
0.640561  0.636595  0.625814  0.61105  0.595577  0.581768  0.570184  0.559232  0.545332  0.52365  0.489681  0.441744  0.383617  0.325549  0.281936  0.265664  0.281933  0.325545  0.383611  0.441737  0.489673  0.523641  0.545323  0.559223  0.570174  0.581759  0.595567  0.611039  0.625803  0.636583  0.64055  
0.636941  0.633832  0.625329  0.613526  0.600839  0.588951  0.578024  0.566315  0.550258  0.525186  0.486954  0.434436  0.372047  0.310591  0.264828  0.247824  0.264826  0.310587  0.372041  0.434429  0.486946  0.525177  0.550249  0.566306  0.578015  0.588941  0.600829  0.613516  0.625318  0.633821  0.63693  
0.63388  0.631486  0.624882  0.615523  0.60505  0.594475  0.583511  0.57022  0.551099  0.521829  0.478894  0.421944  0.356041  0.292273  0.245302  0.227938  0.2453  0.292269  0.356035  0.421938  0.478886  0.52182  0.55109  0.570211  0.583501  0.594465  0.60504  0.615512  0.624871  0.631475  0.633869  
0.63092  0.629072  0.623894  0.616288  0.607193  0.596973  0.584896  0.568871  0.545607  0.511393  0.463622  0.402861  0.334705  0.270138  0.223184  0.205929  0.223182  0.270134  0.3347  0.402855  0.463614  0.511384  0.545598  0.568861  0.584886  0.596962  0.607183  0.616278  0.623884  0.629061  0.630909  
0.626446  0.624917  0.620519  0.613678  0.604722  0.593456  0.57881  0.558714  0.530343  0.490876  0.438811  0.375617  0.307144  0.243781  0.198351  0.181766  0.198349  0.243778  0.30714  0.375611  0.438804  0.490868  0.530334  0.558705  0.578801  0.593446  0.604712  0.613667  0.620508  0.624907  0.626435  
0.615598  0.614093  0.609625  0.602265  0.591894  0.577963  0.559314  0.534183  0.500498  0.45652  0.401855  0.338649  0.272584  0.212921  0.170769  0.155485  0.170767  0.212918  0.272579  0.338644  0.401849  0.456512  0.500489  0.534174  0.559304  0.577953  0.591884  0.602255  0.609615  0.614082  0.615587  
0.587226  0.585455  0.580119  0.571102  0.558105  0.540542  0.517497  0.487802  0.450301  0.404317  0.35032  0.290723  0.230554  0.177484  0.140521  0.127207  0.140519  0.177482  0.23055  0.290718  0.350314  0.40431  0.450294  0.487794  0.517488  0.540533  0.558095  0.571092  0.580109  0.585445  0.587216  
0.522919  0.520816  0.514478  0.503799  0.488571  0.468462  0.443032  0.411813  0.374484  0.331145  0.282704  0.23137  0.181108  0.137696  0.10784  0.0971496  0.107839  0.137694  0.181105  0.231366  0.282699  0.331139  0.374478  0.411806  0.443024  0.468454  0.488562  0.50379  0.514469  0.520807  0.52291  
0.403297  0.401225  0.395008  0.384648  0.37014  0.351472  0.32864  0.301691  0.2708  0.236399  0.199376  0.16136  0.12502  0.0941486  0.0731283  0.0656363  0.0731277  0.0941473  0.125018  0.161358  0.199373  0.236395  0.270795  0.301686  0.328635  0.351466  0.370134  0.384642  0.395001  0.401218  0.403291  
0.222389  0.221056  0.217074  0.210497  0.201407  0.189916  0.176163  0.160327  0.142645  0.123457  0.10329  0.0829907  0.0638807  0.047817  0.0369494  0.0330875  0.0369491  0.0478163  0.0638796  0.0829893  0.103288  0.123455  0.142643  0.160325  0.17616  0.189912  0.201404  0.210493  0.217071  0.221052  0.222385  
0  0  0  0  0  0  0  0  0  0  0  0  0  0  0  0  0  0  0  0  0  0  0  0  0  0  0  0  0  0  0  
