1  1  1  1  1  1  1  1  1  1  1  
4.44447  10.2161  13.2532  15.5553  18.9625  22.2161  24.5425  25.1339  19.0313  10.5563  4.0915  
3.94158  7.51406  8.28247  11.8092  15.7623  19.1014  22.9032  21.2823  15.7128  9.89538  4.48985  
3.67453  6.49459  8.3037  12.3505  16.1887  18.4009  25.1383  23.5543  16.1559  9.12163  4.27978  
4.71438  6.62933  8.32966  13.4609  22.19  31.4412  47.7747  30.2359  17.7088  9.78988  5.10558  
6.26124  8.15228  8.12098  9.71238  25.9524  49.4243  55.458  22.2945  17.0838  13.233  8.57041  
4.6799  8.61843  13.0902  18.5911  23.3249  33.5439  39.9515  31.1091  28.4397  18.1997  8.76624  
4.2665  8.02627  12.1239  18.6668  23.1158  29.8234  38.2752  33.7793  26.8785  17.0956  8.53844  
4.49173  6.87432  12.2252  20.1996  26.264  36.7336  53.9176  38.1549  29.4581  17.6467  8.05819  
3.4654  3.68543  14.1522  24.8005  24.6941  27.9635  45.2588  34.1979  37.959  23.634  4.63776  
0  0  0  0  0  0  0  0  0  0  0  
